100
6 45
16 19
19 22
8 36
4 39
27 47
20 47
13 8
28 73
6 78
1 2
5 5
8 21
18 66
22 22
17 86
3 11
12 51
3 4
16 13
8 36
26 41
23 36
24 70
12 40
14 12
16 68
21 97
12 9
29 75
20 59
5 85
12 63
2 77
27 99
29 49
5 36
24 45
23 55
15 94
9 29
2 21
18 70
9 85
7 76
25 32
20 46
21 79
16 93
17 56
16 12
27 30
8 37
11 1
0 85
26 95
18 86
3 47
10 88
16 18
9 54
29 84
30 1
23 6
22 18
8 51
12 25
29 58
14 87
28 35
4 19
6 47
25 96
4 29
16 57
9 99
25 1
8 90
15 51
6 28
19 68
18 50
20 87
22 40
11 32
4 52
20 93
7 95
0 23
30 38
18 75
24 34
8 53
8 11
22 44
1 74
15 63
26 7
28 74
7 95
0 36
13 60
13 83
22 18
12 53
24 36
29 71
14 92
0 2
8 94
2 87
12 2
7 35
4 15
21 34
9 93
5 44
7 53
3 18
27 75
10 58
23 87
30 99
24 76
26 52
15 15
21 59
3 16
28 62
19 1
23 65
0 99
15 19
13 78
21 14
13 2
28 37
25 24
19 72
10 76
9 28
7 88
20 12
29 29
17 66
10 36
10 38
2 38
3 8
6 81
27 54
1 53
12 86
13 45
22 81
18 21
15 98
22 55
8 14
17 16
19 16
26 50
16 12
29 94
21 36
26 55
19 44
28 89
25 95
23 60
16 34
1 98
18 59
20 64
28 32
6 95
21 98
17 66
24 28
5 4
27 82
22 31
24 7
2 79
29 10
10 59
13 29
23 3
17 85
17 65
6 77
12 45
29 64
5 49
26 79
2 12
10 84
13 56
27 38
12 47
9 91
29 30
14 15
27 55
7 25
12 18
10 74
14 99
29 19
28 33
14 51
26 77
14 15
3 14
18 12
22 2
19 81
0 16
27 70
30 73
12 63
27 48
24 14
26 81
17 43
6 64
19 80
2 4
19 5
13 66
3 3
7 74
10 55
28 55
2 79
0 61
20 14
13 42
28 65
16 85
4 45
24 18
27 92
8 14
6 31
6 57
21 69
20 18
29 27
5 1
9 87
28 15
5 100
2 98
24 59
29 10
26 76
13 27
27 31
11 33
27 47
29 97
29 21
26 22
10 60
8 24
21 77
20 92
26 28
18 32
17 1
28 42
29 39
11 94
18 74
21 38
3 80
10 83
21 59
24 50
15 35
26 53
14 6
12 30
1 52
13 27
13 78
22 88
19 63
15 5
14 6
30 68
6 28
9 32
6 62
19 19
27 70
18 75
28 86
6 89
25 15
6 67
27 17
11 75
16 58
15 54
7 20
9 78
7 77
10 76
17 46
14 31
23 44
22 39
25 40
26 51
9 74
4 13
15 23
0 89
2 33
9 6
11 29
7 61
6 36
0 22
21 10
19 16
2 56
27 20
11 70
12 4
20 21
10 17
17 100
20 93
12 8
6 58
15 5
20 49
6 45
19 57
0 91
18 70
30 100
16 52
22 83
11 24
21 10
13 18
4 37
24 13
23 81
8 92
16 90
10 43
22 2
6 11
28 93
6 76
30 62
6 11
1 26
28 98
20 28
12 99
22 71
19 39
3 16
25 100
25 77
27 54
29 79
11 8
9 54
10 5
17 9
24 8
14 18
11 88
30 2
9 68
9 93
25 85
14 88
27 31
19 50
19 11
2 39
25 8
0 92
28 95
19 8
0 47
26 68
8 52
12 29
17 46
4 82
21 78
