100
26 23
17 25
12 60
29 85
27 26
28 14
2 64
25 53
0 64
23 20
18 84
14 20
8 97
16 28
2 61
0 25
1 15
30 36
25 21
10 77
2 90
24 86
9 5
22 86
28 64
10 62
25 97
0 14
8 74
29 57
16 3
12 31
24 50
9 82
8 59
29 91
29 93
28 43
30 93
3 17
5 80
27 33
26 91
9 59
12 48
20 89
19 100
25 18
22 27
8 36
21 57
19 68
15 1
9 79
21 80
2 99
7 76
30 60
0 78
19 62
19 37
18 39
0 9
15 60
4 53
23 62
1 37
15 97
25 26
16 3
17 12
23 39
14 97
3 83
7 42
11 45
0 88
0 48
2 96
13 38
0 84
23 94
18 11
8 33
6 27
24 48
22 20
12 44
15 23
22 33
13 98
21 43
4 2
9 8
21 36
17 62
8 12
6 34
5 85
4 99
10 100
27 68
12 93
13 57
17 82
25 46
27 99
8 43
7 73
15 78
20 10
0 40
5 2
7 82
9 40
13 58
14 65
25 66
9 47
14 92
29 52
27 93
8 1
2 9
19 32
26 14
8 85
5 49
20 92
2 72
5 23
7 99
22 16
15 46
18 67
13 80
16 11
17 47
30 40
9 10
17 99
19 3
9 65
30 80
17 86
25 98
9 88
15 58
17 99
3 99
22 71
24 74
24 86
26 63
22 24
18 64
16 92
23 95
27 38
3 66
28 70
22 16
13 79
3 35
20 80
15 17
16 37
18 68
13 50
26 87
27 85
0 62
30 43
20 60
27 63
25 21
11 22
6 89
14 19
7 64
29 81
4 5
4 76
6 69
22 63
0 74
14 4
5 25
24 42
25 75
7 85
10 47
7 49
22 45
7 77
13 61
27 61
15 74
25 66
1 46
23 20
3 63
14 15
12 33
29 66
12 61
26 43
13 38
3 45
19 6
9 68
16 9
3 41
23 81
15 39
7 29
27 11
7 42
30 59
21 69
23 99
5 57
16 49
25 45
15 98
20 3
19 46
29 69
8 33
27 40
24 92
26 60
29 55
30 100
7 84
23 53
28 89
26 10
4 52
0 82
0 87
21 60
16 57
18 11
1 87
3 9
29 71
7 8
7 52
1 54
11 67
15 42
14 33
10 19
24 33
25 45
30 94
28 37
15 90
16 47
28 65
16 15
7 89
22 51
12 58
13 13
10 98
25 6
4 82
0 21
13 30
26 17
14 100
6 61
21 53
28 36
1 16
22 66
22 5
11 47
15 54
27 19
16 13
21 67
14 16
15 59
30 91
8 69
25 50
10 2
1 56
13 1
16 13
30 45
25 69
8 66
11 76
27 71
14 18
16 2
24 60
25 96
11 84
11 6
15 57
8 3
5 83
9 50
30 51
27 52
20 68
5 4
1 95
20 57
15 86
21 68
28 86
4 25
28 41
16 17
4 44
12 19
8 22
1 2
21 24
12 7
13 94
8 1
8 66
18 5
6 17
7 76
11 46
23 27
12 47
6 22
28 11
0 22
22 40
9 43
25 36
0 75
23 61
25 34
9 89
15 10
3 39
11 63
8 14
13 92
21 53
26 22
11 21
2 38
22 46
21 32
30 22
29 76
20 58
26 82
19 38
12 21
11 82
11 22
14 45
14 94
0 39
26 74
18 1
26 79
4 51
9 58
7 67
22 41
5 95
11 80
19 61
25 40
9 100
0 78
21 67
10 96
21 82
2 94
14 54
8 11
28 21
4 41
18 4
14 82
27 12
19 92
21 11
28 3
10 77
4 28
24 16
25 96
7 15
11 20
