100
4 59
1 58
19 38
24 77
13 31
13 55
30 14
9 89
25 24
7 21
0 22
10 34
28 12
11 21
30 4
16 65
7 88
25 69
20 80
29 93
12 15
3 70
3 50
8 46
7 49
17 100
9 51
5 96
17 70
23 3
6 100
5 25
1 12
30 14
24 4
21 62
4 19
29 89
14 96
14 37
15 86
25 30
16 27
5 74
6 96
2 80
2 94
7 77
24 25
26 5
28 32
28 36
16 39
7 20
30 21
7 29
30 81
9 90
15 22
21 30
17 29
4 73
18 10
2 20
30 70
13 20
3 10
23 41
20 78
29 47
12 99
3 50
30 79
23 17
9 93
10 30
3 23
27 96
7 97
21 7
0 54
29 91
25 56
7 35
3 73
7 80
28 27
5 64
12 83
8 56
9 47
18 47
11 13
18 71
27 72
3 91
0 78
26 23
5 89
13 84
11 49
9 96
2 69
15 19
30 52
28 2
16 30
15 19
29 94
24 85
5 89
7 72
30 22
25 18
14 39
24 14
29 61
2 3
9 3
2 18
16 45
4 40
22 49
18 63
25 70
0 85
1 32
22 8
3 42
21 91
9 57
23 92
10 84
4 5
6 52
4 13
13 83
10 95
12 12
23 56
30 43
16 14
7 72
19 91
0 77
3 10
14 61
13 41
1 63
12 61
8 43
8 22
0 86
25 64
23 85
17 98
25 84
29 77
29 83
7 97
7 30
19 60
30 52
2 99
5 87
4 18
21 18
30 18
30 30
7 99
4 58
27 61
28 34
23 7
3 75
19 92
0 31
13 84
8 19
29 56
25 65
14 55
2 40
29 25
18 11
12 94
1 31
21 78
12 42
22 13
1 53
18 89
27 8
13 23
8 35
8 41
28 52
16 26
7 29
14 58
19 15
26 79
13 97
8 68
11 68
24 36
16 67
10 69
20 69
14 93
6 64
18 75
6 19
8 96
20 47
24 91
13 36
16 18
6 17
24 29
18 80
4 33
24 87
8 83
21 96
7 85
3 32
6 5
26 50
12 36
12 22
18 50
14 30
29 92
7 95
23 31
20 35
5 80
22 5
27 21
22 51
17 75
10 41
8 86
30 71
4 48
5 97
24 1
10 53
30 18
17 74
17 5
10 83
9 55
2 83
19 19
6 92
5 67
15 26
29 9
20 15
26 92
4 90
17 94
23 82
20 68
18 50
14 6
17 53
10 63
27 67
22 87
22 99
15 29
6 12
1 25
5 53
14 76
6 50
12 23
30 20
10 58
27 45
16 38
26 53
23 61
29 28
28 71
30 80
21 50
27 6
12 85
1 86
8 49
0 64
30 38
3 64
30 34
7 18
25 21
16 65
8 36
5 2
4 97
16 52
10 50
18 33
11 21
1 100
9 87
20 11
3 52
15 87
8 44
4 53
5 75
0 11
23 76
13 73
28 35
15 6
7 52
12 58
15 77
28 96
20 28
16 57
3 1
10 97
7 27
25 100
0 29
1 36
26 75
3 26
5 15
21 75
11 70
13 92
30 83
8 98
15 64
12 75
16 25
21 76
18 33
20 14
2 20
8 35
28 35
16 74
26 80
28 82
24 99
15 12
14 4
11 54
8 91
13 94
27 55
11 49
13 66
19 48
18 86
29 77
17 22
13 15
20 32
0 1
4 61
9 98
0 40
24 75
4 60
12 26
15 47
25 63
7 26
21 34
24 87
30 17
28 40
0 15
1 66
20 9
0 43
8 99
20 12
5 11
22 86
23 26
9 33
22 66
5 44
24 22
6 45
14 44
15 52
18 55
13 27
