100
8 67
27 39
4 87
26 84
26 77
5 3
0 91
3 43
24 62
10 60
18 100
14 2
4 72
3 46
18 77
7 4
0 73
7 94
22 42
19 12
5 67
24 41
24 88
12 71
25 53
19 87
27 8
17 64
1 19
10 44
26 60
26 40
8 26
27 71
9 29
28 83
14 14
3 77
5 16
28 73
28 81
8 10
10 26
7 20
25 46
20 8
1 84
4 58
26 21
0 17
16 36
7 90
16 46
0 34
26 60
19 87
12 45
5 13
14 91
12 26
22 39
14 36
17 100
6 13
7 15
9 42
20 42
29 28
17 53
4 17
22 89
14 100
5 24
10 91
26 97
9 45
25 71
28 68
8 7
13 43
12 55
12 77
27 69
18 12
9 71
11 52
23 4
28 35
11 63
10 50
2 87
8 7
24 52
9 49
2 8
1 58
8 44
29 51
20 49
5 21
24 96
7 48
30 61
25 55
16 44
11 19
18 14
0 44
13 85
1 4
22 11
8 83
21 45
25 63
1 77
8 48
15 29
18 95
17 57
23 29
21 20
26 87
7 85
26 57
18 6
3 6
22 36
5 86
3 30
29 24
24 9
30 2
12 5
18 100
8 40
19 61
8 57
10 21
23 100
6 64
4 86
10 81
14 100
20 72
11 85
22 8
26 50
10 18
12 2
30 38
26 10
26 45
4 72
4 4
16 29
14 65
4 79
23 9
15 38
6 4
18 37
28 40
13 13
4 89
9 45
3 83
7 97
24 78
17 30
1 84
1 79
17 37
12 27
24 47
10 95
19 12
13 27
1 4
11 96
11 4
11 23
15 46
25 4
27 72
18 87
19 25
6 80
18 39
12 13
23 23
25 56
15 82
13 98
21 35
30 31
6 32
27 41
9 43
27 61
16 26
25 90
21 31
28 49
4 72
3 86
18 82
9 69
12 30
27 93
6 76
17 22
11 20
27 20
19 22
23 59
4 53
6 15
26 4
8 26
11 7
26 31
16 59
15 90
18 17
22 10
23 85
16 50
14 76
24 95
0 62
7 98
20 95
7 39
20 4
3 84
15 85
4 8
30 10
25 8
5 1
2 83
22 39
28 40
23 73
8 67
18 3
27 93
12 94
25 52
23 97
21 49
8 5
10 56
25 97
4 24
8 26
5 62
26 49
13 20
19 94
13 73
18 14
10 12
28 51
30 61
1 22
19 90
2 90
17 76
27 89
24 56
16 20
25 52
28 91
24 92
27 26
9 18
16 81
13 16
29 16
15 63
18 93
14 13
29 35
12 7
27 47
21 16
21 41
12 73
26 46
0 87
12 100
29 30
2 80
7 91
19 53
25 38
8 33
29 10
17 54
8 8
19 22
19 74
2 43
26 5
28 59
20 78
27 30
28 84
14 26
29 42
28 26
18 51
10 10
13 42
14 99
15 85
0 46
5 18
17 2
30 49
28 17
10 15
25 9
14 30
0 71
10 27
11 7
20 68
7 17
26 38
28 96
1 61
5 41
19 42
10 32
8 57
6 82
25 91
23 38
7 85
1 23
8 98
22 15
26 97
22 13
25 44
27 12
22 14
30 82
9 59
9 19
25 79
1 99
8 45
5 62
2 100
21 68
26 4
22 50
12 43
25 16
13 69
19 99
18 24
5 52
5 37
1 75
18 41
2 29
5 65
19 89
28 31
2 99
30 84
4 88
1 65
1 23
19 59
15 44
8 41
26 78
26 19
4 16
8 40
25 2
18 71
16 82
21 19
4 13
26 91
22 12
20 80
29 39
0 27
3 37
21 69
12 16
18 26
14 60
