100
18 38
1 27
15 37
0 93
0 5
25 86
28 74
2 12
17 98
24 81
16 46
3 66
16 77
27 93
10 89
30 80
7 2
29 27
5 54
13 17
17 10
28 13
17 49
0 28
22 56
23 49
27 93
29 84
2 24
17 57
5 23
21 1
25 68
30 89
25 12
3 66
18 37
6 17
1 60
19 77
12 45
12 58
18 43
9 68
9 6
7 17
22 49
25 6
27 4
21 37
19 18
8 57
17 58
23 69
13 27
24 37
8 71
19 80
20 23
30 35
6 94
3 33
29 39
30 74
20 56
11 79
19 84
21 4
5 13
4 24
7 4
23 21
29 78
0 54
8 81
29 38
4 10
8 29
27 69
19 71
15 76
25 83
3 40
22 49
5 79
15 73
17 48
6 10
8 66
8 74
17 98
12 81
4 87
14 54
27 7
23 3
24 73
10 3
0 13
26 89
19 53
28 69
17 24
3 84
6 77
24 66
17 48
3 38
25 10
2 17
29 12
6 92
27 94
10 60
6 23
16 89
17 35
5 40
2 25
23 15
18 84
10 77
16 12
18 90
22 7
21 78
10 30
21 57
18 15
9 76
28 22
21 92
27 30
14 35
3 68
29 99
11 18
25 8
5 59
16 5
21 65
18 68
11 42
29 87
2 44
24 86
27 24
11 16
17 98
23 73
30 16
5 51
27 81
1 79
26 90
10 92
5 10
3 10
12 37
28 31
17 10
12 31
11 60
3 62
6 84
25 94
2 37
28 3
17 35
7 39
30 14
27 87
28 13
13 84
3 42
1 47
30 24
6 85
8 14
16 23
17 11
8 39
22 96
18 70
17 78
17 78
29 44
21 50
30 37
23 17
12 30
2 50
2 17
13 62
5 96
29 5
10 51
15 28
30 95
21 40
5 82
18 91
18 66
4 88
23 86
0 86
25 36
9 2
7 11
4 68
24 7
21 26
27 41
12 21
9 71
4 35
4 46
21 16
19 57
0 25
0 57
0 32
12 93
27 5
16 77
7 81
2 96
7 75
16 74
14 63
17 69
19 86
19 63
12 10
23 44
13 51
20 40
5 81
28 73
8 36
4 26
30 49
29 61
15 25
19 39
7 17
11 45
1 75
6 88
30 91
12 15
19 39
14 68
21 72
1 20
25 88
8 91
3 6
24 76
18 26
10 72
7 59
13 84
3 74
7 95
17 53
17 63
1 27
10 78
27 79
9 98
17 82
2 22
11 68
1 65
11 62
2 5
20 67
6 34
2 61
1 53
4 42
13 33
30 30
4 49
20 78
3 53
16 74
29 92
13 30
7 13
17 36
21 39
3 57
11 84
30 10
28 91
1 86
14 36
20 1
23 28
3 72
21 74
23 46
0 84
12 95
30 81
5 100
23 34
19 95
2 90
8 99
12 72
18 19
24 57
13 69
27 82
3 8
18 95
29 99
26 50
8 19
8 11
9 100
29 21
20 61
12 12
8 7
4 73
7 27
16 86
22 75
4 52
8 35
24 28
6 57
6 45
11 100
15 52
30 33
14 84
20 19
15 47
14 94
3 98
13 5
13 4
6 22
26 14
27 97
21 74
5 74
20 62
28 99
25 4
2 86
1 65
16 30
24 33
7 81
13 41
28 34
1 20
17 16
26 23
23 34
22 65
27 39
26 81
21 67
15 29
0 12
19 42
17 96
6 6
22 98
25 68
5 65
30 90
15 57
16 54
4 55
24 17
22 74
13 11
20 46
4 25
23 12
6 31
16 87
14 29
14 26
21 44
30 15
26 32
27 44
0 79
10 26
14 28
22 73
