100
28 58
29 7
15 2
2 37
12 44
16 61
15 45
15 42
19 32
2 66
30 90
15 93
22 27
0 10
29 57
28 32
20 27
30 53
12 40
5 11
24 8
21 52
28 72
30 60
20 18
16 45
10 28
27 69
10 29
17 3
6 41
27 32
5 71
3 45
22 24
15 85
7 17
10 31
27 53
3 57
12 4
11 60
10 29
27 69
17 33
27 21
6 3
24 45
8 86
20 23
10 48
8 38
0 53
12 93
6 15
29 28
4 91
16 60
1 36
15 40
20 82
18 35
13 13
2 23
10 32
3 6
30 21
11 97
19 79
3 13
14 47
29 25
20 43
25 72
27 62
30 82
7 8
0 14
4 87
24 58
0 60
22 20
6 15
1 72
3 49
26 15
1 75
5 9
15 32
26 89
23 34
21 59
21 57
2 67
6 12
28 9
20 61
17 59
6 22
12 49
11 22
30 18
26 62
23 48
15 46
15 12
22 51
6 27
10 78
14 92
26 100
0 68
26 1
9 86
23 37
5 1
27 26
23 56
7 12
11 32
17 26
11 82
1 17
27 97
15 57
24 92
1 30
11 65
26 47
23 58
23 9
19 41
0 42
14 32
26 21
25 29
23 69
10 78
22 72
3 66
18 84
16 8
13 69
6 1
5 70
7 99
10 24
8 14
13 49
4 63
22 98
11 61
9 65
6 33
21 96
3 56
26 77
25 83
16 63
7 41
16 31
9 34
14 36
17 32
28 71
27 3
22 79
26 71
13 94
6 39
30 9
15 17
20 38
2 68
11 34
17 80
2 39
2 54
27 67
17 6
18 15
4 25
18 95
3 9
20 32
2 28
5 85
8 96
2 43
19 59
19 38
29 27
30 36
27 30
20 12
9 49
5 34
8 61
20 60
3 79
15 53
29 42
29 11
24 50
13 44
6 61
16 6
8 56
5 9
3 44
1 73
2 84
2 88
15 64
17 74
0 46
26 88
14 90
13 48
29 43
20 62
18 44
14 38
7 97
5 97
5 70
27 29
1 90
3 58
28 90
11 80
26 71
18 71
13 62
25 21
28 66
23 66
16 19
22 76
25 44
22 21
7 57
28 90
4 99
21 77
14 24
20 23
4 89
19 72
13 18
30 86
24 33
14 69
22 18
17 29
3 65
22 100
13 38
10 86
11 85
13 52
10 78
18 6
25 79
2 39
9 64
2 64
28 78
0 37
16 6
18 92
22 68
15 33
4 39
30 47
2 49
8 98
7 29
20 64
7 16
15 85
15 33
18 35
4 35
22 3
19 96
27 82
10 16
8 91
2 50
8 48
4 10
7 59
25 63
1 49
6 62
7 8
20 20
16 66
10 64
0 98
18 5
16 13
27 86
12 36
24 85
5 69
15 57
18 89
13 55
27 76
15 75
19 74
16 37
19 1
11 67
29 92
22 13
12 43
10 92
4 23
20 92
8 39
16 11
29 2
7 98
6 79
28 28
22 20
12 21
4 15
28 98
17 66
1 5
6 21
2 12
27 99
16 1
24 60
20 72
4 68
11 23
18 19
25 95
22 81
1 96
3 64
20 54
27 3
8 1
26 57
23 33
2 87
3 98
26 19
28 48
0 27
4 92
12 69
11 79
27 46
10 68
3 88
1 70
19 54
27 96
28 50
0 47
16 44
9 96
23 8
3 99
24 77
28 17
1 41
26 49
14 72
7 25
8 14
6 52
0 31
8 49
6 56
19 58
17 97
0 38
20 29
12 7
24 56
2 68
27 44
20 58
27 22
28 95
20 75
19 23
2 33
21 16
14 47
18 76
