100
30 2
8 22
8 10
21 47
24 26
9 33
25 81
2 14
5 72
21 72
9 7
29 97
4 92
24 71
27 17
27 1
17 60
23 56
29 92
25 97
15 9
2 99
19 94
2 30
18 59
14 27
15 93
2 77
3 24
26 66
30 13
8 41
13 43
30 60
9 42
19 60
7 66
0 99
1 40
9 87
28 39
21 78
26 53
9 90
28 10
2 94
21 86
5 9
13 55
28 40
22 31
20 72
9 75
26 42
27 53
16 95
6 86
26 6
26 38
24 49
13 87
5 85
4 27
9 1
4 71
18 63
5 51
2 21
0 63
10 80
23 59
2 23
12 13
24 65
12 38
7 34
24 36
18 94
6 77
5 95
26 40
10 87
17 30
1 84
15 100
15 5
14 4
25 33
8 79
18 35
1 15
19 93
15 96
8 8
16 11
17 91
15 6
7 5
19 74
11 40
15 80
17 85
7 65
13 70
1 10
27 3
2 32
13 53
25 11
30 19
12 14
21 31
17 17
20 50
28 39
18 90
25 27
15 43
7 2
27 87
0 36
0 62
19 40
8 72
26 32
20 64
27 72
5 52
25 25
27 4
9 56
28 48
6 98
14 58
11 30
10 29
14 81
22 6
29 39
25 92
9 90
3 17
0 26
4 60
3 100
9 45
15 35
0 16
1 62
13 42
1 48
21 46
27 51
11 9
12 29
2 49
20 90
26 48
13 21
1 29
2 6
16 34
13 4
19 5
0 25
22 95
4 19
22 82
26 82
11 45
19 91
18 30
12 92
7 5
8 80
23 9
10 76
12 91
8 3
20 56
6 2
23 77
27 30
25 17
17 42
26 96
8 10
17 85
8 41
23 80
26 88
18 27
17 79
2 13
27 19
2 83
25 9
5 80
13 96
28 74
15 50
18 24
20 1
30 46
14 71
30 70
6 25
2 6
4 13
26 96
22 89
10 99
25 48
27 50
12 3
10 26
0 27
7 16
6 4
25 41
7 84
0 22
3 83
0 12
1 72
3 71
3 92
11 84
27 21
17 15
7 49
22 58
5 94
28 50
18 60
27 4
10 51
29 71
6 43
3 77
18 31
17 50
2 63
25 97
20 19
3 20
2 85
14 25
1 90
19 10
11 87
0 81
17 80
15 42
0 97
8 63
25 89
15 63
9 51
28 65
9 9
28 74
29 27
10 29
4 26
6 51
14 16
20 67
22 66
7 81
13 41
3 10
16 90
22 27
21 75
10 21
6 57
8 89
16 49
9 51
1 85
19 48
16 65
13 47
27 23
10 54
11 100
11 41
18 76
24 87
22 76
24 64
20 17
7 9
28 5
23 45
24 68
27 6
13 58
29 43
4 33
27 36
9 33
27 70
14 79
13 48
1 65
7 31
28 26
13 6
5 58
11 21
12 17
13 84
21 48
22 70
14 31
26 11
22 52
22 32
14 14
24 13
4 33
8 46
10 6
27 83
3 45
15 30
7 24
6 87
8 59
16 15
5 13
4 73
11 16
15 16
6 52
19 74
6 16
1 66
20 56
15 13
23 30
6 90
3 17
0 61
24 84
7 90
16 22
20 75
18 32
8 30
15 39
16 72
1 39
11 34
6 65
22 17
10 41
15 77
4 19
10 36
19 45
29 62
1 25
7 70
1 26
4 13
30 31
0 67
29 87
8 19
9 6
13 37
28 15
23 69
4 48
12 41
9 99
2 87
10 90
27 97
2 38
21 82
25 8
29 97
2 90
16 10
11 33
3 84
17 63
22 48
29 79
0 91
9 98
28 9
2 12
20 90
1 99
14 54
