100
9 48
30 77
11 59
28 92
2 61
29 72
2 59
16 23
0 97
27 38
29 2
29 47
22 3
19 65
6 100
5 90
21 51
6 15
23 65
3 92
30 97
27 70
26 40
30 65
22 53
1 29
2 38
6 72
7 77
14 41
22 45
13 53
7 42
8 75
22 58
29 46
28 47
4 61
5 90
14 21
22 16
26 96
11 32
19 58
16 49
29 42
12 13
18 79
6 2
13 73
17 43
30 15
29 62
3 15
19 63
15 35
3 10
24 94
4 17
14 8
3 15
6 57
0 22
20 53
24 28
12 51
12 39
30 90
28 75
21 42
14 41
13 95
10 27
11 38
9 88
3 60
23 5
16 27
26 25
25 91
11 99
20 99
15 45
5 27
16 14
12 89
27 17
7 50
18 51
4 58
18 98
30 71
21 12
22 46
26 3
17 1
12 43
13 16
9 65
30 34
15 92
18 81
13 94
15 46
11 43
6 11
1 62
10 100
11 72
12 75
2 2
28 97
11 37
13 83
14 93
2 34
10 13
2 19
17 47
24 12
28 76
24 74
20 19
4 29
14 47
19 25
9 54
25 100
22 73
4 82
17 41
10 32
1 83
15 83
0 84
17 42
11 42
6 75
11 88
11 59
22 39
6 28
6 13
5 52
30 35
29 81
11 38
11 8
27 94
22 58
22 49
12 41
12 93
15 40
14 47
22 35
18 3
5 74
13 51
23 87
20 40
15 46
1 33
17 59
7 53
12 32
7 27
0 33
10 92
20 77
15 88
27 1
21 27
21 67
10 85
5 24
22 52
10 59
19 83
18 78
30 31
8 27
6 2
11 43
17 53
27 60
22 79
1 13
26 14
11 85
4 35
24 75
21 95
10 51
17 12
29 11
28 18
10 9
2 67
26 56
24 6
9 78
23 63
17 42
12 8
7 52
3 99
13 63
24 35
3 4
3 88
5 43
5 88
22 94
18 9
22 47
3 99
9 66
13 41
13 41
24 52
30 66
26 31
18 81
10 93
5 55
24 63
15 68
11 61
6 2
17 8
29 10
30 85
19 1
28 1
20 71
16 8
6 84
27 49
4 98
9 44
29 89
26 74
30 22
23 58
5 24
3 17
19 38
16 80
30 16
11 56
5 28
9 3
30 28
25 81
15 2
6 61
12 93
27 2
1 75
0 85
27 86
9 98
3 32
2 41
29 100
19 18
25 88
17 67
4 1
14 1
12 20
30 100
27 63
8 86
21 20
6 97
7 48
27 39
9 97
5 39
4 49
22 64
23 31
19 55
6 40
7 53
1 23
17 98
30 2
11 36
20 53
22 76
22 45
26 56
3 25
15 71
14 70
29 86
5 60
13 93
0 72
7 81
25 93
3 13
18 65
15 60
4 16
12 72
4 48
13 67
3 53
1 80
29 93
12 49
28 51
18 48
14 26
10 92
25 66
17 52
20 42
15 68
17 37
11 73
9 9
19 49
23 90
15 60
29 89
7 5
14 40
12 93
22 61
9 43
10 12
16 95
4 48
11 70
22 95
17 71
29 54
29 11
27 98
28 36
4 83
15 68
26 86
29 75
29 8
10 50
5 40
18 80
16 50
28 17
11 17
25 36
11 20
21 56
23 35
17 10
7 46
24 99
0 55
25 88
6 96
22 41
20 12
27 92
19 30
16 34
7 72
21 2
19 10
29 17
13 88
8 18
21 89
14 39
15 34
6 43
14 1
22 77
4 30
12 48
27 79
11 52
25 19
14 39
18 48
7 15
11 47
16 79
9 82
25 46
2 98
19 55
17 67
23 43
14 14
