100
8 59
24 36
2 21
10 58
25 40
16 65
20 81
17 68
17 91
30 98
11 15
14 85
20 87
3 61
5 64
3 45
20 10
14 86
1 11
18 77
27 57
21 50
3 96
3 89
6 3
12 4
21 83
12 37
30 4
23 83
25 10
23 20
23 89
6 69
15 49
27 30
6 83
13 38
0 74
11 57
22 61
18 33
26 92
11 93
0 33
0 32
25 61
1 20
0 56
10 32
16 62
9 31
16 86
21 35
2 62
12 40
27 27
23 41
17 17
21 69
27 7
18 100
13 68
18 59
23 46
25 79
2 90
19 1
21 35
6 89
2 100
7 97
22 70
6 18
8 62
12 88
1 7
21 87
1 86
14 67
2 18
17 70
28 34
0 61
14 92
25 18
30 17
3 75
30 23
26 99
19 89
8 53
24 66
1 91
18 39
20 43
28 84
19 6
2 23
18 81
16 85
5 89
20 15
5 30
12 15
27 53
28 87
18 80
12 9
14 6
12 87
1 86
22 53
0 95
27 54
30 85
1 15
7 93
3 19
11 16
20 21
23 9
15 94
25 91
0 59
10 97
17 72
25 94
24 87
0 73
6 50
8 32
9 96
3 28
28 17
2 24
28 89
13 35
21 58
18 13
25 73
21 88
12 15
10 99
23 30
18 8
22 54
6 56
22 98
19 45
17 57
25 83
3 77
13 98
12 43
17 66
14 3
15 68
4 97
22 9
8 66
19 19
18 24
21 23
5 4
27 63
21 42
14 35
27 21
19 61
3 26
6 27
7 92
28 99
5 14
0 30
4 63
4 7
25 47
12 14
13 32
25 78
16 93
19 61
21 7
19 23
11 91
8 31
17 86
8 3
12 24
3 98
24 29
0 55
21 6
11 30
9 65
23 28
17 85
0 46
10 57
1 23
1 43
10 68
27 59
2 98
16 59
11 39
11 92
30 94
27 9
7 54
29 80
12 51
23 33
14 88
10 7
13 97
27 22
16 41
14 79
26 22
21 22
14 13
29 39
23 40
4 88
1 93
27 34
26 52
14 59
5 10
18 90
4 33
29 62
28 80
11 26
13 61
22 43
9 11
16 70
1 18
13 57
9 74
22 17
8 29
14 58
18 37
1 84
18 80
27 22
1 41
19 17
28 96
6 17
19 93
0 82
27 14
19 67
14 92
13 73
25 100
30 54
12 77
12 29
12 82
11 21
13 62
29 60
23 3
9 54
22 100
4 63
23 83
21 1
3 57
29 22
27 7
30 30
1 39
17 1
4 35
9 39
16 41
20 95
24 26
18 74
8 87
5 59
6 77
18 57
28 57
26 91
18 41
30 76
13 67
19 62
22 19
3 15
19 80
0 65
27 61
24 96
12 71
13 69
29 89
8 91
5 15
30 50
20 44
4 29
16 8
10 43
14 46
5 52
0 92
21 25
7 12
7 22
21 65
5 41
11 72
3 62
19 15
29 42
18 6
12 20
8 21
14 5
26 83
10 28
17 31
15 16
1 27
24 78
24 4
12 37
9 35
1 62
21 53
11 62
26 90
13 16
21 62
12 61
28 47
27 12
1 74
22 63
1 34
27 47
28 49
13 77
30 96
23 92
30 30
28 60
5 66
29 14
9 80
0 82
24 18
11 64
22 47
20 30
4 4
15 7
19 28
17 43
30 97
4 88
15 84
11 34
3 52
8 12
1 7
28 68
26 5
15 68
21 30
30 68
9 6
3 44
0 80
23 86
25 54
10 64
20 13
22 39
27 24
13 28
24 23
28 55
13 99
24 51
3 53
28 20
18 14
9 64
9 72
