100
9 96
13 92
12 65
25 70
26 34
6 40
8 96
5 32
29 45
2 9
21 91
25 24
18 96
9 9
2 89
25 12
6 77
18 87
14 88
1 1
14 9
25 76
8 89
14 44
4 26
25 11
10 77
7 87
16 95
5 17
28 65
1 88
19 7
18 6
26 96
12 6
13 63
21 85
9 66
24 93
20 74
4 3
3 7
25 63
12 78
16 58
18 4
2 56
9 99
30 57
0 10
30 9
10 69
19 24
7 35
28 5
30 30
3 86
21 54
30 72
6 25
12 17
12 78
24 97
23 42
27 35
28 11
17 42
13 60
1 53
30 96
14 27
15 66
25 92
0 3
28 30
17 45
28 24
1 91
5 83
21 68
28 91
15 63
6 82
30 72
23 10
11 50
0 10
3 95
4 42
25 58
1 88
14 71
6 94
6 14
25 27
9 45
29 81
9 20
13 10
28 42
20 12
23 87
12 84
28 85
28 91
10 35
10 79
1 89
25 67
0 83
11 72
8 71
18 73
9 27
16 87
15 21
12 18
13 82
2 79
20 60
28 29
7 26
16 40
26 77
5 48
23 44
4 72
4 8
16 77
5 11
5 25
28 8
28 21
0 21
14 28
20 40
15 65
19 94
22 78
23 55
3 82
26 12
18 68
23 14
28 46
9 16
30 77
13 96
0 28
22 6
29 94
30 3
0 69
30 67
8 63
3 47
25 88
16 90
10 93
2 98
5 51
12 72
30 87
11 34
1 36
17 50
21 11
3 59
11 80
7 49
27 19
7 58
7 1
26 12
12 15
27 40
4 39
1 43
23 38
11 66
7 61
4 59
9 58
3 93
29 50
24 46
7 24
27 42
1 16
15 19
25 68
1 88
11 17
26 91
23 19
0 5
30 54
24 83
2 71
25 64
28 66
23 45
23 35
26 70
19 69
29 75
3 96
0 99
30 58
8 22
3 82
5 57
26 65
29 53
12 69
5 23
3 98
7 21
21 23
22 100
14 95
17 19
17 17
29 51
24 29
22 24
26 6
23 82
22 17
6 30
7 26
26 14
3 46
10 94
6 8
3 7
24 8
21 18
1 65
20 32
21 31
1 59
19 16
16 35
17 38
14 57
1 33
9 6
5 88
29 53
1 40
16 34
5 31
20 38
28 23
30 96
19 74
3 15
4 50
19 8
29 53
1 39
24 34
20 36
3 64
5 66
3 27
15 21
10 78
7 17
23 39
20 3
2 56
16 2
27 72
1 28
23 99
18 15
17 51
14 41
4 70
2 77
20 83
30 76
15 19
28 57
11 6
6 97
9 36
21 3
14 60
14 99
0 77
12 83
5 62
25 39
16 70
0 80
30 75
7 98
26 49
0 52
5 53
29 50
3 96
20 7
25 89
18 46
28 3
13 6
15 96
2 29
15 71
24 7
18 50
16 27
5 18
30 78
1 92
28 18
14 41
22 13
10 89
17 55
21 96
2 40
27 71
3 25
20 55
6 69
19 28
27 20
25 29
25 87
23 48
2 72
29 88
0 97
9 100
23 4
9 26
9 32
11 38
10 94
9 15
5 16
1 50
28 52
26 80
12 97
29 29
18 7
27 87
30 59
9 57
6 38
29 33
1 23
12 97
29 70
25 90
22 96
0 31
7 8
9 23
21 77
7 28
23 3
6 58
4 75
1 70
17 13
8 3
12 87
16 1
8 92
9 41
19 90
29 17
21 48
14 49
27 66
22 2
20 34
4 97
29 50
23 83
0 96
27 90
22 72
1 62
1 55
26 85
4 54
19 71
28 41
13 90
12 90
11 82
