100
11 25
9 9
8 78
26 39
26 80
28 60
30 96
24 40
20 63
13 87
12 14
21 22
26 50
3 32
10 37
20 85
20 87
16 15
11 90
5 21
30 19
14 53
8 33
29 38
26 38
11 81
1 30
0 1
19 45
10 97
12 66
12 15
12 52
6 1
13 37
23 43
3 77
14 85
12 4
18 78
18 23
29 1
5 61
19 94
9 65
11 32
27 42
9 97
26 21
26 51
1 83
8 38
5 68
8 27
30 74
30 22
19 46
10 60
9 24
19 95
23 39
14 52
0 49
22 34
21 91
25 39
4 94
7 87
17 2
7 29
6 65
21 39
18 52
30 87
9 27
25 88
21 98
16 81
22 33
27 95
5 24
11 53
15 30
0 63
2 75
11 46
30 71
15 84
25 76
22 60
5 15
26 47
18 12
29 24
22 73
26 20
20 23
6 13
3 66
11 33
29 81
23 29
30 38
8 93
10 95
29 40
27 51
30 55
11 50
9 15
2 81
25 86
19 6
1 89
20 40
17 99
30 5
27 36
16 91
12 51
22 86
11 79
6 61
20 97
15 80
8 80
2 3
29 21
27 55
16 50
18 91
17 47
10 63
23 99
15 89
19 97
21 89
27 84
22 19
16 44
20 49
7 56
7 44
22 62
16 73
27 20
10 69
10 52
25 97
6 54
6 89
15 27
28 59
1 37
15 7
16 72
27 33
20 83
14 82
4 89
20 58
13 14
21 96
22 14
28 51
15 99
13 3
10 30
3 66
3 63
24 66
5 47
12 65
13 4
11 11
8 5
12 25
18 10
30 71
4 58
18 82
5 2
29 84
16 32
27 51
6 9
27 52
27 14
16 94
17 44
15 62
25 31
20 39
18 10
22 50
4 43
8 100
12 16
11 17
24 38
7 11
21 41
27 73
5 88
17 31
25 21
17 14
13 98
2 67
27 55
22 50
5 2
24 62
14 40
1 100
9 64
6 93
14 25
19 70
22 66
30 14
2 52
15 21
18 63
11 82
26 47
0 79
0 99
21 62
27 48
8 42
0 10
14 82
10 14
7 47
24 54
8 26
16 90
7 68
28 64
21 44
1 42
30 99
18 65
6 15
18 4
2 41
17 22
23 58
9 22
1 86
30 19
19 88
18 19
6 69
3 86
9 47
10 12
25 11
23 36
25 25
2 41
15 25
1 26
19 22
19 76
24 26
26 26
29 53
3 41
3 54
8 75
23 35
10 96
11 9
24 98
7 15
30 37
12 54
30 86
5 72
0 66
14 37
14 74
15 43
28 6
15 69
8 64
16 38
23 36
9 11
19 23
1 96
13 41
0 65
2 54
8 16
0 50
27 71
25 12
11 69
0 44
6 22
2 3
15 34
28 67
29 71
18 49
19 76
10 56
19 20
13 50
20 13
29 77
12 72
1 27
11 56
7 15
16 67
27 25
29 65
20 20
17 81
30 92
18 50
12 27
0 7
24 65
2 64
12 98
1 72
5 81
19 58
13 35
27 66
29 36
15 72
7 78
22 45
17 17
8 52
3 14
14 77
1 6
1 84
26 57
13 47
13 69
8 74
30 64
18 26
23 5
18 70
24 57
3 98
17 97
0 23
30 9
16 23
10 37
22 66
28 87
20 98
16 93
0 71
2 34
10 98
23 62
23 60
28 66
29 53
3 33
29 87
11 92
8 22
27 45
18 71
6 14
17 86
19 35
4 25
1 6
23 40
24 98
17 15
6 37
10 58
4 1
28 54
14 51
18 25
4 9
6 63
16 36
7 66
8 58
6 4
28 91
13 88
3 14
