100
13 45
18 95
7 84
6 82
21 6
1 47
29 49
1 81
19 73
30 48
24 30
9 78
6 7
30 19
21 48
12 12
16 37
24 80
13 72
23 22
20 12
23 50
5 23
20 67
28 91
13 9
17 73
14 64
10 93
23 64
13 28
7 35
27 50
19 6
2 52
29 78
10 99
19 67
3 89
26 36
16 24
27 28
2 83
1 43
0 89
16 74
3 42
23 92
24 74
22 70
25 21
3 69
19 45
13 39
9 82
4 100
1 77
14 23
27 44
22 54
6 77
19 16
4 66
12 89
2 29
15 73
1 91
7 58
9 30
29 52
19 28
22 61
9 98
11 28
23 8
19 90
22 10
13 55
20 42
24 4
24 73
7 54
14 2
3 61
7 39
27 14
0 14
26 47
9 25
16 7
29 98
21 91
9 69
28 56
22 27
2 54
20 28
6 51
23 11
15 34
8 65
17 16
23 96
29 46
15 15
27 23
21 70
16 10
18 34
27 22
30 40
3 65
1 51
24 97
0 32
14 53
15 10
2 60
27 21
11 8
12 18
15 30
12 38
19 30
5 53
4 6
10 33
21 84
30 88
20 19
15 43
13 74
3 83
0 60
16 16
16 61
6 14
23 8
6 76
5 38
7 3
29 13
13 97
6 49
26 37
11 57
15 67
26 66
13 61
4 45
0 59
7 53
3 88
15 57
1 90
20 98
22 22
22 87
21 3
22 57
8 9
27 22
16 77
16 26
12 63
9 43
19 78
20 79
10 55
18 8
3 57
11 47
4 2
16 69
0 9
7 62
5 49
16 18
2 99
19 85
18 97
21 31
8 100
16 43
7 9
19 22
16 46
4 22
23 59
5 45
5 64
18 93
25 17
11 97
17 2
9 6
17 76
21 38
17 25
26 79
2 89
15 39
26 4
15 96
0 49
16 13
6 81
1 57
14 49
0 87
22 5
4 3
22 33
19 100
17 62
20 81
14 18
24 59
27 72
15 76
8 90
20 56
9 28
25 52
2 60
4 40
4 62
10 57
0 25
30 4
17 34
9 40
14 99
18 32
5 52
25 2
3 82
1 23
17 28
16 86
13 30
12 49
12 48
19 11
7 45
26 22
8 23
26 61
28 70
28 72
9 96
2 74
11 18
4 29
29 6
11 83
11 91
7 14
1 48
2 40
29 85
11 54
1 24
29 52
11 65
19 14
13 57
22 10
18 66
25 64
14 34
13 94
14 1
5 38
23 21
9 43
5 92
18 10
3 53
3 51
17 19
21 84
4 99
9 79
23 36
24 56
11 49
30 54
15 11
29 9
29 47
29 100
5 10
13 47
5 1
14 99
15 55
15 47
14 34
25 91
17 9
4 76
4 36
23 69
20 76
12 6
18 53
8 51
19 6
4 43
22 63
2 23
25 5
17 53
30 67
12 37
5 15
14 40
16 71
16 95
23 82
14 39
11 9
17 91
15 4
0 91
15 33
4 77
19 54
22 45
19 22
4 72
9 16
14 39
13 26
6 46
3 25
1 28
26 62
11 40
8 6
30 96
30 76
18 26
10 29
4 58
30 84
9 1
6 14
18 62
11 43
18 52
9 92
7 71
21 72
20 46
5 80
3 99
29 27
11 63
26 43
7 10
19 96
26 6
0 86
18 84
24 87
22 52
25 98
15 38
26 21
11 65
26 22
15 32
22 44
18 57
4 86
25 49
26 81
16 46
22 97
17 31
12 1
27 37
22 83
27 10
14 60
9 7
16 78
13 92
1 97
18 13
12 83
28 15
13 70
7 6
14 65
27 11
18 94
3 71
