100
5 9
25 37
20 74
9 2
8 61
10 30
28 48
30 23
4 50
29 40
20 85
12 92
28 69
15 47
26 14
4 76
18 9
14 48
24 34
8 9
20 1
21 25
25 11
16 58
6 15
3 36
26 32
10 39
15 23
17 81
3 13
23 58
6 22
21 76
15 2
15 12
5 75
20 33
5 81
6 37
26 50
3 2
1 5
29 15
14 13
9 39
5 26
14 42
23 66
2 76
14 71
25 4
1 70
10 32
24 67
14 40
6 55
16 26
0 59
27 96
7 64
21 92
27 33
5 35
6 82
16 12
4 54
20 89
20 84
18 93
27 50
30 32
24 34
19 18
10 72
28 5
26 50
26 36
26 37
19 95
8 65
15 12
15 54
13 78
3 76
9 67
12 62
29 22
12 46
0 51
13 88
13 55
11 71
0 18
20 28
13 74
20 23
23 61
12 17
19 14
1 37
20 80
16 84
11 65
29 45
3 43
18 68
8 69
17 68
27 14
9 10
29 71
11 43
30 28
30 61
26 17
23 10
27 2
16 77
29 3
27 77
23 97
30 83
27 70
18 58
21 36
5 56
2 26
14 54
29 13
14 6
0 65
2 69
14 72
24 64
20 9
17 21
8 24
0 78
19 89
5 39
11 33
23 76
16 22
18 74
1 94
2 34
17 49
3 14
15 44
11 60
24 95
4 77
30 44
11 58
21 96
10 69
18 82
18 67
16 57
0 46
0 97
1 44
26 12
8 22
29 19
21 43
21 49
12 79
15 86
4 36
4 65
25 43
18 19
10 84
13 63
21 14
17 92
20 94
6 40
26 69
2 54
0 51
28 9
6 8
29 55
21 34
9 67
7 41
2 89
4 56
16 64
10 76
5 25
21 21
11 4
18 72
17 76
10 72
9 22
26 45
17 19
16 91
18 12
24 47
9 86
9 28
24 73
23 93
3 21
21 58
27 91
29 42
14 63
2 27
5 100
21 23
10 1
4 58
23 61
5 77
22 11
30 16
0 27
18 17
5 4
8 97
2 29
25 65
29 10
14 43
7 73
14 41
16 5
11 37
24 15
0 15
16 89
21 73
3 56
5 98
26 41
28 19
29 11
15 31
15 47
5 18
11 36
14 26
9 7
1 35
22 16
13 79
9 84
21 30
2 53
14 7
30 41
15 15
18 30
7 39
4 36
20 10
18 10
16 71
3 40
30 32
13 22
28 80
21 89
30 71
28 62
15 10
1 59
16 68
26 49
13 55
25 27
23 6
25 28
9 72
29 41
2 68
0 36
20 81
0 36
3 34
22 29
25 81
28 13
24 95
18 60
12 5
15 48
12 50
13 31
11 33
0 24
27 18
26 75
18 53
3 30
10 9
20 88
11 20
9 35
21 29
21 32
25 18
16 15
25 86
20 6
19 21
20 52
3 73
27 78
13 73
16 87
8 73
19 12
8 35
25 5
17 88
1 39
7 2
8 39
12 81
9 11
16 92
9 7
16 59
26 7
15 75
23 94
10 91
1 64
7 5
3 57
2 14
8 36
10 16
0 26
2 2
12 9
19 51
22 45
3 60
10 52
20 24
16 15
13 30
12 75
3 7
3 7
19 57
8 27
8 23
27 40
6 36
14 40
0 68
13 33
2 1
27 31
28 39
10 76
6 98
29 74
23 43
16 92
12 84
13 4
13 13
16 88
22 18
11 55
2 32
14 42
26 17
3 15
11 47
14 76
25 20
12 55
26 36
7 14
16 18
0 8
7 11
18 13
2 72
13 69
6 30
18 96
18 35
5 20
11 13
8 38
17 16
3 68
