100
18 3
29 48
24 26
19 19
15 38
18 59
14 49
29 45
17 1
3 99
7 65
12 17
20 2
27 93
18 4
30 73
12 95
26 44
22 57
9 26
9 9
17 8
11 66
7 9
1 77
27 62
22 21
30 88
25 74
17 21
3 28
8 17
5 77
13 8
30 79
0 44
5 86
17 95
7 93
20 60
27 28
2 55
26 38
0 53
30 27
9 98
22 67
21 77
0 82
8 9
8 61
1 93
28 10
4 24
0 28
20 54
11 45
24 87
13 26
10 15
10 17
16 62
28 71
9 36
29 97
23 6
17 68
27 69
0 69
10 20
16 26
12 21
3 86
28 94
29 86
29 70
6 98
9 42
16 32
27 40
6 26
29 91
6 66
21 55
22 74
18 72
7 32
22 91
26 31
8 19
13 17
19 23
3 63
6 84
1 47
1 72
18 83
6 12
19 29
10 60
22 51
24 55
6 4
16 38
5 20
17 37
9 11
9 95
19 10
28 63
18 96
21 59
22 52
17 64
11 88
1 48
19 1
0 39
26 81
22 79
4 20
20 88
20 3
9 27
6 75
10 92
3 8
7 24
29 91
22 9
26 88
30 91
7 28
0 42
9 79
20 63
20 73
6 27
24 38
7 91
8 20
3 27
5 98
12 25
18 38
11 33
22 53
1 76
0 52
14 66
15 58
16 16
27 74
1 83
25 10
10 49
3 20
27 68
4 38
14 85
20 68
16 63
17 3
27 32
8 8
25 91
25 11
6 55
21 7
28 74
30 37
10 87
29 16
4 46
7 54
8 34
6 57
22 22
30 45
9 99
2 44
4 82
13 63
17 25
6 7
1 14
13 39
0 90
2 89
21 2
28 92
28 2
23 65
0 45
11 51
17 54
19 28
26 2
15 67
30 31
9 3
3 98
3 3
1 70
24 94
21 29
0 80
0 75
30 71
19 62
17 87
27 31
19 16
12 99
17 84
24 43
22 37
21 14
21 68
7 82
15 69
20 52
7 91
22 35
7 29
23 86
16 43
14 37
18 26
29 56
27 58
1 26
26 73
6 76
10 64
23 50
14 5
28 83
17 84
25 76
29 79
22 60
12 14
1 1
1 21
8 95
21 91
11 15
19 40
17 28
20 75
15 86
6 12
21 87
22 86
6 67
1 76
11 63
28 58
30 6
7 49
23 11
26 49
19 32
13 89
12 58
17 90
22 68
0 68
23 21
25 79
7 8
9 34
5 34
11 96
12 86
6 32
5 17
14 58
14 92
2 63
27 3
25 32
1 50
30 61
12 35
26 97
7 76
13 29
12 100
5 6
27 63
25 35
0 34
25 76
3 35
10 87
22 98
0 29
17 66
24 58
3 63
27 77
4 82
10 10
2 80
23 38
10 47
20 32
3 10
0 77
8 89
9 96
8 22
21 38
14 14
6 18
18 23
26 3
19 71
23 71
14 60
0 74
26 86
19 52
1 52
21 28
15 8
6 75
27 39
26 78
8 10
25 79
23 83
11 37
0 77
30 1
10 30
30 28
1 75
15 32
25 36
16 6
24 44
5 86
7 66
1 73
15 67
19 8
0 52
11 83
5 46
2 3
13 75
15 59
15 83
3 36
0 40
28 17
3 10
1 21
8 91
3 68
26 58
13 6
7 45
25 19
29 96
16 56
15 61
27 87
25 5
3 1
10 91
16 27
12 71
30 17
12 44
19 75
20 68
14 63
22 7
9 95
2 85
21 73
30 98
24 4
7 48
9 88
21 24
27 70
25 94
16 79
0 75
14 20
22 82
28 95
12 27
30 58
10 75
