100
28 98
18 4
27 48
15 82
3 33
22 82
18 42
4 88
8 96
30 94
14 87
13 53
6 2
5 94
22 1
25 33
28 26
29 26
28 3
16 45
28 3
25 27
8 57
5 7
21 95
4 22
29 26
18 93
8 62
28 53
1 45
10 3
6 5
21 69
13 86
28 9
18 64
4 98
6 69
2 32
3 16
20 16
25 1
28 92
28 87
6 52
22 16
17 89
8 60
2 80
1 53
2 24
21 46
10 5
22 99
14 44
14 100
22 63
7 37
29 16
27 25
26 77
1 30
17 17
22 20
5 46
28 27
25 92
11 16
14 13
22 36
28 26
15 82
21 10
20 21
30 52
24 35
5 61
19 15
7 83
22 8
28 18
17 5
10 49
22 15
16 89
30 16
4 83
9 74
5 2
28 75
24 8
21 1
22 94
11 11
8 74
3 14
30 53
18 79
22 50
5 22
24 53
20 53
18 20
21 97
2 28
2 83
6 9
17 44
6 76
8 23
6 49
9 95
7 100
26 34
26 59
17 35
4 66
26 18
15 12
19 67
5 55
19 66
0 64
25 29
7 68
25 25
20 6
14 25
25 15
25 37
17 79
0 27
3 27
22 19
15 91
12 96
18 72
2 3
13 39
20 9
9 21
1 26
24 79
30 26
23 59
24 28
14 70
16 56
17 39
0 92
20 50
18 67
4 39
2 53
20 9
10 73
26 12
30 34
26 52
2 80
15 72
21 53
23 72
5 2
23 67
14 6
29 2
8 69
5 1
27 73
0 54
27 71
15 80
5 93
3 74
24 99
8 28
27 47
29 90
7 48
19 79
19 2
9 42
18 99
7 37
14 78
10 45
8 54
18 71
28 51
7 67
29 86
2 32
0 21
12 52
13 38
25 53
4 8
21 3
15 19
27 82
4 13
3 17
11 55
19 59
18 75
1 47
15 28
11 69
30 51
4 75
10 94
1 36
10 1
4 51
4 74
28 33
4 78
24 97
16 21
16 48
23 96
18 99
23 79
6 36
6 60
22 94
28 23
27 47
28 22
13 75
6 88
10 7
25 20
3 94
27 36
25 46
22 68
5 24
26 14
3 65
28 12
1 61
19 45
25 6
20 46
30 99
1 42
30 99
22 97
27 86
14 27
10 33
25 28
20 95
17 9
18 33
8 1
7 31
10 71
23 43
22 31
1 99
16 6
0 80
1 79
4 69
12 1
13 69
14 51
15 17
1 18
1 41
21 17
26 58
14 48
11 75
10 40
24 68
18 28
24 19
7 87
2 50
24 75
10 31
6 69
4 34
11 44
11 65
29 97
15 1
2 88
21 69
24 80
7 25
28 9
20 34
8 72
3 49
18 97
28 77
9 18
11 35
23 21
25 18
19 85
2 67
24 85
26 33
12 96
3 69
9 48
19 2
0 75
12 46
14 40
3 34
1 68
0 67
26 54
16 88
9 55
14 65
19 91
13 66
4 89
5 58
13 100
5 52
13 28
13 44
3 84
4 27
8 77
26 48
26 10
13 91
21 56
14 9
13 2
1 96
25 59
19 82
5 72
13 50
25 45
2 87
5 50
12 5
9 75
15 36
25 12
4 95
28 31
2 80
8 84
7 68
5 33
30 12
8 91
23 44
25 17
16 12
4 54
9 67
26 56
3 26
24 95
8 38
7 42
6 50
25 6
12 51
3 38
24 7
20 75
2 10
26 69
10 42
8 11
28 100
23 14
22 12
27 80
5 13
26 86
20 18
0 34
14 45
23 85
21 18
21 76
27 79
30 95
8 91
4 90
17 7
28 44
28 18
