100
19 70
25 39
16 98
18 93
3 12
16 13
5 30
7 25
7 59
18 1
10 47
15 20
2 52
2 33
4 66
27 93
30 93
18 75
23 89
11 99
13 52
3 39
15 60
26 26
29 54
0 20
6 74
14 82
30 81
14 85
21 57
2 5
24 98
17 82
1 22
29 93
19 96
14 4
24 15
29 37
9 53
16 93
30 52
27 43
7 17
1 100
14 27
4 94
13 100
22 87
15 100
20 70
11 8
1 70
27 62
5 59
7 98
16 63
5 42
30 65
24 79
18 33
25 39
4 62
30 29
12 36
20 21
26 84
15 47
18 26
18 28
14 29
8 48
16 93
7 100
17 44
5 17
20 79
17 24
6 83
10 5
0 76
24 33
14 67
8 13
6 89
18 49
21 31
29 96
2 79
9 68
0 3
18 69
0 28
9 9
10 72
22 15
13 34
7 84
14 33
29 7
1 47
10 75
30 77
6 39
2 98
16 65
10 18
3 38
6 60
7 68
15 65
14 41
27 10
0 24
29 25
7 86
8 51
20 25
9 64
6 43
15 84
24 88
1 26
2 15
17 1
0 85
29 96
7 87
6 88
30 38
1 76
21 71
30 63
16 3
4 18
16 60
24 78
20 72
8 29
3 49
2 68
28 15
10 67
10 74
14 28
16 25
3 77
23 86
8 50
8 92
21 28
15 11
25 23
6 50
11 75
10 66
14 84
12 26
28 52
8 95
6 52
17 24
10 90
12 96
2 25
13 38
29 16
3 58
26 61
29 83
12 91
4 84
27 22
29 13
30 56
24 13
6 72
9 33
28 33
27 25
14 47
10 82
8 46
0 21
15 79
25 32
5 90
30 10
12 50
8 47
9 23
15 3
27 99
7 17
27 87
23 37
24 4
2 28
4 57
18 88
18 86
22 96
24 44
13 43
23 71
14 37
4 27
13 97
5 93
22 7
0 86
28 97
17 26
18 93
9 80
6 3
2 52
21 30
24 67
3 24
5 28
20 10
24 13
11 92
17 44
0 59
11 16
12 92
14 3
29 87
2 96
23 67
6 33
24 72
3 55
24 100
5 56
19 38
0 38
11 13
1 12
29 56
11 19
20 75
12 31
13 67
20 51
6 70
15 49
17 77
29 17
26 11
16 97
19 88
29 23
12 81
28 22
24 14
26 82
5 6
3 50
11 49
24 38
22 6
20 15
8 45
30 17
9 32
21 59
10 80
1 22
18 30
8 51
26 51
22 69
19 50
26 22
25 71
24 57
4 37
8 73
19 98
15 81
0 99
2 48
15 9
20 40
24 17
12 78
26 58
24 45
23 8
26 77
12 94
18 76
10 37
11 93
19 76
17 45
11 79
17 51
27 92
7 55
2 7
9 19
1 42
27 57
13 96
16 12
5 90
15 7
22 82
30 23
20 50
17 72
9 11
8 42
28 95
2 64
26 53
3 21
26 60
7 55
25 16
4 76
27 91
11 84
6 1
9 84
11 72
6 63
14 58
17 18
5 94
1 51
13 48
14 76
21 20
21 70
17 43
20 68
21 47
20 85
24 54
20 5
9 12
17 52
6 95
10 22
11 32
3 3
26 99
6 6
27 32
3 49
10 12
21 95
5 19
6 77
23 42
27 43
6 92
27 90
30 1
15 19
2 24
4 87
15 95
13 51
27 94
16 3
4 38
30 21
6 32
30 22
23 32
28 17
17 78
6 79
16 99
0 99
26 5
21 45
24 89
30 53
16 35
19 93
17 12
14 21
12 48
23 63
14 33
20 4
14 40
23 56
25 30
30 91
12 7
12 17
