100
7 75
27 38
12 54
3 3
6 84
28 91
2 65
11 55
9 83
18 19
20 65
1 56
4 80
8 15
22 46
4 79
16 13
24 19
29 5
7 35
16 69
22 2
24 57
6 26
20 75
19 76
17 57
23 76
25 70
29 5
29 25
23 47
21 35
23 95
15 61
12 23
18 6
16 32
28 43
30 85
20 81
10 12
3 75
11 52
16 17
14 48
15 64
14 76
2 2
7 99
30 79
24 84
20 30
29 27
9 100
3 72
8 52
12 22
18 52
15 34
28 19
4 79
2 46
5 28
2 66
16 14
11 82
23 13
13 72
30 74
0 14
3 35
15 64
17 84
24 98
4 28
6 49
16 75
2 36
13 90
29 98
8 62
23 48
29 97
14 17
4 49
22 32
25 66
24 47
20 63
3 33
29 98
21 60
4 87
3 44
25 12
28 30
2 13
14 67
5 13
14 61
4 99
23 72
23 91
9 40
6 61
4 68
5 90
17 99
14 52
18 33
16 80
12 22
26 56
27 39
14 31
18 10
16 88
3 77
29 25
3 31
18 34
30 99
19 17
6 5
12 16
18 82
1 7
23 21
12 93
6 54
10 25
8 79
19 42
23 2
4 85
2 51
6 54
15 50
29 21
12 82
20 7
8 43
18 81
6 35
5 35
14 44
11 62
4 84
23 45
30 1
24 32
5 4
20 37
26 98
6 74
29 53
11 28
29 84
19 23
24 29
9 100
14 17
29 89
15 59
27 14
30 27
6 92
18 3
13 27
24 84
23 9
29 36
5 56
2 54
8 2
14 87
26 16
29 53
17 55
24 90
28 30
1 83
3 24
8 56
4 61
4 57
27 91
22 58
1 98
11 38
30 73
13 16
17 58
26 73
10 86
17 60
2 49
2 69
9 100
18 100
30 14
20 8
10 9
19 95
10 72
15 87
13 42
23 61
18 10
4 97
10 27
27 23
18 30
13 85
13 87
23 12
28 72
22 50
19 88
11 75
10 40
12 61
17 97
6 55
14 58
24 77
12 12
22 4
13 23
5 12
2 16
0 29
23 38
10 65
21 79
29 63
8 64
28 46
5 15
11 77
23 90
22 89
24 17
18 79
1 8
10 20
16 25
10 99
18 97
26 41
11 20
17 92
20 13
12 93
30 24
10 49
30 91
27 63
7 3
24 24
13 24
28 98
17 65
13 18
16 76
30 92
6 47
7 69
11 82
6 38
12 8
22 49
12 14
20 54
12 96
22 95
23 73
22 9
23 39
20 55
23 7
18 75
12 33
6 32
28 85
7 9
28 14
18 45
2 85
2 23
30 10
17 65
15 56
4 59
6 31
10 79
6 58
23 77
25 14
26 38
15 49
0 11
3 54
29 39
7 69
30 36
12 40
3 6
30 39
7 61
15 33
0 32
2 85
23 84
24 9
15 88
4 27
7 32
2 4
28 72
26 89
24 25
26 98
6 35
22 20
30 99
10 90
23 35
1 85
16 36
14 6
23 56
18 22
26 45
5 64
9 86
28 45
0 63
16 48
30 100
8 55
7 64
6 58
8 71
2 60
21 24
11 2
4 18
17 95
17 68
26 62
17 58
8 35
11 20
17 68
26 81
25 69
4 90
0 39
29 37
26 93
13 12
19 94
19 9
23 52
23 31
14 36
28 49
22 7
27 47
1 51
28 73
13 41
16 90
24 7
15 6
30 29
2 53
26 62
29 92
6 71
11 76
28 17
25 100
15 82
17 22
13 61
8 57
27 94
10 10
3 83
7 27
22 29
27 60
25 68
6 52
6 29
28 45
12 24
