100
0 12
4 43
27 88
25 100
12 45
7 34
17 99
8 51
30 25
26 15
28 27
7 60
20 17
19 99
17 87
11 34
20 61
1 30
19 62
26 48
1 55
24 47
29 20
5 22
15 85
12 26
3 95
17 36
7 40
16 40
23 10
1 16
20 20
11 38
7 75
12 91
18 11
2 77
14 80
14 31
9 80
28 95
4 25
3 10
0 7
30 68
3 45
2 14
4 24
17 38
25 31
8 61
8 87
29 24
5 38
11 2
16 87
12 26
11 52
13 88
24 22
3 74
10 56
0 21
30 36
21 21
30 12
7 87
28 73
5 27
25 6
13 75
27 100
25 27
4 39
22 17
10 70
23 51
22 53
26 88
27 34
25 28
28 15
11 19
30 17
22 3
1 61
21 39
27 40
14 50
17 48
14 42
30 60
11 81
1 98
1 57
15 57
12 60
16 77
10 60
3 88
6 2
5 8
15 87
23 89
13 85
23 14
16 2
2 92
26 88
0 26
16 56
19 3
27 25
0 25
9 40
1 57
0 54
26 69
8 36
5 29
10 26
10 9
23 25
9 69
10 9
6 14
16 10
2 15
18 98
8 97
23 28
3 30
13 12
25 83
26 58
30 73
21 62
9 44
6 28
10 97
6 53
6 93
20 72
29 4
27 97
11 41
27 54
25 45
12 83
13 54
4 98
11 3
18 17
22 39
25 39
8 47
6 22
18 97
24 92
1 92
9 99
17 88
8 98
11 38
4 43
8 47
18 54
30 78
2 58
23 6
16 93
26 78
20 69
19 27
23 74
12 61
7 32
5 51
28 85
2 42
18 64
29 57
16 4
16 91
7 95
26 29
29 11
1 5
1 71
30 20
21 53
26 57
19 74
6 95
6 30
6 87
6 98
0 1
29 47
8 42
3 45
15 58
25 3
21 67
8 99
12 20
29 47
7 59
17 24
8 4
13 15
4 20
20 92
14 49
23 10
30 24
26 50
21 70
20 24
8 53
30 54
21 56
10 87
20 35
27 4
4 37
14 44
21 15
5 30
16 99
24 45
10 10
11 98
2 77
20 57
3 44
11 53
11 58
0 83
3 69
10 2
16 91
4 41
6 97
29 69
3 3
11 91
3 29
14 14
14 30
22 32
5 55
14 4
8 30
5 43
9 60
14 32
5 90
17 76
27 15
14 42
4 38
6 28
12 45
27 48
11 36
13 65
21 56
27 93
22 26
18 63
27 97
30 9
19 68
11 81
21 65
28 46
0 18
14 27
24 75
19 57
13 79
8 83
9 90
0 77
27 3
22 25
11 14
15 15
8 96
13 9
27 81
16 71
27 46
1 30
20 67
4 31
7 54
16 79
1 43
14 97
22 28
5 14
14 34
23 63
16 70
20 34
7 2
29 59
13 44
23 100
5 72
12 68
17 5
14 7
10 32
0 25
6 62
23 99
16 48
28 62
20 14
0 95
20 26
19 39
22 76
25 18
0 12
13 83
7 85
6 20
7 21
22 26
19 33
4 2
12 77
21 44
14 15
9 58
27 2
0 25
6 4
19 84
3 91
20 58
6 47
11 11
12 79
13 95
15 18
22 96
27 85
2 22
3 78
30 53
17 4
10 43
22 95
0 78
11 28
30 93
13 15
1 98
16 26
29 52
27 25
0 57
24 78
0 5
10 1
5 93
23 11
3 86
4 92
12 21
15 74
13 34
23 90
3 30
25 66
9 10
8 71
7 60
20 16
26 25
3 68
21 23
24 5
26 96
4 83
22 69
25 100
16 53
16 89
28 83
8 50
17 3
6 89
26 48
