100
8 46
11 13
16 17
3 25
22 69
6 76
2 60
14 66
26 52
0 86
21 32
12 53
1 83
9 33
17 24
7 89
18 21
23 68
10 46
15 92
4 99
9 61
7 100
2 89
11 75
5 55
10 2
26 24
14 55
25 64
9 10
16 61
1 38
6 83
25 55
7 99
30 46
13 12
10 60
17 58
14 65
14 56
25 2
28 40
27 81
30 9
4 65
15 89
21 83
21 78
15 14
14 18
3 50
4 51
18 83
5 76
28 95
10 15
10 70
8 28
10 81
18 49
17 20
26 9
5 55
29 20
0 38
18 76
11 81
8 90
27 78
11 89
13 59
3 48
7 98
28 98
1 5
6 25
11 68
4 78
1 28
30 55
6 100
3 99
8 65
12 36
22 90
11 99
28 96
1 26
22 44
1 85
23 7
18 73
5 98
25 82
1 48
26 78
27 84
0 34
26 11
20 61
17 20
6 19
25 1
15 67
12 9
10 13
6 73
6 49
7 58
15 10
1 71
12 66
8 41
27 48
21 42
13 35
0 81
14 30
24 19
19 79
25 38
12 15
0 49
13 50
9 90
11 75
18 72
27 47
28 17
0 2
19 12
3 14
14 80
5 5
29 5
17 99
25 87
22 51
16 53
5 1
18 97
29 12
17 49
28 79
4 5
2 40
21 54
0 76
24 26
30 5
17 27
23 77
12 1
7 36
30 20
2 14
13 97
28 17
13 9
6 25
11 54
13 51
11 63
28 73
17 68
13 16
23 44
22 75
5 21
9 5
10 33
22 41
15 70
24 6
10 62
2 55
17 82
21 84
13 43
9 78
7 29
28 2
11 43
26 1
10 35
25 83
12 44
9 21
26 35
28 51
30 1
13 76
14 39
9 43
13 40
24 51
15 42
8 34
14 68
3 4
14 76
8 89
22 50
25 62
10 47
17 77
7 79
7 96
23 50
23 78
2 73
13 89
8 60
6 11
24 5
5 52
7 99
15 92
5 67
12 25
22 11
13 15
18 35
20 23
17 21
29 20
26 3
11 39
7 48
9 76
29 6
20 83
9 80
1 40
28 53
13 29
18 42
29 77
2 44
26 56
29 79
27 41
17 75
15 58
28 23
15 77
12 94
18 68
1 39
8 44
0 89
23 87
23 31
23 31
25 30
14 91
2 28
14 18
15 16
28 59
16 56
6 2
29 15
20 2
18 2
10 92
9 84
0 97
9 94
8 62
27 70
16 6
17 30
22 55
18 85
5 7
23 59
10 57
5 32
17 86
22 86
7 71
10 26
17 87
12 64
30 67
3 89
0 4
15 5
24 10
8 30
14 83
29 11
5 75
14 74
20 7
8 60
16 53
27 22
24 5
15 97
9 77
15 50
11 18
17 53
10 72
25 33
25 18
21 99
8 56
13 57
20 7
4 79
14 17
25 81
3 25
9 71
10 45
4 50
16 72
2 89
23 55
9 48
26 5
23 50
11 33
8 17
3 6
18 8
27 58
6 55
24 74
26 31
20 86
28 96
1 37
1 80
4 78
3 25
7 44
16 53
28 52
21 88
23 66
7 34
26 13
9 98
30 71
26 78
10 32
18 82
0 85
29 93
29 44
18 97
22 14
17 89
20 73
22 37
29 8
13 38
3 84
9 82
22 51
13 23
28 70
21 63
6 23
11 14
23 49
8 44
3 10
22 82
18 92
3 30
28 54
16 90
29 42
11 91
3 34
10 100
2 15
21 95
14 72
24 57
25 68
3 12
19 20
5 1
2 7
29 30
4 63
4 20
19 1
28 27
14 19
28 96
4 27
