100
10 80
9 99
2 20
22 96
11 68
0 42
27 83
29 83
18 87
16 38
7 51
29 52
14 61
6 76
25 80
30 97
7 52
10 51
2 70
16 14
3 78
22 74
14 9
10 66
0 66
2 77
22 89
19 72
11 27
6 67
2 63
5 15
23 12
19 46
5 69
19 5
28 65
13 34
18 62
4 41
2 96
0 93
3 27
15 25
5 83
18 79
27 56
14 81
12 29
5 80
11 67
30 32
3 6
27 97
3 81
6 14
4 69
7 91
15 34
27 50
6 38
14 28
18 6
1 43
7 85
14 23
25 15
10 52
15 37
24 38
24 1
9 92
0 11
6 41
24 91
18 13
0 17
21 38
14 44
6 92
19 82
30 19
12 12
12 39
1 40
0 45
1 28
7 51
26 59
26 15
25 55
13 61
4 79
5 88
12 72
24 12
4 3
4 2
29 97
3 32
16 65
13 52
29 32
3 6
26 21
22 3
13 3
11 72
16 7
30 57
16 3
6 70
8 3
22 53
16 49
13 100
7 80
17 6
2 81
3 16
21 69
18 34
23 2
0 67
27 98
23 62
0 45
8 77
15 53
23 35
12 87
12 43
12 55
0 10
24 71
2 57
17 13
20 49
12 97
23 49
2 71
24 24
17 63
8 59
14 14
25 82
14 60
23 69
24 8
0 43
6 47
29 24
24 69
30 3
10 42
10 36
29 94
14 84
10 71
8 81
6 33
26 56
4 45
24 58
29 95
24 44
11 72
6 20
21 64
19 81
10 38
19 48
8 15
9 81
30 53
7 50
3 78
10 34
18 1
29 17
13 6
19 14
21 94
20 92
20 98
11 98
20 70
5 32
29 44
9 45
22 26
0 76
8 73
8 48
26 94
27 9
29 51
3 35
12 78
22 58
27 25
0 30
7 45
27 63
8 79
3 71
28 48
22 57
28 96
14 19
25 81
25 23
23 28
19 85
17 94
4 32
7 10
7 5
7 52
4 5
27 6
24 16
27 53
18 34
20 36
18 34
0 60
29 45
5 77
24 2
6 74
22 93
20 95
20 39
9 30
22 52
15 8
0 71
22 86
24 33
18 20
24 7
16 26
3 17
22 53
8 32
21 79
6 33
6 18
25 95
11 97
2 45
13 17
6 58
18 95
13 70
24 68
17 83
17 93
30 23
21 53
8 32
23 99
27 35
12 78
2 29
24 41
25 2
20 30
6 88
27 9
0 70
7 47
15 69
2 58
16 36
11 72
29 58
28 42
16 29
8 77
9 51
26 48
18 15
25 64
17 29
0 23
8 89
23 69
30 81
10 85
26 18
2 75
28 37
12 20
30 91
2 40
11 85
24 40
17 41
25 19
27 39
8 31
22 79
5 34
30 94
9 13
22 82
21 98
13 34
17 57
12 80
25 73
28 25
27 62
3 41
22 95
14 36
12 18
27 88
16 8
12 59
30 61
5 24
18 19
15 9
9 49
10 1
18 93
12 90
9 9
9 76
12 17
30 92
27 66
25 58
8 8
29 59
18 97
20 65
28 99
30 31
29 10
27 8
14 32
7 14
12 20
14 66
21 100
0 85
30 69
0 38
6 4
29 28
17 42
29 52
27 46
17 96
5 16
25 86
15 62
28 38
25 70
21 84
23 6
11 83
10 100
17 3
29 79
2 73
25 54
15 73
18 43
26 82
19 88
15 93
9 36
21 45
24 39
13 43
22 73
21 52
26 11
30 35
28 51
8 27
17 77
14 88
17 16
23 73
11 23
18 72
29 63
27 89
17 78
3 70
18 56
18 54
27 46
14 37
