400
8 54
1 64
15 98
15 36
7 9
14 97
13 21
4 86
6 9
3 67
13 61
28 26
11 49
27 59
13 50
12 24
24 48
15 14
6 58
7 45
21 33
6 47
28 55
16 20
12 18
23 11
24 88
16 69
6 28
29 36
24 59
29 35
30 35
2 23
4 24
0 38
9 70
27 36
24 22
12 28
14 8
29 71
29 80
0 81
6 59
11 85
27 57
19 90
20 33
12 81
3 80
9 8
22 40
5 84
26 43
11 83
20 58
16 93
7 69
6 4
9 83
2 19
29 12
1 77
22 64
27 5
16 82
3 24
10 79
18 36
15 45
15 6
26 35
21 96
23 43
7 52
15 37
19 50
12 50
28 31
13 58
0 26
13 98
25 35
29 79
15 94
16 71
14 82
21 86
0 44
21 71
9 94
10 51
28 55
24 77
24 53
19 88
21 13
22 59
2 99
7 12
23 86
9 97
16 53
12 92
20 18
28 33
2 57
1 49
0 79
26 47
7 14
24 20
7 65
12 94
5 24
29 33
17 83
11 60
22 83
14 75
3 88
24 11
4 36
14 32
17 72
14 41
18 18
20 98
16 8
29 11
5 64
22 35
22 73
1 42
11 93
23 33
3 64
0 30
0 85
23 68
22 19
7 50
24 12
26 57
28 43
1 90
19 75
22 4
7 84
17 71
0 57
12 32
21 48
14 36
8 49
30 43
0 51
17 63
22 75
0 47
0 36
30 67
12 87
10 54
20 79
15 1
11 57
0 87
0 40
3 58
29 18
20 41
28 58
4 85
21 84
4 74
17 72
14 69
14 80
12 29
14 26
17 30
24 87
27 50
30 33
15 30
7 62
20 96
13 76
15 58
30 65
0 12
5 80
14 13
6 71
15 3
10 62
12 63
18 38
14 90
9 39
26 69
26 51
9 54
3 90
26 55
16 55
12 5
18 8
15 62
2 40
7 44
0 99
11 59
23 30
1 21
13 96
9 88
26 38
5 1
11 61
2 4
7 8
8 94
0 52
18 13
2 69
15 82
4 74
29 48
17 40
24 59
21 87
17 75
22 38
19 1
12 88
27 44
0 95
17 73
30 21
2 65
23 20
8 4
25 34
27 100
15 93
18 57
19 28
15 16
16 18
1 69
4 89
27 89
10 43
29 82
28 61
29 56
25 85
7 81
19 79
28 29
3 52
17 31
8 47
2 60
1 36
8 99
25 5
10 49
27 56
20 97
18 52
25 88
11 34
8 97
24 41
13 21
22 46
18 11
29 58
24 50
12 21
17 11
18 53
16 32
30 9
13 62
22 78
15 1
17 27
7 79
21 65
0 59
16 20
13 7
29 16
27 90
4 47
10 39
10 23
18 70
24 99
17 9
0 5
29 27
20 62
29 49
8 21
29 63
24 68
15 61
22 57
14 9
12 27
12 76
11 50
30 93
3 29
15 69
27 59
2 30
14 26
22 1
30 62
28 77
2 31
27 96
16 30
22 4
6 10
3 78
1 62
26 70
19 51
23 43
25 4
28 34
19 90
14 1
3 52
14 70
25 76
26 42
26 28
6 88
12 46
24 39
18 40
30 32
19 85
5 15
21 70
7 35
10 54
23 99
10 29
20 58
4 13
2 40
12 96
4 59
21 23
21 58
10 73
26 24
29 75
30 26
17 96
25 21
14 15
3 42
23 14
16 23
2 5
17 89
27 99
8 8
29 71
29 83
14 51
28 68
22 64
19 53
15 81
19 69
4 31
29 44
6 44
19 13
25 63
2 3
3 99
30 6
3 5
20 100
15 71
9 41
1 50
