400
0 78
0 40
7 30
8 21
17 42
9 78
9 73
10 41
1 92
8 29
22 57
26 87
10 9
16 34
28 4
24 71
28 74
10 70
28 57
16 70
21 78
17 26
8 8
18 13
6 8
30 93
29 35
1 10
16 47
1 7
5 5
20 38
11 79
17 29
11 21
5 57
23 94
22 85
30 31
19 26
7 22
14 48
6 27
8 74
12 66
7 48
9 61
22 46
4 53
23 28
16 74
30 59
28 99
24 70
22 43
18 15
4 42
10 7
18 72
23 67
29 97
9 89
29 93
25 8
25 22
7 17
19 61
2 83
15 39
24 6
25 91
21 10
13 51
17 5
20 79
7 12
6 67
15 62
29 53
9 23
24 74
26 52
22 88
25 29
15 98
0 42
28 57
18 94
10 30
9 69
12 3
1 42
17 43
6 32
27 45
7 82
28 25
17 47
13 11
3 28
22 57
29 63
28 48
15 59
10 21
2 38
25 91
2 52
18 40
9 26
24 55
17 27
11 49
9 51
11 64
2 52
2 69
3 18
7 52
2 73
13 90
10 87
29 76
9 15
23 87
8 86
29 25
20 81
29 28
25 59
28 23
24 37
24 4
22 19
2 4
9 65
23 2
6 72
16 46
28 89
27 83
30 93
21 81
22 70
28 4
27 4
18 82
0 58
12 98
0 85
12 64
17 93
25 24
26 7
18 88
7 77
8 64
15 9
27 69
14 76
17 70
20 49
4 20
0 20
11 93
26 50
15 9
11 21
16 77
7 65
12 81
19 47
30 17
24 93
7 67
13 36
2 12
3 29
8 37
10 71
1 86
23 23
23 90
2 64
21 7
28 30
24 12
18 14
17 9
9 37
28 65
3 38
30 8
4 71
4 38
30 91
25 50
0 93
9 4
17 59
27 12
5 79
15 20
27 74
5 51
0 59
17 59
15 90
24 72
7 86
17 46
13 3
22 36
23 98
13 37
22 33
22 98
7 24
16 78
23 95
13 8
21 41
16 4
8 53
7 41
20 83
15 75
12 77
2 58
10 63
13 63
21 23
16 67
21 86
16 5
12 92
4 60
22 42
5 82
28 46
28 93
27 99
22 44
22 64
17 65
19 31
18 54
4 29
1 11
1 3
7 92
0 34
3 77
15 33
24 88
19 68
12 24
1 40
8 56
15 78
29 85
26 5
29 6
25 18
0 79
28 49
3 37
11 33
1 7
7 75
27 23
24 38
23 8
24 64
22 5
10 11
4 39
12 64
12 97
7 9
1 8
4 35
23 51
26 4
6 34
28 9
28 89
12 74
11 85
14 76
17 46
12 22
29 9
28 42
7 87
8 94
10 93
8 58
21 22
28 28
20 71
13 80
7 55
14 61
6 95
6 72
11 87
2 43
4 18
18 40
7 87
11 60
15 30
7 51
12 78
14 95
21 25
2 69
6 13
24 27
2 47
30 77
25 97
30 44
18 52
21 86
8 81
20 27
0 36
0 74
28 69
6 77
3 32
7 38
14 73
6 77
30 55
2 45
1 5
22 94
4 68
13 85
11 30
1 94
2 39
1 27
15 1
19 22
19 76
19 62
27 66
12 91
19 1
21 17
3 61
25 99
6 71
1 49
11 76
6 68
22 39
13 37
19 2
6 74
15 15
18 89
16 13
7 41
19 69
12 75
4 58
30 64
3 46
5 63
23 32
22 23
24 95
0 67
3 61
23 65
22 99
0 75
4 37
16 37
18 32
25 13
11 89
15 24
30 20
26 33
30 48
5 6
29 55
26 98
28 87
16 47
18 97
27 27
15 44
0 67
