400
17 19
19 54
16 77
15 66
2 36
4 22
2 73
30 96
0 45
6 75
7 20
9 43
17 2
10 75
26 98
6 38
13 53
8 43
12 49
24 25
17 51
8 58
17 66
22 98
16 34
19 73
14 64
0 51
10 81
11 34
29 15
11 37
17 2
8 76
9 72
13 21
18 35
20 1
25 89
1 20
0 50
5 22
17 5
25 21
7 3
12 54
28 48
29 23
16 76
2 77
11 46
19 78
4 12
20 2
12 35
27 79
2 5
7 53
20 13
17 68
15 59
24 49
17 72
19 28
5 90
20 14
4 56
21 10
20 47
21 12
28 71
20 90
22 46
12 32
13 41
24 82
16 41
21 23
11 45
11 91
21 5
3 32
28 60
8 45
21 28
6 33
15 4
22 43
3 47
30 45
27 52
23 42
27 20
15 51
7 25
23 27
15 67
15 50
15 59
13 41
14 39
27 31
3 54
8 63
17 7
6 65
28 13
20 71
20 15
20 26
13 48
16 25
10 48
15 27
8 88
17 35
25 27
22 57
27 21
26 79
19 88
15 19
14 46
1 33
28 69
10 17
7 44
4 68
30 78
7 75
15 100
7 19
29 9
10 24
25 70
6 89
15 65
15 40
3 7
16 34
2 41
27 61
18 93
29 43
19 29
11 91
21 17
20 4
25 45
30 64
16 36
8 30
25 31
0 68
17 20
5 24
30 60
30 41
9 72
22 1
9 49
25 23
15 74
29 13
12 30
15 26
30 54
14 1
30 40
14 75
5 88
3 90
14 79
3 77
15 88
19 42
19 86
7 86
0 18
16 3
19 87
25 81
18 15
0 98
6 1
19 39
12 20
7 66
8 22
10 32
23 78
12 21
30 61
27 38
26 61
12 46
24 75
25 50
5 87
15 46
8 74
22 100
12 53
3 39
3 74
1 38
20 38
23 3
15 16
23 84
23 76
19 86
6 31
8 98
15 36
13 89
7 82
15 79
30 50
16 61
13 60
1 14
0 86
12 61
27 35
29 15
25 99
16 27
24 91
26 32
17 56
9 26
0 32
28 83
13 77
23 51
26 15
11 92
13 81
11 62
13 36
20 16
10 5
14 25
1 86
10 12
6 91
28 76
24 16
27 75
25 51
26 65
16 3
9 31
23 84
30 88
11 87
7 22
8 22
20 59
27 93
5 4
23 13
24 93
30 15
30 100
2 88
10 81
15 90
6 60
22 40
22 90
9 53
14 40
13 20
3 29
24 5
28 67
19 89
25 42
12 81
28 8
24 96
30 67
16 68
19 20
5 16
1 85
12 47
15 51
8 30
24 91
26 76
25 55
17 11
23 79
29 39
15 34
17 15
26 93
9 62
6 79
1 37
30 32
29 56
25 42
8 65
2 50
16 87
30 18
16 26
27 57
17 52
2 94
28 80
5 73
1 77
7 73
22 99
30 83
23 70
7 52
30 44
3 36
25 77
4 40
19 75
30 6
22 63
13 57
29 1
16 3
19 39
3 65
30 68
2 24
19 5
12 65
26 35
8 82
30 36
20 16
7 13
13 81
12 69
1 22
18 77
29 83
28 22
14 21
10 63
25 22
19 28
2 85
7 95
15 52
10 40
4 33
24 60
18 33
11 22
28 47
4 3
27 7
27 50
19 64
23 87
29 27
6 9
7 76
21 77
1 39
21 2
10 12
12 28
15 88
21 80
18 48
21 64
29 32
8 15
29 26
17 57
27 2
7 67
14 43
21 12
25 61
23 11
26 100
13 30
2 11
21 1
3 68
5 14
1 30
1 74
24 99
20 9
14 30
