400
20 42
17 82
20 94
27 9
13 1
23 11
27 5
0 71
24 45
2 34
20 18
26 97
14 90
26 77
11 59
11 8
20 60
22 25
13 20
24 84
0 32
16 45
3 36
25 29
26 1
23 5
1 17
19 4
7 97
7 15
14 69
27 48
15 81
17 84
27 48
26 36
16 17
13 19
6 64
10 85
26 68
14 77
16 69
17 70
13 20
15 69
24 9
16 71
5 77
21 78
20 20
8 58
21 80
13 75
26 66
26 55
4 15
30 70
1 22
4 41
28 63
11 46
13 78
25 60
21 26
28 33
29 95
14 19
8 58
5 60
26 6
13 1
8 26
27 13
19 51
8 59
17 64
12 69
21 2
28 55
25 36
2 72
23 93
2 17
3 59
16 49
27 95
1 68
0 96
10 51
28 84
19 98
20 55
5 4
17 58
11 32
26 25
2 61
30 28
22 19
17 87
3 70
23 63
24 44
3 51
30 22
16 82
7 48
8 30
9 78
9 64
23 48
27 87
10 41
2 44
12 79
15 15
30 68
16 84
13 17
19 92
12 53
27 8
30 65
18 86
22 57
5 73
11 9
6 16
8 4
25 10
27 30
24 88
17 98
8 63
0 91
18 17
2 74
14 12
13 72
5 43
27 45
9 22
10 81
0 55
29 57
12 75
29 98
24 22
14 69
24 51
10 7
23 46
21 20
0 67
28 67
8 60
12 47
7 17
13 60
0 79
30 9
11 30
24 23
8 61
16 23
2 24
2 31
15 75
27 16
15 77
29 61
14 77
20 28
23 19
28 8
19 34
27 44
19 97
29 50
6 13
12 67
21 43
9 39
3 38
27 28
12 48
21 91
5 71
12 61
11 23
8 53
2 100
10 2
20 41
27 1
8 43
17 36
17 63
27 92
9 40
23 51
23 99
7 3
19 90
1 96
21 56
3 16
20 83
16 31
16 31
2 89
20 19
28 58
22 24
0 12
19 77
10 92
21 2
21 93
16 69
13 67
12 55
16 100
25 46
24 4
1 56
11 4
4 78
3 86
13 74
11 38
9 46
24 94
8 31
6 57
1 81
22 71
17 74
14 45
9 46
5 10
16 61
6 11
22 55
20 48
26 51
20 41
19 2
23 67
27 46
6 92
12 7
10 100
22 53
13 27
13 91
9 94
0 6
25 83
10 98
0 39
20 24
5 99
27 14
22 14
25 76
8 71
20 74
26 95
20 100
22 91
25 27
25 58
5 61
11 27
29 41
7 90
27 91
19 8
1 38
6 38
2 23
3 96
27 22
9 79
7 2
19 29
24 86
9 63
26 10
13 81
7 12
30 55
11 10
18 87
1 45
29 89
5 85
21 63
10 71
16 45
7 36
4 20
6 31
11 41
2 42
28 63
8 25
29 74
26 74
4 78
14 3
29 53
25 57
14 3
4 29
4 96
1 2
15 30
10 4
20 36
3 75
9 41
9 51
10 35
19 24
18 33
19 7
5 19
3 88
19 72
20 65
4 99
3 44
29 6
12 75
6 60
22 13
29 40
21 6
11 92
26 42
17 51
19 16
9 59
5 56
12 71
10 18
6 37
20 45
25 26
20 67
4 8
10 46
15 41
2 61
15 8
25 48
16 91
28 16
9 76
28 18
9 97
25 77
20 78
0 4
18 57
16 71
2 99
19 85
22 17
30 74
30 44
18 98
2 90
7 77
3 2
13 69
19 79
1 62
28 85
30 97
29 33
8 25
18 64
30 96
10 7
0 20
27 100
23 86
30 67
16 46
2 68
7 79
21 70
11 17
21 92
11 51
2 11
