400
0 84
5 97
27 39
19 75
5 54
4 42
30 49
8 72
16 66
4 76
5 81
9 99
29 33
8 3
5 38
20 45
20 90
28 92
2 37
13 91
21 77
14 21
2 80
6 41
30 15
17 54
26 71
30 29
7 77
4 36
18 48
20 40
5 100
23 15
6 63
12 18
2 34
6 12
23 6
30 35
5 42
1 64
12 92
19 52
27 78
18 31
30 20
0 78
15 45
28 29
19 9
2 54
21 17
18 18
12 2
17 52
0 33
27 64
18 5
22 97
26 18
11 9
2 54
1 8
20 56
20 88
28 72
5 93
13 25
22 74
0 7
26 100
16 36
7 75
16 97
30 80
12 86
11 33
17 20
8 65
3 77
9 98
22 65
16 14
1 57
30 11
18 61
20 42
1 54
24 11
27 42
13 34
1 66
24 24
9 11
29 92
6 76
16 82
12 42
11 93
16 71
15 59
29 73
27 82
9 20
28 99
2 21
21 52
30 67
9 32
24 78
2 51
9 27
7 12
26 19
6 66
4 37
26 91
23 72
23 4
25 15
21 64
20 96
12 91
12 93
9 86
1 37
17 6
30 19
3 17
12 94
17 32
6 25
19 61
22 52
28 99
21 98
12 61
6 47
25 25
4 16
1 7
3 21
3 59
24 82
8 88
30 32
30 51
21 47
0 38
23 99
15 90
29 96
22 18
27 100
6 81
9 49
6 32
20 43
27 20
24 90
3 91
11 93
22 87
12 14
30 51
24 73
2 42
4 32
4 32
10 55
7 13
18 97
16 29
11 19
12 85
13 27
3 76
30 93
20 28
14 31
24 15
1 66
1 57
20 26
23 44
2 73
30 39
27 39
16 79
8 68
30 14
4 4
2 1
10 50
16 31
19 79
2 71
3 76
11 38
2 21
18 57
15 87
1 62
16 25
22 16
4 31
0 1
29 86
24 18
6 47
17 55
26 78
5 28
12 53
10 33
9 75
23 84
20 9
11 26
9 89
15 69
14 3
4 44
3 32
30 35
0 38
0 4
4 4
2 7
7 43
12 24
19 46
25 19
24 4
23 81
7 35
6 56
13 98
3 34
19 17
15 80
23 23
21 51
24 75
21 81
1 29
15 89
9 4
30 82
1 28
10 37
29 52
22 41
18 55
25 91
4 93
8 9
20 54
7 63
19 9
22 40
25 39
23 45
5 28
11 3
1 43
30 4
1 66
1 65
19 84
17 96
3 17
2 4
1 36
24 55
4 70
24 85
18 38
14 56
6 33
16 14
3 28
27 86
25 26
24 40
5 41
4 38
18 35
14 73
28 82
27 27
7 80
11 28
20 80
26 79
13 100
21 81
7 87
0 39
1 87
8 44
2 44
27 1
0 13
22 37
12 38
2 19
15 17
27 93
25 1
25 51
22 24
21 74
20 16
22 6
9 72
27 39
13 8
22 28
30 50
30 57
4 69
14 72
29 83
12 20
18 90
2 25
30 56
8 80
14 12
3 66
29 6
14 34
11 76
8 23
28 58
17 91
17 79
8 93
29 98
24 29
25 75
4 96
13 82
11 96
30 94
20 40
13 14
18 56
27 21
12 92
24 4
24 10
15 24
3 4
23 68
17 63
24 27
14 55
29 85
30 6
16 88
11 3
1 51
6 18
11 23
17 66
9 26
28 34
12 50
5 18
13 21
21 52
27 45
12 50
29 14
14 69
19 80
17 62
27 14
12 14
28 4
0 48
11 54
22 17
25 70
0 54
1 44
12 32
11 37
16 87
13 61
21 60
20 55
13 60
30 40
7 67
7 86
22 73
