400
13 13
17 7
15 38
27 98
20 34
4 7
12 12
11 78
3 70
8 45
11 58
14 34
27 26
24 89
26 15
26 95
23 48
14 57
5 66
30 69
4 99
9 21
15 21
21 16
26 66
30 11
12 30
25 34
16 40
8 47
7 65
25 40
14 59
10 9
21 63
8 100
11 69
9 50
15 51
11 39
29 19
14 95
20 8
19 10
21 70
11 54
0 6
18 33
11 2
7 74
29 96
14 79
11 49
18 80
17 46
4 4
24 49
1 51
27 93
4 22
27 58
16 9
8 55
0 33
19 7
25 100
16 24
30 58
13 92
8 30
16 49
6 86
30 14
28 8
12 23
18 3
13 62
7 36
27 6
30 41
29 2
19 95
21 50
5 44
8 42
8 86
28 57
3 16
30 20
3 84
10 26
2 58
24 29
24 16
3 93
30 73
22 98
7 67
4 65
7 26
0 12
21 25
21 25
6 45
9 25
12 45
10 35
14 85
26 72
24 95
15 60
10 92
24 54
16 1
22 35
17 82
29 91
22 69
12 88
16 38
25 62
0 89
24 28
11 22
4 17
3 40
7 95
8 27
1 9
3 33
30 75
25 43
5 20
25 33
6 48
18 59
19 52
13 19
12 77
12 60
11 67
0 35
14 34
13 43
16 8
6 29
8 61
26 97
22 7
13 18
7 21
22 23
10 98
30 70
25 20
16 30
8 13
23 50
8 17
12 24
22 56
28 12
3 24
10 74
15 29
2 58
14 86
7 10
18 10
26 90
28 6
17 56
7 77
8 66
11 99
14 3
9 75
24 47
0 37
0 24
13 97
20 90
24 86
3 80
25 46
30 78
18 99
14 36
14 75
14 86
30 94
4 38
0 26
3 51
14 73
28 65
13 23
19 71
28 19
11 55
11 81
19 44
22 20
30 56
18 71
21 86
5 55
24 45
16 17
23 30
21 19
22 17
30 1
25 95
2 51
19 30
8 32
14 37
6 56
6 63
11 97
0 53
24 54
8 5
2 45
1 67
21 18
30 56
27 87
22 91
23 14
24 16
14 70
14 24
5 87
27 22
30 92
24 96
4 52
22 39
11 52
16 40
22 62
8 62
3 65
22 84
3 16
6 27
11 100
13 8
1 3
25 67
25 77
10 89
7 83
30 47
7 32
8 3
28 9
20 75
23 96
13 9
7 97
13 72
13 91
29 91
22 44
2 11
25 100
15 60
4 98
8 91
11 64
26 61
1 80
23 2
10 46
23 9
3 40
30 33
19 26
30 1
9 6
15 91
27 32
27 83
18 47
1 9
23 47
29 51
10 36
4 46
14 79
19 53
8 66
18 39
20 51
8 20
28 89
22 5
16 17
17 12
3 73
7 95
18 5
14 26
20 89
13 94
3 48
19 27
17 91
25 53
18 96
3 44
22 95
16 86
11 93
15 52
23 92
16 2
5 79
13 22
22 77
20 49
10 54
7 95
13 40
9 54
18 35
2 7
2 5
22 38
0 21
3 96
7 1
7 15
5 19
8 7
3 49
11 12
26 8
26 63
15 38
21 92
30 10
18 65
9 4
0 22
1 98
29 6
13 55
17 11
19 100
20 83
1 29
27 54
12 42
27 12
17 67
20 39
14 47
29 5
8 74
19 65
29 42
4 47
2 46
13 88
3 69
14 13
11 41
30 50
11 73
28 85
7 53
20 78
2 46
1 84
9 13
5 42
17 27
9 28
13 1
8 68
5 48
28 81
6 28
27 27
10 77
6 86
11 11
0 72
8 56
24 57
13 79
24 67
1 83
4 22
11 89
1 74
