400
19 85
17 77
26 75
16 22
26 39
11 37
17 47
10 38
21 11
6 33
22 95
8 42
11 65
20 11
7 7
17 4
17 53
14 71
13 51
12 8
4 51
30 46
27 72
25 47
3 87
9 11
9 42
1 96
1 96
28 14
19 10
25 31
3 53
27 37
23 59
22 43
3 65
12 53
21 57
26 58
10 26
7 2
28 21
7 100
3 25
1 74
25 48
3 1
24 95
19 67
11 38
2 25
23 95
11 71
7 69
28 59
19 67
1 44
25 98
7 99
1 31
26 54
8 40
25 96
21 36
16 12
1 94
11 65
12 1
20 44
0 72
28 74
11 87
5 92
18 71
14 52
0 58
24 85
19 15
13 43
13 98
10 82
10 55
30 62
30 16
19 26
13 27
14 91
8 69
18 4
10 83
18 85
14 78
14 39
14 59
22 16
16 96
30 55
17 18
27 43
9 19
18 88
5 40
26 20
24 6
1 22
19 13
30 34
23 45
23 95
5 86
18 42
6 87
25 64
14 55
5 75
19 24
1 92
2 17
28 55
30 88
20 10
14 54
16 3
29 67
12 3
12 59
14 52
1 80
27 65
9 83
17 43
0 22
24 80
30 92
18 38
2 38
12 30
2 37
22 93
27 48
27 39
27 70
4 75
16 86
26 19
3 29
30 82
24 62
8 45
30 73
20 89
5 12
17 32
28 42
26 19
2 2
15 54
7 95
5 63
28 96
30 95
16 65
0 61
29 64
20 81
24 15
12 30
26 69
28 29
1 99
0 76
13 42
9 59
6 79
21 71
28 68
15 59
29 60
13 71
20 65
30 50
19 42
2 71
4 2
26 50
28 92
13 99
21 87
13 38
3 74
9 58
26 20
27 84
9 33
22 51
22 12
23 28
1 43
12 85
30 64
9 41
2 73
12 50
14 38
5 11
30 87
16 57
26 88
8 31
27 19
0 11
28 9
17 16
12 58
21 38
27 50
11 100
7 94
19 100
15 56
11 88
20 7
7 97
7 6
6 48
24 6
11 52
25 27
19 52
2 85
23 1
12 24
3 41
14 74
5 91
25 26
13 92
24 23
17 13
4 54
15 71
18 59
23 69
23 83
12 100
9 48
27 46
5 71
5 10
24 24
25 83
8 58
14 25
12 49
22 70
15 12
1 9
17 92
24 63
17 4
30 28
26 45
7 1
29 90
2 23
5 84
29 39
21 36
6 51
22 74
30 8
27 69
19 90
24 30
26 74
18 22
18 4
11 74
13 7
28 72
21 45
3 70
26 21
5 51
13 3
30 6
27 88
18 100
6 62
18 8
9 28
2 75
21 61
16 100
21 11
24 6
5 87
21 67
27 7
30 92
22 95
23 6
20 9
22 39
30 53
17 80
4 98
17 74
29 78
21 27
28 52
11 13
23 9
17 7
14 92
0 32
12 51
28 47
17 81
9 75
2 21
18 48
30 38
15 23
30 80
30 75
3 3
23 15
6 82
6 98
27 90
20 14
6 87
9 9
22 31
11 52
20 43
4 95
5 94
24 49
5 7
10 5
12 84
22 23
13 5
8 18
3 78
11 45
24 57
3 85
15 37
11 80
10 94
2 40
4 35
7 84
28 6
20 25
3 33
10 62
7 85
17 2
16 81
30 27
13 21
1 78
27 4
19 64
15 39
10 27
19 85
5 2
0 49
30 36
29 40
27 98
18 12
23 71
23 71
8 30
20 34
6 74
13 85
21 4
3 27
0 17
7 76
18 72
7 65
1 87
23 88
19 57
16 60
11 39
22 12
4 10
26 6
0 24
25 6
