400
12 54
4 38
4 11
16 71
5 77
16 35
8 34
17 42
29 16
3 49
19 23
4 30
8 72
1 28
14 7
28 2
22 41
20 33
6 54
8 98
17 2
18 99
3 16
30 59
25 91
17 98
8 89
7 9
14 58
25 43
20 61
30 61
27 53
25 76
11 25
8 20
11 92
3 20
4 5
23 1
29 83
16 17
0 4
19 70
21 9
7 11
28 60
10 100
7 93
24 16
27 31
29 18
12 57
23 60
9 47
26 92
7 87
12 54
11 86
30 90
8 31
30 76
12 34
28 14
30 20
10 52
30 15
16 85
4 96
25 48
18 75
0 18
26 34
0 62
17 39
25 53
1 20
3 75
16 63
20 3
28 88
2 100
21 46
17 11
1 96
16 43
12 13
4 45
24 94
11 91
20 15
12 80
3 92
18 54
12 58
28 57
6 74
0 9
16 29
18 35
25 42
16 84
17 74
20 77
6 68
26 36
24 22
16 92
29 46
28 63
1 67
22 26
14 66
6 21
28 5
13 58
28 68
25 51
30 61
3 4
10 50
7 23
17 18
27 99
10 93
1 47
28 74
23 68
21 35
28 100
30 58
17 58
25 91
16 41
25 14
5 69
14 34
18 78
6 4
0 98
4 43
0 88
1 93
17 18
18 77
2 42
25 61
26 84
20 33
16 55
24 34
17 63
25 35
11 14
24 15
5 69
16 67
23 3
4 84
1 9
25 90
24 62
22 58
29 50
25 32
7 50
23 7
2 29
9 9
8 64
15 33
14 69
24 21
21 51
16 29
1 49
10 72
22 7
17 50
18 92
22 68
27 52
29 90
24 81
10 37
12 5
4 14
27 100
25 3
19 12
19 22
3 46
0 95
21 91
18 33
29 58
4 55
15 6
21 32
8 45
13 22
12 68
14 13
22 81
22 8
10 60
3 5
26 5
8 50
18 76
22 5
16 73
13 89
19 68
21 41
26 24
2 26
21 27
3 11
29 69
14 21
8 3
9 85
11 85
24 44
3 84
4 100
26 76
21 34
8 19
25 5
25 84
5 7
28 75
18 23
11 27
29 12
22 49
15 37
25 43
16 67
26 26
14 53
8 91
6 25
12 54
19 38
26 49
17 87
14 53
14 90
29 29
10 64
19 50
20 83
11 76
4 49
25 75
16 37
2 89
3 69
30 57
4 50
28 38
7 36
29 21
30 46
21 3
21 64
6 93
25 63
11 67
1 23
7 89
14 42
3 44
12 66
10 19
28 26
14 53
30 92
20 16
11 30
19 95
20 49
1 77
2 25
17 8
18 29
0 62
25 23
23 87
27 51
18 64
4 7
6 37
24 95
9 2
18 18
6 23
26 5
26 97
23 33
1 60
10 5
23 9
12 72
4 19
18 79
29 35
23 69
6 76
7 27
15 73
2 61
0 86
21 15
19 12
14 63
2 3
23 46
15 47
4 84
19 58
9 6
3 50
20 11
26 58
28 91
23 12
9 15
29 62
26 76
3 13
17 15
21 66
10 45
17 79
30 42
4 51
8 45
1 7
21 43
22 67
11 93
13 15
21 77
28 97
26 69
10 61
16 81
26 39
6 63
2 71
4 73
10 44
29 53
2 77
26 100
29 80
10 54
28 73
0 31
17 89
18 48
4 43
20 8
2 27
1 85
16 50
14 1
11 20
21 100
4 86
9 32
30 24
19 21
21 62
28 4
13 20
28 48
9 17
26 86
28 72
23 56
19 47
7 61
21 84
19 83
12 64
5 1
27 42
6 19
22 99
10 56
21 41
13 80
6 53
14 58
15 11
