400
25 97
19 48
29 70
5 38
2 41
23 78
15 19
4 8
17 39
14 35
6 14
14 40
16 49
27 23
18 21
14 90
10 81
27 39
3 52
1 10
19 70
17 11
30 84
29 10
3 81
23 6
4 37
20 53
4 74
25 44
25 72
15 47
2 50
5 100
9 8
30 94
28 21
12 59
26 83
10 54
0 29
8 15
23 69
24 40
2 27
16 45
11 63
20 32
3 88
17 32
28 17
10 98
19 29
12 5
2 32
23 35
12 24
18 29
14 34
7 2
10 27
2 42
1 15
7 60
30 37
7 42
19 87
1 26
23 23
27 65
15 76
15 15
21 29
7 94
14 55
14 62
5 61
15 91
1 26
11 41
17 54
17 24
1 62
16 32
26 100
16 81
6 35
26 88
2 13
16 6
6 95
8 88
18 52
23 31
16 54
26 36
8 97
25 4
7 22
27 40
0 20
17 24
8 25
14 43
18 5
15 3
29 27
28 65
25 71
3 30
20 14
27 32
11 40
2 53
25 90
5 94
3 6
14 16
29 98
28 72
1 14
28 45
28 83
28 81
25 100
17 24
29 55
28 85
12 16
18 74
13 100
14 72
15 40
24 45
18 13
16 16
25 86
4 61
14 81
19 36
2 38
26 12
15 69
16 79
30 82
0 20
21 40
18 22
23 9
16 57
1 13
24 87
7 45
12 2
6 7
3 42
25 64
6 22
23 91
16 88
8 8
8 83
27 28
6 40
4 75
10 99
13 13
26 78
10 48
29 48
20 10
14 79
15 78
2 14
15 29
22 84
0 30
15 99
5 20
4 93
20 91
23 72
17 56
6 15
20 100
20 91
8 21
21 1
14 77
14 88
1 39
26 71
26 61
4 2
23 72
6 18
22 69
12 69
11 13
5 78
6 71
7 1
13 95
8 35
29 7
14 59
1 80
24 80
4 95
5 2
13 35
20 9
9 72
26 6
11 79
24 16
25 2
19 93
22 75
25 80
17 29
10 51
17 10
11 49
17 47
27 68
20 51
16 30
27 33
17 25
18 30
26 91
9 86
28 16
20 77
6 52
21 28
2 54
2 33
2 46
29 2
5 94
5 32
23 40
7 77
28 11
19 48
29 77
16 88
3 8
25 96
20 42
7 20
20 69
4 6
22 28
15 73
27 2
1 1
24 72
24 7
12 75
24 30
11 76
9 63
12 23
20 39
29 5
9 47
24 36
17 48
17 55
6 85
19 49
27 27
29 30
14 77
24 67
24 75
28 39
19 77
5 71
7 40
8 79
13 32
2 55
3 34
6 83
9 69
18 20
1 25
18 47
30 51
21 54
9 73
17 8
29 95
27 1
12 8
25 33
14 89
1 68
0 90
4 96
23 7
14 99
23 34
4 7
10 65
27 2
19 65
21 68
24 8
19 85
18 20
27 100
15 22
30 43
18 63
18 24
7 74
7 77
19 73
11 78
27 64
21 33
6 28
28 23
6 26
26 94
8 6
7 96
10 23
8 8
11 77
10 1
8 28
0 28
8 39
25 12
16 64
1 39
28 93
9 53
8 3
9 15
11 74
12 65
16 100
30 29
1 56
25 52
11 46
8 51
19 78
3 26
4 75
28 44
28 69
23 26
10 34
24 96
6 88
9 38
20 78
20 76
5 50
9 1
9 99
17 6
10 23
7 92
29 2
17 54
4 3
1 41
30 43
20 33
14 95
4 72
11 48
1 16
2 15
27 7
2 16
3 59
30 46
12 74
8 14
26 57
25 69
18 17
23 14
7 21
13 4
4 83
6 19
14 37
0 46
19 30
