400
12 58
0 64
12 70
0 8
21 44
0 63
12 37
10 69
4 25
18 69
25 29
13 25
17 36
15 60
28 4
30 29
30 16
1 75
25 8
30 97
28 91
21 54
5 65
16 56
20 58
26 34
17 56
26 82
2 48
26 3
15 14
19 71
24 38
3 17
9 16
9 67
26 74
19 6
8 97
5 42
18 73
24 91
13 33
24 30
22 62
25 88
14 35
18 54
3 43
14 26
22 37
20 15
21 78
14 12
0 27
3 90
9 74
3 76
25 31
18 12
21 65
15 61
24 16
10 57
5 46
9 10
13 7
16 67
28 44
10 43
11 68
15 96
4 24
18 57
29 64
30 2
20 9
15 68
28 21
10 87
15 21
3 16
29 46
10 59
16 49
23 19
9 74
9 77
15 85
30 3
8 13
13 6
27 69
18 24
21 87
8 70
8 28
29 55
30 94
10 67
16 44
15 6
21 35
25 65
3 46
12 27
16 16
13 81
2 34
1 1
6 24
26 69
24 47
7 4
7 77
15 90
8 37
14 56
10 63
7 77
7 23
5 65
7 13
0 68
26 56
15 27
21 72
28 19
3 59
11 15
13 7
12 74
14 92
1 2
30 23
8 60
15 74
29 61
25 21
26 26
5 27
13 76
0 25
20 43
15 30
27 43
17 72
21 8
12 51
10 46
30 38
27 17
7 97
19 68
12 92
28 98
14 66
1 59
25 29
30 47
21 43
3 48
16 25
20 55
1 60
0 74
23 49
22 1
28 70
23 83
1 86
6 82
22 24
26 80
15 94
25 12
19 65
26 86
21 84
10 43
28 45
30 42
10 32
8 49
29 63
8 45
17 95
10 80
0 34
5 32
4 75
6 78
30 72
5 79
18 95
24 80
0 51
13 19
1 31
29 37
5 10
2 12
23 87
14 42
2 2
8 76
23 20
5 25
20 13
17 38
24 80
10 99
7 65
12 38
20 42
21 10
2 3
1 19
11 57
20 31
26 13
9 31
11 47
4 57
27 26
25 26
8 59
17 24
14 64
6 70
3 1
13 69
19 13
15 9
19 83
28 96
3 93
8 32
25 10
22 82
20 39
30 84
4 96
11 32
14 37
0 45
12 17
22 26
19 21
21 67
15 31
25 34
4 41
4 80
3 41
0 73
27 53
16 42
5 76
2 89
4 11
29 75
15 37
26 2
2 57
28 34
4 44
26 61
28 4
20 64
11 30
23 92
4 80
21 35
3 45
17 8
8 98
4 50
16 38
1 15
5 53
5 58
23 69
9 66
11 46
29 1
11 58
20 60
3 92
14 63
0 37
14 7
29 92
10 43
13 73
18 78
22 74
24 55
7 10
6 51
24 22
29 30
18 54
9 76
23 9
14 19
23 60
9 96
26 53
25 68
15 99
26 27
0 43
30 30
27 6
14 50
22 13
10 4
27 63
23 74
4 96
19 32
2 55
3 75
30 43
7 66
13 80
23 40
14 18
5 23
29 95
0 90
14 68
7 40
24 3
22 23
14 2
21 66
9 11
6 73
1 1
14 60
8 24
18 34
5 4
19 11
5 77
28 75
11 94
26 97
21 5
17 41
29 5
30 18
3 42
11 40
6 82
9 28
1 87
14 61
18 74
17 96
2 29
3 43
30 50
23 58
21 80
10 79
28 95
3 8
26 44
17 29
25 93
1 79
25 99
19 54
26 74
21 92
14 37
25 25
21 15
12 92
23 35
29 56
14 43
29 21
20 31
1 24
20 78
21 23
17 22
17 73
1 67
3 9
24 94
17 51
28 95
27 30
15 11
23 35
