400
1 48
3 81
22 22
11 54
25 31
5 74
28 31
28 31
27 82
24 85
6 84
8 71
8 14
19 97
20 13
12 17
14 58
12 66
25 40
21 84
28 77
20 32
28 99
11 37
8 96
10 2
28 21
5 10
29 82
3 39
13 69
10 29
7 90
4 45
22 9
15 20
18 43
10 75
9 6
19 43
7 95
4 32
6 80
23 80
16 1
16 15
14 48
30 19
11 19
1 13
20 48
1 1
19 97
28 73
13 72
20 38
11 47
12 9
0 89
26 41
23 44
15 88
4 80
10 96
11 57
4 49
12 58
29 52
25 83
12 28
30 49
22 54
3 59
18 94
8 11
0 19
10 42
10 4
30 52
21 4
1 51
20 40
12 86
12 84
29 60
0 19
11 32
14 81
6 100
2 23
1 8
22 58
18 84
4 75
6 52
3 42
30 28
18 96
19 32
18 83
13 74
10 26
1 82
21 65
20 86
2 74
30 23
20 24
21 7
15 85
3 48
23 58
8 52
6 23
12 79
0 26
16 54
21 58
21 34
27 34
10 63
19 53
1 36
3 26
27 3
19 22
1 31
20 63
3 77
10 16
14 85
22 72
17 63
6 53
8 84
12 55
11 67
30 43
14 99
15 45
17 8
3 18
30 44
24 62
22 3
16 8
23 27
7 3
17 63
24 94
16 75
1 9
15 7
19 43
2 86
16 55
24 86
6 50
6 13
6 23
6 8
23 71
0 53
9 49
11 72
13 6
18 72
2 33
0 28
21 14
6 32
22 6
19 80
5 73
8 99
5 7
7 33
19 76
25 20
17 94
5 82
8 32
27 52
21 16
8 17
4 78
20 17
2 52
13 14
1 71
6 1
24 12
2 29
3 46
6 72
19 14
30 2
1 48
20 63
6 67
11 87
28 19
1 56
28 56
7 6
2 14
2 74
17 6
0 78
7 43
22 66
10 90
27 46
1 70
2 62
19 59
20 61
8 11
26 19
13 51
0 60
13 50
3 19
1 27
21 41
17 98
14 12
8 37
2 79
7 78
26 6
17 99
15 56
16 98
16 42
29 28
19 67
22 19
6 76
29 92
13 53
27 62
9 15
15 56
16 63
15 23
26 92
10 89
1 23
24 8
29 12
30 93
27 11
6 53
15 14
19 68
23 41
17 97
7 79
25 72
18 11
5 8
1 93
17 73
29 96
29 66
8 76
7 44
17 68
6 40
21 9
26 37
24 81
23 12
12 67
17 64
21 33
17 74
1 44
10 80
23 67
26 46
9 84
19 61
8 9
19 54
30 48
27 52
12 36
13 4
22 60
14 74
2 2
24 56
24 91
9 69
7 65
24 83
2 65
27 59
14 28
25 19
24 54
21 18
18 76
16 65
26 92
7 24
27 51
2 35
27 97
20 86
27 10
5 25
12 29
8 16
19 91
21 85
21 21
16 76
11 7
18 15
4 47
16 51
22 80
23 66
19 20
8 44
11 45
7 2
11 37
21 91
3 88
16 12
25 63
30 48
25 42
0 82
17 88
29 3
1 41
21 26
13 69
17 83
15 24
10 93
13 13
17 28
7 60
16 11
25 57
12 92
23 43
6 39
14 31
16 11
18 50
3 22
11 37
28 18
4 29
11 27
21 12
13 20
26 38
27 32
17 21
24 100
24 92
8 21
21 13
6 43
4 69
19 35
10 62
2 31
6 33
7 46
20 32
17 100
19 97
22 29
12 86
0 50
0 2
28 21
9 32
8 77
2 75
4 47
14 21
9 20
10 44
16 15
11 40
21 57
28 3
2 40
12 88
5 16
