400
19 6
2 25
18 60
20 75
15 57
14 22
13 4
12 91
9 78
3 39
25 37
18 78
10 24
30 28
14 62
25 49
15 81
14 78
19 37
0 42
25 10
8 48
6 70
18 66
2 75
23 85
2 75
2 80
21 74
24 44
5 12
27 91
4 39
13 76
8 4
6 59
10 7
13 29
22 28
13 37
9 72
3 37
27 12
27 66
16 85
7 48
3 57
9 93
5 48
15 12
11 97
29 64
25 91
10 45
23 96
26 95
22 3
2 84
6 95
23 11
21 54
22 47
11 65
16 57
1 93
6 19
5 72
11 26
19 57
7 45
24 87
16 62
25 81
25 15
15 25
0 7
23 29
25 4
13 15
1 85
14 17
20 27
2 78
16 71
9 51
22 38
20 14
8 5
5 41
14 71
8 98
2 14
6 30
0 36
7 31
10 100
1 30
29 26
7 56
16 5
5 62
22 73
21 45
4 8
20 3
14 72
8 9
3 37
7 20
21 4
25 33
8 50
30 58
22 42
21 26
12 85
8 11
5 49
16 76
5 28
11 55
7 52
29 97
17 67
0 13
14 96
27 58
16 68
9 37
12 4
19 91
11 16
22 81
16 3
9 48
20 57
24 38
2 97
21 82
2 46
2 64
3 55
7 49
19 25
0 36
20 75
13 45
26 3
20 76
0 5
24 38
17 31
17 56
4 6
22 47
27 73
5 96
28 10
11 96
6 99
13 14
2 15
12 49
3 35
25 73
29 62
18 59
25 69
21 3
3 6
25 19
6 78
15 70
9 94
0 19
16 43
2 89
10 82
7 73
3 81
28 52
20 28
9 3
8 27
11 97
4 80
10 88
26 3
1 91
6 31
17 51
14 28
7 24
14 20
2 13
28 58
15 66
27 22
19 71
17 3
5 32
5 1
0 60
7 88
14 97
4 21
14 92
16 14
14 93
25 91
7 88
23 75
29 75
2 25
10 90
21 84
14 1
11 13
11 78
8 1
19 15
23 29
7 36
12 9
20 55
28 24
17 85
21 23
28 95
21 49
9 83
2 64
28 40
12 4
21 97
20 40
6 18
8 29
7 55
5 74
0 16
10 62
29 56
24 49
21 75
16 6
4 12
5 91
26 58
20 57
30 10
6 27
23 64
20 27
23 47
27 14
7 75
6 33
22 41
0 8
20 46
12 10
20 46
2 60
5 75
5 6
19 70
26 96
19 54
2 29
23 4
27 24
26 48
15 6
8 37
13 95
18 12
26 42
7 7
17 76
16 71
20 9
10 89
14 7
6 32
17 46
11 9
4 4
27 74
5 5
25 67
18 76
3 54
9 66
26 87
24 76
29 35
23 80
29 67
27 63
21 17
7 8
7 89
4 65
15 84
16 69
20 64
18 23
24 77
13 66
19 59
0 44
29 35
26 8
9 98
6 43
13 5
23 64
12 91
4 74
29 60
12 27
1 85
13 70
19 50
18 25
3 87
5 37
1 84
8 2
2 17
10 51
29 54
24 57
15 93
18 41
25 89
29 39
25 21
6 60
18 33
29 24
15 76
2 35
13 36
29 20
12 30
26 37
17 7
30 80
3 17
16 84
4 93
21 99
29 17
18 47
12 57
27 91
15 58
4 91
8 86
3 14
23 89
13 34
7 61
15 29
14 30
21 1
8 84
24 57
1 57
9 34
14 25
26 91
10 31
30 37
19 87
25 34
18 23
26 81
29 88
12 91
27 84
28 54
21 84
15 3
23 44
0 3
2 38
16 29
9 85
17 55
29 74
18 46
10 91
4 3
3 47
24 78
6 63
24 79
