400
9 28
11 95
2 65
4 85
0 67
10 57
13 6
4 48
11 33
3 17
3 58
0 92
19 2
19 52
6 72
2 27
4 23
4 60
13 84
3 20
15 33
24 64
24 65
15 41
14 71
13 83
4 36
22 14
17 59
16 35
15 20
9 20
12 48
4 72
20 98
21 76
23 7
11 31
23 74
18 86
10 48
18 59
16 19
11 89
21 52
6 76
15 46
29 89
11 4
18 95
17 35
0 67
0 92
3 18
6 60
25 8
2 73
11 3
15 61
11 59
30 63
7 15
26 62
10 34
16 92
26 93
15 51
17 1
11 55
20 40
9 23
12 1
15 90
6 39
27 52
17 33
24 13
29 43
19 81
27 36
6 72
7 22
3 30
28 29
18 88
16 10
9 6
13 61
26 89
0 6
25 60
5 19
0 30
29 30
9 4
15 53
21 56
11 25
7 92
28 99
17 48
10 4
5 40
25 16
24 77
20 23
0 38
24 39
25 87
23 26
7 98
25 63
15 75
21 54
27 15
12 28
1 74
4 83
26 9
11 61
4 44
12 5
26 15
28 72
2 55
1 82
30 77
18 95
7 63
24 59
24 2
19 90
25 80
8 59
25 22
9 93
14 36
3 56
24 26
8 80
21 52
4 30
5 93
5 70
21 59
3 76
19 23
1 40
2 59
3 80
28 32
4 58
1 31
8 61
23 67
20 51
10 57
9 30
0 18
16 73
7 78
10 91
19 22
9 73
24 24
28 24
18 85
17 52
4 40
16 57
29 31
21 74
19 83
25 59
16 74
6 40
29 29
14 36
22 10
15 44
14 57
3 43
0 69
22 88
28 49
19 30
13 78
11 14
28 44
14 97
8 35
13 21
12 1
19 17
25 50
12 81
12 66
14 65
30 39
22 100
29 48
26 33
26 77
28 79
4 27
13 87
18 100
7 92
7 67
23 14
20 97
13 8
2 20
21 32
5 22
17 8
21 26
9 92
20 72
16 66
28 94
9 27
20 11
0 28
11 5
25 75
20 54
26 87
18 69
17 48
4 24
24 53
12 39
12 97
26 44
11 42
20 65
15 41
15 46
12 40
5 6
14 60
14 65
11 34
9 66
15 29
23 37
7 70
17 55
1 82
15 99
4 2
11 10
29 69
30 70
27 12
30 28
10 88
1 36
24 94
22 40
13 46
27 63
6 91
19 1
15 54
14 41
24 48
27 43
5 29
19 8
10 14
13 85
28 46
11 20
2 73
13 96
25 63
8 59
14 96
2 30
25 85
8 55
7 96
25 15
0 23
15 48
19 73
28 93
1 69
30 56
28 15
10 88
1 34
16 63
22 97
0 41
28 74
17 97
0 8
20 45
16 50
23 22
17 21
27 24
26 31
3 27
20 21
17 87
6 92
1 51
28 9
16 31
11 30
16 14
10 16
6 37
19 99
19 11
3 12
4 72
7 77
4 20
3 46
0 20
28 51
27 46
12 27
22 62
18 10
16 31
5 71
0 54
17 35
14 86
7 89
14 80
30 28
19 42
0 62
12 24
7 58
22 80
28 73
7 67
20 50
20 94
19 95
14 30
4 60
27 25
8 91
30 76
15 86
11 11
16 41
10 25
13 58
5 6
17 33
19 65
21 28
28 82
29 32
18 24
11 73
13 78
26 44
14 86
2 3
10 52
2 60
19 94
13 19
23 71
16 3
18 59
14 23
22 96
19 71
7 20
2 49
27 68
23 97
18 77
16 77
1 87
19 19
0 60
6 63
3 88
14 100
10 7
11 80
11 73
25 47
23 99
20 34
26 46
11 19
