400
7 14
9 6
7 23
5 23
9 49
27 19
0 42
1 27
26 2
2 15
21 17
25 23
22 14
8 75
8 67
19 76
6 31
29 11
10 30
23 99
7 76
21 16
22 47
2 73
27 53
29 91
10 91
3 29
4 1
18 75
22 93
4 78
13 12
6 58
2 55
5 67
5 1
0 92
7 74
12 88
28 23
24 84
9 56
24 58
30 7
2 100
13 4
14 44
19 35
0 90
16 79
19 54
4 54
28 99
27 32
1 13
12 43
6 51
26 74
13 83
28 62
25 53
29 44
20 44
10 64
12 61
2 29
17 8
22 51
25 30
14 58
11 67
25 9
20 54
23 90
25 53
8 74
18 27
12 10
1 98
25 57
23 17
9 75
25 85
22 4
29 45
16 77
17 23
0 78
10 53
18 77
15 49
23 49
9 72
1 98
29 73
7 43
20 63
20 81
25 32
23 60
27 40
21 92
27 25
7 1
22 23
16 40
4 22
23 76
16 55
23 86
26 34
23 48
4 44
23 62
5 72
24 41
30 82
7 58
5 8
18 17
30 56
19 63
2 62
16 86
21 69
6 2
11 50
21 38
16 69
1 51
8 75
3 26
22 47
27 27
23 11
20 19
21 9
6 65
0 65
2 100
16 56
13 62
10 7
22 68
4 68
30 7
26 21
26 19
9 28
11 66
25 94
30 50
15 10
22 42
8 5
7 38
7 24
21 77
18 40
17 3
26 22
6 83
12 70
6 63
16 38
12 55
4 48
28 5
22 65
28 95
8 19
4 10
11 68
5 29
4 82
11 77
1 44
15 73
12 61
3 21
27 9
17 96
22 33
16 79
9 63
17 56
0 15
22 79
1 91
0 87
19 17
0 49
27 34
0 39
16 42
14 11
8 50
24 15
28 94
16 51
14 45
5 22
10 96
10 12
14 35
0 86
14 26
18 99
1 43
26 92
2 17
0 24
4 24
9 89
9 97
24 73
4 84
9 87
18 71
7 94
3 52
0 94
21 67
9 79
22 76
21 48
29 21
2 16
7 97
27 29
6 78
0 86
15 99
6 21
17 96
25 23
14 51
20 36
13 84
23 89
11 88
20 44
1 86
1 21
15 31
21 23
7 53
3 6
0 67
4 31
21 37
4 90
27 93
28 26
0 47
4 53
4 14
19 76
3 98
14 45
21 54
27 23
5 23
20 79
29 98
9 32
10 53
16 36
0 60
27 39
9 34
19 99
11 7
6 10
6 47
17 57
6 50
16 84
17 95
19 94
19 36
1 31
18 16
24 43
1 67
11 52
23 87
14 16
29 71
5 22
27 61
11 58
29 88
18 68
2 67
27 99
27 77
13 78
12 88
29 90
28 87
15 71
4 31
17 58
22 37
29 36
0 83
0 99
11 32
29 24
4 12
29 66
11 10
9 39
6 56
24 37
24 3
19 38
6 98
18 88
17 100
29 57
14 32
30 21
8 95
1 78
24 75
4 26
8 23
12 50
20 39
20 35
0 11
20 100
4 52
20 78
27 43
29 64
29 46
22 41
1 88
0 91
19 95
25 90
3 22
2 47
5 45
22 44
9 29
29 13
7 94
23 41
16 96
1 76
3 49
19 74
13 62
17 29
26 13
13 94
2 58
28 87
14 55
13 69
0 45
20 13
3 94
3 79
26 40
28 58
28 5
28 82
2 5
22 16
20 27
30 37
30 57
4 2
24 77
22 61
24 53
11 29
7 23
3 1
9 47
8 23
7 43
14 14
24 80
21 20
13 30
22 27
14 22
11 26
24 29
17 87
12 70
4 23
4 71
