400
23 35
25 29
21 97
13 50
29 97
14 5
25 75
18 100
6 92
5 75
30 26
21 88
23 17
11 1
30 35
7 96
21 2
9 14
16 95
16 59
29 26
11 46
1 67
21 57
3 72
19 73
6 100
15 21
21 91
24 99
12 98
8 29
5 3
24 12
3 49
13 66
2 98
4 9
19 83
9 23
7 1
27 72
23 2
27 34
17 46
24 7
28 15
10 63
26 8
0 13
26 24
9 12
19 77
11 80
8 18
17 75
17 14
22 70
26 90
13 90
17 31
16 31
8 59
16 34
1 98
30 30
4 56
28 78
28 34
12 80
17 87
20 83
9 59
27 100
29 48
2 71
18 21
13 42
13 9
27 71
0 40
15 96
9 75
18 89
20 64
19 15
5 12
0 9
14 39
22 3
3 70
3 92
15 38
2 86
20 39
6 95
17 81
6 12
28 56
4 13
7 40
24 58
10 57
15 53
17 44
12 91
13 65
30 66
26 51
1 22
5 89
6 55
8 41
27 95
28 5
22 76
5 96
28 10
13 95
11 25
16 79
30 97
30 9
23 83
23 63
4 72
1 67
20 69
17 95
0 87
21 21
24 23
28 47
3 80
26 17
15 63
0 43
1 22
25 55
30 51
0 91
7 78
23 69
13 46
23 5
1 75
22 61
13 77
24 40
23 18
29 87
0 82
22 59
25 93
7 75
21 83
30 10
25 91
17 75
10 69
13 32
4 26
20 93
20 82
30 87
13 98
5 69
26 83
6 27
1 32
20 31
1 73
14 19
24 26
7 60
17 24
23 8
1 56
5 38
24 72
11 79
19 50
26 74
23 33
18 55
12 51
6 91
13 78
14 90
5 27
1 75
0 49
17 73
3 26
14 61
3 5
27 66
20 81
16 39
10 8
19 24
6 14
10 90
16 60
8 48
22 49
5 30
27 77
9 83
12 18
7 42
1 24
10 100
0 43
20 3
28 84
4 79
19 66
16 17
1 24
18 2
25 48
15 17
30 69
7 28
29 11
17 68
18 65
19 25
19 33
8 13
15 53
16 55
0 2
16 27
3 89
13 92
12 90
1 55
16 65
23 86
16 83
2 84
27 21
0 19
6 33
19 50
26 13
15 88
27 10
24 22
22 82
4 27
19 7
19 52
27 75
0 59
30 39
8 11
22 84
18 31
20 25
26 50
28 67
14 48
0 14
13 4
27 18
1 37
17 21
20 59
5 39
28 94
9 79
27 56
28 3
18 42
28 45
1 5
22 79
16 39
14 42
15 42
7 9
21 36
13 36
17 84
25 71
26 89
4 8
3 46
11 20
7 29
29 93
10 82
21 99
7 54
24 88
10 34
11 35
29 28
23 84
20 10
8 80
26 30
16 64
12 6
13 90
30 95
23 83
23 56
10 55
10 56
7 14
25 45
5 7
4 83
19 40
21 32
26 50
10 99
15 78
9 68
16 26
22 93
12 64
19 42
10 57
20 74
1 63
4 33
21 15
28 74
8 92
30 55
25 77
30 70
29 59
8 75
2 38
21 98
13 36
7 39
4 23
4 42
17 67
17 42
14 40
27 94
23 15
15 95
28 82
30 45
15 71
5 57
16 21
22 52
20 9
25 68
3 77
2 89
29 65
3 79
10 59
21 33
27 93
4 30
19 31
16 59
5 87
11 6
13 23
4 18
25 66
15 2
7 50
30 82
16 46
1 62
8 71
23 88
21 1
15 23
30 67
1 7
7 94
16 50
30 26
28 73
25 99
10 85
6 82
0 41
28 67
1 86
15 20
19 14
2 17
1 44
20 71
