400
18 60
0 55
18 7
17 72
25 79
22 86
26 73
20 37
29 3
22 39
18 2
13 53
19 14
6 17
28 11
5 77
5 63
27 98
22 90
25 27
21 13
20 48
19 76
18 78
16 91
5 23
7 38
30 63
18 4
26 82
29 53
19 67
30 11
25 43
11 94
8 53
26 82
28 94
14 81
7 13
3 24
30 69
5 60
17 85
22 83
2 42
16 46
8 36
7 48
18 59
20 3
4 26
8 69
9 88
5 2
16 58
11 36
6 92
2 3
15 49
4 91
26 5
4 74
30 16
6 100
23 11
27 29
13 38
8 33
1 89
13 46
24 59
30 61
14 75
3 21
13 57
28 14
0 62
8 32
17 32
23 11
18 63
14 64
9 89
18 30
5 96
17 99
17 33
7 39
4 49
21 90
18 1
30 79
15 72
30 63
0 99
19 69
12 9
10 50
18 80
3 90
14 98
9 44
14 33
20 89
30 58
3 32
3 75
16 42
10 19
17 80
3 67
10 88
21 79
25 25
9 60
9 90
7 51
22 28
28 45
14 11
20 94
4 62
25 98
1 8
11 88
5 65
28 76
26 86
24 40
6 18
26 25
14 48
17 13
22 70
19 23
20 96
5 55
15 99
10 65
12 13
12 48
12 10
4 35
18 45
13 9
7 75
0 1
19 35
0 87
12 3
5 7
26 48
18 36
1 89
5 65
14 31
29 32
11 21
5 53
19 2
20 28
13 84
16 15
8 5
23 70
13 91
20 87
6 73
5 28
11 91
19 87
4 33
14 66
17 60
13 20
25 50
2 12
15 70
14 70
10 91
3 19
22 99
6 85
11 72
24 8
12 4
18 75
13 73
17 6
20 94
29 16
17 51
5 90
6 24
2 79
6 6
28 65
28 73
11 15
17 9
18 19
10 31
3 32
8 100
14 5
30 96
3 99
10 69
17 90
0 11
16 83
24 91
28 74
23 89
16 96
21 43
1 11
23 37
12 39
3 34
20 11
20 82
11 96
7 48
0 33
27 100
23 20
17 35
9 67
20 63
4 6
23 40
20 59
21 1
20 64
30 23
30 63
22 12
8 4
10 41
28 25
6 31
0 95
22 33
3 16
5 18
15 5
10 3
15 19
22 11
24 25
17 94
0 41
6 51
26 26
26 23
15 74
29 48
12 9
23 58
5 32
22 95
28 68
8 84
17 42
14 32
4 27
2 97
19 9
10 98
27 92
5 54
6 83
6 8
8 85
29 100
19 61
30 58
11 18
20 11
2 73
0 63
11 93
27 96
19 88
23 10
15 9
16 67
0 1
3 41
1 42
19 6
23 77
24 27
12 3
3 35
26 26
26 46
11 1
14 48
3 2
26 89
18 23
23 47
2 58
15 97
15 79
19 52
24 8
29 100
30 8
25 57
21 10
10 28
18 91
12 37
2 50
0 79
15 72
5 59
21 1
23 16
3 52
9 28
28 94
18 51
30 32
12 69
11 29
9 65
21 26
2 40
15 38
0 7
16 22
13 16
7 51
13 92
4 76
4 16
29 15
28 77
22 63
26 41
1 86
4 39
18 53
5 78
1 72
19 20
27 48
10 57
0 62
19 21
14 17
7 51
30 37
19 98
8 40
7 46
10 64
22 83
19 16
10 87
13 69
17 90
11 10
27 63
20 37
25 60
19 7
27 90
12 50
0 19
13 13
20 73
16 93
18 58
4 59
2 11
30 71
15 37
18 29
19 67
19 34
1 95
28 82
21 4
16 50
0 93
23 89
3 68
24 15
14 23
4 13
30 62
23 91
1 5
15 41
