400
1 74
17 60
23 100
27 48
20 91
4 49
22 52
12 74
22 86
22 88
0 4
13 87
0 36
19 84
24 42
27 41
9 93
22 90
27 39
13 32
0 71
8 41
6 96
28 60
18 15
13 36
24 6
25 86
24 33
18 30
15 13
20 17
13 67
28 37
14 92
6 71
28 5
14 4
1 65
16 75
14 7
23 39
22 34
10 12
19 8
15 14
27 28
14 17
3 65
6 9
6 92
22 69
4 89
17 90
17 40
8 60
20 26
8 37
26 21
2 12
4 14
2 17
29 91
4 43
10 19
30 4
18 4
21 7
17 79
22 10
6 50
19 22
5 27
2 88
3 76
10 30
28 85
10 27
25 67
24 54
1 53
4 19
1 20
29 83
1 73
21 7
0 76
26 75
6 63
15 98
2 63
14 68
11 56
4 32
22 43
26 2
16 10
12 45
1 94
7 7
17 55
13 59
16 88
21 44
22 13
19 10
7 44
3 89
9 40
6 91
21 76
20 73
17 20
28 31
29 4
16 28
12 86
17 64
20 36
11 37
19 15
27 91
25 67
5 3
18 28
27 47
14 58
29 9
8 82
26 21
14 49
13 93
22 48
20 7
26 41
1 71
28 35
30 44
27 100
17 28
21 84
30 11
3 94
24 47
29 95
12 58
15 16
28 11
19 24
30 80
25 19
8 59
16 62
13 97
6 70
0 92
28 36
16 84
0 51
10 57
16 37
24 53
17 12
27 75
3 20
19 72
26 17
10 57
9 91
12 61
2 19
29 65
21 18
23 80
23 61
15 89
3 33
22 30
4 60
14 97
4 35
26 78
24 86
16 60
8 35
16 36
16 45
30 82
7 50
8 3
22 90
2 4
17 93
18 91
0 70
7 80
26 19
11 78
29 54
3 14
18 16
13 57
8 76
4 72
24 18
5 50
15 25
30 85
20 59
18 45
2 37
6 59
8 10
3 62
21 7
14 21
18 15
13 8
9 25
27 10
18 8
30 93
18 63
16 16
2 95
29 24
22 20
21 25
30 55
29 22
27 5
5 11
11 21
21 31
6 82
5 88
29 92
0 33
19 56
7 85
28 63
13 51
3 93
14 29
14 81
30 21
19 80
9 15
28 87
0 39
19 1
20 34
27 15
2 94
13 27
24 6
30 43
19 82
12 67
16 9
17 66
19 31
24 62
6 24
21 25
17 12
29 11
7 29
27 64
6 49
3 75
28 87
0 58
27 34
27 26
20 59
15 56
10 58
7 63
0 67
20 27
3 30
21 73
29 65
5 59
13 64
14 58
19 87
10 37
2 93
6 59
8 91
13 5
0 36
6 52
3 76
19 8
17 20
6 48
11 57
23 54
26 48
25 36
1 25
6 67
26 11
11 70
15 56
1 28
16 97
10 30
29 86
2 56
22 94
8 68
19 22
16 10
6 11
20 4
3 85
26 35
2 77
20 66
27 65
2 93
9 69
19 39
4 63
22 70
18 24
28 25
1 81
3 94
11 10
3 1
15 91
26 51
20 43
15 64
29 26
1 97
30 15
26 67
1 16
23 70
2 75
0 86
30 56
17 37
10 32
23 38
19 87
12 62
29 86
24 73
5 57
19 1
28 85
14 73
9 85
2 8
13 7
0 6
20 47
25 43
25 86
27 97
30 58
20 56
5 47
18 53
16 33
28 11
8 47
28 93
25 47
5 10
13 46
16 33
9 59
24 9
28 76
14 65
3 74
22 60
28 66
9 35
19 84
3 14
21 29
18 34
16 31
12 39
0 98
10 58
24 20
28 58
15 35
17 56
25 11
