400
26 11
8 60
8 18
3 16
30 42
25 87
23 10
4 18
4 76
12 14
8 92
17 61
25 39
11 2
25 87
14 71
20 88
22 60
2 16
26 89
24 20
2 16
23 56
23 74
22 68
30 42
13 13
21 17
20 28
9 48
14 90
2 16
3 33
6 67
7 58
28 3
18 92
3 80
28 80
17 67
10 32
10 63
21 45
10 13
9 31
27 80
28 51
17 15
29 52
18 19
14 76
3 47
0 16
6 58
30 5
10 97
5 41
12 3
11 12
14 73
30 48
18 75
19 91
2 90
24 60
26 87
30 20
24 54
1 24
7 40
6 62
0 29
24 72
27 5
5 91
21 15
28 69
18 94
0 97
7 66
30 38
24 15
0 97
26 46
2 80
30 40
4 70
1 17
5 5
4 94
9 49
2 28
15 63
17 67
30 8
30 34
7 35
6 12
3 99
9 86
28 17
17 80
8 98
24 54
19 96
6 53
9 88
29 22
12 37
2 15
5 45
12 50
23 69
28 68
1 29
28 88
0 45
3 45
5 48
15 57
6 13
30 10
19 36
8 38
26 98
22 46
9 32
7 79
17 84
9 17
23 87
21 59
17 69
9 17
23 45
27 69
25 43
13 87
18 64
13 71
17 68
16 70
8 97
13 79
19 52
11 22
30 43
18 30
16 23
28 89
17 56
5 24
22 97
29 78
12 65
23 49
5 98
26 97
20 35
30 65
13 86
6 44
3 71
6 71
4 79
11 2
16 38
9 57
17 42
22 3
26 78
17 14
11 79
2 13
3 7
27 27
21 95
24 68
4 74
29 61
24 6
26 25
30 60
9 64
17 58
6 26
0 17
5 39
24 70
11 83
13 87
22 95
17 6
28 23
17 44
11 64
4 82
9 65
11 24
25 43
16 61
13 36
5 59
23 27
5 94
11 89
19 80
14 33
25 11
30 62
20 96
30 88
4 43
3 7
6 92
0 46
12 62
23 75
2 35
17 9
23 79
15 16
9 11
14 30
26 20
23 10
10 55
12 71
17 90
29 98
25 96
26 17
2 11
0 63
22 71
25 8
5 32
3 52
21 43
17 45
21 71
7 57
26 33
9 90
3 60
25 20
30 22
9 63
4 62
14 48
5 89
2 44
14 51
17 71
9 23
13 92
1 79
26 12
10 88
25 28
11 37
23 65
22 76
17 90
17 76
12 93
24 93
30 58
3 22
18 75
30 59
9 68
27 39
3 31
26 3
30 67
3 65
8 28
20 85
4 33
0 14
3 95
10 12
21 57
14 92
12 48
24 33
7 61
0 24
10 53
9 43
14 12
5 6
19 5
14 46
5 32
23 14
15 30
0 3
14 57
8 22
12 7
3 56
1 29
15 41
27 56
10 44
12 51
1 4
5 37
17 24
15 45
14 94
17 60
20 87
24 36
16 76
13 36
5 42
30 95
1 65
1 86
18 42
21 78
3 52
26 87
3 48
2 92
9 73
15 12
4 88
22 61
24 31
2 68
21 96
2 24
24 64
20 48
6 82
21 37
5 97
18 41
6 98
4 91
25 36
30 74
2 100
29 44
4 46
3 83
24 44
2 53
2 37
9 26
25 7
18 26
16 11
8 22
6 29
24 78
13 29
10 16
3 36
6 26
18 32
4 53
11 39
11 66
0 20
8 87
13 80
18 31
14 89
15 26
1 64
2 15
28 96
15 19
9 73
7 5
27 30
1 79
11 72
12 24
21 30
22 72
10 9
12 72
6 74
14 14
27 35
27 54
2 98
7 79
19 41
9 80
16 32
2 57
2 11
4 52
