400
17 40
25 28
3 88
4 53
9 39
13 64
27 22
10 33
12 29
16 78
26 59
9 22
1 59
10 87
18 72
28 48
15 95
9 78
12 53
20 14
20 85
6 58
14 83
26 61
6 71
2 51
0 33
6 25
18 65
10 5
25 38
25 76
7 86
19 43
0 46
2 7
12 8
18 95
30 76
7 46
20 71
12 76
4 98
28 41
6 73
23 15
29 90
23 51
25 18
20 86
1 53
10 36
24 72
4 24
24 24
22 85
16 14
12 20
26 65
23 8
24 83
4 30
15 2
11 44
2 87
13 41
27 49
9 33
1 10
6 35
30 9
17 10
12 67
3 71
17 94
14 96
11 51
17 7
15 6
28 62
15 56
7 13
10 81
5 12
25 12
29 9
5 22
15 66
25 66
9 68
8 31
18 58
19 51
28 24
11 88
5 59
18 18
30 8
15 31
27 30
2 10
4 1
2 10
7 58
14 89
27 83
22 31
30 44
11 53
19 46
16 89
6 90
9 89
13 71
3 5
15 81
0 57
27 60
8 36
12 65
23 80
20 88
8 79
12 46
22 38
30 53
0 26
4 78
18 76
21 44
25 88
3 74
20 97
1 36
19 49
5 67
9 70
13 30
27 26
26 46
25 48
11 73
28 96
11 89
17 49
24 6
29 40
13 29
9 100
15 82
13 1
6 48
29 89
16 47
26 65
2 42
27 99
29 100
24 46
13 2
26 37
30 81
28 31
7 50
24 6
19 10
18 35
3 42
9 89
10 24
30 87
21 90
23 48
5 67
16 59
24 77
29 5
28 33
30 6
2 69
18 98
16 19
28 23
21 82
14 76
28 87
15 44
28 35
15 25
21 25
18 96
17 26
30 27
12 35
21 72
3 49
3 85
26 19
23 72
12 100
21 10
12 35
30 49
27 92
8 81
13 70
9 1
1 58
19 25
25 30
22 62
29 84
28 52
15 64
18 87
4 18
14 32
3 57
15 46
5 81
0 95
29 51
1 30
25 64
29 59
11 82
0 64
27 52
7 39
1 14
17 70
14 61
29 5
5 11
18 84
0 7
4 89
20 71
27 25
0 72
17 91
13 25
12 19
3 92
21 16
15 5
2 27
4 7
3 15
15 87
26 73
14 86
23 85
14 86
9 21
7 46
11 91
12 12
26 73
2 60
23 89
28 79
29 94
17 68
1 50
17 30
4 25
6 51
2 75
21 93
0 13
15 83
0 50
17 56
5 4
26 97
2 20
25 19
14 65
19 84
21 96
18 51
8 53
30 32
3 77
19 44
18 38
13 78
5 70
4 41
21 46
17 97
19 40
25 36
8 86
28 30
7 79
4 76
9 37
3 66
27 11
4 95
10 75
23 85
24 51
29 57
1 97
28 16
6 10
5 18
13 50
22 79
0 52
19 29
12 67
13 15
19 83
8 46
25 56
12 2
6 21
14 48
6 88
11 67
15 22
16 49
0 86
10 21
3 21
23 33
20 52
16 45
29 34
16 4
5 24
22 26
20 55
15 36
19 58
6 30
1 37
0 11
14 45
18 58
2 32
10 30
17 17
4 14
1 80
26 45
18 60
18 17
12 37
16 85
2 8
12 69
24 55
9 91
4 86
20 44
4 9
1 8
11 31
2 37
23 91
9 33
5 80
22 52
22 76
27 56
22 23
1 19
26 62
2 54
25 42
5 40
27 90
9 52
23 43
9 51
7 27
22 92
16 30
27 75
27 15
23 94
27 21
17 81
10 71
22 60
22 84
4 15
19 13
6 8
19 2
29 100
11 51
12 23
18 95
24 9
