400
10 19
10 55
17 10
12 60
25 4
9 98
13 16
27 42
14 5
5 25
1 38
20 44
27 81
8 51
4 49
1 47
19 35
29 31
15 90
14 7
16 3
29 61
16 70
29 63
14 92
4 6
5 47
26 55
29 75
29 100
2 22
30 43
21 42
26 54
16 37
19 37
30 16
12 28
9 76
10 50
20 63
10 33
5 14
15 51
17 39
9 75
23 71
0 69
12 52
27 81
0 72
5 22
12 18
6 32
23 75
15 80
28 71
16 40
5 83
17 42
29 53
3 33
28 47
5 84
4 32
7 7
17 58
4 42
28 13
2 48
18 34
28 14
8 95
18 5
24 57
16 63
12 5
3 89
25 47
25 25
12 45
3 35
30 7
1 67
1 18
13 2
5 96
28 19
29 50
9 62
6 80
2 2
4 52
17 14
30 19
20 78
29 59
22 38
15 29
2 30
30 48
1 6
2 3
25 10
18 85
28 94
17 22
25 99
28 59
3 21
30 78
5 51
9 54
13 62
3 63
20 25
9 56
25 41
3 22
9 83
9 51
19 99
11 23
28 64
3 13
12 27
5 30
19 96
1 86
15 64
1 35
16 95
1 17
12 65
15 33
8 59
26 56
3 16
30 91
29 83
22 1
9 77
25 55
7 64
0 42
23 91
13 68
16 64
28 76
16 83
25 6
2 51
6 7
30 52
12 4
6 41
10 88
5 26
5 31
27 72
30 35
19 12
29 50
11 8
19 45
4 44
22 75
19 20
16 25
0 49
14 32
11 13
20 84
1 90
6 25
14 40
3 12
9 94
2 29
14 10
26 16
11 80
5 17
28 9
29 63
1 50
1 77
18 69
12 59
0 98
0 23
19 15
27 79
4 20
15 17
8 11
29 43
27 10
27 52
6 5
9 92
20 13
1 60
25 96
13 35
14 16
18 70
4 3
3 79
25 10
20 85
5 52
22 94
5 13
7 81
25 97
12 97
9 43
4 85
4 75
6 46
12 96
17 39
19 82
18 96
3 81
24 45
20 90
22 7
22 74
5 93
2 67
28 6
17 14
28 33
19 38
23 95
16 65
4 30
16 54
29 4
9 88
20 57
29 23
30 36
21 98
25 54
5 54
7 64
19 16
2 5
1 3
3 13
8 44
23 12
19 44
12 82
3 58
13 84
10 40
2 28
9 19
16 43
0 71
28 40
13 67
12 40
9 71
4 1
10 60
4 8
1 52
23 12
22 6
22 85
11 53
12 88
1 31
28 86
5 20
29 52
8 29
29 3
1 46
12 28
17 34
16 89
20 63
11 73
15 53
10 85
19 84
19 61
4 87
6 87
4 90
9 66
8 51
0 95
22 37
6 5
8 96
3 31
25 67
20 15
26 65
16 46
14 74
28 74
29 32
30 83
3 95
17 50
24 61
7 51
30 8
1 51
17 2
21 75
4 96
30 79
28 22
30 97
5 28
21 60
23 24
29 60
18 68
19 11
6 35
13 11
29 1
9 66
0 28
8 27
19 57
14 4
2 33
5 27
7 27
5 41
7 2
28 11
16 5
19 20
5 38
30 46
13 65
5 78
20 72
25 18
28 76
10 91
12 17
30 22
1 66
24 31
10 19
4 75
11 54
5 74
30 14
13 70
11 18
15 84
9 98
20 74
12 3
10 65
18 47
10 12
10 40
30 19
24 64
25 94
13 27
9 20
24 84
25 69
26 90
29 53
3 56
6 63
3 73
5 77
7 34
27 34
1 60
9 69
1 74
15 77
4 7
6 49
0 21
5 74
14 34
6 70
1 28
26 82
27 28
