100
25 16
5 1
24 49
7 64
3 5
11 53
3 23
7 60
28 86
20 28
8 1
30 27
30 26
2 38
10 99
12 36
17 5
12 57
26 96
7 32
11 39
13 25
24 14
9 37
29 28
2 12
3 46
23 6
14 83
17 11
4 45
8 24
0 44
6 36
4 69
24 5
7 35
6 30
4 97
28 33
30 97
3 25
10 68
28 41
0 45
13 98
1 84
19 38
28 28
27 5
0 69
23 19
13 52
14 83
5 70
3 86
23 31
22 86
15 49
13 78
8 85
22 22
2 25
11 91
19 92
20 19
9 64
19 31
23 24
18 2
19 37
28 87
1 27
28 4
7 19
11 3
21 90
16 95
10 29
10 67
1 79
23 70
8 88
13 89
6 24
11 62
4 86
10 18
8 20
2 38
1 70
7 74
10 75
27 23
2 17
28 40
14 79
12 29
20 49
7 6
2 1
1 34
4 47
3 31
29 60
20 77
8 54
23 67
0 70
22 80
12 22
4 14
14 41
6 24
13 27
28 76
15 15
25 86
20 18
29 30
7 37
19 74
9 74
23 81
24 5
2 74
11 57
12 66
30 85
9 44
26 28
10 53
23 57
4 99
11 88
30 56
19 81
28 80
16 92
30 21
5 12
12 83
27 42
27 78
3 54
5 89
6 51
3 62
10 72
28 41
13 67
6 59
19 31
9 74
18 18
15 67
24 42
14 10
10 88
21 9
27 70
5 84
12 75
16 97
2 11
5 16
20 96
7 44
28 53
20 58
23 30
4 73
17 72
3 18
19 96
27 69
27 48
20 77
20 45
4 11
15 67
4 88
2 15
3 14
16 42
9 98
1 80
1 20
19 23
21 24
16 55
29 87
30 31
16 23
20 31
20 1
1 72
26 16
23 32
10 63
25 63
25 69
2 64
21 34
28 51
16 85
9 37
27 80
25 54
27 35
12 39
12 56
28 75
14 29
4 87
6 28
15 57
15 56
26 13
25 7
6 40
6 6
23 50
13 7
6 54
23 63
30 59
8 18
30 79
18 94
11 86
19 35
0 85
26 70
11 93
26 54
22 70
7 41
23 32
2 19
7 17
2 65
0 52
18 2
19 61
11 5
12 16
17 68
12 22
10 66
10 69
11 14
28 87
7 39
12 60
19 89
29 61
14 77
13 51
27 46
0 2
19 74
14 77
13 88
20 13
18 75
20 32
25 89
30 31
8 48
24 43
9 77
21 51
20 68
16 86
9 45
25 48
1 19
7 99
7 51
21 31
13 67
19 1
27 28
26 90
19 51
17 73
9 88
26 40
25 67
8 17
20 78
26 65
17 37
15 50
22 65
30 94
17 56
7 97
23 43
27 56
17 84
19 21
16 16
13 84
7 21
15 53
28 13
3 38
7 41
18 53
22 76
3 11
12 16
7 59
1 3
8 33
12 13
13 21
7 27
8 29
29 86
28 60
6 99
4 92
23 16
0 77
0 99
1 36
2 53
23 34
3 50
24 40
25 58
17 76
0 78
0 73
22 93
7 42
6 75
1 91
27 58
2 81
19 14
0 79
20 95
7 100
29 73
22 23
18 93
13 61
11 73
23 11
23 31
11 37
30 89
20 10
23 70
24 88
7 53
5 28
17 43
3 78
27 60
12 67
17 49
30 51
8 20
19 60
24 14
16 11
24 5
17 1
13 61
2 17
18 25
22 79
11 50
17 65
11 81
1 2
26 42
0 18
5 33
25 22
16 13
3 91
6 35
18 64
9 20
11 46
0 50
25 57
25 62
20 5
26 85
13 48
25 40
11 66
20 9
