100
17 45
16 6
28 75
5 28
26 88
4 6
27 74
26 30
14 34
13 82
24 1
20 28
18 98
15 1
10 1
24 78
27 28
12 97
21 33
0 59
24 24
25 31
15 2
15 76
18 43
22 57
3 83
19 91
22 9
6 86
1 97
23 89
0 61
30 65
0 21
3 85
9 78
30 91
8 42
4 83
2 91
25 24
3 80
26 54
10 55
19 48
11 72
7 62
22 66
23 59
1 58
6 50
29 10
1 22
6 17
5 97
29 15
22 7
15 15
6 6
12 39
18 16
25 82
16 83
27 13
18 89
2 2
9 41
28 77
15 12
12 51
26 29
16 81
7 46
6 24
25 32
22 99
18 65
29 5
0 87
11 40
9 14
2 81
3 54
19 20
13 4
4 14
20 36
14 64
24 48
7 70
12 82
20 27
29 54
12 12
15 53
23 95
2 8
28 3
21 62
4 61
11 80
19 98
29 14
9 70
5 29
10 51
30 72
27 56
28 69
25 41
7 78
29 94
23 14
18 82
19 15
28 82
14 18
15 17
24 55
2 42
6 72
4 96
29 47
8 50
23 65
24 88
18 18
30 16
25 98
8 70
17 41
6 94
11 49
24 54
29 13
22 8
4 90
9 29
0 48
17 48
23 28
10 88
24 59
12 88
0 12
4 77
30 40
21 16
26 34
8 98
7 47
10 90
3 67
0 71
14 8
24 44
23 100
13 24
15 81
23 40
21 60
1 29
17 84
30 68
15 95
11 64
8 45
4 13
16 27
23 63
3 46
2 88
9 25
24 3
0 84
19 55
30 58
14 12
13 94
10 23
14 76
24 64
9 4
9 78
10 6
27 60
5 22
14 67
23 62
24 63
9 19
2 10
0 19
30 17
23 43
20 50
5 100
19 62
25 81
5 84
14 54
30 45
27 28
21 83
7 84
11 88
21 82
20 27
21 31
25 92
4 3
21 83
4 94
24 28
29 45
6 74
23 49
6 42
17 22
10 34
8 42
17 55
19 66
4 67
10 45
11 84
24 53
20 65
18 17
5 75
5 3
27 12
28 58
29 26
16 77
7 86
9 65
13 20
24 50
10 83
1 21
6 98
23 81
14 72
4 53
25 10
5 6
13 72
17 91
30 88
10 39
28 64
6 54
24 97
30 47
30 22
0 78
3 26
16 11
2 31
24 26
22 15
0 95
15 36
14 82
12 83
17 75
21 97
23 38
2 49
2 10
17 61
2 63
11 16
11 85
16 51
9 42
0 72
0 84
20 96
12 58
29 89
11 44
13 23
0 73
2 73
14 15
2 9
29 18
4 35
27 51
23 61
15 78
29 88
0 69
2 12
10 42
1 92
5 85
0 42
21 9
1 46
15 18
3 88
19 1
17 68
13 91
24 28
0 27
11 23
17 60
16 13
23 93
17 48
25 26
14 37
9 59
16 99
16 88
27 8
10 22
10 58
26 10
26 97
11 55
18 53
30 32
27 62
14 61
22 83
4 29
9 77
16 18
3 46
12 62
11 34
16 95
16 56
21 22
18 69
6 41
2 2
19 27
29 69
15 34
13 40
27 14
25 48
23 87
17 18
16 42
16 25
7 42
30 62
2 25
23 18
24 37
28 37
29 79
29 87
18 65
28 67
15 15
22 27
30 20
22 46
26 69
12 82
19 13
25 70
28 11
30 93
21 91
1 31
23 35
8 50
6 95
2 77
18 55
0 8
29 88
18 62
6 83
7 13
15 62
25 37
16 46
25 34
23 22
27 81
1 32
21 19
4 51
12 97
9 1
9 15
6 6
4 7
13 55
