100
28 23
12 76
2 13
6 6
7 32
3 24
26 38
22 32
16 17
18 11
11 73
10 67
28 23
22 18
8 68
30 33
21 94
15 88
22 86
21 86
7 98
9 76
11 88
21 82
17 89
30 93
15 97
21 82
30 97
3 91
30 86
20 96
0 86
28 77
8 15
8 57
26 72
12 99
18 24
0 17
14 59
3 48
0 84
2 56
0 8
28 77
16 21
5 17
2 98
8 12
20 25
30 88
5 25
8 87
18 60
27 63
4 94
18 48
0 1
6 22
6 86
12 9
4 30
3 58
24 37
18 37
16 63
22 79
27 58
25 69
6 27
17 15
24 51
5 94
13 94
15 54
23 62
26 73
25 37
7 50
10 72
7 23
19 100
25 93
11 45
20 13
10 7
22 28
29 25
16 19
5 6
16 85
17 97
22 10
22 51
21 65
3 90
28 53
13 42
9 100
4 35
9 59
10 50
1 46
22 22
30 34
21 55
15 24
15 19
14 52
7 5
6 48
30 62
14 25
15 84
19 98
20 18
26 14
7 99
9 61
9 11
25 65
1 40
20 42
17 66
4 41
25 91
13 7
19 75
23 43
22 29
1 81
15 88
15 95
24 50
11 24
18 88
15 54
12 43
0 80
19 33
20 8
1 89
25 77
27 60
24 36
7 5
5 43
22 63
13 43
0 94
12 33
2 96
6 59
11 98
25 80
27 36
7 8
19 73
26 9
14 15
21 38
20 13
7 10
22 95
24 32
9 24
10 51
21 28
26 11
4 75
18 71
4 81
9 86
11 45
9 88
20 26
22 78
27 67
0 71
22 22
28 44
28 25
14 54
22 9
12 74
26 22
11 10
6 31
7 86
6 48
0 39
12 34
9 71
24 23
9 63
22 19
7 51
20 83
28 84
19 84
16 93
0 75
26 6
25 62
0 76
30 73
2 20
17 25
2 3
5 14
30 57
28 24
18 33
14 88
1 48
23 9
30 64
21 14
0 51
30 63
23 16
30 66
3 73
24 8
17 6
19 28
12 48
22 38
20 72
16 71
6 16
24 73
1 79
2 75
16 72
30 15
30 31
0 85
4 85
20 57
5 95
14 73
23 32
25 49
26 86
29 65
18 90
14 62
14 100
3 86
4 16
3 19
21 18
20 49
10 69
26 36
27 34
15 76
24 67
9 94
15 63
2 68
28 96
20 67
5 56
18 79
16 31
18 47
25 10
0 30
5 59
2 59
2 57
12 33
8 65
24 85
2 22
17 56
26 18
30 66
23 75
23 90
12 86
18 37
6 36
28 62
8 81
16 83
6 77
11 66
4 80
21 16
17 21
11 33
10 32
29 33
5 80
25 12
9 68
16 64
25 46
20 39
30 88
18 94
18 74
16 28
6 46
24 84
24 30
4 75
19 75
8 75
22 93
10 59
12 71
5 40
30 76
7 19
6 14
18 42
15 74
24 60
18 25
24 36
8 58
6 12
29 75
5 46
15 88
22 98
3 69
30 94
8 48
8 43
1 44
15 89
30 14
17 25
21 32
30 81
12 73
1 43
19 20
24 99
27 68
25 97
25 92
0 82
20 25
25 34
17 71
27 81
6 74
16 19
22 75
14 92
13 84
17 28
15 46
11 100
15 45
25 72
22 19
25 68
4 98
0 78
30 9
12 9
28 92
0 75
23 40
10 63
27 2
14 84
9 19
28 69
26 91
13 47
9 21
20 33
27 22
11 55
0 32
0 53
15 63
8 73
7 54
9 2
27 14
25 80
24 88
20 15
20 4
26 11
25 5
4 98
19 16
10 35
12 22
