100
11 70
9 7
30 28
19 42
1 39
9 5
21 21
13 8
7 100
13 27
21 13
3 31
5 59
28 35
21 87
13 1
22 69
14 92
2 98
19 32
4 79
2 39
7 93
11 71
7 21
22 71
18 81
26 45
17 37
14 13
7 93
29 52
21 70
26 1
4 36
11 10
7 40
23 17
18 12
11 70
14 78
28 4
9 24
7 58
3 49
13 95
24 100
3 3
7 87
18 35
24 6
3 50
22 51
20 75
3 51
27 32
21 65
1 15
5 9
19 69
16 6
0 96
12 61
14 94
28 45
25 1
8 61
8 33
8 88
30 47
23 81
22 97
10 62
24 34
4 97
30 57
1 26
21 21
27 84
20 29
4 31
4 3
23 83
20 30
24 83
28 79
16 6
16 96
6 51
11 66
8 91
30 21
25 74
15 3
24 10
8 51
7 57
28 26
2 19
19 47
29 86
1 22
26 83
15 39
23 19
21 90
13 20
1 46
14 15
9 18
30 34
29 36
15 21
5 29
18 76
2 98
7 43
28 50
3 76
20 12
12 78
23 16
2 94
27 49
6 39
13 78
11 96
23 52
29 20
29 55
27 1
19 31
13 67
28 27
20 55
11 56
4 59
25 38
16 94
23 4
22 86
25 43
10 24
29 56
16 98
19 66
28 67
11 26
21 55
6 94
7 3
26 36
11 56
23 24
8 7
7 4
15 31
24 65
30 7
10 43
15 30
18 42
1 100
13 92
9 25
22 20
15 67
30 16
23 4
8 86
4 16
26 9
8 99
29 98
12 98
0 7
22 3
1 77
15 98
14 2
2 4
22 6
24 50
15 83
22 59
17 76
17 65
24 28
22 93
19 27
8 26
12 10
7 81
25 83
29 63
28 58
11 33
30 24
15 34
17 7
25 14
24 29
10 4
26 38
28 31
20 70
0 4
22 57
7 57
25 27
5 53
21 43
3 3
8 21
21 87
5 45
28 69
16 73
28 95
0 92
24 49
13 1
27 41
8 95
10 32
8 88
22 14
10 97
2 88
9 43
4 57
11 28
7 26
17 73
20 41
13 5
9 84
28 27
12 13
2 32
12 54
10 38
4 57
24 42
0 79
30 25
26 43
11 19
8 19
24 97
19 52
21 28
15 96
6 18
6 96
11 98
3 97
11 87
30 28
28 7
20 23
8 21
27 17
10 61
29 56
2 67
16 10
26 86
7 42
9 96
26 82
22 42
11 36
23 78
0 32
7 68
12 46
13 64
15 40
18 69
28 44
16 76
10 49
24 47
11 93
25 76
5 2
6 14
30 68
2 86
16 33
25 38
23 54
2 26
10 2
27 46
27 24
15 14
15 95
2 41
5 18
9 99
3 19
23 39
20 78
8 87
2 15
5 73
22 88
29 77
30 76
27 2
8 82
23 82
4 28
28 69
10 20
8 1
16 71
9 34
0 94
12 45
8 10
19 74
7 9
7 8
16 98
23 16
29 6
29 83
17 13
23 92
24 22
17 6
11 54
24 55
22 29
17 58
22 47
28 3
20 48
3 31
20 76
14 95
6 43
16 4
9 85
9 78
5 22
16 55
12 90
29 86
1 32
2 80
21 32
1 39
10 22
23 53
0 6
1 33
24 66
23 76
23 98
22 93
30 59
4 38
9 9
24 80
9 77
14 80
29 87
14 79
11 60
24 28
28 100
22 38
17 41
21 38
0 57
20 71
7 86
25 14
21 1
22 73
15 36
5 2
20 71
18 63
11 39
1 50
7 1
4 57
9 19
29 5
24 94
9 1
5 7
10 77
12 13
29 65
