100
3 31
1 6
20 57
24 33
5 94
15 27
24 93
2 68
11 97
19 8
21 21
30 64
12 45
1 30
24 40
3 37
5 46
17 97
25 62
12 56
18 77
19 83
15 36
1 35
18 64
24 48
27 8
30 44
5 76
0 69
16 31
0 29
22 96
2 46
20 29
9 11
8 39
3 37
15 84
6 48
20 1
29 49
26 53
19 83
11 3
27 9
1 15
10 12
25 23
4 85
22 42
21 30
30 17
5 38
6 78
19 53
26 65
9 3
23 83
14 83
29 87
10 18
24 17
7 4
22 47
18 56
3 77
23 39
6 33
3 82
29 79
19 34
21 69
26 37
9 32
18 40
28 65
16 40
3 31
28 18
14 61
21 87
12 100
8 51
29 36
5 90
6 95
7 52
1 60
24 40
22 37
12 56
13 22
1 78
15 44
5 60
16 45
25 44
16 15
30 78
1 70
8 100
17 82
6 6
13 53
20 45
0 5
13 98
13 66
28 46
29 73
2 83
14 6
29 78
27 15
7 34
19 37
2 88
22 44
10 25
10 79
0 55
4 5
17 92
18 96
18 10
3 51
10 93
29 28
22 11
10 4
6 50
13 96
6 66
2 11
7 61
13 57
27 97
14 41
21 76
2 92
14 92
1 22
19 37
21 60
0 53
22 59
0 75
6 16
17 74
23 3
15 52
24 91
29 91
24 96
6 33
28 77
4 14
10 44
4 3
19 12
18 91
1 96
14 13
8 96
6 90
8 87
6 26
15 70
2 10
7 47
19 24
27 27
15 58
30 54
20 64
16 22
16 40
27 74
18 74
17 70
22 49
22 20
8 16
6 47
7 89
13 10
7 63
7 23
22 85
25 89
25 45
16 68
7 73
10 27
3 8
6 99
30 34
24 28
15 77
13 61
19 2
15 15
28 55
20 10
1 25
8 12
20 67
20 17
21 19
20 61
3 99
17 61
5 69
6 100
29 63
14 94
22 4
4 96
25 45
27 64
0 10
24 88
0 21
2 54
18 6
3 92
15 75
27 76
0 18
25 10
26 10
12 3
23 64
10 29
4 98
22 22
9 91
28 32
21 29
21 15
23 15
19 62
10 39
15 43
8 20
21 71
15 22
4 52
4 31
5 6
11 65
9 61
21 29
29 50
30 98
0 70
28 97
23 64
5 71
19 9
20 76
20 20
3 11
17 75
2 37
17 81
4 26
19 88
11 34
6 54
12 7
26 68
18 80
23 77
14 50
25 11
23 69
15 72
12 66
12 90
26 49
18 30
23 88
2 25
22 2
30 80
19 10
13 17
16 40
11 49
7 53
29 52
27 9
26 36
20 98
22 47
22 9
29 27
15 4
12 14
6 63
23 9
16 17
14 84
8 24
25 46
27 2
19 35
21 74
6 21
17 70
15 14
0 24
11 98
17 23
11 67
16 84
20 100
1 7
4 62
19 4
23 37
22 38
13 30
23 38
21 22
25 8
20 59
9 71
15 61
27 33
17 38
19 35
24 25
14 18
5 50
19 20
6 54
8 68
27 11
20 94
13 16
24 74
3 14
5 27
27 78
9 15
7 26
13 31
12 36
26 27
6 3
1 81
29 58
5 61
7 89
4 99
10 45
6 36
19 87
11 79
15 45
23 72
20 26
9 68
6 63
9 53
12 42
24 29
22 24
16 19
26 14
7 24
1 37
25 10
21 9
14 80
9 8
23 97
6 30
29 43
2 54
3 15
15 7
1 79
10 18
22 1
16 99
5 21
30 69
7 82
29 47
25 23
25 39
20 68
9 63
8 19
24 50
23 63
