100
10 61
19 98
14 1
20 23
3 62
10 73
15 91
13 7
21 91
10 19
20 59
28 48
16 69
21 11
4 35
7 78
6 50
8 79
18 74
16 86
1 82
23 17
13 58
28 45
1 20
25 40
2 82
3 64
21 18
24 28
25 95
0 61
21 41
29 94
4 58
4 59
5 33
18 46
27 61
18 14
17 57
1 89
26 37
11 60
21 88
10 80
12 28
1 47
25 47
18 85
1 21
21 39
24 33
16 64
11 65
17 11
9 39
17 74
18 54
11 74
10 40
19 96
23 70
0 69
27 54
5 57
13 100
29 71
15 97
17 36
8 51
29 17
27 80
18 43
24 83
0 87
25 18
8 48
25 42
7 72
26 20
4 23
6 30
20 90
11 72
3 44
21 33
17 22
2 6
2 88
21 23
15 85
1 7
20 41
20 9
29 64
5 20
26 82
14 6
0 53
12 38
7 91
24 93
26 35
0 22
25 80
6 32
16 15
29 7
6 67
14 96
2 9
30 81
28 63
2 89
25 98
28 45
7 36
16 36
17 78
3 98
4 84
2 56
25 66
2 76
30 34
10 45
14 61
3 29
30 22
10 26
23 2
6 34
30 87
3 23
18 70
24 17
25 84
21 58
26 54
28 93
1 34
5 31
28 36
21 24
26 83
20 62
25 25
9 23
5 99
21 80
2 2
0 72
20 90
30 6
2 93
0 9
7 4
20 53
30 2
19 72
13 65
21 71
0 69
25 72
15 51
6 70
6 32
5 84
17 32
1 78
6 20
20 71
17 87
23 77
14 64
4 31
16 15
25 5
3 41
13 64
18 98
19 11
11 36
12 92
5 22
14 10
10 9
25 50
16 43
15 90
17 73
1 21
3 88
20 26
15 97
10 100
25 23
19 54
27 14
21 63
22 81
28 6
23 37
14 55
17 86
10 62
3 36
4 74
29 92
28 92
5 46
11 6
12 9
7 21
30 38
12 43
1 68
25 30
13 39
0 66
13 92
22 48
16 37
13 9
7 54
16 8
18 38
12 49
22 94
7 19
3 51
29 4
18 37
26 39
4 5
7 71
7 35
22 82
22 1
22 72
20 77
4 37
15 80
25 89
8 95
21 51
30 12
29 76
12 41
13 56
29 79
10 82
30 70
19 33
6 37
13 78
12 36
9 38
3 38
25 65
27 89
27 53
17 44
4 4
17 62
27 63
16 24
19 29
12 91
1 6
2 13
25 56
17 75
6 24
14 36
0 19
20 32
5 76
30 93
11 29
1 1
15 31
18 35
28 32
25 22
6 13
11 95
11 32
29 12
4 84
27 50
27 14
24 52
5 87
11 49
19 100
10 13
8 19
6 10
17 49
20 93
19 32
4 16
3 71
24 77
11 94
9 42
11 7
6 94
8 13
25 54
9 84
26 23
16 18
0 10
10 43
20 59
25 19
2 28
23 71
12 19
30 21
13 57
21 50
1 27
18 83
13 60
20 28
12 61
19 53
15 83
19 60
10 7
11 85
19 23
0 55
13 48
28 40
8 26
30 78
17 94
28 29
27 79
1 65
2 87
11 20
19 67
21 61
7 90
14 61
8 90
7 74
21 32
20 24
29 23
29 27
23 25
10 20
4 62
22 54
25 14
12 90
21 28
29 76
19 27
5 72
13 17
16 12
3 83
28 3
25 68
22 61
16 62
1 70
4 7
27 83
10 36
11 81
1 2
27 9
21 47
27 84
21 47
26 50
7 40
7 50
26 87
18 79
15 6
30 77
11 21
13 83
4 94
26 97
2 61
2 41
6 10
30 59
17 74
