100
4 74
20 51
13 6
14 55
9 31
21 28
24 8
17 36
22 12
0 7
12 77
6 85
30 48
20 47
17 23
20 55
3 24
28 98
26 43
8 13
16 52
19 19
6 29
0 48
2 1
9 74
9 99
11 36
2 91
4 67
12 100
15 96
10 99
21 46
1 38
18 92
4 90
23 89
9 98
11 96
18 68
2 32
25 48
30 16
12 91
21 62
28 26
9 35
30 68
28 84
7 5
6 57
14 13
8 26
0 21
0 80
15 43
1 31
16 12
11 36
24 80
7 26
20 47
5 28
27 28
13 24
17 81
12 62
28 90
27 100
22 61
12 1
10 15
23 77
19 22
9 83
23 31
26 58
6 68
13 100
28 42
14 1
20 2
21 43
11 38
12 6
16 61
29 17
29 81
30 21
28 53
30 39
11 49
25 88
3 97
27 66
11 94
11 9
6 12
7 71
17 85
20 24
8 81
9 94
3 1
18 58
1 18
11 60
4 84
3 15
15 92
4 17
18 62
8 34
0 77
4 78
25 20
22 22
8 28
30 82
14 80
14 13
5 90
21 3
28 11
17 25
11 25
2 85
5 98
7 41
11 13
26 33
0 77
11 27
29 34
20 90
12 72
7 37
15 98
5 55
14 100
13 15
26 13
26 85
22 27
19 10
3 97
17 6
25 86
30 65
25 80
11 69
7 81
11 45
12 78
18 2
19 72
24 41
23 8
13 24
0 39
23 35
27 24
13 38
16 74
2 84
26 62
27 50
15 7
20 99
16 61
11 30
28 33
30 34
2 91
24 70
17 10
11 21
24 92
11 9
28 30
18 28
23 76
21 26
12 65
22 2
30 28
16 65
29 28
22 66
8 13
4 67
20 88
9 86
20 27
12 1
19 37
10 52
0 1
24 27
7 56
1 20
22 67
11 52
5 91
6 55
1 99
16 97
11 46
14 59
16 45
9 36
26 76
22 73
4 18
14 79
1 57
19 12
29 69
19 47
26 91
24 63
9 86
16 70
13 51
7 31
0 15
9 6
22 98
14 6
16 24
13 57
27 49
21 95
12 41
30 12
26 74
26 6
17 63
14 99
0 77
4 14
6 81
20 2
21 54
22 44
28 37
23 24
4 55
11 31
14 90
17 61
21 52
22 91
20 48
27 56
21 29
0 58
20 7
4 75
12 49
10 41
16 65
10 65
23 72
9 88
15 95
8 88
20 15
6 63
0 63
17 54
20 58
14 15
0 49
5 6
7 45
15 69
6 76
9 99
29 5
18 19
30 48
3 100
6 92
3 51
20 12
9 53
20 7
18 47
9 23
0 95
2 53
9 68
28 41
12 65
29 14
27 18
30 37
27 45
3 4
27 65
20 42
19 56
16 43
6 35
13 14
18 82
24 55
20 6
11 83
4 83
8 58
19 71
24 51
24 56
26 14
5 11
9 49
22 41
4 1
7 53
1 30
17 36
30 92
24 4
9 19
0 10
3 70
17 72
3 33
19 93
13 89
24 28
13 96
15 42
10 45
1 71
23 50
16 52
20 2
25 7
9 15
14 51
20 41
0 88
25 81
11 10
12 58
19 48
1 17
18 10
7 44
26 38
20 64
18 9
29 22
11 94
11 59
6 23
3 10
4 87
17 56
28 30
5 51
5 42
3 40
0 48
5 92
15 13
13 48
7 43
13 93
17 25
29 30
23 51
21 36
4 70
1 5
0 31
27 39
12 10
25 7
2 71
0 55
22 31
7 68
10 16
27 11
23 16
10 58
11 77
7 89
6 81
10 46
7 78
29 37
25 94
22 79
10 9
