100
11 43
30 99
23 87
16 42
19 83
14 81
5 52
18 91
17 22
5 24
13 31
1 41
5 94
26 95
25 13
10 62
6 7
0 85
2 50
16 88
30 63
28 34
25 15
16 90
18 86
26 8
20 66
29 32
25 23
5 16
6 38
23 57
10 62
6 18
8 68
28 98
5 86
3 11
2 49
0 13
21 28
13 8
22 45
8 8
14 72
10 94
21 85
16 98
0 14
23 75
29 77
30 26
29 19
24 57
29 64
5 2
20 20
2 12
24 76
23 51
19 43
19 81
14 7
10 57
20 78
25 71
23 41
2 63
13 28
24 24
4 81
1 39
7 57
4 73
13 28
21 38
1 44
29 83
27 59
25 59
6 33
9 72
10 95
3 36
25 23
18 33
29 5
22 63
20 62
3 2
5 21
19 70
3 71
6 63
15 60
7 23
23 69
16 59
4 14
26 14
17 30
13 56
15 73
2 81
7 98
24 62
6 98
9 83
14 26
10 81
2 43
15 28
20 81
0 92
1 58
17 94
1 58
13 8
2 95
30 2
0 44
29 38
4 61
28 10
25 49
13 3
21 61
0 98
13 89
13 46
15 18
14 70
1 12
12 10
6 2
8 63
14 37
1 49
29 5
10 11
11 34
26 41
28 47
11 99
29 6
0 7
5 5
23 34
5 44
17 40
9 8
16 42
1 82
7 1
13 99
17 20
23 51
1 14
21 95
28 55
24 45
1 38
15 41
23 5
11 44
16 40
0 42
1 55
2 7
0 59
2 36
18 61
27 9
27 17
14 51
17 70
5 72
18 69
18 23
12 16
26 66
9 69
11 63
7 39
3 7
16 78
5 60
28 27
3 93
21 81
30 59
22 33
9 6
14 13
4 7
27 74
21 53
12 69
17 34
14 27
28 89
26 25
24 48
30 17
6 85
17 29
23 64
17 92
29 2
16 70
13 49
5 66
9 8
13 83
16 59
29 95
27 5
23 52
2 51
28 1
21 19
8 92
25 6
11 40
27 91
11 15
11 33
12 78
22 38
28 1
30 73
4 19
7 100
29 17
2 3
29 51
9 12
13 99
11 24
2 96
13 64
11 17
13 26
27 87
10 81
4 51
4 36
2 58
13 64
6 79
16 56
4 4
20 78
14 14
5 46
29 95
4 42
9 41
14 60
1 99
29 3
23 61
11 89
10 63
26 45
26 76
6 40
0 37
26 37
29 71
1 19
13 38
16 52
15 34
4 87
25 81
11 71
14 77
27 32
1 35
7 19
24 27
26 31
10 57
30 40
20 93
5 64
6 96
25 31
27 79
6 21
25 73
15 29
29 69
15 43
8 65
13 92
5 1
30 57
2 83
1 79
1 27
0 84
12 37
3 59
17 36
29 81
23 84
12 71
4 15
14 50
17 72
21 72
13 19
8 14
21 51
3 73
28 90
20 90
18 24
19 46
6 91
12 66
20 21
13 90
9 21
26 41
6 13
30 14
10 24
23 45
12 45
5 91
16 47
1 35
23 65
15 80
27 92
7 72
25 62
20 42
10 41
2 84
29 82
28 37
27 2
10 73
7 100
26 2
27 27
14 44
8 30
27 34
19 97
22 98
22 65
14 72
14 99
28 33
18 58
13 27
16 79
4 58
5 65
11 5
16 6
10 89
18 14
26 64
23 38
9 15
4 73
2 75
4 46
29 96
15 51
12 3
30 30
24 59
8 59
2 73
6 99
9 5
8 87
19 40
18 5
4 63
2 42
7 39
19 76
1 72
23 2
3 44
22 54
30 24
2 39
0 15
28 23
8 73
24 71
