100
1 82
8 35
28 30
3 95
18 21
22 44
19 72
27 61
10 95
2 6
24 13
29 30
13 12
7 88
6 97
28 14
10 70
12 72
7 45
17 35
4 28
15 34
21 50
2 44
24 90
11 81
5 12
13 22
4 45
1 7
16 17
6 93
27 74
16 62
7 50
30 76
27 36
12 66
28 68
20 62
22 99
22 10
20 6
24 93
26 76
0 13
10 34
0 16
20 66
17 88
12 27
23 93
13 59
2 66
29 79
12 82
30 67
15 47
25 93
23 11
27 8
20 64
19 2
6 44
29 78
30 91
6 52
7 72
2 98
22 26
25 54
27 68
7 99
0 90
7 41
27 46
26 48
28 83
27 44
16 18
22 62
19 13
30 74
5 31
11 27
15 49
1 37
1 68
17 48
16 40
19 9
12 65
10 11
4 55
9 24
7 40
12 66
3 40
4 41
25 41
7 43
22 35
2 69
24 73
16 89
17 46
25 77
30 40
23 95
17 82
18 10
29 70
28 10
2 36
27 38
6 42
16 56
1 7
24 46
18 92
6 20
17 55
25 33
1 98
12 98
27 4
23 13
18 25
22 64
9 25
0 96
9 62
29 34
4 17
5 9
24 34
5 24
9 66
1 63
14 86
7 80
14 61
26 55
24 61
18 10
3 9
29 44
30 51
18 5
26 52
21 97
0 14
13 2
5 50
11 23
28 53
12 21
26 57
27 9
29 16
3 65
5 45
0 63
6 15
5 93
22 84
11 68
7 52
13 61
27 94
4 6
9 62
12 34
11 74
20 70
13 1
22 91
26 55
25 81
9 16
19 91
22 67
6 98
11 23
9 54
14 9
29 85
5 26
6 48
27 74
14 54
9 41
5 89
20 16
5 36
11 51
21 84
22 11
23 11
24 86
7 22
12 14
24 95
6 14
3 100
10 53
4 67
18 50
1 98
23 100
27 32
28 95
12 30
3 98
5 12
15 25
17 1
21 1
19 88
22 48
23 97
16 100
14 33
27 2
4 29
13 60
12 34
10 98
12 39
0 95
14 6
4 90
6 96
2 67
11 48
14 27
2 41
18 46
17 80
15 16
20 47
26 69
23 62
9 77
0 85
15 69
19 77
22 27
1 82
26 41
20 25
22 63
15 47
30 20
25 55
3 34
29 3
21 84
16 71
25 15
7 88
2 61
13 65
26 71
29 59
15 93
13 48
20 15
18 82
14 65
22 14
15 85
21 76
20 36
13 65
6 15
2 16
6 67
16 29
25 30
10 48
24 93
22 81
24 84
9 42
18 64
21 34
6 34
21 12
13 77
19 61
29 56
25 22
16 10
13 84
4 43
29 71
18 14
21 61
2 70
29 32
8 97
10 49
22 51
9 66
21 63
1 55
30 21
12 95
3 72
8 71
10 33
7 28
29 42
8 84
11 66
24 80
27 36
28 92
30 27
11 27
25 95
5 40
10 100
5 45
9 31
12 17
1 56
12 51
30 49
3 29
5 15
27 66
12 5
20 92
12 16
30 89
14 77
8 28
25 71
19 29
16 39
3 36
7 48
2 91
10 63
17 20
11 73
5 23
15 55
6 70
4 68
7 1
21 80
23 79
1 76
11 63
29 28
23 38
10 54
23 62
3 22
18 3
6 58
20 12
29 21
19 88
14 6
14 50
4 12
14 46
28 69
5 74
22 32
4 78
1 5
28 10
7 12
8 14
6 87
0 88
29 61
19 66
26 16
14 54
28 20
9 6
13 85
2 50
22 75
2 11
24 84
5 50
8 57
25 46
26 38
10 13
5 53
26 2
22 60
