100
15 19
30 94
12 25
17 51
29 15
10 17
1 31
6 38
29 53
30 26
16 8
30 41
29 41
11 82
22 51
27 63
1 44
4 1
28 91
9 43
25 40
30 71
5 74
7 9
29 80
25 84
7 38
3 66
16 97
26 9
8 33
27 34
5 31
8 6
20 21
20 99
7 24
5 73
26 59
20 21
2 97
1 10
11 4
25 40
4 93
28 36
12 37
10 87
16 59
5 62
29 39
15 74
15 58
22 89
24 76
22 81
23 66
28 21
14 19
25 65
15 87
2 98
24 95
26 51
25 2
29 47
3 90
0 80
19 7
5 73
24 29
4 22
19 54
22 41
2 53
14 94
20 25
25 55
28 71
30 48
15 19
4 39
7 77
30 68
0 66
26 44
8 41
25 97
12 1
2 19
30 29
9 63
17 13
26 21
20 22
25 57
11 20
12 22
8 94
8 5
22 29
17 68
28 19
8 93
7 30
23 3
28 67
15 21
24 40
14 62
22 70
20 1
2 39
16 100
0 90
28 67
30 34
25 96
13 63
15 9
2 97
16 19
25 36
6 8
12 30
5 70
16 40
12 7
15 34
5 52
14 69
19 19
25 100
11 68
27 63
0 23
25 50
4 19
3 5
5 38
8 57
4 84
16 90
22 40
5 57
20 65
30 12
0 95
30 16
19 50
1 23
11 87
17 84
2 72
5 5
13 9
25 39
12 90
26 42
4 27
24 55
12 97
22 47
29 1
11 71
26 86
24 80
29 15
23 46
14 56
27 72
29 97
27 45
21 79
12 74
28 35
5 18
0 21
3 80
30 99
0 99
15 16
16 40
10 86
7 76
14 31
4 32
3 4
14 51
14 47
17 40
18 32
20 16
23 19
24 81
27 30
12 8
19 16
30 4
21 58
30 83
27 74
18 58
27 54
23 99
1 40
8 41
17 6
22 40
11 79
2 1
2 27
29 73
24 40
2 85
17 73
12 73
14 10
10 31
1 82
24 99
21 96
26 34
21 84
6 64
2 36
16 16
13 78
28 23
14 94
9 20
1 63
29 42
10 96
27 18
22 23
12 21
13 94
10 78
17 46
13 64
6 36
9 30
1 85
27 41
6 82
13 6
2 71
1 10
23 39
3 18
12 75
13 98
13 31
27 33
4 30
23 18
15 56
26 67
27 26
16 98
30 52
23 65
6 36
3 29
14 81
23 18
5 49
5 7
9 69
27 52
5 61
13 6
18 58
19 96
25 15
5 96
0 99
12 36
15 21
29 84
27 17
24 73
25 44
1 51
21 48
21 66
19 48
11 40
8 53
27 14
13 13
0 21
10 11
3 43
13 50
18 92
9 67
19 4
26 50
4 72
23 97
1 37
0 35
20 18
18 49
10 41
10 48
20 42
24 61
6 84
30 62
9 54
26 98
10 44
4 10
15 7
28 52
26 58
13 34
3 48
23 14
10 23
4 18
0 29
26 55
16 32
6 75
0 31
20 100
13 98
28 25
3 41
27 41
2 87
4 51
7 24
11 25
21 13
14 18
0 45
22 34
1 23
22 39
1 83
5 41
28 17
11 87
23 36
8 77
4 23
6 94
11 99
27 66
13 18
4 46
16 2
3 5
2 36
16 76
11 17
15 53
24 43
19 8
7 9
27 91
23 63
2 44
25 85
5 82
1 9
25 85
21 80
30 79
17 97
27 35
12 72
24 90
11 89
10 81
30 45
18 50
14 64
6 64
21 97
21 44
0 94
17 32
25 72
0 4
15 16
22 53
25 80
13 94
26 82
19 88
22 51
9 18
22 82
2 54
