100
23 64
0 40
16 66
18 57
1 38
28 68
0 47
3 88
10 4
30 17
30 37
23 71
16 36
29 96
30 9
13 43
5 68
10 52
20 48
22 51
2 16
5 11
17 46
5 29
29 67
11 67
18 26
19 71
23 60
23 89
30 27
2 86
9 41
21 75
22 47
9 50
8 11
2 90
11 52
25 19
3 53
10 54
5 84
4 17
13 60
24 2
6 100
21 64
8 57
12 31
26 2
11 6
26 46
19 79
2 48
6 75
1 1
13 9
18 98
28 31
19 6
5 15
29 61
13 52
12 64
1 66
18 93
29 87
18 18
2 88
2 44
4 92
29 8
29 99
29 35
24 73
20 36
17 34
4 39
11 91
12 63
4 92
22 78
14 10
20 94
19 97
20 98
26 5
23 33
12 22
30 64
13 16
13 12
21 40
1 17
30 93
4 41
25 94
29 94
7 4
0 31
2 64
24 78
2 32
12 91
6 27
28 95
7 86
1 1
23 60
20 92
12 74
3 56
17 54
7 47
12 47
7 68
23 17
11 81
22 94
7 33
8 21
12 88
18 6
26 59
7 35
23 86
8 35
13 95
16 87
28 18
16 41
13 2
22 24
24 41
28 50
30 92
0 70
13 29
0 14
30 21
9 52
1 4
22 71
8 8
22 10
20 23
1 62
20 7
26 3
5 24
9 57
19 80
5 77
3 88
22 84
11 18
15 18
15 97
14 44
6 26
16 49
28 36
24 40
17 1
17 52
4 7
25 54
23 93
24 77
5 54
8 60
6 87
22 59
21 35
1 40
17 85
3 17
11 76
18 30
27 81
5 5
8 92
13 77
14 48
7 41
25 16
0 43
21 66
26 52
2 92
27 27
17 87
0 92
14 36
18 70
6 38
27 55
1 74
26 52
27 57
8 12
10 46
2 58
28 79
14 81
28 37
28 60
14 89
26 38
30 48
9 7
23 28
18 95
12 71
5 7
23 28
10 19
10 52
2 99
26 72
13 99
28 55
30 9
2 19
11 31
29 66
0 74
21 73
17 68
15 73
5 88
23 69
19 96
2 6
30 57
14 55
13 39
23 35
25 24
17 2
7 11
2 64
17 17
13 37
26 51
26 47
10 27
21 49
7 92
18 27
17 14
9 54
10 75
16 18
4 49
21 46
11 5
30 18
13 12
9 82
21 62
21 92
4 52
3 54
8 41
23 21
16 27
0 66
13 45
16 60
14 51
0 75
21 25
27 70
27 1
11 30
7 3
12 7
3 86
6 67
29 13
6 35
0 22
20 86
11 30
5 4
18 51
30 28
29 52
18 60
1 13
19 41
22 68
20 75
5 33
18 29
28 88
1 6
27 95
0 33
5 25
26 56
8 36
12 94
5 67
23 79
22 87
0 16
14 12
8 82
12 50
18 96
7 98
19 73
3 11
8 39
3 8
10 1
18 43
17 98
7 81
9 32
25 44
21 24
23 22
1 29
12 38
30 3
17 76
2 70
20 77
0 4
28 18
15 69
6 13
16 16
2 44
6 54
4 25
29 60
28 84
9 26
9 100
16 9
2 44
19 21
26 47
28 63
14 21
10 32
1 84
18 80
11 33
22 72
0 38
6 93
7 6
12 8
12 3
13 48
17 45
21 91
24 20
14 50
4 37
22 41
0 100
10 98
3 57
10 15
4 63
15 58
1 38
11 69
13 99
18 3
30 44
1 6
7 52
14 63
29 53
25 96
8 4
29 68
3 52
11 76
17 67
13 20
20 62
8 60
10 74
5 27
2 2
5 24
14 25
19 69
8 10
29 60
29 13
