100
4 72
9 25
7 53
14 54
12 18
22 48
14 47
21 99
9 78
5 100
6 44
11 75
24 86
11 77
24 21
16 45
29 1
13 67
1 56
2 28
25 23
1 3
6 53
11 56
1 74
9 54
6 54
11 23
22 69
26 89
14 20
20 85
26 11
25 80
9 32
21 96
28 86
18 68
17 74
20 13
27 28
9 61
19 18
22 34
3 79
14 49
11 5
21 84
24 93
0 25
15 40
16 17
9 27
27 45
2 44
19 20
10 26
13 89
9 64
4 33
18 32
9 43
26 87
8 61
24 44
17 73
16 15
17 60
20 6
27 79
29 59
10 77
3 86
4 74
0 96
24 34
5 26
10 21
6 13
19 7
2 80
26 24
26 14
11 22
23 46
13 16
28 23
26 73
25 29
18 42
10 99
0 45
28 65
28 94
10 28
24 67
23 14
12 14
5 73
27 49
15 25
0 4
21 71
26 17
21 86
6 93
20 66
23 59
19 10
8 2
1 38
29 64
8 10
21 85
23 55
25 40
27 13
9 67
7 39
12 5
15 55
30 39
23 52
18 34
3 24
29 28
1 49
10 53
18 47
15 4
5 10
8 11
21 90
25 40
8 38
24 81
13 6
21 37
9 94
5 51
10 24
5 50
22 97
5 25
22 44
13 72
12 5
8 4
17 74
1 6
11 35
5 43
20 1
26 39
25 52
18 72
23 13
5 57
26 85
22 16
8 75
26 69
7 21
9 40
28 48
0 29
27 89
5 77
21 85
27 25
2 86
20 100
29 45
12 25
22 94
22 53
5 39
4 51
27 58
4 96
12 58
16 29
21 96
23 91
17 72
7 61
9 8
24 39
1 87
2 50
14 52
15 58
30 59
28 88
8 91
26 73
16 65
19 65
8 45
29 2
10 75
14 21
18 87
4 24
2 73
21 1
3 2
6 16
24 10
24 33
24 38
18 8
14 40
25 19
19 97
8 66
27 62
4 31
28 77
6 92
2 64
15 82
6 94
27 57
16 59
24 92
13 71
21 64
29 99
21 45
19 89
30 79
3 41
23 79
7 82
12 78
8 46
29 53
15 29
5 75
6 92
14 73
3 44
12 27
6 87
9 6
22 37
3 12
7 68
3 47
20 81
10 74
26 53
7 96
29 54
16 32
26 78
1 84
27 8
9 42
19 22
18 36
3 14
24 94
21 53
30 86
24 79
23 74
28 38
29 24
27 67
14 4
21 73
27 23
10 31
20 94
25 47
24 35
9 97
24 41
19 56
11 24
18 88
4 40
0 97
26 87
29 18
2 18
26 75
28 23
4 100
5 6
14 76
12 62
5 49
12 78
15 88
9 60
29 49
25 17
23 21
4 34
16 66
30 8
25 1
26 30
24 24
4 7
11 53
14 48
5 9
0 48
0 91
8 17
29 11
10 95
12 17
8 60
21 15
15 34
29 16
1 53
18 26
21 69
19 68
27 54
5 80
29 36
25 51
9 85
17 61
29 56
22 11
12 87
21 55
10 26
28 98
21 59
5 23
27 94
9 78
28 8
21 16
0 10
12 34
25 4
22 85
16 1
21 89
22 86
15 43
25 3
11 79
28 50
27 38
7 96
7 34
11 1
18 62
11 98
7 44
6 89
7 50
2 45
28 14
26 1
8 69
26 99
13 76
11 61
29 13
7 34
7 100
24 54
20 8
16 71
7 85
12 21
8 15
4 12
11 22
11 92
24 58
26 45
15 60
7 9
16 70
13 89
5 90
18 30
18 33
23 59
22 18
5 16
30 38
9 53
6 63
25 3
10 83
2 85
