100
19 100
22 10
23 17
25 38
18 51
3 55
9 61
1 72
8 25
2 18
16 91
3 17
27 80
3 41
0 25
25 66
15 20
8 53
10 56
19 59
17 49
12 88
8 26
17 99
18 63
28 17
12 90
7 75
17 51
2 61
10 45
9 64
30 52
5 11
27 80
4 69
22 65
1 10
16 58
17 4
10 3
21 71
2 49
28 92
1 62
26 51
5 23
15 77
0 57
10 91
15 67
1 5
18 49
7 95
11 19
4 50
16 81
14 89
13 19
20 90
4 51
4 14
11 33
30 55
28 75
29 48
14 44
22 17
2 85
29 58
13 97
27 79
22 76
1 86
0 94
29 28
1 74
17 63
29 81
15 14
1 14
12 67
3 73
0 69
15 10
4 85
13 72
6 24
4 11
10 96
11 83
9 65
7 99
8 48
19 97
29 6
24 15
21 96
17 72
14 33
1 46
22 35
1 22
15 93
4 53
0 46
6 20
20 68
10 30
27 100
27 93
1 73
4 76
21 83
8 33
21 35
28 96
30 99
29 77
3 27
13 34
1 11
26 51
9 67
8 27
27 36
24 91
3 98
25 55
19 46
0 25
9 4
22 95
28 77
7 90
26 62
16 11
23 76
22 25
9 90
28 100
18 13
20 15
23 39
19 27
26 55
20 29
11 8
23 77
22 72
8 10
25 74
23 9
3 16
2 22
27 71
3 70
17 54
0 86
29 57
23 93
18 37
13 3
21 21
27 25
10 48
22 35
19 73
12 86
13 87
9 54
16 36
1 80
8 17
22 10
17 88
2 1
6 86
16 19
30 43
0 10
15 64
27 77
9 72
19 6
14 79
14 80
20 3
5 12
15 47
1 98
1 46
9 8
10 100
29 45
6 2
3 60
23 27
2 80
21 63
25 81
6 76
6 86
0 33
26 77
9 58
13 54
14 19
20 77
23 86
7 43
3 75
14 86
6 48
23 3
8 28
11 79
22 87
22 78
4 93
16 59
6 26
25 50
23 77
21 75
4 60
16 35
10 37
19 33
20 94
8 75
23 2
13 36
7 98
1 25
9 35
29 31
12 99
15 93
17 34
25 40
0 5
10 52
23 79
1 32
25 53
26 31
16 48
16 98
19 63
15 3
17 3
9 43
18 45
10 6
22 10
27 34
4 34
23 18
30 27
26 97
20 56
11 87
17 13
11 6
0 12
14 62
5 43
29 81
1 83
12 95
25 53
14 34
24 45
13 20
4 50
24 4
18 51
27 79
20 61
11 82
14 9
0 91
28 35
15 69
12 62
25 86
16 16
2 20
2 95
5 61
20 76
19 98
8 28
15 28
1 94
25 51
1 11
8 19
17 26
5 58
13 69
8 44
21 79
21 30
25 57
4 3
8 8
11 15
24 92
9 2
7 35
9 36
20 71
17 1
16 30
23 10
28 36
23 81
0 76
20 44
23 40
22 58
7 42
3 91
22 48
3 63
23 44
4 30
6 89
21 11
30 21
20 56
0 31
14 16
9 96
5 51
15 64
26 26
18 15
19 78
22 74
18 57
11 11
7 78
27 67
9 75
11 45
28 2
1 84
1 55
13 54
4 3
24 98
9 34
25 57
1 74
14 88
17 12
17 54
1 83
11 59
30 74
1 53
26 49
30 53
29 71
2 5
28 29
16 13
30 61
15 90
15 99
17 25
23 39
1 24
9 80
10 66
4 86
3 79
24 83
25 65
23 74
13 34
5 80
6 25
29 45
26 84
26 56
5 31
16 91
26 6
28 48
30 28
18 99
22 63
9 16
12 94
8 21
19 72
