100
3 97
24 24
6 25
27 28
12 79
5 33
24 67
19 85
10 97
7 4
1 47
30 38
5 61
2 41
9 29
22 26
22 8
15 17
13 34
20 78
18 34
15 73
19 72
9 1
25 14
19 43
16 75
1 72
30 62
10 15
17 48
9 71
10 19
30 80
15 71
15 37
28 63
13 16
13 11
30 28
15 87
22 79
20 83
18 67
0 56
18 62
20 32
26 80
17 72
12 59
23 50
16 9
28 96
1 34
19 56
19 77
4 93
17 81
30 76
2 23
9 10
22 69
19 70
11 91
5 7
12 92
0 65
0 21
19 89
15 28
10 57
17 45
20 80
13 66
21 83
0 59
3 14
30 7
29 29
21 72
15 50
22 25
12 5
23 38
12 93
15 25
25 4
25 27
8 90
12 76
30 64
19 1
26 24
6 62
8 87
8 82
9 47
24 84
19 6
0 26
19 37
10 59
27 83
10 21
8 55
6 21
21 59
6 95
4 42
20 93
19 73
2 72
29 68
2 20
23 56
21 90
24 89
24 40
2 65
4 68
0 36
27 4
20 38
7 49
2 64
1 3
10 92
12 61
20 56
30 3
0 77
8 79
8 20
18 30
24 24
22 91
17 10
23 35
12 87
21 90
24 84
27 9
30 33
22 12
20 94
30 80
18 57
9 90
28 48
13 39
3 67
14 89
12 58
17 49
27 71
3 23
24 73
23 67
19 51
23 33
15 3
29 10
8 83
27 15
25 68
7 45
19 8
6 50
24 85
11 30
28 87
0 14
17 12
16 37
30 9
13 35
5 88
2 33
6 15
23 22
8 50
26 70
12 71
0 96
5 17
5 14
22 44
17 78
17 14
30 5
3 48
18 66
21 63
8 61
21 2
3 27
19 22
19 31
3 23
18 69
5 55
30 6
17 95
19 56
24 27
16 31
0 2
27 63
0 19
24 5
29 83
29 98
2 90
0 79
18 98
19 21
0 3
1 67
29 100
16 85
17 68
29 86
13 95
24 81
8 100
12 35
9 51
6 98
11 12
26 6
7 31
25 32
9 24
8 9
20 92
0 90
18 6
7 25
25 27
17 31
10 65
22 44
7 53
18 20
25 43
10 14
0 33
13 65
16 43
26 5
3 93
21 90
1 59
9 77
17 67
13 98
19 73
10 91
27 10
17 46
24 46
2 52
26 40
13 95
10 75
21 21
26 7
2 63
10 65
19 27
6 25
26 27
26 86
14 24
18 15
12 42
3 34
21 79
24 21
21 7
12 11
8 87
22 13
8 31
18 62
26 68
30 74
29 76
24 51
30 87
10 19
5 53
11 20
12 99
19 36
21 77
12 3
27 81
8 95
8 89
2 26
26 56
14 25
16 49
18 86
28 47
10 19
6 16
26 19
15 32
6 15
22 15
11 15
1 77
26 78
27 24
10 86
30 98
20 35
29 63
14 70
13 26
18 11
17 71
22 70
24 1
13 79
3 54
18 35
19 33
10 95
17 97
22 34
21 10
13 51
17 87
12 22
2 96
19 52
3 42
16 56
23 8
12 28
3 34
7 47
5 32
1 26
30 96
6 67
10 59
29 52
14 13
20 1
8 73
18 60
17 8
19 2
17 10
7 59
20 49
28 91
22 19
30 28
10 29
11 9
15 59
0 9
8 83
30 29
20 14
7 50
3 42
7 73
10 74
5 85
12 30
14 73
25 28
24 46
9 94
10 75
0 45
13 69
2 97
29 79
27 60
14 63
19 29
16 79
21 20
24 92
4 95
28 97
3 55
10 90
8 86
14 21
25 77
15 6
10 25
