100
20 6
19 39
21 41
5 35
6 20
9 32
20 12
22 81
21 54
13 62
2 99
14 57
18 60
7 90
10 19
1 31
2 44
20 41
18 16
27 98
29 88
21 97
4 97
27 20
7 58
12 55
26 23
30 67
30 23
28 63
24 88
5 48
4 39
18 13
26 87
17 43
18 40
30 20
21 54
20 46
10 21
12 50
29 26
11 55
16 28
2 55
28 29
21 71
23 58
28 19
29 41
27 77
9 72
16 15
24 63
19 69
6 26
28 42
21 8
27 14
5 81
23 31
21 70
5 60
29 34
25 80
4 15
20 71
1 12
5 33
24 39
3 4
24 79
8 73
8 86
14 50
14 74
12 70
3 20
22 24
3 95
16 61
9 77
29 79
2 57
10 34
7 100
26 22
30 14
16 38
2 15
21 98
13 62
11 72
4 56
17 32
18 39
1 38
24 91
17 79
23 31
0 23
14 74
18 5
15 2
3 36
22 61
30 100
25 56
29 72
16 24
30 63
12 60
13 57
21 4
3 79
24 85
11 22
27 25
20 58
13 34
14 47
7 19
3 9
15 78
30 88
4 16
5 65
28 91
27 47
11 31
7 4
11 9
23 35
26 33
11 6
6 19
14 71
9 20
30 20
25 27
22 92
3 4
15 6
0 70
30 4
25 54
11 49
7 58
13 83
17 73
3 48
6 100
22 36
24 55
9 82
3 66
29 86
25 79
9 99
23 42
21 37
18 20
6 78
8 49
8 6
23 46
29 16
30 23
1 42
14 77
13 90
8 33
13 53
13 19
21 75
21 18
17 33
3 8
30 6
23 32
20 63
4 58
6 24
6 66
21 27
0 73
16 66
5 14
18 93
13 12
30 12
12 3
13 21
23 99
24 33
0 89
27 87
8 76
24 5
12 18
10 72
29 45
5 10
5 51
6 65
12 22
11 31
15 12
30 66
21 38
22 88
9 21
12 93
15 47
12 59
14 83
17 48
11 42
14 67
4 89
27 12
16 36
21 25
2 29
0 34
26 89
24 85
8 38
0 21
12 57
28 19
6 96
11 45
17 53
20 57
20 10
1 1
21 89
11 60
11 74
9 57
7 9
25 48
24 83
23 23
6 77
1 99
18 28
6 98
14 73
1 26
6 76
17 55
7 67
14 32
6 81
11 14
12 91
4 43
21 52
7 23
30 72
30 73
29 56
27 74
23 90
8 16
20 13
13 88
13 80
29 77
19 33
17 58
20 96
26 41
20 35
13 97
30 27
7 75
5 69
17 90
19 94
26 90
23 6
22 37
13 72
26 21
11 32
17 7
21 50
18 41
7 37
15 62
1 37
17 68
12 98
24 59
22 99
13 30
5 56
10 65
24 77
12 51
17 52
24 67
25 48
16 69
13 96
26 45
6 75
27 36
16 11
25 45
13 42
15 1
27 7
10 91
15 69
26 77
16 90
20 80
18 16
23 88
19 41
30 15
3 90
6 94
10 86
11 46
27 36
23 41
16 8
14 79
26 48
8 33
6 18
26 13
0 85
23 87
15 11
21 71
2 26
16 8
25 83
10 24
20 5
8 92
26 97
1 1
28 7
27 96
30 51
27 16
3 65
5 49
2 14
17 71
11 24
11 26
1 59
12 17
20 64
17 26
2 55
13 80
20 97
5 3
30 88
23 97
5 66
6 91
21 11
0 20
19 44
15 41
11 34
21 87
25 56
30 38
4 26
14 42
30 58
15 17
14 82
22 98
3 60
6 61
4 90
13 60
18 12
27 44
29 90
30 51
15 10
19 93
4 92
11 45
19 16
9 37
