100
1 31
3 60
29 59
17 46
19 81
2 70
7 20
19 49
1 45
17 4
17 96
17 32
19 91
2 55
4 94
14 5
28 97
8 69
25 78
23 34
19 8
22 66
27 32
27 46
12 16
13 93
8 51
21 87
27 32
4 3
17 61
7 26
7 60
14 9
2 92
15 92
19 34
21 82
29 38
5 53
21 91
24 86
19 86
2 72
16 1
3 21
19 72
15 77
25 22
27 51
10 70
10 64
8 49
1 29
19 36
6 61
2 36
8 39
10 57
1 96
17 27
3 90
4 70
25 59
8 27
19 2
27 87
13 22
20 46
22 40
24 41
9 33
6 32
27 85
18 83
4 19
20 91
4 80
8 50
17 91
16 90
11 80
15 93
26 26
29 51
11 54
28 21
24 26
17 25
12 35
22 34
1 58
26 82
6 22
17 2
24 80
18 40
5 26
7 22
24 94
8 93
16 32
5 72
18 83
4 62
6 62
30 44
26 20
13 67
20 72
13 67
19 28
5 18
4 28
16 39
12 28
9 86
7 27
0 43
4 15
26 6
27 44
12 84
17 4
3 100
16 37
25 26
15 88
20 14
23 35
9 32
19 47
3 9
12 53
14 14
4 22
30 9
2 14
4 55
21 8
6 6
0 14
20 16
19 53
10 17
21 40
24 27
7 15
6 29
26 87
7 62
3 27
28 43
2 96
11 99
9 59
28 80
26 88
28 15
10 98
5 73
18 48
17 98
15 53
7 46
18 7
0 25
25 5
10 100
3 58
20 23
13 72
5 72
22 2
3 66
12 39
3 45
23 86
29 18
25 94
16 95
20 79
0 60
15 24
7 56
18 73
20 36
4 72
11 70
27 37
19 91
22 37
11 29
6 7
9 66
11 50
28 21
9 22
17 26
4 66
10 12
9 35
5 21
29 97
27 32
5 28
2 25
9 46
3 47
20 61
5 63
17 23
22 48
3 60
11 21
17 13
3 41
2 99
20 46
11 9
20 70
23 88
3 53
16 1
29 73
11 89
17 32
8 85
20 21
28 70
19 49
16 95
11 11
16 81
28 43
23 52
8 12
13 74
6 36
16 89
28 46
3 97
15 100
6 29
21 97
20 13
15 21
21 72
15 45
30 12
4 75
18 14
17 32
27 14
16 18
2 69
29 54
1 71
19 48
8 22
11 29
15 25
17 13
15 14
19 3
20 79
8 85
10 16
12 47
24 43
29 26
20 81
14 38
16 42
29 23
13 87
28 72
7 39
22 94
28 59
14 49
3 54
5 78
0 95
9 40
28 96
13 67
11 7
29 14
22 66
10 38
5 88
11 10
4 56
26 27
22 15
2 91
8 6
6 84
12 96
11 88
27 6
15 14
30 52
23 1
25 8
8 44
3 97
17 95
5 10
15 57
25 76
7 59
22 29
1 76
4 5
17 5
3 8
15 79
1 55
12 20
28 61
22 5
15 9
23 47
2 39
28 25
18 26
21 57
24 21
27 56
12 16
15 50
6 84
17 27
28 66
3 3
17 11
15 56
19 13
9 64
13 83
9 1
17 67
4 80
13 78
30 7
2 82
7 63
16 55
20 2
18 56
11 58
4 60
25 63
3 21
6 46
22 83
7 19
13 14
6 67
18 100
7 52
10 71
26 47
21 54
16 65
20 33
19 70
3 22
2 74
27 1
13 86
11 34
27 28
0 43
21 82
3 88
23 91
18 2
19 45
24 90
7 35
23 87
24 97
10 44
15 8
13 35
28 96
22 69
25 20
23 26
10 82
5 58
12 29
17 19
8 80
9 39
7 3
3 83
