100
7 5
19 13
9 93
13 82
16 26
10 44
17 76
10 45
20 44
26 7
30 79
2 61
13 61
9 98
13 15
28 25
10 52
26 15
17 6
22 22
8 65
21 98
10 48
7 43
20 68
22 14
6 84
17 32
23 76
19 54
16 19
24 57
12 15
24 61
15 73
8 79
6 41
8 19
29 89
6 79
0 76
5 67
22 19
18 11
12 60
17 87
13 34
10 90
7 83
25 99
7 88
5 47
24 63
15 46
10 17
0 60
14 55
25 50
24 23
11 26
15 15
18 35
21 48
22 61
24 95
3 18
26 95
26 19
16 35
14 35
9 85
9 27
3 58
19 69
17 35
15 50
30 72
16 55
13 74
20 53
1 65
28 31
27 51
12 32
3 4
2 100
2 1
27 92
28 48
16 81
15 15
16 91
17 13
4 18
9 96
13 99
2 10
30 80
15 66
26 2
4 85
15 12
11 92
11 92
28 57
3 43
1 98
19 91
29 65
17 23
8 92
3 9
24 29
30 5
11 37
4 98
2 25
20 5
27 61
30 98
29 89
27 99
5 2
5 78
19 27
18 57
22 26
25 93
11 44
14 86
21 80
18 33
5 34
21 73
22 48
30 81
5 44
30 1
25 70
24 87
25 84
27 18
17 36
13 3
15 73
7 83
20 81
1 83
5 6
25 3
9 72
3 16
6 54
0 52
20 10
0 84
20 8
12 26
26 20
5 74
27 37
15 84
1 20
1 44
14 65
4 4
0 31
8 45
23 87
6 25
12 37
4 29
18 62
17 48
15 86
13 8
20 74
5 42
17 71
5 36
0 56
9 81
21 22
21 84
29 26
12 65
29 47
18 28
5 45
27 81
11 5
15 3
10 5
4 76
5 57
19 19
18 38
26 13
4 82
18 24
18 100
24 33
24 15
15 39
27 62
15 40
23 78
7 8
6 94
17 86
2 73
14 1
13 65
24 18
10 51
13 75
13 15
2 75
1 10
16 54
2 65
5 27
30 46
25 35
23 67
3 30
2 29
2 21
3 22
2 12
25 30
10 38
9 65
11 47
5 18
29 92
19 54
2 8
30 6
11 38
26 48
7 17
30 70
22 95
7 84
23 24
16 90
10 88
6 35
9 71
23 17
20 48
24 73
10 31
20 84
1 15
25 49
25 37
21 99
30 61
24 59
20 57
8 58
7 90
23 57
28 75
13 29
24 95
4 66
17 1
14 26
25 11
21 45
28 4
8 6
25 16
22 61
2 77
7 71
20 97
23 46
26 42
10 5
21 14
23 28
15 48
2 23
9 53
16 21
8 90
16 20
4 71
14 42
21 40
0 45
20 100
29 39
8 59
1 24
15 56
15 43
11 5
4 12
13 68
3 3
15 11
18 91
24 23
30 74
29 64
23 23
29 83
0 79
7 84
1 20
1 49
27 46
21 56
21 88
12 16
3 95
15 28
14 59
27 21
16 43
25 69
11 6
30 68
20 78
14 49
1 47
25 62
16 6
26 8
5 10
29 96
5 98
15 38
15 17
8 29
11 72
19 46
6 48
0 84
18 3
26 19
4 9
17 15
25 5
29 6
5 34
5 28
22 51
30 23
12 78
29 70
26 2
15 86
22 41
30 45
17 75
28 74
19 41
28 69
12 26
13 62
19 21
15 42
23 65
12 40
19 93
21 5
24 71
29 50
26 35
30 70
29 23
8 3
14 4
25 75
3 78
13 20
23 29
12 62
17 97
22 76
11 87
14 9
27 91
8 65
26 52
9 70
14 86
24 24
8 5
9 4
11 35
19 46
28 26
23 99
