100
6 73
8 91
12 50
14 3
9 42
26 69
25 77
11 39
29 9
26 22
10 5
8 2
25 50
26 86
11 81
29 89
15 25
12 52
0 15
4 21
22 95
13 28
20 60
5 8
4 37
2 75
0 79
27 7
4 80
22 92
1 97
22 63
0 33
29 80
18 52
27 15
8 80
1 12
7 72
19 35
7 97
8 95
3 14
21 88
11 6
13 98
5 55
15 51
14 2
15 19
21 80
26 23
8 100
13 65
8 19
18 32
15 9
16 78
17 46
7 18
20 46
4 97
9 83
20 1
14 6
24 3
19 78
19 18
23 47
5 28
15 94
5 7
9 59
26 34
15 36
25 87
25 36
20 36
19 87
10 48
11 64
7 40
27 47
19 38
8 42
7 72
28 80
3 74
14 40
6 78
30 79
16 32
13 44
9 33
8 30
21 97
8 21
11 39
2 91
6 52
1 51
30 27
23 49
27 77
1 53
5 62
22 41
1 23
12 86
9 89
6 22
10 96
29 29
10 66
13 73
21 96
11 15
30 10
11 55
14 95
11 92
19 58
24 15
9 27
26 44
10 77
24 80
11 65
16 46
18 68
30 65
25 76
24 41
15 99
20 74
11 40
14 53
25 46
3 13
26 33
3 73
17 85
6 44
16 37
26 37
24 9
17 97
29 16
13 49
29 51
22 84
30 63
21 18
22 16
14 49
29 57
27 81
12 84
4 63
17 17
12 76
4 28
17 37
5 8
0 50
29 81
22 8
3 52
18 22
9 60
9 71
23 13
18 30
17 6
30 37
5 54
16 93
19 52
17 70
7 75
26 79
28 84
2 75
8 76
15 40
19 33
8 73
6 2
19 52
18 94
1 84
9 49
13 61
28 17
16 77
12 92
19 95
8 75
2 63
30 12
21 10
7 86
4 37
16 48
9 19
6 99
4 78
18 56
19 47
8 27
2 75
25 43
24 69
17 47
6 36
16 8
18 61
21 5
24 44
17 75
22 52
12 39
3 40
2 79
14 95
16 19
19 53
23 36
29 63
16 75
16 11
18 46
24 95
8 5
27 25
8 63
0 5
24 92
25 6
9 26
9 87
15 51
29 78
24 89
22 16
17 80
2 7
24 20
25 45
26 32
11 47
9 38
24 61
22 37
27 60
13 69
24 23
26 37
13 5
15 75
25 27
9 77
12 74
17 42
14 4
9 29
8 70
30 89
14 65
21 45
7 31
12 76
27 59
23 78
23 49
24 57
20 4
24 71
29 63
14 77
19 30
29 23
11 3
2 59
22 21
21 17
2 78
7 75
8 93
9 69
25 78
10 77
30 90
26 27
1 9
0 46
5 19
28 68
29 19
15 37
5 31
24 65
0 81
29 32
24 37
18 89
9 21
23 83
29 1
30 53
8 71
8 67
3 74
9 70
8 71
22 32
7 45
4 67
26 23
2 95
24 98
13 87
29 75
26 41
4 84
11 90
15 96
7 93
9 90
28 6
4 55
10 37
24 56
16 91
8 95
20 88
18 21
11 39
26 50
22 92
14 91
17 21
14 37
20 21
0 52
6 3
14 52
21 1
19 45
26 66
14 56
6 53
6 64
29 68
0 99
5 30
13 66
4 71
22 88
3 60
27 41
22 75
30 37
16 29
2 2
24 43
24 34
29 58
2 40
8 36
26 74
8 60
16 56
26 37
23 46
17 45
18 33
16 21
24 10
8 55
16 32
12 73
0 86
25 75
29 51
6 12
13 99
16 42
21 30
5 40
17 84
5 70
6 5
24 45
4 22
1 39
24 50
27 36
0 76
9 21
