100
11 40
4 75
5 21
26 19
28 71
1 2
2 17
23 32
16 83
3 80
2 96
27 32
19 26
0 5
25 89
15 10
9 81
0 28
25 88
7 99
29 67
23 43
18 2
9 41
28 21
0 74
2 95
26 36
10 34
23 41
11 84
12 22
5 3
2 75
5 17
8 55
10 70
30 90
11 85
20 38
12 52
12 3
30 90
24 12
28 29
17 74
5 43
21 40
9 81
13 27
18 20
21 13
10 15
21 76
5 13
10 55
29 81
14 8
28 12
13 51
1 59
18 71
0 34
23 29
21 5
27 34
12 2
20 17
26 16
0 64
16 54
2 54
7 66
8 89
29 58
3 15
23 83
15 43
4 94
27 83
13 82
19 90
12 96
2 80
18 55
15 18
16 87
11 50
2 24
11 68
30 61
27 71
6 99
15 66
28 41
4 10
29 45
13 87
0 72
2 14
1 14
2 97
7 2
27 12
12 71
21 33
16 29
23 32
3 63
26 83
23 11
12 61
2 7
11 48
5 73
13 15
21 55
2 17
6 87
17 8
16 10
24 19
3 85
30 10
6 24
11 72
6 57
27 38
9 23
4 52
7 42
24 30
4 21
18 48
22 26
19 39
4 26
20 52
28 57
27 85
17 3
24 22
28 9
28 48
18 19
0 53
25 69
26 24
20 22
3 71
4 57
16 20
19 91
2 11
19 39
7 57
15 59
3 85
13 75
9 84
30 40
25 40
12 30
15 74
19 76
0 86
30 52
16 50
21 44
4 42
2 68
9 12
11 23
19 25
18 97
10 70
0 99
29 42
26 80
22 46
12 96
23 89
20 38
1 19
21 74
1 74
12 15
0 81
22 67
15 93
19 35
28 84
24 39
13 49
16 60
7 72
1 14
4 9
14 45
16 47
9 3
12 84
11 13
17 30
29 26
18 76
21 14
19 75
10 25
3 81
12 5
4 59
12 69
7 23
21 18
29 60
13 1
23 56
12 41
3 54
15 17
28 78
7 52
21 17
19 10
20 40
11 67
6 93
0 10
15 17
18 46
26 56
13 32
14 61
6 57
26 73
7 6
0 72
24 33
13 56
18 36
20 96
11 1
30 91
1 58
16 26
12 14
4 36
6 41
3 5
12 24
18 76
4 16
8 83
2 52
18 66
18 93
16 86
20 33
23 21
5 46
11 65
24 27
10 99
23 94
20 4
5 91
20 62
3 42
26 33
0 91
24 18
9 70
28 42
2 34
29 59
3 14
5 29
12 62
7 41
20 12
11 22
21 4
8 94
2 71
26 36
16 95
16 48
10 16
5 69
1 93
5 2
9 91
27 82
19 69
16 14
23 17
24 78
15 8
16 85
8 99
12 63
6 27
23 15
29 32
30 79
4 11
9 78
9 51
12 12
26 88
23 83
8 64
11 81
17 70
1 100
13 11
9 58
30 82
30 100
22 20
2 38
10 7
25 44
4 73
7 79
4 29
4 34
30 55
4 3
10 50
27 69
1 80
18 21
24 65
2 22
0 7
7 65
6 39
22 77
13 34
24 47
26 4
20 75
11 61
29 89
11 65
3 45
23 100
12 100
19 98
26 28
23 74
11 52
15 83
15 76
8 69
29 68
5 64
19 40
14 23
6 28
16 21
29 92
16 8
21 24
19 62
12 95
17 52
20 26
14 6
19 37
26 44
7 37
20 41
24 80
12 56
19 81
13 72
21 10
24 83
26 55
20 34
6 34
14 25
9 8
17 94
22 84
26 11
7 91
10 93
28 75
8 35
17 91
19 85
10 17
16 60
5 21
19 56
14 96
