100
0 53
29 79
17 87
2 62
19 53
22 95
25 75
1 11
8 51
20 22
27 87
27 1
16 18
4 28
4 100
29 65
21 67
21 84
26 80
5 97
13 23
0 29
7 74
3 32
13 98
6 78
30 61
20 34
9 28
30 25
30 8
23 4
7 5
7 85
18 15
28 92
30 76
26 50
19 13
27 15
20 2
29 80
14 78
26 56
4 4
14 14
2 73
28 33
18 47
17 12
10 41
6 13
15 62
1 48
0 79
15 76
1 37
24 50
21 48
27 99
19 88
29 50
2 65
25 35
17 20
28 95
3 78
1 48
5 98
29 93
26 72
3 25
5 14
1 99
9 73
6 34
18 55
24 69
30 47
18 52
4 1
21 2
2 71
5 34
7 3
18 32
19 79
19 30
5 9
6 54
21 92
2 83
12 96
14 85
0 94
30 46
6 68
9 98
16 9
20 92
1 13
3 41
29 55
25 83
10 31
30 52
23 57
7 54
17 46
0 99
10 57
11 99
18 19
16 1
7 37
24 42
5 36
4 35
23 11
28 64
30 81
28 19
22 91
21 67
27 7
14 74
7 3
29 17
2 59
9 26
13 65
29 14
14 23
15 39
20 32
14 79
1 45
16 87
13 68
13 92
28 54
10 48
19 77
4 8
21 74
5 29
25 25
28 10
2 32
10 81
20 79
28 19
21 2
17 37
4 13
2 54
15 25
16 51
30 77
10 57
9 69
28 94
25 59
26 23
20 74
5 13
12 18
13 11
1 90
1 30
9 24
18 51
2 98
6 15
16 47
24 92
28 25
20 9
4 63
15 39
17 54
28 78
18 46
2 86
3 87
12 68
8 60
25 33
22 93
23 36
29 53
4 92
18 41
13 58
3 8
2 49
29 22
15 66
30 79
26 71
3 84
15 93
3 97
0 14
16 28
13 99
25 21
2 7
15 78
20 96
4 94
27 52
5 90
5 93
26 62
3 65
9 85
2 29
13 16
6 39
4 23
27 53
30 49
5 76
26 73
15 37
2 54
18 27
29 32
24 16
7 36
30 68
13 21
25 20
5 37
0 9
22 31
25 61
23 74
22 77
20 63
27 23
9 41
29 95
7 64
29 30
1 6
30 49
26 6
13 34
28 89
16 59
17 62
9 100
29 10
12 34
21 13
12 61
11 11
22 40
9 33
23 40
18 72
7 85
1 24
28 39
12 60
27 17
2 76
3 58
17 67
26 35
24 38
28 72
0 49
25 14
27 50
21 47
22 41
19 62
7 64
4 81
10 31
17 67
18 15
7 4
24 42
17 10
20 63
24 89
7 82
20 87
22 84
22 7
24 47
23 9
21 25
29 12
17 70
17 93
25 50
12 11
27 75
6 1
26 14
21 71
24 43
10 64
0 77
10 59
10 75
7 83
14 24
19 24
13 67
11 74
26 62
11 17
12 85
17 34
30 39
2 13
20 45
8 49
22 7
11 91
27 36
25 72
18 48
18 44
27 69
4 85
13 82
26 1
5 20
18 41
30 87
24 45
14 8
10 95
29 65
27 71
2 93
7 57
28 4
13 25
27 49
3 5
26 93
12 88
11 72
5 59
29 77
8 71
6 92
24 51
3 88
24 80
11 93
16 10
21 98
22 47
10 55
29 77
5 94
6 97
1 18
14 71
5 58
5 13
6 47
0 55
28 52
18 68
24 37
3 14
29 94
13 39
27 18
10 22
15 24
1 78
23 30
7 92
8 90
29 21
18 74
9 66
10 92
0 56
18 40
25 60
25 25
12 71
30 94
26 66
30 73
7 83
17 33
21 6
