12800
10 96
26 61
24 51
6 41
20 89
26 42
21 93
1 5
10 36
25 59
23 46
16 98
25 17
18 26
22 49
17 45
7 45
14 52
18 90
2 28
8 5
10 20
18 70
5 53
8 67
12 89
10 31
21 1
30 15
30 44
20 76
25 96
16 59
22 4
9 96
1 81
14 95
28 20
13 42
28 36
11 73
14 46
25 14
4 78
7 70
3 33
25 53
23 43
18 7
28 95
16 84
9 60
24 84
13 85
16 45
29 92
2 67
3 4
28 41
14 17
21 62
25 29
13 79
18 52
19 70
20 93
30 70
24 95
10 6
30 19
5 65
0 19
3 56
21 57
30 73
7 77
9 99
2 60
7 80
28 10
20 48
0 15
9 44
27 13
15 17
23 9
5 27
28 74
0 36
9 95
15 28
5 83
12 47
5 23
27 80
20 39
15 3
23 6
13 48
13 54
15 13
2 49
9 37
24 50
29 6
23 85
22 21
24 95
9 81
21 15
11 35
0 37
22 65
2 6
20 58
17 26
3 3
29 42
16 98
21 93
11 2
15 60
3 72
28 80
18 13
12 68
27 54
24 68
16 19
18 90
22 69
15 19
12 16
25 70
4 3
26 7
7 70
30 34
22 86
8 25
6 87
30 62
13 91
15 62
9 75
29 18
11 55
30 43
13 83
27 58
11 96
27 35
19 25
4 25
20 5
2 10
9 6
14 60
14 73
7 94
16 35
10 86
4 66
4 36
10 87
10 27
13 75
12 75
4 70
5 24
28 92
22 99
10 27
18 78
25 58
28 21
19 90
29 66
11 34
25 2
1 63
1 65
2 76
19 61
8 65
7 32
13 22
24 56
28 77
14 32
25 89
4 59
29 68
19 85
19 3
14 47
12 40
5 76
30 79
8 80
21 78
12 33
20 21
27 45
0 82
22 2
22 21
26 16
10 54
24 6
19 7
19 41
14 92
7 10
23 58
19 49
29 86
0 4
11 91
11 66
22 80
10 73
13 88
2 81
25 95
27 60
7 91
29 41
27 17
21 36
2 4
16 31
6 4
13 56
14 30
30 49
27 4
22 21
16 93
28 75
10 99
11 64
22 32
19 96
0 44
30 6
16 2
11 42
14 13
6 86
5 24
5 17
6 68
29 7
3 34
0 7
19 46
20 62
22 81
9 2
26 72
9 3
26 74
10 97
15 15
29 5
1 71
24 26
27 48
13 27
3 21
12 24
10 38
3 97
25 11
3 48
23 13
3 24
12 85
18 76
28 86
10 29
18 97
5 71
1 40
5 72
30 88
28 14
10 84
19 74
8 35
8 46
29 14
21 33
28 84
14 56
4 52
15 18
21 61
26 65
19 75
17 2
18 100
7 60
15 1
1 24
30 96
10 47
3 23
18 96
9 25
7 81
22 56
22 39
13 15
14 81
23 34
16 62
9 79
15 1
29 28
6 16
25 87
8 11
9 2
16 93
19 13
17 16
23 22
2 100
21 1
17 17
23 7
5 67
6 52
0 49
16 29
24 19
29 26
8 19
4 45
17 15
17 7
17 44
10 68
0 84
17 95
22 72
25 30
25 57
26 100
8 57
21 87
21 96
15 96
15 39
7 2
26 93
7 14
19 92
0 56
6 74
6 30
10 28
28 26
0 22
4 7
18 44
24 22
5 45
27 40
20 45
9 65
8 42
17 57
16 90
19 55
16 88
2 18
30 85
12 84
25 3
10 54
25 100
25 39
27 88
13 34
11 94
12 1
20 25
25 28
30 45
23 93
24 38
28 53
17 23
11 28
11 6
8 99
14 74
