12800
8 41
20 91
29 9
3 86
12 39
24 69
24 89
7 24
16 21
23 34
16 8
12 5
25 71
6 98
16 49
9 9
0 44
30 24
9 76
12 21
5 30
25 93
11 23
24 62
27 50
18 9
5 85
7 61
8 29
15 54
10 42
1 96
21 100
5 86
9 79
5 46
27 98
23 70
21 20
10 72
13 66
29 47
22 6
1 92
29 62
1 99
30 40
14 87
27 44
6 69
16 13
4 4
13 64
30 51
24 55
23 56
0 29
23 29
9 30
30 40
10 3
8 12
8 21
18 90
4 48
21 57
3 29
25 20
14 27
1 92
7 90
7 85
4 58
22 1
8 54
18 70
25 14
8 51
2 21
0 12
24 73
14 100
22 96
14 4
3 8
4 26
19 76
5 9
7 44
7 43
0 16
0 16
15 23
7 100
25 3
25 72
28 83
23 67
18 81
17 79
11 26
27 85
27 99
21 87
10 94
12 6
7 31
29 16
1 98
24 27
18 3
27 45
13 59
9 95
4 50
8 92
29 76
28 92
21 74
20 16
29 89
19 23
25 57
18 1
10 95
3 29
29 31
4 100
20 17
5 7
23 33
10 63
2 73
23 58
4 45
2 95
30 97
22 79
29 3
10 94
30 15
0 21
7 68
1 27
0 83
25 17
24 52
23 82
1 39
30 56
21 55
20 77
12 45
23 41
22 70
28 7
3 99
9 97
15 83
13 57
26 64
8 81
26 20
28 43
19 63
15 94
13 47
27 59
26 4
0 64
26 4
15 18
8 3
3 10
7 31
8 79
8 59
11 97
15 73
13 23
4 20
7 76
15 8
6 89
15 18
0 90
23 63
24 60
25 27
8 92
13 87
22 41
18 27
23 13
22 90
22 83
0 98
11 40
6 75
12 98
28 65
10 11
21 97
12 98
9 42
16 41
27 48
24 15
8 34
25 87
29 4
7 62
0 42
27 37
16 31
3 43
1 62
20 76
3 14
1 32
26 47
1 89
8 41
2 15
11 41
0 46
11 42
30 8
6 29
10 29
15 35
26 61
2 65
6 94
30 69
29 64
23 95
26 27
19 8
16 79
3 53
29 97
21 48
18 28
6 70
10 54
18 15
16 85
23 95
10 35
17 92
27 67
6 39
14 53
1 94
12 72
3 58
0 54
20 67
18 65
2 52
27 95
11 36
7 87
26 67
1 94
25 50
13 61
4 39
11 56
23 41
0 92
28 21
29 18
1 99
27 63
26 73
10 10
8 73
24 52
0 73
2 48
22 27
15 56
18 10
6 39
14 17
30 28
10 15
6 51
18 90
1 49
26 2
17 76
10 23
16 14
9 73
14 71
2 15
27 89
29 58
9 43
27 77
19 78
22 71
0 4
12 7
15 42
7 59
1 36
25 62
9 4
17 70
30 69
2 80
2 91
20 49
26 92
21 67
16 44
26 25
8 59
8 59
1 71
23 13
28 35
13 64
30 23
17 81
15 47
22 18
21 86
18 36
12 87
7 15
1 83
12 86
12 18
20 29
26 92
7 66
28 67
22 98
19 65
23 4
10 46
24 14
2 81
8 93
10 79
18 30
4 99
10 23
26 52
0 63
2 96
20 2
11 68
7 80
10 47
3 15
20 44
26 100
9 84
26 6
30 98
17 56
16 46
27 53
17 6
30 34
9 41
13 100
26 35
22 68
25 51
24 73
5 51
15 100
4 71
15 79
7 88
27 68
21 15
15 57
16 54
13 6
18 74
14 100
17 3
17 51
8 68
24 96
1 98
5 3
22 60
19 21
19 52
15 93
9 46
