12800
7 10
10 85
16 81
10 49
2 95
8 45
21 16
23 15
13 78
14 90
9 38
24 69
26 95
7 55
0 26
27 66
7 49
30 76
24 29
30 100
21 15
0 88
27 8
4 40
6 98
4 68
9 66
16 56
21 16
13 96
13 59
7 46
23 24
8 58
27 2
2 2
8 63
19 73
15 72
0 3
14 67
22 19
5 1
14 62
13 68
20 66
5 18
5 53
8 24
8 99
10 68
6 90
3 67
24 87
22 100
11 97
10 99
7 89
18 4
10 1
16 87
4 79
8 98
9 44
15 96
9 54
7 19
20 24
19 21
30 15
19 63
5 41
16 83
27 75
2 30
27 4
30 42
10 22
1 98
2 90
28 56
2 4
4 16
10 47
18 53
11 15
21 54
11 18
0 33
22 73
15 93
1 97
8 51
26 5
29 71
21 11
17 74
9 96
25 35
5 6
17 20
30 3
21 41
9 23
11 56
27 30
26 12
4 80
21 74
1 60
12 85
24 55
13 49
22 29
0 5
7 80
4 43
3 13
22 13
3 66
10 89
5 47
17 80
22 69
15 64
13 49
14 7
0 58
16 20
28 90
9 76
23 75
23 85
25 24
7 14
14 17
13 4
27 48
0 90
24 90
0 1
8 91
15 16
22 73
11 2
0 33
22 34
21 54
17 27
6 95
12 15
0 53
22 80
14 77
30 86
0 4
21 82
12 75
7 96
3 23
30 92
14 59
27 78
14 45
30 4
18 87
13 4
5 89
13 23
4 82
18 32
24 38
28 48
20 38
11 4
24 50
29 24
10 22
20 7
10 93
23 3
16 89
16 84
21 21
13 93
1 83
0 65
17 31
30 40
10 26
29 23
23 24
17 72
7 2
15 39
26 11
1 23
20 23
7 60
3 37
16 99
27 31
11 77
15 53
6 95
8 61
18 24
3 26
9 5
24 88
23 45
28 31
11 99
18 78
20 100
18 70
7 69
26 93
1 79
30 67
9 81
18 90
10 14
1 72
17 64
12 73
3 37
25 93
10 90
19 89
13 92
11 81
24 60
24 19
6 32
29 33
29 47
21 1
20 84
6 41
9 62
22 5
27 30
21 8
16 58
12 15
18 2
26 95
20 34
11 86
7 35
26 5
29 47
10 23
10 65
7 98
5 46
17 61
14 63
11 13
12 26
21 37
3 97
6 25
4 7
2 82
20 31
12 82
22 92
27 16
19 36
13 20
10 89
30 62
25 42
14 57
6 95
10 12
27 35
3 29
20 19
14 40
7 3
17 86
0 23
30 90
13 49
6 25
7 83
9 40
17 78
28 38
13 75
12 67
11 37
5 73
10 76
25 65
15 71
13 34
3 57
18 9
16 33
7 83
15 68
3 7
30 87
25 75
24 72
24 58
18 14
15 72
28 31
23 71
9 15
20 9
21 29
30 51
20 61
0 92
0 40
7 68
19 30
18 49
8 87
19 48
5 12
21 91
8 46
1 4
25 8
3 22
18 46
25 55
29 35
17 78
15 2
9 60
7 41
27 92
6 86
6 77
13 34
14 15
19 56
26 1
5 89
23 41
23 58
18 28
24 32
4 99
7 89
24 70
22 17
9 33
9 83
11 67
25 89
5 73
30 72
3 81
16 100
23 27
30 90
19 91
9 33
3 2
19 27
23 11
0 60
8 32
19 61
21 81
28 12
25 15
17 71
8 45
0 80
27 29
27 97
30 87
19 7
5 97
13 4
1 57
5 92
8 91
18 18
12 2
3 26
16 9
13 81
13 70
25 5
7 5
2 16
12 81
7 19
17 42
