12800
8 82
24 11
22 64
25 72
30 57
22 29
0 39
4 60
14 55
6 58
6 81
23 44
5 81
8 44
25 93
12 3
26 4
27 9
5 76
1 97
17 74
27 24
1 66
17 93
8 87
0 73
30 80
30 73
5 33
16 85
13 63
23 2
4 48
0 91
13 63
20 44
5 61
20 88
27 40
15 11
6 19
12 90
11 90
21 51
11 98
24 80
11 89
5 71
23 67
14 16
11 67
18 57
11 6
5 70
5 57
5 66
5 42
8 45
21 88
1 63
7 34
9 91
20 100
17 63
15 81
1 92
20 14
29 52
8 1
16 87
30 93
12 58
22 1
2 68
3 24
10 51
1 97
0 87
12 2
8 5
22 55
14 78
24 73
15 95
6 42
20 16
0 37
22 51
21 11
12 49
22 9
14 34
24 64
20 71
28 75
4 20
2 15
8 36
19 7
10 86
12 65
3 10
9 49
22 63
19 71
11 28
14 58
16 71
20 14
18 86
30 81
19 30
19 90
25 90
14 20
23 11
26 59
4 43
22 17
14 91
19 48
0 91
15 94
27 22
3 84
26 89
23 8
20 14
23 10
9 27
13 8
14 13
17 67
23 13
19 4
25 79
7 40
25 87
18 11
3 64
1 36
15 39
14 66
16 52
26 24
1 66
16 60
7 68
16 22
25 4
20 43
11 43
14 57
19 1
13 64
25 3
7 80
22 13
18 1
13 20
13 5
27 3
16 9
24 56
0 73
27 18
13 37
22 42
15 41
4 34
13 37
25 78
0 86
27 15
15 86
19 26
25 72
11 40
19 24
3 58
28 10
18 31
2 56
11 61
30 67
19 8
3 93
25 25
21 70
27 36
16 34
15 28
28 73
10 34
6 85
16 80
13 100
15 78
23 56
30 42
11 2
17 94
16 78
18 54
13 67
3 6
29 22
13 76
6 70
9 6
15 1
4 33
13 39
30 55
1 1
8 47
8 55
26 7
22 42
28 62
8 28
25 4
21 8
25 99
11 18
5 10
12 100
14 95
14 47
21 68
14 41
11 79
10 46
12 18
13 60
3 26
27 82
5 62
22 30
29 10
29 100
11 29
1 25
1 61
3 21
4 64
16 48
12 29
26 74
5 7
16 40
30 26
17 75
23 59
30 79
11 57
20 51
18 24
4 38
27 26
0 71
22 44
2 80
14 92
10 4
5 8
12 56
6 38
11 92
29 89
24 87
21 7
18 66
21 13
6 81
16 47
5 82
19 94
0 99
4 68
25 98
1 80
15 78
20 84
11 86
25 24
13 87
30 96
29 30
19 20
3 80
8 57
0 62
27 41
28 49
8 16
23 47
27 50
11 48
26 36
13 38
8 84
20 90
1 26
4 45
9 45
23 58
18 74
19 38
4 60
5 2
27 38
18 41
24 43
19 70
17 51
28 75
15 41
0 87
1 8
28 5
30 19
22 72
29 28
1 82
23 22
28 54
20 69
9 22
22 48
14 8
9 40
18 3
6 13
10 92
4 57
28 40
10 39
16 45
13 21
4 55
3 35
7 32
7 47
18 89
14 25
28 2
22 52
29 64
10 71
0 60
24 32
0 90
7 22
28 85
10 17
4 68
21 25
26 35
8 66
2 12
0 88
14 77
20 58
5 53
4 21
29 46
21 66
21 86
9 96
12 11
3 58
18 23
24 71
9 53
21 36
18 27
12 21
9 22
1 58
11 56
6 31
10 63
6 23
22 89
22 22
9 69
15 10
2 24
3 99
8 39
30 42
3 70
13 56
8 55
18 61
30 52
2 72
12 64
0 93
