12800
24 61
4 62
28 66
24 81
0 47
11 19
29 51
28 46
19 53
8 63
20 17
24 82
30 84
2 47
11 66
6 52
20 93
22 79
7 71
29 17
17 20
28 81
10 74
23 52
18 82
29 16
19 64
16 81
30 11
16 94
20 62
1 50
22 82
29 4
6 50
15 60
5 36
1 99
16 28
5 79
6 15
19 48
10 22
11 8
14 82
3 99
11 28
6 68
12 28
8 82
5 86
10 65
26 61
12 52
15 21
16 72
24 80
9 63
27 46
27 78
1 59
13 66
4 2
3 85
28 34
13 24
26 75
16 28
24 93
20 15
3 68
11 16
17 94
14 72
20 6
2 34
22 78
6 65
11 96
1 37
13 65
30 54
18 67
27 86
30 53
19 79
21 95
21 15
19 16
13 46
10 54
18 64
17 4
10 93
7 45
14 68
4 53
4 5
24 16
28 37
10 81
7 95
15 82
24 45
13 54
1 60
22 11
27 29
9 12
2 6
4 71
11 74
12 58
0 9
2 10
15 76
12 65
15 17
17 15
22 50
19 6
0 76
28 56
10 36
2 47
30 42
18 39
29 42
11 28
10 1
10 42
23 15
24 97
7 22
12 65
1 32
8 26
16 35
20 19
26 15
10 2
25 85
13 46
9 20
5 31
3 13
3 38
1 55
27 66
19 21
26 28
5 98
28 8
12 79
28 76
3 26
11 13
10 84
7 50
0 42
5 81
8 63
21 95
3 38
13 80
1 27
12 3
10 96
24 18
11 64
30 88
5 98
7 80
25 99
27 96
6 61
2 95
8 27
18 93
5 6
24 10
27 25
14 23
7 91
0 53
15 91
23 91
21 16
23 53
21 15
18 33
6 26
27 39
26 6
19 66
7 54
9 73
14 24
26 70
4 45
11 23
1 18
29 36
30 67
13 71
5 80
25 5
26 23
29 36
8 12
4 39
13 49
24 99
27 54
17 17
6 94
20 82
23 16
0 56
3 42
11 99
3 33
24 24
0 54
1 73
16 59
17 64
19 71
19 10
23 9
0 56
11 51
21 70
11 43
14 90
30 71
4 14
13 45
0 16
12 85
3 83
4 89
7 4
24 60
6 70
19 72
0 70
9 6
21 45
22 43
1 61
12 10
11 16
3 43
6 59
5 80
16 44
28 56
29 23
24 90
15 70
8 15
9 27
14 83
11 86
18 72
5 39
0 7
19 19
5 85
24 80
17 76
18 14
14 13
22 85
25 100
20 47
24 48
24 84
13 47
17 96
3 29
23 87
9 40
24 16
12 18
0 90
18 81
1 76
17 63
4 31
25 55
9 57
24 22
0 21
29 47
19 74
6 42
15 62
16 68
11 19
28 47
26 21
16 81
3 25
9 71
24 90
5 28
9 4
27 45
26 67
1 38
17 30
26 40
29 98
18 100
11 95
9 36
7 55
19 63
13 72
9 10
14 17
5 23
13 38
1 80
25 39
28 70
21 60
4 5
12 84
30 47
7 67
5 25
6 84
3 36
5 24
18 13
18 28
18 86
3 93
27 31
19 38
19 77
1 84
16 5
30 93
13 35
5 6
23 90
25 95
24 5
15 76
3 65
28 74
5 44
27 81
6 28
5 71
4 88
16 45
2 98
5 59
15 70
10 80
10 38
29 94
27 98
2 9
10 75
4 2
12 68
13 61
19 62
23 15
21 86
30 55
21 17
24 69
16 47
0 22
10 8
8 84
21 2
17 100
7 43
25 59
29 46
23 26
26 98
27 8
0 29
19 7
25 57
2 27
24 80
7 5
10 6
3 80
11 30
