12800
25 10
26 70
12 20
3 64
30 15
14 6
5 69
6 71
19 90
25 65
26 83
21 62
29 89
9 52
28 63
9 57
1 98
12 85
2 75
26 79
12 5
11 68
9 71
26 4
15 80
17 3
7 52
4 92
23 4
25 64
22 77
7 29
20 57
20 18
22 61
4 59
30 99
22 65
21 28
14 88
9 22
6 30
30 20
18 25
25 62
26 71
13 76
24 34
8 39
10 21
8 26
12 4
1 54
18 85
0 69
23 64
17 53
4 85
18 96
6 96
11 9
15 62
18 52
22 76
15 57
15 97
2 78
5 84
27 39
18 89
17 8
18 86
1 8
20 66
30 15
3 22
16 14
6 22
21 6
26 31
21 25
3 37
6 62
14 71
6 2
16 87
27 96
16 1
12 39
13 27
5 88
26 85
30 27
15 15
17 56
15 38
21 12
12 62
6 12
21 11
5 36
2 35
21 80
11 9
15 26
22 50
2 87
12 37
15 37
2 62
18 85
4 100
19 69
19 31
11 59
12 56
26 40
0 27
11 27
4 10
28 52
10 9
14 67
30 52
6 26
8 32
27 26
24 35
3 52
26 1
3 73
16 19
24 50
11 49
15 46
16 70
14 81
25 78
14 12
0 8
1 33
25 6
0 68
22 88
29 67
9 15
10 56
17 28
9 8
27 2
9 90
23 84
2 49
17 37
22 70
0 39
2 96
10 36
0 79
23 58
26 25
19 81
24 94
26 49
0 50
24 48
30 69
11 29
17 63
3 67
5 34
20 20
21 68
12 50
12 13
5 56
26 94
4 9
5 20
1 4
30 24
21 73
26 92
4 76
16 88
26 76
11 99
19 58
11 70
15 90
26 91
12 95
26 99
0 67
5 40
4 8
2 22
14 12
28 26
21 77
4 11
4 54
15 63
23 54
15 70
16 50
24 49
22 89
27 66
10 35
18 85
9 76
3 38
19 41
22 80
20 21
25 23
0 9
25 99
4 98
5 8
13 87
11 31
4 79
28 12
23 33
27 96
30 14
11 14
24 72
2 12
29 61
13 38
24 29
2 71
5 29
1 27
5 47
1 58
7 75
15 51
13 31
0 6
2 6
3 56
7 65
1 70
9 84
3 98
25 49
15 88
9 90
5 63
18 3
28 85
9 88
14 85
5 79
19 20
16 26
29 65
12 42
8 96
14 22
2 77
8 52
14 57
15 84
19 21
11 56
9 61
15 57
10 96
7 93
28 88
18 57
14 42
27 17
12 34
10 75
21 38
22 56
4 18
26 72
4 35
6 89
20 45
30 37
18 33
15 66
15 4
12 8
14 10
4 64
26 74
14 26
14 47
23 57
21 4
22 64
12 82
18 40
8 72
26 42
29 70
13 30
24 92
7 30
27 81
15 4
7 42
0 34
29 34
25 82
7 31
24 97
4 64
12 61
18 92
15 69
15 41
14 32
24 79
10 1
19 9
13 24
23 87
24 55
23 47
6 98
0 19
22 90
17 5
8 54
16 82
17 100
22 63
21 21
5 23
18 15
21 10
24 95
15 43
5 23
23 79
23 58
24 46
9 8
26 60
17 24
29 57
24 90
4 100
13 23
25 78
23 44
22 94
25 64
1 34
18 97
19 100
10 11
7 63
14 57
18 2
0 74
16 42
15 77
1 66
2 77
27 92
0 47
9 77
20 47
25 97
6 47
29 38
26 2
24 29
11 91
16 32
14 33
0 79
20 31
0 88
10 83
21 57
25 8
8 95
9 98
25 74
17 84
11 47
30 27
9 3
15 71
9 91
1 28
11 93
9 49
