12800
28 67
11 22
26 95
6 28
27 81
29 51
8 94
25 83
2 68
3 84
12 100
13 54
1 79
21 75
3 3
30 9
14 24
8 90
4 39
30 39
29 8
10 57
23 45
19 47
13 91
10 84
22 85
24 62
15 32
15 68
11 56
1 49
12 21
19 47
10 95
11 31
17 19
28 60
24 54
25 19
16 97
9 4
7 25
13 82
16 90
3 94
30 73
26 39
15 44
13 30
8 48
13 35
0 10
8 55
3 75
29 94
11 79
11 76
4 89
9 72
0 32
5 66
21 33
15 92
17 46
22 77
30 70
29 77
21 66
11 77
7 75
7 6
18 55
3 98
4 70
14 45
18 92
8 33
5 84
15 30
28 30
10 69
2 85
20 1
11 52
18 65
13 43
4 30
4 55
2 53
25 74
11 59
24 40
23 92
22 73
27 49
19 73
3 48
28 35
21 9
13 30
15 44
25 3
11 90
24 92
24 15
20 23
7 59
6 28
3 74
9 25
16 51
25 80
18 33
24 72
15 66
5 11
5 37
8 21
0 45
0 73
17 32
16 88
17 39
15 30
13 30
29 51
1 77
1 39
1 47
6 40
11 68
28 67
4 32
18 19
16 91
13 17
7 21
28 43
24 96
16 23
23 83
9 96
1 54
18 21
17 73
21 65
25 94
21 74
9 31
26 51
20 81
13 92
16 6
8 50
17 42
6 54
9 66
4 73
13 40
13 51
1 90
25 15
18 45
20 41
1 49
15 99
6 5
4 72
4 96
9 16
17 55
19 67
4 18
26 55
21 33
17 34
11 52
3 30
20 93
19 74
19 68
26 45
27 6
29 11
22 61
3 77
13 42
21 7
8 34
18 13
14 94
2 93
16 6
1 81
19 37
1 95
11 86
26 69
17 19
8 36
25 29
3 50
5 55
17 11
14 75
18 85
15 51
25 25
20 6
10 71
15 71
17 1
5 49
9 28
16 67
7 27
22 34
9 58
18 13
14 55
17 37
21 3
3 4
9 14
22 30
9 80
12 11
6 23
1 75
19 56
26 18
20 72
29 95
0 92
24 88
17 33
2 44
21 62
3 94
14 64
11 55
9 85
9 55
24 45
4 61
16 63
25 86
8 69
6 79
20 44
1 22
9 8
15 100
18 27
8 9
5 13
8 61
10 27
19 68
13 78
26 20
13 29
3 56
20 6
9 40
4 48
6 19
12 79
1 22
29 43
21 77
1 41
27 94
8 56
9 51
17 73
24 91
6 8
8 100
8 91
12 5
21 79
13 96
6 58
30 73
30 6
20 72
7 69
0 79
21 42
30 49
8 47
26 86
28 42
7 64
18 38
20 44
10 100
30 97
5 5
23 44
11 67
12 4
11 71
12 34
16 92
2 46
13 82
2 6
26 78
17 96
22 56
13 93
10 37
4 31
30 57
20 59
25 71
8 76
23 1
5 71
16 88
24 33
9 1
20 39
4 56
3 88
18 17
10 98
19 28
1 77
16 73
29 52
0 34
16 90
30 37
14 5
18 6
12 58
23 22
0 52
1 16
0 26
1 91
25 88
3 28
10 83
27 41
26 22
19 77
16 83
17 85
17 77
20 58
8 40
0 70
22 24
3 17
9 63
5 33
10 32
7 19
0 57
9 86
27 10
6 3
1 53
28 69
24 29
12 2
27 67
13 71
22 82
22 83
27 61
8 34
14 6
20 55
19 6
1 48
20 8
21 12
17 92
21 7
3 59
23 30
7 67
6 18
10 9
3 38
18 2
24 6
16 60
20 47
18 27
23 66
12 89
4 85
10 93
