12800
22 81
7 97
18 3
8 11
25 61
26 8
10 6
1 68
4 1
27 2
3 77
12 16
29 23
21 65
27 84
26 70
4 20
25 29
1 87
7 74
3 54
5 69
27 25
18 45
7 74
5 17
14 73
21 58
19 71
5 8
24 29
12 83
29 70
30 24
12 46
19 69
14 59
4 41
13 83
6 32
22 26
0 22
0 88
1 67
24 56
14 37
4 71
7 93
16 67
10 24
8 51
16 84
1 85
25 18
3 19
0 87
20 28
2 15
25 43
19 97
9 61
10 4
2 36
0 15
7 23
17 68
18 94
3 47
14 22
14 80
4 12
30 60
3 80
13 38
22 86
11 38
22 3
1 93
27 83
21 18
19 95
27 88
16 28
20 90
18 36
14 42
19 74
25 34
0 76
28 17
20 64
30 53
6 70
18 40
3 9
17 41
20 39
8 27
14 39
2 88
30 76
17 31
14 31
30 68
5 30
10 14
21 95
29 67
25 42
4 26
3 95
29 43
5 40
8 19
1 12
28 14
12 51
1 88
28 9
14 71
17 14
8 1
10 56
30 63
1 91
23 57
22 96
22 41
21 53
22 31
5 2
24 51
26 42
17 41
23 1
23 54
20 90
25 37
0 95
6 46
7 97
12 32
1 94
6 84
28 31
17 100
27 30
5 86
1 48
29 97
0 4
9 72
18 28
11 39
10 31
1 94
5 92
30 58
10 40
28 67
11 71
12 47
19 50
22 39
19 18
18 8
7 78
2 13
17 84
3 95
25 78
25 15
12 97
20 40
0 8
22 71
26 71
2 79
7 35
22 20
20 68
13 78
20 33
10 31
8 61
21 31
19 83
27 68
23 24
24 69
7 89
30 81
5 51
13 96
24 67
27 35
7 83
9 1
26 90
12 61
15 70
28 11
11 22
19 41
30 70
28 28
23 55
22 6
30 37
3 17
27 44
6 9
19 15
24 41
25 66
7 28
22 43
7 36
23 42
27 94
10 40
20 25
12 2
20 43
21 80
0 79
1 64
5 84
0 38
19 54
4 1
1 53
11 24
1 73
18 20
30 8
15 49
16 69
16 73
15 90
2 38
9 39
15 18
23 8
13 92
29 41
1 34
4 53
20 63
22 75
13 88
17 83
19 58
5 4
16 65
8 52
26 5
24 30
24 33
13 76
21 6
10 19
7 72
15 4
30 12
28 97
17 8
16 100
24 56
18 64
7 19
3 49
10 100
15 72
15 74
17 16
20 3
20 22
5 43
13 90
4 55
17 89
4 66
20 68
18 21
21 35
17 83
22 89
12 12
10 64
16 47
29 44
21 59
24 79
18 50
6 54
19 67
1 12
16 5
7 85
23 35
3 47
29 77
29 53
13 93
17 81
7 46
14 39
2 37
9 96
9 14
23 32
24 19
17 79
5 72
30 95
11 13
22 82
4 97
1 17
9 48
14 29
27 100
0 100
12 36
26 67
26 88
23 36
5 80
21 4
27 57
7 99
0 15
3 37
28 76
22 12
28 2
10 8
5 43
5 33
3 22
8 39
12 95
24 55
16 46
10 31
20 10
12 20
15 60
8 39
20 3
22 36
22 46
24 2
23 57
1 43
21 42
11 33
18 86
6 62
18 48
29 8
18 8
28 31
16 30
14 39
17 30
15 64
7 21
5 100
5 47
22 96
28 73
28 47
0 78
15 85
30 1
0 16
16 45
19 22
10 24
21 31
11 4
22 5
20 83
1 3
25 69
12 6
21 100
28 86
4 19
15 56
24 40
16 44
12 30
2 21
14 49
13 21
5 7
9 58
