12800
3 8
13 15
15 4
24 81
8 91
2 21
19 56
24 3
3 20
16 9
20 20
24 83
3 42
12 81
14 69
26 57
30 87
26 28
12 89
2 27
6 59
29 86
5 76
23 38
27 41
3 53
6 90
11 86
12 8
25 92
23 83
9 88
27 88
20 18
18 65
23 45
18 41
21 24
16 98
29 33
25 35
11 32
16 42
22 15
28 100
7 81
21 6
2 34
24 43
25 85
18 22
13 43
18 8
17 53
18 76
8 57
9 38
8 25
28 78
10 51
7 26
21 100
23 62
10 75
1 78
6 20
7 56
18 55
24 67
13 19
26 100
11 64
5 38
20 53
22 54
0 40
30 19
7 52
18 69
29 63
11 60
26 67
21 3
0 10
29 63
29 40
18 36
12 22
30 16
0 99
26 69
16 96
24 20
10 66
0 29
23 93
13 88
12 27
0 94
18 11
15 52
3 64
5 20
18 48
9 3
26 49
11 97
19 51
19 43
24 34
25 23
12 98
20 6
20 96
14 40
21 56
4 80
29 69
30 70
15 20
16 3
10 74
1 29
7 82
12 18
19 14
9 80
7 59
14 59
29 31
10 49
0 9
26 43
6 49
0 79
0 44
2 67
21 79
15 10
12 19
29 39
14 56
2 86
4 50
16 28
0 35
5 17
0 91
13 66
13 100
10 14
5 96
28 71
2 70
24 57
27 42
24 72
23 54
23 29
16 60
12 96
2 22
16 65
8 92
14 37
9 65
28 45
27 59
22 16
24 74
25 38
27 75
9 10
26 68
19 79
11 33
15 85
10 53
12 76
25 41
29 32
24 71
10 77
21 81
29 65
20 76
17 86
26 16
13 43
22 32
13 7
15 92
10 14
17 31
30 100
16 84
9 82
8 90
2 59
14 12
25 98
2 22
8 71
24 61
26 49
24 54
27 76
1 82
29 19
6 87
30 38
9 54
8 20
24 57
13 55
22 68
22 36
13 31
6 50
23 47
17 20
9 55
4 55
20 66
7 25
15 59
3 35
19 45
17 25
30 91
23 51
15 7
6 48
20 51
19 28
16 80
22 26
0 39
4 20
1 59
20 55
23 57
10 65
24 61
20 79
5 45
15 42
14 53
19 94
14 8
27 18
8 59
20 91
17 55
3 92
6 8
20 13
28 20
5 84
29 93
1 53
29 25
8 72
27 26
6 62
21 13
18 47
21 15
18 35
27 82
20 47
23 31
0 37
18 67
12 8
1 19
8 18
14 67
21 71
26 98
3 32
24 55
28 31
13 95
13 39
27 65
18 32
14 87
19 98
18 67
7 65
1 95
28 4
3 12
17 1
30 48
0 33
7 100
9 54
22 5
7 2
22 75
20 13
10 10
7 72
6 59
6 94
18 98
9 62
8 87
2 100
20 10
6 83
17 97
10 73
14 2
7 55
16 54
18 54
21 19
8 78
4 52
3 71
11 36
14 75
21 23
27 96
23 53
10 96
15 71
0 19
2 77
8 85
16 67
13 4
7 42
28 93
1 57
29 94
18 6
11 15
16 99
27 84
30 42
6 87
1 54
17 55
28 6
24 81
30 5
5 77
14 61
2 30
26 96
26 84
26 92
29 47
4 4
23 36
19 91
4 98
9 70
11 30
4 1
8 79
30 81
24 99
11 92
26 22
0 9
5 44
16 26
10 48
1 36
2 67
26 10
11 39
14 91
21 5
10 56
29 24
8 59
15 34
0 15
23 60
16 2
13 86
8 48
14 64
4 73
24 21
15 29
11 28
25 51
6 79
9 63
24 44
18 24
9 73
12 99
