12800
9 44
18 14
10 89
17 72
30 96
9 49
27 60
26 16
23 81
11 15
8 28
23 67
30 41
18 10
6 83
26 2
20 55
22 71
30 26
20 33
13 83
23 36
10 71
24 68
17 7
23 67
13 48
26 1
27 86
4 36
17 6
24 44
7 33
26 9
30 90
1 33
0 5
21 44
13 32
9 97
24 14
21 48
17 2
22 43
2 84
2 76
26 18
4 52
30 78
30 16
26 81
2 67
4 4
22 30
4 20
21 9
3 35
6 19
17 89
3 78
1 73
3 92
9 74
8 1
11 83
20 5
2 23
15 78
11 39
30 91
16 69
21 43
21 75
18 87
11 47
3 44
6 56
23 92
9 83
8 34
27 15
25 98
29 81
22 84
27 7
19 62
5 8
13 39
12 74
5 96
8 23
7 16
20 22
5 64
1 75
5 92
1 78
30 86
2 5
9 83
3 60
0 41
22 7
6 40
14 42
24 83
24 53
3 93
23 82
3 54
16 92
1 97
4 2
18 51
19 92
9 28
9 9
6 62
24 32
0 55
14 7
4 91
11 82
5 63
9 11
28 14
27 22
25 65
4 8
28 3
0 16
25 40
2 6
13 75
21 73
16 85
6 92
18 50
29 9
26 65
13 54
7 89
3 53
3 34
7 67
4 88
11 2
7 58
14 34
8 21
14 84
29 38
13 58
24 33
13 52
19 53
6 28
0 13
22 18
7 7
9 51
25 49
25 71
12 67
3 36
11 21
21 37
18 16
23 83
2 59
23 41
20 24
5 60
22 20
6 94
1 55
2 41
29 28
7 5
5 6
16 69
14 25
1 32
3 99
28 44
20 38
28 78
9 15
15 22
15 97
12 9
6 23
25 27
15 68
22 79
28 75
0 31
3 95
30 36
5 55
23 51
27 99
1 38
8 72
17 57
6 42
1 82
13 68
9 57
1 86
4 70
0 40
2 29
23 93
13 17
8 6
30 84
6 76
2 78
14 99
27 88
25 62
4 80
24 30
23 80
8 19
21 82
28 38
15 65
26 77
12 5
10 88
19 61
4 58
6 54
7 69
1 61
26 53
21 28
21 84
19 6
1 67
4 20
5 17
16 60
27 81
16 16
3 2
14 87
19 7
17 26
16 97
17 68
27 61
1 9
19 17
6 26
18 79
0 79
16 55
26 35
20 87
14 72
1 97
14 30
23 99
23 86
2 70
19 78
27 29
16 27
17 66
7 8
3 89
24 73
19 54
3 64
14 31
30 36
25 45
29 91
29 4
20 80
29 34
26 62
18 66
0 91
3 26
24 46
26 62
14 3
4 48
20 74
15 59
29 77
17 57
12 64
15 26
2 12
24 17
14 4
24 34
17 9
30 36
10 25
3 3
21 49
14 37
10 33
25 48
17 46
2 37
23 57
21 96
1 42
21 7
21 80
20 43
6 6
1 22
22 20
8 31
19 21
23 65
13 47
16 99
7 12
19 71
2 64
29 100
5 86
29 45
11 70
20 68
8 45
12 16
10 16
0 53
10 84
25 18
10 85
7 83
24 64
23 84
26 25
30 15
28 18
10 75
30 45
13 41
30 9
6 8
25 65
24 70
6 49
16 64
14 32
5 84
28 10
1 15
8 87
13 80
6 18
11 29
23 76
19 54
6 71
9 87
1 65
4 14
14 75
4 26
10 81
1 49
30 74
6 36
14 21
18 92
4 96
21 82
28 49
20 93
27 64
9 51
7 53
2 78
15 87
20 41
26 85
28 55
24 42
29 7
9 68
29 43
24 40
26 11
3 11
6 38
0 67
27 96
