12800
22 67
15 33
15 87
29 85
18 84
28 94
6 14
28 1
28 34
23 70
6 64
28 54
26 37
15 77
0 74
5 56
12 2
7 48
30 94
0 24
10 33
19 60
21 95
10 41
25 92
25 96
4 19
9 65
1 52
16 74
3 29
21 4
19 27
30 59
18 26
4 27
28 57
19 27
28 36
17 47
21 100
19 94
4 49
19 7
22 8
8 95
17 19
16 34
28 37
29 5
21 24
27 42
23 16
22 45
18 60
2 5
1 83
5 78
24 91
12 86
25 29
25 7
19 35
13 40
15 67
14 45
12 82
26 83
8 83
3 44
16 24
26 4
12 3
22 48
26 80
9 23
24 25
25 43
26 61
24 77
3 71
29 80
25 63
6 67
8 70
7 93
15 21
9 49
27 60
11 100
6 99
17 53
3 89
26 9
12 13
28 47
15 74
17 55
17 38
28 23
3 39
24 59
1 16
26 2
2 85
12 93
14 29
13 83
16 67
1 81
18 69
3 11
22 93
28 28
26 62
25 24
14 16
19 72
15 69
9 69
30 28
16 9
15 9
1 81
30 55
18 59
27 65
3 81
15 28
9 62
8 13
14 41
13 21
25 66
15 94
25 76
25 44
18 50
3 39
5 50
11 62
12 67
23 76
19 18
7 94
28 97
28 55
7 81
12 17
17 18
10 19
6 83
23 68
11 48
17 15
19 85
7 93
8 9
21 50
8 81
19 21
5 74
9 33
25 59
21 89
10 57
22 70
12 50
4 46
15 87
9 10
21 45
19 81
0 17
13 17
1 75
15 84
14 47
12 65
29 27
27 71
18 1
11 22
28 56
18 97
0 12
27 46
3 98
27 98
4 73
8 56
5 19
29 48
14 27
22 56
23 47
20 63
15 2
15 96
21 76
22 92
14 10
21 1
3 5
29 81
21 94
30 65
5 14
18 14
9 77
5 64
0 1
29 32
12 74
25 31
8 43
19 61
9 66
6 87
28 29
13 36
0 88
28 4
1 55
0 7
29 78
16 73
1 37
12 27
12 31
8 1
4 90
17 71
19 78
18 8
26 77
18 44
26 62
11 12
19 12
4 81
5 4
20 48
24 69
3 89
17 90
7 69
18 93
17 66
2 82
12 26
21 20
14 89
3 51
2 48
30 39
9 40
21 80
12 31
29 10
6 27
15 43
11 33
3 62
21 33
26 35
26 98
29 29
8 23
27 50
0 50
5 93
18 51
17 31
16 13
15 17
5 88
25 48
29 33
0 17
16 93
0 69
13 52
1 29
22 30
20 99
0 44
13 36
6 42
23 2
13 63
11 10
4 55
5 93
9 53
22 73
28 64
27 10
1 13
30 40
26 24
11 34
25 75
20 91
17 60
29 37
11 74
13 76
5 69
19 39
25 27
8 54
25 24
27 93
8 13
7 67
13 42
1 99
3 38
8 16
2 18
6 23
20 53
15 32
6 12
20 57
15 92
23 25
7 66
13 9
12 71
11 38
23 89
21 52
1 82
18 80
21 36
25 66
27 92
12 36
15 19
7 11
26 78
22 42
26 85
13 79
4 65
18 26
5 14
22 30
11 40
21 91
24 75
3 35
21 84
24 54
30 64
10 35
9 20
23 21
21 89
9 19
22 28
14 21
30 36
13 81
12 36
0 91
30 79
13 99
14 80
12 45
25 83
5 30
17 86
7 79
4 24
4 93
11 98
27 6
24 3
14 78
13 55
15 18
26 66
13 40
24 42
3 4
5 48
27 54
8 27
26 92
10 94
10 84
8 10
20 41
21 87
23 82
30 15
17 51
