12800
15 40
11 44
10 46
30 81
27 23
14 38
23 50
5 61
6 2
5 97
14 35
5 33
16 51
19 54
15 4
11 62
8 59
27 59
29 45
8 72
1 91
16 41
12 58
14 100
1 20
20 71
19 27
26 22
22 82
26 21
29 35
25 26
13 45
16 95
26 61
15 36
22 51
16 87
13 33
6 49
3 18
19 2
2 100
22 48
21 52
30 59
5 61
11 10
3 50
4 11
9 78
26 69
18 71
23 92
26 94
30 93
27 56
24 98
23 75
4 100
0 37
21 85
7 74
24 25
9 68
26 34
23 88
13 67
4 83
27 77
16 40
0 93
25 54
8 32
8 59
7 50
22 100
0 88
19 71
28 52
26 48
9 8
4 69
13 91
30 38
5 64
21 58
10 100
19 69
0 66
21 31
11 8
28 71
27 18
19 53
3 62
29 36
19 80
21 79
9 36
8 13
25 28
19 33
24 47
3 93
27 4
7 4
28 20
4 71
16 6
14 34
25 60
17 83
14 15
2 96
2 90
0 86
17 12
6 76
4 39
7 2
30 91
11 84
9 19
21 52
5 83
9 59
11 74
20 80
9 64
1 15
9 42
0 21
29 44
3 9
14 7
11 46
30 54
7 90
25 82
5 23
16 24
16 2
21 64
6 36
12 94
10 68
11 40
25 60
27 6
15 59
16 64
22 12
15 9
15 90
12 39
6 12
15 69
5 65
10 66
17 82
1 59
7 65
2 14
6 78
16 66
25 66
15 97
24 80
21 92
9 10
20 89
1 63
18 26
20 12
16 90
17 59
12 13
22 61
26 56
10 42
11 35
15 96
22 25
11 58
1 53
0 53
8 34
1 2
0 18
11 42
24 69
10 53
29 44
8 97
13 55
11 40
18 26
6 88
12 6
2 96
14 45
18 63
25 71
13 45
1 22
13 11
10 22
6 3
24 18
22 28
23 29
4 99
3 38
22 80
10 70
3 51
4 7
17 55
19 9
16 15
23 48
25 77
27 43
5 65
29 49
11 69
25 24
2 38
21 79
12 15
4 68
29 40
22 8
24 9
9 20
3 43
0 51
2 73
24 49
25 80
15 54
5 6
8 34
17 36
10 17
2 10
23 84
3 11
2 55
23 84
24 93
11 59
28 16
23 83
2 53
25 74
24 17
15 35
5 7
23 76
24 2
16 27
10 60
29 31
11 95
10 15
26 36
4 34
23 59
12 67
6 37
5 9
25 60
19 15
19 60
17 23
10 20
20 68
27 28
21 22
25 9
25 15
7 78
29 100
15 79
5 31
21 80
5 80
26 13
29 84
13 12
8 52
30 7
24 50
15 76
28 16
28 40
7 58
23 50
3 72
9 61
7 78
27 99
14 19
7 34
16 67
2 82
20 8
10 46
9 65
4 66
15 90
15 68
28 85
0 28
14 83
2 38
11 37
30 72
1 78
13 61
17 65
20 19
0 69
30 29
23 33
28 30
17 62
24 42
2 51
11 87
17 55
18 49
25 77
30 88
21 93
14 2
7 84
2 47
7 81
3 17
26 14
16 22
17 89
15 6
24 26
30 18
8 4
21 8
30 79
13 98
17 47
25 27
19 37
25 78
11 49
14 36
1 39
21 82
25 70
15 65
0 83
28 6
9 27
11 48
2 12
3 93
19 96
3 57
0 28
22 62
3 24
22 97
6 15
2 32
17 29
4 99
19 1
16 96
28 57
3 37
18 84
30 6
3 7
25 76
24 72
18 70
16 4
14 29
1 97
12 88
29 97
18 53
2 28
25 9
0 98
10 9
3 23
16 52
