12800
15 38
11 93
15 94
10 44
8 90
24 11
7 74
13 96
15 11
22 87
0 74
24 41
19 8
25 40
20 22
10 1
6 87
27 66
20 92
17 54
22 60
11 69
6 83
27 91
22 18
20 87
17 36
2 96
21 38
4 92
25 85
8 22
29 18
5 40
3 12
5 84
6 61
14 29
11 68
14 86
15 23
25 50
24 40
28 93
23 70
20 40
29 37
27 28
11 41
26 60
30 83
19 56
24 77
5 87
4 73
2 45
22 98
19 74
19 100
2 26
14 95
18 54
26 3
5 14
7 21
3 34
19 73
6 100
6 30
7 52
16 5
18 91
2 95
16 81
18 30
17 18
7 40
5 33
6 99
5 43
19 55
6 10
24 32
8 24
8 49
27 94
2 25
16 39
28 4
24 46
19 98
19 68
3 58
6 61
8 100
24 67
2 60
22 25
22 58
22 4
24 96
18 88
29 56
30 33
5 30
29 96
28 14
7 15
30 85
21 35
4 1
1 85
27 12
13 47
0 20
22 94
27 32
7 84
15 38
2 31
22 32
27 49
18 92
19 23
19 37
7 7
20 100
25 63
9 60
14 79
3 75
12 91
30 7
29 82
6 29
28 48
25 73
5 32
14 21
2 86
21 11
14 17
24 36
12 49
27 36
13 91
29 30
20 84
25 19
0 62
28 9
1 21
14 78
23 16
10 97
2 9
30 49
5 24
30 78
8 84
10 87
4 79
9 89
14 19
3 40
17 58
9 36
29 28
6 49
16 40
14 80
0 7
21 19
2 59
27 35
15 16
17 28
23 34
17 96
0 94
13 50
27 87
5 11
24 81
23 70
21 35
21 47
23 62
30 42
29 73
21 91
13 60
10 23
19 20
12 86
13 2
6 38
5 23
16 75
20 52
20 26
13 88
20 64
8 60
14 22
5 38
23 54
14 44
8 55
12 43
27 33
15 47
27 68
17 95
9 40
19 44
4 89
23 19
26 49
21 10
30 65
18 76
11 36
16 86
19 21
26 95
18 80
24 5
14 77
4 47
14 17
2 83
30 92
26 28
9 53
14 11
5 96
23 86
2 15
28 76
20 99
25 73
21 35
25 94
10 68
12 25
0 33
5 15
30 27
4 75
29 52
15 87
28 12
11 88
23 17
18 94
0 60
7 50
3 81
24 90
4 14
20 39
27 11
16 86
1 75
25 31
13 57
11 51
11 51
5 16
22 100
30 13
14 70
30 83
18 1
23 43
11 30
23 69
15 65
27 52
3 89
23 99
15 4
27 80
10 16
25 59
4 32
9 7
12 31
5 73
13 45
25 65
12 46
12 79
30 7
26 30
28 48
6 59
22 1
19 28
17 76
0 1
28 82
2 5
1 97
14 10
22 35
4 29
6 16
0 92
23 28
25 2
5 79
6 61
9 19
21 81
11 59
29 1
24 10
12 63
5 13
24 100
3 16
15 38
15 8
13 19
14 85
25 8
0 27
9 99
1 17
27 96
20 39
8 26
21 39
3 8
30 69
26 99
23 91
5 37
0 52
20 56
7 47
20 91
12 48
13 56
11 47
27 81
12 45
18 72
2 40
11 47
18 74
2 99
19 8
25 74
24 70
30 28
28 94
11 50
16 55
20 19
4 9
3 34
5 88
28 83
26 33
7 98
15 84
21 26
23 88
14 24
16 92
13 100
5 79
12 6
9 53
20 18
17 100
15 14
17 40
17 89
1 25
20 57
14 78
9 41
15 88
10 44
16 97
5 54
0 24
13 99
20 71
18 58
4 31
29 24
10 90
8 83
23 25
3 35
