12800
26 47
12 76
24 27
7 46
7 34
8 3
19 57
15 96
8 31
11 45
20 10
22 27
12 47
2 96
1 24
5 57
2 21
9 24
18 12
15 63
20 50
20 100
24 99
13 86
20 90
27 7
20 33
27 30
4 8
5 54
7 59
25 57
21 99
2 62
17 91
30 93
22 88
1 96
7 46
20 18
3 33
9 34
9 74
28 63
22 99
26 57
29 29
28 68
26 53
2 3
29 51
4 89
11 2
17 70
3 52
4 44
7 21
3 68
2 48
4 99
17 25
20 82
28 69
7 10
18 100
3 56
23 7
29 23
18 32
26 46
3 99
15 39
11 59
2 19
1 26
1 36
8 92
20 14
21 22
22 5
9 60
12 53
18 31
19 44
28 65
12 62
3 91
16 10
15 79
23 25
29 81
19 52
17 53
2 93
29 23
28 49
6 26
11 91
0 37
16 75
30 100
29 74
25 71
3 87
23 58
25 90
30 84
28 38
8 88
10 56
10 11
14 10
14 48
28 4
8 44
27 43
15 11
25 32
13 96
17 5
27 29
16 81
25 77
4 46
28 78
22 58
30 83
9 36
27 26
1 3
20 33
14 12
4 55
22 81
16 42
10 27
30 8
4 88
13 69
16 54
27 87
17 3
22 5
7 77
19 69
7 76
14 69
6 91
26 88
16 20
11 17
26 70
1 97
28 19
17 71
23 66
1 52
2 95
25 11
18 26
9 24
20 24
26 18
8 51
28 25
16 25
26 75
16 37
6 74
27 73
15 70
21 29
6 77
6 48
25 57
10 1
18 93
28 68
6 6
5 22
8 44
26 14
8 26
7 68
29 17
12 11
29 29
15 20
25 45
11 44
28 87
27 72
12 63
28 20
8 40
21 82
0 9
14 20
7 9
2 24
2 19
29 17
19 21
9 30
19 65
23 22
6 63
27 9
11 47
21 10
2 60
5 100
18 50
23 5
14 12
27 24
29 49
15 6
21 1
8 100
22 9
11 47
27 71
3 44
2 66
0 79
2 17
3 44
8 4
15 78
28 51
9 44
10 23
25 75
16 78
18 22
30 42
14 53
11 7
0 72
4 37
12 81
19 29
17 69
14 46
12 37
29 6
2 12
12 22
6 61
16 8
30 14
25 92
11 24
9 96
23 45
3 61
29 81
30 14
9 80
24 99
19 10
22 53
17 21
26 65
29 16
18 63
2 48
6 69
15 25
5 7
27 42
4 84
21 36
16 80
16 13
23 26
7 95
27 85
22 8
8 81
22 76
15 92
18 39
3 9
27 97
21 88
14 83
19 62
27 60
20 33
24 36
18 64
22 16
16 30
29 32
0 11
6 98
12 37
10 80
20 5
6 54
4 30
24 99
1 87
19 78
6 48
1 19
29 83
5 11
26 53
12 28
7 41
28 38
23 62
24 61
22 25
22 81
17 100
24 92
16 38
11 43
28 66
4 90
10 19
17 13
19 80
28 15
7 17
10 31
21 98
8 97
13 50
24 26
2 56
1 50
22 54
28 68
29 78
7 80
0 91
23 33
23 29
19 20
2 78
3 23
17 60
8 54
1 18
21 34
6 9
4 14
17 24
12 4
23 7
20 30
18 65
10 99
27 58
7 34
17 43
9 100
20 23
28 63
11 32
24 18
1 41
18 6
19 75
4 79
26 26
11 95
5 94
0 7
18 98
0 71
15 61
0 88
29 78
5 34
5 94
7 50
30 80
20 27
30 52
13 43
0 9
26 54
20 69
6 96
19 8
29 61
4 97
12 67
21 60
13 61
19 24
8 49
11 60
9 62
