12800
16 9
19 55
23 89
7 76
2 1
4 37
10 55
6 65
9 52
16 21
13 76
11 20
4 25
14 21
23 7
2 13
12 65
11 67
15 14
16 70
6 4
9 3
1 3
1 100
5 88
5 41
26 20
30 28
19 7
18 85
5 72
14 43
11 20
30 50
25 23
15 47
30 23
12 39
11 50
23 31
21 48
19 3
17 87
15 40
16 12
24 35
18 36
16 58
25 91
6 22
8 54
25 48
12 75
16 51
25 2
0 24
28 44
15 47
9 63
23 78
27 14
21 18
6 11
13 98
15 82
13 98
19 60
2 100
5 50
16 70
13 3
22 53
6 34
28 35
17 16
12 4
23 44
7 65
0 76
28 52
15 48
10 62
25 87
24 65
14 18
25 42
1 82
10 55
26 37
2 1
27 76
22 63
12 46
29 19
12 62
19 91
12 25
29 44
19 54
7 49
3 84
17 86
24 26
8 98
6 48
22 15
15 22
15 9
9 82
25 71
12 23
17 100
10 14
16 51
5 99
0 58
7 79
19 21
2 40
21 19
11 7
24 74
2 48
28 57
13 1
8 59
27 59
7 55
14 81
29 57
4 56
5 86
12 90
7 70
15 11
2 32
6 25
20 43
10 91
2 56
30 12
18 80
2 16
27 32
21 68
15 9
3 3
0 21
25 1
9 61
9 19
27 49
0 14
27 55
19 52
23 20
13 79
24 3
22 2
3 35
12 58
29 53
3 5
7 15
24 48
6 66
12 80
8 77
30 60
15 40
1 27
8 2
22 58
6 11
14 2
29 4
14 53
4 47
11 51
27 23
8 69
17 67
11 84
4 85
8 5
6 28
20 32
29 4
14 50
23 79
13 82
2 15
2 60
2 82
1 47
9 7
3 79
19 93
15 80
15 78
6 12
15 7
21 82
7 50
15 65
29 28
11 70
19 81
30 93
26 13
21 90
6 67
2 89
16 62
11 83
25 85
3 38
20 79
30 22
30 79
15 81
13 63
4 69
19 32
8 92
20 75
8 79
10 31
15 34
17 16
11 21
14 61
10 89
25 29
16 26
12 26
20 41
10 18
19 10
28 34
2 32
15 100
30 39
4 66
24 21
29 17
21 52
23 14
16 50
9 37
13 34
19 32
8 43
21 70
27 7
6 90
30 50
7 66
29 32
4 45
5 19
20 18
5 98
20 79
26 67
27 99
14 24
16 84
13 10
8 44
22 80
4 67
9 50
23 95
30 16
25 37
5 25
29 12
15 45
8 84
0 73
3 31
20 60
25 32
16 75
13 56
1 64
15 9
3 37
5 94
8 77
17 91
27 96
21 69
29 83
15 8
24 58
9 12
19 73
5 35
17 63
18 74
12 24
21 57
28 11
25 63
29 21
5 48
17 10
5 70
22 3
2 59
9 33
3 57
14 75
28 97
2 52
2 47
7 81
10 12
30 47
17 60
22 77
3 15
30 82
3 9
4 34
27 52
1 75
13 92
15 82
10 84
11 84
19 94
6 12
2 52
5 30
5 46
28 51
11 99
17 30
18 94
0 11
4 93
13 84
24 82
30 30
6 15
21 10
5 20
8 40
29 24
5 68
15 41
30 76
29 87
4 18
3 16
1 63
12 95
3 81
12 91
24 68
17 86
30 77
22 13
4 70
4 35
7 86
15 18
1 30
16 60
7 30
18 46
7 94
5 82
13 76
23 98
0 74
29 49
7 87
30 24
8 26
4 6
3 92
12 60
3 73
25 69
30 45
10 89
9 80
16 26
24 88
25 93
10 66
4 64
29 87
5 81
0 20
2 41
