12800
5 12
1 99
24 8
2 1
2 76
24 85
7 1
14 65
27 46
10 80
18 20
26 84
11 58
7 36
26 90
4 75
4 11
14 27
22 39
28 15
26 61
30 54
11 69
26 72
17 29
27 70
0 58
23 22
6 78
0 14
11 65
4 86
18 27
12 42
17 76
24 91
13 50
18 99
6 52
14 14
7 12
0 99
13 5
8 28
0 89
8 97
24 4
27 57
22 33
19 47
0 23
11 16
24 73
26 56
16 65
16 95
23 7
28 70
8 20
1 4
2 70
22 48
19 45
4 32
27 27
22 62
3 29
10 1
20 52
27 11
4 75
24 45
21 79
21 36
7 4
26 52
18 89
8 15
1 34
8 98
15 37
7 51
4 57
1 27
16 30
20 14
17 91
25 12
16 87
19 31
13 64
19 30
6 26
0 91
26 50
21 98
14 51
22 70
12 100
30 94
3 90
14 15
24 23
5 5
2 16
10 53
21 98
2 42
29 44
22 3
25 19
10 57
23 72
26 35
19 14
2 32
11 76
7 46
13 7
16 55
7 36
4 92
10 96
6 3
17 67
0 6
9 79
12 23
11 61
26 4
5 90
25 54
7 8
29 73
9 56
11 40
27 12
0 26
21 46
19 61
0 3
20 62
12 67
29 99
30 42
15 91
29 6
6 24
14 31
11 9
11 30
16 60
19 2
12 31
1 35
18 83
10 46
10 27
27 78
24 90
25 6
22 91
7 9
23 86
1 91
20 82
15 11
1 17
28 65
5 40
12 58
28 60
5 6
7 99
2 72
25 80
24 22
29 88
21 85
16 35
12 53
4 1
6 57
3 94
18 96
23 14
6 89
28 30
27 9
28 95
28 6
2 49
27 68
19 43
12 70
28 22
25 100
15 77
22 64
10 76
7 46
21 50
10 15
23 90
12 80
13 31
7 37
0 82
19 63
17 78
10 26
23 58
25 61
20 84
10 44
24 100
29 54
6 28
22 42
8 18
13 59
12 81
27 84
12 10
1 72
27 56
15 60
25 36
0 16
23 91
9 58
7 34
4 42
29 30
20 9
17 37
22 13
24 67
23 76
11 29
18 79
10 24
1 49
10 19
5 18
8 85
5 3
16 87
23 23
26 63
29 2
13 90
22 16
1 6
1 51
16 3
20 1
22 37
11 14
29 94
24 100
19 21
27 49
1 50
26 5
4 100
4 100
18 60
8 31
6 19
14 79
26 82
26 76
5 23
25 32
1 45
17 71
14 70
18 25
16 1
1 98
6 28
24 86
7 14
11 56
20 42
13 79
4 64
9 71
18 14
20 2
8 90
3 47
17 95
13 49
20 87
18 50
24 26
28 76
9 83
12 93
20 61
27 12
26 22
8 85
5 19
29 36
27 11
24 71
26 93
2 2
20 74
7 98
3 45
4 85
14 19
13 84
3 37
16 47
3 83
10 71
12 15
30 96
7 78
21 49
2 8
14 22
9 7
2 40
15 88
29 78
30 100
5 18
12 79
11 28
28 16
29 63
25 30
19 29
4 48
9 67
3 62
7 32
26 68
19 37
16 43
14 45
9 23
22 10
10 84
7 61
28 70
19 33
16 93
25 93
25 84
14 96
15 55
27 68
4 66
5 56
15 19
7 71
1 24
19 63
27 89
8 72
29 19
24 100
3 78
13 26
9 15
28 80
14 21
27 73
29 9
14 76
16 6
28 65
2 64
5 67
30 60
26 32
29 96
14 51
18 21
20 80
15 30
22 10
25 41
24 24
0 25
27 43
13 2
19 83
6 21
27 51
23 10
21 72
25 32
