12800
20 87
1 100
30 31
0 60
29 53
0 27
18 33
7 96
25 64
21 83
29 34
19 65
16 80
19 89
7 23
5 92
23 33
30 92
8 78
3 88
30 67
26 57
10 34
21 30
11 80
7 49
24 54
11 20
8 4
13 51
24 16
11 33
23 17
22 15
18 58
21 26
28 64
29 84
3 91
1 81
5 84
11 68
23 72
11 48
11 9
25 22
25 66
20 78
7 35
16 70
6 91
8 61
19 97
8 87
7 20
18 13
20 67
16 72
13 11
10 95
6 60
5 11
9 49
20 33
6 7
26 15
7 24
11 42
24 99
5 4
21 50
17 16
11 31
4 85
30 57
1 27
18 97
28 93
0 93
17 76
10 68
11 43
4 48
7 15
24 17
5 34
7 66
22 54
23 72
9 53
14 89
0 58
22 33
27 59
3 2
15 81
24 80
14 14
13 7
7 91
27 4
22 23
30 83
23 62
4 8
5 76
13 19
11 27
8 17
14 79
5 50
19 39
17 80
0 80
29 71
27 57
15 6
12 79
17 51
1 5
1 79
17 7
6 79
20 97
12 41
21 100
6 48
6 31
3 28
29 43
25 28
9 49
30 29
0 65
13 75
19 33
21 32
3 30
27 76
16 5
11 99
28 65
26 70
3 30
3 64
9 52
0 42
11 72
19 64
22 16
28 57
19 12
21 51
11 3
20 66
26 44
22 89
12 75
7 99
11 50
0 60
25 54
23 51
13 48
21 99
30 33
20 52
17 18
27 92
4 97
11 33
5 85
1 3
9 8
29 71
28 94
27 40
28 63
23 1
0 2
21 9
23 98
11 41
8 26
20 88
29 67
25 51
2 56
3 57
20 74
26 31
8 17
26 31
29 90
14 1
20 34
29 56
10 19
29 40
25 74
19 45
23 5
12 77
26 11
11 100
22 96
13 53
14 60
22 82
0 67
14 12
25 68
16 92
4 38
16 27
23 71
26 22
4 65
2 89
24 64
1 38
16 81
14 84
24 18
3 60
10 68
12 25
15 51
22 99
25 41
6 53
10 12
4 29
0 38
24 49
26 31
27 92
30 39
25 28
22 34
5 22
18 22
8 20
7 93
8 11
8 40
11 22
24 45
5 75
11 77
15 1
6 52
12 100
13 34
21 41
19 27
24 75
9 90
17 22
9 24
4 53
6 42
5 78
4 64
19 47
29 34
11 77
0 26
6 23
1 17
23 83
17 79
4 95
7 80
18 79
26 22
20 35
26 75
22 37
29 20
9 91
29 65
19 28
23 23
1 27
6 24
0 60
17 76
17 84
11 6
18 99
1 94
28 13
18 85
19 40
29 5
25 50
1 86
20 97
26 32
24 90
10 97
0 76
8 9
1 90
13 40
5 31
3 67
15 49
11 39
12 7
22 89
22 48
24 76
2 22
28 76
28 61
24 94
12 92
0 20
15 38
5 40
2 57
1 5
16 65
2 7
15 25
30 86
7 40
5 63
18 91
12 25
8 54
23 75
8 9
19 15
15 18
7 18
3 47
16 46
10 93
29 24
2 37
0 71
7 56
22 96
16 94
8 62
29 26
15 63
14 65
3 2
18 9
22 81
18 3
11 89
24 16
17 75
18 9
5 10
26 44
27 36
21 58
20 69
9 13
3 48
17 71
1 30
9 96
2 21
26 51
10 53
11 10
23 52
1 85
3 56
2 58
22 77
9 87
15 48
1 89
25 59
0 71
1 45
23 82
20 74
10 42
12 44
13 74
11 53
27 62
7 62
10 72
17 18
18 51
1 32
13 12
14 66
9 72
30 31
