12800
1 59
0 90
22 58
24 20
11 53
27 98
11 75
21 97
1 24
4 70
16 80
5 72
28 92
29 34
4 46
7 68
19 27
17 21
5 25
17 90
21 53
30 24
4 96
4 41
18 32
5 92
16 20
6 24
25 86
22 35
11 45
7 98
5 62
29 81
21 80
6 9
0 46
3 42
28 89
30 85
5 65
1 92
11 3
30 52
8 17
5 71
23 52
22 60
21 40
23 29
11 77
10 20
24 4
0 87
16 19
30 51
2 6
7 63
24 9
6 57
24 68
6 78
21 24
5 23
27 48
22 68
8 68
25 63
10 20
6 30
11 71
14 35
22 92
0 13
7 99
14 67
0 13
23 94
30 92
20 1
25 88
17 15
23 44
9 78
7 22
7 17
2 68
0 47
10 71
24 55
4 74
5 60
9 82
29 11
13 9
14 80
7 87
2 95
17 10
4 43
27 19
13 91
20 41
15 82
14 18
5 34
22 97
7 97
23 36
6 28
8 61
24 21
4 27
16 37
9 96
20 50
19 19
6 5
5 68
2 28
5 48
28 39
17 44
0 26
13 48
6 78
30 67
27 27
4 84
24 42
15 35
18 79
6 61
29 7
16 82
19 80
7 73
19 100
26 61
24 77
17 13
25 21
22 47
26 48
21 7
18 84
3 70
30 55
26 64
7 84
6 41
10 23
7 48
6 23
12 27
21 20
15 31
23 37
4 23
26 34
15 44
29 76
18 65
25 15
14 98
4 52
26 15
19 98
21 82
4 30
11 53
13 59
22 30
12 26
18 32
24 77
18 60
9 49
5 73
14 29
13 31
30 86
5 91
4 39
4 53
13 72
26 5
6 97
19 46
5 15
27 12
13 92
6 46
6 18
27 26
10 74
15 41
12 73
13 88
19 2
8 36
3 81
1 39
16 17
7 3
5 86
28 21
29 51
25 38
19 68
4 87
11 65
8 36
0 32
17 65
0 94
11 57
12 84
17 6
10 86
22 95
16 26
3 77
14 15
0 51
24 14
30 79
8 94
30 2
3 91
13 73
29 51
26 44
20 11
18 8
5 54
24 9
28 6
26 70
30 84
6 85
26 58
4 89
27 20
6 55
30 71
17 59
29 79
6 7
4 28
16 42
30 47
5 84
17 57
20 19
30 76
8 37
26 20
25 24
29 44
29 64
17 55
16 58
22 19
4 73
14 20
30 14
12 41
17 71
6 49
17 28
24 27
1 29
10 40
3 98
23 62
29 45
23 95
2 35
26 6
18 32
9 5
10 35
21 2
24 4
26 67
6 43
16 17
18 21
20 98
15 92
22 74
9 69
20 57
19 18
25 25
26 2
13 56
0 30
24 86
29 6
21 67
9 22
7 70
24 22
20 21
24 52
29 45
28 82
27 59
2 21
17 83
21 52
11 38
5 56
16 91
13 97
10 63
0 55
20 91
21 91
2 55
15 57
9 94
7 96
21 91
28 5
5 87
23 54
17 98
18 50
8 80
18 67
7 11
29 39
0 76
1 56
14 45
1 81
2 80
10 66
20 61
26 71
16 2
9 69
17 41
6 38
24 77
5 44
15 27
15 96
16 57
7 7
1 92
5 63
0 33
23 65
10 23
28 84
15 29
12 94
21 29
29 13
18 81
0 63
17 52
3 98
6 84
24 95
21 45
21 8
28 76
18 54
11 32
0 1
6 61
5 18
21 97
30 27
30 23
7 68
5 4
30 86
15 82
6 52
16 30
29 45
8 39
5 87
16 15
12 68
29 40
14 10
18 47
9 93
8 53
21 64
28 2
15 55
19 80
