12800
10 62
22 3
30 71
17 52
17 14
29 23
14 6
3 87
27 86
3 45
1 98
16 54
23 46
5 100
19 50
17 69
13 32
15 26
15 84
8 45
19 94
9 9
1 30
10 53
19 52
13 84
2 60
17 98
8 90
23 40
16 6
15 12
13 6
17 94
14 9
18 1
13 22
6 59
3 91
4 8
1 8
0 7
25 24
15 46
13 7
17 9
25 14
13 59
22 2
2 51
24 44
0 5
9 34
14 30
17 78
12 59
8 59
6 32
16 83
13 93
9 3
0 98
10 45
20 96
22 54
8 96
20 71
10 33
28 97
16 36
5 93
0 30
12 42
16 49
20 86
4 17
17 76
8 4
21 34
30 46
16 1
29 74
22 47
1 32
28 88
13 24
28 9
8 49
8 93
16 27
12 70
4 91
11 70
8 33
13 5
1 82
12 6
19 82
5 49
26 98
25 21
19 24
17 19
11 68
21 86
9 36
25 45
14 24
15 46
0 86
4 100
7 70
15 48
2 86
6 47
29 38
11 79
14 66
20 46
14 71
7 69
2 30
30 10
5 60
2 100
2 75
30 100
24 95
8 52
30 57
22 40
10 95
27 12
27 72
13 64
12 80
5 29
9 98
21 53
25 86
11 93
17 8
30 41
0 75
0 43
16 67
14 19
6 98
11 14
18 53
15 84
26 49
21 41
27 58
18 96
6 78
5 46
7 3
30 24
25 76
19 28
15 14
16 3
14 67
12 78
22 32
19 51
19 54
21 83
16 43
23 33
12 25
26 80
18 67
10 55
4 93
25 97
1 85
30 66
17 63
26 28
7 52
17 9
30 60
22 70
26 12
5 17
27 25
15 35
2 30
26 93
2 17
4 55
18 37
12 67
0 1
27 62
11 100
9 10
25 70
7 21
1 13
23 34
19 81
14 3
3 46
20 88
15 28
16 8
12 1
28 29
22 32
5 93
1 45
22 11
7 7
2 29
30 31
22 64
8 21
20 81
13 47
20 65
20 88
29 52
6 72
1 89
21 94
0 93
28 84
28 51
12 87
18 8
29 95
22 61
7 20
1 43
3 16
0 62
14 92
7 25
17 35
6 16
6 26
0 14
2 89
13 9
6 99
23 49
14 12
26 96
6 66
5 72
21 81
12 85
10 27
19 1
2 18
0 64
19 63
15 89
22 56
9 13
16 28
27 10
11 24
15 64
20 44
11 98
25 19
19 58
19 18
6 100
13 100
6 39
28 14
10 13
29 71
17 73
14 77
13 5
20 91
8 46
9 1
10 48
9 65
17 59
24 98
27 2
17 81
22 37
30 16
29 7
25 37
19 69
3 87
26 83
12 16
9 59
7 9
16 4
26 37
9 3
14 8
1 36
8 34
11 25
0 8
12 76
9 7
6 66
29 81
21 74
8 7
14 50
22 54
6 44
23 25
5 96
25 7
3 8
14 38
1 69
21 90
12 11
13 67
14 28
23 21
21 71
19 86
3 52
27 94
29 49
23 51
20 68
3 19
14 11
22 69
29 94
7 96
15 4
5 51
15 2
2 52
3 83
2 31
7 44
8 92
26 5
21 83
0 68
1 4
11 38
20 14
17 89
16 42
7 28
6 21
9 61
19 1
0 59
16 62
6 34
30 52
6 51
17 81
0 4
0 43
25 42
27 45
6 19
9 34
22 46
4 37
8 40
6 70
29 96
26 73
12 17
20 65
14 58
28 41
9 98
6 18
19 74
0 7
0 52
27 65
0 57
6 25
6 93
29 86
5 21
26 27
2 13
19 9
7 58
0 98
2 98
11 14
