12800
22 26
15 53
30 57
30 73
21 81
12 94
4 80
26 16
1 24
16 97
30 91
29 3
17 84
6 12
18 63
22 20
19 95
18 75
16 100
5 35
19 6
27 92
30 48
24 39
2 38
7 78
12 43
15 88
6 36
15 79
24 81
17 17
14 55
10 82
1 13
2 58
29 65
26 28
14 74
25 70
13 29
17 88
3 17
3 89
10 37
5 25
3 75
6 82
23 96
23 14
27 91
4 91
7 61
21 73
23 59
0 34
1 42
27 76
16 95
18 54
9 62
26 81
18 58
30 92
2 71
14 42
19 47
28 56
21 100
22 13
15 66
21 9
13 100
6 34
0 91
17 10
28 52
23 86
13 74
13 41
18 71
10 4
11 65
9 95
11 78
20 16
1 89
4 88
25 51
2 23
26 5
16 16
10 65
2 44
4 59
6 19
16 50
9 84
14 41
15 83
19 62
25 29
28 33
22 79
23 22
27 64
20 91
0 88
18 42
11 54
14 7
30 61
25 87
10 55
2 20
5 74
10 29
29 36
24 45
27 69
23 62
28 58
4 100
15 72
12 23
17 17
29 17
23 6
21 96
0 60
8 15
9 93
8 90
30 58
10 55
28 12
14 28
15 12
20 68
11 39
30 23
18 26
8 37
3 50
10 22
24 30
23 30
29 57
25 52
6 100
6 58
6 38
11 23
25 60
2 98
24 48
28 24
24 2
14 9
18 41
18 43
24 6
29 46
18 4
8 11
26 22
8 85
30 27
20 14
2 100
22 40
22 24
18 29
1 17
16 84
10 97
0 69
20 43
12 97
24 3
4 13
26 72
5 67
24 92
8 11
23 40
23 47
23 51
27 64
10 93
4 21
1 3
13 9
3 79
0 56
8 40
28 35
4 2
11 75
13 56
21 95
16 2
24 9
16 52
24 29
5 53
19 2
13 39
11 67
29 68
1 66
1 55
16 89
13 100
13 97
9 72
5 32
1 69
23 49
17 13
23 58
12 91
29 48
14 88
29 42
18 54
4 47
18 97
16 38
4 93
0 29
16 66
23 69
9 17
18 81
17 31
12 64
20 64
6 81
10 65
24 62
11 85
16 40
10 35
16 30
7 36
4 61
12 44
19 19
22 53
30 76
7 24
9 54
23 68
17 7
11 55
0 62
11 25
10 40
5 58
22 50
17 17
15 2
24 87
18 64
27 61
9 14
4 35
1 64
11 53
22 79
18 71
27 14
22 90
29 47
28 97
15 36
28 61
26 70
18 8
12 33
7 94
2 52
4 1
0 46
22 58
25 59
19 31
12 86
12 96
22 99
0 26
20 23
18 18
14 31
5 97
18 93
12 33
1 34
30 24
8 81
1 56
12 13
30 33
24 32
12 28
28 93
13 2
0 74
16 63
17 26
11 9
6 24
21 25
12 53
18 98
24 5
19 69
4 30
11 1
9 87
0 24
3 57
21 73
10 22
6 86
8 1
22 94
11 51
16 89
26 62
3 46
9 93
13 55
22 21
10 71
12 46
5 37
6 98
14 19
23 70
26 89
11 80
7 43
16 14
5 44
12 28
19 82
23 57
1 7
16 20
8 51
8 32
2 22
20 19
17 59
20 68
4 62
11 2
24 27
10 79
10 7
25 98
10 71
22 95
18 44
10 3
15 13
21 39
9 9
3 62
5 2
8 21
16 95
27 94
14 35
18 5
18 29
14 87
5 42
27 31
2 68
16 84
5 45
28 62
23 70
28 66
23 51
14 30
9 6
27 96
9 9
11 14
30 22
7 52
13 51
16 86
28 91
19 24
21 97
