10
18 23
16 77
11 11
19 77
14 4
18 5
21 72
5 48
7 65
2 7
29 59
20 95
10 83
4 75
0 4
25 57
17 72
11 47
19 89
19 67
1 24
24 54
16 4
25 91
2 91
29 70
21 4
23 55
5 22
9 25
21 74
5 28
28 30
8 32
16 55
18 95
26 10
15 76
2 28
22 71
11 59
2 92
4 100
13 85
7 1
28 76
13 49
18 35
12 67
12 19
6 33
20 73
11 41
6 76
15 51
3 69
26 70
14 58
20 74
4 95
26 77
0 94
2 62
16 100
16 23
7 89
18 19
10 24
18 82
27 56
21 89
17 85
25 80
5 82
27 45
25 49
8 25
3 82
13 19
26 14
0 5
22 94
13 61
15 47
13 67
10 35
6 95
7 51
14 98
17 68
1 31
21 32
12 16
3 72
16 7
1 39
20 32
26 77
28 68
6 99
22 83
11 92
6 96
14 13
19 77
12 35
0 52
7 98
29 61
18 25
22 75
23 82
9 70
1 16
6 70
5 34
8 70
1 74
26 70
23 66
13 30
5 25
8 78
4 72
29 20
0 77
9 28
19 6
26 34
1 44
11 75
9 83
3 91
24 43
1 72
8 88
20 45
23 17
28 26
0 42
21 95
2 73
15 54
28 60
29 15
9 44
19 30
11 59
10 79
29 46
29 30
1 58
23 70
23 49
1 65
5 93
16 52
22 71
15 60
30 1
8 75
3 1
3 33
19 54
11 63
21 58
15 54
4 35
9 16
5 82
17 78
22 21
13 75
9 39
2 38
24 47
18 11
21 3
23 28
20 91
22 83
6 47
24 6
14 78
23 6
8 59
10 11
28 82
7 78
21 35
25 76
2 39
2 63
29 12
29 51
13 5
9 87
7 44
27 73
6 38
21 12
30 97
17 97
5 99
22 28
23 77
2 46
16 25
0 80
6 68
15 66
7 58
24 1
26 49
22 82
11 25
12 9
11 70
19 81
29 45
30 73
24 34
6 87
25 36
15 56
6 26
3 34
29 34
13 91
2 53
9 19
7 2
23 66
8 16
9 57
19 6
27 1
26 89
18 7
29 40
29 13
18 51
6 21
19 40
18 76
12 62
3 97
16 31
23 44
20 60
12 32
28 94
25 99
2 38
23 43
11 59
24 85
11 97
4 10
1 40
8 95
3 24
11 42
2 12
18 56
17 73
23 12
2 83
1 95
0 45
9 8
24 70
16 25
16 84
5 41
28 3
26 52
11 47
17 44
20 47
3 49
1 15
18 84
24 19
25 89
10 12
26 86
27 47
10 63
9 61
18 33
19 69
4 56
1 50
15 3
13 44
16 78
26 67
8 3
8 30
17 97
7 60
14 20
12 62
4 56
14 41
5 3
0 77
23 2
2 24
5 90
30 19
22 71
17 35
6 24
21 20
10 52
2 23
28 28
1 2
2 10
22 94
14 52
10 15
15 17
24 95
23 22
27 62
26 48
1 15
29 78
25 28
17 43
30 60
3 13
16 41
1 46
27 15
26 61
8 52
30 41
5 87
4 47
16 56
24 71
30 98
4 38
29 29
5 40
2 78
30 44
7 80
3 89
27 53
14 44
29 69
13 100
29 38
13 81
30 45
6 58
11 12
11 15
7 99
27 49
8 9
9 89
21 55
21 37
20 77
0 71
25 69
22 57
10 4
22 35
13 63
21 16
7 92
30 1
20 72
9 47
25 11
23 47
30 92
19 92
16 22
25 22
5 52
25 52
26 67
16 88
17 39
11 72
16 33
11 30
24 59
11 72
16 8
16 97
2 59
