10
2 72
16 53
19 84
27 92
21 85
28 85
24 73
18 45
5 84
25 48
10 52
8 56
0 85
1 32
6 94
2 99
6 97
21 4
21 100
7 82
10 31
4 67
4 61
4 77
0 73
20 25
18 50
11 85
10 25
5 55
2 71
24 29
0 36
2 47
18 61
19 13
6 20
6 98
8 86
12 55
27 56
26 44
24 83
16 100
4 41
17 31
5 93
8 70
29 57
21 44
27 40
26 21
26 13
11 24
14 74
7 39
29 7
23 37
4 64
5 88
25 77
3 65
19 96
1 91
13 29
13 95
1 41
5 89
7 3
18 31
16 43
16 64
18 14
24 11
7 31
13 22
24 93
22 59
18 43
1 65
21 50
26 96
5 97
25 82
22 61
3 27
17 74
7 42
13 6
27 97
24 40
25 60
13 20
28 27
8 2
1 57
0 8
8 62
0 23
7 44
7 73
6 42
8 79
28 61
18 57
16 88
11 71
28 21
5 19
20 10
5 4
26 43
23 78
28 34
26 76
11 90
23 68
12 4
10 22
9 80
6 51
17 74
25 43
20 29
16 18
6 34
15 36
16 88
1 44
22 18
7 46
4 7
25 23
3 25
27 23
19 68
22 24
4 36
14 36
29 29
1 49
9 75
23 24
1 68
26 45
0 89
25 7
29 47
6 99
16 24
1 24
3 55
26 44
11 56
14 36
11 8
14 6
21 94
10 1
27 29
18 37
26 92
16 47
16 83
15 37
6 88
30 76
18 4
6 62
30 74
26 77
6 89
5 66
13 24
12 86
28 95
0 66
4 21
29 33
14 32
11 60
1 97
30 91
24 26
24 47
7 53
27 11
29 12
1 78
21 74
29 32
5 15
2 35
23 48
16 36
27 69
8 75
7 13
30 48
9 57
14 51
21 100
30 53
1 87
8 94
15 51
9 1
14 18
0 63
3 90
7 59
21 34
19 97
26 60
17 66
10 64
14 94
13 81
18 7
13 66
17 72
9 71
18 62
28 92
4 3
27 85
13 63
29 8
22 21
23 99
11 65
1 22
25 48
7 3
15 14
30 14
0 21
26 98
4 33
30 73
17 71
16 12
11 100
27 45
8 92
30 61
0 80
25 71
3 89
6 44
20 77
2 24
5 38
1 15
8 67
20 40
5 21
30 29
13 2
17 69
8 55
19 50
7 95
12 45
28 47
10 46
20 74
29 67
14 77
24 58
19 100
16 30
28 59
10 79
18 80
4 70
14 83
2 56
24 6
4 34
15 16
16 9
5 31
24 58
21 91
30 74
20 64
17 24
3 70
14 22
29 66
0 40
6 31
1 97
26 87
16 13
28 59
21 29
18 2
20 85
17 35
16 5
8 56
24 42
28 95
28 25
10 41
22 85
20 7
8 57
1 50
3 55
1 80
6 51
10 65
29 41
25 31
10 28
6 27
7 41
4 76
23 5
11 61
30 3
11 2
29 21
23 99
15 55
29 52
21 57
14 30
27 30
1 94
9 64
16 75
27 87
9 33
9 37
5 100
9 13
9 35
30 11
5 93
17 64
5 12
11 84
3 89
8 35
28 79
5 38
2 97
5 63
23 29
22 87
23 73
21 28
9 57
6 10
26 57
6 83
17 6
14 58
5 55
8 21
27 67
19 74
0 87
2 72
25 6
17 1
25 38
20 79
30 84
25 77
27 89
0 2
14 63
29 15
12 26
6 65
25 99
6 34
16 24
12 89
0 49
6 23
16 86
7 6
2 50
8 7
1 39
27 74
11 15
15 6
25 45
23 12
22 84
9 91
1 34
0 20
