10
30 86
3 5
22 87
23 97
30 57
8 19
1 13
3 93
23 38
25 87
12 8
6 24
26 67
1 48
25 64
30 79
6 77
8 93
15 43
8 37
25 40
12 58
11 24
14 93
23 68
25 32
12 96
30 85
12 14
24 56
9 95
23 79
11 19
14 16
25 69
27 31
23 47
16 8
6 92
30 41
21 55
21 58
12 90
26 92
15 16
26 94
26 63
29 13
12 94
0 56
3 79
2 85
13 67
18 94
7 91
27 65
4 80
0 21
27 38
28 12
23 74
6 48
12 17
18 52
3 50
4 18
10 64
14 63
6 84
8 61
23 80
20 52
7 3
3 67
25 57
13 71
6 99
28 50
4 13
22 52
5 32
11 20
3 6
12 91
19 13
4 33
0 73
5 34
3 28
8 61
19 22
2 27
17 9
9 55
10 29
20 83
16 67
8 50
26 62
13 41
15 20
24 80
0 35
8 55
16 62
11 79
3 76
15 81
7 99
3 42
1 75
7 58
15 81
25 35
2 26
23 61
26 4
14 28
19 90
7 44
19 79
9 47
5 78
2 36
20 69
23 63
27 42
25 49
21 5
29 43
24 67
22 24
25 50
27 41
16 12
16 22
5 79
16 91
11 72
10 72
13 89
3 31
24 9
4 97
28 22
12 48
22 10
21 43
11 29
15 19
1 91
30 73
11 51
17 94
1 10
17 66
14 71
16 94
27 95
12 76
26 88
25 57
23 73
6 90
19 7
4 89
7 38
15 97
12 57
23 98
25 22
2 82
30 9
2 8
6 22
2 28
5 28
17 23
7 19
17 95
13 95
6 21
5 99
22 6
23 33
18 89
16 1
3 88
15 38
6 26
6 19
7 7
1 21
14 74
25 22
24 91
17 10
3 43
4 90
19 81
29 69
29 10
18 7
7 83
22 37
24 99
11 94
3 74
3 35
14 63
0 50
1 4
17 43
3 30
1 35
2 85
3 80
30 78
28 47
28 23
7 79
3 31
16 32
20 42
28 78
5 90
4 26
25 17
3 35
13 96
26 34
22 3
1 90
2 58
7 24
23 89
22 56
25 97
8 73
19 52
21 33
21 91
5 14
3 53
30 28
17 76
6 60
8 82
16 34
30 33
4 4
26 67
16 8
27 3
19 32
19 53
12 50
23 20
28 72
3 43
15 4
15 7
9 72
11 64
8 82
25 84
13 4
6 94
2 47
29 9
11 75
26 58
25 60
3 92
5 16
12 6
7 58
13 12
5 53
27 15
6 5
2 42
4 97
29 70
12 82
29 81
2 80
14 76
7 73
19 89
15 90
4 24
27 59
29 11
17 18
27 82
6 38
8 10
10 42
18 82
17 6
17 27
30 10
7 95
26 68
16 97
1 77
6 100
25 11
15 33
8 18
8 54
30 31
23 39
6 10
28 5
12 61
4 12
15 2
5 47
4 96
16 67
1 85
26 42
10 97
25 95
13 6
20 69
26 22
2 83
18 16
19 17
1 2
18 35
14 79
29 68
7 25
14 52
30 82
26 69
2 81
5 78
18 25
17 93
11 19
19 82
29 66
20 56
10 78
20 59
25 51
30 12
27 20
8 68
20 65
14 47
30 99
14 39
24 42
30 56
13 7
3 75
3 100
0 14
29 88
22 66
17 36
28 68
30 5
8 66
23 34
12 53
7 41
10 24
10 71
22 7
19 43
20 97
0 7
3 53
15 74
22 54
24 19
10 23
18 100
18 16
16 15
19 42
26 83
1 66
13 77
12 10
0 21
0 31
29 37
1 34
3 2
22 56
3 43
5 53
