10
16 46
23 2
12 57
20 94
20 88
16 56
16 78
15 56
5 35
22 19
23 77
17 68
26 63
15 34
21 14
23 98
9 70
19 23
15 10
26 21
4 66
28 86
17 40
24 24
10 81
29 7
17 69
9 7
9 91
1 27
3 21
8 72
18 39
23 17
27 35
19 2
27 8
27 14
12 4
22 39
12 77
21 33
18 44
20 19
23 98
2 83
24 16
15 73
4 37
15 34
17 57
20 85
24 63
15 94
25 99
22 44
30 65
9 6
17 79
20 13
25 32
6 80
24 51
1 91
12 39
15 50
8 49
12 5
7 32
22 18
0 12
21 75
10 93
14 33
19 90
2 58
23 27
23 45
4 24
24 18
8 89
4 86
16 47
27 45
26 99
30 82
25 38
21 69
1 8
8 15
7 93
18 38
1 7
5 1
20 88
27 16
3 35
14 71
6 95
30 65
19 68
20 20
1 39
2 75
21 27
23 66
11 55
13 77
21 28
9 8
15 55
26 3
20 34
5 22
19 58
1 58
28 24
2 12
4 22
9 59
25 15
9 68
6 61
4 7
7 43
30 92
1 79
11 56
3 1
4 3
27 80
6 75
10 70
8 89
4 50
24 69
17 24
10 92
2 30
26 81
29 29
12 87
1 3
15 38
18 15
2 10
28 92
29 7
27 30
20 22
12 23
25 37
12 6
7 4
10 4
18 48
0 15
5 80
13 2
12 19
30 56
6 86
0 52
19 31
29 93
22 65
8 71
11 74
17 98
1 48
22 71
14 72
13 91
30 91
19 89
18 51
2 44
21 1
4 85
23 22
29 99
17 59
6 85
4 20
12 88
28 57
26 12
20 76
25 70
19 98
12 51
28 11
9 85
30 100
6 71
28 86
20 43
8 63
27 37
24 2
3 7
9 33
26 22
25 54
30 30
0 17
16 11
2 49
22 38
2 66
13 90
17 19
15 53
16 66
8 10
8 5
5 15
21 78
15 77
9 8
4 41
21 23
4 74
16 35
1 79
5 6
2 80
14 92
14 57
7 64
9 64
12 47
12 66
28 3
22 73
15 46
25 69
20 33
14 29
9 47
17 94
15 36
15 48
2 92
8 11
13 88
2 66
15 8
9 19
1 20
22 64
20 62
15 96
3 52
16 26
26 40
14 4
19 88
25 2
24 71
18 80
20 34
17 93
11 61
1 23
26 41
15 65
12 87
24 27
3 93
5 60
3 76
4 85
21 38
21 64
14 97
7 63
10 89
19 33
12 45
10 71
16 8
17 47
2 6
10 24
7 40
18 19
11 94
14 76
17 26
29 85
5 42
4 39
10 66
24 57
30 55
0 61
2 37
18 88
17 8
12 16
13 82
13 41
29 89
9 84
8 63
10 49
28 34
16 19
28 45
29 71
9 18
9 88
2 66
28 93
3 94
27 63
18 80
24 47
30 18
30 97
13 27
15 87
30 55
22 81
25 84
0 32
30 62
23 97
18 98
24 15
0 31
17 65
8 96
14 68
26 29
2 73
19 2
6 16
13 7
23 3
2 48
14 24
14 16
4 52
12 54
3 62
29 97
12 12
17 77
4 92
27 10
4 9
9 70
15 79
5 28
8 19
9 41
13 72
17 28
4 15
20 37
17 75
25 44
6 69
15 18
25 45
15 12
3 67
9 40
6 22
13 46
22 8
6 89
3 80
8 90
9 32
24 42
0 4
23 8
4 49
27 58
28 80
21 65
27 89
20 56
7 74
10 22
14 18
8 45
16 21
11 79
1 28
5 100
11 93
24 28
27 41
0 98
6 30
5 37
