10
20 50
30 5
22 91
11 44
1 1
30 71
11 20
22 8
30 40
4 27
18 21
4 1
13 32
23 94
0 51
17 61
4 65
19 28
30 94
8 46
17 18
25 32
28 42
17 77
27 5
15 40
27 42
12 39
26 72
4 89
12 38
1 23
18 50
11 26
3 86
10 4
29 87
21 89
23 64
29 51
27 76
13 25
17 61
11 23
11 55
25 11
15 94
28 100
15 8
24 6
27 40
18 87
4 90
21 59
20 70
5 79
27 53
19 21
23 49
12 30
8 10
28 58
28 81
3 92
23 86
3 36
15 57
3 13
1 63
13 57
7 92
28 99
27 33
28 57
22 73
17 100
21 79
3 59
18 52
23 46
26 94
13 39
15 31
8 51
3 75
5 61
3 96
25 29
19 48
0 96
22 70
19 64
26 87
30 69
22 100
8 29
10 89
24 16
10 93
10 38
7 77
7 19
13 57
8 99
7 28
15 32
13 45
21 48
18 26
10 75
1 72
21 39
12 1
8 12
23 40
19 14
8 81
7 4
8 72
8 22
3 90
20 25
3 13
11 10
9 79
5 13
6 50
0 71
12 66
5 39
19 30
21 52
8 93
29 52
13 8
27 68
0 86
4 19
11 26
30 18
13 63
24 86
17 30
12 79
13 78
2 21
0 50
20 7
30 42
7 45
2 85
7 24
5 88
2 51
16 58
20 7
10 36
19 59
0 74
26 71
17 29
15 74
12 98
9 69
11 21
21 85
20 92
19 5
1 79
20 60
26 98
6 51
1 45
19 79
13 100
6 36
21 86
7 84
18 50
9 72
2 15
29 81
12 63
0 38
28 85
22 88
19 88
7 1
11 60
18 89
1 71
5 60
14 42
0 28
2 72
17 52
6 15
9 89
21 90
14 87
26 81
7 38
4 7
22 27
11 21
19 56
3 97
24 18
21 21
24 25
10 66
19 34
17 59
15 31
24 35
4 69
27 4
24 9
30 67
0 42
17 34
21 58
3 45
5 62
25 28
12 71
7 92
28 29
25 62
29 59
0 66
20 85
27 45
9 84
28 61
6 99
25 12
11 85
5 91
21 40
17 59
27 4
17 49
28 41
20 38
6 56
10 37
12 27
25 59
12 41
29 32
16 61
15 77
15 25
18 9
4 67
12 84
5 17
17 29
8 88
12 25
4 41
27 61
4 59
10 86
24 64
12 1
29 13
1 5
11 55
21 53
9 52
7 73
2 71
18 9
4 82
3 85
23 87
2 24
26 63
12 3
1 44
16 8
27 68
22 54
20 70
22 82
20 6
11 29
17 17
24 98
30 3
14 12
19 79
8 20
25 55
2 69
18 12
14 22
17 74
3 66
24 36
14 84
5 73
9 72
28 13
2 32
11 82
18 4
5 63
22 84
25 6
12 60
23 33
23 96
21 87
7 49
9 82
13 43
30 30
29 100
29 73
18 64
28 18
28 65
0 99
16 42
4 46
10 56
18 33
18 98
20 24
28 73
4 20
0 80
30 84
24 95
20 54
11 24
11 95
19 55
10 19
5 78
14 27
19 88
3 94
27 42
2 55
17 21
19 91
24 4
23 69
30 79
11 73
8 66
6 8
19 67
6 3
27 95
13 8
27 77
20 13
5 25
11 17
9 84
16 46
1 94
29 39
27 12
22 45
4 1
20 67
3 62
0 68
2 89
0 88
9 34
25 62
15 50
12 45
2 30
17 36
15 90
6 20
17 5
2 61
0 42
7 63
15 51
12 26
30 4
1 76
13 27
24 82
28 70
22 5
23 1
25 45
17 27
8 27
