10
28 98
23 79
17 36
12 15
20 53
25 62
17 97
19 87
20 88
6 47
12 58
20 29
0 73
12 19
6 55
24 80
8 86
12 14
19 56
6 4
10 11
12 66
13 67
7 25
6 21
4 7
3 84
14 36
29 87
7 18
12 20
3 81
11 58
30 50
8 79
2 14
18 10
9 33
17 95
18 25
28 29
27 4
24 57
19 27
25 82
25 41
12 82
14 60
11 89
18 97
28 28
24 20
3 36
5 9
28 100
12 48
3 72
13 9
30 80
8 84
23 61
2 76
29 85
11 59
18 64
0 29
22 35
27 91
2 97
11 15
10 78
30 55
3 11
6 48
14 98
25 89
13 85
17 83
27 79
20 44
9 10
8 23
15 46
6 91
8 24
30 98
11 50
14 10
27 54
9 33
8 67
24 12
15 54
6 93
0 1
10 43
2 16
21 70
7 22
3 4
5 89
6 46
6 82
29 42
15 47
21 32
21 95
5 24
23 70
10 19
22 32
23 2
6 81
7 72
29 79
18 45
1 70
2 65
12 23
15 84
20 67
29 31
20 95
6 82
19 95
16 78
21 85
3 22
0 67
8 10
12 40
12 68
18 93
1 67
20 86
17 87
30 12
13 86
15 93
22 90
25 88
24 10
3 62
8 30
6 22
27 49
23 89
30 47
28 59
26 61
25 64
8 41
17 78
14 55
14 96
21 74
3 85
16 92
18 39
8 18
17 70
2 26
30 98
10 81
21 72
17 2
21 15
22 27
16 60
11 43
4 55
7 52
13 53
0 17
29 14
23 23
20 18
9 72
0 60
27 37
18 16
1 52
5 56
15 43
11 23
9 95
9 11
0 47
22 13
4 97
5 89
28 7
23 48
26 79
26 99
4 42
17 39
7 97
5 7
25 37
8 71
2 4
26 50
11 83
6 20
17 76
5 14
19 78
7 5
13 55
23 11
6 90
25 11
27 73
8 37
8 46
6 89
18 34
14 87
7 37
23 61
19 73
13 77
19 76
4 95
21 99
9 52
10 48
4 26
29 47
19 30
21 6
28 90
9 45
9 90
6 16
14 57
1 53
25 87
17 2
4 82
2 86
19 76
30 97
20 22
8 17
22 89
29 60
4 71
14 25
8 41
12 30
0 60
17 44
30 40
25 56
14 48
16 52
2 93
21 98
7 81
13 28
3 14
19 19
12 50
19 77
20 71
14 38
4 7
18 12
20 70
21 29
13 84
8 35
12 80
3 49
28 57
4 54
20 41
17 38
14 78
4 53
20 22
17 20
19 61
4 90
6 40
4 37
29 49
28 75
26 16
21 58
19 17
8 16
22 23
8 92
11 47
20 58
21 23
16 8
7 8
13 81
14 65
5 75
28 40
0 55
7 54
24 72
26 59
20 51
16 35
13 75
15 12
15 17
1 25
7 72
13 47
29 65
4 87
14 41
19 67
19 53
23 55
22 53
12 27
10 98
19 86
25 68
0 92
5 48
28 87
4 16
26 39
21 17
26 87
28 89
25 5
5 100
5 74
3 15
5 58
16 15
19 28
11 41
27 52
14 86
28 33
21 81
28 7
28 98
19 82
15 43
30 53
7 87
5 57
18 41
19 49
6 10
23 30
4 84
27 80
5 60
3 45
17 26
12 12
21 66
13 5
27 38
22 72
30 52
23 58
3 80
0 40
15 39
23 71
4 18
14 95
18 80
4 70
21 1
16 73
5 36
11 56
19 59
22 24
6 23
20 14
0 16
23 10
20 57
28 17
19 13
18 22
12 30
11 56
17 24
9 24
22 67
19 41
27 95
