10
24 76
12 65
26 74
14 35
25 44
23 74
27 81
18 9
7 46
26 17
18 89
24 53
10 72
4 48
27 52
0 11
20 82
27 49
18 21
9 60
15 79
5 23
19 13
1 97
6 8
29 93
11 80
10 11
23 41
7 89
22 91
23 5
21 78
3 19
8 86
29 10
14 36
26 21
14 58
25 5
3 96
8 76
5 58
16 55
21 31
21 53
9 52
28 88
2 12
1 52
21 11
16 44
21 84
16 20
18 29
2 38
17 22
21 22
16 68
10 35
25 39
0 79
3 34
0 6
9 64
24 71
17 54
29 40
26 88
30 97
30 47
15 7
15 54
8 62
16 72
21 11
22 9
5 66
3 19
26 26
20 30
28 87
27 76
27 48
1 70
23 96
22 71
10 59
2 9
21 35
3 92
20 17
8 89
12 81
20 8
7 70
25 92
30 40
0 66
20 44
14 68
26 48
27 30
22 42
8 28
17 16
29 45
23 77
28 32
29 68
26 55
22 34
25 62
30 69
26 80
12 51
28 23
25 19
24 76
16 33
3 36
27 65
10 60
1 95
20 92
27 96
18 84
18 15
14 69
30 56
25 73
6 89
20 70
19 57
26 26
28 42
13 25
19 73
25 1
29 84
14 14
30 33
23 12
14 36
6 8
18 53
5 95
3 32
29 40
9 65
7 89
17 80
19 71
2 82
29 13
20 68
7 11
3 96
17 39
7 77
28 20
23 86
11 17
21 65
4 13
23 49
11 79
21 96
17 48
22 100
10 83
2 77
6 91
22 63
24 6
23 66
19 12
3 90
25 58
0 43
11 57
20 80
3 37
2 15
1 62
9 24
6 36
26 73
17 60
7 28
12 88
15 74
12 76
1 27
26 49
20 21
21 96
20 79
5 35
27 54
17 16
18 16
10 44
10 6
17 50
21 5
2 32
9 11
3 84
22 66
16 94
19 72
16 42
3 47
23 86
19 54
28 44
25 4
3 95
19 18
30 9
3 48
24 42
26 98
28 53
6 49
4 72
24 67
29 98
11 16
5 79
11 34
16 19
29 57
22 14
20 53
2 45
2 84
5 4
15 66
5 75
8 95
1 92
26 69
24 63
12 83
3 64
30 94
24 62
23 21
25 85
29 25
17 11
2 11
0 90
17 79
4 63
13 79
14 65
6 49
21 14
16 64
18 42
7 52
13 82
14 42
20 37
27 62
15 3
2 2
9 29
8 92
26 16
30 20
16 1
0 53
12 21
4 37
0 77
5 38
23 10
17 98
12 17
15 62
15 54
19 59
17 70
18 70
24 86
18 59
10 16
0 19
6 36
27 7
19 87
8 67
1 99
23 95
7 24
2 83
3 92
23 98
7 28
6 89
17 41
0 53
6 35
7 22
10 86
9 46
26 35
18 74
12 93
3 59
14 94
5 73
15 33
30 95
25 42
4 4
27 76
22 100
18 73
10 71
10 73
12 14
30 51
1 27
25 34
11 1
23 63
19 75
4 85
17 24
29 51
14 70
16 41
25 44
12 94
11 84
30 52
12 48
17 1
4 88
28 91
12 80
29 93
17 99
16 46
13 78
9 31
11 50
10 8
12 63
22 85
12 39
13 17
13 18
9 91
12 51
11 1
23 95
1 29
5 96
23 34
30 39
2 60
19 97
30 65
0 41
10 21
6 39
27 62
29 39
28 73
16 46
19 6
22 36
24 82
1 85
29 73
11 87
9 85
4 76
11 3
7 17
9 12
27 62
28 34
4 39
20 65
16 84
28 53
5 35
11 17
24 54
1 38
11 19
5 58
25 48
