10
13 55
8 61
15 9
8 42
27 14
8 97
18 17
29 11
11 72
22 25
2 67
22 54
6 23
16 59
14 8
18 63
5 71
5 71
14 57
22 98
13 87
28 90
11 38
0 57
13 8
17 87
25 43
25 18
20 66
4 21
29 21
7 15
13 8
30 43
11 50
9 88
12 53
23 72
15 31
3 92
22 25
4 88
21 16
5 86
10 35
30 19
8 16
22 75
26 30
9 6
29 26
2 37
14 65
8 67
13 23
13 82
6 100
19 19
14 41
19 31
12 32
30 1
4 69
2 74
15 75
25 44
19 11
18 49
11 51
7 64
26 99
8 31
20 15
21 1
24 28
3 61
12 46
20 10
12 4
3 50
15 5
20 80
21 27
25 93
10 98
7 33
7 98
11 50
17 37
0 30
18 67
9 42
1 50
15 90
16 13
14 73
8 42
7 37
23 64
29 44
5 27
9 21
6 79
1 19
16 71
16 99
15 49
2 46
20 73
20 84
28 19
21 25
27 71
22 83
7 9
25 80
22 25
4 52
6 73
8 44
19 54
7 59
25 61
21 51
5 25
17 40
13 74
5 41
13 10
25 80
12 30
0 78
22 12
9 67
0 38
16 19
19 56
17 76
29 22
21 1
23 70
27 3
26 94
7 87
13 93
24 71
27 50
22 56
0 83
30 88
0 98
17 22
6 11
15 7
8 54
12 84
21 32
24 45
23 58
22 47
23 32
9 78
11 99
1 10
23 2
5 75
26 38
26 34
21 47
15 83
17 11
4 30
11 81
24 41
7 50
15 58
2 37
13 75
18 99
28 2
23 86
27 24
0 69
2 94
8 14
18 84
25 86
2 31
15 23
19 79
7 88
9 47
4 39
12 67
23 92
30 76
8 84
18 10
17 3
12 49
18 10
17 19
6 90
13 61
9 35
5 49
8 37
20 90
1 85
9 23
22 19
17 67
9 71
20 87
28 15
2 23
28 28
12 46
0 8
18 12
13 81
7 91
24 22
21 82
6 58
23 77
28 35
4 30
7 46
13 2
9 18
4 35
9 21
13 64
29 41
29 89
25 41
24 45
24 21
21 70
1 72
30 57
0 92
1 35
26 92
3 62
5 60
11 73
18 44
4 17
5 10
10 79
26 98
28 75
20 55
12 41
8 92
9 39
16 18
20 98
23 100
11 33
13 72
24 53
0 56
4 41
24 64
18 45
2 89
20 18
28 78
30 71
24 9
2 67
12 67
24 16
7 37
27 13
29 48
20 74
12 48
30 46
0 83
4 18
10 74
25 83
30 1
22 77
10 13
21 7
24 15
10 6
15 88
25 100
5 30
14 27
16 100
30 84
15 89
17 81
0 62
17 7
19 45
6 47
8 6
23 94
11 42
23 13
9 97
28 42
13 10
17 46
12 3
7 75
23 95
19 75
6 84
21 93
21 7
8 9
3 60
25 22
27 89
23 27
12 61
14 33
16 99
15 66
22 70
27 11
11 67
23 84
27 68
0 30
2 75
0 46
3 69
13 33
11 76
28 95
26 81
18 39
4 24
14 41
19 52
16 88
6 94
10 45
5 81
12 68
9 96
18 83
1 64
30 22
23 73
9 86
27 22
19 82
29 65
3 67
29 60
18 30
5 71
28 43
0 44
20 49
24 22
24 79
30 8
25 88
12 51
14 26
7 37
4 18
28 20
1 5
13 76
3 78
9 32
16 66
24 96
2 24
7 31
12 97
4 11
18 14
22 30
5 47
13 56
1 4
20 49
12 94
13 57
20 71
26 13
11 91
12 83
6 23
7 77
10 63
