10
22 32
30 49
9 70
10 97
3 85
12 36
16 12
10 6
27 15
26 5
13 33
24 40
7 54
13 48
26 55
10 62
18 54
23 68
12 47
11 50
1 90
6 97
7 33
15 49
10 49
1 12
12 73
1 37
22 35
1 13
0 43
24 47
8 19
6 58
5 59
10 49
28 95
30 29
25 74
11 72
9 94
28 26
14 53
20 42
12 61
6 23
13 91
12 68
27 35
28 28
6 51
4 1
24 39
21 17
9 40
14 57
26 24
5 30
30 73
11 20
15 81
4 14
25 33
18 61
30 18
8 86
6 37
10 97
29 67
16 55
1 94
25 91
0 20
1 94
11 74
2 100
29 65
27 59
12 2
3 89
23 51
6 37
6 95
23 23
8 68
17 34
0 66
14 62
22 47
24 72
18 25
11 39
29 13
16 14
26 66
12 44
25 6
23 76
13 40
19 50
9 75
17 23
24 29
27 88
2 4
9 82
12 81
24 5
22 52
16 36
11 1
26 90
6 92
10 72
22 6
10 62
24 2
2 31
1 92
17 98
15 82
27 14
1 100
11 91
3 70
18 5
7 91
22 64
6 48
28 61
21 99
2 12
16 56
3 79
19 21
28 96
30 18
23 48
27 95
14 36
17 49
4 41
12 64
7 80
1 34
26 10
10 61
24 42
25 61
19 23
20 65
4 33
22 90
21 46
20 45
6 48
14 78
12 17
20 3
7 88
1 47
7 86
17 99
3 17
6 39
7 45
4 88
29 17
26 68
15 35
15 38
18 82
14 36
7 4
17 85
17 52
7 79
4 11
2 60
29 77
10 60
27 15
4 79
23 88
0 33
15 90
3 23
14 10
16 68
22 18
14 66
3 81
8 4
16 11
22 65
21 49
27 62
4 90
10 26
19 89
2 8
23 77
8 71
24 27
17 70
20 95
10 74
20 1
22 98
22 78
23 27
1 38
16 46
1 46
20 14
21 65
25 44
1 72
18 83
1 83
1 60
19 73
27 13
11 7
29 65
8 29
5 20
1 62
1 77
11 23
9 2
1 42
19 100
7 7
4 65
23 32
24 34
3 91
8 79
4 42
28 51
23 78
1 18
0 99
12 36
28 6
2 81
22 10
19 1
7 33
18 25
9 12
16 49
6 78
12 10
29 92
30 53
12 88
1 70
17 49
12 19
7 92
4 100
30 36
3 80
28 84
6 100
6 33
10 83
12 65
13 86
3 75
29 46
20 86
21 73
25 94
6 40
0 80
22 3
9 98
3 15
24 92
12 56
19 75
8 63
9 1
1 70
13 9
30 65
7 21
1 38
7 32
4 77
3 63
29 90
6 2
2 49
10 67
12 3
13 83
23 76
5 78
5 19
28 94
23 35
21 84
3 12
2 27
30 88
27 70
0 85
30 97
16 31
28 70
20 36
26 3
25 76
12 20
17 1
5 73
16 36
30 11
7 62
26 47
12 26
2 59
16 28
28 43
12 1
0 91
21 66
19 14
7 52
2 4
26 52
11 74
6 73
24 60
25 35
3 13
14 82
29 69
17 74
29 75
14 99
8 79
11 12
17 99
15 21
18 58
25 17
24 51
0 37
17 42
29 76
24 51
12 95
20 20
14 30
3 8
13 72
0 89
25 47
17 84
0 51
12 74
10 81
14 33
12 47
22 63
20 62
6 27
28 32
24 80
30 62
22 18
11 29
17 78
19 39
4 11
22 27
23 68
24 79
0 44
2 92
7 14
19 60
6 46
20 34
20 76
17 45
28 16
12 33
18 73
29 72
1 37
10 55
24 49
23 69
17 75
