10
14 83
14 3
10 39
8 74
21 80
20 32
9 24
15 24
16 5
26 96
14 33
22 48
26 32
23 54
27 48
16 39
1 84
25 100
17 50
18 61
28 94
28 15
27 58
12 29
10 99
28 44
12 57
28 12
17 10
22 18
13 10
1 92
9 59
18 27
11 38
27 58
9 53
16 34
26 48
23 94
4 64
15 24
24 33
12 28
27 19
8 26
3 23
6 25
5 5
10 5
26 19
20 73
23 48
16 28
19 36
11 41
14 70
22 71
16 23
3 86
14 54
3 19
4 53
30 60
12 15
26 10
19 2
0 35
6 54
14 48
25 50
17 65
26 19
17 7
8 78
9 27
10 99
6 40
29 41
9 71
24 16
18 44
4 87
25 86
17 18
0 45
7 47
28 91
16 49
12 92
8 47
6 69
8 83
20 74
0 71
15 15
0 65
15 9
7 23
17 68
24 13
9 73
3 86
29 72
10 86
13 29
23 100
2 24
12 97
2 64
26 7
22 57
3 6
15 69
4 74
13 47
24 30
5 63
28 25
5 51
21 45
26 36
24 2
12 97
29 83
18 55
11 10
22 22
2 71
8 51
16 100
13 53
10 31
24 10
29 72
26 50
1 48
3 77
22 55
16 37
21 72
24 59
17 29
28 77
14 7
23 39
8 89
26 81
8 53
15 74
21 71
2 50
30 74
20 63
29 14
25 65
26 6
18 41
27 59
24 28
27 85
1 26
12 42
19 57
7 48
13 11
28 95
20 75
16 85
29 53
4 97
25 76
14 52
30 65
11 98
9 61
7 47
13 93
14 25
25 40
18 61
14 24
3 30
12 98
26 43
14 12
13 66
5 53
20 74
25 1
0 94
0 25
19 9
15 27
3 5
28 31
13 27
2 4
11 43
1 37
18 96
10 7
15 84
2 3
19 27
5 53
22 2
30 29
3 83
29 54
11 68
18 17
17 74
4 13
9 8
21 68
24 64
7 92
18 33
29 86
1 88
25 91
21 65
26 36
18 74
13 86
10 80
3 43
18 77
13 21
13 92
9 16
24 60
7 36
6 23
10 57
11 15
1 69
15 88
16 90
23 85
1 41
25 35
15 59
20 21
19 50
5 24
17 95
24 83
1 25
18 85
30 84
2 41
25 16
14 82
15 39
24 22
1 86
26 36
24 51
4 17
19 5
12 42
8 16
12 23
12 99
5 81
22 33
5 2
25 24
6 51
25 56
0 47
17 6
1 59
12 19
22 89
14 56
17 78
27 96
12 13
14 29
7 35
18 67
8 19
24 44
5 12
15 54
14 23
12 33
26 94
4 2
23 75
16 37
0 86
23 35
26 20
29 12
29 91
16 43
4 16
12 35
7 77
14 45
14 70
30 1
13 68
7 89
11 99
19 39
18 64
27 84
20 99
13 25
0 93
27 90
11 1
7 21
5 10
2 89
5 36
3 90
8 47
26 29
1 100
14 11
24 45
12 22
29 8
20 19
11 91
17 43
11 19
1 4
18 15
0 52
1 3
29 61
21 42
15 72
8 55
16 68
22 13
3 64
30 56
22 22
8 45
23 52
18 15
3 86
10 44
26 51
0 37
8 7
20 37
22 40
3 25
26 7
13 54
9 9
4 81
0 35
14 70
30 73
14 33
5 49
17 29
20 66
22 44
16 40
20 44
21 7
17 29
28 44
26 47
13 63
11 8
13 59
16 38
28 12
12 89
11 98
9 66
0 76
29 69
13 84
21 50
30 87
11 81
28 36
5 95
17 16
4 16
13 85
16 33
16 99
20 14
21 1
0 87
12 63
