10
12 76
25 4
1 99
2 68
16 44
7 56
18 6
9 25
10 94
15 36
16 56
8 62
12 16
22 3
4 54
16 91
23 22
16 65
14 89
5 67
16 29
25 38
11 1
4 13
9 37
1 27
20 57
6 27
19 17
22 1
0 81
22 83
7 26
1 26
21 37
14 85
13 82
16 63
5 92
12 33
17 32
8 24
20 79
5 11
20 62
19 50
12 8
21 45
0 11
23 11
8 36
3 38
17 63
3 89
0 1
2 88
29 84
4 92
25 65
0 40
30 41
29 55
12 47
12 99
0 9
11 5
30 50
30 38
30 97
0 11
15 8
26 70
5 100
16 35
22 16
10 86
10 67
14 22
17 57
24 64
5 61
16 88
22 75
15 89
8 94
0 77
3 68
15 63
10 50
0 86
5 88
29 14
29 24
25 44
5 20
30 29
15 76
5 51
27 90
7 16
3 30
25 70
3 16
14 73
3 46
30 60
8 88
24 47
16 90
15 31
18 62
21 61
30 79
1 32
27 11
2 16
0 52
14 39
23 41
23 44
30 85
23 19
3 69
8 59
12 42
23 64
23 24
8 42
29 66
23 30
20 27
11 23
9 57
14 94
3 15
13 44
29 30
21 83
8 74
13 24
1 31
7 15
14 79
12 19
3 95
21 45
14 37
5 87
21 54
27 26
13 42
2 68
24 88
15 88
4 84
23 47
9 34
29 24
20 92
25 56
15 77
22 33
9 50
19 65
8 79
19 77
27 37
25 68
3 98
20 71
11 91
22 77
25 87
4 15
2 88
22 34
1 93
10 8
13 79
6 5
3 65
28 45
30 49
19 35
28 30
10 45
1 27
4 44
25 4
23 88
8 80
3 30
10 42
27 8
15 82
7 31
23 77
4 67
19 9
16 73
3 82
4 43
24 97
5 39
22 9
15 44
1 83
2 6
2 68
16 80
9 81
16 54
20 39
2 93
3 19
11 39
3 71
12 68
25 62
27 58
8 16
17 44
27 52
5 49
29 86
7 41
25 36
25 84
7 24
5 74
3 55
3 26
20 36
15 66
6 16
1 38
17 33
21 73
16 99
0 26
19 94
8 86
11 66
26 73
13 33
25 68
10 91
24 69
9 79
9 84
2 83
8 44
26 9
7 66
29 54
16 63
23 40
26 42
19 63
0 15
16 11
26 44
5 2
21 94
29 32
12 57
1 94
3 78
2 86
3 10
5 84
11 96
9 48
30 22
28 28
18 98
9 94
13 34
2 6
25 7
19 39
11 2
21 59
25 96
5 80
11 3
27 100
15 49
9 72
3 14
21 40
8 95
0 93
3 79
11 6
9 29
3 37
25 87
7 75
10 70
24 65
26 29
2 78
24 78
20 40
28 17
10 54
1 28
2 17
30 92
9 15
24 17
0 71
19 94
26 63
7 60
22 89
12 90
10 99
14 70
10 42
11 52
5 73
8 51
19 73
17 20
13 44
16 23
16 88
24 18
3 40
12 41
20 27
3 6
0 78
16 22
15 12
27 23
25 73
22 19
8 83
0 24
15 13
13 83
22 72
14 89
21 98
29 27
23 95
21 81
7 25
17 72
19 37
5 57
19 83
18 70
12 96
19 56
0 32
15 28
30 31
13 79
4 43
22 85
11 30
10 2
17 20
20 29
1 13
18 88
30 67
27 75
28 8
12 92
14 35
30 51
24 67
21 89
6 37
10 25
18 70
25 57
12 59
7 52
20 52
21 85
2 70
3 88
4 62
25 24
19 4
26 81
11 79
4 62
25 28
28 100
4 73
4 94
27 62
3 64
