10
16 79
1 12
24 4
1 97
25 58
27 90
15 76
28 84
17 20
14 20
20 48
21 64
9 68
2 6
23 23
28 20
17 66
24 79
27 47
3 42
22 95
21 87
17 49
1 28
0 21
21 54
25 53
12 18
22 25
9 77
2 32
28 47
27 88
29 80
1 22
27 90
9 74
5 77
30 32
17 61
8 58
23 76
5 92
8 11
25 35
14 82
26 81
1 45
15 64
26 4
2 79
28 78
10 34
23 65
22 86
26 47
28 8
3 13
6 32
17 73
7 1
9 92
7 4
0 16
23 15
14 100
8 30
19 64
4 65
11 57
7 69
23 98
20 66
22 89
8 38
17 38
19 41
13 35
11 2
21 16
1 63
8 47
6 9
4 49
10 35
28 13
10 50
25 99
26 99
8 31
30 27
0 76
1 68
11 97
5 87
18 35
25 56
4 98
23 45
1 81
8 30
25 83
29 11
16 80
14 23
14 55
6 76
26 43
18 36
18 7
17 74
4 39
18 100
2 58
17 95
10 91
3 78
10 73
20 65
0 25
9 6
18 77
29 69
17 61
21 9
10 28
5 30
28 71
18 95
4 82
23 77
14 97
6 91
15 48
5 53
12 98
2 35
26 54
30 1
5 79
7 44
3 23
3 76
21 24
30 21
1 100
21 26
10 73
14 24
0 46
22 58
1 59
9 85
13 41
19 9
14 6
1 45
15 70
29 10
11 80
1 27
4 50
15 6
13 19
20 39
30 91
18 4
13 73
12 98
19 60
30 15
1 85
6 72
3 1
11 10
15 15
3 5
14 23
6 26
27 17
24 69
15 92
23 85
6 2
1 21
10 19
16 71
19 34
7 83
11 53
13 72
9 46
3 99
7 83
7 66
16 89
15 13
21 78
1 15
26 29
29 84
3 12
22 48
20 40
5 79
16 8
16 30
0 28
20 58
16 59
26 7
27 26
15 55
25 65
2 55
22 21
12 35
9 1
10 35
26 53
6 72
28 4
13 46
16 99
29 61
15 15
5 98
28 100
25 24
1 89
5 95
3 94
22 45
2 36
17 96
13 32
28 34
30 55
12 44
14 56
23 94
16 65
24 74
0 12
10 17
5 65
2 26
13 25
2 34
0 64
11 76
17 27
19 8
20 27
16 70
20 48
15 30
9 70
9 18
19 2
25 44
21 50
8 28
25 84
25 84
26 22
29 16
11 4
22 27
12 12
10 48
14 34
6 59
7 80
19 100
12 64
16 11
7 52
25 66
17 56
8 15
10 81
6 6
20 76
12 97
13 24
7 83
6 8
11 42
27 92
16 99
4 16
3 79
3 41
0 83
18 56
13 34
15 82
10 100
25 47
30 17
23 60
19 70
14 56
21 27
19 64
21 68
20 97
3 56
6 17
2 20
17 70
22 11
25 92
27 59
18 18
3 25
8 35
2 32
1 91
7 42
12 56
7 21
0 13
1 42
16 97
26 95
11 56
25 71
18 13
13 20
9 61
24 41
23 45
30 14
13 24
21 70
5 73
14 18
29 71
28 19
17 76
7 63
14 94
24 27
5 41
14 98
27 67
25 82
18 100
28 75
20 96
14 99
5 41
21 85
13 58
26 16
26 95
17 93
15 26
23 49
10 56
5 92
25 16
27 16
20 23
25 15
21 95
28 37
8 95
4 8
23 68
19 63
6 4
3 16
22 1
3 49
27 5
6 3
4 63
5 95
15 79
3 45
15 22
24 78
29 85
26 35
14 96
7 74
10 34
4 32
22 57
14 27
24 96
8 28
13 81
14 4
28 83
13 5
6 80
