10
10 26
16 59
16 7
5 70
11 92
14 25
21 35
16 85
14 91
0 41
22 59
10 65
12 33
4 85
11 32
26 25
14 17
18 82
5 47
10 21
30 6
24 7
10 70
20 65
17 76
5 98
10 6
8 80
14 96
12 42
21 57
16 15
25 79
5 61
26 8
18 91
28 29
8 79
6 16
13 16
0 22
16 51
20 85
13 25
29 98
18 27
5 7
6 64
26 61
26 69
15 12
30 37
16 74
8 45
27 71
13 31
4 16
8 93
5 33
5 81
25 89
6 13
11 55
27 29
12 59
15 42
11 91
23 86
30 94
17 33
25 49
5 68
22 55
19 33
24 48
22 56
3 64
6 27
24 69
17 57
6 33
8 50
16 20
10 47
20 60
19 35
1 62
11 44
13 33
28 58
20 68
14 4
18 94
11 45
22 88
23 53
2 6
29 45
16 57
3 78
11 67
19 16
13 48
8 13
27 40
9 10
3 68
7 47
20 32
23 65
24 20
14 93
7 50
18 27
21 36
20 40
25 91
14 52
0 24
21 28
12 58
29 60
17 15
28 2
25 8
30 32
28 57
29 45
14 43
7 73
13 1
5 48
30 24
27 76
5 68
5 41
23 10
25 83
30 74
26 87
14 38
21 13
16 73
9 75
25 91
6 3
6 54
30 97
8 43
1 25
18 81
21 97
14 70
2 73
13 25
7 62
27 14
9 24
19 62
22 27
28 72
11 79
6 69
11 67
19 51
23 9
3 46
4 85
12 70
0 17
12 20
29 57
9 40
10 97
12 55
3 100
2 50
20 33
7 8
26 27
5 29
23 59
8 43
27 97
23 44
15 39
22 92
11 76
21 78
21 52
27 39
17 39
8 80
13 48
12 92
5 11
9 84
27 70
17 57
0 86
22 59
22 5
11 61
26 14
7 40
18 14
25 15
10 43
26 11
8 59
16 45
20 62
28 45
19 13
15 22
3 27
15 35
14 90
15 84
23 50
20 90
27 14
17 63
25 70
2 16
3 57
2 39
28 13
25 86
2 58
12 34
28 62
28 36
7 43
11 19
12 75
4 87
23 65
11 93
4 59
25 55
29 67
24 79
2 41
14 10
8 69
7 25
20 94
22 57
19 40
28 48
12 51
1 26
17 29
3 61
27 16
1 98
23 72
21 21
28 34
14 49
11 86
30 10
19 60
27 1
12 63
3 87
13 72
18 34
8 87
26 87
13 71
1 74
22 50
28 13
5 24
17 45
2 68
2 23
23 77
27 53
5 88
16 20
21 79
14 56
8 7
17 30
25 20
17 25
4 3
22 72
0 79
3 71
18 43
29 4
5 7
13 74
22 87
0 46
7 48
23 12
24 94
18 80
4 84
19 32
24 70
10 52
21 90
15 20
12 18
8 24
2 48
1 50
2 10
18 48
14 15
8 24
6 44
30 28
7 44
19 68
2 47
6 4
5 32
1 55
6 1
14 3
25 5
0 30
4 22
5 78
25 94
6 13
25 60
6 56
14 23
18 18
22 78
5 46
1 63
0 8
3 65
15 55
12 22
3 27
20 12
14 18
1 48
29 37
25 88
21 46
9 82
10 11
12 36
5 91
7 80
20 73
25 98
25 66
2 45
16 79
16 29
24 19
28 42
19 21
24 77
0 92
26 62
14 66
19 58
22 10
28 62
5 83
13 75
11 77
23 24
17 97
26 25
30 37
22 84
26 58
0 99
30 99
4 7
25 34
19 61
4 50
25 71
9 50
6 59
12 39
9 12
14 85
4 4
21 71
11 65
11 77
25 13
28 42
11 58
