10
24 82
28 5
15 25
6 40
25 25
28 100
26 80
19 59
9 91
11 90
2 42
16 12
7 37
27 81
29 20
1 39
13 51
25 21
19 71
5 95
30 66
29 89
1 2
7 5
20 12
18 4
16 38
13 46
2 28
28 93
15 62
17 16
7 33
3 89
26 12
11 69
6 43
16 11
1 30
9 58
20 45
16 49
11 82
16 98
9 98
13 57
6 84
12 64
17 34
16 29
19 15
4 13
7 67
20 94
2 61
22 35
5 55
30 62
29 81
18 39
8 81
23 61
16 15
5 97
13 40
8 76
17 98
16 72
14 71
15 22
5 36
30 22
19 70
16 78
26 88
17 11
14 46
29 92
7 54
20 91
27 100
3 88
24 59
0 79
28 95
0 61
0 2
26 99
29 57
5 20
18 11
21 96
1 34
8 73
24 67
5 56
3 76
25 12
4 1
20 60
27 5
15 6
11 31
24 9
21 89
28 16
28 23
11 91
23 54
13 18
22 46
24 16
27 100
23 55
3 52
0 70
18 62
7 16
12 81
10 43
9 30
15 6
2 99
30 90
16 23
2 97
4 86
17 61
20 3
3 65
20 60
12 54
14 98
3 60
28 2
1 52
27 8
12 74
10 24
21 86
17 46
2 35
9 74
10 17
23 18
9 96
18 98
19 84
18 82
10 29
15 10
23 81
3 82
17 36
12 40
28 88
11 100
24 12
17 78
3 62
18 22
26 53
21 66
2 91
13 95
28 11
22 66
9 11
2 87
27 15
19 20
9 47
14 13
7 96
9 25
20 56
12 15
20 55
23 42
15 13
9 60
25 43
22 77
15 36
3 99
8 56
24 4
21 97
26 36
9 54
29 85
22 30
13 97
13 28
11 4
14 84
5 24
6 13
7 79
12 92
5 73
21 84
0 33
26 46
25 54
12 14
30 61
5 40
3 51
23 9
8 24
8 77
11 82
10 88
26 47
15 77
28 87
10 89
5 84
9 67
3 4
23 99
21 66
19 39
6 39
16 55
21 97
18 61
13 96
14 77
20 45
4 50
12 22
17 79
6 35
12 68
29 84
22 10
24 13
30 69
20 88
0 76
26 13
18 9
0 13
27 26
15 93
26 94
29 42
6 48
19 67
8 69
20 94
19 42
0 12
25 96
11 76
1 6
19 100
15 97
21 18
16 67
10 20
12 82
19 59
7 61
1 3
23 96
25 78
1 38
11 62
13 64
6 36
1 27
23 19
30 19
15 23
24 7
22 7
20 78
11 78
2 9
12 59
24 66
18 83
30 3
20 76
16 22
0 80
22 37
17 47
22 56
15 76
27 2
26 67
5 58
5 31
5 50
21 42
19 26
21 21
23 33
19 44
1 41
23 22
15 65
18 26
11 30
6 40
29 21
30 15
8 51
30 58
24 31
11 50
21 28
2 46
7 41
16 100
11 10
20 7
14 69
27 11
26 84
0 5
18 1
2 72
29 16
21 11
19 61
15 3
20 30
10 78
16 15
29 59
23 63
10 50
26 25
21 45
12 6
15 37
27 47
29 59
24 77
17 50
15 99
2 59
11 33
1 34
21 36
4 83
17 19
23 21
5 78
12 58
22 29
4 87
27 31
17 2
7 64
22 91
11 76
30 68
18 57
7 86
11 4
26 39
1 49
8 87
30 1
4 7
23 66
2 48
24 97
5 18
0 18
20 10
9 3
11 98
25 72
9 7
4 18
14 78
24 58
12 97
4 51
12 61
22 82
22 93
15 55
29 52
6 22
18 78
4 32
11 45
19 74
20 52
7 75
28 92
24 83
