10
17 56
11 36
25 23
22 71
21 16
4 81
2 1
16 80
30 60
0 92
25 21
26 18
13 34
13 13
13 80
27 75
14 5
25 94
27 20
4 10
30 34
3 54
3 52
2 84
29 57
26 95
13 64
22 95
3 99
16 4
10 60
20 35
14 35
29 51
20 81
17 55
2 49
0 1
25 57
26 84
1 34
8 43
7 60
1 41
5 85
14 39
13 75
30 98
5 45
1 50
19 38
18 99
11 68
0 33
20 28
21 6
11 44
26 21
16 9
0 69
16 86
2 2
24 27
7 60
22 48
11 30
5 93
7 35
6 17
20 17
29 47
3 49
16 62
23 53
6 16
28 30
2 50
9 70
8 96
13 72
13 72
16 84
26 22
17 37
5 29
26 64
11 64
22 99
15 34
23 89
1 85
15 72
22 89
7 48
24 93
24 79
23 19
6 22
27 98
28 55
25 64
6 28
5 39
3 92
17 10
13 75
10 36
8 73
10 32
5 11
5 57
27 73
2 43
1 19
1 39
30 94
9 46
29 47
7 19
14 55
23 23
5 53
23 68
30 98
13 47
24 13
25 55
9 11
25 95
29 92
12 37
25 27
17 86
15 38
17 23
4 59
4 93
3 75
7 81
22 45
3 95
10 73
24 20
27 82
24 8
14 8
30 30
10 53
1 35
5 91
11 55
18 23
13 57
8 51
14 40
12 91
16 2
9 17
29 96
15 1
25 96
13 24
26 3
5 46
15 21
18 59
26 43
15 72
4 54
19 83
5 52
23 53
10 47
7 29
12 38
8 5
12 42
2 3
19 18
3 50
4 26
27 100
19 96
10 47
9 13
12 56
12 20
16 58
6 50
30 74
0 86
22 45
21 48
16 38
25 70
23 41
8 70
14 43
29 19
18 97
24 79
30 85
0 25
13 99
7 72
6 29
15 78
26 76
2 60
13 41
15 53
18 61
12 48
16 80
23 93
16 48
9 96
10 30
30 98
17 74
5 2
26 63
26 73
14 6
19 63
1 86
26 40
15 25
21 43
30 73
28 64
4 24
13 89
16 90
23 69
4 47
25 36
25 55
9 80
4 43
9 63
16 47
11 35
22 38
28 74
22 81
4 71
10 50
25 49
0 80
3 82
25 82
22 9
17 26
20 98
20 68
26 54
6 11
19 63
13 7
27 28
15 96
4 28
10 30
14 76
7 96
7 3
19 9
9 91
21 81
6 33
21 20
21 6
11 63
0 29
5 25
5 74
24 72
8 27
10 91
17 90
22 46
9 84
20 43
25 29
27 22
14 87
11 32
6 59
11 59
29 92
26 47
16 80
30 19
26 55
14 99
0 31
9 96
21 2
12 68
27 82
15 54
26 36
20 90
21 25
11 99
20 75
13 26
17 67
20 27
1 5
3 32
16 84
5 75
15 24
16 49
2 66
3 95
19 73
11 80
4 29
0 78
15 57
21 13
10 49
17 31
14 99
10 88
15 37
28 3
6 48
8 83
0 57
25 74
18 89
16 86
5 25
7 68
11 92
27 50
5 80
20 5
30 22
2 6
16 15
9 16
26 25
8 70
5 52
18 93
27 24
7 83
28 50
3 69
1 37
19 61
19 86
18 46
20 75
28 40
1 46
18 32
7 13
0 27
4 16
3 10
2 69
10 87
20 79
8 42
26 8
16 99
28 99
24 100
15 74
5 22
21 69
5 12
2 55
27 35
29 33
11 73
5 51
9 78
23 11
17 82
0 90
7 60
20 63
9 40
27 34
10 91
22 6
9 55
22 17
0 87
7 38
21 73
22 60
17 85
