10
1 85
1 85
28 47
3 37
10 85
10 32
5 85
12 31
2 22
3 63
28 60
14 13
21 15
5 80
24 93
10 44
12 81
15 24
9 55
9 54
16 10
29 93
0 56
17 11
18 9
4 73
18 74
24 50
22 44
0 84
3 56
15 4
28 75
5 38
23 16
11 17
20 28
24 44
2 96
25 66
0 58
2 21
14 33
4 55
14 12
2 10
9 31
16 79
25 3
27 39
11 51
19 14
2 97
14 54
27 82
24 55
26 74
21 73
12 61
8 39
22 55
3 2
25 36
11 41
2 22
7 87
16 8
28 49
2 40
11 89
10 56
4 57
18 71
7 86
12 15
1 34
11 1
14 55
5 8
26 71
5 28
28 70
12 44
5 50
9 41
22 23
15 70
6 50
14 71
7 12
2 72
8 48
12 99
25 69
0 97
7 91
4 77
13 66
20 59
12 4
30 25
7 9
1 29
0 72
8 56
20 20
4 100
3 64
27 22
2 40
28 31
30 30
9 72
3 47
13 73
7 88
2 53
1 45
19 20
8 29
12 11
22 27
11 77
0 90
10 25
19 95
3 51
23 42
30 12
20 60
20 25
20 67
2 8
1 6
14 6
20 55
13 45
16 97
21 29
30 22
16 33
21 15
9 20
28 86
5 51
4 98
15 95
28 95
11 66
26 1
21 65
17 70
9 2
5 39
24 37
28 95
25 4
30 12
9 79
18 61
21 27
2 75
13 30
3 19
17 49
29 29
1 98
2 53
3 74
26 95
14 41
4 36
11 61
29 63
9 86
9 86
29 35
1 65
8 71
5 26
21 28
19 98
17 35
17 64
15 78
2 26
18 18
10 80
1 96
17 94
3 99
28 93
24 73
1 99
3 18
17 80
0 89
0 73
28 27
24 89
7 59
18 40
26 47
17 16
12 96
4 63
19 85
5 99
24 26
4 81
12 18
2 22
16 27
10 98
6 52
30 2
16 2
20 99
18 90
18 17
8 50
23 53
13 89
30 7
23 25
14 30
19 61
4 100
2 57
5 21
11 16
22 38
20 62
5 45
3 22
3 2
7 29
19 39
4 43
14 18
29 38
12 13
14 84
14 58
11 36
8 52
20 45
20 94
27 59
24 67
7 67
16 70
12 14
8 11
4 25
14 37
22 73
16 88
28 15
13 61
4 28
15 53
11 40
21 26
6 30
30 49
2 12
19 98
0 65
20 57
11 36
4 86
10 42
15 70
21 80
19 36
26 96
2 47
3 66
17 96
7 67
1 76
18 66
1 30
23 83
6 65
18 51
18 27
2 44
0 67
2 28
6 83
6 50
30 2
2 65
9 20
25 80
1 7
4 75
20 90
27 85
9 92
10 5
3 63
10 82
8 34
17 74
10 75
25 71
14 23
7 28
4 54
8 41
6 53
3 17
15 54
21 100
2 81
1 81
19 83
12 76
15 60
28 64
15 2
25 16
30 15
22 77
9 80
1 72
11 20
14 5
19 15
13 68
9 67
7 1
22 14
28 51
15 62
10 69
0 27
3 77
15 96
28 8
9 34
9 89
27 78
0 68
10 22
18 28
26 2
9 37
16 64
14 78
0 48
25 55
20 89
1 79
0 32
9 2
12 90
7 47
11 94
10 61
20 81
29 59
13 53
24 45
21 61
4 94
10 33
6 97
9 82
11 4
22 29
6 66
6 42
19 86
30 28
21 57
4 55
7 45
19 82
23 54
28 74
24 100
9 69
13 71
29 3
25 21
10 35
26 54
27 89
24 51
22 1
4 58
26 92
5 71
4 5
14 70
6 29
