10
13 96
25 61
15 19
5 79
21 66
3 50
5 94
8 12
3 88
2 20
20 72
14 48
4 13
30 53
13 75
20 71
25 43
29 73
9 77
8 77
14 47
2 88
4 11
7 1
14 13
22 35
6 94
2 99
5 12
5 46
29 59
4 15
16 66
7 81
2 52
20 73
3 62
15 94
16 38
26 46
10 53
11 78
29 23
25 66
20 14
28 28
9 55
17 7
8 87
18 73
23 78
26 13
0 86
2 65
8 86
17 3
10 42
3 64
5 87
3 13
3 12
10 75
7 23
29 74
2 47
12 60
6 41
20 72
18 47
6 5
3 3
20 79
24 17
4 30
8 81
22 34
12 14
3 55
6 57
5 35
30 79
7 46
19 52
5 13
3 43
17 93
2 91
19 64
7 31
16 76
6 70
2 46
16 99
22 52
1 73
27 52
15 12
5 96
12 57
13 60
19 41
17 33
17 1
28 15
4 58
21 77
3 37
6 77
12 96
22 93
26 48
14 12
28 60
9 63
11 28
29 50
23 47
22 30
11 74
21 9
24 41
9 54
28 60
25 100
17 25
22 44
10 63
15 33
6 2
4 20
1 81
30 95
8 18
27 29
30 95
2 16
20 31
10 58
18 100
19 86
23 99
12 2
30 1
18 92
25 7
15 78
30 4
18 35
24 97
7 86
25 87
11 100
12 51
15 91
19 89
16 19
11 38
14 12
1 84
23 1
25 21
17 70
23 42
20 52
19 17
15 23
28 76
28 95
18 48
29 92
24 6
1 69
6 27
7 67
12 88
1 73
30 50
18 66
22 14
23 4
6 82
12 41
22 81
11 24
8 66
28 54
15 83
11 31
7 83
9 50
0 76
27 75
27 43
0 48
5 69
7 65
27 48
26 99
4 91
7 67
27 75
27 86
27 6
28 88
14 47
11 93
24 81
10 72
6 72
14 57
14 41
6 25
18 89
17 68
16 33
30 89
13 58
26 36
13 21
8 64
11 11
24 9
17 87
9 18
30 6
1 10
0 4
14 46
5 19
25 66
24 75
28 93
20 13
23 12
2 52
0 56
13 18
10 50
22 23
25 92
13 35
29 21
30 53
4 99
8 30
29 72
27 42
16 44
25 27
20 42
28 88
8 49
21 68
14 9
28 63
30 46
5 77
21 87
30 69
30 4
7 34
20 9
1 94
7 59
16 6
16 76
3 20
9 71
14 96
11 36
24 5
19 98
28 29
9 39
11 34
3 17
3 48
0 25
4 41
18 17
23 11
28 52
21 70
4 2
21 36
18 66
16 98
16 37
10 23
17 39
6 44
4 38
6 100
13 58
26 93
24 37
21 75
14 36
2 63
26 30
28 89
11 87
0 63
2 36
3 45
18 38
25 21
28 47
4 73
9 39
16 88
9 98
19 76
25 31
3 81
6 8
23 30
1 40
14 63
20 51
2 48
17 77
18 46
15 10
10 27
13 89
8 56
24 40
22 75
4 81
3 16
29 97
20 95
8 61
19 68
27 55
18 64
25 40
1 35
15 54
0 33
2 34
7 83
11 100
3 57
4 19
2 34
7 43
3 69
24 81
6 94
25 30
15 25
17 38
6 9
0 43
10 8
4 70
19 88
2 4
15 58
12 96
18 78
1 96
3 54
26 22
6 44
8 20
20 91
30 26
10 65
5 34
1 88
21 2
15 12
15 65
8 8
6 89
21 53
17 73
27 14
20 18
1 25
1 43
30 88
9 55
12 13
7 59
3 16
26 69
10 45
4 3
28 94
19 34
29 19
9 33
13 96
26 22
17 42
25 97
