10
10 32
29 26
23 64
17 33
28 95
23 91
5 29
10 60
14 89
11 70
3 38
7 84
23 48
26 55
11 53
26 83
16 90
21 21
19 2
0 39
21 20
28 46
11 95
8 45
4 55
27 37
20 95
3 86
3 99
14 77
19 40
3 84
28 72
5 45
29 69
11 39
0 100
27 51
19 27
22 44
21 86
7 95
9 4
11 66
7 72
25 68
10 53
18 87
7 94
14 48
19 6
12 14
20 23
20 14
11 88
24 61
16 43
2 48
15 48
17 10
0 6
7 30
10 9
20 48
3 3
20 83
12 67
26 62
0 99
1 79
21 40
20 94
10 47
24 71
2 16
17 16
14 1
6 46
10 46
12 73
8 65
23 65
18 94
8 88
26 74
20 60
27 27
4 71
8 78
17 50
5 86
14 26
5 37
7 71
8 52
10 23
29 15
4 28
2 43
11 83
8 17
3 73
23 83
5 6
4 61
8 85
6 36
15 72
3 85
7 74
7 79
20 51
23 71
21 52
11 25
30 70
30 12
4 83
4 45
17 18
19 37
20 11
19 84
12 16
10 1
1 41
5 58
17 58
6 77
5 22
26 59
16 80
16 73
23 43
27 97
3 85
15 21
27 61
12 18
24 23
7 98
11 80
14 3
0 75
23 4
27 88
22 72
11 83
29 1
26 15
28 44
10 90
18 4
16 44
6 100
21 46
17 27
7 57
10 9
30 1
11 2
24 46
20 53
13 12
0 17
29 23
27 89
19 32
10 18
6 57
4 57
27 66
14 16
26 68
20 69
25 53
17 31
27 21
19 14
12 70
10 96
21 59
2 20
22 30
28 96
4 46
20 59
13 51
0 59
23 35
21 71
11 18
10 81
0 35
1 60
23 65
2 89
29 46
9 31
3 19
16 84
9 92
4 10
28 90
26 58
24 65
4 92
27 85
16 83
30 17
0 53
8 55
26 2
20 72
19 78
25 63
2 21
22 73
22 1
16 28
18 31
6 54
10 75
9 95
19 34
4 34
21 92
10 23
12 11
21 42
16 20
25 18
23 4
12 71
20 76
3 58
29 66
20 64
14 58
28 22
5 43
14 16
1 100
8 55
9 77
20 10
14 62
5 8
16 7
27 65
18 84
30 22
3 92
2 58
20 91
16 85
18 98
30 93
20 12
24 37
30 19
29 87
3 18
29 2
15 7
6 9
8 99
26 52
3 23
1 98
0 66
14 4
28 53
24 45
24 42
1 80
17 7
19 4
25 33
3 100
6 20
18 59
23 32
8 41
28 5
30 7
25 86
8 77
21 58
10 52
18 7
28 67
21 2
7 28
15 11
29 24
19 34
29 52
10 41
22 60
22 8
12 43
26 20
20 31
25 80
2 26
0 91
1 64
2 95
21 4
15 38
25 77
6 75
21 97
7 61
0 47
12 8
4 9
6 56
14 80
4 15
8 16
16 52
16 39
12 81
27 82
29 50
15 82
26 26
9 44
18 80
27 12
15 90
26 61
23 6
4 85
10 39
18 26
7 82
1 34
23 41
4 9
2 17
21 58
14 13
21 84
5 26
11 72
16 46
22 13
23 64
13 55
12 6
14 8
24 35
24 30
13 5
9 32
28 65
19 36
9 97
15 48
11 91
2 97
22 71
28 69
5 62
4 4
21 62
10 48
30 81
0 73
8 58
10 14
15 59
3 59
26 68
10 35
13 33
24 75
3 55
13 58
21 42
5 99
22 86
21 42
2 92
30 5
29 93
2 42
0 18
14 24
4 49
22 29
28 94
5 9
1 65
18 63
17 2
14 48
