10
12 99
8 71
4 92
6 41
20 84
7 95
10 33
5 98
21 15
23 63
27 50
28 70
14 4
16 15
27 16
12 7
30 47
7 49
27 22
3 65
26 94
30 81
8 75
30 52
13 1
18 36
24 78
3 41
7 8
15 39
27 28
24 91
1 38
30 90
30 22
2 73
8 25
0 56
3 100
7 29
13 48
7 30
27 63
22 23
24 62
3 77
28 69
6 35
11 98
18 27
9 81
19 74
4 21
5 91
25 99
28 84
11 5
15 46
1 74
17 52
28 30
2 36
5 79
15 33
19 31
24 89
27 25
4 38
26 71
8 39
9 85
27 5
14 52
13 4
29 12
6 58
7 44
18 28
5 90
1 29
23 19
18 37
22 36
9 67
7 39
9 86
10 77
25 71
15 68
0 83
13 32
2 38
24 27
14 10
16 72
24 74
4 10
29 19
19 32
9 3
27 52
18 1
24 90
8 23
30 57
28 28
3 37
30 15
25 54
28 17
29 55
17 62
1 57
15 55
26 32
5 41
4 31
24 23
15 59
4 91
20 17
22 65
21 55
21 38
13 52
25 90
19 96
22 33
8 91
3 91
30 50
4 27
20 71
4 95
21 38
15 76
11 90
27 18
5 59
13 38
5 99
16 42
22 18
10 87
2 24
6 60
18 31
3 44
6 83
30 50
23 61
29 72
11 23
7 65
13 90
17 49
20 10
14 4
14 67
18 71
0 44
3 96
21 19
29 12
21 83
23 75
5 29
24 63
30 71
6 29
10 77
3 46
24 83
13 82
28 26
23 3
3 17
10 42
24 62
5 1
2 32
13 22
27 68
2 59
5 69
6 59
13 24
20 20
29 28
18 1
2 27
30 90
5 28
11 39
27 63
20 13
29 5
13 21
23 26
12 2
13 82
1 29
10 4
23 33
12 97
30 74
14 46
1 79
3 38
17 31
23 69
1 83
11 20
14 6
17 62
27 98
12 41
13 53
3 66
13 16
30 39
15 14
25 90
4 59
28 58
4 29
27 91
13 35
3 72
29 8
29 87
6 55
22 96
26 24
9 73
5 50
3 90
26 5
29 33
27 1
26 12
6 92
14 49
1 86
29 49
15 61
12 26
30 95
26 3
1 38
17 69
6 58
8 48
24 32
24 87
8 48
15 35
10 96
26 27
26 40
22 7
12 27
2 20
7 93
5 44
26 94
18 52
2 19
25 50
7 7
11 64
13 1
8 23
10 14
11 67
7 2
10 89
21 19
5 34
13 93
3 25
4 65
5 95
9 53
12 5
25 54
3 34
1 12
7 29
29 83
0 94
24 97
28 69
10 70
26 61
11 33
20 32
16 13
26 90
16 76
6 50
12 54
18 40
21 19
3 32
19 100
20 63
21 72
5 15
22 86
28 68
28 45
16 58
2 45
8 41
24 2
1 7
28 28
1 48
19 48
17 82
8 27
4 32
28 32
17 21
16 89
8 24
16 71
21 11
23 63
17 92
0 10
23 29
10 15
25 31
20 17
9 33
25 53
10 3
9 76
26 67
4 1
19 7
7 63
2 15
0 67
9 59
18 55
16 99
17 14
14 100
5 32
2 24
5 22
7 82
28 25
2 54
25 51
12 16
8 97
23 64
5 71
13 83
5 21
7 71
17 90
16 54
10 60
12 48
10 84
18 39
12 17
1 30
12 53
17 68
4 62
13 46
20 38
13 19
27 36
4 50
3 15
1 40
29 25
27 89
1 86
21 75
26 6
9 32
18 1
21 53
25 27
23 59
25 97
21 41
25 27
8 90
1 74
16 51
10 96
