10
20 64
6 46
18 89
20 48
0 8
21 69
11 55
17 82
15 65
8 21
27 15
1 29
29 67
18 14
1 23
4 54
26 50
26 65
21 83
19 15
23 8
16 53
29 30
9 53
16 43
16 40
26 41
8 4
9 22
29 13
5 58
10 10
8 91
25 89
19 68
8 37
15 86
11 89
15 19
20 80
8 33
26 80
14 90
27 37
7 63
14 42
5 50
30 56
30 35
16 92
26 17
7 68
28 31
6 15
25 93
5 1
6 27
12 80
2 43
17 45
3 96
23 57
26 48
7 1
22 100
26 62
15 15
30 15
29 17
24 15
19 27
29 82
23 52
27 11
5 56
23 35
18 28
6 39
0 81
11 11
23 25
5 26
7 21
3 44
1 82
17 32
22 75
6 18
7 19
16 83
12 15
17 83
20 51
13 94
15 34
11 83
7 63
30 30
2 32
22 12
17 16
13 41
5 62
29 43
19 38
5 70
16 74
11 1
24 63
23 61
13 12
30 1
12 58
6 23
21 50
1 57
22 59
5 78
28 12
30 81
23 27
2 24
24 58
15 73
5 83
23 43
11 27
23 59
26 54
17 93
5 46
18 43
23 50
1 95
14 46
3 81
20 95
24 57
9 23
13 34
29 37
6 36
27 40
18 62
9 97
25 78
5 61
30 95
2 93
21 25
30 44
27 68
1 86
14 47
18 11
30 71
3 91
26 66
12 32
19 95
6 89
29 59
11 64
1 12
27 26
23 77
17 56
24 54
7 87
24 86
7 87
28 11
9 13
29 82
16 5
19 52
7 24
0 21
23 88
19 52
23 33
10 50
10 24
20 61
6 100
5 44
24 38
10 50
1 64
25 56
26 69
28 98
27 68
0 46
27 75
15 53
9 54
24 47
26 91
11 84
29 31
7 35
24 62
9 60
0 81
1 66
16 96
8 88
29 53
15 70
14 96
12 43
23 86
15 47
20 14
8 42
29 84
25 72
15 7
29 20
26 43
22 93
18 95
5 40
30 36
7 51
2 67
7 87
16 61
17 14
15 10
28 39
21 49
1 33
14 66
24 9
18 62
3 55
25 14
6 32
8 43
22 74
10 48
16 9
13 95
9 63
4 29
10 62
23 96
18 23
21 14
4 93
1 68
23 38
7 29
17 59
4 20
26 23
21 16
22 76
23 39
25 87
20 99
17 39
13 51
15 37
1 98
5 6
6 31
2 61
25 16
12 86
6 61
20 43
22 44
21 18
13 68
26 82
29 83
6 19
26 59
8 20
24 89
27 22
30 56
11 35
25 29
4 88
12 36
17 6
23 6
24 15
22 69
25 13
4 73
2 69
11 85
16 76
4 48
9 11
26 63
27 20
9 4
2 93
22 77
17 57
13 53
23 84
15 95
21 13
9 89
6 65
20 70
12 80
7 79
21 42
3 87
4 55
14 55
22 85
19 88
20 26
7 59
9 73
13 70
6 5
27 28
4 19
11 5
13 81
22 72
5 71
21 81
22 39
27 56
7 42
16 92
7 98
15 97
14 18
20 55
23 58
24 45
19 43
10 65
7 69
7 98
17 3
18 42
15 80
8 74
20 56
0 8
22 55
2 93
1 36
13 82
4 34
22 82
26 89
8 42
8 1
23 5
1 47
27 81
11 13
16 57
10 18
13 59
3 96
30 24
8 68
2 67
27 10
1 8
20 31
1 99
20 98
21 65
13 81
1 59
7 29
15 51
22 33
11 79
30 15
13 20
2 44
21 53
20 94
19 86
28 97
17 82
21 3
23 83
16 20
26 15
11 27
12 37
7 2
