100
5 95
2 58
15 33
15 69
11 7
23 90
17 15
4 99
23 49
6 32
4 13
30 49
23 54
28 92
22 4
28 19
18 100
5 82
29 77
22 18
6 82
7 77
28 19
9 40
20 64
21 72
3 49
20 63
27 65
4 13
1 52
28 50
14 12
30 24
19 94
12 74
9 88
24 58
16 35
25 75
24 83
4 49
17 72
10 99
15 49
19 41
16 36
6 50
4 81
19 20
9 59
19 94
19 89
3 53
28 91
6 4
17 53
21 83
8 44
14 99
16 39
15 28
9 9
24 63
29 34
19 15
30 89
5 20
14 71
4 100
9 66
0 84
21 85
24 48
25 45
15 56
6 88
29 41
19 76
22 39
0 29
21 47
14 65
22 8
9 31
14 87
23 75
14 7
14 48
19 44
12 100
19 57
29 70
20 59
23 70
3 73
15 35
0 77
9 75
24 95
18 83
18 66
30 35
20 6
22 66
16 93
7 38
17 36
13 88
24 89
12 26
29 73
28 74
24 5
23 21
26 6
10 67
3 91
23 41
30 97
25 2
25 72
20 81
28 97
12 54
5 21
9 75
20 66
8 75
16 9
11 100
29 86
13 39
12 28
15 70
29 3
2 95
8 59
21 55
11 17
8 7
28 76
21 53
18 84
24 65
6 1
13 52
4 7
25 46
21 68
18 78
29 78
3 28
0 14
15 92
14 59
15 20
27 1
5 44
0 50
28 96
29 8
27 100
20 63
20 59
27 56
24 61
4 10
24 40
9 4
12 41
15 27
15 55
30 88
18 69
2 14
11 82
21 66
0 10
2 47
29 11
14 1
24 91
7 44
12 8
12 100
24 28
0 12
1 53
19 77
28 41
12 10
29 37
13 33
7 65
21 34
13 95
24 28
3 77
10 9
17 29
16 38
24 55
15 25
23 70
24 5
29 43
27 36
29 83
16 56
5 52
28 73
16 23
29 90
29 79
3 72
23 81
14 85
12 27
7 53
28 93
24 25
7 82
17 65
26 29
3 51
10 91
9 3
10 45
11 20
18 17
22 66
8 13
4 15
14 95
26 55
24 34
14 51
24 93
3 18
5 25
13 44
23 76
6 46
26 7
11 86
21 89
25 25
9 70
14 10
3 2
26 15
29 88
26 85
26 35
25 39
28 31
4 68
29 11
17 58
30 27
22 3
0 42
2 68
15 61
25 76
14 1
19 35
22 15
2 93
30 32
13 78
25 20
18 84
19 29
13 77
7 95
3 91
23 71
26 21
11 41
2 99
0 4
16 52
14 17
19 36
20 42
3 59
13 65
4 80
17 75
21 84
20 52
3 91
17 23
23 79
20 80
17 64
4 29
27 71
25 95
6 13
17 66
27 61
9 72
21 16
21 96
7 99
1 27
6 16
23 9
29 19
16 46
30 95
1 11
3 76
26 77
13 85
14 70
7 39
10 30
8 69
5 40
6 55
18 87
2 73
10 96
16 13
17 98
13 71
22 24
0 19
1 53
30 80
12 6
25 42
8 16
23 76
3 13
1 4
30 3
13 49
14 22
4 40
11 11
1 71
22 75
18 7
12 78
26 69
5 100
2 46
3 87
13 13
22 26
23 62
4 46
10 71
18 97
27 37
13 29
7 18
5 62
24 20
19 87
28 93
30 37
16 32
15 30
10 12
13 68
20 48
24 95
14 78
5 20
9 34
4 8
20 26
16 25
0 81
22 76
14 49
27 72
21 43
6 25
11 31
9 79
22 61
12 24
10 28
16 38
27 78
0 18
2 42
22 48
15 83
16 39
28 72
5 58
0 72
6 89
26 73
11 77
20 29
15 6
27 46
20 61
0 60
26 88
29 66
15 85
25 35
28 13
30 36
5 12
15 20
22 46
19 42
9 49
12 2
3 39
5 96
24 100
8 62
7 89
21 36
26 49
29 41
24 4
0 39
18 20
1 17
0 97
18 89
14 12
25 52
4 13
27 53
9 78
16 33
10 75
23 47
21 27
26 88
3 52
5 46
25 33
15 69
13 41
22 63
2 28
30 2
20 82
28 10
16 81
24 85
14 76
14 81
29 77
15 95
17 69
3 64
10 66
4 26
14 65
12 75
21 8
10 99
21 100
0 42
17 33
12 67
10 64
10 79
28 9
6 82
10 53
9 98
22 3
16 63
12 18
26 3
14 28
1 57
23 35
2 11
19 3
1 82
19 3
4 84
20 73
28 94
6 73
30 19
2 35
6 86
19 15
18 38
14 9
14 99
8 33
15 80
15 42
13 72
20 29
1 37
28 33
14 100
0 97
7 17
0 94
23 33
2 94
10 22
8 28
9 38
25 25
14 27
23 62
4 42
6 50
30 13
15 83
30 48
16 8
9 24
26 86
7 14
28 4
11 59
12 58
27 54
5 15
21 22
16 33
4 44
9 17
9 69
11 77
26 96
8 97
1 22
28 48
27 26
16 72
26 54
12 45
27 46
6 100
18 42
2 99
13 59
5 62
26 46
1 11
3 83
18 98
6 56
0 74
23 89
18 30
2 39
8 62
14 57
21 73
10 100
12 90
22 83
1 16
15 93
29 18
30 98
17 28
13 48
29 72
4 6
29 12
1 99
14 28
6 76
21 61
21 85
22 81
26 17
13 41
30 68
23 23
5 94
11 93
19 1
22 60
30 5
6 11
18 42
13 60
4 38
26 80
28 100
4 58
23 6
3 5
1 26
0 38
6 78
6 84
22 15
26 68
20 14
28 16
17 97
2 47
21 67
12 26
1 43
15 93
7 38
12 24
5 35
10 16
13 81
1 90
29 20
24 15
11 16
1 47
5 82
18 62
17 83
21 29
14 24
24 56
4 34
1 58
22 3
15 89
28 57
21 47
4 72
27 47
0 84
10 77
10 12
16 10
18 55
7 27
18 71
1 71
10 39
27 97
20 90
7 33
7 43
21 82
8 71
30 46
1 68
22 86
14 42
19 21
11 14
15 48
25 37
26 47
25 10
30 66
29 4
11 97
26 22
23 97
28 91
5 59
17 49
26 55
3 36
22 50
12 31
9 81
9 97
22 12
0 12
16 75
0 16
4 66
4 75
21 98
1 61
16 14
22 70
24 53
23 52
24 92
12 65
21 6
30 27
13 26
28 84
5 59
5 97
29 29
18 57
6 83
29 26
28 21
14 56
10 24
25 58
26 5
27 3
21 96
9 21
6 52
22 62
10 34
0 49
13 75
20 99
22 99
3 50
5 87
7 92
26 12
22 42
24 35
14 34
15 83
6 46
28 42
12 20
14 90
11 69
19 8
27 85
14 7
29 1
18 55
7 49
3 70
5 45
9 43
21 37
14 61
13 85
12 44
22 49
4 38
5 86
19 96
22 48
14 60
28 5
9 55
5 68
27 22
2 31
3 33
26 80
26 42
18 3
19 74
12 36
12 22
5 71
30 67
14 68
26 49
23 14
13 81
22 17
30 26
20 3
11 70
4 59
13 20
25 77
24 80
17 28
11 9
15 33
6 90
3 43
1 30
24 31
10 21
28 91
14 86
7 13
13 81
30 84
1 85
10 60
27 59
6 16
23 34
26 65
9 16
30 15
4 53
19 8
0 32
24 10
