100
27 24
22 73
1 22
2 43
27 6
6 45
23 77
6 11
19 30
0 83
6 37
14 60
28 53
9 56
18 29
8 65
18 73
23 31
24 87
26 74
4 59
25 28
12 20
18 8
19 21
25 10
22 95
27 62
17 81
12 38
10 84
15 62
15 85
17 5
23 14
24 69
29 95
14 41
29 5
7 68
16 33
13 95
22 3
29 17
13 49
4 44
18 6
1 36
25 21
11 8
27 34
19 60
9 9
1 70
3 97
27 95
5 11
16 80
4 38
16 1
24 25
2 59
19 42
12 1
5 59
14 81
30 85
20 25
22 57
1 1
21 66
21 88
28 4
15 42
28 16
3 87
6 41
17 42
16 19
19 20
21 72
11 10
17 65
18 58
14 13
4 17
18 62
5 100
28 99
10 72
25 81
8 34
25 13
2 77
3 3
16 78
8 73
1 77
24 75
19 34
2 67
30 73
0 59
24 57
12 23
20 9
1 75
0 97
0 79
4 8
12 49
22 14
27 71
25 2
7 10
11 40
11 12
2 26
0 35
10 88
3 21
27 73
21 33
8 81
17 54
23 14
24 1
29 27
2 83
11 26
19 28
3 26
11 1
28 6
11 98
23 11
26 100
27 18
27 74
29 88
24 97
19 54
14 64
15 67
21 72
17 92
29 77
20 22
16 18
24 88
17 93
4 12
13 88
26 56
1 34
0 97
16 83
23 57
23 83
23 92
11 92
7 7
17 57
0 77
15 53
14 72
21 15
29 74
22 30
7 99
23 6
30 24
30 65
15 17
14 81
3 92
22 79
28 25
4 90
22 47
8 24
29 77
11 86
29 63
25 18
13 62
16 87
6 69
25 71
4 69
4 2
4 55
6 39
7 14
2 84
14 29
29 68
29 53
7 93
30 40
30 17
20 89
12 91
25 26
3 41
17 74
27 84
14 87
6 30
25 69
9 4
12 77
1 94
30 89
4 81
27 16
1 32
15 74
16 57
7 78
0 45
14 89
12 19
0 87
27 20
20 42
23 18
14 43
27 44
2 74
24 10
15 8
4 38
27 80
7 51
19 76
18 28
30 43
4 95
6 24
10 82
21 24
23 36
8 61
28 91
28 21
30 95
10 1
11 83
0 91
15 39
22 54
15 74
30 5
3 20
2 99
24 45
5 30
14 96
13 92
2 2
7 75
14 42
22 18
6 26
27 93
14 91
9 10
30 1
0 19
2 66
30 94
22 46
23 25
26 69
5 17
10 8
6 64
26 66
14 29
9 85
15 98
16 58
5 38
11 95
27 1
25 37
13 100
5 3
28 34
9 91
17 98
29 14
6 24
27 70
30 16
4 33
9 41
27 92
12 100
21 78
29 40
0 87
20 58
19 64
8 8
28 15
25 96
16 79
7 31
6 3
16 47
17 59
6 73
27 56
18 30
9 58
10 57
18 1
28 63
19 66
12 30
11 31
22 61
1 67
25 64
16 29
6 37
23 13
8 29
12 20
23 100
15 49
11 92
26 33
22 64
8 17
1 23
23 4
25 27
18 59
14 100
16 8
19 98
25 36
12 43
9 34
20 33
25 58
9 95
21 44
7 52
4 30
13 84
10 95
23 32
8 76
16 99
8 64
15 52
6 15
1 81
2 37
5 46
3 62
11 54
3 41
26 14
29 17
20 74
4 90
20 33
6 81
24 66
24 56
23 100
14 94
21 71
23 70
14 77
28 95
4 94
15 29
26 15
1 37
11 86
3 23
3 5
24 8
7 85
7 83
28 3
12 43
14 67
30 39
16 42
4 31
6 79
7 32
22 31
11 72
19 70
11 97
30 8
12 91
25 68
28 30
1 47
4 66
19 69
11 48
9 13
10 76
2 70
9 20
15 5
13 82
29 67
26 4
7 100
18 39
17 53
23 46
14 17
10 15
28 42
4 27
7 31
6 72
24 9
26 63
2 1
7 92
3 9
23 24
27 19
17 4
0 18
8 99
22 28
28 47
1 75
20 4
11 78
11 3
14 37
16 26
10 41
4 4
23 53
17 15
12 39
11 91
18 11
7 71
19 38
6 13
11 12
25 67
12 99
25 31
3 19
28 51
2 30
8 68
8 91
25 33
15 51
29 11
16 73
29 50
24 45
15 33
13 62
13 35
24 9
10 76
30 65
28 34
7 32
0 25
26 45
16 5
24 24
27 46
3 23
2 16
27 80
3 36
11 54
19 19
15 53
21 2
19 43
5 32
1 4
10 89
3 69
7 7
21 25
1 3
27 60
0 24
21 53
9 8
30 58
12 11
29 80
23 22
20 11
24 74
5 13
28 79
4 67
2 9
18 96
7 37
12 6
15 98
3 12
28 80
21 98
1 86
6 16
14 43
14 48
28 19
10 84
19 66
23 60
24 33
30 25
8 54
19 92
18 82
8 80
17 1
21 42
16 13
20 91
5 24
5 43
6 60
5 32
16 61
0 54
6 34
22 77
3 59
19 89
0 78
0 44
30 64
8 50
25 41
3 38
16 64
7 25
13 28
19 96
19 4
30 59
20 18
23 6
0 41
24 11
26 80
22 3
26 45
30 42
10 50
30 76
28 67
25 83
25 99
9 93
1 56
6 3
27 5
22 10
21 16
23 64
22 17
27 89
23 14
23 89
24 34
16 8
7 89
21 91
26 67
22 64
22 14
24 18
15 77
13 78
26 71
19 55
18 6
10 80
13 83
5 75
11 64
25 73
8 67
6 37
11 20
15 70
11 3
19 5
16 26
16 36
25 84
14 45
1 71
21 16
10 87
5 55
23 69
21 94
24 28
21 19
8 77
18 59
20 22
17 51
10 80
15 51
12 65
9 71
22 87
19 11
26 41
10 96
25 59
16 19
4 47
27 11
23 100
1 3
8 27
12 78
2 86
26 91
7 24
22 14
26 26
19 24
10 85
6 85
4 40
27 61
25 69
11 2
6 4
8 64
2 94
15 29
25 51
30 25
1 54
13 92
16 82
26 45
17 19
13 95
15 49
16 3
17 62
15 55
25 56
21 49
18 83
4 59
9 83
3 82
6 60
2 7
13 10
27 3
16 98
17 16
0 45
24 83
25 95
22 61
24 55
4 20
28 23
4 88
6 80
29 5
1 69
15 6
25 34
29 44
29 23
26 98
10 25
5 26
12 19
6 59
2 15
26 66
23 90
7 3
24 4
14 73
23 54
28 17
12 93
24 72
21 85
27 82
25 14
20 65
0 87
17 20
27 39
13 56
21 95
21 57
20 38
16 33
18 18
8 1
25 74
28 20
26 100
21 20
2 53
27 5
5 48
28 17
0 1
1 40
17 21
22 62
1 80
5 72
28 19
0 95
27 18
7 41
2 17
9 74
25 11
22 69
4 47
9 100
18 65
27 30
19 13
6 72
29 20
21 21
29 22
2 60
6 61
23 97
18 70
0 93
13 18
30 81
5 50
12 74
25 29
17 100
11 90
4 65
15 20
14 5
23 63
1 26
12 25
22 28
4 38
9 61
29 24
17 46
2 22
7 15
4 13
29 80
14 93
14 85
25 73
6 83
27 61
26 63
24 93
4 27
15 49
16 10
12 71
25 13
14 92
3 45
9 56
3 85
