100
20 84
21 45
8 17
3 79
6 80
29 3
1 88
22 20
9 66
10 84
19 71
29 69
16 17
11 49
12 3
17 59
5 47
27 40
25 7
16 91
18 13
28 91
27 14
0 74
30 68
14 69
29 42
24 14
7 7
13 76
15 13
9 33
8 77
16 70
6 75
21 18
3 4
10 60
18 62
1 15
0 31
30 69
13 39
10 24
23 1
16 88
20 93
25 13
5 27
17 60
9 58
0 48
14 95
21 7
14 81
5 48
13 10
7 6
4 21
23 83
23 72
3 59
5 69
20 99
10 98
25 39
24 81
14 22
25 37
24 80
11 93
21 39
16 88
2 46
3 48
30 83
11 68
13 97
15 71
29 33
17 81
23 33
19 6
4 4
21 58
5 23
11 30
4 13
18 69
21 37
27 70
30 4
2 22
29 77
14 50
10 6
18 51
15 97
13 65
27 49
18 84
5 78
17 60
20 15
20 81
27 16
14 72
6 25
23 73
18 32
15 47
13 69
3 19
12 98
11 67
5 50
27 80
6 96
30 97
12 50
11 58
8 5
30 95
2 21
24 38
9 17
5 82
6 48
24 70
6 65
6 56
6 60
14 5
21 64
18 17
2 36
23 38
0 83
9 69
26 29
24 48
23 64
21 31
12 59
26 59
4 19
7 30
4 5
28 52
13 61
10 4
2 25
30 74
7 28
2 64
28 81
13 59
30 45
28 25
2 87
4 40
19 23
25 54
27 23
27 17
20 65
6 67
7 44
27 41
5 99
0 91
30 1
10 94
13 89
16 28
14 21
3 8
28 87
11 84
16 93
25 44
28 19
2 10
19 54
22 22
13 41
1 50
22 53
16 14
18 91
5 65
6 75
23 87
12 59
21 21
9 2
9 76
27 42
6 9
1 68
24 13
17 11
0 79
24 90
24 84
27 84
13 17
4 97
1 78
18 22
14 52
14 56
4 43
7 62
9 59
5 30
14 38
29 53
4 5
25 92
6 1
22 7
12 63
12 90
18 58
30 36
16 93
5 85
18 8
22 7
10 53
14 9
9 64
8 30
29 8
17 98
27 3
4 6
4 2
8 8
10 7
25 65
23 90
4 84
4 24
29 6
17 35
15 98
12 24
18 19
0 72
14 38
26 10
14 52
18 46
26 48
1 5
20 60
25 56
17 71
13 59
25 43
1 83
17 77
26 65
18 84
15 66
18 46
19 78
10 95
10 27
20 12
0 23
21 82
5 31
17 42
1 96
17 24
8 26
10 10
13 100
5 82
2 69
14 32
5 65
15 21
17 44
10 49
27 35
13 60
0 68
17 85
25 68
24 15
27 59
30 38
28 25
12 69
1 13
12 81
29 35
15 99
29 12
28 53
20 18
16 22
29 95
2 7
25 34
18 17
18 65
0 63
23 48
19 57
23 53
5 17
22 31
26 86
12 6
1 86
29 48
18 81
20 59
1 64
8 87
3 79
29 11
1 51
6 45
12 28
29 53
18 17
28 82
13 49
17 41
6 20
2 61
17 11
4 72
24 97
21 1
6 5
25 62
23 8
14 53
27 76
6 96
17 26
25 93
29 11
2 16
0 78
3 18
24 99
24 3
26 48
29 85
3 18
20 91
29 42
19 65
15 88
22 66
13 67
8 10
8 70
30 13
13 89
3 58
21 83
16 86
13 31
3 13
12 81
10 65
21 67
8 59
7 85
27 99
7 96
27 48
27 33
11 19
30 33
1 67
4 38
25 94
29 51
12 25
29 22
24 70
24 20
28 33
29 80
26 23
26 93
30 80
19 10
20 8
16 37
22 92
23 15
29 65
20 90
2 20
24 58
20 49
30 80
0 21
10 76
18 22
22 16
12 44
6 73
15 32
5 67
29 13
9 18
23 38
27 38
13 90
9 68
12 97
8 4
0 48
9 84
30 71
3 26
15 15
28 97
9 97
21 5
13 91
4 70
12 5
8 78
2 28
27 73
7 57
22 84
10 16
28 7
30 98
14 83
19 45
4 80
10 53
24 71
17 86
2 78
29 100
27 77
24 15
8 81
23 51
9 77
4 56
17 87
24 33
27 55
9 33
23 18
26 55
11 100
27 13
12 82
13 76
26 49
2 44
5 71
21 51
6 39
3 4
7 83
28 71
10 68
20 63
6 68
18 58
14 74
3 10
27 62
10 11
11 53
14 53
24 48
20 40
6 56
0 3
25 15
23 30
11 16
29 68
26 34
21 14
11 11
7 22
2 30
27 43
3 90
0 85
20 87
25 52
1 32
18 93
2 34
3 52
16 60
11 46
9 42
1 87
27 73
4 74
15 83
25 20
17 92
26 26
26 97
3 55
3 90
16 12
22 44
30 17
17 8
13 69
21 7
21 46
22 52
1 43
13 41
11 56
23 64
11 9
26 20
5 10
28 52
11 14
6 16
17 46
7 24
23 44
10 64
16 53
30 10
29 32
18 99
23 30
25 63
0 57
6 29
6 3
1 53
14 19
26 15
28 90
20 18
30 59
16 72
19 80
28 28
16 3
17 39
2 58
5 66
18 68
1 22
19 58
4 85
27 86
20 82
19 56
7 97
20 11
2 50
22 5
21 56
25 33
24 23
30 10
27 41
21 84
25 28
6 9
2 28
8 55
14 72
6 9
9 44
21 86
27 72
16 61
11 97
17 11
29 33
23 9
12 49
16 30
27 63
25 38
28 56
20 96
1 60
23 80
4 41
9 30
7 77
28 19
4 94
20 63
13 36
14 95
28 72
15 76
24 82
11 27
30 18
5 8
29 86
7 67
30 46
16 40
9 43
19 48
23 27
16 95
21 37
11 75
2 34
10 35
20 87
2 97
24 41
30 33
25 94
21 45
0 67
26 42
19 23
0 47
28 33
7 21
9 11
8 1
16 86
5 51
27 9
26 93
21 19
12 86
21 6
16 100
21 64
11 6
8 13
11 17
6 27
18 39
2 86
19 61
3 58
5 70
10 21
21 93
27 80
24 85
27 96
30 9
4 5
8 59
1 50
11 17
5 54
3 25
3 73
27 41
27 18
12 79
8 14
18 63
20 13
26 43
3 93
13 31
22 17
1 9
13 94
17 50
29 82
8 54
19 75
19 82
1 37
16 5
28 7
14 64
20 97
6 55
14 75
20 45
4 72
10 81
5 64
14 1
27 55
30 98
17 72
19 65
1 93
28 71
13 29
9 55
11 53
20 100
29 34
10 92
11 64
21 91
2 9
22 16
7 88
22 25
6 33
11 13
12 19
24 79
21 12
1 59
16 69
27 7
18 55
27 49
30 74
9 40
18 5
6 35
26 44
16 16
21 8
7 91
16 25
13 2
27 51
11 81
9 87
26 85
26 76
3 99
14 18
3 91
1 17
13 61
30 8
24 36
19 96
30 95
29 40
25 17
11 89
15 80
27 54
11 79
13 40
0 40
23 89
8 7
17 98
9 12
14 1
24 84
25 55
19 13
0 86
19 3
20 6
10 82
6 65
7 62
3 1
15 77
28 28
19 90
29 14
11 29
15 50
26 90
10 21
27 30
5 96
6 100
30 30
6 13
16 57
6 63
10 20
12 3
30 63
20 16
25 44
9 24
9 9
