100
25 61
13 42
19 95
2 94
3 86
17 89
19 62
27 12
8 77
4 47
12 8
27 37
3 95
13 69
23 81
3 6
10 71
19 38
7 95
8 50
10 17
1 63
26 33
3 1
25 46
9 97
10 50
2 76
6 42
12 100
12 69
16 77
8 72
17 50
11 84
12 83
8 44
21 87
2 16
22 64
5 47
29 56
1 76
16 34
17 100
22 85
24 30
3 6
11 41
8 17
23 6
22 19
30 99
27 5
21 51
15 59
12 47
2 15
7 36
21 39
24 13
5 77
14 98
30 19
9 20
16 51
11 27
19 16
30 77
9 3
0 79
16 4
19 21
5 44
28 42
22 5
29 96
13 83
20 34
17 25
27 22
26 16
18 62
19 64
5 51
30 29
5 85
30 57
18 48
17 95
30 36
26 57
12 2
26 82
3 73
26 84
0 59
20 28
3 38
30 89
19 45
12 53
13 33
9 6
15 64
28 6
11 17
5 82
6 27
4 88
26 64
5 24
23 49
26 13
23 3
21 14
23 50
5 95
18 62
12 25
15 72
2 40
27 52
27 89
15 11
15 48
19 36
1 32
1 1
12 10
15 45
14 80
6 26
23 88
18 46
2 85
18 64
24 23
16 42
3 60
20 21
10 20
0 78
24 70
25 10
25 59
27 54
22 14
7 62
21 76
4 13
25 9
14 88
5 14
7 29
9 100
17 62
19 94
9 52
8 59
4 68
1 87
12 31
24 46
1 61
25 72
22 52
24 82
26 69
15 13
26 13
26 82
9 36
22 36
22 88
13 79
4 87
14 84
19 59
0 4
18 39
5 56
23 100
5 12
3 26
3 78
20 98
23 21
20 95
0 94
8 72
12 78
25 87
13 52
26 98
16 92
3 84
28 58
25 90
29 5
6 61
0 67
8 81
22 61
25 61
9 81
11 86
23 40
17 16
26 14
20 14
24 5
8 35
7 65
13 14
30 55
18 96
21 43
25 69
0 80
18 99
12 4
25 97
29 35
18 44
15 13
1 2
25 15
8 62
1 87
6 36
6 84
15 11
8 85
19 16
30 73
13 17
21 26
4 29
0 27
20 35
8 98
12 60
1 63
10 24
0 75
10 78
24 65
19 70
29 72
11 77
19 78
8 72
6 93
17 56
19 97
3 40
1 10
9 61
21 67
17 44
22 14
3 30
3 51
28 22
15 67
25 79
20 53
20 59
15 26
23 100
6 27
7 72
5 44
6 35
3 13
14 11
6 92
28 26
2 56
17 4
24 42
14 22
14 93
6 68
25 14
4 50
15 83
5 13
18 59
30 66
8 58
8 65
14 45
7 21
16 69
1 17
17 94
12 52
28 61
20 57
19 20
25 72
9 38
28 14
16 10
22 15
20 11
16 78
7 10
30 61
6 72
8 27
25 38
6 78
6 97
10 56
8 57
2 66
27 81
0 23
5 19
26 82
5 93
3 76
13 95
24 26
12 27
14 69
12 67
25 74
20 48
3 27
27 1
16 37
17 27
29 76
2 68
26 100
21 53
4 84
23 20
21 78
3 8
22 13
11 28
20 55
19 64
8 66
24 70
7 34
1 92
19 78
0 56
4 71
9 23
26 98
15 53
7 12
13 11
15 54
22 13
12 84
5 48
1 69
30 46
18 43
19 98
5 7
7 23
22 41
13 73
30 61
13 59
12 39
8 10
23 24
16 97
27 38
11 13
8 52
25 25
30 63
23 11
19 93
4 60
18 86
12 97
24 75
9 99
1 80
19 17
9 50
15 68
9 2
25 89
29 62
18 34
22 72
24 15
4 30
30 17
24 9
12 65
11 2
5 67
15 41
12 11
0 64
16 11
5 32
28 52
5 61
0 15
14 75
0 55
29 3
30 12
23 32
19 100
16 91
1 51
13 70
30 69
9 38
5 48
6 84
14 95
14 24
6 25
14 53
17 92
13 18
8 8
5 58
3 16
3 24
5 90
25 58
5 50
13 37
10 65
22 90
7 94
12 92
27 52
23 19
1 35
0 53
17 95
2 16
13 55
6 81
10 44
24 73
9 61
23 87
14 41
0 14
17 98
5 52
22 84
17 11
3 62
13 40
8 64
14 52
24 54
22 36
26 66
18 73
17 40
4 92
17 66
24 66
21 71
21 26
22 30
24 92
14 19
5 18
25 83
8 68
26 60
6 44
13 16
10 51
2 51
14 85
16 81
9 95
18 1
15 35
29 12
18 40
1 22
15 8
24 12
8 99
30 78
10 48
29 6
18 19
23 10
8 18
28 11
29 37
0 59
15 13
22 6
27 1
27 18
13 86
25 9
24 89
0 67
9 36
11 94
11 96
20 6
19 28
7 81
28 72
26 64
22 2
9 54
27 25
24 51
10 23
27 89
27 32
11 85
20 38
23 8
26 40
18 79
1 83
22 51
9 59
23 45
25 75
2 89
4 36
11 1
13 17
2 74
11 37
26 36
29 83
19 19
3 69
3 6
20 3
2 13
13 86
23 48
18 28
10 69
18 84
9 6
18 56
6 9
2 78
15 25
28 2
7 9
15 55
19 37
22 57
29 16
29 59
11 78
14 9
14 48
24 88
14 18
13 23
7 80
19 47
9 13
21 91
14 24
1 9
13 56
3 57
27 24
14 58
9 62
5 64
30 56
22 18
2 56
12 29
22 71
28 96
8 58
8 40
24 27
6 51
7 89
3 7
28 2
11 58
5 58
28 84
22 52
13 41
11 25
17 6
17 61
7 76
12 81
27 56
21 38
9 61
3 78
24 35
1 5
30 71
18 16
9 17
2 30
1 96
0 40
17 35
12 5
24 13
24 54
24 67
3 66
9 79
12 62
10 37
6 78
10 12
16 15
24 20
11 16
30 79
10 19
27 71
29 85
4 58
15 86
19 13
18 95
12 81
3 3
7 91
24 13
30 64
14 9
11 86
20 17
22 29
16 97
22 50
1 50
25 73
14 8
26 43
7 20
9 71
1 17
21 27
13 47
10 1
16 82
7 14
18 26
11 50
0 2
4 59
6 58
12 17
24 34
17 91
29 97
15 52
28 27
15 6
27 87
21 11
7 19
6 86
28 32
13 14
27 15
15 42
0 2
30 21
23 14
5 84
8 73
7 100
30 84
3 41
0 95
12 21
30 85
28 7
25 93
20 29
0 36
21 60
9 75
8 38
7 43
8 57
8 84
2 37
22 45
0 38
7 46
11 89
30 93
18 70
12 99
12 94
14 3
23 50
27 21
3 29
24 66
17 34
1 15
4 28
2 40
12 77
0 38
9 71
2 91
9 58
20 6
1 19
14 96
21 69
3 7
12 58
29 83
14 36
9 82
20 54
23 25
29 12
4 83
22 33
11 27
19 54
26 93
19 24
26 31
27 53
3 35
26 59
26 71
10 29
13 30
22 75
5 24
26 48
20 55
26 66
27 42
16 49
7 66
26 79
17 52
23 45
6 44
4 10
15 73
3 70
22 16
12 47
14 75
15 18
30 13
17 54
4 76
4 76
4 93
13 68
24 13
23 50
2 55
7 86
30 69
20 5
15 81
17 42
4 33
30 2
13 99
21 5
2 30
20 38
21 40
29 47
28 16
