100
30 88
26 1
2 71
2 60
11 41
16 22
7 24
27 35
0 83
14 95
17 3
3 15
2 63
21 30
5 8
16 54
13 86
2 80
17 57
22 36
14 97
14 33
12 12
21 62
25 21
11 70
28 90
22 52
2 23
25 61
12 77
25 18
22 45
10 43
3 56
27 54
20 9
29 60
25 42
20 42
10 12
15 53
2 60
10 54
1 64
2 7
0 42
23 16
29 14
27 23
15 4
13 42
19 66
26 89
0 1
16 20
8 93
9 56
30 76
12 25
16 44
20 97
26 25
7 81
16 87
1 77
9 46
11 28
14 89
1 43
10 79
4 84
17 28
18 18
27 58
27 81
9 70
19 73
22 67
28 2
8 11
21 89
13 45
28 28
29 59
23 29
30 87
28 40
15 22
20 37
8 62
25 45
6 43
2 17
20 19
29 22
8 40
6 75
10 97
10 43
24 94
13 43
28 90
21 88
23 45
16 51
6 19
12 90
27 73
12 40
20 9
21 87
26 93
7 61
15 64
1 43
18 36
30 7
30 97
5 81
1 24
27 30
17 79
15 22
12 49
17 46
4 85
15 87
17 59
21 72
4 53
27 10
0 58
17 38
8 10
28 49
10 81
23 7
12 82
5 8
24 72
8 38
12 73
4 75
24 87
14 65
12 19
18 91
23 95
0 61
7 63
1 28
11 68
23 58
0 89
24 75
21 95
8 9
4 2
25 49
10 47
25 30
22 10
3 53
12 84
11 94
28 93
9 12
26 98
25 18
1 9
29 40
25 21
25 89
25 41
9 100
24 54
29 22
7 41
11 77
2 61
0 67
3 24
7 33
6 9
6 75
7 2
22 43
2 90
24 50
8 6
18 49
26 15
18 48
30 73
17 43
23 41
21 82
18 95
4 32
23 96
4 38
2 2
11 85
9 5
27 76
24 82
15 97
23 91
23 24
30 50
22 75
8 9
6 23
7 73
11 49
30 67
15 77
22 1
24 45
17 95
19 32
2 91
1 15
9 45
30 36
17 5
21 67
9 66
12 34
17 33
10 29
20 31
3 9
14 34
4 83
23 49
0 31
23 63
17 69
24 28
11 84
8 81
30 60
15 66
19 30
2 53
0 22
5 46
15 41
25 29
11 100
10 80
28 39
21 35
3 3
16 74
12 99
6 3
10 84
25 29
13 88
30 11
30 95
7 67
1 8
2 19
16 5
24 61
30 32
8 44
9 52
12 82
15 100
4 57
30 33
14 100
20 79
2 64
15 60
1 94
17 91
11 17
4 48
24 10
25 36
4 61
6 84
29 66
18 37
14 12
0 2
11 11
5 85
13 82
5 4
24 18
24 55
16 50
24 49
28 28
13 64
3 51
6 16
15 49
12 84
2 28
21 77
12 12
5 16
16 1
28 18
9 22
19 73
9 13
23 78
15 45
15 27
1 60
25 54
0 15
0 22
27 50
14 4
1 53
30 55
10 97
0 34
1 63
4 77
1 18
17 22
18 78
2 4
0 99
2 22
8 76
21 54
1 49
4 84
23 13
13 66
3 54
14 55
15 5
5 29
28 38
2 10
27 29
20 74
15 31
16 45
5 31
30 67
13 50
29 75
4 56
16 96
17 20
12 13
15 71
27 12
9 92
28 75
5 34
5 89
20 55
19 96
30 23
12 21
11 71
6 1
22 10
18 78
29 9
6 36
10 96
6 12
12 72
22 23
29 8
1 21
1 82
25 24
20 7
13 83
1 94
13 71
12 46
25 20
11 27
27 87
18 67
4 52
27 12
19 29
7 72
19 25
8 23
29 32
16 32
25 86
2 32
11 51
30 71
2 55
15 49
2 68
4 5
25 61
4 97
16 100
30 36
28 3
24 43
13 78
9 47
3 93
1 93
27 88
0 83
30 22
24 73
14 54
9 40
26 46
5 55
26 72
8 30
11 15
9 85
3 27
16 16
2 14
27 49
10 18
10 26
19 57
22 23
7 6
20 42
21 41
15 4
26 7
29 99
9 17
11 94
6 46
10 76
23 39
30 3
2 53
20 98
24 18
17 86
30 22
8 64
11 56
26 90
7 83
28 36
10 79
8 8
16 99
21 33
8 13
23 88
17 43
4 96
13 72
14 31
25 62
26 41
3 29
28 9
16 15
20 10
29 26
22 52
3 21
4 33
26 17
28 81
2 52
13 82
16 94
23 75
10 38
0 67
14 75
1 34
27 70
16 47
2 73
4 20
16 36
29 66
6 84
7 16
7 24
11 16
5 37
14 82
17 76
14 59
29 98
8 77
4 74
22 85
22 93
1 49
9 1
20 55
21 44
20 19
0 76
4 61
4 59
22 15
27 80
24 83
9 99
5 63
21 34
10 92
11 23
21 14
8 35
10 74
25 67
13 22
22 49
23 91
6 33
6 46
19 70
5 15
6 39
12 84
29 4
27 97
1 54
11 84
13 39
0 18
8 39
16 66
19 33
18 58
24 84
0 1
18 95
12 61
18 2
18 69
30 74
6 4
9 72
28 65
11 77
27 20
13 42
8 47
14 93
3 43
11 27
21 7
10 36
5 89
28 4
25 57
13 72
29 90
20 5
25 68
26 7
22 24
16 13
28 58
2 82
3 85
23 42
1 70
19 69
30 69
27 100
0 97
19 97
4 92
12 90
21 1
10 33
15 85
28 25
10 86
7 67
11 3
7 61
2 74
22 73
29 89
6 13
25 89
19 32
6 43
30 78
4 31
7 81
7 7
29 82
11 10
25 84
14 80
23 45
9 33
15 62
5 26
2 17
9 55
10 24
11 35
12 5
29 9
13 97
15 38
11 38
21 51
27 56
21 16
19 71
18 75
26 31
8 15
20 25
12 17
13 23
5 57
18 57
4 55
3 74
8 4
6 67
12 19
27 79
4 20
11 50
28 66
19 94
5 17
26 44
30 98
15 37
9 4
25 59
30 22
15 4
1 2
14 43
11 28
0 46
22 90
9 84
3 5
25 91
22 30
12 31
12 8
29 12
7 54
10 48
2 2
14 95
19 7
22 94
8 1
0 45
9 49
1 73
15 98
29 37
2 57
17 46
20 15
28 94
29 27
9 98
6 86
0 43
8 15
16 36
3 14
4 24
29 41
6 42
30 83
13 10
18 13
24 47
26 73
14 84
22 72
19 24
6 78
12 37
17 92
22 93
14 14
28 80
26 8
1 75
0 32
23 25
15 29
13 69
13 99
12 92
7 68
28 4
22 90
13 80
6 17
13 60
1 25
17 50
10 26
5 39
26 16
18 5
6 38
26 71
29 99
30 28
0 56
9 37
8 73
20 40
24 22
27 85
29 61
22 3
22 9
28 55
20 50
22 4
25 73
26 24
27 36
7 94
28 77
2 44
23 86
25 41
6 10
14 85
4 67
18 18
23 70
1 11
5 87
21 12
19 5
9 43
26 44
26 89
30 30
1 62
8 47
20 53
19 44
18 32
24 4
3 91
29 33
24 50
18 10
6 98
17 63
25 40
10 73
22 82
13 33
6 66
3 81
12 25
6 2
1 9
15 1
16 33
26 6
25 18
25 22
14 67
16 17
29 30
17 34
19 25
22 72
11 43
9 3
10 27
