100
13 67
29 51
29 54
4 58
17 21
17 2
9 94
20 69
2 66
10 34
4 16
15 65
14 6
14 71
14 80
27 46
29 38
8 48
9 76
6 17
26 52
24 25
9 49
4 70
28 69
25 26
30 22
15 99
19 42
11 64
2 55
1 33
10 31
12 93
6 9
26 26
27 86
20 64
16 21
14 60
30 73
30 18
2 89
15 59
12 89
10 1
3 11
4 95
11 36
16 7
19 51
23 17
25 1
26 98
18 13
17 46
17 27
1 39
9 18
16 39
20 20
0 100
18 30
13 20
7 97
8 76
23 58
8 93
20 14
20 71
28 71
22 8
3 3
8 1
16 81
20 40
15 63
5 78
27 35
0 83
2 90
22 16
11 48
13 29
30 17
22 57
23 62
15 8
20 64
23 8
11 73
21 42
24 46
25 4
8 34
14 21
19 52
13 50
28 74
29 32
14 83
19 60
18 16
5 90
13 88
14 24
26 70
24 77
9 95
29 22
21 66
27 97
21 64
25 52
25 100
7 93
18 7
5 93
14 19
2 96
25 31
13 68
9 62
8 65
24 25
2 5
17 40
4 9
7 35
22 15
30 6
13 2
5 75
30 96
21 4
4 72
20 63
23 27
15 72
2 58
30 37
30 51
9 44
25 43
17 81
11 3
10 94
26 90
4 36
10 33
11 78
11 53
28 28
29 22
7 12
9 71
2 34
8 26
6 49
8 34
17 41
30 100
4 9
7 23
27 99
28 89
30 56
14 65
18 36
11 88
24 19
18 6
30 24
16 26
28 97
28 68
26 100
0 30
9 27
22 76
19 9
12 23
20 43
1 88
1 66
1 21
2 85
1 71
6 70
16 13
3 34
21 34
21 47
7 12
10 88
3 45
24 13
21 32
10 96
24 59
23 58
1 63
25 11
20 15
16 46
5 22
27 5
9 57
13 65
22 94
6 93
27 37
11 25
21 9
30 98
22 57
23 37
16 62
1 20
25 35
7 24
13 37
0 43
17 57
19 68
23 60
6 32
8 60
4 82
29 89
28 53
11 80
29 39
5 39
3 91
4 67
25 62
30 45
25 94
23 35
9 86
20 52
15 59
8 69
4 99
29 75
5 87
6 73
10 1
3 28
24 66
22 57
6 75
15 38
11 78
3 57
5 93
2 87
29 89
19 53
2 34
29 44
18 41
6 49
29 40
16 97
24 5
9 93
14 75
28 46
29 87
17 89
19 13
24 96
24 80
23 84
19 74
16 19
24 27
21 84
24 63
30 42
16 58
23 84
3 81
26 23
25 78
11 89
12 33
3 22
30 42
10 99
30 93
0 85
24 98
17 75
12 24
25 21
16 86
20 98
29 55
8 39
3 31
29 21
14 63
7 34
27 62
22 16
25 98
7 86
12 100
20 81
22 50
11 61
1 25
0 85
12 40
18 21
12 51
25 58
29 79
25 97
19 18
18 52
12 55
7 21
7 83
14 100
7 90
2 84
18 63
0 10
4 83
5 83
5 31
22 74
5 29
0 46
10 10
24 17
4 89
27 89
10 47
4 15
28 10
20 4
13 47
26 2
30 78
17 37
8 34
11 28
21 36
29 31
10 85
23 46
17 74
27 7
28 98
2 71
17 80
6 48
25 99
5 65
11 91
18 5
15 61
4 81
11 46
6 54
17 18
2 23
6 93
15 10
24 37
14 82
19 68
10 26
29 83
18 6
10 82
0 35
28 4
30 74
26 92
19 64
18 44
7 76
6 2
30 68
4 38
29 85
2 86
26 10
0 17
16 5
3 69
4 39
16 77
2 1
12 36
22 22
23 22
30 49
14 42
22 76
15 61
1 73
20 64
16 67
17 51
8 26
28 17
28 52
0 86
3 14
6 28
20 47
18 64
27 81
5 16
9 9
24 27
9 29
25 16
1 36
17 2
16 65
20 31
11 21
21 98
10 4
29 54
20 33
5 33
9 73
29 2
1 32
17 87
10 36
9 49
24 100
11 32
7 29
3 48
1 81
22 5
10 100
29 7
10 25
14 48
24 63
9 100
13 77
11 2
11 87
14 92
16 62
17 22
8 53
5 78
24 14
16 45
11 40
17 25
19 60
28 20
25 81
11 6
13 11
0 78
2 77
30 83
20 32
27 52
19 47
30 85
29 17
5 96
3 29
9 8
14 61
14 24
14 31
24 41
3 38
1 68
10 1
22 23
19 93
22 7
14 98
5 25
30 35
19 58
18 38
17 15
25 3
9 97
9 89
10 73
25 85
18 83
2 2
20 22
8 87
15 35
1 87
2 13
12 79
16 59
24 23
30 70
26 25
14 55
25 49
20 66
7 23
28 58
16 60
25 65
23 56
18 84
11 12
27 98
26 25
27 63
2 71
18 74
27 89
0 34
29 58
25 4
30 85
29 29
17 13
17 85
26 54
17 38
9 22
11 66
24 62
6 19
13 78
12 28
14 10
11 52
18 93
24 70
26 92
6 38
28 9
23 23
11 78
22 65
14 2
7 56
20 40
28 89
23 61
28 30
7 78
10 32
3 54
21 71
27 59
27 55
17 31
21 3
8 95
16 37
24 11
14 75
13 48
28 76
16 53
15 13
30 5
19 47
12 71
8 29
8 52
21 10
9 20
20 69
23 56
20 16
27 5
12 10
11 90
0 48
16 97
21 14
9 35
16 8
8 24
24 78
5 62
15 20
23 73
17 8
26 38
11 64
5 75
23 92
6 62
25 9
23 57
26 8
9 89
10 78
22 26
25 1
29 89
21 77
20 30
7 7
1 59
15 66
25 23
9 76
5 81
12 25
2 99
17 54
18 7
14 90
26 95
0 54
18 91
5 26
30 43
29 91
11 8
20 31
25 5
14 90
10 35
27 88
26 51
7 51
25 9
12 37
4 93
22 39
9 48
4 37
30 13
5 14
19 73
21 51
25 95
12 58
8 75
28 58
13 58
26 41
24 75
19 76
10 93
8 57
9 58
6 68
22 37
27 16
5 7
14 41
16 59
28 39
9 85
3 85
18 29
1 84
15 86
17 11
22 82
2 82
17 82
27 56
19 15
5 45
25 70
11 36
16 77
11 93
22 36
26 67
28 54
6 53
2 61
12 78
13 99
0 96
2 91
4 2
26 34
21 47
23 39
17 27
1 29
14 84
10 52
27 38
21 28
24 97
23 15
26 2
14 99
25 36
15 16
12 67
15 95
19 14
8 39
7 90
26 95
17 73
10 20
9 59
10 33
23 3
17 92
18 29
8 61
4 26
1 14
21 5
5 94
29 63
5 96
28 6
16 92
18 14
2 8
2 71
10 60
20 77
13 84
7 12
5 93
2 65
0 6
22 51
25 19
0 54
8 99
26 89
30 19
12 96
23 5
13 33
27 32
17 97
17 88
26 46
6 24
3 61
27 6
13 70
30 53
8 91
13 2
24 51
21 3
19 58
10 58
0 80
11 25
8 58
8 78
30 49
7 18
5 5
14 30
14 76
14 76
16 13
24 22
12 100
4 22
22 5
23 56
26 87
19 46
21 1
0 34
28 75
13 98
0 20
23 29
29 75
14 98
2 8
8 52
27 23
2 100
14 48
25 95
11 28
19 83
