100
14 77
28 75
0 67
5 76
28 31
17 77
20 91
13 6
7 45
15 63
9 2
29 24
15 98
28 87
26 87
7 83
6 76
14 18
27 59
28 30
30 19
9 45
19 85
30 82
9 88
13 47
14 38
18 34
27 36
10 4
27 81
3 16
16 76
30 79
9 1
28 39
13 13
29 76
0 22
24 87
3 95
0 96
12 28
14 48
15 1
9 52
22 2
2 51
3 49
30 74
9 63
7 87
22 73
1 31
21 51
29 88
10 21
0 50
15 29
19 37
30 71
0 7
21 87
3 7
21 42
30 36
8 2
12 94
10 86
22 90
3 14
14 17
17 94
10 59
26 70
11 7
24 100
28 64
29 64
6 48
2 62
30 26
12 21
13 98
16 81
27 26
12 21
17 92
18 25
7 19
13 39
13 49
1 96
1 88
12 67
10 10
4 22
16 22
28 98
23 29
7 81
0 89
15 61
4 74
14 66
23 91
20 88
7 27
12 55
7 26
13 64
10 80
12 14
17 88
13 60
9 29
1 4
23 44
22 17
10 52
2 47
30 69
4 28
6 22
15 85
25 83
8 11
20 68
22 67
5 56
29 79
14 30
9 66
12 23
19 74
19 93
18 36
20 99
8 8
20 15
21 31
13 63
19 53
22 22
23 95
21 95
12 94
16 89
15 78
6 60
29 33
0 96
8 33
6 68
25 9
10 60
10 5
9 86
26 92
25 89
16 5
8 59
25 85
24 33
25 40
21 27
27 84
18 9
15 33
5 52
25 94
30 93
28 6
9 33
23 63
1 63
12 55
1 4
24 100
21 52
12 23
26 70
30 3
12 6
10 82
0 94
7 47
9 21
15 6
15 80
15 65
13 49
6 13
0 51
24 7
2 20
1 66
17 45
11 29
0 31
4 88
22 90
8 18
3 82
27 72
14 39
25 100
9 21
22 79
0 85
4 15
6 79
0 86
20 95
16 90
14 46
13 86
14 78
29 38
17 13
11 22
18 21
10 62
9 74
17 12
15 68
3 76
25 98
16 6
0 27
15 92
14 61
1 96
8 7
28 37
28 94
29 6
8 52
13 49
20 83
18 66
7 43
6 34
29 78
7 27
27 13
12 61
12 53
10 88
2 55
8 13
15 1
6 90
18 67
7 55
28 51
12 91
29 49
8 18
21 94
27 69
8 67
28 20
10 31
15 25
26 76
8 78
18 35
3 67
6 38
14 100
0 40
24 45
29 90
21 15
11 93
10 10
25 9
17 32
30 5
2 30
9 10
23 79
0 18
3 36
30 76
9 72
20 91
0 32
3 54
19 32
16 2
8 35
0 44
20 68
17 53
14 46
21 39
27 88
19 14
15 48
2 9
10 60
22 67
15 22
13 36
17 4
25 54
12 73
6 13
23 19
28 77
26 30
17 50
25 58
26 31
2 17
5 43
19 87
24 75
24 77
1 40
1 92
6 25
17 76
21 48
13 24
28 40
0 8
30 91
0 71
4 60
18 4
14 79
24 90
29 87
23 61
4 79
6 31
29 63
10 14
24 3
2 16
15 3
27 31
25 32
16 1
6 90
25 66
20 72
20 40
22 37
10 31
1 22
7 91
30 68
22 39
21 58
28 77
18 31
4 99
11 7
14 37
6 83
27 11
16 81
19 26
18 56
19 25
6 40
7 51
22 97
1 3
4 38
6 34
20 55
11 69
27 4
13 77
13 4
27 92
2 78
15 19
3 43
2 97
15 55
29 81
1 42
15 50
12 100
7 80
8 20
23 61
12 62
19 92
29 26
4 21
14 37
28 76
15 4
19 84
19 1
26 31
11 36
9 22
22 18
19 47
21 39
17 74
5 47
4 13
13 16
29 85
22 60
18 90
15 15
0 34
19 86
12 10
13 60
0 83
24 99
28 95
8 23
24 57
4 27
20 34
24 45
30 25
3 15
4 36
8 29
2 1
23 86
17 65
19 15
16 98
29 3
8 88
29 68
5 72
26 9
25 20
21 97
18 93
20 61
22 61
14 77
2 35
4 40
12 68
0 63
6 17
17 86
13 16
14 1
8 16
5 38
25 82
27 4
15 40
19 7
5 50
2 33
12 18
21 51
13 32
11 27
30 86
27 76
3 7
16 16
1 61
6 28
17 46
23 67
11 22
20 76
3 19
28 34
20 92
7 89
12 84
8 75
26 43
25 35
26 68
24 64
24 93
18 42
21 47
8 36
5 11
15 14
29 2
16 35
18 50
3 89
15 35
20 58
11 57
19 34
24 23
22 46
22 44
6 96
9 80
29 79
4 66
13 11
2 2
20 9
30 81
19 59
25 5
19 6
26 97
2 51
26 44
19 75
2 28
25 72
30 75
21 37
2 69
17 96
11 59
9 3
30 61
14 84
17 58
17 98
15 9
9 62
8 40
0 40
3 93
6 97
7 67
3 25
30 98
23 96
22 41
21 43
14 96
4 4
4 27
7 43
28 29
12 33
16 97
2 95
7 35
4 15
12 71
1 28
23 32
20 91
18 41
27 82
0 79
27 88
17 5
23 56
12 18
16 55
14 32
20 91
0 2
18 4
22 34
28 73
25 12
28 14
24 9
23 63
11 96
8 63
4 50
4 48
13 47
0 96
20 62
10 31
18 88
15 93
21 35
19 33
28 72
3 15
12 60
16 45
26 14
16 61
9 54
15 87
12 87
6 74
27 63
24 7
2 54
22 53
12 83
9 8
26 67
16 93
7 45
29 72
11 75
15 84
26 20
12 32
17 66
21 93
3 56
2 94
12 50
2 75
25 69
18 35
9 71
17 74
20 52
17 31
9 63
21 11
21 76
20 23
6 86
25 17
23 14
10 47
7 57
9 27
21 44
2 61
7 83
3 30
3 64
28 95
23 47
7 84
1 27
5 44
22 66
3 89
7 37
5 10
10 46
21 49
2 5
21 51
5 90
18 88
12 69
19 53
14 13
10 30
6 18
19 11
7 6
28 100
23 99
11 5
16 95
30 24
15 82
7 24
28 46
23 50
22 53
18 2
3 31
20 79
19 26
16 73
12 49
12 59
1 95
3 40
13 18
20 20
0 67
9 67
0 81
7 11
5 60
27 27
23 46
28 21
17 68
2 70
18 13
6 14
13 82
22 59
0 41
4 1
9 10
19 93
29 60
26 6
14 44
18 64
5 2
14 91
13 39
2 28
20 64
10 54
11 11
2 6
14 59
14 10
1 2
14 18
29 70
1 37
30 62
22 100
19 36
29 36
2 72
11 94
15 56
10 5
27 39
28 38
26 74
4 16
23 36
18 42
2 39
3 96
14 56
15 62
19 47
6 86
22 19
12 78
18 43
27 45
23 2
27 55
26 62
22 44
11 2
29 52
16 68
1 69
24 84
15 18
21 42
25 18
12 11
22 98
24 2
13 23
9 76
30 100
3 26
0 18
29 90
27 1
9 51
30 89
6 49
26 61
3 44
5 25
12 41
23 63
28 94
0 43
21 46
0 3
28 79
4 59
7 78
27 56
5 79
28 77
3 83
23 3
16 63
7 8
30 33
17 96
28 55
12 51
10 49
24 97
15 90
9 75
22 99
22 3
14 86
18 3
16 36
8 57
