100
0 80
24 17
23 4
3 27
12 35
5 95
12 24
17 7
18 78
3 86
14 31
7 39
14 93
11 67
11 88
8 34
15 38
10 36
3 87
2 32
6 62
16 70
10 30
5 44
4 15
30 16
20 57
1 94
17 17
10 18
13 76
10 35
10 38
16 61
26 24
23 58
19 18
10 46
21 31
18 11
1 2
20 15
9 95
8 18
19 2
6 65
9 36
29 58
27 53
4 89
11 67
20 83
17 13
8 71
19 67
9 70
28 10
9 99
19 40
17 19
16 33
12 84
24 60
29 22
20 36
5 53
30 25
3 82
9 25
7 32
17 95
9 74
2 3
5 68
6 19
22 40
11 28
24 94
4 40
18 9
8 64
4 4
7 23
29 80
12 48
8 22
28 8
27 41
20 8
14 55
7 22
12 100
20 46
21 9
15 72
22 100
28 21
20 2
14 61
21 8
0 30
26 1
20 96
29 16
28 57
8 95
13 31
16 31
22 91
12 14
13 30
1 8
19 8
14 94
19 84
17 64
27 9
11 63
13 33
0 40
8 90
14 56
3 44
10 46
26 54
0 38
10 72
8 76
15 67
10 76
4 93
23 6
12 11
0 61
12 70
30 53
4 7
25 33
3 100
8 98
30 42
18 21
29 29
27 51
19 21
18 78
22 37
4 65
20 11
12 55
5 25
7 52
1 58
16 60
11 82
4 90
4 49
0 69
11 24
9 73
27 95
21 40
26 30
6 33
27 84
30 90
1 47
8 61
6 41
6 17
12 15
30 56
9 90
13 7
4 78
30 9
26 16
4 16
13 32
5 76
11 99
16 35
9 61
19 50
19 39
20 60
9 25
21 96
28 74
1 26
7 43
8 31
11 11
6 10
14 16
7 13
10 29
16 100
22 43
8 77
11 100
30 81
30 59
20 72
25 72
23 33
16 8
6 88
20 56
15 72
23 66
4 4
14 24
29 18
27 15
19 88
30 4
17 48
7 64
3 11
27 43
11 79
13 32
11 39
10 37
26 60
8 72
11 86
7 50
5 6
29 67
30 80
20 39
12 1
27 12
14 49
25 60
6 61
6 75
0 40
6 23
5 52
10 87
5 52
18 5
10 23
7 34
23 100
7 37
25 35
30 59
19 39
30 93
11 54
24 100
8 82
17 6
7 77
3 57
26 45
17 57
27 59
6 55
5 95
14 36
4 57
28 17
4 71
3 60
30 36
10 81
1 5
7 41
16 11
5 39
23 47
27 44
29 3
18 26
23 73
23 10
5 62
6 24
5 82
12 78
24 48
16 93
10 97
7 78
9 80
20 59
15 18
28 95
17 12
18 70
15 1
11 76
20 1
24 82
27 64
3 61
0 83
3 70
27 73
23 83
24 3
19 23
30 13
21 21
27 93
7 22
17 86
25 97
23 88
0 20
27 13
18 98
7 25
8 18
15 50
30 9
27 77
9 43
22 96
20 100
19 58
9 70
29 93
12 3
18 51
25 38
17 90
12 20
20 41
13 23
8 48
23 52
24 38
9 5
22 48
25 80
8 58
10 52
25 95
16 58
15 77
13 26
15 40
21 4
14 29
10 33
7 56
0 46
23 26
6 2
4 85
20 44
30 36
24 3
20 72
23 5
28 97
1 67
10 75
8 85
26 34
24 97
5 14
24 65
4 22
29 54
29 73
27 69
24 37
7 39
2 57
2 73
6 95
28 82
2 26
1 67
8 86
19 9
6 55
5 82
17 87
11 85
4 39
23 97
5 64
22 69
10 78
7 46
16 22
8 19
1 11
12 52
7 26
15 74
4 42
5 29
0 40
20 71
19 83
11 15
2 56
17 13
26 65
16 22
26 91
8 57
14 92
0 36
5 32
24 46
17 23
15 74
11 25
13 60
3 56
26 100
19 40
22 98
28 16
2 41
28 80
7 11
16 82
18 90
30 3
6 28
18 29
5 32
4 12
7 77
22 87
6 33
5 42
13 14
25 28
2 70
10 91
22 19
30 23
20 37
3 81
28 18
6 41
25 66
2 41
19 24
30 68
4 80
28 40
15 8
9 25
13 73
17 16
27 49
20 21
19 34
27 63
25 77
30 95
0 44
11 78
9 60
6 37
10 43
29 8
16 96
19 60
28 11
21 34
11 1
19 69
5 92
20 19
30 63
26 55
5 14
27 14
16 75
11 47
16 52
7 23
14 8
5 2
18 60
24 42
8 37
10 49
4 75
27 35
5 94
15 39
19 72
20 69
1 62
11 73
30 9
20 63
14 40
27 16
27 78
26 67
23 28
2 93
15 27
25 97
23 34
4 80
15 82
29 10
21 95
9 58
6 40
28 97
6 49
16 76
5 98
8 41
30 55
18 12
24 47
29 90
27 64
19 63
17 10
12 59
17 66
10 32
6 21
23 34
3 22
8 13
19 22
8 58
21 54
26 76
15 17
8 73
22 2
7 53
12 36
13 91
24 83
8 70
30 82
29 51
13 4
10 100
16 88
10 23
21 80
30 75
28 76
23 84
3 43
27 52
29 11
10 86
2 4
11 10
3 41
30 19
0 79
20 41
12 62
25 9
2 4
3 45
13 23
3 25
25 45
2 73
19 70
3 65
17 35
13 100
28 32
28 55
12 68
24 11
11 23
24 91
6 31
25 63
30 8
22 44
16 15
26 48
20 89
3 39
21 38
1 65
4 89
4 91
16 53
17 42
1 68
3 82
29 60
17 75
14 1
5 31
27 15
27 26
27 100
28 97
24 37
12 54
24 28
18 47
10 79
6 96
22 57
18 44
29 40
25 54
3 89
2 64
16 67
8 68
5 82
8 5
3 15
8 51
30 11
20 35
0 23
5 62
6 73
8 14
10 100
7 69
13 97
7 42
28 74
10 21
22 52
28 56
17 85
15 20
9 92
12 49
10 36
0 12
24 54
1 93
29 56
29 83
24 28
19 45
0 96
10 8
4 34
23 50
24 16
10 97
16 8
22 52
30 79
4 83
3 11
27 87
28 61
13 8
19 56
10 51
0 94
18 45
5 17
13 6
6 4
6 10
16 12
18 21
20 63
8 16
8 82
27 32
27 95
18 23
25 79
29 21
25 13
15 32
5 17
13 44
23 92
0 33
20 83
2 78
20 18
9 75
2 2
24 72
2 84
25 64
29 57
25 64
10 89
11 95
3 70
28 23
20 60
7 34
13 100
10 93
10 79
30 57
7 23
7 33
19 15
13 4
22 90
28 59
30 11
20 35
23 15
1 15
26 32
10 62
26 29
21 76
1 55
25 27
5 7
6 74
6 91
0 26
21 87
12 2
7 93
19 89
6 42
14 19
21 23
24 89
1 100
25 65
25 49
20 91
29 4
25 94
25 78
5 36
14 47
28 12
28 57
10 16
26 52
25 97
21 24
0 84
23 92
11 13
7 44
13 32
29 53
8 72
1 63
9 81
23 88
3 66
3 96
12 34
4 13
26 75
30 80
26 30
24 81
23 34
5 52
22 31
24 45
16 99
8 56
25 95
22 93
6 14
14 84
14 64
16 91
1 50
4 14
2 92
4 48
18 95
1 36
21 70
28 35
24 66
20 88
12 39
21 71
9 38
7 45
2 85
