100
25 41
9 42
3 39
14 39
14 54
15 72
24 46
15 81
11 52
26 94
3 91
29 1
7 13
29 7
11 34
3 89
15 76
11 80
3 4
11 95
5 87
16 78
16 35
1 13
16 82
14 71
24 94
8 32
20 38
21 16
1 63
22 13
25 65
21 22
6 54
26 55
22 88
18 76
27 66
3 80
16 84
6 87
29 30
16 41
13 37
15 77
28 27
12 76
28 44
16 74
27 25
22 74
19 95
6 39
23 7
21 99
23 62
10 90
13 80
19 11
5 31
29 11
23 2
9 67
7 95
15 50
21 16
24 71
23 66
13 70
14 1
6 100
1 48
19 57
1 73
19 30
7 26
8 42
30 95
2 87
24 92
14 82
20 40
22 89
10 34
28 51
3 94
8 98
21 63
28 77
16 51
24 49
5 15
10 44
15 47
18 66
10 75
25 92
3 87
0 61
0 1
5 27
0 15
9 84
8 14
13 78
13 100
2 16
1 18
14 17
23 81
11 100
29 79
23 6
22 96
2 71
8 100
9 25
26 69
19 28
26 53
4 79
24 7
3 26
0 53
9 8
8 20
7 83
6 69
22 16
16 47
2 91
6 49
28 8
15 54
28 39
2 4
23 33
13 11
12 62
3 67
21 27
28 73
10 9
23 61
24 15
1 71
21 82
30 84
15 63
11 26
0 3
2 78
2 13
26 35
27 95
25 19
20 31
15 56
27 36
0 45
18 40
5 81
21 29
15 55
13 9
17 42
1 22
26 57
30 55
12 38
26 72
25 65
0 38
21 81
18 78
26 98
16 73
17 64
21 39
27 33
10 25
20 95
20 78
17 98
19 78
13 93
28 33
15 58
15 49
10 55
5 74
25 5
14 41
28 44
6 80
13 1
2 82
4 51
23 73
22 22
8 99
6 14
13 94
18 29
7 33
12 61
21 73
7 24
30 33
20 89
14 76
5 9
22 28
8 54
23 13
7 77
0 4
29 2
9 59
23 8
5 60
5 52
7 73
3 31
29 61
18 39
25 5
28 51
0 97
22 28
23 49
1 49
29 49
23 98
20 41
25 97
25 30
9 87
4 41
22 17
23 91
28 18
24 42
9 40
25 41
12 8
29 51
5 93
22 63
29 74
17 97
20 8
15 40
6 94
22 18
26 29
4 54
12 59
14 67
16 50
17 38
2 83
21 88
26 4
5 51
27 97
22 13
21 53
0 58
6 14
30 52
3 73
17 95
18 11
5 4
21 72
27 77
7 30
24 36
17 5
14 38
12 12
22 53
27 56
11 9
13 4
1 96
2 88
18 58
16 76
26 8
23 94
19 41
28 97
29 44
6 70
19 39
3 97
0 35
9 84
1 8
16 72
14 75
23 47
7 100
5 56
28 98
19 1
7 94
10 36
6 17
22 6
1 34
0 18
22 35
20 80
25 37
14 55
6 39
26 43
19 91
29 8
24 99
9 24
10 26
17 50
5 33
10 21
11 84
9 39
10 67
13 60
30 4
25 36
2 58
1 23
20 84
3 93
30 9
15 62
9 75
29 47
5 27
10 15
21 95
28 80
24 77
11 24
9 63
30 3
8 29
22 8
27 51
26 85
13 44
13 94
29 42
22 37
23 26
5 81
20 31
26 23
23 62
19 69
20 96
25 19
5 60
11 59
19 19
13 98
25 57
5 95
2 7
28 57
11 21
27 33
13 58
27 8
22 41
1 58
15 56
26 8
14 54
12 34
21 90
1 32
25 85
22 79
2 79
7 62
6 44
25 79
4 48
0 56
29 10
28 66
3 47
20 58
0 14
5 27
28 63
7 62
18 37
21 50
25 83
4 63
24 16
7 11
10 51
30 92
4 61
3 62
13 57
24 83
27 71
28 15
16 95
14 6
11 7
25 52
17 34
19 7
12 63
21 100
26 25
14 82
18 72
13 44
9 80
16 13
15 66
16 54
5 10
27 18
23 60
23 32
25 17
19 48
10 87
30 25
5 71
26 61
7 33
23 52
13 22
16 58
2 44
10 91
29 48
13 3
1 57
15 39
1 17
28 85
22 59
18 29
20 98
12 44
17 22
15 72
18 38
26 8
9 2
8 16
16 31
16 60
27 57
15 93
24 3
0 27
4 26
28 56
17 71
8 53
2 8
26 96
18 6
14 65
23 42
28 63
24 64
8 14
17 72
27 26
28 34
23 89
27 84
29 38
14 7
19 54
12 8
0 28
5 72
7 65
8 29
18 70
0 22
10 35
27 39
0 65
27 35
17 49
19 86
21 47
2 22
9 78
6 15
20 27
11 92
13 19
22 13
10 52
28 60
23 94
20 48
14 65
7 96
12 63
24 72
15 31
28 43
5 1
26 100
27 92
18 69
21 66
29 46
25 93
9 33
20 69
23 46
13 82
22 57
2 52
15 22
26 75
16 81
0 73
12 43
29 64
18 28
5 65
3 28
20 39
13 49
3 28
21 62
20 10
24 50
14 32
22 66
5 45
22 88
23 56
29 21
18 42
21 61
26 80
29 27
1 77
22 63
27 96
4 95
27 8
10 10
10 100
4 40
18 61
17 2
22 52
10 64
23 17
21 29
11 23
5 95
27 20
1 31
9 51
25 52
18 13
17 48
15 12
0 7
4 38
1 95
3 77
24 23
7 60
23 75
9 35
30 69
16 42
24 55
18 20
8 38
15 20
21 27
16 96
11 70
0 59
0 91
12 1
20 48
1 35
18 42
22 29
30 11
19 62
24 96
23 36
28 86
11 84
30 76
7 52
15 85
30 68
17 23
27 23
25 19
2 62
10 12
1 27
16 54
26 99
13 69
19 48
30 80
7 46
2 33
14 72
23 77
13 69
29 95
1 25
2 18
27 41
29 21
28 80
27 44
17 86
24 100
0 29
23 67
18 39
2 35
4 64
27 92
8 8
29 83
25 58
19 89
15 59
17 97
15 43
8 25
13 4
0 23
16 7
28 1
12 86
29 3
17 53
10 33
17 12
30 98
29 36
7 41
0 21
4 86
3 22
19 87
22 47
5 24
1 30
20 54
25 3
23 93
8 63
3 58
11 46
7 22
30 75
21 18
7 72
29 50
5 82
18 21
16 38
27 38
20 42
21 64
25 31
16 8
3 65
20 68
21 47
3 83
9 83
26 83
27 87
11 12
10 5
26 81
24 99
2 38
22 36
29 90
13 55
14 56
9 72
4 5
19 54
15 83
6 13
12 40
9 8
29 77
21 83
8 94
24 87
22 39
5 95
19 7
26 90
2 25
26 63
5 84
19 22
21 74
12 83
9 93
19 13
0 89
7 16
28 20
2 80
21 27
25 43
20 5
15 1
20 89
27 19
8 59
30 68
19 98
22 97
24 10
25 89
25 75
15 75
9 12
21 70
25 23
1 95
10 94
21 9
23 98
13 99
16 49
8 15
11 36
16 17
15 80
4 78
7 41
25 100
12 58
29 86
18 69
10 98
29 21
2 40
5 71
9 96
24 20
17 95
28 67
2 60
23 38
6 56
0 100
17 49
14 22
0 45
8 4
18 44
9 91
4 85
11 95
19 49
23 2
10 43
8 58
1 91
9 85
4 96
19 9
4 69
21 99
