100
21 42
25 81
25 41
26 3
5 44
29 43
7 85
13 8
3 75
5 60
22 57
20 29
26 45
5 76
25 4
27 72
29 72
8 61
11 91
5 87
13 45
25 4
12 79
8 98
28 66
5 33
3 15
22 24
22 89
4 32
11 77
9 13
16 10
13 100
6 72
3 21
6 27
30 20
0 72
15 69
27 66
25 35
15 46
5 41
24 4
8 19
20 95
6 77
22 97
15 30
28 68
17 64
12 81
21 79
15 62
4 62
10 34
4 17
22 75
14 84
10 82
23 45
4 35
10 42
6 13
4 81
0 51
20 62
26 61
20 83
9 87
10 3
24 3
27 23
5 75
27 53
11 28
11 41
23 75
25 75
23 13
7 72
5 94
22 65
26 92
17 6
24 90
8 4
27 88
30 71
22 27
22 70
26 14
12 37
0 58
0 48
27 43
19 9
6 45
13 15
1 58
4 47
16 27
5 90
27 24
30 43
19 99
27 59
28 65
28 50
14 30
17 7
5 94
1 22
11 57
12 78
26 98
6 14
24 84
25 37
12 59
28 95
18 45
28 38
18 18
25 55
16 95
13 35
30 36
10 52
17 49
29 85
25 49
21 36
7 57
17 18
1 30
10 25
24 37
30 89
12 47
9 85
26 86
2 5
2 96
28 74
30 15
22 4
12 82
30 25
23 87
7 11
17 78
24 35
6 71
27 82
10 47
22 79
22 14
13 63
4 85
30 51
17 37
26 78
30 68
19 38
28 64
9 4
16 86
26 48
18 31
20 34
14 37
13 60
1 26
17 43
25 42
10 57
9 19
13 64
4 35
0 73
29 22
8 20
9 32
23 26
25 39
22 26
18 95
8 85
21 56
16 16
29 25
5 47
30 19
11 85
13 77
30 83
12 10
30 78
20 97
25 73
1 57
26 29
8 63
2 78
20 28
16 46
3 24
2 68
7 9
16 91
16 86
21 31
11 72
8 36
30 73
25 16
4 12
30 15
19 12
21 33
20 57
10 16
25 30
19 28
14 44
7 83
16 49
30 96
9 91
2 67
17 66
6 16
14 62
6 75
26 45
16 56
19 44
3 94
23 63
22 79
12 48
9 78
3 95
19 63
19 22
16 68
26 81
10 100
3 44
9 78
9 25
3 54
6 59
8 47
10 2
16 23
0 14
8 13
6 4
1 64
9 54
3 45
24 54
13 43
26 31
17 6
19 80
5 60
3 41
6 67
4 74
5 59
18 99
17 24
7 25
5 73
25 35
17 93
28 98
27 85
2 1
11 98
0 58
14 41
28 33
5 90
27 89
30 94
13 91
24 72
15 38
17 96
6 90
25 65
2 53
26 100
0 55
23 65
19 31
11 31
1 15
13 12
2 4
19 44
10 28
19 48
27 13
6 28
18 97
12 99
29 18
3 10
9 100
10 99
8 17
29 56
5 3
22 18
15 17
3 9
12 50
15 4
20 85
21 70
6 29
4 23
7 15
0 13
7 3
19 90
2 92
19 9
30 63
22 8
30 80
0 7
4 1
27 2
3 89
24 99
17 61
10 4
28 96
8 98
29 67
4 93
10 35
18 41
24 86
21 90
27 97
27 65
18 18
24 21
0 13
20 74
28 42
18 97
3 82
3 27
8 83
16 95
21 42
2 93
5 82
21 62
7 91
17 59
23 43
21 54
12 22
10 14
7 79
5 9
19 95
28 24
24 3
30 41
8 42
10 29
15 50
30 51
29 44
30 3
3 1
21 8
16 25
4 10
9 21
19 86
26 17
23 97
20 46
21 87
1 94
3 19
0 85
9 6
23 95
13 9
17 4
0 83
24 100
10 16
0 57
14 29
21 69
27 55
16 73
20 18
9 39
16 13
14 33
12 77
17 13
13 2
17 3
9 40
11 1
18 32
30 8
18 60
22 39
9 47
8 40
17 87
3 82
20 69
1 56
16 63
7 75
2 99
15 21
8 87
8 3
17 96
3 46
4 14
13 79
22 73
25 4
19 15
3 49
25 56
29 64
4 58
15 16
0 7
21 84
9 85
29 74
19 62
21 37
10 32
25 23
5 99
15 14
11 71
12 31
8 31
18 19
19 18
27 19
25 41
6 13
2 27
28 37
2 80
28 63
5 6
25 18
9 41
6 62
1 72
8 7
15 44
6 45
9 92
27 32
22 66
6 64
13 37
24 46
18 72
0 30
1 92
8 49
30 63
14 2
20 9
4 97
28 75
29 25
10 2
23 42
28 54
22 74
12 65
4 47
2 94
21 96
10 93
17 73
16 33
10 57
19 20
7 16
21 20
4 41
1 23
3 57
14 14
13 3
5 66
13 4
14 69
14 95
10 60
5 69
30 22
11 10
8 81
25 1
10 31
2 80
15 66
9 82
14 65
23 71
3 8
21 26
0 100
7 74
21 57
26 12
0 20
13 51
2 25
0 43
29 71
17 8
23 48
21 14
4 12
12 92
5 46
27 51
4 59
17 3
26 70
27 89
21 63
27 37
23 10
8 25
5 91
4 1
0 68
21 59
13 91
11 51
15 42
10 81
20 74
8 64
5 80
27 40
10 61
19 45
28 72
9 52
2 95
7 98
10 78
5 21
6 92
29 81
4 93
6 61
11 99
5 13
6 87
27 85
23 72
30 36
0 90
14 95
29 40
15 5
11 94
10 86
18 61
1 13
29 22
18 48
0 92
24 10
4 81
15 46
2 19
14 30
19 40
1 64
14 51
12 96
8 31
0 64
14 71
23 97
26 87
7 22
7 1
4 8
20 57
14 10
1 95
21 48
5 47
12 88
22 41
29 16
27 15
25 40
8 64
4 68
4 47
19 53
21 48
27 97
8 24
2 86
27 12
0 16
17 13
30 93
12 32
5 18
23 94
15 74
15 71
17 18
13 76
0 13
2 27
20 99
22 29
2 57
25 23
25 36
25 24
20 98
26 84
3 78
18 90
30 84
11 15
18 51
9 77
19 58
4 92
1 98
28 56
25 39
29 13
7 56
7 38
16 62
4 26
23 81
30 38
26 59
19 79
28 28
29 8
28 85
17 2
11 68
13 31
5 79
24 30
27 25
27 25
6 14
18 31
7 100
9 42
17 10
10 66
15 11
24 38
17 40
18 99
1 74
25 81
2 53
6 20
20 99
11 87
28 98
4 75
15 97
11 7
19 92
2 43
25 96
21 1
4 21
9 86
29 40
11 60
4 81
8 72
13 80
0 88
19 95
14 74
13 52
19 4
19 8
4 63
23 92
29 50
26 48
13 8
17 84
0 48
17 16
22 89
7 47
1 55
5 63
23 1
29 40
16 82
11 99
2 19
17 74
16 59
24 26
0 82
13 85
2 82
22 1
23 78
25 81
11 51
18 35
14 5
4 65
20 72
10 66
21 64
14 42
30 42
29 61
7 91
1 82
30 98
12 45
3 17
2 59
0 78
10 71
15 31
21 78
27 65
13 35
21 20
27 81
30 37
15 77
23 71
26 88
14 47
13 1
9 14
27 74
27 10
12 21
19 95
1 47
29 42
10 10
28 82
16 39
6 27
5 80
1 84
6 44
25 98
20 25
18 88
0 25
8 59
26 95
4 74
3 72
9 66
