100
20 73
16 100
3 22
6 14
4 61
7 81
17 35
8 70
12 77
11 44
12 87
8 79
29 34
30 99
14 9
19 35
26 6
28 24
13 93
21 69
14 67
28 51
11 36
7 51
12 63
2 33
13 35
22 50
10 52
28 13
14 41
21 92
7 67
27 50
28 54
0 33
6 14
4 31
18 73
18 57
0 58
13 76
10 43
6 31
6 17
8 32
25 81
14 23
30 13
29 41
14 36
2 40
10 90
8 87
5 78
7 68
13 96
11 98
8 41
5 34
18 80
29 29
21 7
28 43
18 77
6 72
6 36
23 85
23 71
10 40
27 83
26 8
29 72
2 97
26 16
7 13
17 49
30 89
30 8
5 22
7 42
2 46
20 23
22 82
18 93
14 95
30 47
22 47
12 2
2 7
6 98
18 91
27 37
20 21
18 21
27 38
8 67
8 4
24 43
6 16
21 27
6 68
8 23
17 54
3 45
1 29
19 35
29 76
30 24
13 75
1 53
25 39
30 84
15 2
30 62
26 38
10 27
1 92
15 52
1 26
19 32
1 52
16 87
13 47
4 49
5 30
8 29
17 24
0 98
27 5
14 51
1 2
23 90
23 8
9 71
30 37
6 71
27 94
15 6
11 28
27 18
29 26
0 24
20 60
15 30
6 24
25 61
18 1
28 6
11 32
1 92
22 47
24 76
4 57
13 78
4 24
2 93
26 88
18 75
7 96
21 88
18 21
15 65
7 61
23 21
4 18
17 37
10 97
12 39
4 4
3 84
19 96
15 88
25 9
20 34
15 11
4 80
29 17
6 2
17 93
0 29
10 71
8 72
8 93
17 97
26 58
14 69
1 17
17 60
10 23
29 92
14 95
10 91
16 95
7 33
20 55
27 13
5 94
0 100
17 11
25 30
25 41
30 44
19 56
4 54
6 28
14 99
21 7
16 72
9 15
16 94
18 8
6 99
30 77
21 40
0 79
21 6
15 29
30 67
3 11
6 48
23 12
0 83
3 83
30 99
25 18
27 7
28 93
23 87
28 5
11 23
2 16
1 51
9 4
25 65
2 63
30 19
1 3
19 65
22 6
25 53
6 19
7 72
3 69
21 80
3 67
21 25
10 89
22 70
13 58
5 46
22 77
30 30
6 75
25 70
3 41
17 3
12 53
20 1
13 6
4 21
20 4
17 18
12 25
30 35
22 96
16 9
11 7
26 97
16 3
30 18
21 64
2 100
2 55
27 68
22 15
20 65
7 30
28 46
3 90
27 39
3 51
13 25
13 99
3 73
26 16
20 82
25 74
15 2
10 24
20 17
15 9
0 71
19 11
10 52
22 99
6 92
21 9
8 89
0 97
24 54
26 86
23 39
21 55
1 18
10 2
21 79
1 65
7 21
6 86
19 28
7 52
21 66
17 10
3 91
27 58
0 35
1 87
27 52
10 61
27 52
14 40
30 70
26 2
7 65
5 82
10 51
24 62
25 77
19 13
6 44
23 2
20 28
11 80
10 77
21 93
20 43
0 74
3 61
22 86
5 41
28 86
13 66
18 45
17 24
25 36
21 41
17 59
24 76
19 86
4 61
24 45
23 61
26 28
27 39
12 27
2 8
13 71
13 99
10 38
20 45
3 93
3 70
23 66
18 70
7 52
4 93
2 55
9 33
22 92
28 91
3 26
14 57
0 64
3 99
19 66
11 91
28 13
17 9
2 35
29 17
11 36
22 11
24 25
17 10
7 94
25 12
2 76
21 75
18 87
30 33
0 2
1 72
13 24
14 58
14 33
18 62
3 85
27 30
27 69
21 46
19 97
25 75
18 4
24 73
21 43
15 88
30 85
20 50
27 10
21 64
11 16
19 60
15 67
16 74
6 29
14 83
1 96
8 44
14 20
26 27
11 40
5 92
5 71
2 72
24 41
9 94
22 27
1 4
23 79
15 11
18 90
16 54
25 98
19 50
6 54
6 19
19 61
22 85
17 64
16 52
16 66
19 34
8 30
22 23
17 71
24 53
30 73
27 75
26 19
4 62
8 90
4 77
23 43
4 74
14 5
27 94
15 28
19 44
10 40
5 20
16 19
30 44
24 32
0 2
29 74
5 36
25 22
22 45
16 58
12 17
11 59
16 58
21 12
25 7
26 100
24 93
26 43
12 97
30 76
14 47
1 19
4 54
28 75
26 16
1 70
24 88
16 66
29 77
17 12
17 62
10 53
13 82
8 19
23 67
13 99
4 90
20 45
13 27
7 94
6 85
12 18
4 48
8 52
16 34
18 7
21 84
16 34
13 100
27 29
5 33
13 4
11 41
18 35
24 24
26 6
4 23
0 61
30 25
8 59
23 42
30 17
29 29
5 21
28 89
23 86
13 15
29 3
20 66
4 79
24 29
10 27
27 51
22 95
5 11
21 56
12 78
16 11
27 14
30 80
24 30
21 99
16 71
5 4
24 32
27 62
30 77
19 28
16 72
10 69
21 94
30 66
15 38
15 12
20 6
19 70
7 39
20 79
2 48
8 11
16 76
25 20
2 55
27 17
12 54
20 49
27 76
21 2
27 44
24 60
3 80
22 19
11 55
22 30
3 70
21 44
19 88
21 53
15 71
3 86
20 64
8 88
19 57
0 41
21 28
9 91
2 62
15 63
6 87
10 48
2 74
3 8
14 65
15 47
16 40
26 78
17 81
11 94
18 37
8 11
10 54
23 82
11 58
8 1
29 15
22 17
28 31
16 20
17 91
5 87
5 4
6 66
28 20
27 15
20 24
16 22
17 41
14 70
17 62
22 96
8 80
29 31
8 85
10 24
28 59
16 19
20 56
14 57
27 92
16 13
19 56
15 9
2 5
13 72
17 59
1 82
29 10
28 34
22 28
1 91
7 26
13 70
13 88
25 39
27 52
3 37
28 94
6 13
29 34
17 41
9 29
14 47
14 100
6 76
11 53
12 88
16 75
5 78
14 28
0 24
22 75
18 85
2 53
23 45
27 45
23 30
10 71
0 72
23 97
18 75
29 20
25 73
0 43
2 85
16 47
14 82
22 37
22 46
22 79
28 83
3 48
26 92
22 63
27 92
17 74
15 60
30 85
13 78
30 7
6 51
19 27
19 62
12 44
14 17
7 91
1 61
15 100
30 27
1 57
21 95
10 27
2 34
30 100
29 95
22 51
27 41
30 38
0 70
0 5
19 21
25 21
4 43
30 48
16 99
10 65
1 56
17 61
5 57
18 73
14 54
9 31
26 12
13 72
9 33
24 28
20 42
18 63
16 15
9 72
12 56
8 54
9 67
29 1
23 84
16 55
26 13
10 77
30 65
30 85
6 71
29 2
7 5
20 2
22 69
8 43
23 40
17 12
1 30
11 12
28 14
3 59
28 64
22 20
9 5
1 70
27 75
6 58
24 23
17 12
26 84
23 49
10 2
7 78
3 40
3 30
1 67
26 78
2 84
23 2
26 18
4 34
15 3
22 55
3 90
10 66
13 28
13 18
28 32
15 4
24 81
17 1
13 88
2 85
23 43
7 28
7 6
27 43
3 75
10 2
2 54
23 64
10 40
2 32
25 12
2 89
24 93
20 63
20 70
9 18
11 38
