100
22 75
27 34
1 69
23 98
29 83
5 54
28 88
6 12
4 84
18 50
13 99
16 43
21 25
10 9
10 71
7 49
7 59
6 97
22 98
11 78
5 76
11 85
6 31
22 64
9 50
25 53
18 28
22 77
25 11
3 26
21 42
22 93
21 24
20 52
16 4
24 55
22 30
23 83
13 98
18 86
12 34
18 58
16 30
7 58
15 66
23 73
1 85
6 87
12 26
4 96
24 4
9 47
5 28
12 71
12 36
17 63
14 14
12 48
29 80
25 80
19 41
13 71
21 1
19 66
18 71
25 83
18 15
26 7
10 32
20 31
20 41
30 98
11 100
3 28
11 62
18 24
26 86
3 2
27 70
17 49
21 17
30 63
21 77
0 79
4 99
30 66
25 37
27 34
25 84
26 21
7 37
24 12
2 73
23 6
25 24
30 38
25 97
21 77
21 50
16 91
26 98
19 71
5 98
14 74
9 47
0 75
24 14
22 21
18 67
14 67
16 45
4 19
22 71
0 40
8 68
18 23
0 29
9 90
9 34
13 93
12 93
12 85
24 57
19 85
24 23
7 21
14 39
25 40
19 28
9 6
16 5
20 83
20 82
29 67
16 38
8 4
5 85
20 77
17 26
4 5
18 17
9 53
26 11
17 85
22 82
7 62
15 89
26 28
6 48
17 17
5 38
15 76
1 65
19 32
15 74
17 21
26 79
14 7
10 42
3 91
15 35
30 16
30 88
9 89
18 39
9 25
17 39
30 61
27 70
0 30
4 28
7 28
25 98
5 49
2 1
22 9
5 67
16 87
22 43
9 79
17 65
20 26
0 58
9 20
14 92
19 45
5 13
3 21
9 86
12 40
30 19
7 65
22 82
13 28
24 79
10 62
12 35
7 26
25 22
30 15
1 66
12 100
23 2
11 57
21 77
0 58
16 92
3 31
3 28
7 64
29 7
9 69
13 17
6 95
8 15
7 19
16 98
6 31
15 17
8 14
25 83
15 81
8 70
4 53
6 77
2 6
5 38
24 6
1 81
9 11
18 61
18 2
8 36
13 15
3 84
1 56
0 34
12 7
2 22
11 67
11 69
7 26
14 52
12 33
12 10
4 45
18 52
22 94
26 64
23 83
26 25
18 76
25 57
25 35
14 76
10 84
8 21
24 15
28 71
25 93
9 10
18 39
22 57
24 47
9 38
22 84
30 10
0 67
5 37
18 93
8 100
24 63
4 99
5 26
9 34
4 7
23 88
28 33
23 59
17 70
13 90
11 16
27 21
22 52
11 15
5 100
11 45
29 50
16 64
5 3
7 61
11 75
19 83
30 59
12 2
11 17
25 67
15 93
3 76
26 84
10 33
20 33
5 80
21 76
6 79
17 69
13 77
23 25
2 15
15 39
26 59
20 74
15 15
9 32
20 29
24 76
29 72
28 30
25 74
26 65
6 47
12 76
3 71
25 83
19 43
3 13
6 47
21 18
14 86
14 99
14 40
1 63
8 93
18 58
19 49
14 26
29 51
25 64
23 59
18 88
12 13
15 77
22 14
8 96
17 99
16 35
7 21
24 63
20 91
19 55
9 32
1 95
5 25
11 88
7 3
12 27
16 79
11 92
13 92
28 95
15 55
17 71
11 80
6 66
23 100
9 61
3 16
7 78
12 6
15 61
10 93
24 89
10 76
22 40
5 39
14 39
23 85
0 11
17 98
15 18
4 16
12 4
0 4
10 53
10 17
4 67
18 89
20 98
13 83
22 5
8 85
19 9
29 15
18 69
29 49
24 80
6 15
4 93
0 65
19 92
10 20
16 67
1 75
4 86
1 14
6 78
20 81
18 59
4 99
27 97
10 35
9 7
14 19
30 95
13 33
16 47
12 59
20 58
18 27
9 38
1 73
13 85
25 93
25 82
16 37
2 28
5 73
18 88
2 25
5 20
8 78
4 68
21 26
14 62
13 6
24 22
23 97
14 55
27 82
11 48
27 54
7 82
13 11
19 57
15 86
16 6
18 96
7 70
20 38
18 86
5 79
15 6
29 93
13 30
1 2
10 52
9 49
9 81
12 67
23 64
9 34
14 11
2 17
27 77
26 14
15 20
26 98
12 87
13 59
26 10
22 71
14 30
2 72
19 69
12 80
30 54
29 6
27 50
5 86
3 17
8 61
0 73
1 63
12 20
9 17
14 77
0 89
5 75
16 18
28 52
16 29
2 58
28 7
7 48
23 28
20 56
29 47
10 61
26 16
15 1
6 88
5 97
3 55
27 47
22 24
12 12
22 97
6 4
13 6
29 15
0 80
28 39
16 35
12 58
30 13
19 38
13 74
9 25
8 46
20 25
20 12
8 39
6 65
24 28
9 35
7 87
22 91
24 49
19 9
14 83
0 74
19 34
30 31
28 87
17 96
18 93
7 63
15 23
7 85
11 97
2 66
14 10
16 78
22 45
21 8
30 8
7 61
25 48
4 98
12 89
12 53
7 62
22 30
21 78
6 66
9 75
14 83
13 56
30 50
3 58
19 1
10 71
21 2
1 80
12 74
23 38
26 22
24 77
5 20
5 41
8 4
7 18
23 50
7 93
29 86
2 6
18 97
11 59
25 62
8 70
27 18
27 76
9 61
0 90
12 31
15 6
17 59
27 90
24 89
4 17
6 1
27 47
19 78
24 17
20 72
8 28
10 74
6 84
28 60
8 69
30 80
21 34
1 15
30 3
8 83
15 84
25 76
15 58
5 71
15 24
23 54
27 95
10 95
9 67
10 77
24 2
0 64
15 16
6 25
9 45
28 88
30 98
3 88
21 33
26 90
23 77
28 3
6 98
18 45
0 76
11 71
14 53
28 63
29 52
23 77
7 64
16 21
22 69
24 68
18 79
11 56
29 4
20 52
28 47
6 100
12 23
10 88
15 52
28 87
5 72
8 50
27 24
20 54
11 38
30 25
22 80
17 2
1 72
11 60
22 43
26 12
10 75
9 20
3 70
20 6
8 2
22 12
23 66
20 43
27 75
22 78
22 23
10 27
8 30
8 26
6 53
16 28
3 2
3 61
6 42
14 49
1 36
21 1
2 69
23 98
16 9
10 90
13 33
25 80
21 18
6 83
22 30
27 15
26 44
17 35
30 20
12 90
13 62
18 62
29 32
7 53
20 61
26 5
25 75
21 91
14 28
21 10
14 48
20 95
13 96
12 76
18 14
0 83
8 23
2 92
4 55
5 86
14 18
10 78
18 46
24 68
11 8
10 18
29 88
29 59
5 5
23 88
0 64
9 24
29 55
7 29
9 64
27 2
20 39
3 50
14 18
21 76
6 47
1 88
0 27
7 2
20 87
13 18
10 61
12 67
30 54
7 2
11 4
6 8
24 80
26 15
1 54
9 25
12 35
8 95
27 13
25 73
18 3
27 33
4 49
4 90
14 92
10 50
3 70
16 12
6 20
23 7
23 17
20 25
18 21
2 28
23 63
0 22
30 20
21 100
0 55
28 45
4 47
5 40
7 36
14 65
30 38
17 47
9 3
0 77
14 29
5 47
20 79
29 22
10 79
0 57
5 58
3 53
13 42
2 12
22 19
19 21
7 44
8 54
19 63
