100
8 12
16 51
13 27
25 72
11 85
18 85
6 23
3 46
1 88
3 14
0 15
30 19
6 86
4 17
17 48
14 88
16 79
26 48
9 20
22 14
7 77
13 84
13 81
18 49
6 20
9 43
17 68
9 99
12 78
19 21
4 30
24 20
21 31
8 5
12 7
17 63
29 88
17 20
23 31
2 43
24 8
23 34
2 93
28 68
27 28
18 53
5 26
10 54
15 87
8 80
7 37
0 45
3 18
16 100
11 8
23 15
16 86
23 82
18 30
24 84
7 43
21 49
25 34
1 89
29 55
3 57
4 14
17 28
13 64
4 33
28 95
9 1
20 82
18 86
10 50
18 80
5 18
11 35
29 39
12 77
27 72
18 62
29 76
5 29
0 22
4 93
30 2
8 43
28 48
11 70
9 61
1 77
22 46
12 7
20 1
6 67
3 58
11 30
20 9
3 23
1 26
26 9
30 5
13 5
0 93
15 61
9 39
2 87
16 58
15 49
23 60
23 86
15 59
19 81
20 26
20 96
25 3
4 91
28 84
20 87
20 70
19 39
11 35
9 13
28 48
29 61
28 86
22 5
4 33
18 34
21 9
8 11
29 22
11 26
28 13
2 75
3 54
14 11
6 79
7 67
27 82
3 92
0 97
29 41
17 74
20 32
26 99
26 45
29 52
30 82
6 60
26 9
15 33
5 54
7 61
10 44
30 46
28 66
15 98
12 48
22 21
5 31
26 16
7 59
30 81
10 65
0 35
13 16
4 1
26 62
7 29
7 42
12 95
30 47
2 22
0 65
12 95
11 82
12 2
25 17
24 42
11 11
20 32
0 13
13 81
1 98
29 94
2 62
16 69
22 44
22 11
12 18
15 58
19 55
0 91
12 5
7 79
2 40
22 17
11 3
30 62
1 20
12 13
0 34
7 22
24 1
7 16
4 67
17 71
11 48
18 28
30 68
2 27
24 40
9 35
13 85
23 28
30 33
8 69
2 3
30 56
26 82
17 20
23 42
28 22
14 30
0 76
29 83
25 99
19 9
17 25
26 61
21 32
12 6
17 63
23 98
6 90
14 8
26 34
23 63
29 99
13 91
29 76
29 23
14 8
29 15
22 85
24 33
11 72
13 26
3 5
15 21
0 88
9 84
3 3
23 3
25 95
15 37
6 65
12 98
15 22
22 32
12 32
3 54
29 25
11 78
7 86
19 95
14 51
19 18
8 70
1 12
8 92
13 67
5 80
17 94
15 84
3 49
22 75
21 67
23 33
1 88
13 19
2 33
8 66
10 29
23 55
30 20
21 52
26 32
15 22
30 79
6 42
4 4
16 62
5 37
0 90
27 48
11 46
0 33
21 80
15 14
1 55
10 42
30 99
6 62
19 75
28 17
18 11
0 7
11 98
26 70
16 73
17 13
12 73
21 5
21 45
1 69
25 24
19 50
1 79
3 46
14 77
22 94
16 96
27 93
23 69
25 6
21 24
19 22
5 24
19 20
21 5
18 63
16 79
22 40
19 50
29 55
2 71
1 24
24 66
14 89
3 100
8 17
14 88
22 41
21 34
30 66
5 48
12 18
20 90
21 21
14 37
22 52
13 82
2 68
18 86
30 54
23 47
28 29
24 39
18 93
22 8
27 91
17 64
30 7
7 42
26 95
19 92
30 52
8 11
5 84
1 59
8 89
23 66
8 80
14 60
21 50
4 41
22 15
4 42
4 7
23 61
21 100
28 30
26 31
7 80
19 30
18 55
20 67
2 34
6 67
7 23
28 51
21 91
20 18
16 26
23 15
29 58
13 58
25 66
11 77
14 14
9 45
6 85
5 49
8 23
8 13
12 8
0 25
15 24
22 15
22 75
1 69
23 47
27 61
16 42
22 61
13 21
5 57
25 41
14 25
30 52
2 52
24 13
12 79
14 64
3 23
10 83
5 45
10 91
8 87
29 99
10 11
11 88
30 79
16 39
30 25
24 40
9 1
17 47
9 2
8 51
1 81
26 93
8 66
17 94
23 3
5 57
13 80
10 34
25 8
2 53
6 1
28 60
14 31
21 11
21 79
19 64
27 51
27 23
17 40
15 56
11 34
20 76
21 22
20 72
8 63
1 23
15 11
20 90
8 4
21 13
15 51
12 18
29 98
28 21
9 37
18 60
18 40
11 15
13 18
19 18
12 34
24 79
12 74
21 91
5 1
2 92
16 12
24 51
13 95
15 69
10 56
15 81
14 27
26 64
7 78
29 66
2 72
29 41
8 89
7 12
27 51
17 29
8 25
6 94
14 19
19 11
3 66
12 55
9 9
8 78
19 40
0 59
30 60
21 57
3 89
18 87
20 79
13 56
25 96
27 85
3 15
21 58
17 43
22 8
15 28
16 45
3 65
6 87
28 33
18 77
22 7
13 69
21 79
15 100
7 81
4 52
1 9
3 14
13 7
13 64
23 80
1 38
30 50
20 23
12 28
12 20
10 32
6 14
13 4
9 34
12 24
22 80
27 19
25 66
8 43
15 67
6 69
11 51
11 68
9 20
16 83
1 90
9 42
4 29
20 87
6 50
5 91
27 87
7 5
15 46
25 1
7 26
21 67
8 33
9 86
15 74
5 27
19 84
13 43
10 63
5 62
30 28
8 15
19 97
16 10
25 74
25 17
30 59
6 85
7 23
28 40
2 1
5 66
1 35
24 69
8 21
9 8
6 72
14 69
9 55
5 30
12 22
10 92
7 20
20 28
2 13
28 96
16 18
29 81
18 87
2 36
24 56
30 42
5 64
24 92
30 81
6 86
30 65
29 72
13 62
26 69
15 66
20 84
12 53
2 40
15 61
12 41
18 85
2 58
4 74
11 91
0 32
2 5
8 27
24 76
23 90
27 23
6 54
27 48
30 66
1 100
22 56
23 52
5 46
17 24
17 25
3 59
16 8
11 13
14 47
18 90
29 94
10 99
26 52
10 100
26 71
4 71
21 93
18 38
22 64
3 42
9 87
21 52
3 29
27 78
8 60
12 35
10 10
27 22
29 9
12 10
7 14
30 84
6 54
6 81
15 15
27 43
21 16
12 2
19 49
30 53
15 16
7 16
8 5
17 22
27 47
13 100
12 36
20 94
23 55
6 36
29 95
26 69
25 16
14 45
28 36
12 38
11 19
14 65
4 77
15 60
2 42
10 15
14 67
2 35
2 36
23 80
6 75
22 11
25 40
10 72
6 31
8 43
24 71
18 89
22 10
20 51
5 32
9 78
8 67
20 36
17 48
17 80
29 74
2 44
14 49
11 5
22 14
10 93
20 48
11 31
18 73
4 38
22 99
5 54
27 46
14 47
25 65
10 10
4 75
5 57
2 78
27 58
9 70
25 2
9 22
10 32
14 13
8 80
11 62
16 99
19 89
8 39
10 33
28 68
22 32
9 81
15 78
15 6
22 23
3 42
23 20
17 71
27 83
4 18
26 32
4 45
16 16
25 47
24 7
25 19
19 50
7 49
25 15
27 91
27 32
2 79
1 85
26 1
1 34
21 7
27 79
5 12
8 1
18 85
28 40
21 65
9 27
9 76
27 35
3 54
26 38
2 12
1 44
28 39
12 64
14 10
