100
8 41
13 49
15 86
14 61
23 39
0 68
25 73
19 29
7 67
11 26
10 33
8 53
1 4
22 28
20 74
4 81
30 19
3 48
30 49
26 18
0 64
27 14
6 47
8 89
16 11
20 1
24 71
3 63
11 39
6 92
13 80
19 51
7 37
20 71
26 95
1 14
8 34
17 64
28 74
12 30
3 22
4 75
23 73
2 36
10 85
1 7
7 86
15 45
18 48
26 75
8 91
22 26
18 37
9 93
3 26
13 89
16 13
18 65
8 71
16 11
9 80
11 37
6 64
22 77
28 64
10 27
27 59
19 34
2 83
5 22
10 4
1 2
28 1
12 26
14 66
27 50
6 32
7 22
22 91
28 72
14 95
2 36
14 49
3 92
22 41
6 15
5 5
4 2
10 52
26 75
15 35
28 22
25 81
21 9
14 14
8 9
7 24
20 27
12 87
20 46
14 74
19 50
9 38
10 61
30 10
27 66
9 99
16 80
17 29
19 26
8 83
18 55
11 12
5 18
27 88
3 12
18 47
22 55
26 25
28 39
10 34
25 79
17 88
19 8
0 86
17 28
30 46
3 84
23 75
4 68
18 66
24 60
2 11
26 50
5 74
13 12
0 54
2 33
14 10
30 58
11 18
24 4
7 18
20 38
10 72
30 13
26 20
15 90
26 78
28 21
5 42
18 53
26 78
12 20
12 48
25 84
4 6
19 57
7 16
0 89
26 35
30 84
4 62
10 58
29 54
20 33
0 59
16 29
29 35
5 17
13 42
1 47
11 3
20 81
1 73
7 59
29 64
9 7
23 61
9 71
16 99
10 56
18 94
14 89
15 72
26 100
1 66
22 17
18 65
3 5
14 23
18 2
9 11
29 15
12 29
9 99
26 42
7 33
5 37
26 97
7 100
8 15
6 50
2 70
12 17
19 92
5 58
20 87
17 7
5 74
0 11
5 52
2 77
2 68
18 42
18 65
1 7
3 77
15 63
28 51
9 40
29 51
8 68
3 29
3 75
23 73
16 12
12 91
24 38
14 89
19 48
14 6
12 50
17 2
15 91
25 38
12 42
15 51
4 20
10 25
25 50
30 23
16 61
14 49
24 85
28 19
13 31
26 26
5 77
15 96
4 85
15 54
19 98
5 55
5 43
5 4
4 56
6 60
17 36
17 67
13 68
8 5
16 24
1 86
9 66
19 64
20 83
7 97
6 16
13 90
13 55
17 45
11 80
17 46
1 20
30 38
29 42
11 8
18 99
22 48
29 89
27 57
22 95
0 65
8 45
0 46
4 10
8 47
25 12
24 47
21 20
20 12
15 74
20 16
16 44
0 89
23 14
13 29
23 93
13 69
0 43
5 30
28 26
0 10
6 55
24 63
17 71
30 13
13 39
25 40
28 5
12 3
24 9
29 8
23 61
20 73
28 98
10 32
19 31
13 56
24 58
10 49
2 82
26 65
25 72
18 41
27 19
13 54
5 31
22 45
9 45
8 61
7 23
23 62
0 90
3 12
13 6
10 69
20 2
29 95
0 71
3 63
10 38
30 100
26 64
8 95
12 25
21 34
3 72
6 15
19 56
8 37
4 58
6 31
8 70
22 66
20 83
2 71
3 20
16 81
2 87
14 17
13 55
30 35
6 77
12 18
26 44
6 63
10 55
20 98
22 33
12 38
0 3
15 58
18 52
9 83
16 13
12 17
14 51
17 86
22 45
11 10
17 38
11 77
20 63
29 54
26 88
7 39
4 33
4 79
12 2
21 92
2 88
9 51
3 46
25 4
24 42
1 94
4 38
25 2
30 75
28 48
25 14
20 10
26 43
4 41
13 84
24 58
25 85
11 19
11 17
10 25
13 58
19 99
13 39
2 52
8 59
14 35
2 28
6 23
18 52
24 86
30 28
23 59
11 32
25 9
11 72
26 93
25 37
28 49
14 53
8 22
30 27
2 81
17 33
25 20
8 6
24 100
16 40
16 100
20 10
9 95
13 49
21 52
5 9
23 92
29 88
8 55
1 22
30 54
26 37
17 71
19 35
10 25
7 82
18 65
14 28
22 89
4 12
4 56
18 45
3 88
28 85
2 59
26 65
11 65
12 42
26 36
24 10
5 92
14 64
6 81
10 74
12 34
19 8
18 29
17 92
7 8
12 81
19 39
30 8
13 50
1 7
4 61
9 96
2 95
6 75
18 45
24 53
24 25
11 46
6 37
27 65
26 27
2 59
27 62
19 13
27 18
3 63
11 49
10 26
24 60
15 84
15 49
24 34
7 69
0 34
2 56
23 60
27 63
6 32
2 46
2 42
23 48
9 43
13 10
0 14
10 57
25 71
24 83
11 83
30 25
2 57
21 71
28 75
2 58
0 50
0 49
13 70
27 5
21 32
17 5
0 19
9 94
17 50
11 13
3 37
30 32
4 19
20 71
8 51
30 33
25 6
20 24
3 18
2 67
24 80
13 62
4 59
1 14
1 86
5 57
28 57
16 9
9 64
17 1
27 74
23 33
26 56
12 26
20 58
3 37
18 55
12 5
8 72
1 84
14 25
14 7
27 67
18 39
23 59
30 30
27 24
6 30
10 8
8 20
2 31
21 75
3 100
6 88
6 56
3 2
17 29
2 17
25 66
17 26
24 46
30 17
15 29
23 2
27 84
10 43
14 23
17 99
21 29
22 35
21 74
17 89
17 41
14 66
22 40
9 16
21 22
14 83
5 96
16 11
30 10
18 34
25 34
18 86
6 20
22 36
17 20
11 75
15 37
22 79
20 43
13 61
1 22
7 85
0 51
10 26
6 22
9 70
25 8
10 97
5 71
15 13
16 97
19 26
2 86
30 49
17 80
26 56
19 12
27 34
5 77
17 26
9 38
10 81
23 81
14 82
6 94
18 86
4 5
16 63
23 14
27 36
14 39
27 60
27 86
0 65
5 77
1 6
12 65
5 28
10 23
1 3
8 58
28 51
27 6
10 73
2 97
18 27
3 8
16 83
16 52
29 90
3 93
0 31
5 92
15 54
16 100
2 31
30 83
26 38
2 48
28 60
10 13
25 89
15 59
19 19
1 3
16 11
15 51
9 42
15 7
20 76
10 38
18 78
19 7
14 36
27 72
26 13
14 40
16 56
15 80
25 86
22 60
13 44
19 84
8 39
24 20
11 41
10 28
18 71
26 100
29 46
11 8
3 41
10 8
0 100
22 90
5 77
9 88
7 54
15 44
14 70
25 66
19 22
7 73
3 70
25 82
16 65
19 90
26 58
12 55
19 39
5 12
26 23
3 35
27 75
10 52
17 77
26 66
7 98
28 79
29 68
27 83
11 66
21 75
7 64
5 87
24 79
7 98
14 86
24 51
30 80
21 6
22 3
16 86
2 16
28 59
5 11
27 64
2 7
2 54
20 43
18 54
21 37
30 49
29 36
26 7
28 12
9 42
20 28
22 24
9 95
14 44
20 76
18 23
23 18
1 21
23 49
5 88
28 9
17 4
2 67
3 57
29 24
24 60
10 19
26 20
9 8
16 84
23 25
21 68
7 100
9 9
8 60
14 17
8 68
26 79
2 11
15 53
5 21
12 8
4 11
24 63
23 10
