100
21 15
17 91
30 15
25 96
18 22
10 3
23 47
23 30
30 57
30 49
16 87
11 94
4 100
11 56
4 44
7 80
15 3
30 45
13 74
23 47
2 27
14 42
19 56
10 57
15 67
6 67
19 79
8 85
23 88
6 36
11 51
16 50
29 35
24 77
25 20
22 81
20 19
24 51
22 46
11 97
16 72
18 62
24 25
23 56
20 21
11 95
0 77
9 72
24 46
6 44
4 37
11 6
16 94
26 75
26 25
28 15
16 72
5 24
6 47
15 90
27 26
23 58
28 14
26 22
27 2
29 86
9 92
27 8
5 56
17 48
22 81
16 30
30 72
15 82
15 38
10 65
25 56
20 74
11 70
10 46
28 32
3 74
2 15
13 8
5 92
7 33
20 39
9 39
28 82
5 85
22 46
18 39
21 84
3 3
20 3
24 87
25 76
4 62
11 1
12 11
21 57
11 35
2 6
8 40
15 65
24 48
28 68
25 90
6 65
13 98
13 38
25 41
24 61
25 8
12 69
27 87
27 33
1 72
28 40
4 28
26 74
12 58
27 1
6 85
4 16
25 79
28 96
21 87
28 93
29 5
3 71
2 57
24 48
10 68
3 12
10 45
30 88
0 58
7 100
20 34
11 50
21 40
27 69
5 49
10 88
3 44
11 60
3 71
22 75
20 86
3 55
17 75
9 20
11 50
16 35
15 64
17 37
19 18
1 11
17 59
16 71
8 93
4 44
21 62
2 13
25 26
19 15
11 18
12 81
5 40
30 66
7 17
20 57
8 84
25 7
19 13
19 89
5 66
6 1
7 87
13 94
19 13
4 10
26 13
11 18
7 35
7 88
11 82
27 74
6 86
15 40
17 72
7 92
5 85
8 18
19 39
19 100
14 64
6 76
30 8
29 54
3 72
19 97
12 44
4 3
24 58
8 13
22 64
2 40
22 54
21 12
20 81
24 52
12 14
0 17
13 24
25 74
30 89
4 86
23 47
26 92
10 70
6 52
14 62
19 98
15 56
29 27
13 34
30 89
5 38
5 22
19 94
0 36
18 22
14 43
22 75
24 40
14 47
4 37
16 98
0 16
20 67
17 83
6 16
11 68
2 73
20 51
22 76
4 3
17 88
15 81
15 64
27 26
20 79
10 49
17 28
6 62
22 60
9 89
13 37
3 75
30 41
1 61
8 80
7 11
28 60
16 73
0 71
17 9
23 70
26 3
3 68
25 13
30 85
24 96
18 50
18 92
22 78
4 74
23 52
4 19
19 89
25 32
22 59
15 3
5 57
13 92
26 63
6 69
10 88
11 47
1 20
26 32
7 42
12 47
16 55
3 15
7 57
30 87
30 1
29 30
22 71
3 10
20 43
20 58
9 73
0 50
21 80
18 84
18 43
27 29
27 60
0 41
6 70
21 10
29 19
3 74
19 50
5 43
6 71
3 16
6 91
7 19
21 39
6 26
1 80
15 77
26 94
15 70
8 77
1 93
3 66
14 91
5 59
9 58
25 54
16 99
9 95
26 74
6 66
17 2
5 71
17 5
23 50
15 31
22 64
12 88
7 49
10 76
13 34
27 3
30 24
9 96
30 27
19 97
20 11
10 63
24 55
19 68
1 59
19 30
25 3
9 12
18 68
13 4
2 47
4 46
23 39
3 96
11 64
28 90
15 3
12 17
14 75
29 5
10 92
18 97
19 70
5 18
25 20
7 32
17 54
22 11
12 62
12 93
19 51
27 19
0 94
2 59
15 3
14 28
24 19
13 2
6 98
13 84
10 73
26 19
24 77
0 19
29 78
16 63
20 93
9 46
0 68
9 20
5 31
4 84
3 32
13 21
22 76
7 75
12 38
1 17
15 52
17 58
2 12
4 59
18 9
22 48
20 76
29 49
14 51
11 24
22 95
13 49
17 69
27 92
3 84
3 52
1 48
21 48
1 23
6 59
10 17
21 59
10 11
30 69
3 74
22 71
15 45
16 77
21 42
23 24
18 24
23 6
17 33
0 60
3 54
1 10
12 59
0 77
3 11
9 79
6 57
27 89
1 82
15 90
6 58
5 70
26 20
27 36
17 42
28 51
2 96
22 35
20 54
1 50
16 39
14 64
12 100
5 87
2 77
16 30
15 14
9 62
0 35
23 9
30 18
14 46
30 57
2 11
28 83
10 69
23 41
21 97
3 35
21 74
25 40
14 81
10 5
30 38
16 92
30 96
21 26
6 95
4 4
12 58
20 70
14 34
21 95
21 45
16 49
20 52
6 98
4 84
3 27
28 58
8 13
16 38
11 100
22 4
11 47
0 68
24 10
6 58
20 93
10 11
5 94
24 23
9 75
14 83
8 93
11 60
28 80
18 12
19 45
7 93
9 56
8 8
26 61
23 20
23 23
13 39
4 82
24 73
11 71
0 6
18 21
19 13
6 98
18 39
6 85
1 44
9 39
21 53
6 99
21 60
8 52
15 1
21 49
4 63
14 20
25 81
17 63
8 95
15 83
2 24
1 38
20 88
15 94
4 5
5 49
12 15
10 71
21 88
1 15
25 70
0 81
27 39
20 51
25 17
4 88
16 68
17 19
4 21
5 63
19 44
6 31
11 25
6 44
13 73
23 87
25 76
27 43
21 75
28 67
21 98
19 15
25 26
3 6
0 77
16 50
25 30
18 6
8 77
2 58
20 8
21 99
22 53
2 60
16 45
13 57
6 99
0 76
22 20
15 2
21 67
23 95
0 56
7 15
26 35
21 79
22 1
22 83
4 67
10 30
27 77
21 60
10 17
19 88
21 88
23 90
6 72
28 86
12 53
7 75
1 72
22 62
0 77
24 29
15 64
30 50
13 1
3 23
29 41
29 3
26 25
12 89
9 64
0 16
19 86
29 36
30 19
1 87
9 17
8 8
15 92
25 16
25 78
29 91
27 77
23 75
0 19
3 16
3 37
25 38
28 1
9 67
5 39
22 51
7 12
1 100
5 51
1 88
10 29
30 97
6 15
24 93
21 95
2 44
20 42
16 30
4 57
29 95
22 8
4 26
0 55
11 9
5 83
5 92
17 70
8 59
10 11
16 26
3 35
30 6
19 84
20 48
20 60
19 25
1 31
30 15
2 81
2 11
2 96
26 36
5 26
28 66
8 65
2 84
3 80
8 24
13 26
12 36
22 86
25 53
24 47
23 45
15 5
15 41
10 15
2 99
12 100
5 65
25 19
13 6
17 23
7 72
4 41
12 75
10 97
27 34
29 100
2 76
3 62
12 27
30 5
20 31
20 33
30 66
5 98
17 53
17 70
26 90
11 23
25 5
13 79
14 48
8 58
3 19
16 15
23 73
3 55
18 21
9 81
24 56
1 96
28 57
24 26
23 30
2 1
6 30
1 46
28 62
17 55
2 66
8 16
26 77
5 78
11 94
1 19
22 63
25 90
25 56
27 4
19 22
23 55
9 81
5 14
17 38
20 57
23 38
28 52
26 96
7 63
29 35
3 26
9 16
12 47
22 71
24 28
3 74
27 74
5 24
21 20
22 71
5 48
30 24
20 95
6 99
24 89
24 43
13 68
23 35
19 4
21 60
13 84
19 27
10 10
22 28
