100
26 65
18 16
19 72
30 30
7 19
19 3
4 12
5 10
1 24
4 50
19 8
5 9
17 47
11 70
21 82
27 25
17 19
27 34
2 17
12 2
12 93
24 15
18 54
9 77
1 21
24 9
30 75
27 44
17 82
27 84
19 1
19 78
23 74
3 56
29 16
7 94
24 53
9 20
14 78
27 70
16 65
2 97
15 28
15 99
21 10
8 8
28 2
25 63
11 77
21 56
14 23
16 1
9 90
5 4
25 29
7 42
3 22
7 26
28 67
4 51
24 67
20 10
4 10
3 50
14 64
15 6
18 29
30 13
30 66
0 14
1 1
4 28
18 70
6 79
13 92
6 96
27 97
25 21
7 74
6 77
25 6
27 40
3 35
0 9
9 41
11 36
11 64
7 32
7 82
17 17
7 67
7 79
2 55
18 41
19 68
17 61
27 92
18 11
11 71
4 38
13 90
20 87
7 63
11 32
23 38
22 32
13 28
25 99
9 28
30 42
19 1
4 66
23 61
14 3
7 75
16 69
0 97
12 86
1 8
18 20
2 88
26 78
20 73
21 60
27 17
19 7
28 30
27 13
14 68
30 24
6 27
27 80
0 59
0 57
7 91
12 1
19 73
11 29
8 44
17 82
23 81
18 83
5 58
19 62
21 16
25 32
9 4
15 42
2 23
26 81
8 16
11 56
24 70
1 21
8 82
6 31
10 71
8 61
4 43
23 41
20 71
12 9
0 70
11 63
17 1
10 36
30 67
30 38
29 91
2 48
15 96
23 76
4 82
16 47
10 28
1 56
5 57
17 46
28 15
5 50
18 38
8 4
9 76
12 21
13 79
13 6
13 56
4 19
28 37
15 40
21 22
11 73
12 87
6 11
16 65
27 20
29 39
18 16
27 49
23 34
21 52
26 53
24 16
24 57
26 60
19 19
7 17
14 50
9 97
4 27
21 99
8 11
17 17
12 26
14 82
30 8
13 19
16 81
22 95
12 7
4 82
26 62
16 90
26 20
26 81
25 73
16 75
4 43
4 19
20 98
21 55
15 71
23 56
28 34
21 35
26 86
12 91
28 35
16 83
22 29
13 35
14 94
27 60
2 50
29 47
1 86
20 43
19 79
28 61
12 39
2 90
20 49
28 5
2 4
6 46
17 37
24 44
3 19
0 86
5 64
1 95
1 7
20 9
13 88
19 57
11 90
17 64
8 41
17 61
12 57
21 20
15 5
19 97
18 93
15 60
5 15
25 31
30 79
8 17
18 14
20 2
27 94
6 55
6 89
20 73
20 27
10 38
18 43
2 96
23 23
0 31
16 56
17 60
15 69
17 8
6 5
18 74
8 16
28 62
20 14
9 14
16 4
14 9
5 85
21 46
4 55
23 57
10 41
20 29
2 29
20 89
21 59
11 96
26 31
6 1
1 39
4 59
28 34
14 85
20 41
0 28
14 52
3 14
16 3
1 97
5 94
12 88
5 90
15 85
27 6
24 32
19 41
16 62
3 37
13 55
4 19
5 66
30 18
20 36
18 41
0 13
23 44
21 72
2 45
30 60
9 61
25 43
28 79
3 9
30 67
29 22
28 14
4 96
30 3
19 20
11 68
21 34
1 58
18 52
16 58
15 70
11 88
19 5
2 8
23 96
19 90
23 32
28 77
1 85
0 49
6 59
3 1
2 40
18 65
5 85
19 45
26 78
14 47
19 39
24 45
1 54
11 76
28 41
1 62
17 80
21 56
25 73
21 5
8 44
30 76
25 50
28 33
24 7
3 16
20 38
21 9
17 39
22 53
0 42
20 6
18 67
22 78
22 2
30 7
28 83
28 80
28 51
16 96
17 67
11 9
5 42
18 70
9 66
16 28
19 45
17 83
22 15
12 53
9 46
10 71
21 10
1 3
14 95
25 100
9 50
6 79
9 46
21 65
22 35
22 84
5 87
28 51
25 75
0 75
0 8
5 95
25 72
2 9
17 30
3 68
5 75
5 78
6 52
0 33
24 45
29 28
14 36
2 97
24 90
14 19
22 99
22 18
17 9
11 78
16 85
20 91
19 88
18 29
27 98
5 5
12 16
30 51
17 39
2 92
0 78
6 31
5 24
28 7
6 6
9 38
6 84
16 32
21 68
26 32
0 35
21 94
10 81
11 99
10 82
28 3
1 1
13 40
22 47
23 9
10 7
25 49
25 77
29 98
25 54
2 41
5 21
19 13
5 9
22 90
1 90
0 31
17 43
13 45
19 57
30 4
26 63
13 88
4 78
4 12
23 21
18 75
23 74
12 35
7 94
0 14
10 58
26 19
14 77
7 66
3 85
28 98
11 1
18 8
24 11
27 24
3 24
28 44
23 26
19 80
8 89
27 3
3 77
27 81
11 96
29 41
17 45
14 59
11 67
30 91
11 15
22 97
10 96
20 71
29 41
1 45
27 59
15 39
1 80
9 86
4 78
1 86
5 35
12 5
21 15
2 51
24 75
0 83
8 86
27 35
0 32
4 48
5 70
8 88
4 33
1 78
18 33
22 10
29 100
24 55
7 87
6 40
13 26
22 14
26 46
7 60
15 7
0 9
21 93
29 96
5 19
2 66
20 92
5 14
3 60
11 25
18 78
29 11
7 82
10 98
0 58
20 41
15 18
9 12
19 31
13 1
11 19
13 78
2 23
15 86
28 76
12 91
18 54
30 32
8 80
24 39
15 12
18 40
22 60
26 100
19 84
20 36
22 100
13 18
21 75
1 93
8 28
18 57
20 64
30 47
24 9
13 67
6 23
10 90
22 88
29 55
19 93
8 90
10 6
17 13
15 8
28 63
24 10
5 42
20 64
26 36
17 35
21 66
1 88
3 87
22 47
27 39
2 98
29 98
30 77
17 94
22 80
19 67
29 58
11 59
19 23
26 82
14 39
11 27
2 82
7 77
5 38
4 45
4 55
21 58
26 71
7 11
4 70
29 78
3 23
29 15
24 54
1 73
5 2
0 15
21 74
11 31
12 96
30 65
4 54
18 45
21 34
28 59
21 62
26 21
2 81
3 80
26 95
11 44
0 2
30 26
19 57
11 53
0 23
13 86
15 84
8 65
21 70
29 68
23 9
4 39
28 88
12 74
10 84
9 49
13 75
10 61
27 45
16 85
9 94
23 41
4 49
6 6
2 70
10 78
5 28
20 87
6 76
20 51
4 15
2 64
5 36
1 31
18 13
4 79
10 56
28 81
13 10
6 81
20 7
15 50
11 51
17 86
29 17
21 61
10 90
13 28
5 92
10 4
10 51
3 95
1 82
20 56
15 78
9 61
5 58
23 81
16 26
2 75
16 19
11 38
23 53
28 84
18 38
6 84
0 39
21 74
28 37
2 85
16 87
6 2
6 99
1 38
28 59
26 32
9 90
8 70
29 4
23 94
24 34
14 37
8 34
15 92
6 20
0 84
4 25
23 81
11 53
30 34
17 10
1 54
1 41
12 96
12 92
15 79
1 36
1 69
15 1
1 17
28 62
3 55
29 54
21 89
0 63
15 29
12 24
12 57
13 1
25 85
25 59
15 10
6 29
11 92
4 13
5 57
29 60
4 67
25 26
20 65
17 24
5 67
