100
2 77
0 54
15 25
9 65
29 67
7 83
9 26
4 54
0 48
16 48
22 13
17 67
28 78
27 12
27 61
22 39
18 56
17 47
28 21
10 7
11 26
3 2
22 63
22 68
23 31
26 97
6 35
13 6
24 13
20 63
22 67
17 54
1 77
15 52
14 10
25 64
16 95
26 16
17 27
28 39
2 18
16 60
27 16
25 67
11 25
2 49
12 79
15 55
23 70
18 85
12 6
7 48
11 58
17 36
20 61
12 59
23 91
25 39
12 99
11 61
21 77
23 11
0 57
18 93
25 73
24 29
29 18
5 85
28 4
23 11
3 15
12 4
1 63
8 77
1 46
0 42
6 19
13 52
1 1
16 41
16 51
26 92
3 75
12 39
18 84
14 27
19 90
9 91
3 70
17 42
22 39
8 74
26 7
18 51
29 75
4 87
16 39
17 97
20 76
20 41
30 94
15 5
12 64
12 3
7 59
19 25
15 43
4 25
17 23
7 42
4 77
6 21
29 33
12 30
22 70
4 4
13 54
18 7
9 34
27 100
4 54
26 86
12 63
4 100
25 71
12 18
13 38
6 44
4 50
16 60
26 69
14 98
17 39
14 70
7 96
1 11
26 52
1 13
19 77
9 21
30 66
21 24
10 8
2 8
27 32
25 93
24 63
4 85
17 19
18 16
20 32
23 24
19 93
24 79
7 12
14 55
9 69
4 23
15 34
2 76
18 21
3 59
24 81
10 19
24 81
27 26
0 71
30 25
25 56
17 76
14 38
2 36
16 95
10 30
16 98
9 85
18 36
11 87
30 90
29 44
4 13
19 59
5 74
5 7
21 37
5 83
26 92
14 97
5 1
23 92
13 55
28 62
11 62
7 5
23 32
3 4
1 43
26 7
1 14
7 59
18 1
2 34
15 91
11 58
26 45
18 1
2 5
9 33
22 87
29 9
29 96
14 2
8 18
16 80
28 95
3 39
3 89
8 77
24 68
6 80
1 98
21 27
19 33
14 20
5 14
23 94
0 1
11 29
6 12
4 14
21 25
3 80
8 20
24 77
2 14
1 83
0 8
11 26
26 83
26 57
8 53
25 20
21 58
8 47
15 56
4 64
10 32
21 53
29 95
0 92
6 42
23 83
5 51
7 25
21 15
16 11
12 94
4 49
11 4
6 6
24 51
6 26
14 14
28 33
21 10
2 1
0 97
8 3
7 14
16 24
21 12
21 42
2 96
13 19
27 46
10 52
24 77
6 36
2 48
7 16
2 31
15 90
16 60
22 31
0 50
24 85
19 75
19 33
15 34
17 98
1 94
8 36
29 43
19 55
0 74
2 6
6 90
15 76
29 70
6 73
28 87
9 39
24 26
18 40
28 94
25 75
27 59
0 72
11 70
19 80
14 77
15 48
16 28
22 32
21 65
25 98
26 46
16 80
23 72
25 11
10 60
12 15
21 60
6 67
20 72
5 99
19 20
12 61
25 10
6 20
26 82
25 66
13 40
2 98
19 83
4 49
12 56
10 50
22 12
9 72
19 77
29 2
20 96
23 76
2 24
17 85
16 19
11 4
1 33
5 47
9 53
16 12
28 36
9 75
17 49
13 41
10 53
9 83
12 26
5 93
2 23
2 9
26 44
19 83
29 72
25 45
1 57
6 18
25 57
0 9
20 15
4 79
1 42
22 25
16 22
19 95
19 59
20 90
26 80
19 91
6 39
24 36
10 79
8 76
19 48
21 66
1 5
6 60
17 53
26 56
26 79
26 27
12 54
11 56
27 5
4 41
2 55
20 36
2 69
16 89
30 42
13 43
18 14
26 50
23 46
5 16
3 64
18 33
3 74
13 100
13 12
14 65
30 95
10 89
0 49
16 53
23 15
15 6
20 28
22 33
8 4
17 21
29 97
25 89
7 55
29 46
18 59
5 91
20 4
3 54
25 34
13 89
18 83
24 100
21 87
9 8
15 79
1 30
14 59
13 7
27 16
20 69
2 29
30 64
11 48
29 85
15 20
30 75
5 88
1 89
6 68
19 100
12 82
12 61
1 56
9 40
12 85
22 6
29 76
16 50
3 84
12 26
8 78
11 36
21 23
6 36
14 100
15 42
17 46
29 32
1 38
10 29
3 50
25 41
21 54
6 62
24 75
27 29
7 2
27 54
15 92
12 44
12 38
23 59
21 80
19 46
4 16
6 44
13 82
12 2
19 30
27 45
29 89
5 90
0 51
21 32
4 34
26 14
20 99
2 74
13 65
3 59
4 30
5 56
0 10
9 87
11 15
30 53
2 58
19 62
27 88
26 59
6 97
25 90
14 78
21 35
8 12
24 39
5 86
4 90
17 79
17 98
21 65
5 39
8 97
17 56
24 37
0 83
5 54
25 41
15 33
15 82
8 36
19 97
6 58
26 42
16 18
28 14
24 35
4 24
15 40
2 23
6 94
12 29
2 8
25 97
8 10
6 95
10 60
26 46
10 37
24 77
7 28
17 87
27 66
30 29
11 26
29 85
12 80
27 58
0 66
24 55
6 68
2 10
10 7
21 73
29 70
11 78
29 63
27 87
20 47
20 72
6 10
27 19
5 26
5 19
21 67
1 39
6 88
14 24
0 19
17 64
19 17
12 84
27 42
0 69
29 64
0 31
1 67
24 50
23 49
1 17
15 11
3 32
25 68
2 77
13 52
30 11
6 42
28 51
29 9
16 20
2 93
13 33
3 88
11 17
4 10
20 27
5 7
8 54
11 65
24 37
24 2
19 27
6 31
28 75
16 48
11 2
17 87
20 66
5 27
4 50
10 71
24 97
11 3
3 88
11 50
26 17
28 77
5 16
29 23
15 22
30 17
16 2
27 7
21 50
7 58
9 82
11 84
17 79
18 92
24 16
29 98
27 61
3 89
21 67
26 60
14 6
29 11
19 22
12 24
1 66
6 62
9 33
14 22
3 97
8 11
9 85
15 58
24 22
15 26
0 2
19 6
24 92
8 40
6 93
14 17
13 97
6 9
7 14
14 46
25 17
7 96
13 83
29 80
11 11
2 56
22 88
20 36
15 5
7 31
4 13
0 80
30 64
25 7
13 92
6 54
6 44
5 84
23 54
16 63
5 79
2 87
5 76
5 28
25 68
16 69
26 8
22 79
15 67
25 53
3 67
18 52
26 14
17 100
27 32
20 8
5 79
1 56
17 62
13 99
4 18
4 100
1 48
19 98
7 7
9 40
2 51
6 86
20 99
30 19
15 96
26 55
2 33
27 94
14 36
1 13
23 96
7 34
16 38
12 9
30 95
16 84
12 76
27 14
19 98
15 42
22 60
16 94
28 48
19 30
17 18
10 22
10 57
10 100
8 63
26 59
24 26
23 88
24 42
6 52
7 2
9 5
3 84
13 67
19 67
16 5
21 96
10 86
25 68
27 77
12 56
30 52
4 14
16 30
14 9
2 18
20 20
21 65
7 69
28 49
13 37
30 72
14 84
4 45
25 83
14 44
29 87
11 88
24 97
10 94
13 25
6 41
25 35
8 62
16 76
0 48
8 22
18 45
13 73
16 3
12 5
14 45
29 49
2 71
17 24
17 59
7 4
22 25
11 62
