100
17 35
6 66
25 73
24 1
24 91
15 81
1 68
15 7
20 2
8 90
24 12
7 42
8 68
16 44
1 52
21 59
26 55
26 46
27 62
27 72
25 76
11 30
4 99
1 7
17 100
25 93
28 91
14 6
0 32
27 21
14 93
14 66
15 86
22 26
23 90
4 46
9 66
19 24
14 36
29 64
11 88
20 62
6 35
29 11
17 74
19 95
30 72
3 91
10 86
7 30
5 27
8 1
2 51
1 55
10 79
10 90
5 83
26 69
3 25
20 58
17 53
12 20
9 67
8 99
4 33
18 54
10 21
20 39
16 96
0 18
2 92
28 11
30 44
14 17
17 25
7 12
28 2
14 9
24 95
18 34
9 9
12 89
30 16
10 65
23 57
15 6
15 70
16 23
2 90
15 74
28 8
4 11
0 84
2 54
11 1
26 61
4 91
0 90
28 41
25 74
18 29
12 56
2 89
23 59
6 85
8 75
22 96
15 71
20 35
29 5
1 79
14 21
13 62
3 93
29 71
13 14
6 26
10 43
19 92
30 45
27 15
22 18
10 78
8 63
27 28
18 16
28 84
25 55
17 15
4 70
28 54
15 50
5 90
2 24
30 78
23 70
0 33
0 84
18 10
6 85
8 9
18 52
20 70
19 76
15 50
18 82
24 23
4 56
24 70
17 50
2 78
30 90
27 45
1 10
7 26
27 37
13 31
0 94
3 68
15 60
22 59
19 81
11 97
20 99
14 63
4 28
13 78
24 10
20 56
13 32
17 30
26 59
0 85
11 89
18 87
11 93
13 8
3 29
24 32
6 79
8 23
28 43
12 54
5 6
17 40
7 48
8 39
5 4
15 55
18 23
8 91
21 65
16 96
5 7
15 93
29 39
28 71
1 92
27 40
7 79
7 22
19 10
3 87
25 62
9 80
10 38
13 37
22 69
0 92
7 92
8 70
2 24
7 13
14 24
17 82
26 41
22 84
4 37
29 13
1 35
7 25
29 28
15 64
22 67
26 14
22 89
2 85
17 26
4 78
24 14
20 93
8 44
12 18
2 46
10 57
17 21
29 86
8 35
23 99
24 87
17 92
21 21
26 83
13 68
1 88
3 39
3 38
6 55
27 46
18 67
1 14
22 43
13 17
1 68
9 51
16 64
22 1
24 26
13 31
12 11
2 24
10 26
11 18
6 20
15 66
22 71
11 29
24 66
1 93
14 38
16 19
2 75
1 89
23 39
8 74
15 53
24 30
7 50
16 11
14 75
4 55
17 69
30 78
15 80
26 4
17 47
0 48
13 44
18 70
12 58
29 45
25 6
3 8
28 53
19 100
8 70
20 36
21 82
29 47
10 76
16 37
30 19
17 79
27 20
22 68
11 19
23 53
10 5
19 32
21 65
20 5
11 14
25 25
12 25
9 86
6 86
16 61
20 88
24 21
18 60
30 63
14 30
24 41
18 16
26 51
3 3
8 11
9 61
26 72
4 7
22 5
0 90
14 96
0 68
1 88
9 76
10 6
6 72
2 97
19 82
1 100
30 69
22 95
29 63
21 23
29 2
12 30
3 22
4 12
23 39
17 56
22 42
26 25
2 75
6 35
17 17
13 97
13 31
13 49
26 5
9 55
6 11
2 39
8 10
3 92
10 52
3 76
17 71
13 95
21 76
25 7
28 43
23 86
7 19
11 12
8 85
13 22
19 16
11 99
4 44
13 14
30 33
26 2
26 28
17 74
5 49
15 35
4 93
19 17
11 63
26 98
18 29
16 93
28 47
6 17
20 31
13 81
17 9
7 30
10 4
13 85
8 18
0 62
20 32
13 35
0 95
5 27
16 56
8 90
9 67
20 80
8 29
4 37
14 83
8 90
30 38
23 14
4 63
8 50
23 49
1 35
5 88
9 6
29 88
2 46
26 62
11 41
3 19
13 70
8 50
28 19
17 61
29 72
7 87
8 21
6 80
10 6
18 88
8 48
25 5
1 35
26 56
0 67
15 28
24 57
30 89
22 28
26 1
29 13
7 43
22 39
26 77
5 89
26 52
23 1
2 42
16 65
23 42
1 12
21 16
8 12
29 31
27 43
1 59
30 7
6 78
30 57
5 59
10 18
26 68
17 93
14 37
24 64
10 17
21 7
14 13
20 11
8 34
0 77
0 69
2 74
3 95
30 4
17 9
27 10
24 49
14 30
4 94
17 41
17 100
7 76
19 60
5 23
2 4
17 7
22 11
14 90
22 46
16 44
7 74
9 94
2 96
1 29
10 70
18 92
4 70
15 58
13 32
21 19
30 90
20 28
3 50
20 91
22 67
1 10
4 8
10 70
8 92
12 74
11 45
12 43
16 26
24 50
16 75
13 37
7 88
19 93
21 78
21 66
14 18
20 20
24 46
29 38
18 4
17 69
15 36
8 64
1 33
10 79
25 53
19 61
11 85
14 61
2 87
20 23
5 6
30 39
8 70
25 90
5 91
1 13
27 18
27 48
12 87
13 86
30 62
11 89
30 88
19 26
16 70
13 35
28 26
1 26
5 14
6 23
5 67
2 45
2 66
11 39
21 42
30 53
18 77
15 44
13 77
30 51
18 45
4 66
8 19
4 91
19 98
10 36
5 86
17 39
29 75
6 21
2 63
26 8
24 47
26 14
12 47
0 23
27 85
5 93
20 30
4 25
8 18
23 35
10 65
0 35
26 49
2 46
2 49
14 96
1 61
29 12
21 21
26 61
24 86
19 76
27 95
10 20
7 53
12 61
6 10
22 94
22 97
22 82
16 99
7 72
27 80
28 90
16 94
3 18
22 7
2 76
5 41
5 16
19 32
8 68
7 29
6 54
12 58
1 68
4 42
24 100
3 79
23 34
0 19
11 88
6 7
30 29
4 97
29 18
17 39
25 52
20 41
17 64
10 99
1 54
9 16
9 39
21 27
2 49
11 1
0 30
17 38
15 67
12 2
18 70
27 68
3 39
7 16
5 58
24 7
14 90
2 33
9 30
5 85
21 42
7 93
16 68
7 89
2 30
23 48
25 3
24 6
10 83
1 6
20 78
29 19
20 54
24 59
17 72
26 54
26 90
27 55
17 81
27 60
14 79
18 78
30 93
14 32
8 74
7 96
11 25
1 100
15 21
14 31
12 6
3 97
18 46
23 57
13 13
10 49
15 8
7 51
30 4
11 48
28 17
16 77
1 10
22 34
5 12
24 96
8 74
14 100
5 94
2 17
9 54
26 87
4 9
7 9
17 37
16 8
12 21
13 31
15 47
26 27
15 67
21 78
3 77
19 24
18 34
21 87
13 73
15 3
13 17
20 20
26 47
6 56
2 12
25 61
22 78
23 65
20 17
21 72
19 76
2 83
30 100
1 26
6 69
17 93
13 40
6 25
4 20
20 99
4 24
14 80
15 50
9 31
0 58
2 48
11 98
0 31
18 68
0 94
7 72
0 43
0 48
5 31
11 50
3 45
28 31
14 27
27 57
13 2
1 51
17 83
1 56
5 71
27 91
13 15
12 47
23 58
16 96
28 18
24 35
15 45
18 91
24 78
23 44
26 80
8 52
10 59
1 7
17 71
11 48
9 41
7 7
28 42
