100
1 32
5 98
0 6
20 60
2 17
30 8
25 35
18 100
1 64
5 60
23 60
26 15
27 5
0 48
18 62
6 31
9 64
27 61
26 43
22 1
26 11
10 64
20 93
18 69
29 94
13 89
2 76
16 68
1 80
30 76
6 13
10 84
24 18
6 99
23 77
9 39
22 7
8 55
17 57
4 67
2 94
17 1
5 85
16 1
28 19
19 37
3 100
16 10
28 44
4 57
11 25
12 39
18 21
10 25
21 65
3 19
1 95
8 98
27 86
14 45
12 58
5 32
26 63
6 45
3 35
2 54
12 47
22 14
3 89
28 55
2 47
26 20
22 93
14 38
2 98
0 36
25 89
25 23
22 92
24 71
7 14
5 71
17 81
19 81
6 40
7 49
5 69
5 75
7 38
27 16
5 54
27 20
1 96
2 70
2 61
1 23
18 78
5 45
9 69
30 86
27 35
13 75
8 96
5 20
12 92
0 43
12 41
0 70
24 37
9 13
29 95
10 43
1 36
8 77
18 35
8 29
27 98
10 14
14 35
1 28
9 52
29 83
18 57
18 82
27 65
25 28
1 64
27 30
13 76
10 12
10 53
28 37
15 40
16 80
29 12
13 63
1 80
27 38
28 38
29 79
23 26
24 11
2 33
27 86
13 36
5 88
22 77
29 31
3 89
8 85
12 29
28 27
15 76
17 87
18 31
27 15
29 41
9 75
5 88
0 16
8 20
25 89
12 17
6 27
11 89
6 60
17 4
22 66
29 76
4 74
5 75
15 73
21 65
23 85
14 93
13 18
15 50
24 25
26 43
22 36
25 11
10 77
9 10
15 71
17 45
24 77
25 30
19 51
23 3
25 87
29 28
12 67
23 87
9 43
24 49
11 34
25 99
3 41
15 64
18 6
29 54
24 70
2 46
5 96
23 57
21 60
23 65
27 1
4 76
25 83
25 81
12 66
13 75
11 75
27 95
8 69
22 9
15 32
10 88
7 91
22 8
27 86
22 89
25 84
7 94
11 50
10 99
6 25
1 10
30 61
22 37
5 97
21 49
27 98
2 13
29 72
6 93
18 6
4 74
15 39
29 66
9 30
4 46
2 75
9 19
25 66
9 23
1 63
11 66
23 68
9 81
10 91
5 62
11 20
2 25
14 100
8 53
11 11
2 38
15 38
26 20
28 80
17 76
12 74
29 58
21 75
27 26
12 18
0 78
2 84
19 82
21 29
24 16
21 85
18 72
3 8
9 13
3 99
12 21
7 41
15 64
10 88
2 1
29 22
6 91
26 15
25 89
29 33
17 81
9 88
19 34
27 99
1 46
13 58
9 66
18 10
21 11
6 18
0 52
25 47
18 20
3 97
2 94
23 34
10 83
13 80
24 93
18 79
11 61
9 28
17 98
7 83
8 64
18 31
16 53
25 67
16 36
25 24
18 73
12 3
21 78
3 25
16 82
6 80
15 24
30 78
13 49
8 18
10 87
28 12
2 11
28 28
14 99
22 10
11 23
30 96
13 65
5 7
9 79
11 47
5 52
11 47
20 30
0 88
20 51
2 49
20 66
15 59
22 21
2 25
29 11
29 88
5 43
14 75
7 29
19 38
8 27
25 22
9 3
20 66
8 29
5 79
9 79
13 42
7 95
13 50
13 68
1 95
17 72
27 87
3 30
1 63
9 14
28 42
7 48
2 65
12 95
15 29
8 73
4 4
6 20
29 13
6 57
0 99
17 8
29 79
13 13
26 57
15 56
2 33
10 49
0 80
23 92
10 62
5 87
1 58
13 7
12 5
26 33
2 73
18 30
24 74
1 75
6 70
1 35
24 98
20 87
21 78
0 97
29 92
5 2
2 48
8 12
10 2
14 22
17 14
14 47
30 1
25 37
21 15
24 34
12 89
0 46
20 12
11 85
10 98
6 32
5 70
30 99
23 4
19 18
25 47
19 90
3 30
15 25
30 41
6 94
25 44
10 78
9 66
13 15
6 13
26 60
30 37
11 35
2 92
6 91
21 49
2 49
8 37
16 61
15 87
22 71
13 81
6 59
23 60
22 56
11 98
28 90
2 28
18 94
24 5
29 83
4 42
28 62
30 76
6 42
15 33
1 97
25 49
25 48
23 35
5 9
29 57
10 42
2 38
11 61
17 100
28 82
15 88
4 16
19 69
17 75
18 86
4 60
28 20
19 48
5 92
13 32
13 21
14 60
24 87
13 54
9 90
1 15
17 73
10 79
17 1
27 36
20 55
14 3
7 49
12 70
25 74
20 72
21 53
8 24
30 68
30 86
16 19
28 57
25 35
0 87
20 34
23 39
8 86
22 15
11 6
25 88
1 53
23 24
4 71
6 12
26 38
16 22
0 38
2 99
19 35
3 4
4 65
26 65
16 95
3 35
10 2
27 26
16 43
27 80
7 73
1 93
17 76
6 70
2 67
15 81
17 96
7 34
0 60
5 10
2 78
1 63
22 58
11 21
22 51
1 95
7 87
28 52
11 48
25 7
27 12
4 81
15 22
25 54
27 82
10 19
28 2
18 86
11 80
2 25
25 3
28 43
14 60
9 41
14 60
2 14
28 24
7 29
4 65
8 21
17 6
15 37
8 36
19 64
27 9
17 91
4 63
19 10
12 5
17 25
24 94
22 38
25 15
18 87
21 23
26 56
29 100
16 41
8 51
8 97
1 65
20 71
3 96
14 19
4 42
17 98
7 60
0 61
19 79
9 11
14 66
1 67
26 99
16 85
9 76
23 72
13 53
23 65
2 35
15 45
20 44
2 47
30 56
22 69
15 1
8 92
4 59
20 64
15 97
12 71
18 28
20 26
4 65
11 51
30 8
1 96
28 50
9 76
28 56
1 6
30 33
8 74
10 70
27 99
23 13
6 66
23 21
7 4
28 33
18 71
23 10
21 44
17 100
4 74
9 2
23 23
9 68
1 70
0 76
9 9
4 93
21 75
27 18
5 52
11 93
22 2
25 67
11 45
19 50
9 19
3 42
0 48
10 55
18 88
8 37
19 95
10 62
8 71
26 20
16 28
30 6
14 50
21 57
13 66
26 28
24 95
22 3
27 16
3 58
17 23
18 15
15 72
14 58
11 91
12 12
10 53
13 23
13 28
5 68
1 86
15 71
26 83
22 68
15 71
17 8
25 78
28 8
1 31
16 59
4 100
20 57
22 59
8 30
2 49
24 57
23 18
19 73
30 96
5 56
1 60
3 53
10 83
23 98
23 6
22 89
29 90
5 49
2 92
30 33
3 27
14 46
25 99
11 91
19 86
18 56
30 15
27 96
28 74
1 20
29 27
20 52
27 31
27 54
25 54
29 77
1 63
25 98
10 87
7 98
2 37
13 62
27 10
22 82
5 48
6 7
16 48
5 40
27 98
1 30
14 10
20 39
11 52
24 30
15 53
0 52
28 59
8 15
0 68
25 71
9 73
25 44
24 64
2 1
20 58
20 8
23 18
19 23
9 61
7 39
14 96
25 63
30 49
30 46
10 44
5 30
25 39
28 27
30 53
11 70
1 76
24 9
1 2
7 35
24 56
27 56
25 49
16 34
17 59
20 29
20 68
8 53
20 38
22 37
