100
8 95
15 32
23 32
8 26
14 76
27 86
21 4
29 82
10 11
26 71
24 16
27 70
14 55
11 33
2 26
5 9
12 82
10 36
22 88
18 67
0 99
25 42
30 68
26 18
15 78
6 90
20 61
11 91
22 100
7 70
17 70
10 11
28 84
12 79
15 40
5 99
19 30
14 53
4 63
5 40
2 56
4 61
2 34
27 12
6 95
8 59
8 98
20 45
17 23
5 95
16 74
7 66
13 62
4 100
2 72
29 15
29 98
14 6
15 62
26 67
3 90
13 87
0 96
6 100
11 31
27 61
6 88
18 74
23 84
2 9
28 83
21 34
18 3
20 21
9 35
18 63
11 34
8 46
4 71
22 40
0 51
5 32
23 30
18 49
0 81
1 10
5 36
24 15
7 6
3 45
15 73
23 7
8 34
9 45
20 99
23 68
18 5
20 42
1 52
2 65
16 72
28 42
27 27
24 15
14 18
30 28
16 69
18 13
11 79
23 21
26 6
15 86
11 94
28 26
18 63
30 57
9 41
10 95
21 33
8 49
18 72
14 67
21 54
14 31
13 93
22 78
22 66
23 82
18 93
23 56
20 57
24 4
14 90
27 13
28 91
24 36
4 23
16 88
22 56
10 68
11 15
5 80
27 98
14 72
24 77
27 48
21 45
0 82
12 15
24 75
9 55
16 32
15 21
28 98
23 13
5 60
25 42
20 60
2 44
22 88
16 18
18 36
1 47
9 18
7 39
9 91
18 92
24 30
29 66
4 56
10 44
29 7
9 83
8 3
11 38
18 77
21 100
1 8
22 21
4 85
30 22
14 58
26 76
28 28
12 48
14 52
12 25
15 66
20 95
15 17
9 10
3 64
26 30
6 29
8 69
9 35
21 45
5 52
2 47
16 12
30 31
4 93
14 99
14 19
8 47
1 68
22 98
21 66
29 72
19 80
6 98
22 53
6 84
14 23
24 42
16 51
18 60
29 17
26 85
15 18
13 68
11 85
26 10
14 99
18 54
11 39
7 85
12 22
20 45
19 12
8 73
29 79
10 40
10 31
6 18
12 63
13 6
23 47
2 76
21 92
4 2
14 98
26 65
2 79
30 38
18 54
7 44
28 6
11 8
4 73
7 21
21 65
15 15
27 3
24 86
6 83
25 92
7 47
6 75
30 15
10 16
21 27
11 47
26 44
26 94
30 30
5 34
29 23
23 47
9 38
10 62
23 83
27 5
1 3
15 7
1 35
26 93
6 27
25 8
24 50
13 26
22 77
28 94
3 75
10 72
30 43
25 16
16 43
18 91
19 65
16 22
14 12
19 7
12 70
25 35
9 38
26 7
7 52
15 34
5 87
10 22
7 76
26 94
7 89
0 4
29 54
26 31
5 97
13 94
23 36
2 66
23 4
4 91
26 53
2 75
28 30
16 80
14 97
25 17
1 13
1 4
18 12
0 81
5 17
7 7
27 19
16 87
7 35
2 6
0 10
14 37
15 19
1 34
13 94
30 52
18 61
30 87
4 24
17 29
5 86
14 27
14 51
12 6
2 75
9 74
24 61
2 78
26 44
6 39
25 60
8 45
29 29
22 47
8 14
20 95
11 3
14 33
17 66
15 35
23 73
0 55
27 14
4 40
18 32
5 30
0 68
4 41
11 48
11 77
21 15
23 32
19 76
30 70
5 34
1 98
24 58
2 44
7 7
1 99
27 87
9 89
9 87
24 4
27 90
3 94
17 50
30 21
2 98
24 20
11 94
27 25
14 100
20 27
25 51
5 31
7 39
24 50
30 37
20 50
6 69
17 88
24 64
26 68
12 57
14 13
7 66
22 54
30 97
12 3
16 51
14 78
12 14
0 26
22 24
29 79
13 76
21 72
5 84
14 87
10 28
16 88
4 62
22 23
22 68
26 42
13 19
12 58
2 54
0 77
16 8
27 65
6 3
11 75
28 80
20 65
5 21
0 71
15 90
14 30
2 45
26 65
25 43
1 8
19 82
18 28
21 86
1 57
1 50
20 10
13 53
4 37
6 95
3 27
0 72
2 33
10 64
17 15
3 99
15 10
26 93
15 39
4 18
20 66
27 22
16 60
7 84
25 99
6 54
2 23
5 84
8 37
6 45
5 62
17 83
21 30
12 58
16 2
8 7
6 82
6 56
16 26
1 96
27 15
10 54
4 19
11 58
6 40
26 1
12 53
13 59
4 59
18 1
20 63
8 54
7 20
13 16
14 67
29 40
29 4
6 35
8 93
27 69
6 36
16 15
27 76
3 49
12 80
25 11
5 24
29 26
6 46
19 87
13 6
24 100
19 4
25 21
9 96
2 14
20 6
19 39
29 1
29 100
4 76
8 18
24 11
24 85
0 76
26 9
4 89
29 61
30 34
22 68
1 82
5 20
17 65
12 47
27 15
14 10
10 95
28 81
18 93
24 92
21 81
27 34
11 31
7 73
22 87
19 4
7 39
20 20
21 68
15 10
18 19
28 78
16 72
17 92
17 87
10 42
6 91
25 7
8 81
5 96
12 26
22 30
9 92
28 35
30 99
11 69
14 20
23 71
15 58
14 84
12 21
13 34
11 56
17 99
2 33
18 96
11 85
10 71
23 25
20 86
5 58
16 82
5 58
18 89
22 93
5 76
29 20
29 30
21 92
11 21
5 62
26 8
28 43
16 92
21 98
10 95
30 33
8 21
20 43
12 93
24 74
29 15
4 67
19 64
5 66
16 80
6 2
28 25
21 47
4 62
1 71
8 50
0 12
30 58
26 32
4 89
22 77
9 31
6 72
20 29
6 2
1 12
27 48
1 39
7 70
28 82
21 45
14 87
29 71
7 96
14 26
14 40
18 90
22 85
17 2
18 93
7 32
3 60
29 69
0 56
8 29
12 23
29 2
6 87
26 3
24 52
10 29
10 1
6 5
28 76
4 31
11 58
11 94
24 23
19 13
3 61
14 79
11 47
20 74
14 62
9 10
19 7
30 85
23 31
5 34
13 18
15 3
2 41
0 40
22 76
20 22
19 50
2 53
24 38
5 54
13 55
16 50
11 37
1 7
28 40
0 40
24 34
20 7
5 22
10 59
23 89
30 71
2 76
6 93
26 5
0 15
2 90
0 46
25 97
30 81
1 93
25 26
2 81
17 42
27 89
25 74
6 24
3 90
11 16
20 6
0 14
29 79
20 26
4 63
9 76
8 58
10 67
21 8
8 98
12 55
11 38
20 50
17 66
9 79
24 67
30 71
21 39
30 45
3 4
8 78
7 87
11 14
10 60
1 52
4 35
12 63
11 87
9 58
17 96
10 46
29 99
16 76
20 84
17 46
27 5
2 31
21 46
23 85
9 66
21 66
12 7
4 69
27 81
19 6
27 11
1 92
2 64
29 68
13 11
28 56
11 60
17 73
15 17
1 9
27 52
23 87
9 27
30 58
7 97
9 60
19 93
17 84
16 52
26 93
15 29
23 76
6 1
15 81
4 56
19 6
20 54
22 46
15 41
24 36
10 27
20 85
16 78
23 12
3 11
21 25
17 52
10 70
13 14
9 78
3 41
5 15
24 71
9 84
15 96
4 65
23 68
21 20
21 93
