100
4 21
14 29
12 97
20 36
14 84
8 79
12 75
14 54
15 1
30 88
27 27
7 60
23 56
20 55
2 94
14 10
3 13
5 49
19 64
11 57
20 64
7 20
27 83
10 65
9 87
8 36
17 93
0 30
23 11
0 77
22 31
3 12
6 62
20 65
0 90
14 92
13 53
10 48
11 12
1 1
11 5
30 91
5 50
15 7
13 93
30 90
7 72
14 47
1 74
27 79
30 42
29 66
8 30
21 73
14 86
1 11
25 100
2 45
0 54
1 44
30 13
30 20
1 46
6 86
29 34
25 95
26 49
17 85
4 22
15 78
15 74
29 27
20 38
18 26
18 83
8 94
0 4
21 41
9 91
3 65
27 94
15 26
9 64
27 26
9 2
5 26
10 65
27 62
4 50
0 26
0 38
4 70
27 36
2 22
27 54
3 40
15 38
21 96
13 42
2 95
29 77
24 57
10 75
18 12
1 47
3 77
27 69
3 47
27 29
8 30
30 85
5 21
29 48
13 75
2 58
4 56
25 41
16 24
9 82
1 5
1 24
2 58
8 88
10 43
1 15
8 12
12 34
17 50
10 4
24 16
20 62
20 98
3 2
17 28
30 9
9 9
30 72
3 6
6 59
6 70
10 51
16 73
26 7
28 51
16 92
6 85
0 87
24 93
17 88
25 64
19 78
27 94
13 48
24 52
23 37
1 68
22 46
22 15
28 72
25 100
0 53
30 49
3 11
13 20
3 76
22 63
20 19
16 8
28 35
6 15
9 46
25 70
1 56
21 75
5 82
2 100
25 71
27 71
21 100
17 34
19 11
5 55
23 79
7 68
28 14
23 30
7 30
14 24
16 13
0 69
26 14
27 38
0 73
22 45
8 93
2 22
7 32
13 7
20 65
25 3
13 29
22 1
21 53
7 15
21 25
18 92
28 95
2 87
3 77
28 18
4 42
24 80
24 62
5 7
24 63
26 53
9 17
22 99
0 26
1 96
9 88
25 38
6 9
19 92
7 33
26 22
5 80
24 84
22 93
23 67
29 33
9 62
21 14
12 34
16 61
2 67
8 50
14 64
2 54
5 11
9 24
8 33
10 74
30 67
13 44
17 57
12 100
0 79
22 4
7 35
7 55
5 55
4 46
30 92
11 15
12 62
2 11
9 100
28 67
8 87
28 8
27 1
11 79
10 78
5 52
9 8
18 20
10 72
8 21
5 23
23 4
22 41
20 46
26 85
26 77
16 62
15 56
5 34
0 98
0 65
21 70
11 33
10 20
27 35
16 41
22 25
13 45
24 89
13 18
2 47
11 21
15 8
15 16
3 8
4 64
16 7
26 26
16 11
20 8
10 38
0 41
24 24
26 28
6 54
24 14
2 19
0 62
5 28
14 64
27 48
17 90
4 30
13 48
6 34
23 24
17 67
0 97
8 12
12 20
20 9
24 80
7 29
23 23
11 70
4 97
20 47
4 18
13 8
17 9
14 73
29 75
19 56
23 94
4 98
29 52
0 63
16 7
17 70
27 87
8 51
23 12
5 49
27 91
21 89
6 22
15 34
17 17
11 52
4 78
0 41
27 35
30 24
3 96
10 73
21 93
6 88
20 9
19 9
11 21
28 40
7 19
23 5
11 85
3 27
19 68
0 96
1 46
22 50
16 43
16 26
9 14
12 33
25 21
7 55
20 6
5 66
23 50
10 94
26 81
15 64
17 87
10 46
7 97
21 74
12 66
27 17
16 92
10 10
23 4
15 88
4 82
21 2
28 55
11 10
26 5
8 15
12 56
13 82
1 89
25 100
17 32
22 18
15 47
5 32
1 46
29 12
26 89
24 76
25 30
13 91
30 69
23 89
27 46
21 19
19 14
26 51
18 93
26 50
13 68
25 63
28 16
14 1
21 60
17 98
11 77
25 77
7 20
27 28
13 38
22 78
25 81
28 66
11 45
2 58
22 65
16 14
10 61
11 97
10 73
21 41
10 74
14 97
6 75
7 88
24 55
9 94
6 2
6 89
0 91
21 2
6 83
4 54
15 65
26 85
28 90
28 27
8 43
11 73
17 82
12 38
26 2
6 16
2 3
0 90
13 73
29 3
13 22
27 95
18 51
20 48
2 35
5 10
17 46
13 36
6 47
0 14
26 82
24 71
24 23
4 23
5 17
25 73
23 17
27 13
22 51
3 56
14 74
11 91
14 19
6 40
23 22
16 50
25 84
30 57
25 21
17 18
15 38
23 87
12 15
27 79
2 30
17 97
12 25
29 82
1 2
21 1
6 29
2 12
20 78
12 40
2 76
7 24
27 13
28 46
19 60
24 18
4 2
6 80
25 35
13 87
22 18
19 53
7 28
22 69
22 34
14 9
20 31
12 51
1 59
18 41
5 95
10 66
30 94
27 31
23 30
25 63
1 47
0 40
16 18
14 74
20 86
25 78
1 61
9 68
13 98
11 83
11 56
30 37
19 23
13 17
30 89
26 64
22 30
7 89
2 47
0 41
2 42
22 55
21 4
6 99
28 22
29 94
5 89
17 85
23 39
27 53
6 64
18 84
29 12
2 7
30 55
19 20
12 58
30 81
9 98
6 56
0 93
16 80
4 92
26 77
0 91
22 81
19 90
13 65
19 78
12 15
6 37
21 8
15 81
22 18
25 42
19 93
30 94
24 83
29 34
28 65
26 91
14 31
12 32
23 21
30 90
22 62
0 11
6 91
0 91
16 34
3 31
11 17
14 38
30 55
26 43
19 23
19 6
5 60
29 32
21 16
16 75
30 44
28 50
3 79
25 80
10 79
0 24
28 23
28 78
22 22
16 9
13 14
12 54
16 55
27 16
6 7
18 82
5 93
21 75
17 52
3 30
15 87
30 17
19 7
12 77
0 55
2 63
7 53
25 71
7 27
4 42
13 84
13 27
24 98
27 60
5 87
8 59
7 46
18 19
19 5
26 51
17 55
25 64
7 39
17 93
20 79
10 10
4 96
11 92
6 13
29 42
26 37
9 95
13 11
1 70
4 51
21 44
26 36
0 11
17 87
21 56
19 13
12 51
18 60
5 63
9 41
3 6
30 69
20 19
20 19
4 32
20 34
5 68
8 30
15 10
8 38
16 36
4 3
4 72
16 78
26 16
8 3
1 22
9 43
25 44
30 58
10 57
6 65
8 23
11 26
22 52
30 15
6 46
13 59
21 86
9 58
23 85
28 87
26 43
17 80
11 46
9 2
29 20
2 40
2 57
26 40
19 16
10 81
20 24
10 31
29 37
13 87
18 14
4 23
23 17
15 41
13 31
28 70
25 2
7 67
4 99
29 37
1 25
24 83
19 66
29 26
22 35
11 71
21 46
3 90
8 94
22 52
13 98
24 74
27 15
14 87
7 99
6 77
22 84
21 16
8 54
16 33
5 2
18 9
23 17
25 38
21 6
0 23
13 59
13 41
16 65
19 39
25 11
19 19
8 55
28 70
5 86
8 89
6 97
15 18
24 9
28 45
30 69
24 81
5 47
21 87
3 22
21 84
20 57
12 40
4 86
13 86
5 55
22 28
3 1
2 79
7 1
1 8
19 59
24 24
4 76
27 61
10 29
21 53
15 57
26 5
23 70
23 15
28 23
28 45
10 97
21 81
20 60
17 10
18 56
12 8
0 49
3 7
29 44
5 15
16 61
5 2
24 54
19 15
28 26
4 72
3 3
29 12
29 2
4 24
30 20
25 23
9 93
22 15
12 37
6 87
29 34
16 9
5 46
16 11
2 94
13 36
17 45
28 71
6 58
13 48
3 22
30 26
23 20
14 21
12 23
14 91
1 69
5 69
1 80
3 73
17 56
8 55
13 37
30 46
29 44
17 4
14 59
10 83
17 80
13 99
7 77
11 8
12 75
9 67
8 80
13 11
19 67
28 16
27 79
19 67
8 13
9 10
19 71
5 95
4 90
19 57
15 46
28 93
22 66
5 9
19 14
6 68
22 49
5 95
24 44
4 75
21 45
9 82
15 60
3 64
11 79
16 92
5 38
29 95
4 82
0 78
21 66
9 23
5 1
28 50
17 98
14 26
21 44
6 18
29 49
25 17
3 82
1 61
16 25
3 40
15 59
28 68
0 90
19 47
20 17
19 62
20 13
25 86
5 50
1 4
15 48
2 51
7 77
22 25
12 61
16 10
9 51
4 64
14 12
9 32
19 90
20 75
18 5
22 69
16 1
16 82
1 67
30 35
25 50
15 63
18 46
12 94
6 62
7 65
29 64
25 33
13 86
15 7
12 92
28 61
7 66
12 5
4 91
11 86
14 75
23 5
22 16
14 9
9 40
16 16
6 15
20 52
25 29
27 71
2 63
6 81
13 73
7 57
7 43
29 8
18 19
9 82
0 44
30 27
30 71
15 29
16 57
19 63
29 38
27 98
26 12
5 29
1 83
0 90
14 45
28 8
28 68
11 82
18 68
10 54
3 29
2 45
21 100
9 47
0 67
12 57
21 38
19 81
8 56
6 53
1 40
18 40
23 55
7 47
16 26
8 2
19 16
15 37
6 30
0 19
8 59
12 74
10 43
26 35
19 85
19 74
14 26
22 42
29 61
14 96
2 56
11 62
6 100
27 55
29 26
14 59
12 62
6 44
20 49
27 43
19 72
0 86
14 36
3 48
17 40
19 70
16 100
15 53
24 76
10 86
28 31
7 100
7 35
10 37
5 83
15 52
7 55
17 43
6 1
6 63
21 76
0 52
0 43
29 60
7 63
16 5
4 38
28 100
23 88
6 70
10 19
28 58
23 6
29 28
10 49
13 58
23 84
12 84
15 76
3 73
8 61
16 22
3 88
20 88
11 50
1 39
22 94
10 86
18 30
4 16
4 86
1 54
26 14
15 1
21 77
1 16
19 26
8 43
22 46
18 38
30 74
13 67
6 35
3 86
3 80
26 26
16 46
0 31
17 45
11 85
5 52
10 67
10 78
14 78
1 94
2 70
2 90
27 65
17 69
28 4
28 64
17 4
27 12
8 65
2 28
14 97
25 74
10 40
13 11
18 29
18 69
3 36
4 69
2 59
5 93
11 40
17 3
9 82
19 8
8 56
12 41
7 71
5 92
10 12
23 2
7 34
7 97
23 15
3 74
17 79
17 25
8 97
9 68
2 6
15 95
17 79
30 38
16 96
27 45
30 46
8 24
16 82
25 37
6 37
23 71
17 70
0 20
14 53
19 35
18 67
27 17
11 87
23 76
28 76
0 97
28 66
4 39
29 5
0 37
29 14
22 57
17 71
29 87
6 75
2 1
2 94
27 52
18 92
22 51
26 43
3 8
13 52
17 23
10 4
1 9
23 24
20 94
15 19
23 74
25 48
0 30
28 10
1 28
8 74
1 79
6 11
2 18
8 45
11 98
11 44
17 18
17 61
2 37
30 92
15 88
22 98
20 87
14 70
18 55
26 17
15 94
3 94
7 22
7 29
17 44
10 19
18 79
19 11
24 91
2 75
14 81
21 30
11 86
25 87
29 46
16 85
17 89
15 85
8 49
19 90
26 67
29 88
13 40
2 72
29 65
10 16
2 96
1 10
25 20
25 12
18 25
28 74
5 65
13 80
18 67
2 64
21 90
9 62
14 84
30 31
20 99
4 97
22 84
1 33
15 39
7 98
30 15
0 88
23 97
11 93
21 75
1 59
19 65
21 46
6 67
23 21
18 82
24 89
4 39
12 15
1 88
2 27
26 31
10 85
2 10
8 61
15 86
0 97
24 59
27 62
16 73
18 19
1 49
5 20
9 4
14 73
11 12
18 36
14 70
8 71
24 28
25 49
3 56
18 61
19 79
7 94
10 89
1 6
0 36
1 20
23 85
7 67
11 36
26 53
0 36
15 36
20 15
29 11
20 7
21 65
8 33
19 90
17 58
19 43
18 28
4 96
30 70
22 3
3 57
24 4
25 69
11 81
22 43
20 6
15 28
6 81
12 32
7 15
14 4
24 65
4 38
27 9
14 15
8 85
5 36
27 40
7 92
20 38
12 49
22 58
26 88
29 3
7 53
17 10
27 84
15 33
27 28
1 13
15 45
14 51
17 40
29 43
4 35
13 35
12 58
1 64
29 5
8 80
5 97
8 68
14 81
24 46
3 17
2 47
17 89
9 96
24 39
23 18
0 16
18 48
20 48
1 54
15 21
6 3
13 93
20 70
5 97
21 2
6 40
21 46
12 100
25 94
13 25
10 59
27 3
24 77
12 30
27 65
1 75
9 69
24 18
2 69
14 14
14 54
25 42
12 84
16 7
7 77
21 43
5 36
13 28
0 29
29 9
14 80
29 56
14 75
17 7
25 8
24 73
13 87
29 41
30 77
4 90
30 17
22 12
6 32
22 60
25 61
16 22
24 5
8 29
21 11
8 88
25 93
5 74
3 61
21 29
30 57
13 1
15 28
6 80
24 1
1 76
25 34
12 46
18 15
17 92
6 98
26 60
30 7
29 70
6 50
25 73
24 75
17 52
24 32
23 49
21 33
10 54
2 74
26 12
22 33
7 27
18 27
1 92
3 39
24 36
23 42
13 19
19 90
6 4
22 79
2 74
16 27
2 78
14 11
29 23
22 57
28 65
4 33
19 40
26 75
23 96
0 71
6 35
28 85
12 80
26 85
16 82
6 57
10 15
6 22
12 84
20 30
11 39
15 76
26 32
12 23
20 47
17 83
26 36
7 95
6 42
12 29
13 3
7 59
8 73
25 15
20 89
23 36
29 39
28 36
8 79
4 68
3 9
11 14
3 86
14 33
15 54
21 16
28 73
17 82
8 2
4 5
13 34
7 76
24 79
23 25
23 22
26 4
20 36
1 37
24 23
2 52
30 22
16 59
29 92
18 18
11 14
16 99
4 91
13 62
11 86
4 54
3 19
18 18
2 66
14 32
16 45
18 40
26 34
7 13
18 47
13 61
14 15
3 48
26 12
13 36
13 63
12 36
21 8
11 59
1 78
10 19
0 96
14 30
8 24
5 11
9 41
2 39
0 25
24 59
27 31
21 68
8 77
27 30
24 23
3 25
20 71
21 32
0 80
23 47
11 26
15 62
22 76
17 41
12 40
6 57
6 71
4 27
11 36
27 5
27 92
9 8
17 20
26 49
23 91
26 68
0 54
12 49
30 81
12 14
7 10
22 64
3 48
1 36
10 44
27 46
12 80
14 72
3 57
29 59
18 95
4 99
23 8
11 1
29 91
21 83
27 78
24 52
13 71
6 61
23 15
19 54
1 6
1 13
19 56
2 91
5 84
10 52
19 4
17 87
19 78
19 71
1 35
22 75
30 80
1 63
12 77
26 2
20 58
12 66
21 7
20 56
11 81
12 92
6 54
25 17
6 64
17 4
1 50
9 84
6 13
1 16
17 82
7 37
29 2
3 2
4 76
7 57
7 83
28 46
15 71
26 48
16 36
10 52
19 37
17 54
2 83
24 22
15 14
13 96
19 80
7 46
17 52
25 84
1 83
6 38
14 62
7 30
23 31
16 48
21 66
22 17
8 47
30 40
11 55
25 81
25 21
8 66
14 69
11 71
15 89
25 65
4 6
18 30
20 74
26 50
22 73
19 10
0 4
11 49
18 31
20 93
4 99
18 9
9 30
13 66
7 99
27 84
7 48
3 31
30 48
16 64
26 44
1 59
18 69
24 5
18 17
26 69
20 59
15 87
19 90
19 69
7 47
18 40
30 43
25 17
13 99
22 50
24 29
14 57
7 4
27 47
30 7
28 50
14 97
14 15
22 59
23 61
10 5
26 43
6 66
4 47
5 10
2 61
17 53
28 58
16 89
25 63
28 97
14 57
17 85
16 91
30 13
14 6
26 91
15 93
6 16
9 91
29 50
10 54
3 28
19 86
17 94
10 90
14 12
10 17
29 98
19 68
23 60
8 90
28 100
17 71
14 2
5 27
2 24
20 33
7 32
10 77
5 75
22 95
29 61
25 78
18 100
13 21
2 49
19 45
27 45
25 86
6 79
3 3
6 34
13 2
9 5
13 59
17 85
5 85
11 43
29 10
15 42
20 33
0 30
10 79
1 20
9 41
27 53
13 39
25 71
14 18
15 51
22 7
20 61
17 73
19 52
23 83
5 80
4 15
6 12
17 54
24 32
23 57
26 97
22 68
21 66
29 97
19 74
19 18
20 91
12 91
21 33
18 62
4 83
23 13
1 74
11 71
6 13
28 66
3 36
21 13
11 49
3 62
15 98
29 9
11 28
23 20
8 85
6 56
30 40
24 62
4 66
13 64
2 43
25 80
5 87
15 25
1 37
12 42
17 41
2 17
18 29
6 5
2 81
27 26
3 62
5 90
15 62
30 94
29 18
19 3
22 93
21 75
18 53
4 15
21 18
28 58
11 8
19 21
4 12
29 91
2 83
1 21
21 48
24 84
0 63
27 44
25 22
13 71
11 12
26 6
10 45
21 58
18 76
21 67
6 10
1 44
2 18
21 33
8 11
21 42
17 65
30 34
21 75
25 48
4 69
20 31
8 92
12 77
23 33
11 80
0 94
11 59
29 51
0 55
0 84
7 9
24 19
20 71
6 40
21 75
28 11
7 52
1 88
30 36
17 90
15 8
24 77
22 82
24 91
5 38
17 23
7 14
0 55
7 47
21 99
2 85
14 14
18 33
27 96
6 6
16 23
21 93
3 52
14 50
18 29
16 31
29 55
8 34
4 15
0 72
27 81
2 65
26 89
13 9
14 19
28 65
10 12
17 20
25 75
9 9
29 56
14 56
1 65
5 13
0 74
10 67
23 50
23 63
28 11
20 62
4 83
14 61
22 3
6 28
21 32
13 63
21 35
24 44
9 70
29 10
13 88
8 14
12 35
18 89
13 75
24 80
8 26
16 64
15 91
30 6
14 71
1 58
5 31
27 62
22 43
27 11
3 50
15 98
20 80
15 33
5 82
8 23
2 37
28 22
25 16
17 46
15 71
11 90
14 54
5 5
26 71
3 79
13 27
18 50
27 13
17 20
15 98
0 51
6 59
15 99
1 58
10 95
21 63
14 83
16 64
9 53
16 91
7 72
14 20
24 45
8 50
12 42
27 79
21 21
14 93
13 88
4 79
5 5
24 99
5 8
2 47
13 22
10 33
15 13
17 75
7 89
5 70
30 7
19 83
26 44
21 82
24 81
8 82
14 95
22 39
15 38
13 78
17 35
21 16
5 18
28 41
0 55
26 95
4 78
9 50
14 98
12 53
11 61
18 38
12 31
20 43
28 87
16 34
22 11
13 53
13 61
5 41
27 21
3 91
2 65
5 26
7 13
30 29
17 64
7 96
6 52
18 93
25 33
18 4
28 92
28 16
1 98
26 57
20 47
20 52
3 13
12 100
13 86
22 38
9 37
28 27
14 21
0 52
26 45
15 31
28 67
5 8
4 100
29 67
16 48
16 53
11 93
5 15
16 25
21 77
5 22
30 47
28 93
7 50
22 14
23 10
19 94
9 55
0 28
2 33
9 89
26 24
14 33
2 63
28 42
26 85
25 95
3 96
10 16
20 57
3 69
27 28
15 18
3 23
23 48
15 89
16 100
21 35
2 97
0 69
25 9
29 66
4 95
29 11
2 88
6 58
13 2
0 1
21 68
4 27
26 99
9 90
19 70
5 76
23 90
10 10
13 35
13 23
13 31
12 10
3 19
20 60
14 11
17 79
3 94
9 33
5 27
4 47
19 76
4 47
20 22
23 80
0 36
29 83
6 99
19 6
7 34
17 45
5 13
3 62
18 95
26 16
1 89
5 75
21 6
8 25
12 70
17 86
11 9
13 51
30 67
9 52
12 35
4 17
18 14
0 76
27 91
10 14
7 35
0 95
29 57
4 44
26 98
27 90
5 61
21 43
1 56
13 96
1 88
10 2
27 33
9 88
19 13
11 93
8 19
9 42
9 80
20 56
19 100
24 71
17 58
16 58
0 66
27 45
15 65
15 15
17 82
10 49
25 80
28 8
17 6
27 68
0 36
25 83
28 3
30 6
7 15
8 83
29 100
6 12
26 84
1 86
0 67
13 75
15 30
29 33
25 72
19 6
9 21
26 56
28 95
21 65
25 18
27 72
11 32
5 14
8 95
5 27
26 17
8 1
13 17
4 39
8 45
12 39
1 58
30 9
7 10
24 86
1 53
19 2
30 62
26 69
22 4
3 3
11 80
25 29
15 74
20 92
21 81
16 80
21 81
23 90
6 19
26 30
7 87
0 44
7 6
11 4
21 86
11 48
18 96
28 17
9 7
24 71
21 41
1 83
5 40
10 17
26 89
17 58
12 81
16 3
18 46
2 66
27 9
3 41
5 65
19 10
21 7
19 60
10 82
2 97
12 91
27 68
13 37
2 7
30 32
1 17
9 20
5 8
2 12
7 36
6 2
16 70
21 1
23 87
19 91
17 45
0 79
11 63
30 65
28 15
17 39
30 28
0 2
6 44
9 15
8 85
10 7
1 58
27 5
4 40
0 36
22 88
14 89
5 91
30 68
8 11
14 12
13 89
30 44
21 75
29 74
29 50
14 7
13 18
6 70
19 84
1 53
23 73
19 49
14 60
22 55
3 82
2 54
0 51
13 91
23 70
30 50
12 77
29 11
1 42
13 5
28 30
2 94
6 65
12 85
22 55
30 27
5 64
6 35
6 68
7 3
28 68
21 50
14 45
20 59
14 5
4 35
3 9
3 67
30 50
23 16
30 75
11 88
14 29
22 60
23 21
0 69
26 69
19 11
3 6
12 61
14 31
20 7
19 12
8 4
4 80
21 65
0 14
9 71
24 41
11 41
24 92
3 83
22 95
23 82
6 10
3 90
13 5
3 17
29 72
15 41
10 79
20 38
4 61
19 10
19 12
17 33
21 86
4 79
8 100
3 38
19 27
29 81
16 3
27 81
27 31
12 13
1 39
12 34
0 5
9 23
12 18
15 52
17 31
6 58
6 27
26 50
29 39
17 96
6 73
17 76
6 35
14 98
1 39
5 54
6 65
9 87
22 98
20 11
0 3
16 51
19 34
4 67
12 30
14 54
20 61
27 79
25 25
12 100
2 42
4 2
3 96
8 42
22 59
7 37
19 73
28 56
24 32
1 34
10 23
3 73
6 66
14 37
21 80
18 40
14 94
30 33
24 46
16 65
0 89
4 14
22 46
22 16
22 66
5 58
24 19
25 18
14 60
14 11
13 90
19 24
1 60
3 94
19 98
25 52
6 87
6 75
1 39
3 70
11 15
13 92
16 36
0 94
12 66
7 43
0 19
27 7
2 7
3 12
14 36
22 60
8 36
17 76
26 83
20 93
25 15
28 33
28 59
27 50
24 61
25 9
26 49
20 80
28 31
17 78
27 59
0 20
5 79
13 55
23 23
30 44
8 37
14 4
15 9
2 92
30 65
0 55
20 26
12 32
28 95
5 44
5 65
13 13
17 14
24 66
25 77
12 77
9 7
10 84
10 40
20 76
11 53
30 90
8 97
15 84
3 39
16 54
22 5
9 25
5 92
15 96
14 51
16 89
15 63
28 13
20 53
10 71
29 60
6 90
24 39
18 62
25 31
16 61
5 47
4 34
10 37
1 74
7 91
10 12
15 29
5 52
25 58
0 79
3 11
24 67
0 5
23 76
9 4
30 42
5 9
0 81
16 93
12 75
23 3
20 17
2 16
18 31
19 95
29 98
11 95
7 62
22 97
25 71
19 40
24 28
12 98
8 27
3 85
30 71
21 41
17 67
13 9
13 50
4 49
25 39
11 61
14 3
7 59
30 58
8 44
27 53
18 34
14 45
28 55
2 77
21 40
27 82
0 28
11 19
3 53
20 58
25 91
6 28
5 20
4 67
5 48
11 80
28 30
7 22
1 69
17 24
11 74
6 5
15 32
7 9
16 79
17 5
4 100
2 6
2 88
18 26
17 94
13 27
12 7
4 70
11 62
14 71
8 51
23 92
1 78
18 48
21 41
19 56
20 93
21 43
27 83
10 66
18 17
11 34
10 76
26 43
14 92
9 8
21 80
20 54
20 64
29 36
19 28
12 33
26 98
14 51
11 97
10 55
14 48
22 22
6 47
13 14
22 9
26 72
0 59
18 40
30 31
7 43
14 59
23 35
25 8
27 13
10 66
15 35
10 41
16 8
17 55
15 85
27 73
16 69
7 18
28 71
8 68
9 64
19 2
2 93
30 56
2 62
26 73
19 41
15 44
23 6
8 34
16 69
14 85
22 79
24 85
24 98
29 80
6 57
0 56
3 3
23 58
2 62
1 3
6 63
1 2
14 92
4 17
19 73
1 78
29 19
21 54
3 84
18 30
2 27
21 89
19 93
6 91
13 25
28 54
7 73
19 59
1 56
22 13
30 41
15 8
30 71
9 55
1 41
9 9
22 76
2 36
9 70
14 30
14 34
20 38
10 91
21 30
24 71
29 59
1 79
14 29
25 45
9 67
3 50
18 52
22 89
16 28
18 18
8 93
24 95
24 30
6 45
12 49
27 88
4 31
13 8
22 79
18 16
11 10
16 2
16 55
23 78
9 70
2 88
3 5
30 22
22 53
15 48
26 87
5 100
27 89
29 97
28 33
3 12
22 66
30 2
19 2
25 2
0 13
12 24
20 86
30 5
19 35
9 12
14 87
7 84
6 60
9 90
14 39
2 3
13 6
11 80
30 38
14 14
9 17
17 64
0 45
11 59
9 29
3 63
28 77
19 1
26 71
11 58
30 91
23 17
8 96
13 5
0 100
8 34
22 69
12 54
5 18
14 27
29 51
26 24
11 73
14 90
6 43
12 2
29 41
27 94
3 14
9 29
23 1
14 90
7 54
22 14
12 71
22 56
7 94
27 76
29 66
28 75
4 93
3 46
4 68
17 70
21 81
0 5
9 39
20 100
30 1
10 84
15 60
10 42
18 74
21 54
12 19
0 29
22 48
24 57
25 69
22 19
14 29
24 29
2 47
26 94
18 58
19 22
9 89
7 16
21 57
28 75
7 86
13 60
30 94
18 8
26 61
27 33
1 68
16 2
15 53
0 2
28 75
4 27
2 48
21 87
24 90
25 23
28 57
19 98
3 11
5 46
28 82
9 30
30 56
25 16
2 88
27 9
24 14
14 16
15 57
18 1
8 92
12 77
4 86
12 47
21 60
7 37
28 58
3 74
3 36
5 21
27 49
6 68
29 28
29 17
10 64
0 69
7 19
0 67
22 3
16 2
8 26
3 44
9 72
15 78
22 90
6 22
19 89
30 16
3 9
15 29
1 41
6 51
18 89
13 74
19 72
11 72
10 65
23 83
2 19
10 25
13 30
7 53
2 53
22 8
7 2
1 4
26 31
26 2
21 4
20 60
13 80
17 48
26 21
10 62
13 34
6 34
14 63
1 58
19 30
13 72
29 12
29 74
20 81
27 38
20 70
29 65
7 24
13 78
23 55
27 25
6 38
10 10
2 71
10 31
6 26
29 86
2 77
1 5
28 23
1 12
7 10
20 35
16 44
26 91
9 92
22 73
2 53
4 61
8 69
0 90
27 26
12 25
5 26
25 41
24 45
16 69
26 36
29 78
18 96
24 66
4 26
5 40
13 94
21 43
27 3
23 87
2 30
12 55
9 73
20 42
0 36
12 27
22 65
9 56
8 58
30 27
29 59
9 2
29 6
17 89
0 53
27 64
21 91
20 92
21 44
20 40
21 63
5 65
13 67
3 73
12 91
22 37
20 20
12 52
11 42
11 8
18 51
10 89
23 20
0 23
17 33
27 87
0 4
20 89
29 73
20 13
18 90
20 44
7 4
17 4
7 70
18 75
29 27
30 59
9 90
2 47
17 34
13 14
1 91
2 20
20 65
5 91
3 88
18 4
14 8
5 54
30 45
1 4
26 73
12 25
30 44
13 21
4 49
7 88
8 52
19 63
15 17
15 13
19 3
27 89
27 31
20 48
26 23
15 38
16 14
6 40
22 35
2 68
29 61
19 51
28 21
12 90
9 87
7 92
14 87
23 24
11 12
5 46
28 50
2 8
20 16
5 64
13 60
3 90
19 90
21 83
21 34
30 38
24 69
27 78
28 66
8 39
27 25
8 68
24 36
23 55
6 18
30 22
6 63
8 25
14 83
15 47
2 25
23 16
17 85
3 17
25 37
21 16
30 16
9 75
25 71
12 14
27 80
14 79
8 38
12 6
29 68
15 19
2 37
4 27
3 5
13 48
10 36
12 90
22 97
8 40
1 49
27 85
0 23
13 91
14 84
1 98
1 89
12 84
6 17
22 21
0 18
9 69
27 1
10 98
0 37
21 96
2 31
2 33
29 63
29 61
10 50
24 1
13 51
30 16
27 5
1 64
29 83
20 35
28 13
3 50
18 69
25 30
21 1
13 13
15 58
29 81
16 25
11 21
23 100
13 36
24 76
8 15
25 27
0 62
25 33
26 14
12 51
23 3
8 24
30 96
8 42
29 61
30 75
18 41
19 99
10 32
22 93
6 52
2 74
22 89
11 57
6 75
25 63
22 81
11 41
17 37
16 13
22 82
12 21
8 68
26 93
6 20
0 3
6 33
9 100
29 96
16 61
2 23
28 85
18 84
20 47
15 25
6 14
6 87
16 72
17 3
1 100
11 68
14 88
24 87
27 92
12 93
16 88
1 72
23 36
15 94
6 13
19 65
21 19
13 75
4 84
6 41
12 83
16 80
9 52
21 80
18 15
10 94
3 5
23 37
21 12
26 1
4 55
9 62
20 12
26 48
19 83
2 58
20 34
7 32
22 77
9 90
6 31
0 2
4 13
28 64
6 20
25 94
6 53
11 19
14 15
17 38
30 88
25 70
25 29
20 63
27 75
9 78
30 65
27 92
17 12
20 30
6 79
30 94
0 3
19 29
13 56
28 67
9 44
23 2
9 4
30 51
23 2
21 12
6 52
16 67
28 28
30 81
2 17
26 36
26 67
0 24
13 86
20 9
10 93
25 48
17 35
22 84
29 99
9 18
5 61
15 34
6 25
22 99
19 86
4 67
14 63
29 44
26 8
30 78
12 58
12 83
21 45
20 30
11 80
15 89
26 40
29 57
27 82
4 28
9 32
0 19
12 88
5 14
2 65
24 87
22 19
16 15
17 72
2 96
27 1
22 3
26 84
5 5
1 80
11 85
18 32
9 45
4 73
13 39
8 85
5 41
23 24
18 61
16 49
12 63
10 34
7 27
18 30
30 35
14 45
23 38
24 53
2 78
1 12
25 63
21 98
24 96
30 89
18 76
23 75
18 9
20 2
13 99
9 3
30 12
12 93
13 91
4 50
3 98
27 1
17 75
20 33
1 48
13 22
11 30
8 56
6 20
8 8
23 39
7 46
0 57
3 30
1 67
26 25
17 10
28 24
22 2
1 53
3 71
19 8
15 81
20 49
21 26
25 80
28 79
20 32
29 3
19 40
3 44
17 52
2 86
6 92
16 60
20 71
25 26
8 40
20 3
13 25
24 9
6 8
30 81
23 58
28 38
15 24
3 22
22 16
13 68
6 67
25 53
29 38
22 43
8 51
24 95
8 62
23 78
7 7
11 98
29 28
2 96
22 16
16 86
18 93
23 99
1 22
11 21
16 8
8 50
22 52
0 100
4 67
16 69
3 84
21 52
28 66
15 88
20 28
24 82
2 8
20 61
4 14
22 6
21 28
2 87
11 73
3 59
3 56
1 67
14 84
30 85
5 10
28 55
2 90
4 34
13 76
22 25
14 57
9 45
21 45
9 23
6 66
7 18
17 16
25 31
17 48
30 14
11 91
11 93
6 95
16 51
26 50
16 61
28 43
18 53
15 43
28 25
1 15
1 1
9 72
8 70
3 94
23 38
6 71
7 17
27 55
18 56
5 8
29 44
12 4
21 69
16 32
26 6
17 99
22 64
6 38
7 31
17 71
29 39
4 52
5 71
20 43
23 69
12 64
24 8
29 91
7 32
29 66
20 60
2 3
20 94
4 11
25 37
0 39
29 15
20 55
27 75
2 6
10 13
9 35
7 40
16 40
10 33
3 72
27 27
3 6
2 56
4 85
2 25
27 91
10 65
11 23
26 83
30 25
20 79
18 68
14 5
10 86
9 65
17 12
12 23
30 37
10 44
13 78
21 67
29 48
25 72
1 24
18 3
5 23
30 25
16 56
19 86
8 61
14 100
19 80
29 21
7 37
29 11
12 32
22 9
27 77
22 3
1 74
4 69
6 54
4 36
16 31
11 89
7 65
6 51
17 96
26 92
28 64
5 33
3 81
1 4
29 5
28 49
29 12
25 8
8 56
13 87
16 55
13 34
17 7
17 31
4 8
19 3
13 32
15 18
20 95
5 66
22 65
4 74
16 44
5 60
26 1
12 48
22 38
10 99
7 45
9 10
17 73
9 43
26 48
3 55
10 44
20 81
20 17
19 69
29 79
27 15
6 18
26 82
19 54
8 28
30 55
5 20
1 39
14 31
30 32
17 95
6 41
13 4
14 10
19 10
7 31
6 44
9 25
24 100
5 80
5 62
30 24
17 23
28 42
21 69
0 22
29 42
1 26
3 48
13 79
25 13
7 70
26 68
7 81
17 52
4 32
7 61
29 94
9 35
27 78
16 17
5 35
10 33
12 61
8 66
25 72
14 6
20 63
27 1
26 36
19 40
14 12
30 7
19 31
22 12
21 39
1 69
3 66
7 59
26 29
1 60
5 49
4 2
21 28
18 43
8 96
13 96
19 83
23 52
20 50
14 67
24 63
14 62
11 65
16 4
7 92
23 26
0 1
2 69
22 17
15 78
15 59
7 7
1 23
10 84
3 39
28 54
28 55
15 36
21 55
28 27
8 43
10 39
17 6
9 47
6 70
16 59
21 97
0 83
11 27
13 3
6 65
2 53
27 46
22 35
22 95
14 48
5 81
30 11
26 89
20 20
0 99
6 77
29 10
24 37
18 90
0 69
8 83
12 49
14 18
3 53
22 60
5 72
27 96
7 3
7 63
3 47
22 37
15 75
8 24
20 66
11 97
16 33
26 61
25 88
20 78
30 37
3 1
8 35
10 98
10 93
17 45
5 74
20 37
22 32
24 5
15 1
8 47
14 34
20 7
11 11
14 2
12 55
25 73
0 79
0 74
16 30
10 27
13 76
29 74
16 13
21 100
19 80
26 13
28 23
21 37
26 4
12 14
16 76
14 44
27 26
22 54
4 28
1 78
16 66
9 8
21 66
21 18
26 98
4 38
19 26
8 28
15 52
4 62
18 76
12 53
6 67
4 18
30 74
30 36
20 40
24 88
11 47
27 73
3 72
2 37
4 5
24 100
18 40
13 63
13 93
20 100
4 76
28 19
8 37
12 11
30 77
8 5
26 67
12 90
29 69
29 49
18 86
2 40
21 30
29 71
30 15
5 79
5 71
2 62
12 100
17 96
13 59
20 57
29 76
6 80
6 91
21 85
24 77
25 22
10 97
8 47
21 60
15 48
20 4
1 20
16 14
9 63
25 66
11 75
3 72
3 20
26 43
14 33
27 96
8 6
9 83
1 74
0 54
13 93
5 77
12 18
18 24
25 28
7 53
13 67
16 93
12 28
5 5
14 85
8 46
24 100
17 67
19 76
11 81
25 65
29 7
25 86
1 65
9 69
28 21
29 55
12 62
18 32
26 51
30 97
22 26
22 56
4 85
16 65
3 79
27 32
29 70
3 67
28 8
14 37
0 80
4 71
23 95
14 44
27 5
15 78
25 93
8 100
15 86
4 72
5 73
17 96
3 56
15 69
11 52
23 50
27 28
26 100
22 20
10 43
3 29
0 95
12 76
3 24
24 22
2 21
8 46
5 18
24 74
7 18
22 71
11 10
3 61
28 28
13 98
19 99
14 4
17 75
16 28
22 60
12 71
1 15
2 39
1 47
3 48
30 70
6 44
19 72
28 77
28 32
5 8
21 35
2 82
9 66
25 42
4 25
23 60
25 34
18 44
16 36
1 97
21 92
9 47
4 21
21 97
19 25
19 72
9 4
23 73
10 76
26 6
9 45
17 38
22 23
8 19
29 6
13 11
4 55
5 2
0 47
13 86
24 2
29 100
30 78
10 5
3 66
24 51
18 8
10 84
8 43
28 54
11 38
3 85
28 28
22 79
27 41
25 44
5 71
28 22
15 52
27 28
16 40
11 71
25 71
6 51
30 97
2 86
5 16
7 98
3 64
0 6
27 80
8 14
17 16
10 81
4 32
10 66
11 35
16 62
16 33
6 40
28 43
7 66
2 81
16 16
14 48
10 96
0 31
2 56
23 30
10 13
9 24
25 33
30 58
21 31
30 62
13 9
22 28
17 74
1 67
2 1
5 23
26 31
16 43
2 36
2 8
13 56
12 2
7 38
8 53
13 16
30 81
7 77
14 13
9 90
6 17
20 18
30 30
6 8
20 32
27 81
24 52
12 45
12 100
16 79
28 61
26 100
17 94
7 32
29 10
0 31
29 43
13 88
6 34
8 68
18 57
10 83
18 68
20 24
8 48
6 45
30 59
20 92
26 23
3 2
10 94
28 47
27 58
14 52
19 82
9 63
20 72
24 85
2 55
17 5
4 48
10 15
0 78
17 55
9 32
17 75
11 63
2 90
26 53
23 73
15 48
28 34
29 4
18 20
5 89
5 33
19 53
5 84
15 11
11 80
8 58
12 41
15 66
29 23
27 96
28 12
5 59
20 23
25 77
25 97
3 24
18 93
28 58
29 95
28 39
18 69
0 84
22 36
25 100
21 61
3 67
4 66
12 77
15 27
12 22
23 99
14 42
11 57
30 60
30 11
0 92
27 50
14 39
5 44
8 58
13 74
6 6
16 58
22 58
16 79
30 7
26 65
17 66
15 49
14 54
16 60
3 39
25 5
17 20
25 36
24 82
6 73
11 28
4 58
6 100
0 72
11 33
1 9
0 84
0 66
7 1
13 64
30 63
23 56
25 91
19 45
0 73
8 43
10 43
10 49
24 12
12 35
4 1
17 1
17 27
18 61
3 37
4 38
25 19
4 57
13 52
23 87
29 49
28 2
20 59
29 19
10 97
2 18
11 74
10 49
6 87
13 76
20 32
6 27
19 48
25 66
15 41
14 77
2 90
2 2
17 100
5 49
25 27
22 53
1 2
10 25
5 24
6 100
8 65
27 38
27 56
14 34
6 37
6 13
11 7
2 15
30 3
10 44
3 7
21 27
5 16
1 70
22 69
24 15
26 80
29 77
12 33
23 69
17 13
15 40
8 47
21 56
25 60
28 75
16 35
21 73
7 25
7 94
0 3
20 19
19 11
6 69
24 92
18 8
30 37
8 51
0 73
19 47
7 79
13 15
7 17
25 11
13 100
8 59
23 3
9 28
28 1
9 86
14 53
4 31
2 78
27 40
9 93
28 1
14 79
24 87
8 32
8 81
13 78
30 80
6 9
24 56
20 47
26 88
15 96
9 5
23 57
2 44
1 38
15 34
4 74
2 89
0 8
15 55
7 91
0 31
26 97
1 59
23 52
8 2
27 29
6 4
5 40
14 25
29 27
0 53
23 82
24 55
13 33
21 99
10 92
3 74
11 57
24 93
10 7
4 14
11 61
14 82
8 96
28 29
10 15
27 27
14 87
13 53
14 6
14 42
26 5
21 98
10 47
24 7
13 30
5 98
16 38
7 34
6 25
22 8
0 59
23 70
6 2
7 29
22 18
26 35
26 74
1 71
19 21
15 18
12 3
20 45
3 8
19 42
21 31
4 16
18 70
7 66
0 75
21 61
18 22
5 73
10 17
21 86
8 39
17 73
20 39
27 85
10 57
20 62
18 83
16 8
8 24
21 32
17 13
0 95
13 10
6 70
5 28
0 28
17 35
27 92
7 51
9 79
24 15
0 86
29 98
11 19
9 42
4 77
3 63
15 70
24 7
5 33
17 42
6 31
29 79
14 76
4 12
9 52
23 72
10 38
24 64
18 51
0 42
23 86
26 78
16 2
5 31
20 10
2 26
2 5
14 45
12 38
12 88
9 93
23 95
27 19
21 38
10 57
8 69
12 73
2 85
11 53
6 33
26 26
10 55
27 90
10 18
24 45
16 27
24 42
2 80
30 79
28 4
16 57
26 100
21 22
18 50
28 38
7 60
16 100
22 3
5 5
12 64
6 3
10 23
15 37
28 50
28 11
27 87
6 30
3 7
7 34
6 83
15 58
11 22
7 88
30 51
10 39
25 14
4 91
3 23
27 60
28 82
10 35
13 63
24 10
20 46
3 18
18 1
24 1
29 29
13 8
18 89
29 34
12 79
9 70
25 10
4 76
12 91
30 17
23 69
16 67
16 84
28 67
17 7
15 36
10 31
1 43
0 67
25 91
7 24
19 32
24 86
17 100
15 47
11 96
14 49
16 13
0 87
6 52
24 96
21 13
2 4
26 73
28 68
17 42
19 55
5 20
10 90
8 76
9 10
2 27
10 49
17 71
8 53
1 77
23 85
8 35
27 51
5 81
25 55
3 80
29 74
16 33
20 97
30 2
23 77
4 92
11 38
26 9
2 81
24 96
12 11
13 5
27 34
3 67
22 1
22 98
16 81
24 47
3 66
15 96
0 87
25 89
17 96
16 73
2 23
22 94
13 39
1 85
28 25
18 72
10 90
20 92
7 26
2 100
21 10
14 7
24 21
17 29
17 66
24 71
25 84
24 52
5 41
7 18
24 76
1 69
13 50
30 85
4 93
24 55
22 26
7 44
9 2
16 37
27 63
16 27
10 87
19 92
22 51
14 25
30 70
4 38
2 86
13 51
11 86
10 99
30 12
13 39
19 51
29 52
9 4
11 2
30 66
3 11
26 31
20 9
14 89
3 25
30 24
20 84
2 30
15 75
13 85
15 43
23 4
17 32
8 12
19 97
4 24
10 19
3 49
27 41
29 40
12 82
12 41
19 61
22 94
26 89
26 88
9 30
14 2
26 64
26 29
7 14
22 13
1 66
21 91
25 20
18 41
22 25
17 49
9 6
4 52
1 35
0 23
23 61
0 70
4 53
12 98
24 82
16 88
3 3
5 56
8 97
28 65
7 65
30 93
20 80
3 85
12 19
16 100
3 70
18 22
0 40
21 18
0 87
27 98
28 41
25 27
19 54
1 91
27 29
18 6
7 41
15 97
16 62
23 92
14 40
1 44
14 16
17 38
25 17
28 23
22 77
21 92
23 5
26 95
9 87
19 64
17 26
28 63
30 54
25 66
27 6
25 45
6 51
11 4
24 42
21 27
26 11
23 4
5 86
1 26
13 91
3 37
14 12
21 66
28 42
2 44
17 73
25 71
11 81
24 6
24 6
21 7
28 67
27 93
26 13
20 64
23 41
22 31
17 53
11 89
27 33
5 16
3 88
27 53
24 60
11 10
1 41
3 39
16 75
28 77
10 13
4 57
8 86
21 57
1 18
23 98
25 22
5 80
24 72
0 5
9 76
17 76
8 1
24 74
13 77
11 32
21 79
14 62
3 88
29 49
1 59
22 35
6 36
28 42
2 47
10 78
0 42
16 38
4 16
22 44
17 69
2 33
9 52
17 27
16 35
1 91
25 65
24 40
7 86
6 66
19 73
3 40
16 68
22 60
22 54
19 94
0 1
8 16
14 22
17 100
30 24
1 22
28 18
16 50
7 88
18 60
23 64
28 77
8 93
25 100
28 17
0 79
13 70
4 41
24 87
22 48
21 46
16 83
5 58
4 12
9 42
21 2
7 9
6 47
15 70
13 62
29 99
27 23
13 2
27 61
3 50
16 6
30 34
0 81
26 79
17 59
26 87
8 18
23 88
13 89
28 61
13 87
11 80
26 75
4 43
26 48
21 41
27 44
3 93
12 43
26 34
30 47
14 21
14 52
17 85
16 61
3 96
29 53
9 55
23 58
13 47
15 83
29 86
29 79
25 60
0 35
22 48
11 77
6 74
4 8
7 100
20 93
27 51
25 59
16 69
7 86
20 31
13 61
9 45
11 3
17 76
10 1
0 19
27 19
9 18
17 45
17 71
9 10
21 66
29 94
11 35
16 1
6 39
5 74
16 83
0 58
30 42
5 96
7 51
16 74
4 89
25 5
13 69
27 57
23 10
25 2
8 72
4 79
26 80
16 71
19 83
14 75
13 37
19 52
2 72
16 19
28 15
15 96
17 64
30 40
6 35
27 59
10 38
13 51
19 63
25 91
21 95
4 6
13 87
30 34
13 26
14 75
4 9
14 96
23 14
3 6
20 40
14 40
9 58
3 25
10 19
24 79
7 65
10 79
5 66
14 54
10 47
25 17
1 2
30 46
3 72
12 49
28 37
7 51
24 8
12 86
0 76
29 97
6 20
21 39
17 96
10 93
20 78
1 48
9 88
10 73
27 54
5 42
1 85
18 75
7 12
21 54
25 75
6 70
14 70
7 52
19 34
17 25
4 82
25 95
14 60
10 96
12 2
29 47
18 52
14 23
18 22
13 50
10 45
13 73
7 65
3 80
15 53
0 71
27 69
0 36
27 60
29 48
17 57
6 78
21 98
13 37
14 39
20 21
20 52
23 56
25 100
26 26
5 21
16 71
15 61
15 22
4 40
7 90
7 13
14 22
24 90
28 50
10 59
26 97
0 48
14 96
19 59
26 81
9 32
9 97
20 63
0 96
27 5
6 71
1 75
29 68
12 37
19 28
3 30
16 49
0 59
4 4
6 99
5 83
28 81
1 65
1 22
14 56
28 57
0 32
4 49
4 32
2 43
2 79
20 1
0 14
0 28
23 14
30 15
20 31
11 6
16 57
2 20
3 43
9 67
30 85
22 51
4 61
0 92
24 94
9 96
14 93
15 18
8 90
29 31
21 24
0 99
24 81
11 46
12 75
15 99
23 43
11 2
2 11
18 30
29 78
29 11
2 6
13 11
17 68
20 100
15 23
27 42
6 77
21 26
10 21
9 81
23 99
27 36
10 93
4 90
0 43
3 71
12 28
25 34
7 85
24 29
3 81
26 99
30 59
25 81
14 86
8 90
18 27
12 93
2 69
11 35
12 87
24 28
27 30
7 90
7 23
24 88
2 2
19 23
25 29
15 100
0 52
16 80
26 63
3 92
19 7
1 45
13 6
21 45
13 70
22 78
22 33
15 57
24 48
8 81
3 21
5 88
9 78
27 31
12 77
9 73
15 15
19 20
24 56
23 39
4 56
12 76
4 26
6 45
5 28
1 14
29 34
7 69
19 47
0 43
15 78
4 34
0 68
17 39
19 62
1 10
28 64
23 49
14 83
16 1
29 12
18 93
7 100
26 49
30 84
12 18
6 95
17 38
20 67
8 100
21 31
25 3
19 84
0 65
23 90
7 22
12 69
27 98
24 87
7 28
10 32
21 4
5 66
2 69
16 41
12 90
22 29
0 99
24 76
9 33
13 14
25 22
28 52
11 38
16 21
23 28
15 92
14 99
1 63
24 55
3 17
14 50
30 85
4 35
1 2
27 5
6 90
24 63
26 19
22 47
28 43
21 34
10 99
7 80
25 99
22 38
12 82
18 42
16 50
22 38
9 67
20 84
16 9
6 100
22 51
28 74
13 44
28 91
20 24
5 18
7 33
0 4
16 72
23 12
15 58
19 52
2 7
1 24
27 55
10 22
2 24
5 54
17 70
16 38
21 95
24 79
26 89
13 46
9 30
0 59
10 92
3 60
8 5
19 31
5 74
0 94
20 97
9 25
22 59
23 53
22 51
5 29
10 73
12 84
26 98
13 62
20 52
15 31
2 95
13 44
20 16
22 40
30 31
25 55
26 62
4 35
16 98
8 87
8 67
7 36
2 94
25 64
18 67
27 98
7 34
28 31
3 52
29 25
15 23
24 15
19 86
2 81
3 78
1 7
2 73
24 100
5 33
25 16
8 82
0 53
29 5
10 70
21 50
9 79
10 99
7 76
22 42
23 63
25 91
6 77
12 25
16 3
7 17
27 93
10 3
8 67
6 99
7 55
25 19
14 44
6 90
11 86
13 63
13 35
11 16
24 62
28 77
19 17
8 14
10 11
30 75
2 75
12 91
19 8
30 84
20 9
12 13
11 14
21 69
29 94
4 24
13 75
16 74
2 35
6 47
1 68
25 6
14 73
8 39
29 85
15 87
0 15
28 34
27 89
16 95
17 20
5 28
18 46
20 99
16 3
30 53
28 61
27 83
16 8
8 8
18 80
13 17
28 47
16 61
6 31
5 19
22 31
16 49
0 21
22 48
22 15
18 69
1 8
11 38
14 94
4 53
3 1
16 12
16 56
10 83
23 81
10 18
12 21
7 88
6 37
20 93
28 79
26 17
10 44
21 29
16 24
19 80
12 11
20 71
5 19
1 9
22 22
21 23
28 57
29 94
1 23
5 42
26 14
2 7
17 51
26 44
1 37
23 48
23 36
30 43
22 94
6 5
7 44
9 98
4 11
2 19
25 7
20 13
10 56
9 87
24 80
22 26
13 56
14 40
7 54
5 41
7 4
17 17
20 8
15 54
17 65
20 32
26 5
11 15
16 96
27 75
22 23
17 44
1 71
11 62
27 40
29 28
7 81
28 27
10 10
4 10
21 64
5 64
2 23
9 95
25 82
8 54
22 24
28 19
15 9
17 94
10 53
25 100
25 34
28 40
28 31
25 17
21 6
22 27
26 90
12 11
26 19
30 26
20 89
26 98
25 29
1 88
18 54
27 68
15 23
26 92
8 98
5 2
25 21
14 93
17 5
5 32
9 79
12 87
22 91
10 68
0 80
0 41
10 27
1 60
5 1
22 62
24 73
24 80
11 38
18 38
18 35
28 81
0 62
9 17
26 14
17 67
26 89
24 46
22 30
19 55
17 87
6 47
16 30
4 97
16 72
6 35
27 46
20 76
21 91
16 87
24 45
3 33
11 78
20 37
16 39
14 14
21 45
8 53
21 58
4 87
27 66
19 29
12 74
19 23
3 60
12 65
6 51
28 98
18 71
5 50
13 20
2 60
0 81
22 47
12 22
14 54
4 85
2 57
0 24
4 73
8 30
16 46
22 51
25 84
27 57
8 93
20 99
27 25
7 64
18 14
16 23
10 94
16 75
29 25
14 76
26 10
6 74
8 87
17 77
3 72
14 64
0 96
22 82
29 54
17 29
26 27
28 58
8 8
25 40
14 52
27 88
7 29
14 73
4 11
24 73
29 14
9 26
26 49
20 13
25 42
21 57
15 52
1 54
4 17
5 38
3 11
20 63
1 80
7 10
8 12
9 79
16 15
17 51
22 48
22 82
9 97
11 30
7 38
27 21
8 85
18 28
18 53
12 100
3 98
30 81
28 92
9 33
15 7
21 17
23 48
5 83
21 66
20 85
2 78
17 78
12 14
1 26
29 43
21 65
16 83
19 50
20 51
28 84
8 8
3 87
12 44
30 100
25 92
27 74
26 87
4 100
2 3
13 88
10 9
6 16
16 37
12 49
17 78
11 66
25 30
5 12
13 15
15 31
10 21
17 8
15 15
22 39
28 85
3 70
9 11
12 67
2 54
2 66
29 83
30 16
24 25
28 91
3 100
30 78
12 21
22 11
17 99
9 12
0 61
6 98
30 96
7 23
13 37
5 3
23 57
18 63
8 32
13 70
6 16
9 97
4 64
22 41
28 63
7 15
13 74
15 68
28 46
19 45
7 78
24 24
6 67
18 90
23 34
25 45
6 9
5 54
8 1
1 29
21 7
21 15
14 31
19 4
16 51
14 25
2 12
26 81
13 100
11 53
1 58
2 31
18 16
19 74
6 46
23 16
20 57
23 88
7 55
0 61
11 99
23 35
20 69
5 84
8 77
15 43
27 93
1 67
22 83
16 38
23 51
15 15
28 67
4 32
9 61
24 55
27 12
20 21
1 44
16 61
2 16
24 42
23 42
25 43
12 4
14 19
1 3
23 53
1 1
16 87
28 72
13 41
23 52
9 97
17 56
19 22
27 39
0 6
27 5
24 80
23 47
25 2
21 50
12 100
20 73
17 31
8 75
1 59
29 28
12 85
2 59
23 32
3 89
8 4
22 59
5 14
0 39
17 73
1 72
5 39
26 18
12 61
2 17
4 4
12 45
22 29
29 75
24 47
24 33
28 22
0 74
3 36
22 96
7 56
8 61
25 45
17 22
10 14
20 87
23 99
18 82
13 4
3 72
3 34
25 6
1 58
17 98
9 6
30 84
9 29
14 91
21 51
10 32
8 58
9 62
19 92
26 28
26 32
3 41
8 30
10 65
12 89
9 25
18 52
8 25
11 26
16 88
8 60
26 73
10 77
4 36
13 85
13 45
21 86
24 53
25 97
24 63
11 42
1 34
17 13
15 15
24 49
11 45
21 34
22 7
10 46
26 98
22 82
19 65
4 91
9 68
7 34
29 79
7 60
24 84
22 77
5 56
23 10
9 88
17 47
19 41
29 33
19 79
1 83
7 86
12 27
6 29
19 24
3 43
26 50
16 50
26 59
11 90
14 7
20 26
16 42
5 35
30 87
5 75
30 33
3 100
26 90
23 61
23 20
16 95
15 93
0 10
19 11
30 90
25 31
8 11
27 39
14 76
15 18
24 15
23 50
8 74
21 36
15 25
17 72
4 1
16 99
6 49
18 31
29 38
27 53
7 32
10 48
3 10
11 66
1 65
1 16
3 48
30 4
10 80
3 47
26 97
9 78
28 38
5 5
12 56
0 76
3 40
19 47
28 89
25 38
22 42
16 48
17 33
24 64
30 1
20 82
19 24
17 99
15 65
5 77
15 68
18 97
26 45
26 70
8 20
21 6
7 85
14 10
14 24
14 93
30 99
19 43
3 48
8 100
15 29
6 77
0 100
9 49
1 43
10 98
8 1
23 80
3 47
30 56
3 85
11 77
26 37
20 71
10 36
16 41
21 72
14 33
4 57
26 56
15 41
0 7
2 43
25 4
11 44
20 3
27 42
14 69
25 48
30 89
24 98
16 82
1 96
21 10
21 60
6 13
1 29
27 22
28 81
16 53
8 30
26 59
27 36
22 6
19 4
8 71
20 75
27 54
16 19
9 36
20 51
9 23
3 29
5 87
5 19
9 78
9 13
26 100
7 91
5 31
9 17
15 43
4 80
12 26
19 11
4 79
21 23
9 61
22 89
14 16
10 10
21 79
5 46
11 13
29 2
5 14
1 46
2 83
2 37
11 84
0 83
22 49
12 31
22 42
3 24
30 71
27 22
28 31
11 62
6 35
18 19
13 18
15 2
25 34
29 69
16 37
26 97
0 82
25 5
11 4
17 79
9 68
3 99
2 36
28 97
11 7
26 87
28 49
6 69
17 55
17 30
3 30
14 23
27 30
21 22
28 12
27 6
25 6
17 75
20 22
1 67
13 33
5 58
9 66
8 66
22 77
30 37
26 61
8 11
14 43
16 63
20 86
12 89
0 97
20 98
16 4
16 88
30 22
29 62
3 36
18 42
2 68
0 14
24 89
21 53
7 33
6 43
29 25
4 35
23 54
21 3
5 63
18 86
16 29
24 20
29 80
6 13
1 49
20 30
29 52
25 34
1 92
11 99
27 91
6 34
5 14
1 17
14 60
19 97
24 5
26 47
11 82
19 49
5 57
29 32
1 58
30 63
13 24
13 29
30 64
25 31
3 74
27 81
1 84
12 61
24 87
15 61
24 100
28 100
22 90
30 50
25 8
22 85
7 20
23 55
20 11
8 68
3 89
17 16
21 38
22 40
12 37
10 47
13 8
25 27
11 10
2 79
27 17
25 67
6 44
24 47
26 13
27 94
23 57
9 85
15 80
28 81
10 76
10 11
5 69
15 77
4 79
8 87
24 6
24 27
6 79
19 8
20 56
19 64
23 27
5 51
24 15
11 85
14 75
5 40
17 75
3 95
9 77
28 75
9 100
17 17
0 38
24 26
0 76
29 31
16 51
29 9
14 24
9 37
11 39
16 32
12 22
2 30
21 58
11 10
29 6
16 100
10 73
20 3
13 21
26 80
11 59
4 45
17 91
5 19
7 66
5 92
15 91
30 49
11 86
17 55
15 22
17 22
19 27
3 72
10 9
5 87
29 43
3 31
26 29
25 27
1 41
14 57
0 44
22 64
18 95
24 41
22 33
17 66
29 50
26 10
24 88
26 87
1 65
20 21
10 72
4 77
30 90
11 3
8 98
16 83
28 68
2 50
13 48
4 10
1 59
21 27
10 27
8 28
21 75
13 39
25 39
18 71
22 18
3 25
4 12
2 26
10 87
27 33
28 89
8 4
18 23
27 72
24 58
7 72
12 63
7 56
9 100
29 1
17 21
17 40
6 68
2 84
13 93
23 85
19 88
1 54
29 63
27 26
0 75
14 52
5 36
0 77
26 68
15 36
5 80
24 54
20 41
29 75
14 6
23 7
23 40
22 78
18 20
16 61
27 93
18 42
23 94
2 98
8 67
7 14
19 54
20 60
22 15
4 42
23 44
15 33
13 82
21 65
20 43
10 14
9 48
17 62
27 5
27 97
24 53
12 20
25 52
30 43
23 75
15 95
1 12
15 24
19 33
12 76
3 4
2 20
9 10
4 80
8 45
26 68
27 60
17 10
9 36
13 26
10 88
15 50
27 73
6 60
8 80
19 76
24 15
6 45
13 39
13 12
11 42
5 78
7 48
1 55
9 53
26 85
13 17
13 96
16 17
16 56
5 28
29 85
0 36
4 24
18 34
22 94
5 16
15 6
27 52
1 61
9 34
11 68
22 98
3 36
25 42
29 12
17 1
4 6
28 37
10 47
10 82
2 95
27 50
17 61
16 62
24 87
1 48
17 66
5 30
8 89
23 32
11 93
5 25
0 41
4 83
26 27
22 75
15 3
18 94
13 82
30 78
2 23
24 26
23 44
16 71
6 35
23 11
6 68
12 38
8 91
1 96
2 41
25 92
21 36
8 73
26 90
2 47
10 27
4 92
30 31
15 54
18 12
15 16
8 86
0 77
0 68
1 38
28 91
29 85
15 3
14 41
14 43
3 97
10 35
21 57
28 79
4 12
11 21
11 21
19 19
26 67
22 12
22 84
23 85
7 91
19 23
21 12
2 27
29 67
2 18
7 66
0 7
9 53
1 33
17 68
18 34
17 80
12 19
0 5
9 98
19 32
30 38
20 9
26 19
21 26
12 94
22 30
28 68
14 57
26 16
29 79
10 83
21 93
5 62
1 60
20 6
23 59
3 57
21 91
25 100
8 71
25 42
13 22
4 68
24 50
20 45
15 51
21 31
15 29
11 54
19 96
19 13
18 16
16 80
2 19
18 42
24 5
17 58
3 53
7 33
18 19
19 91
19 64
4 29
7 45
18 42
10 32
21 92
3 70
22 9
24 35
15 90
0 83
30 18
24 45
4 28
18 76
2 77
28 79
17 37
3 12
16 90
5 67
11 63
15 71
18 67
7 94
19 95
0 82
10 73
1 89
11 97
16 40
14 96
2 73
2 55
18 70
1 5
15 29
22 62
17 55
9 70
6 29
25 57
19 80
1 90
24 9
27 26
5 12
24 71
28 52
20 52
13 63
17 63
6 18
0 39
26 18
4 56
1 67
21 18
3 94
13 83
21 16
0 74
12 69
9 84
3 50
4 8
24 51
0 70
13 62
9 6
28 75
4 78
21 36
21 66
22 2
21 26
27 70
4 34
24 52
13 45
21 60
18 14
15 82
12 35
4 49
3 21
30 90
6 93
8 97
30 56
13 63
22 63
28 6
15 2
26 59
30 55
11 67
24 70
17 51
18 36
3 48
16 17
6 74
18 95
11 29
30 69
13 73
29 95
8 5
26 91
19 49
8 59
24 96
28 91
29 84
29 9
11 67
18 95
21 10
29 7
18 1
19 73
6 89
26 94
21 77
17 75
19 56
15 34
3 1
22 33
29 63
16 91
13 99
21 62
29 55
0 75
1 47
28 29
29 43
1 12
11 93
23 62
16 84
25 37
13 1
14 90
27 14
10 36
12 83
1 23
11 19
13 60
2 36
27 72
11 88
20 80
13 86
0 75
30 12
27 74
28 47
12 34
29 29
4 40
24 49
8 9
7 7
8 24
7 90
8 94
11 83
17 78
0 12
7 69
27 30
10 57
2 29
19 23
4 19
7 76
20 89
0 79
22 41
5 19
17 34
27 53
28 36
10 42
24 14
9 93
1 80
18 75
3 2
0 51
4 14
30 16
4 10
27 69
19 38
26 70
11 95
9 34
21 84
2 43
2 30
0 89
22 38
6 89
17 2
10 16
19 71
21 79
7 30
0 86
24 91
19 74
15 6
20 63
9 78
17 51
7 19
30 55
16 41
1 49
9 92
19 89
20 57
19 88
7 72
23 44
29 69
23 92
22 19
21 24
4 3
29 42
11 98
2 65
21 69
0 37
5 62
8 46
16 70
22 16
16 16
7 23
5 45
2 62
16 8
24 55
26 19
4 39
14 96
8 44
16 11
0 27
29 36
16 68
23 42
3 41
12 61
3 66
2 19
30 86
7 36
28 50
29 16
21 69
22 19
1 11
12 31
21 23
12 80
11 14
28 74
3 76
25 91
6 19
10 49
6 89
15 68
12 7
16 11
1 97
14 2
14 43
13 50
22 74
16 2
9 80
22 69
25 19
30 15
9 27
1 30
0 10
22 63
22 38
18 59
20 48
22 94
10 88
1 49
6 17
29 11
5 56
27 64
7 57
14 91
25 55
17 12
19 80
7 45
9 93
22 39
16 6
16 30
0 13
21 3
1 39
5 53
8 18
3 98
7 18
0 19
10 22
21 98
27 16
21 51
10 67
23 16
0 49
8 10
8 44
15 76
11 65
0 76
11 51
28 26
4 21
5 8
30 86
9 19
19 86
2 70
21 74
27 25
11 28
19 23
29 82
6 68
13 58
0 93
27 53
16 42
10 69
2 73
5 57
18 33
26 73
8 1
19 88
28 2
21 68
20 77
1 92
27 90
27 4
18 42
0 38
5 92
7 72
24 71
17 40
8 41
20 97
1 9
2 55
16 82
3 8
25 80
14 35
17 94
3 5
18 81
11 89
13 10
9 33
26 37
3 26
3 61
23 47
22 1
5 5
19 6
23 15
21 62
27 57
28 59
30 54
28 85
8 38
19 87
30 79
3 73
15 84
2 53
3 75
24 77
19 17
30 30
3 60
27 75
9 30
9 38
3 99
4 48
13 52
14 17
29 6
1 87
5 44
24 96
23 15
20 48
16 42
3 68
27 20
18 60
27 15
13 16
30 31
27 46
13 35
21 27
23 98
19 45
23 16
18 64
0 88
25 36
28 74
5 62
30 69
23 33
16 9
7 87
3 39
29 96
27 34
21 86
0 58
27 47
14 14
25 83
21 3
9 97
1 66
0 10
6 17
22 13
22 83
23 11
0 50
14 89
8 100
16 5
10 96
12 76
27 50
21 14
14 27
19 59
25 71
4 8
19 46
21 6
4 47
9 70
29 78
9 27
12 92
26 16
3 63
1 69
10 67
25 87
4 5
8 27
10 96
20 79
18 88
30 93
7 25
13 46
6 53
25 88
26 99
28 24
6 53
24 10
30 73
10 42
2 54
20 99
0 29
30 38
25 49
0 73
3 94
13 1
22 26
18 14
7 5
24 67
3 72
7 4
28 35
0 76
28 49
0 16
5 68
21 30
0 73
28 59
30 90
4 77
1 93
12 8
25 25
12 20
3 7
6 19
3 63
21 43
1 6
18 70
26 55
23 66
26 27
9 8
20 16
14 46
27 36
26 8
13 7
2 28
10 8
12 3
1 62
24 35
3 74
24 36
16 25
29 53
23 70
8 100
22 17
5 41
26 45
25 11
12 20
8 1
7 77
15 9
20 28
8 71
8 71
1 41
23 78
27 25
1 72
24 22
25 86
7 51
8 56
13 54
30 92
4 90
1 15
14 52
4 64
30 35
23 3
27 32
25 55
19 14
20 70
3 25
14 24
24 36
27 92
6 65
27 96
20 9
20 92
22 46
16 18
1 5
14 20
28 50
0 13
29 59
2 42
16 73
26 48
11 95
1 46
30 98
18 56
30 62
28 47
1 26
2 90
20 54
13 61
2 21
6 74
6 34
5 56
4 2
14 81
6 73
28 58
19 29
11 50
18 64
19 78
23 26
24 78
9 25
22 61
6 24
7 10
26 59
19 20
3 11
6 81
8 67
8 81
17 31
3 97
10 69
9 54
16 77
17 39
19 93
24 62
24 98
6 27
7 22
11 90
25 32
4 42
15 46
4 42
6 16
13 79
17 65
22 57
5 81
22 59
10 4
14 39
11 90
27 13
9 23
9 84
14 30
7 45
16 72
16 5
14 45
21 96
13 50
5 54
19 26
29 4
27 3
28 3
9 75
0 34
9 16
29 56
5 51
13 83
21 41
9 1
14 9
6 98
18 46
29 40
10 55
29 32
30 52
27 52
17 40
8 85
5 27
22 4
15 64
12 58
4 44
26 43
21 7
13 24
18 83
25 44
18 8
8 91
1 82
0 79
3 63
12 79
3 14
2 23
5 83
1 23
30 50
13 40
13 19
3 60
12 99
4 61
19 93
28 37
17 22
17 49
14 50
27 94
9 58
1 25
0 43
27 37
13 70
26 40
28 56
2 78
30 79
19 48
2 27
0 22
19 15
12 2
14 64
8 89
17 89
27 40
17 63
22 60
0 9
17 11
22 32
18 12
26 4
29 8
11 58
30 5
15 32
8 55
11 25
15 94
30 67
10 61
7 28
14 37
13 85
4 41
9 90
4 19
13 73
16 49
6 20
16 85
3 79
24 33
20 30
23 49
18 52
22 21
17 15
28 70
1 29
25 100
0 4
29 56
30 73
13 28
12 65
8 30
30 53
27 68
30 40
26 65
8 69
30 90
16 68
5 35
6 95
29 7
3 49
19 85
12 76
6 34
8 77
16 97
5 35
1 13
30 50
17 99
27 82
0 4
2 56
30 96
11 43
18 15
11 15
7 84
2 56
2 78
17 71
27 71
22 20
27 37
10 27
6 60
30 78
15 59
26 18
20 13
7 85
22 75
22 83
3 91
28 44
10 16
24 9
16 68
9 28
4 94
9 32
16 89
20 44
5 77
18 68
12 5
24 14
7 41
28 36
0 63
10 92
13 97
17 66
26 64
15 30
0 90
27 72
16 18
27 58
29 41
0 77
27 29
22 19
29 68
10 88
19 99
0 98
7 94
13 32
9 23
24 51
17 90
4 77
2 75
21 84
21 1
18 98
2 38
2 78
13 3
6 84
21 68
28 71
7 93
7 80
15 28
30 82
25 21
21 83
24 35
23 56
12 99
19 19
23 88
17 72
21 33
24 75
21 33
26 69
16 26
8 30
19 52
26 4
17 47
23 7
22 40
7 89
14 15
26 68
4 5
30 94
14 78
23 35
17 99
4 77
4 57
24 5
8 73
0 61
28 95
12 24
0 7
4 51
22 82
21 22
0 15
15 52
22 78
2 70
6 71
18 84
19 28
28 85
11 65
25 16
7 8
3 13
20 55
8 39
3 10
11 62
20 24
17 24
27 69
8 6
16 38
14 31
20 2
17 91
27 27
27 88
6 75
7 96
13 61
8 10
22 95
6 10
3 66
10 48
5 27
1 30
9 65
20 71
10 99
7 75
27 15
6 34
22 47
26 78
8 16
14 20
14 28
4 61
25 15
2 52
28 100
16 35
7 34
25 8
13 81
9 94
7 64
16 25
14 57
21 82
28 23
16 73
17 77
14 67
6 58
5 90
9 38
4 37
8 22
3 2
28 17
13 64
6 51
23 71
13 84
15 91
10 15
30 29
15 37
18 7
28 29
16 56
10 47
30 31
20 48
23 3
19 1
30 43
12 90
0 17
21 38
15 56
15 76
4 78
26 15
7 11
19 3
8 66
7 25
28 29
5 87
10 55
20 65
18 69
21 91
21 93
6 79
7 1
12 21
15 18
18 35
13 10
16 56
8 81
25 51
29 7
13 13
17 86
18 96
14 91
21 17
4 65
1 86
11 59
5 94
17 71
8 61
22 21
15 83
22 3
21 92
18 72
7 10
9 46
14 9
4 13
25 35
4 18
13 80
3 40
12 89
30 98
21 25
1 36
21 81
7 13
8 79
3 55
7 98
2 76
23 49
4 5
6 22
30 97
30 32
9 46
11 64
12 55
6 61
10 92
25 18
28 55
19 93
14 88
21 41
8 54
14 84
25 21
11 22
12 18
14 62
10 70
11 55
2 41
25 14
0 46
26 58
1 6
14 71
21 88
24 62
4 97
23 91
30 61
1 64
12 58
2 52
26 25
13 47
20 52
28 14
3 28
4 29
22 96
24 91
14 93
6 42
7 50
5 75
23 17
12 65
16 40
9 40
14 5
3 96
22 92
28 89
17 80
29 1
27 72
11 15
30 83
4 23
26 16
17 43
3 25
4 29
7 86
30 33
2 67
3 50
3 95
20 77
6 7
14 31
22 81
1 47
14 32
9 18
29 76
23 68
2 74
26 50
1 50
15 2
1 8
8 56
29 53
25 47
2 93
14 18
11 52
23 52
12 29
15 38
11 99
10 3
0 6
2 11
1 40
5 70
17 52
11 69
7 16
7 76
10 20
19 62
21 26
20 57
25 71
8 74
11 31
13 93
17 92
0 78
11 61
1 11
17 50
0 27
6 24
18 75
9 98
19 64
9 40
5 37
18 71
3 43
30 10
5 60
24 100
17 95
0 86
11 53
22 38
0 83
5 3
17 91
3 49
17 24
23 5
25 36
23 91
6 40
30 3
21 11
0 31
5 79
17 80
28 13
20 6
0 23
9 30
13 33
2 65
14 54
29 36
25 22
21 2
0 79
17 17
6 59
17 96
20 38
24 14
28 48
16 88
13 60
18 78
19 11
25 43
17 84
26 65
14 46
5 34
8 19
0 42
9 57
28 91
1 81
24 18
20 96
12 84
14 65
28 16
9 40
14 96
30 15
4 53
21 31
16 11
8 74
23 91
30 21
22 52
26 46
3 64
5 32
28 46
15 16
18 37
12 70
17 61
0 12
9 21
1 10
20 48
28 8
1 51
11 86
7 44
22 16
3 42
29 10
14 30
24 99
18 71
24 82
9 93
26 98
18 49
11 50
15 45
10 56
29 18
7 19
30 31
16 69
16 98
19 88
23 31
6 79
23 95
3 61
22 23
14 40
1 42
8 83
28 58
30 87
12 54
7 7
17 12
15 28
16 36
14 78
2 93
1 42
30 10
30 56
15 93
22 43
9 3
18 99
17 31
17 17
10 15
9 43
12 81
6 69
10 40
10 8
29 28
17 50
20 48
30 90
16 70
7 15
18 84
29 97
3 79
14 61
15 40
9 75
14 19
30 50
3 46
12 22
19 58
17 27
30 53
18 2
20 17
30 94
6 23
3 83
19 79
19 6
13 48
30 40
8 84
5 38
11 53
23 64
20 56
30 70
29 7
22 83
3 78
15 11
19 19
30 35
13 29
5 61
9 27
5 57
9 46
15 93
6 30
8 17
13 38
26 48
29 89
5 4
3 65
12 16
6 45
6 73
15 16
11 20
13 80
15 54
28 54
18 15
14 41
10 34
1 30
14 4
9 8
22 16
29 76
22 64
22 40
11 58
11 66
4 12
15 50
18 52
4 68
21 58
20 15
16 64
18 51
24 63
15 47
4 47
5 96
19 31
0 79
8 68
0 94
7 60
3 6
28 86
13 75
0 56
4 34
3 51
15 6
4 91
16 60
24 44
17 36
23 25
22 42
23 93
14 89
8 94
26 19
9 11
20 21
12 97
24 40
23 32
5 14
1 85
28 23
7 39
22 59
30 34
1 21
12 94
22 33
13 70
4 3
7 54
27 57
7 93
8 61
27 4
8 14
0 52
8 14
4 9
3 15
13 94
28 100
28 86
2 61
18 78
18 59
3 92
13 93
29 86
2 62
24 32
28 63
18 27
24 22
19 15
5 8
10 85
4 67
20 39
12 8
1 59
27 54
3 85
28 50
6 26
24 86
1 69
23 78
1 6
5 66
0 96
8 41
30 39
6 51
6 83
2 71
4 11
8 52
3 33
15 92
18 97
29 70
29 22
14 34
26 58
19 76
26 85
4 48
1 70
17 52
12 80
10 39
18 39
15 20
5 73
19 46
13 43
25 59
10 7
20 82
28 23
6 89
27 40
30 52
1 50
18 98
20 73
28 44
12 70
1 88
15 70
8 82
9 99
11 73
13 87
0 22
10 43
24 90
3 6
28 29
28 55
9 71
0 43
12 5
30 42
2 75
23 88
15 87
0 43
18 19
0 43
23 29
10 10
11 40
11 98
11 89
28 3
19 35
11 17
2 1
2 92
25 30
24 99
1 55
4 2
15 32
26 66
26 98
18 99
8 1
13 75
8 67
16 3
26 69
17 8
30 73
11 62
2 8
3 63
25 25
12 30
24 18
29 32
6 92
27 86
26 14
21 32
23 88
19 5
26 14
6 54
20 49
26 57
16 34
7 12
21 82
8 19
19 28
27 26
1 36
24 50
29 73
7 43
23 41
7 67
22 44
0 73
2 68
16 18
26 13
30 21
19 57
17 25
5 78
20 44
28 2
29 87
4 79
7 65
6 24
0 35
13 59
18 59
7 83
15 59
26 21
26 16
4 47
8 15
26 29
3 73
10 62
4 8
9 47
2 99
29 69
19 16
17 37
10 39
12 93
28 23
24 35
29 83
27 52
10 71
1 57
17 65
2 36
12 100
10 7
2 42
24 76
2 84
21 67
17 56
9 97
26 27
21 91
5 85
9 74
7 32
12 93
24 12
18 74
2 21
20 13
26 53
3 25
11 44
23 72
11 10
12 95
25 56
12 35
6 74
23 31
2 21
0 85
3 9
5 63
1 56
30 58
4 36
2 34
21 88
7 89
18 36
22 6
6 87
20 69
26 69
2 20
27 41
17 12
9 77
18 14
13 59
25 11
28 72
6 16
8 14
29 46
18 6
10 55
30 58
23 34
12 94
4 11
18 44
16 4
15 2
13 34
17 37
28 48
21 48
30 63
2 34
26 100
6 66
30 24
18 38
23 47
22 56
25 9
26 97
4 93
14 58
3 87
7 12
12 72
17 83
15 70
20 20
21 27
13 2
25 70
21 82
11 43
20 69
3 40
11 21
20 53
5 14
12 53
4 90
14 22
29 81
1 73
22 69
21 38
7 58
8 56
18 62
22 54
5 50
5 21
9 96
24 83
8 46
12 45
21 93
18 54
8 94
30 60
21 45
11 94
21 94
21 39
6 73
24 14
12 26
8 92
15 93
16 56
3 31
10 97
6 69
5 12
8 88
10 83
17 31
27 63
6 60
19 39
8 61
30 57
7 37
22 1
20 2
23 63
19 99
7 41
15 96
25 98
24 8
15 13
17 95
10 75
7 19
5 92
25 17
13 38
12 65
19 60
8 11
11 63
23 63
2 69
26 81
17 43
2 25
26 58
15 18
3 97
16 57
26 3
18 64
22 50
23 73
8 73
18 15
30 48
19 75
17 43
16 74
27 8
21 4
27 99
16 27
23 83
4 53
29 76
16 80
14 74
0 64
0 57
21 84
2 21
20 12
30 1
14 43
20 66
14 36
1 37
8 10
3 86
21 76
13 43
25 57
7 25
6 13
16 82
13 9
28 17
17 44
23 58
24 46
4 52
1 26
26 33
9 39
23 45
21 21
23 35
1 3
18 67
10 95
16 81
11 67
16 86
2 32
5 96
27 16
29 94
17 57
16 56
10 14
28 84
13 31
18 47
7 30
14 4
3 73
4 68
11 80
21 36
8 64
20 73
0 34
27 53
11 14
19 13
8 28
20 62
27 47
0 34
12 83
16 80
5 89
21 2
1 61
2 88
4 9
24 18
8 67
0 91
24 2
10 41
2 10
21 98
11 52
24 9
3 10
4 22
20 77
15 87
9 76
9 28
14 79
3 15
12 39
18 60
0 99
27 74
8 39
6 5
1 63
25 65
30 90
21 54
15 79
21 19
3 32
21 92
17 10
23 83
7 15
14 38
27 61
22 8
16 8
25 83
20 9
2 79
18 74
28 69
27 57
1 99
27 4
29 52
22 65
29 1
25 96
23 4
24 35
28 64
0 53
22 69
23 33
21 43
25 79
16 36
19 78
1 80
25 44
5 3
3 30
11 33
28 40
22 47
13 33
5 72
2 64
3 43
2 40
10 7
18 28
15 65
17 82
5 16
23 81
16 88
3 1
25 83
27 66
5 57
2 99
10 97
2 25
10 62
29 51
3 56
18 100
10 14
5 83
14 41
9 62
30 29
18 81
12 52
0 10
16 2
24 64
26 21
4 96
23 11
16 57
14 48
20 48
3 8
4 26
7 43
12 27
13 67
26 97
5 98
2 95
2 38
25 90
21 59
24 39
14 1
26 69
7 57
16 58
9 58
10 54
3 76
19 55
15 18
10 49
9 19
16 14
6 40
8 67
1 36
16 42
13 50
26 28
7 42
2 49
6 67
21 52
1 57
0 63
24 81
16 47
5 27
0 69
21 100
26 19
26 54
0 89
19 2
29 21
28 2
2 36
9 62
5 73
9 36
13 1
28 96
27 18
26 9
19 5
15 37
21 45
20 21
27 20
9 8
29 16
28 7
30 78
19 57
7 88
7 59
20 46
25 56
20 98
16 83
15 40
3 77
22 80
2 74
21 12
4 60
22 1
7 37
3 80
26 19
1 12
2 4
11 93
30 92
12 29
7 81
27 35
21 24
15 68
0 71
16 42
26 36
8 68
26 50
21 72
2 27
14 91
10 25
17 50
0 7
7 49
30 58
18 56
24 57
14 20
7 81
17 34
1 33
30 50
5 17
24 22
20 68
12 77
4 43
28 90
1 94
27 78
0 54
6 98
23 85
9 96
30 98
10 64
13 72
22 3
15 87
29 98
3 51
2 7
11 28
4 44
7 39
18 60
15 83
27 43
14 88
9 52
28 65
28 47
23 16
19 83
12 96
23 43
19 79
15 51
26 30
13 90
4 30
13 10
26 21
14 92
0 72
22 60
18 43
13 95
3 100
13 72
16 22
22 5
22 54
26 57
0 76
14 13
0 79
29 14
14 3
19 66
24 93
24 28
23 46
26 10
13 55
12 78
21 19
13 60
18 75
14 8
30 88
22 54
29 20
30 100
26 54
14 36
27 42
25 73
16 46
29 99
3 82
28 2
29 22
4 64
27 24
23 1
2 90
2 77
12 75
13 90
28 45
14 25
23 94
5 44
3 78
20 44
5 30
22 14
9 96
15 68
16 50
28 2
20 25
29 82
22 63
14 79
9 47
7 25
2 62
17 10
24 83
27 42
28 65
18 13
21 95
26 57
27 93
9 61
14 54
9 38
20 76
19 92
17 7
26 60
4 98
15 77
25 31
20 94
26 48
29 74
1 41
19 18
27 27
9 43
0 40
3 83
25 66
28 5
8 82
9 11
22 76
1 68
15 71
1 95
5 73
30 97
4 46
11 41
14 23
7 45
8 96
26 93
25 33
4 74
15 51
20 13
23 16
5 26
1 36
20 10
6 26
19 56
22 32
5 24
10 40
18 8
14 78
2 69
21 29
9 89
26 20
28 18
4 43
9 40
27 7
27 9
0 1
1 58
24 75
1 25
5 69
17 53
25 77
11 71
22 91
19 65
12 82
6 10
19 12
10 98
28 62
0 40
15 19
12 14
13 47
5 47
10 26
21 15
2 43
13 71
8 12
30 31
21 37
18 35
10 23
22 61
2 37
5 87
16 51
5 58
16 29
29 28
14 77
0 60
11 20
12 65
6 97
7 82
20 94
8 72
4 98
24 77
0 22
7 21
15 89
5 62
17 63
24 72
20 63
15 22
16 38
20 89
12 71
6 96
29 99
23 83
29 95
18 76
30 24
7 44
15 54
14 73
19 88
28 77
4 100
24 80
11 66
20 93
6 5
16 46
9 5
7 80
7 65
0 27
14 13
17 21
0 78
28 48
22 61
29 59
4 43
24 64
20 100
23 61
16 44
16 89
22 35
15 19
27 84
22 85
9 56
26 13
18 97
27 89
5 38
23 63
19 18
25 50
20 71
18 52
29 58
2 52
3 74
23 26
5 100
19 81
18 67
24 24
10 34
23 26
10 8
5 15
9 31
30 64
22 68
21 21
25 34
6 28
16 94
16 27
30 40
14 36
24 48
12 1
14 57
28 19
25 35
15 32
19 24
18 14
2 80
28 16
11 50
12 7
30 49
11 75
0 27
24 13
26 36
5 30
12 43
16 47
22 91
13 10
20 32
19 90
27 33
17 60
23 99
23 29
24 26
5 19
9 18
6 48
4 33
21 90
13 78
30 96
18 14
9 42
19 28
7 14
1 63
5 1
9 26
0 95
17 11
17 97
30 68
26 68
10 79
24 11
1 58
23 62
10 21
8 30
13 31
8 85
14 89
3 26
6 1
5 33
25 17
1 42
23 49
6 30
2 4
25 46
24 45
26 13
14 43
23 89
5 57
15 3
18 50
19 10
3 70
12 41
29 24
11 32
12 95
5 27
4 14
8 14
1 38
7 91
14 93
5 81
14 26
4 40
6 61
2 12
13 8
22 70
30 56
13 75
5 29
29 40
12 25
18 5
30 57
8 61
3 76
28 83
30 76
13 13
14 64
7 8
30 11
3 94
6 44
23 8
6 14
8 6
10 81
2 33
20 95
12 80
11 41
21 49
5 92
5 7
1 71
26 27
21 69
25 26
19 96
11 44
0 70
20 62
30 93
2 22
27 53
13 68
25 88
11 90
13 5
20 85
24 48
15 55
18 7
6 51
27 13
22 35
0 59
1 56
5 28
21 30
6 81
12 56
11 24
17 8
9 61
22 98
0 92
14 98
29 18
18 20
27 2
29 61
3 77
1 58
17 65
13 33
0 78
14 96
1 98
2 56
9 31
3 87
30 31
30 65
13 3
14 58
29 27
0 7
16 68
20 70
4 95
12 57
11 26
11 35
28 82
9 28
23 47
6 52
22 47
25 67
2 83
8 63
14 84
17 56
0 91
8 73
7 56
25 55
15 99
25 43
2 36
10 54
29 13
22 15
11 17
5 85
28 84
1 25
5 69
4 34
0 82
18 82
11 95
22 11
10 47
17 71
23 43
23 62
27 58
7 51
25 20
20 50
21 58
29 26
7 92
26 31
29 97
26 34
27 84
22 45
2 47
12 72
2 13
11 5
20 87
11 71
11 66
13 17
7 45
23 65
25 71
10 94
21 40
4 37
25 47
23 79
27 58
12 6
7 17
0 49
16 21
8 14
13 41
7 91
27 39
26 73
11 83
25 26
20 100
24 11
15 68
2 34
15 6
20 29
8 51
7 69
27 56
27 19
27 77
23 59
6 76
1 14
18 99
28 48
26 37
3 17
7 76
1 83
29 83
14 55
15 91
6 89
17 74
25 17
13 56
26 48
19 62
26 56
0 94
26 32
6 48
15 4
27 14
8 1
25 10
7 31
29 53
21 68
7 78
18 41
0 29
5 19
27 83
8 6
3 35
23 27
15 89
16 27
18 54
13 87
22 1
22 11
2 93
26 75
19 14
10 7
29 3
10 6
29 89
11 42
15 8
6 60
8 12
28 32
11 32
28 99
19 82
6 64
18 63
23 83
1 97
6 92
12 38
9 3
3 35
7 95
7 48
26 88
27 20
27 64
18 14
11 11
5 10
25 91
29 91
1 29
25 39
2 44
25 3
19 15
10 75
29 22
30 56
10 98
19 41
23 63
24 65
15 73
10 47
23 3
25 1
22 28
25 72
18 51
14 74
25 26
22 77
30 65
11 97
24 18
12 81
16 55
0 51
2 24
18 29
24 57
29 72
7 27
20 22
10 55
9 38
29 23
27 66
25 85
16 50
24 90
30 89
28 94
21 81
27 79
17 51
2 16
21 48
21 75
14 32
9 89
0 47
12 11
26 16
5 72
13 73
7 55
30 30
15 52
11 73
4 67
27 55
26 21
23 20
20 32
27 26
8 16
16 90
21 30
11 42
28 1
4 42
26 2
0 7
21 39
28 29
13 80
1 62
16 48
23 2
18 39
12 88
21 60
25 48
30 13
15 21
18 68
11 69
17 64
26 49
10 76
30 11
6 55
29 3
0 84
4 67
29 9
19 64
28 46
25 20
2 68
16 66
15 97
13 65
22 44
27 5
12 47
23 83
19 6
11 36
29 79
19 46
23 20
29 58
30 49
27 65
1 81
6 99
23 38
9 32
27 49
23 39
3 98
30 57
13 93
19 93
24 30
30 33
16 23
15 34
12 24
24 66
25 77
22 18
21 79
18 36
13 18
7 49
6 82
1 42
29 6
17 6
14 74
8 42
12 49
16 83
14 2
4 49
3 6
21 18
6 62
14 23
24 62
21 100
1 30
20 76
14 38
3 95
2 38
27 8
13 15
22 4
16 1
15 33
30 42
9 73
27 81
15 100
10 90
4 13
6 45
5 3
12 35
4 25
8 16
28 79
26 50
30 64
21 13
9 64
29 2
21 58
7 97
29 41
23 12
19 60
29 54
2 51
3 50
29 32
6 63
15 43
29 2
19 14
1 63
20 28
9 67
12 40
17 59
5 48
15 86
29 98
26 12
14 67
29 27
6 87
10 1
24 53
16 10
19 78
12 85
7 23
17 39
16 48
1 47
4 57
11 83
19 25
12 95
3 53
26 1
21 89
8 62
26 12
19 71
2 51
20 55
18 53
30 33
25 89
9 40
16 77
12 96
11 9
28 74
10 17
5 3
18 3
9 94
9 28
11 21
24 51
21 63
8 39
15 41
24 42
5 76
28 45
7 15
25 40
11 64
16 3
23 53
21 78
29 52
24 39
15 39
8 56
17 68
9 85
24 95
30 92
0 75
19 15
13 18
8 64
29 39
7 35
6 43
28 31
19 96
24 58
2 69
25 7
27 94
9 45
6 67
27 60
10 16
13 41
13 78
23 8
6 63
17 52
6 78
16 37
12 89
14 84
3 63
23 76
22 14
20 57
10 82
24 35
1 97
19 31
22 41
6 98
20 62
22 32
14 2
13 43
21 72
2 100
9 54
8 77
19 11
12 8
19 95
20 42
19 1
8 23
8 20
25 45
30 41
2 44
20 93
28 77
1 61
1 83
22 65
2 82
26 38
29 80
2 74
26 26
11 5
27 76
24 60
8 96
25 56
30 29
14 68
25 31
12 30
0 6
25 22
12 54
22 12
10 52
19 66
28 3
30 30
30 1
21 53
20 38
10 53
6 90
12 61
18 21
9 9
20 12
9 46
6 26
17 43
9 1
20 54
23 96
12 30
28 30
0 7
25 85
10 95
17 92
0 28
21 20
18 8
22 82
9 22
1 47
1 55
21 51
12 84
14 67
1 73
23 30
17 80
26 50
26 29
22 60
29 49
13 96
29 25
19 14
11 35
4 36
17 41
0 55
27 27
30 50
23 11
14 24
5 100
7 61
29 38
20 54
3 15
23 2
30 30
2 38
14 59
1 86
16 67
26 91
0 58
26 6
24 86
26 59
1 73
9 1
0 24
30 7
11 3
2 10
8 100
18 75
27 50
11 19
28 43
26 21
11 77
26 15
5 63
27 91
30 70
26 85
25 90
9 22
16 83
6 8
19 18
14 39
22 91
1 8
12 23
19 75
5 16
9 98
4 62
28 15
23 10
11 77
19 83
10 28
4 53
28 43
6 23
0 21
1 71
1 17
1 29
28 33
25 2
23 9
28 79
5 86
29 4
23 33
23 33
2 3
5 11
20 33
25 62
12 98
3 83
5 27
7 57
23 15
0 30
17 31
12 14
24 49
23 41
23 42
10 50
23 20
14 45
7 2
19 80
7 38
29 93
9 47
12 80
22 9
24 10
30 81
16 61
30 18
20 78
24 78
2 78
20 86
23 78
23 83
8 39
23 96
13 67
12 15
27 41
3 67
15 33
1 68
10 5
9 46
16 73
21 20
30 47
3 59
21 81
10 53
20 31
8 84
13 88
14 9
0 67
19 59
27 63
25 12
1 39
12 33
21 51
27 16
18 34
5 82
24 90
15 93
22 1
0 80
17 78
20 38
10 29
19 96
6 27
6 39
24 93
19 42
9 76
5 70
22 44
18 11
6 77
1 82
28 100
11 21
8 40
28 4
17 30
16 85
8 62
6 56
10 50
26 54
29 49
26 97
7 9
2 43
12 26
1 84
7 85
7 75
3 71
26 73
16 32
15 20
19 47
2 22
19 4
2 52
10 37
12 11
23 97
17 68
10 24
2 55
17 24
5 50
23 21
3 84
6 53
11 45
19 77
24 36
14 83
5 37
7 22
6 91
5 63
17 78
22 15
22 28
27 55
6 98
26 12
27 92
22 62
15 86
9 79
13 39
2 95
14 46
30 42
25 71
1 55
9 71
22 27
11 63
4 69
25 49
14 10
6 72
9 78
7 70
10 39
29 33
1 67
9 74
8 61
16 84
12 92
2 97
15 43
29 4
21 62
10 70
6 54
29 88
6 91
25 32
10 45
30 49
24 100
0 81
13 34
26 48
9 15
8 72
9 19
8 45
8 97
17 76
16 50
2 70
0 65
25 47
22 28
6 44
28 47
19 40
7 73
24 18
24 69
14 41
18 31
15 18
20 33
15 56
3 51
22 74
5 39
27 9
12 20
7 8
30 53
25 89
15 63
29 33
30 38
30 48
19 84
27 35
6 93
23 51
23 73
25 90
30 47
16 67
7 69
16 26
11 60
18 70
23 14
9 57
19 60
2 99
19 51
15 96
3 63
13 5
28 99
0 75
8 69
0 61
28 15
1 57
27 83
26 55
24 71
0 60
11 53
16 28
22 67
13 63
13 29
18 81
16 31
11 81
13 38
3 13
1 32
1 69
24 43
30 99
5 38
28 55
4 60
6 82
13 16
7 26
9 88
11 38
21 56
13 75
9 84
22 96
5 68
14 8
14 84
12 75
16 61
21 23
19 72
23 26
2 42
23 34
26 52
27 97
21 84
6 79
26 69
27 77
15 17
19 80
18 78
15 96
15 82
26 52
19 62
12 69
19 47
24 34
2 66
4 62
0 54
19 84
11 56
26 17
14 47
30 81
7 33
22 21
14 12
5 75
30 14
8 97
27 95
22 37
10 47
12 29
20 53
30 56
8 9
2 68
1 74
16 62
11 50
25 42
14 56
9 56
12 91
20 49
10 95
20 59
27 22
8 60
9 88
1 78
18 36
28 84
13 22
24 26
19 60
2 63
16 45
6 19
29 56
2 61
22 1
9 55
16 86
5 6
16 46
1 4
2 63
27 67
19 58
20 46
16 51
4 79
18 98
19 9
17 23
16 10
9 88
25 82
25 2
28 56
17 52
10 81
25 99
30 6
19 96
16 56
18 99
10 57
5 75
13 7
22 2
25 47
29 75
30 92
30 6
1 55
2 42
20 98
20 89
28 92
22 40
3 50
27 100
12 4
27 27
26 14
18 38
16 82
30 88
20 45
30 76
15 43
27 45
2 73
11 37
3 47
16 70
3 83
30 44
14 62
5 81
16 95
24 74
5 8
6 9
8 56
29 87
10 9
24 78
14 90
23 97
23 46
7 28
0 33
23 33
2 69
21 51
26 11
21 15
15 20
14 88
27 77
17 35
28 86
28 25
4 28
13 78
16 73
0 13
11 10
0 94
24 52
30 62
29 51
9 66
28 98
7 3
0 8
1 93
26 11
17 45
15 56
30 58
9 11
8 68
10 89
14 61
0 65
4 89
2 77
14 19
30 87
15 79
27 82
24 75
24 13
6 2
6 79
7 66
14 48
17 94
14 33
12 4
27 77
9 86
10 52
19 10
22 80
17 55
10 15
14 37
19 97
30 38
18 81
0 3
3 46
13 16
10 51
17 47
6 61
25 61
8 71
15 30
15 55
2 10
4 1
20 98
3 28
1 38
19 41
2 65
18 7
7 63
21 7
25 70
28 28
22 84
17 50
14 70
23 1
24 23
9 99
0 68
18 22
26 61
28 83
19 9
9 20
29 67
27 72
6 53
28 65
18 87
10 4
26 34
2 66
5 90
11 72
11 69
26 52
12 44
9 28
27 64
21 31
5 67
21 78
19 63
6 1
7 93
14 15
5 2
30 51
26 98
17 1
0 45
11 87
23 88
21 94
16 62
3 83
17 19
6 84
11 21
10 83
12 73
29 53
23 22
9 94
5 91
4 90
10 86
14 50
1 9
28 100
23 6
2 97
6 98
7 87
24 44
21 43
27 71
8 71
12 82
26 12
16 5
1 11
10 32
10 76
11 50
2 49
21 81
27 88
3 1
8 38
2 22
8 24
4 55
28 38
0 89
25 38
1 67
7 22
14 96
27 20
15 35
26 32
27 17
24 15
0 67
19 80
12 93
29 59
17 75
13 25
6 58
29 80
1 20
13 90
20 46
12 96
7 2
27 44
12 95
18 91
18 29
4 89
9 45
0 33
9 69
8 3
28 21
4 94
24 82
11 77
23 16
20 52
16 79
7 59
0 48
14 87
27 25
16 67
22 71
6 66
29 68
13 64
30 59
16 24
4 9
25 73
25 68
24 60
30 32
23 5
5 87
19 24
2 13
3 16
2 36
4 27
9 84
27 32
13 97
18 43
1 98
22 67
26 20
28 32
6 52
21 39
17 6
19 29
13 84
28 46
23 79
21 95
20 21
15 63
15 7
18 39
20 60
3 89
0 67
11 18
30 49
8 10
21 17
6 40
15 89
27 64
25 5
21 3
10 57
5 95
6 70
4 5
18 8
3 83
9 95
3 84
20 80
27 61
18 16
10 40
15 77
10 55
4 54
14 18
28 18
8 36
21 80
12 59
7 65
18 52
25 78
12 24
3 92
2 25
3 41
12 99
21 91
15 48
12 16
8 2
19 44
30 94
6 72
30 84
21 66
5 69
10 26
5 47
13 56
13 26
5 67
18 10
24 68
9 18
19 100
4 93
1 5
24 74
21 43
21 17
2 60
9 29
3 65
19 18
29 95
9 75
20 1
14 16
1 77
15 39
20 10
14 66
22 30
25 80
13 89
28 47
1 80
28 1
3 39
2 88
0 5
1 12
13 60
14 87
16 3
9 100
11 88
22 35
24 34
0 100
21 83
13 66
27 8
16 91
22 29
17 28
26 82
0 78
2 30
25 76
3 37
13 71
12 76
22 62
3 100
2 34
22 73
12 5
21 20
15 24
0 49
27 34
16 13
14 28
8 94
10 13
12 52
18 44
27 71
0 87
11 34
3 20
27 56
26 100
13 28
15 28
22 87
9 88
22 86
29 88
17 21
6 83
8 73
15 77
11 69
12 71
28 33
15 25
5 8
6 56
7 72
24 66
3 83
16 78
15 59
21 25
12 8
23 95
11 97
25 82
13 68
18 90
15 47
9 61
10 17
28 4
29 72
20 2
7 71
21 8
11 2
11 29
20 60
2 65
18 24
26 66
20 35
5 61
2 84
20 42
20 60
6 78
26 32
2 74
2 67
7 76
18 26
22 8
23 71
17 82
3 46
24 57
6 54
14 22
25 84
2 30
5 77
5 87
4 21
20 77
30 54
9 10
0 34
7 48
19 56
4 28
17 63
1 45
30 30
16 96
6 6
10 24
27 16
29 21
6 87
24 46
28 84
13 43
22 70
19 71
28 14
2 27
13 55
19 27
21 16
26 10
7 17
22 12
9 46
21 4
19 18
18 10
17 35
17 85
21 55
15 11
25 15
9 66
24 32
12 49
15 91
21 59
9 30
5 34
29 14
7 7
18 71
13 52
29 19
29 32
13 31
5 45
5 33
16 100
1 30
20 43
14 71
20 37
30 91
13 35
19 60
11 31
3 4
17 28
9 95
24 8
13 31
1 65
28 7
8 81
24 74
3 67
20 71
11 60
20 43
23 60
7 1
3 89
19 96
24 53
4 46
7 85
23 1
15 36
25 68
17 95
16 54
3 8
10 38
8 73
4 69
30 71
5 76
7 75
11 74
18 8
11 17
23 66
3 78
8 29
3 33
13 92
12 56
0 45
10 35
8 49
12 58
9 33
22 6
9 24
25 90
7 5
9 78
8 39
14 78
22 42
9 27
0 95
23 51
20 26
25 80
12 43
4 63
22 87
9 22
8 50
7 72
11 70
30 100
28 83
12 46
1 75
1 96
23 62
2 88
30 93
30 59
18 9
29 95
27 37
5 12
5 76
4 86
15 85
2 63
5 39
13 18
23 67
14 14
12 16
24 5
28 1
23 19
25 65
9 54
15 97
11 100
12 27
30 2
4 78
13 79
4 25
21 68
19 11
18 35
26 58
4 2
14 11
2 99
28 59
6 68
5 3
0 26
6 10
6 29
10 6
1 47
13 95
14 36
3 20
20 28
0 20
22 87
3 34
18 95
19 13
9 5
10 30
8 26
10 59
23 25
0 95
18 48
6 100
22 93
8 85
4 61
22 56
17 72
30 59
17 30
28 50
30 28
5 50
27 14
17 95
12 86
6 24
16 81
16 59
17 7
4 11
23 36
23 70
25 19
26 79
19 91
26 4
22 45
28 64
18 22
16 18
25 95
20 24
6 57
1 49
10 23
4 2
21 29
25 13
10 59
15 76
11 9
29 64
2 48
11 55
20 83
15 53
15 91
22 14
25 12
23 84
10 68
0 34
9 86
23 65
15 95
4 55
30 88
3 25
25 54
7 22
2 67
6 99
22 89
4 4
2 47
6 2
29 65
6 18
26 79
29 80
14 39
12 71
28 82
5 33
5 97
25 58
6 61
11 56
4 48
22 2
7 58
30 61
9 54
19 6
9 50
27 55
0 3
0 35
8 43
6 56
0 35
1 78
25 39
18 93
2 64
5 80
14 52
6 88
13 42
4 26
1 62
16 44
21 11
21 73
22 73
24 37
0 91
18 62
10 25
21 88
16 75
17 18
24 59
21 11
29 82
30 62
6 34
14 67
24 40
1 36
8 14
19 5
22 55
28 26
8 16
5 8
14 98
26 62
2 5
8 54
4 76
2 17
18 44
26 68
2 92
6 72
3 62
30 60
10 64
23 73
8 96
1 78
16 49
18 4
22 75
5 52
14 64
28 87
18 78
6 36
26 40
2 23
5 75
10 24
26 3
13 99
14 35
24 60
1 88
5 7
26 13
21 70
9 23
7 15
24 21
10 66
26 88
20 5
20 79
25 14
7 31
19 34
16 75
30 54
22 5
13 52
16 43
15 3
29 96
7 39
5 65
1 20
15 68
26 16
15 96
21 35
22 47
3 91
16 86
26 97
26 80
17 89
17 21
6 92
14 7
17 68
24 31
18 85
26 43
23 45
8 10
30 85
12 81
2 46
7 75
25 29
6 48
6 46
3 55
25 63
15 24
10 27
22 44
3 23
11 11
10 36
25 40
15 83
0 2
22 32
20 80
5 35
0 51
18 4
18 40
22 90
7 8
15 32
12 28
7 28
12 27
16 97
29 1
30 26
8 29
4 89
8 97
15 37
3 8
22 43
4 47
26 68
3 55
3 92
5 63
15 78
17 48
0 4
18 91
17 17
10 85
9 47
26 66
6 65
4 74
25 62
18 34
19 71
2 56
2 1
18 20
5 59
17 32
18 36
18 43
30 98
7 52
25 47
11 12
30 27
7 13
19 71
22 60
8 71
8 22
3 63
8 94
2 15
30 26
2 46
14 20
1 93
0 61
17 31
11 16
7 29
22 62
22 95
2 69
19 77
11 64
7 86
20 100
11 73
16 7
7 24
24 36
25 28
27 70
25 75
24 83
22 10
16 82
12 43
25 74
16 39
14 61
4 5
16 67
10 79
8 71
13 14
17 77
5 76
29 39
29 69
3 95
30 43
6 3
19 1
28 92
3 92
27 47
21 39
23 54
20 5
25 62
0 84
26 34
2 78
15 68
4 95
22 55
23 62
22 15
20 85
22 16
29 59
2 77
14 72
11 8
30 32
7 26
4 48
17 72
10 11
21 23
26 36
22 43
12 100
18 73
13 42
7 85
4 53
2 52
11 38
2 38
4 45
15 3
1 75
13 75
7 100
29 38
8 84
14 30
1 4
3 94
6 58
0 96
20 51
12 98
10 47
26 8
0 36
8 60
18 60
14 87
30 63
4 56
6 72
8 61
17 8
12 80
5 12
23 3
19 93
15 68
5 87
27 86
1 57
13 43
12 82
18 41
28 90
27 67
12 62
29 89
13 50
13 32
18 100
29 47
14 69
5 9
19 96
4 69
11 95
28 33
3 92
16 53
2 80
14 34
14 41
8 76
21 50
7 48
5 9
24 68
18 66
8 27
22 27
19 5
24 39
29 6
19 26
22 93
18 75
24 93
0 41
8 90
6 80
18 70
4 21
18 24
26 68
17 48
12 36
20 68
29 48
4 50
14 44
16 81
26 78
14 86
4 58
1 31
30 59
12 97
25 94
8 63
27 57
20 13
21 74
29 72
16 14
7 90
29 11
10 47
22 93
21 9
11 38
5 3
17 92
10 99
30 10
16 22
4 61
14 81
2 15
7 64
8 89
10 94
20 22
20 80
5 20
2 37
29 91
3 40
12 36
27 60
21 8
22 44
22 45
5 78
3 16
28 87
3 70
16 9
18 51
1 89
9 60
2 94
10 22
27 19
14 100
11 5
22 83
13 56
0 84
25 67
6 19
26 15
1 26
25 18
12 74
1 86
18 69
6 34
25 77
20 14
9 2
7 89
25 12
10 95
9 61
11 49
30 1
11 67
7 5
26 58
21 83
0 12
23 91
6 79
22 69
13 40
16 22
21 33
2 34
7 5
19 70
0 19
4 42
3 19
20 79
9 50
16 59
26 41
18 77
4 15
2 16
1 33
8 50
29 11
12 54
24 97
3 24
25 6
1 48
3 72
6 64
16 50
30 87
23 10
14 18
11 95
15 94
25 50
24 78
15 98
6 55
17 11
9 99
22 37
4 15
30 75
8 89
2 17
22 14
20 96
15 18
8 18
22 44
20 82
8 73
8 3
17 4
30 84
30 28
1 1
10 98
9 67
8 83
7 47
29 81
1 32
2 66
11 29
13 74
4 14
4 88
29 94
21 15
2 77
16 80
22 42
22 2
10 4
29 97
22 77
16 12
30 77
15 96
17 79
9 55
24 70
23 29
11 32
26 77
25 88
20 64
24 66
27 78
7 87
1 73
26 18
5 73
26 89
8 66
15 91
14 64
18 11
9 53
10 30
22 39
23 31
25 37
12 66
6 100
11 75
30 85
15 56
27 83
14 93
4 27
17 28
28 57
2 40
19 11
20 58
9 40
29 82
7 31
16 29
0 92
16 49
0 28
29 61
23 43
14 54
29 4
5 37
8 89
18 81
9 91
18 78
10 28
29 82
14 59
2 97
19 36
22 20
2 41
21 11
28 96
24 91
11 59
7 89
4 74
7 12
7 81
0 100
0 38
25 3
2 90
19 16
7 98
0 88
4 50
6 18
11 66
1 21
11 76
12 73
2 8
28 85
30 90
28 46
2 50
3 85
3 12
11 80
17 25
13 58
25 85
12 51
25 65
6 41
23 99
14 21
30 97
10 60
6 92
10 32
6 19
7 91
11 88
29 62
19 29
27 56
0 68
5 3
6 74
28 13
28 100
14 91
7 97
26 12
14 34
12 60
2 35
29 39
25 19
0 6
0 71
23 79
11 34
13 7
18 79
14 75
0 88
10 72
15 100
2 7
30 34
9 70
18 45
22 21
0 33
24 9
10 43
13 44
27 4
16 65
1 35
12 33
17 43
22 39
22 60
5 43
0 32
14 25
17 89
26 93
0 12
2 30
27 72
29 53
8 6
16 63
28 38
9 34
4 26
12 57
20 79
3 66
16 84
27 74
16 96
4 22
7 20
6 95
5 100
29 99
4 51
2 43
28 84
9 1
1 89
0 44
2 94
24 87
5 20
21 3
28 34
26 90
11 30
15 99
12 2
7 87
27 93
1 93
26 31
16 79
5 37
14 95
30 27
9 90
8 9
14 94
7 11
21 36
29 67
2 68
27 78
2 82
10 24
20 28
23 49
10 96
1 18
5 13
10 95
4 21
29 55
27 40
24 52
6 6
6 65
10 13
26 6
15 78
16 43
30 30
14 39
14 77
17 10
11 33
1 74
29 40
2 65
21 70
17 68
0 31
22 29
26 51
19 39
21 28
10 77
13 2
2 38
14 54
8 43
18 18
0 17
14 79
25 79
9 24
8 31
2 35
15 94
25 4
17 71
14 97
4 99
10 59
21 87
30 6
25 83
30 63
28 70
18 64
2 82
10 43
26 10
16 63
2 82
7 36
2 9
8 35
29 73
6 50
1 36
24 50
12 18
5 58
11 11
29 49
9 38
6 39
29 74
29 40
18 47
1 1
27 74
19 16
1 43
10 39
3 31
29 23
10 24
30 45
24 28
17 57
10 66
15 46
22 64
13 79
30 51
14 54
2 38
24 60
25 81
16 1
3 100
12 77
17 40
12 67
21 53
25 2
21 41
17 6
25 75
13 72
18 3
6 78
29 96
24 42
15 91
17 91
1 29
14 40
30 83
26 82
12 66
4 80
23 83
2 41
26 33
11 4
25 4
23 72
20 40
21 58
25 54
20 71
14 60
27 28
30 38
29 94
9 5
19 88
27 12
25 42
27 34
0 32
12 30
29 6
9 3
12 99
27 57
17 39
27 49
14 86
2 13
23 29
6 31
8 99
1 88
5 13
11 43
24 4
28 38
17 57
23 70
3 33
14 17
6 39
21 33
10 57
15 82
4 8
16 48
20 68
17 45
6 19
14 56
10 66
3 32
24 24
0 43
15 65
22 4
9 94
1 29
9 11
8 60
24 56
30 53
27 32
28 82
18 78
29 26
7 48
17 63
18 97
27 7
6 62
4 23
30 7
13 18
24 15
12 17
13 67
5 34
10 85
21 33
16 98
11 77
1 20
30 95
28 11
5 76
17 83
21 61
4 63
8 76
24 87
6 8
8 43
16 32
23 58
2 89
9 65
0 17
3 58
17 30
4 36
19 20
20 8
1 19
29 88
4 82
3 98
22 83
28 96
24 4
0 30
4 33
23 44
21 57
13 60
4 92
24 85
28 29
21 78
2 38
1 8
22 6
10 28
2 19
30 19
27 76
27 32
21 10
21 11
9 59
23 86
19 25
6 18
6 58
3 57
13 7
7 61
7 10
30 65
3 97
15 8
14 89
14 98
12 17
28 91
1 96
15 37
16 7
26 23
23 86
9 71
18 95
0 17
11 52
5 36
4 98
30 96
27 5
24 93
29 86
28 68
14 14
14 41
13 6
16 47
27 31
24 59
18 26
29 40
2 18
4 99
17 65
26 14
12 87
18 80
7 100
29 18
2 16
6 65
8 68
9 73
15 62
8 71
13 17
13 8
11 3
21 1
24 67
1 43
30 85
12 41
24 47
9 6
15 88
29 63
6 78
16 7
3 40
24 63
8 57
5 94
18 79
12 38
30 90
18 68
25 90
27 84
19 23
19 27
22 28
12 28
10 40
7 63
30 59
28 98
11 12
8 32
0 96
21 94
6 66
15 93
0 35
24 63
13 8
0 8
28 34
17 47
12 14
17 37
0 82
9 14
10 11
16 29
15 94
29 94
9 47
28 9
1 21
18 69
25 71
12 5
1 75
5 64
2 53
6 94
9 14
29 10
4 50
29 45
27 2
26 8
7 37
9 49
18 94
19 26
14 45
18 5
30 94
19 5
1 50
28 74
21 64
17 72
3 75
11 6
28 48
0 20
29 53
0 22
5 96
9 65
12 26
18 96
18 74
4 1
1 5
30 85
20 44
10 63
13 72
25 28
28 21
16 67
17 82
27 95
1 60
13 59
2 38
28 11
0 7
27 77
23 28
6 29
30 6
3 98
13 18
26 5
24 93
12 99
26 85
22 11
9 50
29 76
25 89
20 85
5 31
26 54
23 29
23 30
11 42
29 99
2 50
27 85
23 15
6 65
26 37
1 38
29 37
20 75
22 17
28 44
12 9
14 25
1 77
15 93
18 21
23 65
10 56
10 44
3 100
6 17
5 52
27 4
23 20
25 51
29 42
7 8
7 32
13 85
21 23
3 76
19 44
24 56
11 59
13 91
30 53
4 77
20 10
11 90
26 6
29 43
4 59
6 58
18 97
1 53
4 77
26 42
4 100
28 43
1 34
5 32
4 88
17 24
7 41
13 37
22 11
16 4
2 52
15 47
1 30
17 1
22 31
22 34
11 77
14 99
28 31
29 92
5 71
22 4
0 77
15 40
26 97
7 1
27 39
9 48
2 78
9 83
23 40
21 92
0 60
5 97
15 46
26 50
21 4
26 61
13 4
25 10
30 78
13 85
29 51
22 44
6 36
2 76
16 37
20 66
3 34
28 77
20 83
18 65
0 4
15 37
10 24
18 14
4 15
7 13
18 47
10 96
28 2
9 29
3 55
1 68
29 91
9 20
23 91
29 29
22 76
18 70
2 27
20 66
17 60
0 4
29 24
24 4
10 21
21 30
5 57
9 52
10 67
0 63
9 23
26 24
29 93
22 30
24 97
11 71
0 23
10 66
13 46
3 34
6 74
24 88
17 31
27 23
21 11
7 94
6 72
17 7
7 3
24 39
12 66
24 42
16 36
26 47
4 71
13 6
3 46
12 74
29 51
29 53
22 76
8 98
14 92
23 1
21 94
27 62
19 76
10 8
16 89
0 10
28 63
4 8
4 83
21 19
4 53
19 14
1 98
2 36
23 61
27 42
0 79
2 73
23 69
28 91
7 54
30 78
3 6
8 77
5 2
5 18
19 92
2 33
23 93
8 71
19 94
2 42
4 52
13 24
8 83
23 56
5 85
16 41
16 96
18 8
23 81
19 57
2 30
0 14
3 88
29 84
27 7
28 86
27 25
11 13
3 49
16 73
7 8
28 64
15 11
4 6
13 52
26 32
8 3
3 50
17 7
12 48
20 43
10 14
0 67
18 4
17 68
17 45
18 91
20 69
21 66
25 79
7 71
29 7
20 49
30 23
1 93
17 70
0 39
0 67
25 31
7 70
2 82
21 49
26 57
9 77
0 55
24 6
8 34
12 56
12 72
1 97
0 2
17 11
26 42
2 13
13 38
9 14
2 71
5 57
13 22
29 76
3 12
19 1
20 86
16 11
16 33
11 24
23 6
25 23
11 66
13 73
19 30
22 22
11 86
20 38
29 63
27 6
18 35
14 27
18 49
30 64
21 31
2 83
10 86
27 82
10 51
26 34
27 10
18 61
24 69
4 56
16 88
23 6
13 1
17 36
22 60
28 63
13 55
14 86
14 97
1 52
28 56
1 100
7 25
0 31
28 31
7 72
27 32
9 68
13 2
23 14
3 54
28 77
4 34
10 59
30 49
14 89
26 57
25 73
8 37
13 53
26 82
15 38
29 59
28 30
7 16
14 61
16 64
8 66
9 48
12 98
13 47
13 25
11 95
6 27
15 23
30 44
26 40
1 1
18 88
28 49
13 47
4 99
2 80
9 68
24 9
7 39
5 27
0 97
8 100
12 42
21 88
18 69
20 63
21 96
9 27
16 88
17 94
23 17
17 78
17 19
6 92
24 99
11 83
6 1
0 10
11 16
28 29
29 14
1 64
12 94
25 77
5 66
23 66
12 40
21 7
17 68
7 86
23 79
12 25
20 4
17 20
6 17
18 41
15 17
6 33
9 66
5 69
28 13
0 50
5 89
3 76
6 69
3 12
2 53
26 29
0 83
21 23
27 62
5 90
28 71
10 4
12 8
16 54
22 81
12 31
14 58
24 24
12 75
14 75
30 64
17 91
26 98
13 19
8 7
3 51
29 37
30 67
9 96
28 21
0 68
23 98
27 59
21 16
27 63
18 85
9 86
16 37
15 47
1 35
13 28
13 23
24 6
15 1
9 54
18 51
4 74
22 56
15 51
11 51
11 96
23 99
26 49
1 65
4 99
1 42
23 93
28 73
28 43
10 56
20 14
26 55
29 40
11 42
17 69
6 67
7 89
15 52
4 93
2 76
20 72
12 85
8 35
2 87
0 92
11 5
18 27
11 69
2 84
11 52
20 19
7 56
13 54
14 37
4 81
22 66
16 76
10 30
1 6
22 67
4 35
27 99
2 96
29 50
8 55
17 66
30 56
19 66
23 39
1 98
17 94
24 42
26 60
28 65
15 84
30 55
13 36
16 69
11 7
23 35
14 66
17 1
27 85
21 29
23 62
5 33
29 82
24 75
2 39
11 12
22 44
2 56
24 54
4 41
11 9
16 80
7 52
28 77
4 22
1 15
7 12
27 41
18 10
17 47
12 51
28 37
29 90
15 68
2 68
15 4
19 62
17 18
5 62
27 25
0 35
24 31
12 3
2 33
9 30
24 57
12 78
24 98
5 43
27 32
7 49
18 64
29 89
24 24
11 72
7 95
30 90
3 42
24 94
12 29
17 4
15 73
12 51
19 59
0 44
23 27
19 10
24 36
15 14
16 54
29 79
13 31
16 94
24 56
9 68
25 48
15 56
20 92
2 31
21 41
10 38
12 69
27 25
8 39
9 80
8 25
1 60
28 74
15 4
7 69
23 87
24 77
2 97
25 57
16 87
8 95
0 77
18 70
27 91
13 73
18 38
17 18
14 44
16 57
14 69
18 20
28 18
14 98
8 26
20 64
20 28
22 49
5 49
2 49
12 77
2 65
8 98
21 53
26 48
25 31
9 88
14 19
16 84
5 14
30 39
1 44
18 78
27 7
18 36
21 2
30 90
15 78
7 88
4 2
24 16
8 98
20 41
22 97
2 23
7 93
0 33
15 21
1 24
20 1
30 86
27 88
18 28
26 16
16 66
5 39
1 96
10 87
12 29
24 39
30 27
5 12
9 89
26 23
25 27
8 90
28 20
24 92
27 97
12 17
30 26
26 70
17 83
15 76
16 68
14 88
15 49
6 45
19 26
2 13
17 19
10 3
20 78
30 95
6 23
25 95
6 96
11 55
6 73
25 19
28 56
28 39
24 60
30 30
18 50
9 16
7 42
29 62
1 9
11 62
26 93
11 88
8 9
9 89
9 23
11 42
0 34
19 36
10 85
26 77
11 17
26 81
2 13
24 79
5 74
2 24
6 98
11 81
16 56
5 4
21 13
16 47
7 68
18 100
11 23
13 71
19 70
27 2
27 83
28 54
11 41
24 79
23 68
23 82
6 92
28 46
8 42
19 99
25 31
21 49
7 35
9 30
12 66
4 55
30 5
27 85
23 55
23 26
18 63
4 41
16 56
1 2
