100
13 48
23 92
16 83
10 20
8 56
25 39
14 63
7 76
3 57
30 17
3 96
21 57
23 99
1 21
11 12
5 65
27 60
8 40
6 2
2 92
6 59
5 14
10 6
17 42
25 33
4 14
7 51
3 4
15 92
8 26
2 6
3 97
12 76
27 24
29 42
24 100
28 20
28 3
23 44
29 94
7 20
27 24
16 85
0 20
24 78
18 24
27 44
8 84
5 96
5 2
24 6
20 86
30 80
6 65
11 92
14 88
29 29
8 19
11 57
3 64
2 24
17 66
21 25
13 97
4 3
29 28
12 73
9 88
2 53
5 81
8 2
25 30
23 11
6 21
25 40
9 65
8 7
2 25
15 65
8 18
12 59
28 72
1 50
14 61
20 15
14 54
20 6
28 31
25 70
27 50
18 71
14 83
10 33
9 25
30 85
9 61
27 42
12 63
5 90
12 70
26 96
15 2
5 15
28 95
18 51
8 16
8 34
7 78
2 50
29 75
23 64
7 98
15 43
14 2
13 6
20 88
4 53
0 44
23 90
30 1
22 60
24 87
4 88
18 20
14 61
17 60
2 13
28 49
13 39
29 41
10 34
27 80
11 11
5 80
20 61
24 85
13 37
23 55
9 17
6 53
0 78
15 4
9 88
18 93
17 11
10 62
16 89
7 3
16 11
3 91
15 50
30 38
19 82
4 85
26 97
19 84
3 81
28 72
24 50
27 16
7 89
9 43
7 10
17 82
11 57
25 65
25 16
4 53
30 23
27 72
2 93
21 42
22 23
14 77
4 10
20 23
29 54
14 16
12 26
16 21
17 36
24 26
16 96
12 98
0 41
19 53
22 19
23 85
16 37
18 11
12 16
21 15
20 58
5 69
21 20
10 7
2 20
8 38
20 88
5 4
22 34
1 2
7 47
14 2
30 50
21 24
2 19
13 11
24 68
21 2
19 24
5 43
28 75
11 49
23 45
25 15
30 50
10 16
9 40
28 30
23 50
19 36
22 23
29 86
7 100
21 10
28 87
3 97
11 64
29 4
29 67
17 29
1 93
3 98
21 64
7 50
13 53
10 36
19 71
21 23
7 3
17 26
26 30
27 16
8 71
27 86
6 38
21 4
16 14
20 72
12 13
24 70
20 83
26 19
8 1
26 43
7 75
20 67
29 82
4 15
1 96
16 65
16 98
6 8
15 29
14 32
4 82
2 38
23 51
27 96
30 2
6 73
17 28
11 58
0 73
23 90
26 29
9 98
9 66
13 33
3 34
29 64
5 73
12 36
19 62
5 11
2 49
8 55
2 93
7 90
17 12
5 30
20 11
26 25
2 92
25 38
11 11
12 11
15 10
6 43
23 3
5 52
8 41
20 93
19 41
16 39
3 88
15 80
26 29
12 4
25 74
19 16
5 61
7 46
3 100
11 14
28 36
4 76
2 27
6 49
0 94
4 48
19 82
7 71
28 75
4 5
0 67
18 94
19 52
5 28
8 50
20 69
5 74
6 32
17 72
13 51
27 23
5 60
4 62
9 64
12 72
19 89
16 100
1 67
10 78
7 18
14 86
30 37
19 37
27 90
2 27
4 30
19 29
10 98
9 74
2 6
9 3
10 39
11 32
26 78
21 60
19 92
5 12
11 20
4 29
2 9
15 67
3 99
11 26
29 68
2 87
26 41
2 64
3 42
9 77
27 88
14 19
11 98
15 75
8 2
30 71
12 7
7 81
13 55
26 77
14 93
24 39
24 57
17 13
17 38
28 10
14 65
4 100
8 81
4 56
11 62
12 55
19 100
6 68
6 5
22 72
4 10
2 80
30 22
7 50
7 11
22 39
19 95
16 71
12 87
15 16
2 85
30 10
3 39
21 18
26 47
1 27
5 48
19 30
13 63
26 90
13 6
12 97
26 76
20 69
11 54
11 15
11 91
11 1
20 11
18 51
30 74
11 87
7 11
29 34
11 5
29 18
27 75
25 21
4 64
12 73
10 85
23 74
18 21
26 34
12 33
10 21
11 54
6 85
28 65
30 44
22 84
1 69
17 39
19 61
16 66
5 75
24 50
4 20
28 33
28 2
16 6
24 16
0 69
4 85
29 81
28 13
30 50
14 6
11 6
10 35
13 96
21 89
7 71
26 86
0 15
25 54
8 24
0 1
14 73
30 83
13 76
5 62
12 60
20 16
25 79
0 21
27 33
6 47
2 37
6 93
14 19
5 81
12 79
27 80
5 17
24 19
27 12
17 90
25 16
25 46
2 78
15 59
8 47
22 53
16 35
24 35
24 86
7 25
7 80
21 54
19 92
25 10
6 93
23 46
8 55
0 81
0 57
28 58
30 33
0 85
6 11
2 44
2 43
16 38
27 45
10 77
27 54
6 94
30 32
26 79
19 88
1 59
17 68
17 52
27 8
24 34
19 64
1 54
28 91
7 56
20 41
11 98
17 55
2 32
10 82
2 55
15 62
24 92
16 86
6 82
24 14
23 46
6 86
2 24
25 64
3 8
13 92
5 49
10 47
8 74
19 66
30 62
4 96
7 17
12 76
25 55
22 57
25 49
3 83
5 93
25 96
0 77
12 49
3 50
14 90
14 95
29 33
11 24
0 48
20 29
5 44
25 44
15 16
19 87
8 67
18 19
18 75
2 47
4 73
5 70
24 85
15 68
25 38
3 85
9 18
7 33
2 65
26 88
3 58
0 88
29 57
1 1
19 62
23 57
8 1
25 10
21 31
24 78
27 49
23 20
15 87
14 64
6 40
4 75
11 70
28 49
18 85
23 66
11 95
7 96
26 31
22 81
6 25
29 38
13 15
27 12
13 47
20 29
27 68
27 9
22 19
25 55
26 40
26 18
11 3
4 24
13 18
10 70
6 25
24 41
26 99
24 10
22 81
20 35
6 79
14 33
18 9
13 46
15 73
7 59
5 79
3 83
26 3
9 53
25 2
27 37
13 19
17 8
4 86
19 34
25 47
19 54
2 9
15 93
5 21
19 43
24 39
5 51
4 87
28 58
19 42
23 28
20 13
29 63
6 17
13 57
26 93
6 20
12 17
30 54
21 12
2 92
12 94
2 45
8 70
25 4
0 31
30 65
29 74
9 64
27 83
15 53
13 17
4 69
7 39
6 94
15 86
20 66
8 33
23 14
28 14
21 21
23 4
8 8
30 11
6 45
24 69
22 59
15 38
6 44
13 53
26 31
25 24
1 8
26 65
27 60
26 63
3 85
8 42
0 90
0 37
24 31
11 63
18 99
3 29
4 71
6 49
28 9
24 55
13 99
6 81
5 90
21 41
20 8
10 34
20 27
19 11
13 37
12 81
21 65
6 40
6 19
4 43
0 13
13 59
12 33
13 6
16 59
27 68
15 65
21 46
6 32
24 19
17 53
21 51
11 79
4 8
21 97
26 87
0 2
15 29
3 1
14 47
3 22
30 79
13 47
12 64
20 77
19 44
21 47
7 75
12 81
9 70
18 98
25 12
14 91
18 24
14 41
10 51
29 48
6 25
25 63
29 70
16 76
8 76
21 76
22 60
3 80
10 18
9 2
30 42
8 48
12 43
30 15
22 77
14 27
11 29
27 16
9 48
0 85
23 40
27 75
28 60
25 5
13 51
29 96
4 31
11 79
8 6
23 45
12 32
17 85
12 21
0 70
2 16
20 20
9 49
0 98
19 64
18 56
15 34
17 47
5 89
11 11
24 66
15 57
3 96
24 96
7 57
0 34
11 14
13 16
8 87
24 88
19 31
17 71
7 20
21 25
14 99
24 57
2 4
22 11
6 14
30 17
19 50
11 26
2 8
21 76
19 3
7 40
30 7
21 4
6 99
20 87
24 14
30 36
3 98
6 91
16 83
16 37
29 70
24 82
15 46
0 64
5 65
13 97
15 59
18 35
25 21
29 27
6 56
20 21
29 88
21 43
27 53
21 71
27 16
24 34
14 57
10 94
16 93
24 58
4 34
25 67
13 82
21 59
19 13
4 39
1 85
17 83
30 28
27 22
20 41
30 85
18 22
12 68
4 44
11 15
19 56
6 56
15 92
11 20
22 9
27 8
9 95
15 93
4 3
14 94
19 24
5 90
8 60
27 26
17 74
2 21
16 73
0 12
4 67
16 77
0 72
16 52
22 69
14 51
30 94
20 28
8 34
25 72
28 77
16 50
20 45
10 97
12 96
19 8
13 81
10 23
27 72
7 86
14 85
7 15
4 32
26 44
5 44
14 70
21 92
29 36
1 13
5 8
18 97
25 22
23 39
26 97
14 78
13 35
13 22
14 93
5 18
15 4
30 31
30 54
10 9
17 54
19 23
16 2
2 6
24 61
18 28
23 65
6 63
18 37
22 49
22 35
1 61
4 49
26 75
7 40
0 64
20 96
17 60
6 71
14 20
13 64
19 40
23 31
0 30
27 42
3 5
10 59
24 56
6 21
1 80
25 77
2 31
13 53
21 65
21 97
17 6
15 84
9 35
9 59
22 89
17 13
27 66
4 29
24 78
12 15
2 77
13 98
22 68
8 55
16 8
16 37
17 11
6 69
21 30
23 86
5 16
6 81
8 63
10 42
19 9
21 24
12 33
2 61
1 29
28 90
8 27
9 22
14 85
8 57
9 29
8 17
25 80
7 49
18 19
0 62
3 43
9 48
21 21
4 6
23 63
1 9
13 4
1 56
15 15
11 19
15 20
28 23
8 79
8 91
9 74
24 40
17 22
21 37
10 57
13 13
3 29
27 24
22 57
8 46
1 57
20 20
7 10
9 25
23 41
25 23
27 24
6 1
5 44
15 7
17 10
18 92
4 21
16 6
12 35
18 40
14 25
6 41
10 57
12 4
20 79
18 45
10 83
15 58
11 42
21 41
2 3
24 64
2 23
19 50
3 92
13 11
2 57
24 62
5 18
16 83
4 25
4 67
25 27
12 87
25 62
30 74
26 58
22 29
19 96
19 2
21 3
26 47
19 92
8 8
0 5
4 61
30 43
6 22
26 97
10 34
27 61
1 46
1 61
6 21
2 25
1 19
26 71
23 64
5 47
24 55
4 29
11 40
14 43
30 51
6 49
5 84
21 37
24 30
27 3
0 47
9 82
0 41
27 49
25 44
0 71
16 35
24 77
6 70
12 73
28 61
28 85
0 12
4 43
16 42
18 64
18 75
16 34
12 87
14 18
23 73
17 50
27 26
24 63
5 98
12 52
9 36
28 23
10 4
26 46
25 57
2 96
2 27
6 23
22 6
25 14
13 51
6 68
15 80
23 9
1 15
15 73
17 24
23 60
21 21
8 26
11 15
5 40
8 97
12 1
7 72
18 97
1 32
15 63
3 7
21 55
30 10
26 71
27 56
22 83
0 96
16 38
22 23
9 39
17 39
1 54
17 94
13 85
24 45
4 12
21 43
26 14
2 33
20 57
26 82
17 48
21 85
19 54
1 5
4 11
15 7
22 62
24 22
1 50
21 72
0 42
28 83
10 16
14 75
25 91
5 76
29 73
0 15
0 36
30 66
15 21
18 32
4 77
3 78
15 90
26 14
12 30
16 87
6 75
22 60
9 1
13 11
18 81
28 81
22 70
20 6
3 43
10 50
6 5
6 98
2 56
29 14
7 91
23 35
8 25
30 85
6 81
6 35
2 11
9 77
29 77
22 20
8 69
23 97
20 48
16 69
19 43
4 75
7 69
20 10
10 98
18 64
12 12
28 70
28 49
4 39
6 30
27 98
3 98
1 15
20 21
23 58
14 73
23 92
4 20
23 70
4 61
3 6
26 71
12 65
20 99
21 16
11 30
22 20
19 30
16 44
0 92
29 73
8 75
25 41
18 6
6 23
8 36
26 7
4 42
4 33
6 73
19 69
21 17
1 77
5 81
26 2
4 6
22 62
14 89
17 26
29 20
24 72
15 8
24 39
9 99
23 76
20 47
19 45
30 16
21 19
17 87
30 91
18 81
26 60
30 70
23 93
29 100
11 66
29 74
27 77
1 43
29 66
1 14
14 85
15 9
30 11
18 72
4 26
6 8
1 65
19 30
2 10
1 32
8 61
21 53
10 72
1 84
18 31
16 51
15 9
19 90
23 58
11 55
26 70
27 26
28 81
25 76
11 88
7 73
5 78
11 13
2 82
2 39
21 94
28 26
20 90
27 90
24 14
23 60
22 17
14 21
16 72
19 55
29 62
28 48
10 88
5 47
28 96
3 21
22 66
28 88
1 61
15 79
17 35
23 59
6 77
16 85
7 93
23 9
13 24
3 32
27 6
18 46
4 78
8 43
21 49
11 28
14 71
14 90
17 83
1 34
10 88
22 67
10 20
28 57
21 83
19 79
13 92
30 71
8 22
17 69
4 22
24 74
0 61
21 29
27 42
11 33
23 83
19 42
25 12
18 12
6 72
28 36
21 70
28 73
15 88
23 90
10 13
15 58
6 39
24 20
19 62
5 49
25 68
29 93
28 74
23 79
8 39
12 93
22 25
7 70
7 71
19 80
22 87
20 65
26 68
8 3
7 83
0 53
15 78
24 12
23 35
7 24
7 47
14 64
30 86
4 31
26 45
26 84
22 34
26 25
14 77
13 63
21 2
29 78
7 33
6 91
11 60
4 26
13 69
20 31
14 29
17 28
28 28
11 65
6 83
14 3
0 51
30 40
17 59
17 73
25 79
25 21
16 76
29 46
14 14
19 36
14 79
18 69
3 59
1 22
5 93
22 93
23 81
22 38
24 51
23 97
23 39
2 45
27 23
12 99
25 65
17 56
2 98
25 21
23 37
9 36
13 35
7 58
25 59
28 27
16 60
7 41
26 39
11 71
12 99
5 30
13 21
6 100
11 78
3 19
6 2
10 84
5 58
22 83
17 79
19 32
24 60
30 95
18 83
23 41
13 31
21 4
22 16
9 89
15 40
0 83
2 50
22 77
24 20
5 21
30 54
26 45
6 69
0 100
11 46
14 30
18 78
16 8
2 41
23 85
28 13
1 92
8 8
27 90
16 92
20 9
2 81
2 13
7 41
28 16
9 75
15 66
27 60
2 16
21 7
5 62
24 50
4 91
15 84
3 51
5 99
11 84
2 68
19 74
8 78
9 12
4 88
25 74
18 11
12 38
1 53
17 93
6 29
10 30
14 83
17 29
3 72
4 92
7 70
5 2
23 44
10 24
27 98
27 85
23 100
18 14
4 67
25 46
14 72
16 94
16 28
5 14
13 79
25 65
3 54
26 28
20 57
13 28
14 71
26 73
9 41
19 33
23 76
14 39
15 88
27 97
15 78
12 90
1 66
22 98
26 10
24 41
14 8
1 5
21 51
9 44
17 74
26 19
3 2
15 91
27 37
24 83
16 96
25 30
0 60
13 27
15 19
2 15
27 10
7 11
9 79
8 97
22 78
28 6
26 26
12 33
24 5
9 33
17 18
24 12
8 5
19 40
23 9
27 83
22 36
10 15
21 96
15 96
19 84
20 22
1 12
14 73
17 23
5 27
6 28
15 2
17 21
14 3
6 36
8 3
24 47
1 35
28 97
1 96
0 48
2 21
19 29
17 69
5 87
13 85
19 53
15 22
0 56
4 11
17 58
23 55
15 3
3 20
20 34
14 74
3 78
9 20
2 94
30 76
8 1
15 30
24 75
28 92
29 45
1 12
17 68
22 96
4 93
27 14
29 71
25 15
3 79
22 70
11 65
6 72
13 2
0 95
24 61
28 12
5 59
12 21
25 12
0 80
26 25
3 9
27 23
25 65
5 87
26 52
26 87
3 28
28 69
16 17
1 90
25 33
9 10
0 32
15 82
5 48
13 65
24 21
23 84
12 29
3 16
1 76
11 57
1 76
3 83
26 21
18 74
15 74
26 62
27 74
30 84
1 27
23 78
2 45
18 63
12 1
10 46
6 45
2 40
3 50
26 25
13 84
29 100
30 1
14 26
27 100
16 13
20 16
10 67
26 45
18 22
9 80
10 42
19 11
7 77
24 14
22 40
18 16
25 40
10 77
10 85
18 81
22 99
20 39
9 44
16 30
19 82
15 27
7 72
4 92
27 39
29 56
6 22
21 85
25 47
29 34
4 48
25 69
18 8
14 51
9 60
6 37
25 81
23 87
15 80
25 24
5 29
19 75
6 79
13 66
27 55
24 22
21 35
13 15
21 75
23 64
21 5
18 74
0 43
22 33
15 12
10 93
3 86
11 47
5 21
15 45
25 13
28 38
9 36
15 37
5 54
10 67
13 6
23 26
1 2
11 30
7 81
1 26
1 80
17 59
17 91
28 37
15 46
0 86
19 7
7 67
22 38
10 39
19 74
22 95
25 64
19 88
2 52
25 34
16 29
22 48
0 8
0 15
12 37
24 87
12 81
26 23
20 81
19 1
30 49
5 18
23 7
29 43
1 21
16 95
24 72
17 79
3 41
28 16
18 20
3 33
21 79
7 67
3 13
9 55
2 30
11 47
6 50
26 33
5 82
2 90
30 7
23 8
20 55
28 19
17 1
22 69
0 1
15 2
30 17
27 10
19 5
21 6
29 86
22 84
23 62
26 24
14 29
20 31
3 62
13 62
1 66
26 38
25 9
27 38
27 36
12 52
15 88
6 60
11 65
13 93
8 52
10 59
11 37
22 80
23 41
10 31
10 40
23 32
15 82
22 50
19 34
10 15
12 27
12 43
22 12
29 85
11 51
19 78
18 44
5 84
27 43
2 62
1 75
16 93
25 53
9 41
26 86
8 90
7 20
15 7
3 17
1 68
3 57
24 72
20 74
3 31
26 92
29 18
17 41
20 79
1 97
23 91
5 79
4 23
8 25
23 62
12 56
0 2
18 57
3 49
22 58
23 14
20 56
16 86
26 91
14 77
12 46
12 84
9 59
11 44
15 91
18 42
29 58
18 77
0 68
28 12
0 74
16 89
29 56
21 93
11 46
27 47
1 84
3 21
12 66
19 91
7 68
6 99
12 4
8 12
24 29
3 72
25 29
0 64
25 99
12 46
24 14
24 27
30 51
11 10
18 75
12 24
18 9
29 49
25 72
5 72
3 87
30 9
25 45
22 54
21 97
29 92
17 27
30 58
17 5
24 77
5 98
14 21
14 40
28 3
3 81
26 96
20 50
16 2
8 87
18 59
16 48
3 58
28 2
5 100
17 6
25 97
13 63
0 34
22 16
30 94
14 22
22 79
3 36
23 46
21 80
11 76
14 42
0 45
8 16
15 65
17 47
20 87
2 44
5 57
0 40
22 17
7 91
24 41
29 45
24 15
8 92
2 77
17 100
11 47
12 22
18 14
20 77
25 79
25 99
23 41
12 64
28 24
14 36
13 30
7 56
13 13
20 75
3 51
22 44
24 11
30 38
30 66
18 47
6 9
7 42
28 22
19 88
4 52
17 2
27 51
25 52
15 100
10 93
9 56
14 42
9 47
21 29
13 63
14 8
28 85
11 30
18 93
10 50
25 89
28 38
0 43
1 100
5 94
4 72
12 16
20 62
18 76
11 47
19 94
17 10
26 65
0 88
27 51
13 61
12 85
15 96
8 57
3 14
20 51
30 99
29 48
14 91
26 78
11 16
5 34
27 88
0 77
30 10
18 98
4 63
15 73
17 91
20 29
13 36
4 8
23 82
8 87
18 63
2 82
5 19
10 98
7 12
19 51
12 65
18 76
22 63
10 44
26 78
10 90
28 48
7 13
28 49
28 4
16 70
5 92
12 94
9 84
17 80
8 31
22 15
1 64
22 92
23 6
13 99
7 15
9 46
27 29
1 53
11 87
30 100
2 19
2 20
17 53
19 50
12 52
22 52
4 68
11 81
28 17
24 10
29 44
28 100
23 24
18 69
14 9
15 88
21 1
23 81
25 98
3 55
13 87
21 45
16 89
7 82
2 27
4 74
0 100
15 6
5 10
3 29
12 6
7 13
23 85
27 42
3 30
16 68
17 84
18 9
6 39
4 88
9 26
9 1
16 16
25 85
16 37
20 25
11 35
25 66
8 89
10 51
4 47
19 84
9 59
11 92
0 58
19 55
24 14
7 32
22 79
22 30
14 43
3 70
29 39
13 99
2 90
1 42
25 28
1 15
23 34
30 11
10 50
20 3
5 65
6 4
5 54
15 49
19 17
9 11
13 28
9 40
19 12
3 40
14 48
16 42
28 20
8 23
10 12
5 48
7 3
25 5
22 96
19 29
6 89
19 89
28 80
27 75
20 39
12 75
16 15
16 75
2 70
8 80
14 27
14 81
12 93
5 15
17 97
23 11
2 29
19 40
6 85
8 23
10 60
28 56
5 62
7 34
16 9
25 77
29 71
2 16
17 87
13 59
27 1
1 6
27 31
0 48
17 65
1 75
17 92
19 26
13 56
23 86
30 10
20 43
11 9
22 44
5 34
16 97
28 58
10 37
24 6
27 37
10 89
23 70
30 4
17 12
16 96
13 88
9 80
12 40
29 98
24 9
13 83
6 78
11 80
14 44
3 87
3 95
21 7
21 89
17 58
2 71
0 52
19 74
28 30
2 97
15 23
4 40
0 11
12 86
10 15
18 34
1 10
30 54
11 39
24 34
6 38
29 88
0 21
17 85
19 35
1 56
29 24
26 27
18 31
10 2
16 7
11 56
1 19
28 30
11 62
11 6
8 93
22 89
10 54
25 91
16 93
4 18
24 66
21 54
19 5
21 56
18 62
26 93
3 36
3 90
16 65
12 45
19 42
7 79
26 52
12 85
25 25
27 87
6 56
16 99
27 87
14 36
5 21
20 34
6 33
16 41
19 93
8 86
1 57
22 27
18 69
30 47
20 18
11 6
22 96
0 31
4 54
4 97
15 58
20 80
13 62
15 69
24 56
13 52
26 83
6 72
13 14
20 69
18 10
22 84
29 40
19 18
0 18
24 57
26 2
0 81
11 39
2 97
26 58
22 49
11 69
24 86
9 76
2 52
27 88
25 46
15 80
6 49
5 2
26 64
21 24
15 51
21 77
9 22
2 84
14 81
4 72
29 30
10 12
16 87
27 56
25 87
17 60
4 3
30 37
18 74
18 80
10 99
25 27
27 73
28 52
3 13
5 35
5 10
30 31
23 79
23 97
20 20
15 50
20 36
0 53
28 62
27 77
3 21
9 33
21 20
6 32
1 42
26 67
11 21
21 37
27 15
2 80
9 94
13 84
0 26
3 56
6 41
21 4
2 74
23 18
2 16
20 49
8 63
16 77
28 98
13 73
14 89
11 45
17 24
3 41
15 21
10 87
29 77
14 29
29 44
18 22
22 81
22 62
28 70
11 45
21 23
30 95
3 54
9 83
17 12
26 72
4 98
27 89
7 100
3 30
12 22
28 11
12 43
23 33
13 57
24 72
20 47
23 25
19 44
28 12
23 83
0 86
19 22
8 88
10 94
10 87
22 62
23 17
19 17
27 79
17 42
15 24
18 45
9 82
18 50
7 81
13 64
23 9
16 62
25 33
21 12
12 8
22 100
4 57
24 56
13 1
4 94
14 5
8 69
27 65
2 14
23 31
30 94
16 74
3 14
17 54
13 60
2 37
30 86
9 26
20 67
18 59
14 100
17 56
13 61
19 81
3 2
8 10
18 33
6 11
10 55
12 4
22 95
14 88
22 7
14 77
24 68
12 6
17 34
7 44
1 94
10 22
30 20
9 48
16 5
19 3
29 94
17 31
3 26
7 5
1 96
18 2
30 15
1 47
29 47
11 15
14 12
15 77
17 96
5 69
30 31
6 20
10 21
13 67
25 82
14 11
1 68
22 82
24 72
1 78
18 88
10 60
3 27
16 83
17 20
16 9
26 65
11 25
0 51
30 84
10 68
23 45
1 43
29 95
13 76
2 31
30 80
24 22
21 69
24 36
17 33
26 3
20 47
22 65
22 98
3 10
25 86
29 40
18 93
27 43
6 33
1 69
7 92
2 32
18 3
15 68
10 57
10 63
4 59
4 1
17 13
10 79
3 37
26 96
11 68
0 96
16 40
7 95
18 32
10 46
12 5
7 53
16 19
22 93
22 98
8 25
5 35
7 76
13 73
15 62
20 66
30 87
28 49
30 60
29 89
21 86
4 58
9 38
9 87
20 94
17 11
27 69
21 25
8 83
15 67
17 75
18 66
11 4
18 5
17 31
22 5
1 14
3 32
23 53
4 88
1 23
20 86
15 64
21 30
0 88
9 91
3 31
24 90
9 68
12 67
6 94
10 64
12 36
29 9
3 78
15 30
8 83
29 94
22 96
25 13
22 67
22 51
11 74
16 36
8 90
7 77
22 31
18 96
19 80
19 48
14 25
5 91
22 12
22 60
13 12
11 37
21 50
16 13
25 6
2 31
0 65
18 65
17 14
1 24
25 4
13 18
17 59
17 75
16 81
20 27
11 37
23 53
12 42
28 91
21 67
8 68
16 21
3 12
24 78
10 100
10 75
24 37
14 98
29 36
12 83
12 59
12 18
12 13
0 86
8 75
17 83
0 48
27 25
24 58
25 15
25 71
16 8
26 58
18 24
4 73
27 47
24 27
8 55
26 86
25 12
11 18
26 55
11 5
12 96
4 58
15 10
22 84
7 32
25 56
15 22
9 66
21 72
4 60
29 53
25 13
27 100
13 64
30 61
27 21
22 51
1 62
3 88
22 11
26 44
17 95
10 33
23 76
5 6
0 92
11 45
30 32
0 14
26 12
24 36
20 69
1 14
22 30
25 39
13 95
14 65
4 79
16 29
6 51
22 88
25 65
15 72
29 48
16 74
28 95
29 6
12 25
29 42
12 14
0 47
17 56
0 58
25 20
24 3
14 40
23 29
3 79
26 28
27 78
6 40
5 29
18 33
9 25
3 37
14 19
20 31
23 51
6 66
4 96
15 85
18 22
10 97
26 44
26 11
2 80
25 6
24 21
19 71
6 79
18 77
27 28
25 90
19 57
13 40
17 67
3 93
14 93
22 40
2 72
13 72
19 44
20 96
27 80
21 1
14 34
10 51
13 56
0 61
3 19
23 57
27 85
9 48
2 24
9 24
16 91
8 36
2 96
8 70
6 62
17 2
6 91
24 64
29 2
27 15
19 83
25 93
1 10
30 99
30 6
8 42
1 49
24 70
29 26
13 19
12 31
6 14
4 2
25 20
13 44
9 4
5 91
11 16
24 44
13 77
6 12
11 77
10 39
8 52
5 71
3 25
27 51
6 93
4 36
12 56
23 13
0 53
20 36
1 41
17 41
13 70
26 95
20 80
15 50
14 30
6 20
17 37
12 71
5 31
28 84
28 72
19 90
14 17
20 69
13 83
30 50
11 27
17 90
6 11
22 20
26 40
4 58
16 24
20 86
23 91
10 74
3 27
1 7
21 9
21 14
3 46
5 1
8 2
15 29
23 42
7 98
22 12
0 97
5 42
9 95
16 67
18 95
16 82
7 64
13 43
16 21
23 56
5 7
22 25
2 1
4 94
30 47
21 46
26 4
2 8
25 60
5 87
13 40
22 10
24 97
14 18
15 91
23 32
0 6
19 29
4 59
27 74
1 49
29 57
24 58
6 74
2 66
15 37
6 68
12 39
12 66
9 2
13 94
7 81
2 87
11 13
22 76
30 83
8 93
29 13
21 84
7 92
26 87
19 89
16 47
20 55
24 88
30 36
1 56
8 14
28 26
15 33
21 100
10 27
17 69
28 5
26 9
6 86
11 21
4 40
20 82
29 78
29 84
4 73
3 3
7 86
18 67
2 24
1 83
27 40
1 56
8 55
30 68
3 97
17 58
19 85
28 91
19 13
20 68
3 60
27 48
16 57
0 58
23 49
20 38
16 81
11 65
11 66
3 92
6 20
9 52
0 92
8 90
8 66
8 31
12 53
16 57
15 79
5 86
15 70
5 75
10 18
14 65
11 22
28 46
23 5
5 16
13 44
0 78
14 55
10 37
19 67
19 83
4 86
13 24
5 68
18 62
11 72
21 83
1 8
4 61
13 19
21 77
9 87
9 40
30 70
14 33
8 36
15 58
3 77
23 95
29 11
24 68
13 85
4 60
4 34
18 19
9 60
21 91
4 88
4 56
15 42
27 77
2 16
2 44
12 46
18 71
11 69
10 86
17 13
4 29
18 46
24 19
16 73
14 37
27 47
30 69
13 92
11 46
18 10
0 51
30 38
3 75
10 60
19 58
17 60
19 33
16 60
18 3
9 21
16 98
0 69
7 55
10 39
22 9
21 92
25 99
9 79
7 18
27 26
11 34
3 40
8 98
13 66
3 18
11 8
18 71
15 57
28 64
18 68
26 93
15 88
12 42
8 99
9 49
29 78
21 53
27 21
14 17
6 90
6 88
17 1
4 98
30 63
9 83
30 58
17 30
1 91
16 29
19 15
30 43
11 76
0 29
3 9
29 82
22 77
19 4
21 7
10 6
5 77
21 94
0 44
0 43
30 80
10 72
13 46
12 41
24 19
9 61
4 38
6 86
18 63
29 11
27 41
9 98
14 9
3 50
0 81
11 76
11 60
1 68
5 27
25 82
28 86
21 45
19 38
29 52
13 9
16 69
21 22
3 24
24 39
0 46
30 19
21 82
11 22
13 60
15 80
19 30
27 27
7 78
30 45
5 39
16 59
17 40
22 93
7 48
7 8
21 93
19 13
14 12
11 78
14 73
0 59
13 11
28 21
3 22
18 40
28 88
28 86
16 90
23 8
20 43
6 5
22 72
0 80
24 29
0 40
25 74
13 18
14 4
6 62
6 75
3 43
16 24
14 25
19 6
21 62
2 31
22 96
14 5
6 19
0 77
20 6
7 23
17 31
3 28
4 42
16 43
17 53
2 60
1 8
6 97
27 96
11 96
22 42
20 92
6 8
19 56
10 48
2 45
1 33
29 15
6 92
19 27
23 17
7 70
30 16
19 23
8 72
19 6
16 11
26 81
19 77
13 86
17 80
14 62
2 28
1 4
9 74
18 59
12 17
3 24
21 39
14 38
2 50
28 50
7 18
10 17
14 52
12 26
14 60
7 51
20 71
4 45
0 19
14 28
7 34
12 70
14 20
5 15
30 11
22 43
23 28
8 67
18 76
4 19
3 46
25 32
16 32
8 14
5 91
5 17
25 41
23 25
30 76
8 45
4 61
28 7
28 76
0 13
12 18
8 87
7 21
1 41
29 50
28 62
10 9
0 49
12 27
11 69
3 46
6 88
20 79
18 65
24 79
11 28
24 23
14 59
22 18
23 69
10 94
8 98
19 25
14 97
8 42
24 16
7 43
14 74
27 87
25 75
21 83
25 50
20 32
21 70
30 78
11 28
13 66
4 61
28 41
18 58
6 91
20 99
2 67
11 10
21 89
22 14
26 86
15 52
8 80
21 34
10 41
7 42
3 92
10 84
14 75
29 37
5 58
11 29
18 67
28 84
9 96
19 8
28 45
3 27
13 72
15 84
30 68
29 47
29 79
14 53
3 24
12 85
5 41
19 28
3 70
20 37
11 75
8 40
25 79
10 4
18 44
27 15
4 58
4 55
20 94
22 15
14 87
16 33
4 60
14 46
22 48
13 49
19 27
1 61
27 84
25 48
18 38
4 89
3 86
17 13
8 19
14 31
28 18
13 93
1 81
24 17
22 100
29 4
22 54
3 4
29 22
10 55
25 36
26 63
0 53
14 7
15 54
6 70
27 53
5 60
13 97
26 81
24 74
3 4
1 62
23 18
0 90
9 8
14 13
24 36
1 85
6 82
1 67
23 37
21 81
9 91
0 80
5 3
20 87
28 51
8 21
6 84
22 43
22 21
8 88
2 61
4 50
3 26
1 83
20 42
26 70
20 61
19 84
0 4
6 70
27 88
14 35
27 64
30 76
25 61
25 59
14 26
4 99
10 22
17 28
3 50
12 16
8 75
4 45
3 88
0 41
2 66
24 68
30 5
28 99
4 83
27 3
5 45
20 82
13 33
1 18
1 76
15 48
15 1
29 51
18 11
15 77
24 93
20 82
17 70
10 95
5 3
22 17
23 33
8 26
8 42
14 75
8 92
19 88
11 2
22 40
10 82
5 65
16 86
29 93
24 54
8 35
24 28
29 55
25 79
0 21
1 40
17 60
21 50
22 85
29 98
13 5
1 49
8 15
5 37
27 62
24 83
7 83
18 19
27 52
11 25
13 42
21 36
14 46
16 96
0 61
11 70
6 89
3 2
6 2
5 61
1 94
13 45
11 91
9 6
5 51
22 23
7 35
23 22
22 12
23 46
25 89
5 11
8 12
2 43
14 33
6 66
10 37
21 61
30 12
6 83
18 57
7 58
24 100
25 96
18 67
25 40
27 14
3 51
24 90
21 79
25 46
23 99
10 25
23 1
3 47
9 88
25 71
14 54
2 51
1 44
13 34
7 28
21 77
27 42
21 79
18 52
11 35
26 66
8 98
28 49
9 4
11 2
28 76
22 88
26 45
9 9
12 27
17 23
17 6
5 31
22 70
9 93
3 57
16 93
28 59
11 98
20 65
24 6
1 42
22 42
1 22
3 6
4 74
20 39
5 89
16 81
25 8
28 46
21 79
24 55
12 92
21 17
5 30
8 41
19 49
10 4
1 75
24 87
12 83
29 72
26 64
6 85
3 59
17 2
23 79
7 37
25 7
30 1
21 90
12 93
27 22
16 74
2 9
14 40
5 68
18 44
2 73
24 81
27 28
0 68
29 27
5 18
11 30
10 61
3 71
23 54
14 71
27 69
19 50
18 75
16 27
25 69
1 92
25 49
5 85
21 30
2 6
3 47
28 50
11 55
12 21
28 9
23 63
17 90
11 24
0 93
17 85
29 62
30 13
2 93
18 75
14 13
25 78
0 46
18 10
6 77
30 96
1 84
11 85
22 15
5 77
16 50
17 79
19 99
29 45
24 46
2 36
28 42
27 64
25 29
23 6
27 89
17 39
29 42
9 81
0 49
11 20
25 36
16 81
6 38
6 17
9 88
12 75
9 75
12 39
27 34
11 29
10 60
29 73
4 91
3 82
26 60
24 71
5 97
28 34
8 83
24 100
7 18
25 89
11 50
1 10
25 82
18 17
14 11
13 23
24 56
23 75
12 55
2 66
1 20
26 29
20 60
26 34
13 7
22 14
10 43
2 17
28 7
1 24
25 68
1 30
16 96
4 73
20 60
17 74
21 75
0 49
2 27
4 72
21 56
15 52
4 6
0 59
14 28
17 4
3 49
2 63
22 66
3 31
17 9
1 8
21 56
28 35
3 32
5 26
27 56
20 43
4 25
3 64
17 23
12 41
29 73
30 34
7 66
28 34
25 72
11 34
9 83
16 78
20 99
28 7
16 47
12 39
24 43
11 29
22 38
11 47
20 49
29 61
16 2
11 86
28 26
7 25
23 34
27 74
25 24
21 61
26 23
25 30
17 24
6 80
20 59
18 21
21 25
11 39
16 40
14 83
23 66
6 55
23 15
28 54
26 98
12 28
22 64
24 98
19 7
7 97
14 49
5 11
25 15
1 25
13 54
19 10
0 43
19 81
0 48
30 4
17 55
18 100
9 92
27 66
9 33
15 54
2 99
26 82
3 94
28 62
10 84
30 57
27 98
27 70
5 51
28 13
15 68
30 78
30 45
10 23
22 84
30 99
4 17
0 94
15 77
30 87
15 6
16 14
0 23
25 23
28 20
17 92
5 51
12 28
0 71
30 63
30 81
11 95
1 77
10 61
20 33
0 34
11 2
5 48
11 5
19 36
13 9
19 73
8 5
10 38
30 83
3 30
16 34
30 33
29 65
30 52
20 36
18 81
22 29
4 96
30 73
5 12
3 65
5 88
25 35
24 25
11 43
13 26
23 53
8 97
25 41
15 31
21 13
18 91
0 44
6 17
28 55
7 99
8 89
0 23
21 2
7 56
27 17
10 15
23 27
26 66
8 74
10 43
19 17
16 77
11 89
25 55
25 64
25 36
13 12
29 90
25 6
29 10
8 50
2 67
25 67
7 12
18 50
16 62
28 76
19 4
11 84
21 62
7 42
14 26
1 2
24 57
20 17
1 28
24 34
15 48
22 45
21 61
24 46
15 50
6 43
29 32
19 26
29 31
9 51
24 93
11 20
27 60
14 27
16 16
16 50
17 41
26 31
16 19
27 6
8 59
10 66
19 86
17 4
29 90
3 67
16 28
24 44
5 34
8 11
5 80
6 58
27 76
23 81
21 32
6 67
8 73
11 28
24 54
28 49
13 88
17 55
28 10
27 90
21 46
18 91
30 89
5 63
25 45
20 57
21 36
13 34
8 9
24 97
2 42
14 59
17 61
7 94
25 19
20 27
28 54
7 7
27 39
29 97
5 28
23 75
18 11
17 20
14 57
12 15
30 59
10 85
14 33
30 22
21 33
21 4
27 84
28 94
6 31
26 75
6 18
12 51
24 90
24 67
15 54
23 17
19 4
23 6
7 54
19 26
20 10
14 36
4 16
15 16
29 50
22 25
20 75
15 74
27 97
21 31
14 48
12 88
9 52
12 29
12 67
3 60
5 60
10 24
24 65
23 73
6 9
2 6
12 59
22 56
4 65
7 34
10 64
3 31
1 24
0 14
9 85
12 29
20 94
18 61
7 53
14 10
19 37
26 56
0 70
4 37
28 59
4 74
16 47
20 93
4 10
14 21
22 33
6 39
15 87
14 4
1 93
14 68
18 12
27 91
5 43
4 16
4 93
21 17
2 35
27 89
12 87
14 16
0 69
23 24
29 75
11 94
14 46
0 86
22 45
4 68
10 57
30 87
10 3
15 77
27 100
6 22
29 78
26 83
13 21
25 42
14 32
9 28
4 69
23 22
23 48
21 70
1 59
9 95
11 62
1 52
2 14
17 92
29 18
28 83
26 14
26 54
18 95
17 87
0 13
14 91
17 63
11 100
4 77
7 20
18 49
24 63
26 61
0 70
17 40
1 20
16 49
25 77
26 2
26 14
13 76
28 91
21 56
15 11
3 3
17 97
28 89
16 18
26 99
29 35
25 70
8 96
4 25
2 39
5 26
23 62
23 37
4 13
28 46
20 42
5 41
12 31
25 74
26 72
3 75
30 88
24 100
22 77
1 13
27 15
0 92
20 51
15 34
23 40
26 78
19 94
0 82
5 36
28 54
4 76
24 53
12 24
30 36
23 6
27 9
2 27
6 26
27 86
24 76
28 61
22 5
25 95
24 70
5 39
30 10
16 19
23 72
21 13
7 53
2 72
15 86
12 30
25 20
9 89
14 29
20 63
10 12
18 80
25 94
7 23
12 87
28 6
30 65
10 22
11 71
28 19
24 35
16 57
4 86
13 71
1 42
27 85
1 73
29 58
13 58
24 30
20 31
11 98
10 3
11 22
4 38
12 18
4 99
13 26
22 79
18 14
22 9
13 48
13 78
24 83
15 91
11 9
21 48
13 10
22 5
29 54
9 50
29 37
30 76
20 87
2 56
29 49
5 14
1 91
12 37
29 5
13 97
29 52
10 91
5 65
6 7
25 61
5 58
9 1
21 69
23 60
9 29
23 39
20 79
12 59
10 3
5 67
20 71
3 98
12 5
29 11
26 85
22 81
30 39
23 35
16 44
15 84
6 95
19 74
20 10
17 62
23 97
22 43
10 13
16 51
11 9
15 48
6 17
7 54
25 3
21 18
3 65
7 13
7 19
4 59
24 63
10 98
23 43
16 58
0 78
30 67
12 42
12 48
2 58
14 100
13 95
30 39
28 70
14 34
11 77
27 9
0 8
19 100
0 58
28 35
4 65
28 16
3 92
22 42
6 36
2 60
15 77
22 42
17 95
8 77
0 73
16 84
4 70
17 54
10 36
3 86
23 16
23 55
23 82
8 2
28 90
18 81
30 55
24 51
5 68
17 15
26 54
0 86
16 7
11 54
22 90
3 34
28 75
19 58
8 19
7 10
29 77
30 79
23 47
15 8
10 92
20 54
16 59
10 99
0 22
1 57
17 51
28 77
8 93
1 50
23 1
14 39
9 98
25 56
14 67
23 77
27 19
19 26
23 67
13 19
18 27
11 81
28 40
26 98
22 12
17 40
14 57
2 90
26 66
26 69
15 87
11 90
29 45
9 33
3 44
4 33
8 61
19 22
6 24
6 22
10 87
23 32
1 10
11 65
20 52
14 78
10 79
15 69
7 35
15 16
11 14
8 74
28 64
1 66
9 87
27 3
15 72
17 56
8 52
26 2
23 3
2 40
8 87
27 51
29 25
16 94
2 1
15 90
25 56
5 4
13 84
11 89
3 26
9 93
17 46
7 59
9 81
0 68
0 73
6 29
21 35
20 42
25 50
19 96
0 67
29 17
1 9
1 64
26 28
19 6
9 88
19 58
18 28
2 43
17 97
6 44
1 34
11 29
26 72
29 59
19 64
11 52
10 41
17 72
21 69
5 43
15 72
26 63
11 85
16 52
2 23
13 50
2 66
17 58
25 54
16 41
23 2
12 62
12 44
3 1
3 17
2 86
26 51
20 53
14 72
28 76
15 9
29 92
9 15
9 28
23 30
18 18
12 22
13 80
0 11
12 23
11 24
14 50
11 63
28 94
10 59
19 71
2 4
28 12
23 88
23 73
11 87
10 28
0 18
7 62
18 84
19 57
3 27
14 41
20 81
4 70
0 66
21 7
18 60
26 61
21 21
19 90
24 61
14 3
20 80
27 27
18 64
4 65
23 71
24 37
19 27
25 87
20 84
13 59
25 87
25 34
24 74
5 54
6 34
27 90
1 4
29 43
30 4
27 78
1 23
9 100
10 20
29 95
6 54
1 73
5 3
2 22
5 97
11 56
4 34
30 52
2 75
11 25
20 73
21 54
20 55
11 25
1 85
27 77
20 45
18 57
18 13
5 25
14 82
28 83
13 87
14 51
13 72
26 52
7 84
8 64
16 78
15 34
19 32
5 65
0 19
7 67
5 90
28 26
4 61
3 82
9 46
2 62
21 14
26 58
2 58
29 16
2 85
9 44
1 84
21 80
20 51
9 40
2 14
26 93
14 86
28 77
19 83
5 67
5 53
10 60
24 51
25 78
14 81
19 72
23 36
10 39
14 100
6 32
30 54
14 23
21 18
25 88
16 69
29 44
15 43
27 20
20 84
27 95
16 63
30 58
22 39
26 92
11 68
2 14
9 64
25 17
5 50
7 19
15 4
28 32
28 20
30 87
0 40
22 1
22 88
25 73
17 68
25 12
16 23
28 17
20 99
0 85
15 53
5 72
27 36
22 34
23 93
30 11
4 53
16 77
20 10
10 21
10 92
24 59
18 75
8 23
26 36
30 26
28 10
22 51
4 2
2 17
29 28
26 100
12 44
0 25
9 41
24 92
30 75
19 34
13 17
19 26
23 46
6 65
15 21
3 33
16 38
19 90
29 59
25 57
25 92
24 90
10 83
23 84
11 73
27 15
22 59
15 52
12 64
25 19
2 31
11 80
4 95
21 40
7 40
13 10
9 41
8 21
9 86
22 68
9 47
14 67
24 49
2 74
13 2
7 47
18 47
12 92
10 15
10 14
3 78
6 94
3 56
6 38
21 16
11 43
7 47
14 22
11 89
28 48
2 72
13 21
29 39
21 44
10 50
27 89
12 21
15 11
4 30
13 61
24 98
4 77
0 92
14 71
20 28
30 23
4 33
3 84
17 41
23 17
14 32
21 27
0 17
28 75
4 89
14 62
4 94
22 95
13 6
26 24
30 75
12 36
9 41
7 47
19 24
6 53
16 26
21 75
2 71
5 14
14 57
5 31
22 16
4 83
20 40
16 9
20 92
5 1
12 42
11 72
10 14
11 51
0 49
22 65
1 5
6 71
8 92
21 97
11 5
6 47
7 25
2 53
13 25
30 14
20 35
21 54
7 12
8 37
6 14
24 72
13 100
15 34
24 72
22 72
26 46
19 3
21 85
27 57
28 45
15 80
0 52
6 72
2 41
10 90
17 17
8 56
10 31
11 57
10 53
24 75
28 5
7 76
16 37
28 37
24 14
3 50
29 32
23 6
6 64
19 61
19 78
18 51
5 21
22 61
22 53
22 27
26 7
10 18
2 42
17 72
27 90
20 5
14 91
13 65
19 36
24 15
3 91
17 26
2 70
20 47
3 26
25 69
30 19
4 1
25 51
6 79
19 30
16 88
3 49
13 11
14 32
7 25
27 67
24 66
18 19
27 73
27 29
26 100
30 3
29 21
26 91
8 12
11 40
11 64
24 8
2 38
25 70
6 80
19 67
19 94
8 72
12 91
0 11
8 17
3 4
21 42
17 1
17 61
7 30
3 52
23 7
7 30
8 98
2 70
17 33
21 36
4 20
7 66
15 32
29 99
0 53
17 53
18 8
22 21
5 20
7 54
29 87
21 79
18 28
1 81
25 87
2 43
1 22
12 43
26 88
28 33
23 64
18 62
14 9
5 29
1 57
8 41
3 73
30 32
4 35
8 16
11 29
3 10
16 12
1 40
3 3
30 4
7 8
14 35
8 68
5 61
13 15
17 97
17 93
14 16
24 63
9 52
0 10
18 80
5 92
12 65
27 32
12 28
0 36
18 15
12 19
15 26
1 46
11 84
29 96
24 49
20 57
2 98
4 2
14 58
4 47
10 56
13 98
23 5
1 14
5 79
28 44
17 31
10 13
26 29
18 91
11 31
12 33
0 53
27 89
13 65
9 47
0 77
22 55
0 98
17 36
6 82
24 100
21 55
11 34
2 57
10 31
8 64
10 96
18 74
18 54
18 14
8 13
6 66
14 39
20 77
7 67
5 71
12 21
0 72
14 88
7 14
12 75
22 71
19 35
15 65
30 75
19 85
12 34
23 57
12 42
8 85
21 1
7 31
12 100
2 61
6 6
17 76
24 93
24 49
18 80
0 15
14 17
28 69
8 31
14 9
22 72
10 68
29 39
5 46
7 14
28 35
16 70
3 49
24 22
7 70
29 87
11 95
10 57
10 30
24 55
25 70
27 79
20 56
17 72
20 56
5 40
26 28
6 83
0 15
30 28
30 48
25 26
7 3
17 13
11 84
23 34
1 21
25 42
5 25
5 39
23 82
29 8
11 81
29 85
21 17
15 62
21 48
15 76
5 17
15 73
0 4
5 65
14 66
14 80
16 85
8 12
14 22
10 14
22 73
9 86
6 76
1 13
2 47
30 76
23 91
2 78
3 27
1 21
26 5
4 98
9 27
21 29
25 36
17 8
18 1
22 56
19 47
29 92
21 16
25 86
19 59
14 43
29 1
30 78
13 13
16 70
16 100
4 12
30 10
18 76
7 55
25 18
27 2
23 58
19 45
14 55
12 61
8 22
8 98
17 76
24 19
1 37
4 57
22 49
7 56
20 35
15 7
4 72
10 29
21 56
5 6
7 84
29 73
19 98
5 62
13 41
15 44
7 28
1 59
9 91
21 16
6 10
11 6
6 54
26 39
4 11
30 52
27 96
28 77
4 4
20 11
19 14
27 38
29 32
13 19
12 59
18 1
30 18
17 26
26 67
1 49
21 30
23 5
21 49
28 74
24 61
18 2
14 73
28 17
12 81
21 23
24 38
2 96
25 15
11 99
2 60
27 20
17 84
6 91
17 38
9 94
24 68
1 98
13 94
27 87
8 21
19 43
22 95
15 62
26 11
12 99
13 20
15 2
9 18
20 21
28 62
15 84
14 88
30 96
2 62
10 87
1 79
18 67
13 35
30 25
1 15
13 15
20 3
30 33
5 35
1 96
11 70
14 21
25 67
22 50
21 68
3 30
15 88
1 9
28 51
3 90
8 14
15 77
27 6
10 56
30 65
17 41
10 83
7 20
21 75
23 53
5 90
4 20
13 66
17 92
26 55
14 20
7 15
11 54
6 16
21 21
14 27
28 40
9 97
6 64
13 12
3 36
29 41
19 78
28 25
20 67
9 10
18 11
16 84
10 8
22 73
5 49
21 1
24 10
1 95
18 20
19 96
6 79
14 5
4 87
23 46
6 64
30 28
26 45
1 49
13 33
25 61
19 70
2 47
30 4
5 86
13 50
11 6
16 21
14 40
15 44
0 85
26 12
23 17
0 43
15 90
14 93
1 79
9 27
29 53
23 9
16 8
28 89
1 45
30 91
28 92
14 73
8 84
17 31
24 1
20 11
22 11
2 69
12 8
13 9
28 82
11 20
17 27
24 10
28 96
10 26
27 42
5 75
4 23
18 26
28 49
10 62
27 61
27 6
11 62
7 92
2 22
16 61
9 79
22 12
17 36
3 62
9 93
28 29
14 48
0 45
16 66
15 94
5 34
11 68
7 98
4 84
9 67
29 96
24 24
23 2
3 21
14 79
18 63
29 26
21 52
17 3
7 63
17 37
24 26
16 62
13 10
0 59
15 85
13 82
22 47
1 8
8 69
21 98
9 45
21 49
26 46
13 97
12 34
5 1
23 21
20 89
29 90
20 29
1 23
17 55
25 16
11 78
30 63
17 27
1 78
26 49
4 34
12 70
5 49
30 19
12 13
22 75
26 12
29 31
28 76
30 79
10 95
27 3
22 62
19 99
11 52
29 94
29 25
23 80
27 28
12 49
6 14
18 6
2 56
11 12
29 59
20 47
3 88
4 22
14 57
10 19
16 83
28 99
11 92
0 49
9 22
28 93
22 81
2 56
28 16
19 70
9 89
13 88
2 39
9 35
0 90
10 60
23 49
21 32
7 99
27 10
16 41
10 96
12 72
10 96
26 31
11 65
10 50
18 32
6 63
27 52
6 32
5 20
4 5
22 81
13 59
0 72
26 23
16 36
6 94
21 88
8 100
13 35
3 37
27 24
26 78
12 20
20 67
8 1
2 12
13 2
9 94
8 1
6 5
8 80
4 8
5 1
11 55
0 30
21 85
19 65
12 24
10 25
24 85
10 93
5 20
28 41
14 65
11 99
12 39
1 69
8 38
24 20
16 86
7 54
1 80
17 71
18 9
3 28
14 73
7 93
27 80
4 22
15 52
19 86
20 66
2 83
3 68
17 94
20 94
3 3
28 67
16 19
29 12
14 46
6 15
5 49
22 42
22 42
16 91
12 32
18 35
24 86
24 80
9 56
4 87
27 10
11 50
12 64
1 93
17 15
15 61
24 23
3 68
26 56
9 23
10 52
17 87
12 87
11 64
21 1
10 2
25 17
9 57
9 15
0 54
6 34
15 91
30 24
22 32
13 79
14 85
3 87
17 80
6 63
12 26
30 75
4 17
9 50
3 43
10 36
26 97
20 19
24 40
13 52
21 33
9 33
26 62
17 38
23 25
15 97
24 42
9 7
17 27
11 9
7 33
1 55
24 37
23 61
14 1
11 24
6 56
11 74
10 38
5 2
7 37
26 82
11 50
15 96
18 65
24 13
12 48
24 80
20 25
2 27
24 82
22 57
11 67
23 76
30 19
8 40
0 69
28 58
2 97
20 59
29 57
24 84
18 53
9 86
17 79
3 71
15 85
2 21
27 50
27 86
25 75
27 26
5 64
14 65
6 1
30 68
3 10
17 50
8 5
17 40
17 18
26 73
7 75
27 5
11 84
6 36
21 3
11 16
12 90
8 62
3 31
9 16
11 78
29 15
8 30
2 90
25 17
29 27
14 32
5 30
15 56
9 52
18 13
28 52
5 27
1 21
16 19
19 65
21 33
19 8
9 44
9 6
26 18
13 43
14 14
16 94
23 42
26 95
23 68
29 5
28 91
11 60
30 20
10 89
19 97
5 73
18 57
3 77
11 17
16 48
0 59
24 13
26 60
18 70
14 98
18 95
13 28
3 94
12 20
0 90
1 26
14 43
11 75
13 42
7 49
13 92
12 8
19 97
21 60
4 92
0 9
9 56
25 2
7 77
24 82
6 84
10 64
1 15
25 46
12 60
28 60
22 80
30 25
6 71
15 68
4 28
6 9
10 13
13 56
1 4
6 78
30 24
26 99
21 95
25 85
19 39
12 6
16 91
20 92
23 56
4 57
23 84
8 69
3 94
28 60
25 99
2 25
20 34
12 47
9 75
28 55
25 52
18 65
19 81
22 33
25 83
22 5
8 27
26 40
8 5
16 85
17 36
29 16
0 52
22 27
30 24
3 37
3 46
30 6
0 80
14 20
3 11
22 29
15 17
1 29
28 71
8 84
25 59
22 32
15 41
25 2
10 4
30 29
0 78
14 65
13 92
28 2
8 24
20 1
5 40
25 74
0 48
28 11
14 53
26 36
30 90
6 88
21 100
3 3
26 50
26 22
20 59
22 67
6 49
11 81
22 75
4 95
17 54
8 78
12 45
9 93
16 85
29 10
11 71
21 2
27 7
3 34
28 94
5 33
9 29
3 64
0 8
26 21
0 37
30 46
21 67
0 37
27 69
5 11
0 40
1 87
9 74
25 1
7 77
8 48
6 96
25 7
10 26
2 96
29 6
9 50
12 15
17 24
2 3
11 34
30 82
19 1
24 5
26 39
16 27
6 41
14 51
17 73
16 28
7 81
17 94
3 38
10 16
3 89
5 74
21 73
22 39
8 91
29 90
10 86
28 8
9 57
19 37
21 14
5 36
20 8
3 6
6 47
20 89
14 16
14 23
15 56
9 11
16 29
5 69
23 23
27 4
9 36
9 50
26 21
15 31
12 65
9 53
7 50
12 60
12 36
21 59
21 33
12 39
15 74
3 30
10 24
7 21
3 52
28 77
24 74
5 81
1 12
17 50
30 68
8 14
4 35
21 10
6 92
17 78
19 81
5 59
3 35
18 5
5 25
0 53
9 16
5 96
13 25
18 11
21 13
29 74
16 77
22 27
21 42
4 73
17 38
11 3
10 83
20 76
18 5
22 24
12 28
25 97
16 92
11 67
2 30
0 100
1 44
7 89
27 43
5 6
29 40
25 35
22 70
25 28
10 33
27 1
21 30
5 65
11 63
2 9
17 65
15 54
21 20
21 79
7 53
19 17
22 50
8 60
16 84
3 72
15 17
13 3
27 41
0 88
9 52
1 69
3 91
26 60
30 69
9 36
24 19
17 66
2 5
27 2
19 63
1 39
19 23
18 6
16 96
0 73
15 79
16 25
2 45
29 67
3 97
2 4
23 95
17 5
8 91
10 55
7 80
23 53
22 44
1 72
22 6
27 9
5 23
2 24
25 84
19 52
0 32
10 96
0 59
15 69
0 78
29 20
7 43
28 13
29 89
25 6
3 29
6 8
18 3
28 76
21 49
27 8
0 4
5 51
4 84
6 83
21 2
2 84
20 57
20 51
22 76
28 82
25 73
22 70
27 27
24 91
4 75
8 26
17 38
8 86
27 94
19 96
6 48
29 54
25 52
17 30
17 80
23 30
4 12
13 32
28 55
4 63
24 1
16 14
10 72
8 2
6 18
27 52
30 32
1 14
27 27
18 67
2 56
4 36
24 54
28 9
27 83
14 59
19 11
16 35
21 44
4 54
14 65
30 89
23 20
24 79
29 76
10 66
18 87
22 2
1 73
17 66
12 83
17 91
25 54
13 26
24 75
20 31
11 41
28 31
18 90
17 2
4 68
1 61
6 100
10 73
20 30
11 50
20 59
28 11
4 92
21 41
22 67
29 17
17 42
16 34
24 82
30 7
8 56
12 17
22 36
29 88
26 58
12 71
6 55
15 71
0 86
3 4
21 59
14 67
2 96
7 18
1 3
6 4
4 92
8 92
15 61
8 15
11 3
24 34
25 35
26 95
9 22
16 24
20 79
1 74
27 50
29 18
13 43
19 49
27 58
11 29
4 22
26 12
29 85
18 80
18 14
25 73
9 84
24 61
5 30
7 93
27 60
19 91
28 11
4 77
12 57
11 78
1 8
8 43
11 19
8 48
16 35
27 100
4 5
26 4
26 94
30 51
7 83
13 51
27 39
4 97
9 15
30 8
1 70
29 11
27 65
2 88
18 54
15 84
29 7
1 87
9 52
14 15
11 25
17 61
30 55
21 88
9 79
8 28
25 75
11 79
12 85
1 60
3 47
8 89
30 16
0 67
3 49
28 92
19 67
23 26
8 57
28 80
24 51
23 78
16 9
25 17
15 45
12 33
29 36
11 53
10 42
10 96
7 77
29 80
22 31
19 72
10 10
17 74
11 87
6 73
23 36
8 36
13 73
0 41
4 46
28 3
27 66
13 16
2 36
11 85
20 17
14 33
9 39
9 63
18 58
10 34
26 40
10 75
6 46
17 89
30 19
14 37
8 69
12 87
25 20
11 80
10 92
21 92
20 34
12 44
13 68
24 5
5 85
25 3
6 79
21 45
10 26
26 21
0 1
4 14
3 95
9 48
18 8
29 67
5 75
24 76
27 29
16 30
10 80
30 5
3 7
0 83
4 78
19 45
23 25
7 43
21 50
20 31
9 18
15 55
0 60
29 71
25 63
3 84
14 21
22 27
7 48
11 68
15 2
0 13
7 99
26 40
6 93
29 100
28 26
6 76
16 47
12 4
28 26
0 51
4 15
13 83
24 43
6 100
22 31
14 2
28 20
17 63
30 3
2 86
15 51
0 41
18 36
17 74
15 75
19 79
1 48
11 35
18 75
24 78
27 18
24 9
12 11
25 76
0 89
25 16
24 26
8 53
4 87
30 86
24 98
0 14
22 99
10 89
15 3
11 76
3 23
2 63
16 53
30 9
25 6
8 98
28 64
11 62
26 8
17 51
14 35
4 100
26 57
18 37
10 75
9 8
24 62
1 90
26 73
27 93
8 17
4 76
9 40
22 91
16 58
20 86
2 21
11 81
3 70
16 36
20 59
1 80
15 40
30 57
29 50
7 35
25 30
6 18
19 1
21 54
9 6
26 72
11 100
27 95
16 34
18 76
24 40
2 88
17 69
2 38
10 33
16 31
13 69
23 45
16 33
29 56
21 53
25 29
23 95
18 9
27 71
2 100
27 65
1 65
10 11
25 94
1 15
29 68
20 57
20 27
10 12
12 15
9 24
27 72
3 74
1 95
12 61
4 42
29 36
18 79
6 17
0 58
13 18
9 4
10 31
15 88
1 50
2 18
13 29
6 25
19 66
19 64
19 3
3 82
10 3
12 97
12 84
19 89
28 47
1 4
21 18
1 39
23 41
13 23
23 86
14 57
22 77
2 81
11 45
19 20
14 98
29 76
11 84
22 72
11 49
26 88
30 68
1 77
5 13
8 28
8 13
30 21
1 68
6 98
28 36
18 2
20 11
28 47
26 88
5 27
13 36
6 3
21 55
18 22
14 3
12 12
25 48
28 80
13 67
30 6
13 71
9 54
13 38
25 84
12 63
12 68
0 36
8 41
7 64
6 70
20 32
6 66
3 44
9 51
29 78
20 99
16 28
24 46
28 53
18 83
1 16
9 72
19 58
25 60
3 71
5 91
21 6
23 73
7 36
28 60
17 60
11 26
19 34
23 93
9 4
8 13
3 7
26 50
8 97
15 84
6 28
30 97
6 97
17 53
23 56
7 48
19 32
25 49
18 90
3 100
16 49
24 6
3 27
30 17
2 9
28 61
5 58
20 86
2 92
20 36
29 87
29 82
2 47
23 90
13 100
20 63
1 79
19 42
11 30
13 50
6 96
16 88
4 100
14 75
7 8
29 57
29 65
10 67
1 57
30 24
28 48
4 40
19 61
18 22
3 60
9 38
24 43
24 99
8 84
14 90
11 59
13 21
4 52
7 87
25 25
22 3
2 47
17 60
14 15
3 52
28 36
0 52
12 66
24 96
16 39
22 43
27 11
17 60
23 38
21 42
4 84
3 73
30 37
9 33
13 55
1 93
21 78
23 38
26 95
27 26
1 52
27 51
27 21
2 36
1 33
15 17
28 68
19 39
9 47
7 79
4 25
0 28
23 27
19 64
3 54
1 43
30 63
21 91
23 16
24 20
10 15
24 82
17 28
21 59
23 74
25 24
20 57
17 8
30 1
10 91
16 83
21 2
8 44
26 43
12 26
8 93
1 69
9 98
27 53
5 57
22 45
14 87
2 9
27 10
20 20
0 60
11 11
1 59
20 20
21 3
2 11
22 51
21 83
28 72
27 37
18 7
14 45
19 29
26 37
24 35
30 27
24 93
3 15
27 94
10 82
14 31
17 98
9 69
28 77
25 50
30 88
24 53
28 2
16 50
24 91
26 24
7 99
20 63
30 17
30 15
23 56
25 93
14 24
27 32
27 21
12 84
21 1
19 46
10 31
16 20
29 28
11 16
26 47
18 100
0 44
18 66
29 86
12 68
12 4
16 9
21 35
18 80
12 98
14 26
19 96
30 70
25 11
26 80
21 61
26 84
22 47
5 56
6 13
5 22
2 100
8 39
25 89
4 93
27 25
10 60
5 76
22 79
29 96
28 90
4 10
22 99
26 95
9 38
11 99
0 78
22 6
21 3
29 97
13 36
18 16
21 94
26 71
23 40
29 70
28 35
17 21
11 15
24 100
24 5
0 90
20 41
2 73
16 35
12 25
1 75
21 89
10 21
23 40
21 49
3 2
21 13
11 77
21 74
15 97
3 11
12 25
23 27
10 11
16 16
2 95
12 83
27 77
14 93
13 8
10 43
19 47
20 22
15 65
11 29
29 100
4 97
8 29
19 67
5 13
8 99
4 62
13 10
19 51
11 84
0 13
14 23
10 95
12 64
14 72
17 99
16 94
25 22
8 90
26 95
21 28
3 66
7 55
14 56
22 60
27 37
27 10
28 43
12 84
2 82
12 26
11 99
2 92
12 76
1 92
29 48
2 4
5 34
28 57
6 59
5 54
22 49
3 61
24 96
24 13
14 65
30 45
10 82
3 18
22 32
17 66
12 54
29 62
18 1
3 15
12 49
26 2
4 6
2 69
26 45
11 63
19 24
25 51
0 23
28 84
26 78
20 42
15 41
12 36
28 38
24 49
29 4
13 6
0 68
1 81
1 67
20 10
27 63
2 27
18 35
6 79
11 75
13 50
11 20
19 29
4 74
16 17
7 3
14 14
19 96
16 25
1 12
26 77
4 75
17 68
28 24
25 76
5 22
8 12
25 54
14 47
12 88
9 13
29 22
21 71
5 94
14 87
17 9
10 35
9 97
11 65
27 78
20 2
0 52
5 76
25 29
28 22
24 73
26 54
21 42
4 76
19 56
9 92
27 68
17 73
4 78
15 99
3 8
18 7
27 34
0 30
14 24
0 100
21 74
3 51
7 64
4 55
8 91
25 6
17 83
8 90
25 98
21 49
17 49
11 74
23 84
11 38
28 74
16 92
21 53
20 14
17 51
30 52
26 85
25 14
10 68
15 29
27 17
28 55
23 64
24 16
20 64
17 41
19 12
10 59
22 41
25 80
2 99
12 84
13 100
7 93
4 14
22 10
25 97
16 45
14 100
12 100
15 78
7 7
23 87
22 58
6 37
25 26
4 34
22 83
17 13
14 76
4 44
8 47
14 36
19 43
12 62
6 65
16 69
1 43
20 61
16 63
3 73
11 33
12 73
0 21
5 24
21 12
18 77
7 56
7 96
30 65
5 29
29 1
11 25
3 63
6 77
13 88
9 38
0 50
11 3
9 39
25 69
27 30
7 39
0 74
9 96
21 39
12 16
28 93
19 25
24 100
3 94
30 44
7 73
7 47
2 78
4 15
9 53
11 40
3 66
11 17
27 97
19 73
11 96
0 94
21 90
7 23
5 15
6 46
19 84
14 77
23 7
17 8
16 81
15 67
4 97
20 48
28 81
25 70
24 68
16 81
29 61
24 11
30 7
9 90
27 89
15 46
8 84
7 62
28 90
19 15
15 61
2 78
0 58
27 81
19 70
12 75
24 19
1 94
15 85
8 34
20 61
18 46
20 59
8 9
1 61
4 51
30 48
27 30
14 89
20 1
7 38
19 8
28 2
1 89
8 76
10 16
12 9
18 88
16 20
22 90
5 39
0 8
7 54
13 58
25 51
26 25
15 43
10 78
24 100
17 29
4 49
1 56
26 94
15 52
12 14
30 62
8 41
17 93
0 19
16 13
20 60
17 72
3 2
13 9
14 49
6 49
22 35
14 98
22 97
30 68
13 12
4 96
29 97
5 66
27 87
4 6
16 5
26 30
30 35
28 10
23 33
17 12
9 40
18 23
15 76
25 63
3 27
27 46
21 76
13 53
11 94
12 24
22 93
4 64
28 26
19 64
1 50
15 31
15 99
17 86
18 41
30 45
10 46
29 17
28 21
29 51
14 18
17 16
21 90
29 41
10 2
21 70
13 69
16 64
8 85
10 67
23 57
17 28
0 25
16 98
4 22
9 58
5 75
22 77
2 96
24 36
26 26
11 7
1 34
13 86
5 45
18 18
26 56
24 88
1 61
4 39
0 49
3 18
28 97
29 74
1 80
27 63
4 5
30 29
20 64
7 92
15 77
29 35
10 63
30 83
10 49
4 75
4 52
27 42
15 7
2 75
23 43
25 28
29 54
24 33
19 85
22 39
9 95
18 35
3 44
14 80
6 5
24 60
24 4
22 50
30 25
8 90
0 73
26 36
13 61
7 44
11 21
9 79
22 69
29 8
27 53
9 59
29 89
26 48
3 36
15 66
5 55
24 65
19 83
1 37
18 16
11 46
1 63
19 16
9 99
1 61
24 91
9 43
14 63
4 81
17 85
10 80
26 45
19 5
14 85
28 45
19 50
21 69
28 66
19 98
15 22
13 15
27 55
5 5
19 35
20 70
2 77
26 34
29 23
6 15
27 12
26 98
21 33
18 44
0 3
16 86
11 73
29 7
8 41
28 90
15 62
30 42
22 83
10 83
9 8
15 24
11 50
7 48
1 66
21 60
4 41
10 24
3 57
29 18
0 66
17 49
6 71
30 42
29 94
29 46
15 80
23 23
0 23
22 13
30 61
11 68
14 91
26 13
25 80
11 58
0 49
5 57
29 45
7 47
10 95
23 63
1 2
4 68
5 65
9 40
18 84
0 66
9 62
30 9
3 98
28 34
22 79
12 52
3 88
2 50
20 55
3 89
17 97
13 77
18 9
6 99
14 34
14 49
29 31
25 15
23 61
26 36
13 39
8 79
2 44
23 95
21 34
13 82
27 47
4 5
0 9
5 61
25 35
27 26
6 81
24 7
19 96
12 9
9 23
4 25
11 56
0 63
0 95
20 77
28 92
19 16
30 21
20 23
7 52
22 87
29 14
6 26
23 35
25 97
22 42
30 4
6 62
13 63
5 50
24 30
24 4
26 59
20 90
15 8
3 35
0 2
25 95
7 91
3 2
6 98
10 35
16 10
26 10
18 42
18 69
15 15
5 73
12 16
0 79
21 52
12 39
22 35
14 60
30 60
29 37
24 9
7 79
10 71
20 66
4 55
21 62
11 68
7 86
21 91
25 26
3 49
20 9
19 14
27 32
21 70
20 32
13 55
7 38
17 87
16 67
9 65
16 90
29 63
7 33
14 46
27 73
12 74
23 69
2 39
19 28
20 23
30 50
26 31
12 83
12 14
4 78
0 48
2 4
5 21
26 23
30 39
14 22
25 90
2 31
0 81
24 92
28 22
29 23
9 69
17 21
18 17
29 5
3 27
22 29
9 84
22 79
27 89
0 81
24 44
13 79
11 51
28 16
5 96
2 40
1 58
7 86
18 47
27 91
21 48
14 16
11 69
18 39
7 43
4 82
8 61
8 11
25 83
14 78
11 28
21 46
28 47
24 38
23 13
15 100
19 89
4 8
20 34
17 71
18 59
6 7
23 73
30 76
23 73
14 90
6 97
12 81
4 74
16 68
14 16
25 39
26 51
13 10
9 86
11 60
5 82
21 36
27 97
7 17
23 24
9 86
27 77
8 69
25 20
13 81
30 44
10 65
9 36
25 90
9 51
5 21
16 70
29 35
3 73
7 76
12 59
20 44
19 1
15 80
14 52
14 30
23 51
15 32
30 43
21 5
10 56
28 52
5 47
26 81
15 74
16 26
16 94
21 39
3 84
6 81
9 63
4 100
24 45
4 76
16 86
29 31
24 1
25 37
19 8
5 68
12 50
19 61
27 83
21 60
20 40
23 58
4 91
26 91
0 70
4 37
22 62
9 4
7 59
20 76
26 33
30 15
25 46
0 42
20 81
0 51
13 97
22 54
27 43
5 36
14 95
6 60
15 72
11 36
1 77
4 95
30 53
17 48
20 20
14 70
16 99
0 18
15 82
4 14
25 95
6 89
19 7
17 37
22 55
9 24
24 65
18 88
10 44
13 95
17 96
30 8
1 36
1 52
6 89
10 13
27 52
11 76
8 2
12 81
26 99
20 25
27 67
21 16
5 26
23 58
27 81
11 25
30 15
13 11
10 54
16 6
25 73
20 51
27 71
14 66
25 64
4 58
15 3
22 56
25 8
7 46
5 90
22 89
17 5
10 91
11 49
23 57
12 92
6 3
22 37
1 5
30 44
21 39
16 66
1 87
4 77
8 25
24 45
10 30
25 67
3 10
22 96
14 58
16 96
0 53
4 41
10 21
12 13
9 9
1 16
16 55
2 53
13 84
28 8
9 99
24 18
26 6
5 75
20 27
29 86
26 69
19 76
1 87
1 89
3 32
9 47
1 30
2 77
14 95
3 44
15 47
30 96
3 31
4 8
0 38
30 72
22 63
30 64
4 6
11 44
29 84
17 29
21 82
4 8
1 26
16 68
2 12
6 85
18 63
14 74
2 40
21 53
20 98
12 1
14 8
12 87
28 78
28 75
20 13
4 60
20 86
13 88
19 18
7 71
26 78
14 96
23 93
17 70
29 65
7 83
4 98
10 28
7 9
7 35
22 52
5 12
30 27
20 24
25 70
4 93
25 37
18 60
18 37
5 79
12 38
15 24
10 38
21 10
28 64
29 98
4 6
17 22
25 37
1 33
4 76
21 36
8 89
7 30
26 23
19 15
18 34
5 88
29 1
27 25
7 53
12 39
14 96
25 11
24 51
7 56
3 94
1 19
28 43
20 35
20 45
1 86
28 48
19 80
15 6
27 11
28 66
18 42
18 7
30 4
2 83
1 95
26 78
16 81
4 39
24 22
13 23
14 31
21 31
29 7
1 23
7 23
6 59
28 11
10 91
12 61
30 37
9 41
25 41
10 54
21 70
22 25
30 16
10 18
1 89
21 40
20 29
29 67
19 78
13 43
18 12
13 34
30 77
28 64
5 25
25 88
11 34
9 92
27 94
1 23
2 83
27 60
28 67
9 84
14 14
7 78
2 72
3 74
14 33
12 12
12 83
18 17
11 95
7 72
11 34
1 86
26 29
23 86
2 53
8 76
27 5
19 81
27 95
21 50
21 99
10 46
27 63
6 50
9 20
5 25
9 73
6 22
16 83
9 91
21 2
23 16
29 34
8 55
12 23
26 71
0 23
13 28
20 1
8 53
15 100
6 33
19 88
12 63
8 79
4 31
26 77
23 38
4 21
18 42
7 92
22 71
21 81
21 29
26 41
22 77
2 50
11 59
8 92
18 53
2 19
14 60
25 37
21 49
9 73
26 57
9 38
0 59
23 22
30 9
28 10
10 45
9 35
0 65
4 97
13 74
27 31
7 65
25 75
22 62
24 12
20 85
9 51
20 26
0 14
10 39
20 84
17 43
8 97
19 90
4 30
20 54
16 66
0 70
15 52
26 66
17 83
24 87
22 55
30 92
23 40
29 37
11 27
1 58
12 33
1 41
16 31
21 39
7 53
23 12
1 4
15 39
1 58
23 92
1 11
12 32
8 40
6 31
27 74
4 66
20 47
29 27
8 77
18 44
13 1
13 30
3 3
22 20
15 63
4 40
14 59
13 57
15 58
13 43
13 92
26 97
8 92
13 42
27 26
17 3
14 16
5 91
16 72
25 8
20 55
6 98
26 81
30 50
4 10
20 54
3 82
26 93
15 50
9 38
15 95
12 71
22 78
25 43
28 34
30 71
1 42
17 2
18 23
5 54
28 37
22 90
2 64
19 45
15 4
7 30
6 95
18 41
21 93
30 82
2 18
23 44
30 62
9 30
6 37
30 31
22 99
25 83
11 64
22 79
7 41
14 36
24 47
8 81
21 58
19 98
3 9
27 73
30 78
28 33
20 67
14 48
5 16
5 8
0 53
22 62
20 8
27 88
12 62
23 86
18 5
13 60
17 24
16 44
20 50
13 47
27 16
14 82
25 79
22 60
5 37
1 2
3 21
30 62
21 43
25 25
12 70
3 40
26 52
2 48
22 15
22 93
28 68
15 80
0 60
8 91
2 22
7 10
29 19
12 39
17 47
20 51
9 58
23 88
16 67
29 16
3 87
22 64
9 31
15 19
1 11
27 13
30 56
7 20
13 6
6 37
10 21
21 78
9 59
29 58
1 56
3 88
5 61
11 67
9 83
8 55
11 27
7 40
12 53
9 18
28 16
10 57
0 57
9 22
29 68
24 50
25 1
0 16
28 91
4 28
24 53
28 4
30 24
13 33
19 26
24 33
17 81
30 59
25 29
3 99
11 41
17 13
9 12
29 83
21 1
30 49
15 29
17 34
14 42
7 38
6 42
28 98
30 45
8 20
19 31
2 22
29 59
12 20
4 69
18 71
23 98
14 64
20 73
1 35
2 84
18 13
25 53
18 26
13 78
0 63
10 92
1 100
18 14
16 25
22 92
2 13
20 59
21 13
24 59
26 46
13 50
6 34
29 19
25 27
27 8
15 42
11 31
12 56
27 81
21 73
15 6
15 76
26 43
2 91
5 63
13 48
7 58
26 98
8 92
23 8
7 30
8 26
4 45
1 9
11 57
2 41
3 29
11 71
6 87
10 91
25 45
8 16
16 17
22 27
24 15
15 9
2 99
4 78
14 87
29 44
29 59
7 4
19 95
24 10
6 83
29 30
17 84
25 87
13 7
25 90
0 99
1 23
29 71
0 80
23 87
23 47
16 31
27 30
4 23
13 81
1 36
2 97
26 65
16 21
23 35
1 46
30 63
17 68
28 4
10 77
28 31
14 100
17 92
23 66
19 27
15 5
1 28
19 25
0 74
10 12
14 64
5 42
27 82
19 77
25 45
27 57
6 39
28 90
15 77
4 78
1 18
21 90
29 22
21 75
6 43
10 9
10 2
19 43
15 29
14 73
21 47
5 61
0 100
28 84
27 28
20 93
14 47
27 48
25 84
29 58
29 50
17 90
14 26
23 89
19 9
11 6
22 97
3 38
28 2
7 84
2 66
5 56
2 87
16 24
23 37
17 54
10 68
4 36
2 9
22 94
7 33
27 87
18 75
15 46
11 93
23 46
28 48
10 19
1 26
28 59
8 60
5 67
18 10
28 11
6 13
16 31
6 77
6 24
2 53
23 2
6 3
24 100
23 92
2 6
16 26
10 10
9 2
22 54
1 26
14 57
23 81
20 82
16 62
27 12
28 44
10 27
1 34
15 19
11 86
10 4
29 43
24 7
30 91
18 17
0 89
7 63
28 27
16 75
13 91
30 75
10 63
6 71
27 74
8 96
27 53
30 93
14 39
8 42
10 9
0 39
9 2
29 62
14 57
5 46
4 45
18 70
6 77
18 13
9 71
28 64
11 77
30 79
27 100
20 80
3 81
25 87
8 49
28 28
27 81
15 57
1 25
1 77
12 80
27 30
16 77
15 20
18 93
17 44
26 79
7 89
3 49
10 45
24 49
21 70
14 10
10 29
11 88
5 20
3 12
29 67
14 17
11 95
0 33
24 95
11 60
0 83
10 49
16 2
26 21
21 2
12 94
9 55
18 24
30 36
20 23
23 20
26 58
5 92
5 92
18 53
10 4
20 3
11 43
15 63
25 81
26 70
9 97
9 79
29 23
9 26
6 88
21 16
13 1
11 81
24 33
20 84
22 5
29 41
12 16
13 83
19 41
6 12
22 52
0 100
24 30
16 72
20 82
1 18
9 82
10 63
2 70
5 24
14 57
3 69
19 65
11 77
9 34
11 47
21 12
14 59
13 82
6 90
8 56
4 35
23 8
19 90
15 3
28 55
12 28
28 71
9 63
26 69
22 6
18 39
19 76
21 32
29 11
22 66
17 46
27 77
20 92
5 93
15 87
9 82
26 39
25 60
6 58
26 5
10 43
13 18
8 30
13 74
10 69
6 48
13 4
22 40
18 47
8 91
28 29
3 77
26 75
12 31
11 64
22 70
4 82
3 46
15 67
25 75
23 74
15 64
8 81
2 73
2 3
3 67
17 10
3 34
20 47
17 80
16 15
23 2
15 16
17 68
23 81
21 3
24 57
20 99
10 59
21 47
24 74
3 26
15 11
19 35
8 60
4 12
20 43
16 65
19 14
22 3
4 44
26 8
5 71
16 68
27 2
12 19
8 29
21 44
1 40
20 37
21 44
24 95
21 73
12 97
18 44
17 15
12 38
12 28
16 81
26 58
13 44
15 3
20 93
18 34
22 33
6 64
23 87
28 1
10 22
24 71
0 79
12 62
17 73
23 47
21 81
14 16
8 16
0 26
9 95
28 19
28 31
20 28
9 6
2 97
22 72
18 27
20 58
13 100
24 46
11 11
13 33
24 46
18 34
2 60
12 15
18 78
11 34
11 65
14 68
2 27
12 7
19 49
15 2
29 97
19 86
9 41
0 95
8 79
10 77
18 13
11 87
5 84
25 96
7 60
25 49
2 90
16 8
25 25
8 25
18 59
19 95
27 44
5 67
3 45
27 24
2 6
0 54
11 23
23 39
22 66
20 99
13 31
26 61
30 66
10 30
29 93
30 79
5 54
2 79
10 27
22 52
5 23
12 33
29 84
3 93
9 33
9 47
24 47
8 72
21 2
23 43
13 20
4 67
2 37
29 74
5 5
0 52
14 8
11 9
11 36
5 94
10 6
19 62
12 16
1 55
28 41
6 49
13 51
8 53
10 19
15 29
3 38
10 55
14 25
13 58
15 18
17 11
5 8
15 27
2 54
1 74
7 43
14 52
24 87
0 68
1 70
17 55
14 40
18 18
5 11
17 88
21 37
4 39
13 33
13 7
12 4
0 20
11 34
17 37
5 55
3 62
8 92
10 2
7 26
1 60
3 46
19 29
29 72
13 35
23 46
18 84
23 66
11 28
13 64
10 20
29 60
23 52
8 31
27 66
4 34
29 84
29 65
22 42
10 49
0 24
20 9
5 29
24 34
8 71
15 70
7 71
1 69
18 76
18 25
6 54
14 68
22 95
3 31
4 5
19 20
19 51
20 96
4 27
12 90
16 51
14 84
11 51
10 60
9 15
26 30
22 17
6 63
4 39
18 52
21 62
16 84
2 22
6 40
2 63
21 57
17 70
27 17
29 68
23 8
4 21
15 40
1 11
2 83
1 20
20 35
7 67
28 86
13 57
22 23
7 66
6 69
5 67
17 82
13 86
18 17
1 77
22 50
12 3
0 66
25 79
26 81
0 67
15 78
18 2
14 42
6 55
0 34
5 39
6 80
23 83
12 22
3 50
4 39
13 92
16 71
29 96
21 39
18 90
6 29
9 11
9 98
4 13
11 4
7 20
9 10
16 26
21 81
2 46
30 35
5 96
6 54
8 69
28 53
22 14
11 79
30 41
21 57
19 39
15 32
13 88
23 48
28 23
5 2
18 55
23 77
26 73
7 2
26 46
11 20
6 47
26 76
27 33
17 16
26 5
26 46
6 60
1 77
7 95
1 35
27 36
27 12
11 15
17 22
9 93
11 23
5 31
15 53
13 9
28 68
3 24
26 70
9 87
2 47
9 90
3 1
0 70
24 77
19 97
27 39
9 81
8 24
18 66
16 72
3 72
6 21
15 49
24 16
15 48
13 42
0 43
30 48
23 28
6 86
14 57
12 83
21 57
5 88
15 4
21 8
18 63
3 2
4 74
20 89
30 61
5 91
12 19
4 89
25 5
9 68
2 44
13 52
29 83
4 24
0 55
17 85
11 30
20 88
21 63
26 91
1 96
20 96
28 83
7 94
4 76
14 25
14 67
23 40
30 21
2 26
3 44
21 36
16 71
21 54
23 78
28 87
8 78
15 30
24 39
17 77
8 88
18 70
4 53
28 14
26 9
1 5
19 90
12 66
26 93
26 7
23 36
18 33
3 34
24 25
22 75
14 52
0 39
12 17
6 75
19 82
7 42
21 62
16 44
4 53
16 15
18 29
8 41
24 14
5 45
0 2
27 55
27 39
15 65
9 94
8 69
25 82
28 67
26 2
24 48
7 7
6 35
23 12
5 91
4 58
21 39
15 82
24 89
24 19
18 39
14 30
13 96
11 62
5 6
27 94
19 8
28 22
5 87
11 86
3 8
11 91
0 58
15 27
12 81
17 8
28 93
15 98
12 26
26 90
22 90
11 29
29 82
4 29
23 81
12 56
29 76
25 41
25 39
13 21
20 68
15 96
22 96
27 48
4 31
3 68
24 93
30 91
25 80
19 48
30 17
21 23
16 46
29 92
22 80
6 20
26 52
4 27
20 44
19 67
24 27
10 20
19 89
30 91
26 93
6 52
0 64
23 92
20 46
19 41
5 79
0 15
2 55
2 68
9 60
19 53
0 86
17 3
14 11
22 19
29 39
9 64
27 22
23 53
4 71
29 63
22 72
30 4
10 65
3 59
30 13
25 75
24 45
25 10
25 31
6 33
27 50
19 39
28 73
1 93
12 23
30 83
20 92
24 63
5 74
8 76
0 53
19 14
13 78
14 1
29 65
5 54
2 49
23 57
8 29
15 24
11 82
28 10
23 92
3 84
17 29
1 14
29 83
12 24
4 21
9 15
28 63
27 39
12 70
9 73
1 25
17 13
27 87
18 64
20 99
6 19
25 38
5 35
12 15
21 40
4 1
19 90
27 85
25 37
4 30
2 18
19 74
0 88
25 71
23 84
3 41
29 6
7 77
21 85
29 87
10 1
4 68
6 84
22 9
8 100
10 41
28 58
30 29
0 44
22 29
21 31
22 44
2 23
14 21
26 10
26 64
0 66
15 34
18 84
9 46
11 67
19 9
28 80
11 94
16 41
27 4
20 96
7 2
20 29
6 77
16 63
16 37
28 76
18 43
17 40
14 6
12 21
13 59
7 5
23 53
6 98
19 99
13 5
16 7
14 83
19 40
4 20
28 48
25 92
24 14
5 2
3 44
27 99
27 17
12 87
14 53
14 69
10 47
4 12
3 40
8 29
9 32
29 44
10 8
24 87
10 18
2 96
13 8
8 98
16 9
10 7
6 69
18 4
1 3
19 90
4 22
11 84
8 78
18 89
10 96
20 84
29 35
22 38
15 67
3 4
15 74
6 45
5 56
1 83
16 23
25 64
13 53
23 76
16 75
8 51
29 95
18 87
2 95
28 69
6 6
3 99
8 73
25 68
22 8
16 7
17 34
15 46
27 25
16 86
15 22
9 78
6 86
15 50
13 59
27 53
17 24
11 80
18 30
19 63
28 64
7 37
18 55
12 50
14 65
25 56
13 81
30 28
23 5
12 74
24 69
6 49
14 78
29 80
19 70
9 44
7 19
0 3
22 25
25 73
11 31
3 69
26 51
0 74
13 98
6 68
8 69
23 66
27 13
28 47
16 37
26 65
17 93
3 60
20 73
17 20
11 73
30 49
4 28
8 98
15 89
11 55
18 87
18 61
26 92
21 99
29 82
15 56
3 44
0 3
8 42
4 16
1 95
9 85
19 3
2 62
6 98
7 4
24 58
18 99
5 80
4 31
19 64
23 95
9 62
15 54
2 94
18 13
21 76
29 80
9 91
1 51
12 86
29 79
26 51
22 87
8 48
11 80
12 41
7 10
21 20
9 60
15 45
26 64
14 42
22 88
2 90
20 93
24 14
2 79
7 42
18 58
22 91
3 53
14 78
5 70
1 66
20 18
30 77
27 62
5 64
30 36
16 44
6 66
1 11
8 8
5 72
13 48
24 66
19 61
20 68
6 34
4 80
4 57
30 90
6 33
21 20
4 42
25 19
30 88
23 94
24 7
8 9
1 95
0 35
9 100
10 6
22 75
27 21
29 69
28 39
16 97
11 42
20 42
12 88
9 64
25 54
23 2
28 54
7 62
12 34
18 49
14 74
2 28
4 24
0 21
28 11
0 6
28 56
27 15
12 95
29 26
27 34
8 51
0 25
3 83
11 32
11 25
22 74
1 39
2 69
5 61
23 77
5 84
25 14
8 46
16 45
18 98
4 68
20 47
9 4
0 84
15 90
6 79
3 88
16 64
14 8
19 90
29 74
17 70
10 12
8 56
20 42
13 74
8 40
2 15
9 39
4 65
23 32
21 59
30 12
4 98
12 79
24 85
0 100
7 22
14 62
11 77
16 34
4 100
29 65
12 9
19 38
22 6
7 19
26 79
30 23
8 87
18 99
30 92
21 25
21 63
9 18
6 95
11 27
21 44
7 27
12 92
28 25
22 56
11 67
29 15
19 48
21 44
18 69
25 46
27 63
19 66
20 64
23 12
23 1
1 77
21 57
16 68
2 31
2 53
29 75
23 59
2 90
7 74
20 14
30 8
28 92
16 34
7 22
16 69
2 27
7 21
1 55
11 16
4 4
10 28
10 21
12 95
13 37
4 16
24 58
25 4
27 85
27 41
7 62
25 12
25 50
29 95
20 29
11 1
7 16
19 90
26 52
20 54
26 3
3 13
5 57
30 24
12 91
19 7
4 95
26 53
29 7
27 89
2 22
12 38
25 80
10 46
9 66
7 51
7 58
20 83
6 89
26 44
6 72
12 80
3 32
22 67
6 23
7 92
17 5
5 80
22 30
22 61
9 17
21 2
20 82
10 32
0 9
1 52
5 65
5 10
20 46
25 33
22 10
21 85
22 53
5 15
15 18
1 71
25 37
14 24
27 55
21 68
16 41
21 87
28 9
4 7
8 29
0 72
23 93
26 91
18 36
22 26
26 12
10 89
26 20
9 20
22 37
11 83
28 85
5 83
17 35
25 78
28 48
15 47
13 85
19 88
16 28
6 78
12 1
22 18
4 68
20 72
24 35
9 67
18 11
11 81
12 1
19 16
12 56
26 45
30 68
19 46
13 32
9 31
28 19
21 83
27 79
8 43
4 61
20 34
2 37
16 5
27 28
12 76
22 33
2 10
29 20
29 38
26 66
2 88
4 48
5 32
26 69
7 52
0 4
9 77
17 23
24 73
14 92
8 22
11 2
19 11
5 96
4 42
20 84
14 59
2 12
8 35
17 55
29 17
12 92
23 52
18 26
10 99
12 43
7 81
18 41
15 63
13 49
28 79
22 87
9 2
25 73
9 96
3 84
18 18
27 25
4 2
4 55
15 82
27 5
23 84
10 29
30 97
29 31
29 18
20 71
28 52
3 57
0 77
1 20
4 9
4 48
15 69
1 74
22 10
7 68
29 86
17 61
20 4
8 66
22 41
11 2
2 73
22 81
30 35
26 59
10 62
21 94
16 6
20 50
5 56
19 80
7 20
17 34
17 82
8 6
2 12
23 58
7 25
1 51
30 32
13 15
30 49
15 51
10 23
13 76
17 1
26 43
17 54
20 56
16 35
0 52
15 64
0 47
16 18
21 45
14 94
29 53
0 71
18 9
6 8
18 17
26 3
3 63
30 69
1 51
6 71
21 64
24 43
27 28
20 83
7 8
3 44
13 47
29 66
15 22
2 91
24 100
20 100
12 92
4 61
4 63
5 32
29 12
17 79
10 91
22 71
21 81
12 97
8 26
12 84
29 77
23 76
22 79
26 90
29 64
12 18
12 50
3 73
10 76
7 77
19 39
30 77
21 15
0 56
12 68
5 86
14 49
24 96
25 95
25 84
21 23
9 55
21 12
24 63
5 56
6 33
30 10
20 47
0 89
16 96
29 36
14 43
4 80
8 96
2 99
11 4
7 50
4 76
12 30
27 32
3 29
10 62
3 55
5 77
24 21
9 55
27 10
18 28
20 40
0 96
17 88
25 55
22 34
20 16
2 89
1 38
2 45
18 95
1 22
24 63
6 18
3 49
12 91
15 91
13 54
15 100
29 58
15 8
20 80
8 53
18 50
4 44
29 16
7 7
19 9
15 90
18 57
5 61
13 93
17 75
0 15
15 70
19 51
1 68
11 18
14 16
16 29
16 88
2 90
13 85
12 65
18 40
15 26
9 96
23 23
1 30
17 67
26 61
21 40
26 44
16 28
11 24
23 6
19 40
12 19
21 65
3 65
8 72
1 81
15 46
1 51
9 6
27 58
7 14
23 22
13 51
4 76
16 99
29 58
8 99
1 15
5 68
29 87
20 35
21 91
6 27
13 80
7 72
23 84
30 16
4 1
23 51
14 88
10 31
23 8
29 39
3 19
9 74
22 84
17 75
20 79
19 67
16 41
10 69
9 35
23 95
9 26
29 24
24 48
2 33
0 32
0 23
23 86
28 18
7 94
29 82
27 57
4 90
16 7
26 70
18 68
29 46
6 54
22 35
27 47
26 84
0 67
8 7
12 34
18 27
6 16
14 53
12 80
15 91
0 33
6 51
27 82
5 70
11 9
16 70
27 58
7 40
2 37
23 49
7 9
17 33
21 73
17 84
7 32
23 60
24 19
26 79
24 88
19 59
22 8
10 53
21 34
26 24
24 89
30 60
8 95
8 63
19 75
30 84
4 92
16 24
26 74
10 71
13 92
3 25
4 34
5 61
22 47
26 76
13 38
2 90
14 60
28 22
12 25
10 2
2 63
26 44
17 16
17 76
18 52
19 59
18 52
9 91
27 26
13 7
12 24
22 83
15 78
25 52
14 78
6 90
24 81
12 97
18 86
29 61
11 39
16 11
10 14
2 8
21 70
10 11
6 96
26 33
14 13
6 5
4 76
30 45
17 29
13 12
12 68
12 13
18 21
28 68
18 65
3 54
12 58
24 52
24 4
11 81
8 9
9 14
12 16
17 17
3 19
11 90
3 13
24 83
24 66
13 77
29 73
23 46
25 97
10 9
22 85
18 60
12 78
9 52
30 4
27 27
12 65
23 66
28 84
8 68
5 71
7 19
24 27
5 61
10 3
0 94
13 73
2 31
24 72
0 83
12 71
18 17
0 66
24 61
10 95
0 81
11 49
26 25
3 2
20 46
16 32
3 64
8 53
16 5
8 91
20 4
24 59
19 29
9 13
8 79
22 31
17 97
26 34
28 5
1 30
21 29
3 98
4 9
14 63
11 42
27 22
6 5
22 9
2 15
7 30
5 91
30 75
4 87
26 92
6 2
5 42
1 73
0 10
29 98
9 90
19 7
6 33
12 92
17 54
23 62
14 89
20 77
16 72
28 26
16 92
27 34
0 6
12 32
18 58
30 11
6 64
30 56
14 94
22 29
19 82
19 74
11 52
17 1
24 45
10 36
13 6
10 62
15 72
22 32
13 92
25 63
14 51
11 3
10 64
15 43
22 59
7 33
22 55
6 53
0 16
7 17
16 62
13 68
0 68
5 42
15 87
30 37
14 83
7 81
28 18
18 76
10 18
2 89
22 78
2 65
30 2
24 26
19 9
5 2
30 31
6 92
1 78
10 86
30 61
24 78
22 18
11 96
10 79
7 63
23 10
30 39
16 74
2 59
15 62
2 22
28 22
27 95
12 17
5 20
4 37
8 67
18 50
7 1
19 92
21 65
7 4
30 83
24 1
27 22
18 78
3 100
30 34
17 85
26 95
8 74
5 54
19 13
1 88
11 88
22 45
10 99
28 94
24 7
26 40
28 44
7 22
23 7
19 30
25 43
6 15
12 84
15 26
30 42
18 88
21 42
15 17
23 98
27 86
14 3
30 17
26 95
23 5
25 100
16 21
23 71
26 60
14 3
3 43
23 61
23 32
27 77
15 45
12 11
5 10
0 93
13 11
27 10
14 73
30 78
5 80
19 13
28 26
22 90
9 73
8 58
15 31
15 50
17 82
4 100
23 28
11 95
6 66
17 56
0 73
12 88
20 63
3 77
21 3
28 33
11 59
18 46
3 67
29 2
5 98
15 51
22 87
14 50
3 13
24 63
22 46
8 80
3 60
22 18
6 71
10 70
20 87
3 27
17 93
6 29
30 80
18 61
18 65
15 15
30 83
10 33
12 6
30 22
25 28
8 79
22 58
12 17
3 24
10 64
19 37
2 79
5 40
29 90
24 60
19 63
13 62
17 47
25 10
7 32
8 54
18 66
6 82
6 8
21 19
14 46
23 87
21 12
3 6
9 95
11 83
28 63
0 4
23 34
24 83
28 68
12 76
19 27
16 89
25 99
28 75
14 31
13 55
19 23
16 75
26 39
30 8
25 3
14 37
30 66
6 87
15 20
8 94
13 88
13 89
2 67
7 1
21 49
6 21
13 32
14 58
2 11
23 79
2 35
6 27
20 7
10 63
0 17
6 98
20 89
30 17
11 18
20 7
6 5
18 2
19 34
6 54
17 26
21 57
28 87
28 20
27 41
10 99
16 45
16 2
7 92
9 65
7 31
10 68
23 21
27 19
7 63
26 9
6 82
9 79
19 97
24 50
27 59
16 82
13 5
2 91
23 67
23 56
18 30
3 20
4 78
14 91
22 10
11 20
8 6
14 4
22 51
9 49
27 66
13 86
18 94
19 41
6 52
13 3
23 34
8 78
9 37
6 94
16 64
8 73
12 43
18 94
3 97
16 94
9 8
22 66
13 70
5 100
27 77
29 96
2 71
3 50
26 47
11 37
9 62
20 66
19 4
24 78
23 32
11 23
14 39
22 69
10 43
21 74
26 21
27 10
6 77
23 14
2 58
14 12
26 15
23 20
9 75
29 63
6 39
25 85
0 57
10 100
13 34
23 27
20 62
7 74
4 37
18 90
16 68
24 98
0 40
17 64
14 11
14 24
22 71
28 73
10 55
30 57
5 32
2 12
23 74
18 7
28 100
30 81
17 54
17 28
18 40
30 31
12 55
19 11
28 70
22 97
0 90
23 48
4 85
18 57
18 69
13 46
10 13
6 10
29 87
10 1
0 7
14 39
14 25
16 73
16 48
6 3
10 73
27 92
16 5
9 83
2 7
21 43
23 43
17 69
27 56
3 8
17 27
7 68
15 68
29 70
30 100
20 18
1 30
26 25
24 79
22 3
4 89
3 71
13 76
9 82
30 44
18 87
12 52
10 98
6 15
23 89
19 29
18 26
14 67
1 41
25 42
12 54
26 4
7 34
7 35
11 33
14 39
29 20
13 18
8 53
10 99
30 32
13 62
22 26
6 64
15 74
9 68
30 21
11 40
7 9
19 93
4 18
22 2
18 54
6 80
1 36
15 87
27 18
30 71
9 52
22 96
8 56
7 39
2 46
21 32
21 48
14 82
17 8
21 56
13 90
12 61
25 83
20 87
4 94
6 36
16 68
24 32
0 96
2 14
22 3
19 39
1 39
10 96
5 66
29 1
26 84
21 15
12 8
7 3
0 34
9 36
10 48
13 39
16 67
14 45
10 74
28 15
10 97
30 97
2 20
27 45
21 19
21 80
27 21
16 72
11 92
9 77
13 93
24 68
8 59
26 97
27 45
18 29
30 57
3 68
17 89
9 17
20 45
24 71
28 75
10 93
19 7
22 20
7 88
28 80
30 26
20 45
2 50
13 77
28 6
26 3
15 12
25 14
15 18
7 63
0 67
25 98
23 60
18 85
14 91
12 57
29 75
2 21
4 84
25 56
9 53
13 10
9 50
0 67
27 34
15 57
27 89
10 80
23 13
1 19
30 55
15 70
21 53
28 53
16 81
20 23
2 72
0 86
10 70
24 82
24 75
25 7
5 49
3 85
24 49
9 38
11 33
22 98
16 77
14 99
27 59
13 55
15 9
12 97
7 49
22 21
28 49
14 5
18 76
21 63
17 48
24 70
5 14
16 46
26 36
25 41
29 89
22 33
18 4
22 22
24 36
0 94
29 55
4 99
11 80
14 35
23 44
9 69
4 63
5 53
28 77
10 32
24 50
30 21
2 49
10 95
2 23
16 8
20 25
29 29
9 94
6 96
1 38
8 92
29 70
26 68
4 27
10 83
0 97
28 74
6 27
22 28
12 3
21 71
26 78
17 75
8 87
28 70
19 93
18 67
24 67
18 79
5 26
16 92
9 58
23 97
1 94
13 98
3 81
20 72
22 59
9 29
9 40
1 6
8 72
27 81
20 27
4 60
22 59
1 54
17 39
29 65
18 18
16 35
5 72
24 17
5 76
19 49
12 12
23 93
2 25
13 62
25 59
22 55
5 56
21 24
13 40
12 30
10 99
21 10
10 64
1 95
4 96
1 16
27 50
30 68
29 95
24 65
16 88
23 63
29 19
6 22
26 39
19 74
4 100
19 11
27 28
16 36
25 72
18 17
22 32
22 44
21 37
24 35
26 96
13 62
3 90
7 8
17 82
6 56
17 11
13 47
22 11
10 44
28 18
6 41
19 84
16 81
5 50
26 25
15 68
30 71
2 14
18 71
0 57
12 40
18 42
6 30
5 55
22 94
1 38
7 96
30 82
7 29
8 76
8 38
16 46
24 16
25 51
21 80
8 25
29 97
29 20
9 41
7 67
25 29
28 40
11 71
27 95
12 47
2 97
19 47
21 69
3 83
4 73
24 45
26 58
15 94
29 73
6 60
23 89
29 95
10 64
9 63
22 4
20 34
3 87
11 39
13 54
7 92
7 66
2 70
23 58
23 86
23 73
13 12
26 19
0 53
8 71
20 98
20 54
10 95
24 95
3 58
7 73
22 44
26 76
22 2
13 70
18 76
26 32
17 45
4 45
17 92
22 73
20 89
17 15
30 89
4 56
19 76
9 68
17 35
2 22
5 77
5 12
3 80
19 3
25 43
11 95
2 16
25 47
1 98
26 97
4 90
19 99
30 75
5 86
10 15
20 67
5 42
4 34
19 94
10 2
1 55
24 48
5 43
19 96
8 37
14 53
18 21
29 67
4 24
29 14
19 75
23 98
29 74
8 18
26 59
16 1
2 35
15 58
23 44
11 29
22 83
25 79
16 15
1 93
18 63
16 55
28 16
22 78
9 22
5 68
27 53
6 33
9 93
13 76
11 39
18 19
12 76
4 27
29 79
22 29
7 2
11 20
29 67
18 29
23 60
29 5
8 84
22 96
19 44
9 5
12 2
26 34
17 77
15 89
6 43
4 64
8 56
18 81
3 28
17 15
5 89
20 57
21 40
13 40
23 56
16 56
21 11
20 2
25 71
12 10
0 93
3 31
22 19
24 64
19 42
17 3
5 54
20 85
10 36
30 77
5 36
28 61
18 87
19 15
4 73
9 28
26 40
3 62
23 29
22 16
23 40
3 83
5 46
29 88
3 100
4 94
11 87
13 93
14 97
9 30
16 19
5 50
10 64
25 99
5 23
4 48
10 56
27 90
26 1
13 6
21 27
22 86
18 75
17 66
1 2
23 37
18 36
8 69
12 1
22 50
19 84
17 4
12 1
18 59
27 88
13 32
23 52
29 44
6 14
7 47
23 20
29 55
20 29
20 7
28 63
2 16
24 80
11 80
12 26
0 31
6 76
7 51
23 96
23 90
19 96
28 5
30 76
14 97
9 68
3 7
12 49
22 31
12 70
15 82
28 50
3 14
7 42
5 28
22 81
4 80
8 37
4 2
4 54
26 18
22 31
17 41
8 27
30 37
4 32
4 74
4 43
30 45
4 63
19 59
29 99
22 76
16 7
1 26
11 99
22 51
30 15
25 43
21 59
6 75
28 32
24 17
7 84
27 77
10 43
10 93
30 5
6 86
19 43
3 77
27 2
29 73
0 1
1 47
20 61
7 36
15 11
8 18
1 76
27 34
6 76
15 54
15 37
18 40
4 33
12 91
4 14
12 62
29 35
26 82
22 38
9 62
13 22
3 85
30 49
24 52
27 79
17 27
18 16
5 91
22 81
29 42
10 50
2 3
16 60
13 78
22 67
23 24
8 23
4 55
25 72
15 80
9 56
5 76
27 10
21 56
3 26
18 7
29 15
16 80
30 34
14 38
29 73
24 99
13 83
23 81
28 66
17 61
18 97
21 97
16 79
16 46
9 41
11 11
10 37
28 30
11 47
15 1
1 14
29 94
6 4
6 78
16 86
12 91
18 47
9 57
5 21
13 12
19 3
23 33
13 82
11 10
14 29
17 96
5 82
21 21
22 57
9 89
16 94
17 38
13 34
19 91
13 53
22 59
5 49
30 97
23 41
26 74
1 66
18 71
1 64
9 29
23 18
9 99
21 25
15 94
5 73
12 52
3 11
1 37
23 84
6 78
26 82
2 35
5 63
9 66
21 39
18 98
5 1
13 76
17 46
6 85
17 9
19 89
14 47
28 88
4 70
4 31
2 27
19 65
25 77
18 13
16 38
30 78
13 79
28 11
16 27
20 59
6 32
7 63
9 18
19 86
18 97
8 43
7 81
23 54
12 62
2 49
8 79
23 60
5 76
4 37
5 99
28 62
19 49
11 68
25 94
23 49
12 89
0 93
4 12
26 68
9 64
13 86
12 5
6 46
11 91
7 79
28 44
23 91
19 14
26 100
4 48
10 82
2 25
12 27
0 79
5 91
20 1
2 44
28 30
5 28
11 90
3 60
23 97
3 36
18 20
22 54
24 95
26 52
15 90
1 23
28 32
3 13
0 61
9 43
10 61
27 19
9 55
5 37
26 49
21 83
29 20
14 7
19 8
17 94
10 27
6 39
30 55
21 87
1 22
3 83
19 16
26 14
25 67
12 15
9 25
5 49
5 13
3 90
29 58
23 49
4 49
25 2
18 2
16 65
23 65
9 36
29 89
27 81
19 97
20 14
21 22
20 58
19 75
26 61
26 89
0 17
0 31
6 4
19 12
20 70
14 40
13 51
15 81
6 9
18 50
2 79
2 36
13 46
9 47
0 18
2 61
1 43
1 7
8 95
30 67
29 73
11 25
8 2
17 27
15 80
7 69
30 48
6 60
25 54
3 15
11 28
2 82
7 23
13 7
11 75
27 94
4 7
22 29
8 19
30 99
21 78
12 76
13 30
30 12
3 64
18 24
4 65
25 74
0 6
4 40
21 11
14 40
18 84
7 23
10 94
1 63
13 76
18 86
20 31
12 69
0 90
20 20
5 92
29 66
13 53
25 84
23 17
10 90
27 56
6 96
18 66
16 67
2 83
21 47
6 44
6 31
20 63
5 66
28 1
28 43
20 78
22 21
16 3
1 24
0 38
7 82
8 32
9 1
28 87
20 90
3 54
24 94
18 14
25 30
14 8
19 28
29 43
12 90
23 66
15 53
18 23
26 60
5 80
7 61
1 88
19 90
26 10
20 11
9 77
6 7
24 98
9 5
23 41
2 65
16 63
2 37
4 58
25 22
14 60
9 56
4 28
18 25
5 5
16 14
29 45
22 83
26 100
11 30
4 14
11 35
4 99
14 75
22 95
27 43
4 43
7 13
4 51
3 51
19 6
28 42
26 37
19 100
2 74
17 69
5 55
28 18
29 22
10 19
20 50
20 79
2 25
19 40
19 49
17 67
15 93
15 20
7 24
14 44
12 85
26 51
14 7
22 8
16 47
23 54
30 42
0 97
4 43
3 47
22 9
22 71
10 86
9 52
22 64
26 34
19 55
7 93
4 67
11 50
24 14
15 30
13 96
3 15
12 76
1 65
20 10
6 22
18 62
22 77
13 75
18 78
3 74
18 92
7 33
3 79
11 69
29 97
17 5
15 3
1 58
29 58
3 4
15 69
10 36
19 36
20 17
7 97
16 64
29 54
29 12
20 25
22 73
25 79
17 4
21 71
10 89
15 43
1 50
4 22
17 8
6 79
5 9
23 6
10 39
19 55
9 27
18 45
0 32
8 45
0 44
18 82
1 75
17 87
11 99
25 89
2 40
13 88
15 6
9 52
4 71
24 78
10 5
17 98
5 88
30 79
19 72
25 80
21 28
6 76
21 19
19 41
6 57
24 82
11 88
22 87
15 24
1 35
4 13
25 70
10 50
3 81
9 31
17 15
9 32
8 56
7 45
20 37
2 99
18 23
11 21
5 65
18 29
17 6
1 45
14 6
19 16
8 86
20 60
25 10
5 35
8 75
7 8
21 6
28 89
27 13
14 91
12 78
11 90
0 5
2 48
26 32
26 15
1 68
6 89
10 51
11 99
13 26
1 99
28 89
5 30
9 70
7 4
14 10
12 22
29 31
13 91
28 24
0 87
15 48
11 85
9 67
2 26
8 35
4 37
5 42
25 96
5 49
10 100
24 31
14 78
29 10
26 52
8 97
22 85
18 42
3 95
26 100
19 20
6 35
12 2
29 42
22 90
17 67
23 76
17 61
15 82
28 56
8 46
16 98
17 40
23 86
20 99
9 31
15 4
16 77
11 18
20 22
4 84
4 75
5 31
8 31
5 69
25 35
25 94
27 92
16 87
15 62
10 31
22 15
18 56
14 12
0 40
16 50
23 87
13 16
19 34
12 63
30 46
21 26
4 43
30 98
24 91
17 35
19 21
6 7
26 34
13 24
30 43
19 56
21 2
22 81
28 99
21 37
16 68
1 69
18 79
11 59
0 34
12 21
21 72
5 18
17 12
26 70
19 59
13 92
18 65
22 40
24 18
23 21
27 4
11 42
14 24
6 30
3 86
12 24
2 6
17 70
0 40
1 26
19 50
5 27
1 72
19 48
14 54
3 75
8 68
27 35
12 53
8 57
22 50
29 90
12 36
6 91
9 97
11 7
17 45
29 25
23 41
11 23
29 5
12 23
11 77
20 15
3 72
14 85
10 18
25 86
12 45
23 77
0 62
15 87
0 40
21 62
18 64
11 6
23 11
21 92
4 91
10 48
0 34
16 6
29 4
20 41
21 22
15 13
9 26
23 96
1 84
26 55
26 69
13 52
26 49
17 45
14 27
30 80
6 36
29 92
2 85
13 60
16 86
29 54
23 24
29 83
16 99
27 38
30 14
10 29
12 49
21 53
9 26
19 19
24 26
19 55
8 77
26 34
5 10
3 66
4 20
0 35
21 56
25 42
7 48
29 31
10 59
30 11
26 69
30 84
13 71
26 50
20 44
28 61
23 43
2 81
14 15
24 21
30 92
16 15
2 4
11 89
7 73
16 2
19 50
28 63
26 52
25 41
5 86
26 66
4 59
8 72
8 25
6 87
20 13
8 87
17 32
26 3
26 66
10 22
23 52
15 27
28 77
12 42
27 26
14 28
1 41
29 36
21 89
17 39
23 93
8 32
3 67
29 87
11 33
22 76
20 37
24 34
24 30
11 78
26 18
15 21
25 18
0 15
13 65
1 95
18 80
14 27
11 94
19 31
20 75
26 77
2 45
5 16
11 3
4 82
24 23
14 32
18 50
4 44
24 59
21 95
7 9
17 75
24 62
24 31
12 60
24 98
11 50
10 94
15 27
19 97
28 89
9 75
10 8
27 56
5 41
24 29
28 94
4 70
10 41
12 6
12 78
8 81
19 97
13 93
8 84
24 33
12 62
1 37
11 29
3 88
16 37
10 32
13 69
22 50
8 65
25 46
11 41
22 34
8 39
15 70
5 9
13 61
29 53
16 49
19 53
14 65
5 49
4 12
9 52
10 8
8 26
13 73
24 22
26 26
28 89
29 21
26 59
3 34
23 72
2 62
22 17
4 1
21 76
22 25
8 80
20 49
0 100
27 85
3 85
13 47
16 68
23 17
21 39
29 22
3 82
13 6
24 39
26 30
12 39
24 15
27 76
5 5
10 28
0 1
15 62
10 16
14 93
25 42
0 79
3 32
0 70
4 64
10 8
6 2
16 74
22 57
27 78
15 1
14 50
29 82
2 30
27 2
2 39
5 29
16 42
27 85
4 61
28 52
19 59
12 24
15 43
28 61
13 61
22 78
10 91
29 76
24 3
17 26
11 45
7 87
29 45
30 10
12 73
8 47
14 62
27 61
7 43
18 62
19 18
14 2
16 11
10 86
21 41
8 69
19 2
18 65
23 98
11 63
14 88
0 26
0 41
25 64
14 72
10 76
23 32
10 14
24 13
6 25
10 64
7 94
29 31
7 84
3 82
16 87
28 39
9 50
8 51
5 69
24 63
2 70
4 77
22 78
30 72
20 92
24 64
6 46
23 81
2 61
22 93
10 93
22 89
22 5
11 23
20 42
16 81
27 95
30 37
8 57
23 48
14 93
13 54
26 63
16 54
26 86
28 31
16 4
5 47
29 59
9 67
9 81
22 71
17 83
2 83
22 97
21 77
11 47
26 96
2 74
23 99
11 52
0 62
28 18
28 76
11 81
12 15
0 70
19 33
30 60
0 47
26 42
6 15
8 42
28 39
12 64
27 82
10 35
16 32
28 45
30 17
29 20
6 93
22 22
7 75
26 90
16 42
24 71
3 28
12 95
8 43
23 32
5 75
30 63
9 23
5 34
1 8
22 42
29 14
25 78
23 19
25 79
27 29
29 44
30 26
29 36
28 83
4 62
8 100
23 63
0 5
24 46
11 40
5 40
2 61
29 24
13 23
26 61
22 27
4 52
20 72
0 33
19 25
12 20
26 62
23 42
11 46
5 56
29 86
22 19
7 45
12 40
10 4
30 34
6 10
5 53
0 33
8 28
23 63
8 11
10 80
1 16
20 98
30 75
4 32
14 74
30 51
1 27
6 79
9 23
23 89
23 98
11 2
2 65
6 13
6 40
2 88
10 59
8 27
26 71
21 65
30 22
4 87
24 10
9 96
29 75
24 20
14 34
27 64
16 69
5 21
14 31
18 47
29 65
18 95
18 25
29 55
28 70
0 38
18 74
21 76
20 30
16 87
3 52
21 66
26 19
28 23
22 4
5 3
17 90
29 64
30 17
29 13
27 41
8 78
23 63
8 96
7 8
13 26
3 11
17 71
30 27
2 15
25 42
4 95
17 2
20 52
15 39
5 48
1 27
23 51
22 41
27 96
5 97
17 32
30 26
18 43
6 54
21 2
4 58
12 71
18 1
2 73
14 18
7 23
3 17
5 3
28 60
9 22
23 29
13 34
14 10
14 21
2 4
8 42
22 70
4 76
7 85
26 56
11 76
15 90
27 97
9 65
7 95
12 31
25 80
11 86
2 44
2 82
29 34
23 77
16 53
1 7
23 51
17 82
8 83
4 28
17 36
22 100
4 63
16 13
30 61
21 99
17 41
5 89
17 100
27 65
22 16
12 22
28 35
14 19
26 15
1 92
8 56
19 75
18 44
6 44
13 28
19 53
18 45
30 27
15 75
12 47
0 8
16 80
25 25
11 87
9 44
6 56
23 63
23 7
6 13
12 79
0 5
8 30
8 41
6 46
14 85
4 88
19 18
13 66
4 23
8 81
20 8
9 39
30 74
22 89
3 4
9 70
12 19
11 81
7 7
29 50
27 85
0 75
6 45
30 68
25 80
7 4
3 78
29 44
26 71
28 41
2 62
14 96
29 53
26 48
28 52
4 65
11 83
5 96
27 21
5 53
30 100
1 66
8 11
1 35
20 4
13 30
24 18
3 65
26 31
27 47
3 9
0 72
15 82
28 89
5 64
13 88
10 27
1 49
22 61
21 70
25 47
15 85
10 13
6 96
25 70
9 76
0 37
20 5
4 100
1 77
19 27
10 97
14 1
26 53
9 90
4 19
6 42
21 58
20 74
22 68
28 2
16 94
30 19
5 35
12 76
26 43
2 100
1 73
13 93
3 89
18 10
17 24
3 5
20 63
25 91
15 5
2 57
2 60
4 8
10 95
13 83
22 59
2 69
6 83
5 94
10 69
10 94
25 56
26 77
29 17
10 88
26 60
15 34
1 89
3 34
13 92
30 22
21 40
24 68
6 52
25 75
6 74
30 33
30 73
30 28
17 64
6 25
24 20
7 57
14 82
22 40
12 52
3 11
29 54
22 82
8 33
21 77
2 99
25 43
25 49
14 85
18 54
25 76
20 28
21 50
9 31
10 98
11 31
30 63
28 78
28 8
5 36
13 52
13 74
0 41
4 66
19 37
30 68
25 41
5 32
11 81
29 84
20 2
14 73
10 18
19 95
9 30
30 38
20 78
8 94
30 82
18 61
27 49
4 12
21 40
30 50
5 42
3 48
19 48
1 34
13 80
12 13
30 93
4 82
15 1
26 26
27 44
6 1
6 68
13 16
27 8
12 41
27 9
2 26
13 89
17 46
2 22
25 91
19 93
12 61
21 100
17 44
25 75
20 88
23 93
18 80
28 72
7 98
13 65
20 59
16 89
5 49
7 78
25 80
19 84
21 29
26 86
5 28
27 74
0 80
23 100
10 98
10 15
9 15
7 15
21 54
5 84
10 77
20 4
24 48
28 56
30 82
30 47
30 94
13 16
15 86
7 15
17 26
24 58
24 17
0 19
3 43
26 93
23 16
3 24
27 60
30 15
2 63
16 48
20 54
11 8
23 62
16 40
25 74
5 94
7 59
23 32
28 49
15 82
13 95
2 4
6 29
7 19
9 66
11 68
16 78
0 16
28 44
10 35
15 2
5 51
12 58
12 100
6 48
9 63
5 69
21 70
8 65
0 5
30 90
1 42
11 29
25 7
4 58
19 19
24 43
27 22
30 40
8 28
24 51
16 63
23 92
19 39
9 100
19 19
21 38
24 47
5 95
6 76
12 85
22 95
30 99
25 66
12 95
1 4
13 27
14 60
20 31
24 50
20 5
11 61
8 37
7 29
20 96
6 49
16 24
8 18
12 7
23 40
19 98
14 29
20 23
12 34
6 4
12 32
4 20
25 68
25 6
18 12
26 55
26 74
14 1
10 85
21 53
27 50
8 91
10 95
18 30
28 10
24 33
16 63
10 62
5 100
18 63
9 29
6 8
7 54
5 18
15 10
12 1
17 57
28 14
8 60
27 93
8 88
29 97
17 61
17 31
23 46
10 21
16 57
13 16
0 81
23 56
3 39
10 89
14 39
17 31
29 10
18 87
23 77
29 92
9 60
4 58
17 74
26 68
11 62
11 56
17 31
21 75
21 59
16 4
12 88
27 43
7 58
28 78
23 46
8 14
29 15
3 16
26 95
8 63
22 46
15 24
12 13
19 47
10 84
4 84
27 30
29 48
23 2
0 59
2 24
23 37
25 80
18 82
27 58
27 61
6 34
5 88
15 56
13 29
14 39
15 74
29 63
12 14
16 79
8 46
17 74
25 4
25 85
10 67
17 72
0 94
3 83
9 82
4 64
1 89
25 64
3 45
15 65
12 100
27 43
10 89
28 71
6 6
4 63
18 45
4 51
6 88
2 6
23 4
22 61
25 89
13 81
12 86
16 62
6 12
25 22
3 97
11 37
21 2
7 3
14 30
9 80
22 41
8 35
