100
17 20
7 60
26 98
24 69
4 42
19 29
7 51
23 62
23 60
12 62
24 71
26 37
12 16
25 88
1 54
15 85
12 19
12 1
21 33
28 98
29 15
4 7
27 18
21 4
14 2
23 46
28 5
15 97
14 61
8 98
15 94
29 71
10 100
22 37
27 97
29 83
3 38
22 67
7 32
13 86
21 85
9 77
24 42
4 89
12 35
22 76
24 71
4 1
2 70
1 63
23 21
4 95
16 76
7 56
3 64
30 54
10 58
20 84
21 72
3 7
2 22
25 89
20 3
13 28
0 5
25 82
10 88
26 8
5 33
23 86
14 8
3 68
16 17
7 95
0 12
16 78
5 92
18 74
25 97
22 78
11 35
9 24
3 6
27 15
18 32
3 95
7 88
4 99
20 46
3 92
15 30
4 72
3 69
3 72
4 65
27 52
26 47
8 14
1 11
17 49
10 48
14 78
22 55
5 4
5 38
28 80
3 30
5 52
15 33
15 7
13 95
24 94
30 63
13 80
30 70
3 85
17 14
18 100
17 92
28 76
15 90
19 94
0 35
23 27
28 50
11 75
5 12
16 69
10 47
2 20
12 39
9 93
23 23
11 3
25 40
5 89
2 98
28 77
7 18
21 19
6 5
8 67
8 85
30 80
16 84
12 58
14 18
24 6
17 82
3 76
16 43
9 50
29 65
13 8
1 99
4 50
12 43
17 70
18 20
20 25
19 35
30 67
17 17
1 65
11 23
14 85
18 14
9 10
17 23
22 89
6 77
4 12
11 6
18 35
10 85
27 95
21 22
11 49
20 61
27 45
19 71
22 39
27 89
12 67
23 96
6 65
9 14
6 32
13 87
16 99
7 65
22 58
14 82
30 40
4 73
13 41
14 83
14 31
28 7
13 24
5 12
9 80
11 100
30 94
18 94
30 80
4 11
3 19
28 96
26 100
11 1
8 21
14 72
21 12
4 63
6 42
29 15
27 30
1 18
12 22
9 62
23 26
17 12
19 41
3 87
18 88
28 4
5 51
6 11
14 44
0 3
27 74
21 16
0 94
26 48
1 7
4 89
9 49
21 69
27 46
5 32
4 78
28 52
14 62
20 25
26 49
11 10
23 77
18 23
5 46
11 48
20 47
2 69
3 9
0 12
7 63
1 6
15 62
16 84
30 1
24 97
12 18
14 60
8 19
30 47
24 12
11 70
26 61
13 39
7 51
0 97
20 73
10 66
16 23
30 48
20 90
0 22
23 21
11 52
21 68
7 5
2 61
27 31
4 95
17 94
15 4
12 52
16 38
17 64
6 78
23 53
10 28
5 47
8 58
28 61
7 48
9 97
12 82
21 26
18 32
21 55
17 92
15 89
27 8
13 34
21 59
13 82
28 63
28 20
13 51
9 24
7 55
12 60
3 30
5 3
25 82
26 1
28 92
20 83
19 95
19 46
10 43
17 100
22 15
22 89
28 76
24 36
27 48
3 62
18 1
27 60
24 18
25 76
17 47
29 47
12 33
1 54
4 20
16 27
9 91
29 61
28 22
17 95
14 35
3 63
5 9
23 64
1 38
4 51
18 46
14 38
3 32
22 19
29 1
3 54
0 99
22 97
8 92
23 76
2 84
4 17
19 31
5 79
14 98
29 77
10 77
25 80
10 73
22 20
13 93
12 74
13 79
13 50
23 61
20 16
8 50
14 81
26 36
24 25
8 48
14 78
21 28
27 22
28 86
3 51
28 51
2 59
23 62
14 34
30 76
14 16
19 23
15 48
24 73
30 33
27 45
28 73
4 10
26 48
30 60
9 11
12 80
24 14
8 69
14 41
12 44
1 72
25 59
27 39
10 93
4 15
22 8
19 54
23 16
5 37
15 46
16 59
3 67
12 86
27 89
24 6
7 28
18 99
11 33
11 69
8 12
27 79
27 41
30 33
9 7
1 73
4 69
18 36
22 24
10 19
14 42
29 90
7 56
3 3
10 33
30 15
1 24
21 92
23 18
16 45
26 71
19 26
10 66
3 72
2 63
17 40
8 86
26 14
14 6
0 19
22 80
12 84
28 85
9 89
19 45
28 22
5 36
10 68
25 17
7 61
22 89
20 7
21 23
17 36
13 47
18 38
7 33
15 74
12 50
9 8
10 84
4 54
22 63
30 66
17 46
14 96
23 33
24 61
20 50
20 78
11 12
9 14
18 16
21 31
0 78
4 88
20 19
8 96
20 21
2 68
18 14
9 64
20 90
19 74
2 8
30 94
26 60
7 100
13 26
29 70
2 35
17 80
26 6
23 100
10 15
16 71
25 64
28 54
2 99
5 54
27 15
10 48
29 18
14 88
14 10
12 62
11 98
15 69
15 18
15 87
11 81
17 36
1 33
17 92
7 44
7 66
1 20
23 19
11 53
30 37
27 71
29 67
2 58
17 61
27 55
17 57
15 84
16 65
20 33
17 57
5 14
16 75
6 43
4 13
5 12
30 35
15 44
15 81
7 92
11 55
5 41
12 97
30 62
27 19
19 17
22 54
10 25
23 89
13 47
0 37
3 31
23 100
26 69
27 67
26 32
25 19
7 24
1 85
2 11
17 74
3 74
29 93
5 90
9 85
4 98
5 97
22 76
27 67
21 95
14 97
6 88
29 40
10 12
11 93
10 1
23 25
22 82
24 12
17 60
2 12
26 28
1 60
4 86
8 94
21 40
26 50
8 42
26 74
2 67
9 64
1 32
18 32
3 29
7 51
11 66
7 64
16 42
6 92
26 88
22 78
18 83
3 87
30 31
26 32
5 12
6 56
21 87
20 12
24 22
4 88
9 15
16 81
4 22
23 31
29 85
24 49
5 47
0 46
18 41
17 94
5 23
24 6
23 92
20 76
4 58
15 43
11 76
10 59
6 41
28 1
16 17
24 3
13 92
30 63
8 50
29 1
4 100
21 35
27 86
21 98
7 30
24 43
17 100
5 71
29 30
30 69
4 17
13 67
7 66
3 71
9 50
17 76
26 8
16 14
15 75
19 38
19 27
26 43
16 55
15 29
2 82
0 44
4 32
29 3
29 50
16 100
9 38
10 93
29 78
2 66
30 100
27 25
9 69
17 44
21 50
29 98
20 73
5 59
6 28
26 98
27 58
3 37
15 59
20 46
6 38
23 73
26 8
16 16
17 35
13 41
27 80
7 51
6 74
29 36
19 39
4 48
6 8
5 66
1 63
6 56
25 77
6 100
15 60
3 63
2 72
8 51
6 9
25 94
23 89
24 42
24 65
23 48
18 46
11 95
20 84
13 8
23 78
29 97
3 44
30 60
12 87
11 29
12 5
12 51
13 91
18 55
29 98
10 32
27 52
0 11
14 56
6 47
26 42
2 95
30 73
18 38
12 13
27 72
11 43
23 24
1 60
15 70
8 76
22 54
11 37
23 62
20 28
7 26
17 44
26 32
24 7
12 55
19 67
5 88
20 89
10 93
10 48
25 95
6 8
2 41
18 85
8 47
14 33
6 89
8 59
0 18
22 95
4 100
16 8
0 2
1 2
19 92
1 88
4 23
3 42
8 62
2 24
27 3
8 100
15 99
5 53
26 72
29 91
1 43
13 72
22 7
10 67
26 10
11 20
11 56
24 69
21 17
17 18
29 40
9 20
21 85
8 14
17 89
8 50
30 83
21 92
29 64
21 24
21 68
30 34
25 51
16 9
24 71
15 53
24 68
18 5
30 71
20 4
8 83
24 28
8 85
29 12
13 57
10 2
30 79
24 8
8 35
17 52
12 24
26 9
11 49
9 95
0 92
23 37
6 76
1 69
30 79
23 27
11 46
17 39
23 8
14 35
27 93
21 20
1 17
17 92
22 3
2 21
10 34
18 27
23 26
9 86
14 11
0 60
15 14
23 5
14 1
28 46
13 27
4 66
10 98
29 15
20 41
18 12
11 82
27 58
26 65
10 35
30 84
13 3
14 33
2 52
25 68
21 5
13 80
13 27
15 96
0 35
13 67
5 1
16 16
23 7
23 64
27 45
21 35
20 2
22 92
23 67
17 71
26 33
30 23
18 86
5 47
30 26
18 66
12 28
10 62
10 98
19 22
27 74
11 54
19 10
8 42
22 83
11 16
2 89
14 76
27 8
26 24
13 29
23 76
18 43
24 91
26 83
8 62
20 59
22 3
23 92
18 19
1 78
6 97
18 71
18 56
28 84
0 70
17 3
14 85
9 75
22 9
5 66
12 31
30 11
3 85
12 53
1 100
21 10
5 63
8 80
17 2
23 14
25 90
10 66
9 76
19 26
16 1
21 54
3 17
16 39
9 26
8 12
0 81
7 71
6 23
14 97
1 9
20 39
0 69
15 80
7 75
30 89
21 37
1 93
0 71
30 41
4 85
4 39
22 30
4 96
22 27
13 49
4 2
3 14
26 92
26 71
28 67
4 29
19 24
14 91
17 40
21 53
8 56
6 43
6 42
4 90
23 90
8 50
19 49
20 14
14 58
7 39
27 20
16 1
0 96
29 33
16 23
20 93
17 17
13 93
17 69
9 45
5 90
4 78
2 60
3 77
3 27
29 13
12 70
22 69
7 6
25 18
0 64
30 93
26 27
13 47
4 60
21 47
12 58
19 73
22 97
20 53
23 60
9 100
29 92
20 78
28 79
28 33
25 48
2 91
13 83
30 82
4 75
0 85
16 1
16 93
25 41
2 70
6 10
12 28
17 97
27 26
30 84
21 98
14 62
27 62
21 27
0 37
17 6
2 98
14 48
8 85
20 72
9 35
9 51
4 73
20 36
28 68
28 34
16 96
30 88
6 2
30 77
30 52
22 89
29 48
9 74
1 77
5 7
12 51
0 47
26 48
17 1
22 17
28 98
10 35
25 76
15 36
11 99
12 54
24 14
10 4
0 5
12 58
7 26
17 14
20 39
11 38
1 53
6 58
11 96
16 88
10 38
24 51
30 63
11 4
24 30
4 4
1 4
18 55
1 36
15 54
18 82
7 38
11 13
2 74
19 3
21 19
20 72
7 60
0 21
21 73
11 92
1 16
19 23
22 4
7 58
6 58
29 75
20 51
17 71
9 95
18 10
11 2
27 35
14 81
5 80
0 40
27 37
15 42
26 19
14 48
28 92
22 69
22 100
15 85
1 96
4 72
4 63
16 4
5 56
26 58
22 70
29 81
21 78
28 65
29 7
15 49
23 43
21 4
6 12
6 69
9 41
26 86
14 33
12 49
12 81
12 38
23 84
24 73
19 17
21 96
18 31
30 86
29 24
9 38
20 54
27 35
20 96
28 30
5 58
27 51
15 72
5 77
21 74
23 5
4 54
20 17
9 68
14 75
1 53
21 84
9 46
10 59
1 34
29 93
2 34
2 36
20 67
4 69
26 3
6 82
26 24
15 25
12 54
17 83
11 65
13 95
14 13
4 22
15 54
27 60
17 50
3 9
22 91
0 72
0 79
7 80
19 39
21 96
8 50
11 59
23 36
16 94
22 95
14 21
24 87
4 17
20 83
21 37
28 31
9 10
30 78
23 94
2 14
15 42
6 98
23 93
18 37
5 63
6 72
5 66
25 62
17 36
27 79
12 84
28 64
14 25
8 1
23 31
25 58
23 24
11 2
16 52
14 67
14 21
30 41
16 64
18 75
19 23
29 38
17 96
15 12
5 79
7 73
7 89
3 45
20 62
2 40
17 9
20 69
12 23
13 6
10 37
25 29
6 29
22 41
11 44
4 94
2 74
2 59
10 91
15 10
21 4
18 61
27 55
3 14
9 18
1 86
23 28
16 79
16 48
7 45
30 4
3 55
4 18
7 87
5 26
2 14
3 55
23 16
21 80
29 21
5 1
20 8
0 36
5 46
22 62
5 67
29 20
5 49
29 34
19 18
0 63
9 58
25 63
12 18
28 37
16 28
15 16
28 19
15 58
19 97
29 66
26 96
10 82
7 18
6 29
15 80
25 95
23 84
8 6
19 97
29 14
2 45
4 99
24 3
28 96
22 43
2 80
17 66
12 14
3 30
30 15
7 57
6 21
19 68
17 26
29 82
18 36
1 51
3 71
28 72
6 71
30 33
26 28
4 84
14 2
13 52
7 99
22 46
4 76
18 21
18 13
13 57
26 36
0 63
30 88
14 41
7 94
20 22
11 64
25 46
24 72
27 76
16 83
1 66
6 98
30 78
23 10
19 42
12 55
17 27
17 81
14 39
2 28
11 30
26 85
12 35
27 24
12 44
15 87
22 2
18 20
0 53
29 2
30 23
4 11
28 2
22 59
26 63
30 1
30 75
12 6
30 26
11 78
9 72
26 27
28 79
23 5
9 24
7 87
16 55
29 65
0 13
4 46
29 30
30 83
26 84
7 4
27 43
12 17
23 35
13 48
8 64
30 26
9 5
14 83
8 2
16 52
1 33
16 64
0 39
4 83
13 31
25 37
4 92
20 5
18 15
11 30
18 75
20 46
16 30
23 86
9 8
27 41
3 61
27 96
5 12
7 84
7 34
9 73
2 70
22 8
1 48
1 63
23 20
15 10
13 100
20 5
2 95
8 12
7 84
30 96
11 14
5 89
14 74
0 12
12 66
1 40
11 75
16 30
16 42
12 25
24 65
25 47
23 35
16 80
12 45
28 81
8 2
4 62
2 67
11 21
15 22
17 8
27 57
14 99
28 37
2 2
29 93
10 92
29 46
12 96
28 58
2 95
3 12
8 13
28 32
12 23
25 13
4 91
4 55
26 68
18 60
26 80
10 44
1 73
8 46
26 57
29 23
28 74
7 41
7 12
19 13
27 42
9 36
23 48
29 92
26 26
27 96
6 12
1 26
8 9
21 94
19 98
12 10
18 28
8 36
3 40
20 42
30 9
11 33
7 3
18 52
17 62
15 57
19 34
6 84
12 15
14 67
16 7
17 1
21 3
16 80
16 56
16 96
29 33
19 64
29 67
13 57
9 88
30 58
12 81
6 38
7 21
22 48
18 14
0 71
17 78
16 54
16 26
28 43
27 68
0 50
24 33
14 78
16 98
15 6
10 35
14 13
18 61
24 40
20 33
12 79
12 67
28 70
27 86
18 11
22 92
18 41
11 51
12 36
14 57
12 34
26 61
28 11
11 50
23 37
26 19
23 60
13 85
11 86
23 23
7 72
28 42
25 27
27 36
20 81
2 13
0 69
19 42
22 94
7 40
0 14
11 53
30 30
13 67
12 14
11 30
1 96
18 49
7 78
19 9
4 39
21 53
30 65
0 71
13 12
23 80
21 46
9 4
19 69
17 22
8 76
27 54
6 55
25 1
28 10
20 23
28 8
24 44
7 82
7 97
10 50
0 96
23 67
7 84
19 3
15 86
26 12
11 46
12 6
14 41
30 28
7 67
29 7
30 15
26 87
27 34
21 27
11 55
9 29
1 96
19 22
26 15
7 15
12 78
3 63
18 74
24 87
11 4
16 2
24 70
28 46
17 57
1 97
18 16
26 88
21 18
0 90
1 10
3 5
4 36
20 2
5 72
5 1
11 96
6 50
25 21
3 43
13 67
14 3
19 44
25 31
15 29
9 53
11 26
1 98
22 59
25 44
2 99
2 53
8 92
27 29
24 69
4 66
28 56
8 72
21 28
5 39
4 6
12 7
1 100
20 83
24 22
27 25
11 73
12 77
8 12
12 9
23 34
25 84
28 10
29 23
8 57
6 91
20 43
16 40
8 22
19 80
18 17
16 59
15 14
10 99
2 62
15 81
23 19
21 59
8 56
20 12
10 90
15 31
12 79
12 8
21 92
4 64
10 66
14 1
26 69
17 7
15 96
15 20
1 91
24 85
29 41
15 92
10 90
12 38
9 54
5 81
0 63
28 69
17 80
19 23
1 27
24 48
2 5
19 22
20 51
28 5
13 100
0 40
26 64
19 35
17 28
8 52
24 43
11 74
18 42
4 66
18 70
29 46
28 19
5 17
1 89
23 39
18 35
20 54
1 50
18 100
15 49
9 42
6 13
28 100
19 51
6 17
13 80
16 48
0 57
23 98
3 75
24 55
5 37
24 45
21 45
15 99
20 95
12 85
8 1
4 15
17 59
2 70
19 45
18 69
19 52
4 24
24 55
16 41
9 23
16 19
1 30
13 99
26 65
24 73
21 87
15 93
20 6
3 28
12 45
13 14
15 52
4 67
12 67
13 9
10 75
6 35
12 99
7 40
26 5
30 91
15 21
16 94
23 99
22 68
29 82
27 39
9 72
26 61
26 90
16 81
16 57
25 74
3 67
19 53
9 21
13 61
25 53
7 37
20 4
23 54
21 47
17 28
4 65
4 10
17 6
18 32
10 54
24 36
26 6
5 29
1 47
30 36
22 21
19 64
27 2
11 62
1 99
30 10
20 72
7 83
15 36
2 2
17 78
4 56
2 31
19 1
9 28
16 97
26 14
7 38
27 68
9 70
27 98
5 41
24 35
2 84
18 87
5 69
30 15
24 45
8 38
15 24
24 76
10 67
25 80
5 95
13 4
10 53
2 76
12 74
13 97
7 34
21 78
28 63
30 90
27 98
24 72
8 79
7 42
16 72
8 88
29 70
22 8
21 92
27 67
4 98
2 16
15 19
30 95
6 55
4 66
4 10
14 63
2 12
10 5
15 57
20 65
2 46
13 35
9 37
16 75
9 25
15 90
5 79
13 93
2 30
4 35
2 24
22 12
8 59
2 14
27 28
14 9
2 58
4 53
24 39
15 21
6 3
9 62
18 36
29 48
27 44
29 75
30 11
8 2
29 60
10 97
16 75
1 68
26 84
4 27
22 65
27 83
8 68
13 13
28 36
7 35
27 30
25 30
0 15
19 22
14 40
29 29
22 30
12 22
11 96
25 28
11 74
3 18
20 19
11 43
2 78
15 5
19 95
5 16
27 66
11 20
23 16
19 61
28 16
2 71
26 23
23 89
20 77
10 50
1 21
10 10
1 32
6 79
17 74
25 7
14 93
4 50
19 63
14 83
2 40
29 59
19 92
20 87
9 62
17 18
18 96
19 71
5 2
5 56
28 32
9 83
20 47
27 90
28 67
11 31
0 56
5 4
23 44
13 30
21 53
25 16
26 19
16 40
7 24
13 41
5 50
12 12
1 77
15 56
17 15
19 10
30 67
28 9
23 28
15 87
24 56
29 60
10 7
27 65
4 84
9 95
8 10
7 95
8 86
26 29
15 30
12 22
25 26
20 33
16 21
20 82
9 32
28 100
0 67
14 45
26 98
14 78
30 19
13 82
14 32
20 66
15 97
3 84
16 86
30 82
18 90
14 65
30 31
20 86
24 84
20 84
27 87
14 72
16 42
24 89
28 61
22 47
19 20
27 62
7 33
26 95
2 5
9 10
1 46
6 24
15 17
14 64
11 48
22 65
26 1
5 55
30 32
1 41
9 4
0 48
14 9
13 67
30 94
1 71
27 20
4 28
23 85
20 24
19 32
13 3
23 46
30 19
9 73
29 66
11 64
3 90
16 46
25 92
22 76
1 2
26 9
18 79
27 47
5 93
10 24
25 41
28 41
26 2
17 79
24 45
15 89
18 15
22 18
18 79
0 20
30 62
6 46
28 11
3 9
13 38
16 19
1 69
7 62
25 91
1 90
2 37
25 36
5 44
24 35
19 67
6 98
13 87
7 41
4 15
11 1
12 52
20 86
23 35
19 58
12 14
21 29
12 34
27 68
3 100
2 79
13 45
23 94
23 43
25 71
24 71
9 98
9 91
19 45
12 75
13 56
8 49
25 71
16 84
18 3
2 93
5 40
23 47
30 88
13 36
21 63
29 41
5 37
16 34
23 79
0 45
8 20
14 26
26 35
22 87
7 48
30 57
18 96
7 12
9 73
8 64
14 87
18 37
15 16
29 24
17 80
22 75
7 16
14 47
18 94
18 57
29 19
9 37
1 81
30 74
16 40
13 2
13 97
7 66
7 48
0 45
1 49
11 3
25 13
20 24
10 82
9 69
18 75
24 34
20 87
11 64
30 10
11 69
23 37
11 70
26 19
25 68
4 12
14 62
6 92
8 19
15 70
18 3
2 77
3 70
21 50
19 81
19 51
22 57
22 73
2 54
9 19
6 83
3 90
27 99
8 14
21 30
0 73
19 23
12 51
21 90
6 57
24 83
4 14
18 83
17 12
15 19
4 89
17 80
3 8
9 98
18 54
16 92
5 60
21 4
15 74
1 35
26 66
0 34
26 42
4 55
3 84
28 11
13 19
12 3
16 36
13 61
21 11
30 89
28 89
14 6
1 36
17 19
22 90
29 1
9 45
5 2
13 61
2 69
12 86
11 24
10 98
20 70
5 16
20 83
28 87
2 9
4 11
5 68
10 19
16 70
4 54
14 16
21 14
27 85
2 36
28 70
27 63
1 15
23 11
8 26
20 98
5 25
3 3
30 53
10 42
15 59
24 56
28 100
1 94
15 91
30 59
27 85
18 88
28 67
5 78
6 1
13 7
7 36
27 63
21 76
26 50
19 6
23 73
26 95
15 66
10 46
3 76
18 28
3 88
28 78
21 52
26 44
17 73
20 23
21 54
6 24
28 47
7 90
18 89
22 91
5 15
2 10
14 47
4 13
28 83
3 50
26 69
0 29
8 43
21 33
9 78
30 64
0 66
24 61
14 18
10 67
14 31
22 25
20 87
4 2
25 34
13 9
14 84
6 21
8 20
13 76
7 80
22 10
5 33
12 20
26 85
15 31
13 26
23 23
23 8
30 97
27 5
30 27
23 47
18 15
21 35
30 96
7 26
30 5
26 44
17 68
0 60
16 51
21 60
5 93
12 7
10 76
12 23
28 97
5 87
25 44
26 42
29 76
9 58
21 91
13 35
1 34
0 75
17 65
8 26
0 85
24 66
11 41
0 36
18 12
6 75
7 50
29 32
8 81
0 57
4 100
1 52
14 37
9 60
16 29
30 31
7 60
10 91
13 74
6 61
6 25
3 16
4 90
27 24
22 8
25 2
13 79
30 58
0 76
2 22
27 91
6 11
17 45
14 49
10 79
13 77
3 58
22 13
15 37
8 78
17 90
4 75
18 38
22 56
1 73
12 21
9 21
17 58
9 20
9 56
8 66
5 58
18 67
29 52
17 31
18 31
11 38
21 53
19 14
3 7
12 61
20 75
7 62
22 99
18 53
19 41
12 73
7 12
9 69
3 40
22 77
23 96
1 90
17 97
28 64
8 88
12 10
3 9
2 55
18 25
5 51
20 50
27 13
18 92
17 1
10 76
1 28
4 54
18 12
19 73
24 51
8 32
16 50
3 7
12 17
25 37
6 26
3 93
3 80
15 5
0 66
14 9
17 91
4 86
25 91
15 53
22 95
26 29
0 91
21 22
15 10
10 14
4 43
28 85
24 20
1 46
7 13
12 3
26 54
11 14
14 77
1 33
18 75
20 45
23 57
21 65
20 4
4 62
4 21
1 20
22 57
15 36
6 56
17 56
0 15
22 59
24 1
27 26
29 96
0 8
27 93
24 82
23 80
6 77
18 34
0 21
15 10
27 97
17 42
24 47
8 8
21 100
0 36
22 17
14 34
19 35
1 81
0 97
8 59
5 16
3 44
30 10
10 22
16 6
0 30
20 16
26 62
1 36
22 73
17 72
19 28
17 70
17 59
7 25
23 93
27 55
29 77
9 32
22 3
25 22
15 17
28 99
27 84
6 83
21 67
29 27
27 9
26 78
30 5
18 61
26 15
3 84
13 8
1 26
25 46
6 27
23 34
6 11
13 23
29 77
17 5
8 39
20 38
22 19
29 6
12 89
1 33
22 49
28 65
3 59
24 27
15 22
7 88
29 98
16 88
26 7
0 84
9 92
25 5
22 27
7 22
3 26
19 22
26 31
14 100
4 75
7 86
25 81
13 55
4 94
17 60
6 47
9 26
13 38
0 11
22 15
18 12
2 14
30 82
8 43
6 92
29 7
26 58
4 24
18 77
10 5
16 84
25 96
29 85
3 17
8 84
18 91
7 51
2 2
10 82
23 55
20 20
14 27
29 80
30 57
6 7
27 9
30 22
4 20
29 51
13 49
3 63
9 43
17 97
15 42
27 9
18 8
5 63
9 99
27 16
2 44
3 34
21 9
3 44
12 78
8 77
29 8
12 94
12 66
14 34
17 16
22 10
11 79
19 96
9 71
8 12
4 96
20 87
22 43
16 10
14 18
22 88
3 48
9 21
20 48
3 49
1 82
0 80
0 17
15 34
24 36
3 43
3 21
14 64
25 45
9 52
21 59
29 86
6 80
7 30
14 45
8 4
10 82
14 12
26 28
25 66
27 49
24 76
12 76
11 5
10 43
9 90
30 1
27 16
6 72
16 53
19 16
8 82
19 8
17 71
9 3
4 71
21 47
25 27
12 83
19 26
6 45
26 52
16 61
3 80
14 7
23 38
25 42
24 4
13 45
22 12
13 9
22 37
7 62
1 2
6 98
3 72
28 57
9 76
23 3
6 55
28 78
27 2
11 1
15 73
21 28
6 39
26 81
26 49
10 29
4 93
3 80
1 21
3 38
1 19
19 70
5 31
7 1
22 54
23 75
3 26
13 76
28 95
30 12
26 66
13 72
8 88
30 37
14 97
29 70
8 33
3 47
7 44
9 13
1 16
20 70
11 77
18 63
29 22
0 27
1 99
25 68
24 57
8 16
18 99
13 14
14 100
23 37
21 40
7 31
17 11
16 98
12 58
5 41
27 97
23 83
2 60
25 67
26 85
8 63
13 73
0 49
23 30
0 22
11 8
18 15
23 73
12 53
2 36
2 88
12 89
4 31
29 39
20 49
17 2
29 38
2 88
30 51
30 62
28 66
3 4
25 92
29 43
8 13
17 23
13 93
5 48
6 23
27 10
29 15
19 82
12 53
12 29
6 9
20 59
6 76
12 95
12 25
6 58
25 88
23 8
26 28
5 54
25 3
8 58
29 79
18 16
28 69
5 43
23 51
22 92
24 49
28 62
26 15
25 47
15 89
15 74
10 95
22 16
1 37
12 3
19 27
15 78
28 22
11 23
23 68
11 73
5 65
10 72
27 57
0 55
26 18
12 86
27 19
10 25
7 10
10 55
24 51
27 92
15 24
21 82
18 74
23 53
29 69
11 9
4 15
19 81
29 60
21 92
22 37
26 84
13 60
2 13
20 60
4 48
6 51
6 17
26 39
1 50
14 33
5 55
13 75
30 47
0 25
17 23
16 98
3 4
10 96
1 96
7 94
21 13
7 58
30 82
14 77
27 67
25 11
7 29
13 18
9 32
12 90
17 51
10 62
25 100
21 39
28 32
24 87
17 36
16 85
27 56
5 68
26 69
26 90
21 21
12 77
25 26
4 50
29 14
13 8
28 53
17 13
14 70
6 84
16 58
11 56
28 18
13 90
11 26
28 66
19 80
24 17
25 73
26 50
0 28
12 48
13 99
8 56
14 22
5 95
8 71
14 39
0 31
0 89
6 98
24 78
29 18
5 47
8 57
27 78
19 24
0 98
5 44
29 7
22 64
13 35
13 40
24 64
5 39
27 49
28 5
27 13
28 10
8 69
25 57
29 59
22 27
26 19
7 79
14 43
24 24
15 47
14 71
30 83
10 44
23 48
3 42
4 29
26 77
13 81
13 19
29 35
19 70
27 43
16 48
19 93
8 62
2 84
9 36
17 43
8 57
14 39
28 38
4 49
13 57
29 97
2 13
0 71
0 36
18 56
23 20
16 15
5 80
16 22
4 10
22 32
20 47
13 2
12 71
2 57
7 94
7 11
0 100
20 69
11 48
9 50
24 31
11 83
11 21
16 53
22 27
21 58
19 23
20 36
30 8
17 52
15 22
11 49
23 11
8 38
26 89
11 7
6 39
12 41
16 60
25 51
24 53
9 41
6 59
8 50
20 6
4 65
2 82
1 99
27 60
5 97
13 84
1 95
30 79
18 95
24 58
7 4
13 80
29 33
25 91
15 38
19 87
22 42
30 8
8 5
23 23
9 73
1 2
23 53
14 98
15 7
19 62
20 85
7 28
3 87
3 84
9 49
27 79
8 41
0 70
6 77
22 32
3 18
8 65
9 63
6 97
17 77
26 16
28 20
21 72
3 44
23 12
24 71
22 62
10 100
16 4
6 44
25 64
11 18
19 45
8 5
6 30
18 50
23 46
21 4
25 72
18 43
0 13
15 53
0 95
20 18
14 92
0 51
4 49
12 38
29 18
27 41
9 62
29 83
23 33
7 18
24 92
2 64
18 15
6 93
27 54
28 4
4 31
13 3
14 36
2 17
12 20
14 94
2 17
24 50
3 81
10 73
0 18
29 12
27 10
26 16
15 93
26 77
5 48
27 10
4 43
30 96
0 53
10 14
7 57
22 93
21 95
7 90
12 24
29 25
27 35
5 40
7 52
28 74
2 68
8 32
22 89
14 36
0 91
3 21
0 46
22 16
5 33
13 90
26 93
17 3
25 7
20 59
14 57
21 48
13 92
16 63
2 22
29 23
30 37
2 18
21 66
27 50
14 70
10 18
10 54
21 90
29 42
20 69
1 52
9 81
8 86
28 12
19 92
17 58
10 55
29 40
21 40
23 13
25 19
27 6
10 14
26 75
21 43
19 51
14 46
18 3
21 48
21 48
20 12
30 74
7 39
26 20
15 79
5 42
1 15
11 45
20 51
21 79
30 42
3 9
3 1
11 28
28 86
23 84
12 21
6 18
17 16
16 39
15 12
15 78
24 57
17 95
16 87
25 61
20 25
1 56
28 71
27 97
24 58
25 81
14 34
10 72
3 76
11 6
1 62
23 25
15 87
2 81
3 54
14 65
12 45
20 89
28 44
6 12
13 61
23 69
18 99
13 69
19 11
2 18
28 11
23 31
5 17
11 55
23 68
14 14
0 66
9 83
25 55
17 98
6 31
26 83
15 50
17 65
23 89
12 75
26 39
14 29
8 49
30 71
4 66
11 83
8 86
28 94
9 45
22 86
22 77
13 6
24 54
1 72
9 64
27 89
2 60
29 21
2 91
6 20
17 58
21 17
7 97
8 41
13 42
15 47
25 46
21 78
1 13
18 11
21 35
0 99
20 15
24 9
25 88
6 78
10 78
29 92
14 7
11 40
0 4
11 72
20 23
3 94
24 11
23 82
11 73
6 97
6 64
30 88
0 3
11 70
15 52
14 72
5 60
19 99
21 57
6 82
3 49
3 4
16 28
2 38
16 81
30 15
8 86
24 42
4 64
27 89
18 82
22 20
0 19
21 64
24 19
19 80
6 82
13 93
0 50
4 75
16 90
22 1
20 6
25 60
23 24
13 75
12 84
29 56
3 96
7 40
19 86
28 94
9 28
1 66
29 80
26 95
19 51
11 84
6 53
8 35
29 80
18 52
28 73
22 77
19 82
22 42
24 7
23 59
6 41
4 20
30 78
1 54
17 64
12 44
26 7
20 53
9 41
27 64
27 64
27 29
10 52
25 71
10 96
22 3
16 91
28 65
11 49
15 72
9 78
19 91
10 41
1 8
1 46
1 99
25 45
4 25
12 2
27 90
30 56
22 16
6 7
2 83
29 23
4 100
17 96
2 85
27 27
28 16
24 96
17 69
18 28
27 78
25 99
0 14
15 9
24 76
3 33
19 16
29 27
11 61
16 20
20 53
21 9
20 79
7 62
14 95
14 54
23 94
19 21
15 7
5 9
17 30
13 9
6 52
26 3
10 76
16 63
0 83
26 9
15 2
16 43
21 66
24 55
24 76
5 84
9 62
6 81
23 41
9 7
7 77
15 47
1 70
15 15
6 74
4 4
14 11
11 20
16 42
28 64
16 82
16 78
26 93
7 51
19 94
28 69
0 6
28 45
25 58
14 9
24 42
29 42
1 92
21 8
4 36
10 52
4 20
13 22
16 54
15 91
21 64
27 39
19 42
1 66
9 64
3 6
21 27
26 97
4 43
18 67
14 43
20 91
10 74
25 62
11 97
24 30
9 7
15 87
0 68
26 25
14 100
9 60
4 72
3 61
15 71
8 84
26 55
15 52
21 30
20 39
12 71
16 92
21 8
6 89
3 44
9 60
27 75
7 77
26 80
2 12
21 94
12 3
24 7
27 68
2 60
19 8
30 100
24 87
22 62
6 83
28 13
21 17
18 42
17 80
9 27
27 9
27 35
19 20
17 6
22 95
21 54
13 57
28 64
24 16
25 45
11 94
15 24
25 93
9 87
30 65
19 6
4 95
15 41
29 80
9 89
0 84
0 71
10 16
18 32
10 99
9 54
20 39
6 11
17 10
24 17
6 53
1 49
12 12
12 43
24 65
10 26
20 49
11 92
0 36
17 16
4 27
14 61
6 5
13 52
23 67
21 13
25 75
25 49
29 11
2 54
27 39
1 21
26 74
13 83
13 62
28 74
17 82
8 41
22 73
13 32
17 55
30 20
17 90
2 72
5 23
12 15
6 65
27 4
3 78
27 38
10 34
14 42
6 12
6 54
10 14
13 38
3 18
2 81
14 49
9 17
3 97
23 39
6 72
4 16
3 57
2 26
24 51
23 23
22 90
8 100
1 25
22 95
13 49
14 97
27 83
18 84
4 13
12 13
8 50
0 49
26 97
27 12
21 27
7 86
19 60
10 45
14 23
16 74
19 49
4 63
29 26
25 73
23 23
7 61
4 11
26 73
27 78
22 29
9 99
17 16
20 81
29 86
11 62
30 17
13 60
1 16
3 32
25 57
22 43
15 95
11 5
19 38
15 42
19 66
5 8
17 95
1 66
15 30
23 93
9 72
25 94
23 21
18 71
26 29
21 24
12 75
17 68
30 71
16 23
28 69
17 3
6 57
13 83
8 85
3 39
28 27
28 81
27 38
26 74
2 49
18 28
17 49
3 65
9 26
19 42
27 98
17 47
9 11
24 49
8 56
22 74
26 8
22 18
11 85
11 8
2 86
21 47
1 71
30 19
19 22
12 20
27 9
23 67
26 90
0 92
2 95
29 88
22 31
0 90
12 41
21 41
11 86
7 22
11 75
20 41
7 5
10 50
16 4
5 69
3 2
14 37
14 41
20 100
26 26
23 20
14 10
6 3
24 61
27 79
0 98
2 8
30 23
2 26
25 68
15 76
17 22
24 40
9 96
1 67
16 34
28 39
25 21
4 87
14 97
16 56
20 87
14 86
26 100
13 87
13 1
1 46
8 72
7 58
26 96
30 24
0 2
19 66
3 7
2 95
11 54
20 44
18 33
18 4
16 43
4 34
2 30
6 95
14 70
28 47
22 74
16 75
23 25
25 37
3 86
18 1
14 79
7 100
7 76
30 97
5 22
1 45
1 72
25 47
12 9
12 93
9 91
2 94
11 20
7 84
29 68
6 46
11 30
1 76
28 33
19 1
23 78
9 84
5 32
12 90
16 58
30 69
13 45
25 98
24 24
25 62
21 16
26 28
24 95
23 66
15 1
27 14
24 9
12 61
24 45
12 19
11 56
26 18
14 1
1 36
16 66
29 84
30 53
14 69
29 78
8 9
14 20
17 11
1 59
16 88
21 5
6 85
23 73
16 1
15 75
17 58
25 80
23 17
4 38
4 71
16 5
28 83
0 58
19 3
9 5
6 80
18 69
29 87
27 49
15 40
29 46
6 1
2 56
13 26
19 85
12 56
12 18
5 21
15 30
5 18
28 6
9 18
14 98
19 82
5 86
1 100
15 52
18 100
5 58
12 55
10 26
24 66
7 28
6 20
8 37
19 84
14 32
16 18
17 77
11 57
23 51
9 68
26 80
2 8
1 77
19 57
18 32
10 69
2 16
9 60
24 38
28 88
15 1
18 55
23 49
1 56
17 93
13 76
5 69
10 4
23 4
24 54
24 33
11 9
0 39
12 85
21 5
21 43
11 87
11 34
17 83
26 79
8 14
15 66
15 8
21 61
25 10
16 74
12 35
24 75
14 32
22 87
11 88
13 56
30 3
4 89
20 97
3 99
21 11
30 16
16 93
7 56
25 50
0 91
19 6
22 82
26 64
12 63
18 16
11 46
7 94
15 53
10 58
8 92
17 77
22 27
21 66
17 89
28 75
10 24
30 79
11 32
11 49
0 83
11 48
25 51
19 89
14 52
2 48
25 35
12 58
26 22
27 91
16 3
29 46
6 37
1 14
8 29
17 2
16 33
27 51
18 57
21 18
29 58
15 68
9 77
16 81
15 83
16 81
11 67
5 6
6 84
9 7
25 52
22 78
12 14
8 49
23 63
4 73
7 6
13 84
23 18
25 5
14 58
21 6
16 16
0 100
18 55
10 24
21 1
20 51
8 28
6 87
3 78
17 21
16 89
3 27
26 48
11 69
1 12
29 73
12 4
15 14
23 12
22 4
4 20
6 7
21 72
11 3
14 86
1 29
21 84
14 39
16 60
22 44
6 30
26 6
13 67
8 13
12 76
25 86
16 91
9 65
6 78
7 90
17 90
22 30
25 95
12 88
7 49
11 42
20 77
21 65
8 55
16 21
23 13
2 33
6 27
23 20
8 25
20 61
30 75
24 94
26 96
25 24
26 51
18 79
26 31
21 93
1 56
24 74
12 60
8 41
5 66
23 76
1 61
13 63
29 52
1 27
18 28
2 30
26 76
24 36
22 95
20 57
23 57
17 41
7 28
3 27
24 82
15 4
13 58
4 75
0 8
3 61
14 14
26 26
4 38
0 3
30 99
10 1
16 74
23 80
28 94
18 6
27 7
19 19
1 25
4 45
23 23
17 33
14 29
26 12
12 31
16 82
5 96
8 95
15 82
0 53
16 95
29 21
16 23
27 57
23 96
20 74
3 91
3 30
18 90
26 62
27 96
16 78
23 27
19 1
14 96
16 12
10 80
21 29
9 78
10 59
11 81
1 59
30 37
27 5
25 15
10 40
10 9
27 62
26 46
11 42
10 53
10 94
26 54
21 59
29 59
28 13
26 92
11 22
2 33
14 67
5 43
13 3
3 13
2 19
29 79
11 86
17 72
9 100
28 75
7 91
18 12
27 52
28 70
5 29
14 80
3 97
23 78
2 56
25 45
27 58
22 99
13 20
28 6
22 24
23 48
12 19
21 72
26 58
21 65
3 32
8 57
2 32
3 66
26 28
11 64
19 17
10 6
20 50
22 63
26 49
12 61
2 13
28 73
28 99
17 100
5 84
12 22
4 72
0 87
23 95
29 24
24 94
8 14
19 74
24 53
2 6
22 95
13 42
28 63
11 88
24 98
9 76
13 5
13 26
30 17
5 28
14 37
7 84
22 8
22 47
30 78
13 15
21 81
28 26
29 20
20 22
0 62
8 53
11 22
24 20
2 87
30 52
26 36
29 55
0 30
18 72
23 69
29 50
27 55
25 52
11 69
10 91
25 46
10 26
3 54
28 81
4 90
25 78
15 95
11 4
4 100
18 91
29 80
29 96
3 1
8 33
3 58
18 24
30 16
28 32
2 52
11 42
24 41
27 100
20 78
0 46
1 94
28 71
16 41
9 70
24 56
22 16
1 41
3 6
3 17
22 95
4 21
24 82
20 9
27 56
25 11
17 10
27 24
6 7
24 27
19 68
5 99
26 100
0 17
17 33
30 63
16 13
16 42
1 81
11 93
23 91
17 96
3 11
9 33
2 63
30 43
2 35
11 13
25 98
30 6
19 83
25 46
8 65
7 34
3 36
23 39
15 22
11 66
11 55
16 20
30 21
13 6
16 67
20 41
29 54
5 28
23 67
7 98
28 67
11 76
12 65
14 27
27 43
27 86
30 51
0 67
12 55
24 48
2 83
18 46
20 4
13 26
22 94
12 90
13 43
0 7
16 35
6 71
13 11
0 35
30 32
7 12
11 68
30 100
30 30
2 78
1 78
6 78
5 29
9 26
29 63
3 13
0 64
3 19
11 9
23 2
5 79
24 77
4 56
8 27
28 10
22 93
9 66
9 9
9 83
14 5
22 4
0 50
30 12
29 24
22 5
30 77
20 94
15 28
9 12
24 34
27 77
23 83
30 22
8 100
11 2
30 42
12 54
18 65
19 24
22 66
18 8
21 12
22 56
25 9
12 38
2 50
23 2
10 4
22 96
25 15
8 5
4 82
19 37
24 43
12 13
1 41
22 94
8 7
20 44
1 54
18 42
24 22
25 41
20 41
28 24
9 51
3 69
24 76
25 83
26 65
6 33
12 66
7 63
11 46
2 14
23 38
4 46
20 20
26 97
23 60
7 82
9 59
26 98
27 99
4 79
23 33
11 96
15 82
16 93
29 38
15 17
23 15
21 25
30 55
23 36
8 79
5 3
5 6
30 32
21 58
29 28
9 3
21 19
1 52
4 52
15 16
18 36
14 48
25 95
9 39
11 33
17 16
7 39
14 51
11 40
11 90
5 97
27 12
20 38
7 53
4 91
1 85
1 60
14 45
17 15
26 62
11 18
21 87
28 27
21 19
17 85
12 96
16 67
24 35
0 18
21 8
28 53
10 67
27 72
5 62
12 65
23 76
23 96
2 21
29 37
6 89
12 89
12 74
12 45
9 34
15 81
25 38
6 42
11 89
6 74
7 95
29 55
13 66
21 46
22 11
0 27
11 75
28 47
23 34
0 95
3 100
27 84
29 23
10 80
13 78
0 98
12 79
2 95
27 64
1 34
10 45
14 61
20 62
30 88
4 13
8 37
16 3
2 6
1 41
14 82
6 61
17 15
20 9
6 49
21 67
1 52
8 70
24 76
3 62
23 15
3 12
19 49
2 43
8 90
26 67
9 100
0 15
15 24
6 25
30 77
9 28
10 49
23 74
8 46
25 5
14 48
7 99
8 22
18 22
17 71
25 51
18 43
21 49
1 63
12 5
25 88
5 25
26 8
20 32
22 62
27 4
20 41
25 73
2 16
21 38
13 41
6 42
3 89
14 10
15 77
22 83
22 60
16 73
14 70
2 61
17 63
8 34
14 97
21 9
26 81
6 11
25 74
23 13
27 6
25 36
26 86
20 1
21 96
7 1
10 99
8 79
24 40
8 79
14 38
21 69
9 50
16 90
9 32
25 100
29 42
11 73
22 65
23 55
16 52
22 2
16 87
11 7
0 16
18 58
2 13
5 60
14 21
4 99
9 67
16 74
18 24
8 43
11 7
4 44
17 2
5 5
18 44
24 64
8 36
29 8
7 52
30 100
30 60
11 51
21 78
8 18
11 57
2 46
3 71
13 97
7 51
6 88
0 80
9 41
13 84
16 41
26 50
30 40
23 19
28 36
22 4
28 58
13 45
20 77
2 39
6 85
18 21
3 61
20 46
19 8
23 34
10 28
15 81
8 24
22 10
22 81
18 81
24 74
17 5
27 34
19 81
5 23
12 42
7 17
25 61
20 50
11 89
26 15
7 57
25 83
18 33
17 22
16 49
19 43
24 20
12 10
12 39
30 45
10 81
10 58
7 99
7 1
12 91
14 81
18 90
22 22
22 51
22 36
22 36
0 34
13 41
6 36
25 83
21 21
18 73
18 26
7 78
12 77
13 23
5 44
9 23
2 97
1 29
2 34
24 100
30 13
0 50
4 39
16 17
8 28
1 67
8 87
9 27
9 87
18 51
18 9
16 56
19 62
7 65
20 3
2 82
2 66
12 53
19 74
13 16
10 91
18 75
12 95
30 15
8 48
27 53
15 77
12 79
14 12
14 36
7 13
14 84
20 96
12 52
6 90
19 59
16 90
4 7
29 12
30 72
8 69
18 7
21 94
29 88
25 64
12 45
9 36
3 20
18 28
30 4
0 18
21 83
24 11
16 65
9 62
23 1
27 89
22 54
15 96
23 66
29 66
5 65
5 96
28 80
19 73
13 39
0 21
22 62
28 57
11 88
10 25
24 34
25 34
5 62
17 30
19 9
8 28
27 1
24 92
15 70
10 4
15 74
2 51
28 41
17 46
27 26
30 12
0 56
27 87
26 74
16 8
23 60
13 27
7 13
12 54
0 39
14 92
3 15
17 45
26 70
25 76
14 60
10 42
9 94
19 83
8 92
4 99
28 74
5 43
8 61
18 6
20 91
21 83
5 95
7 22
6 5
12 41
30 47
1 47
20 51
7 10
18 37
4 30
23 6
0 15
29 65
11 26
15 19
8 49
19 14
14 87
21 90
20 26
14 47
11 66
11 83
2 64
26 10
22 94
17 66
23 86
26 93
23 92
15 28
30 95
19 4
11 100
30 100
15 30
25 75
11 39
4 23
27 29
18 81
22 4
24 2
7 5
10 9
27 81
19 78
16 3
17 71
16 71
16 48
7 32
12 59
4 58
27 96
8 46
2 45
7 68
20 42
3 68
7 64
10 89
21 58
11 19
30 14
24 70
29 12
6 14
22 34
17 15
7 60
8 98
9 3
15 67
1 72
3 51
7 83
18 77
22 87
9 78
5 54
26 77
14 82
30 28
13 21
30 1
19 31
17 26
5 50
27 2
26 14
28 23
29 100
5 64
15 35
10 22
12 47
26 17
13 57
11 55
14 62
1 95
23 19
29 53
4 79
5 27
8 49
0 87
23 70
10 43
6 40
7 7
22 66
26 40
11 54
21 40
9 70
23 34
22 95
14 60
19 29
29 6
1 95
14 3
18 35
18 9
12 74
4 3
13 35
17 15
14 3
6 31
18 45
21 9
5 74
3 41
28 75
11 96
23 92
0 70
15 55
10 34
20 53
14 92
30 50
16 75
4 85
11 38
3 44
22 65
2 29
6 14
7 73
14 49
24 75
30 41
16 16
17 45
21 48
15 47
4 52
21 66
23 53
0 61
28 82
9 7
7 50
3 83
1 53
21 33
2 47
20 16
20 34
13 28
22 97
5 57
14 90
29 58
7 86
9 48
16 51
30 8
1 44
30 79
0 63
0 60
22 91
25 35
11 43
9 34
30 4
5 50
29 56
9 55
14 85
1 71
5 30
3 40
9 37
19 39
19 14
27 22
1 34
16 94
25 80
2 81
20 68
21 61
20 61
16 30
17 60
6 91
29 73
14 81
17 27
2 59
15 9
21 61
17 22
19 67
27 98
11 35
15 33
7 31
29 20
21 87
4 23
30 42
18 42
24 62
21 84
27 50
2 4
15 13
7 61
29 89
19 81
30 6
3 63
12 97
29 87
24 55
23 23
5 9
8 55
5 36
26 63
16 26
9 36
14 92
29 30
3 63
4 28
24 91
3 69
16 78
1 97
26 66
7 21
1 34
26 54
13 40
20 16
12 31
11 27
28 85
8 12
0 72
2 1
20 71
23 79
26 87
2 3
9 82
26 95
30 62
5 5
6 25
18 28
23 61
9 85
15 63
5 41
14 24
22 67
9 64
22 14
25 95
20 68
26 40
8 5
16 86
5 12
26 81
21 35
20 42
7 64
17 93
29 26
30 51
25 58
25 6
11 4
19 70
3 31
12 25
7 7
18 55
10 3
19 55
21 45
14 26
16 55
13 52
20 81
15 95
23 91
20 11
17 91
19 64
27 32
14 19
21 95
24 49
20 59
3 22
6 92
8 57
8 48
3 3
12 99
19 79
6 59
13 14
1 29
25 97
8 79
27 55
29 78
21 48
28 88
19 75
9 57
29 45
23 1
19 7
5 32
24 10
19 73
9 36
4 15
4 57
24 95
25 66
5 14
0 38
0 34
22 67
2 63
19 8
9 19
17 74
14 2
3 39
26 60
0 90
6 27
1 40
5 97
15 19
28 75
14 19
22 83
27 28
13 77
17 9
24 10
22 10
16 17
25 7
0 11
4 39
29 100
14 85
8 21
11 56
27 8
14 93
0 65
24 51
18 71
11 78
6 2
7 68
30 71
29 54
0 43
20 92
1 70
7 29
1 79
20 38
6 8
16 52
9 42
9 64
1 6
30 56
27 33
13 91
21 75
20 50
8 14
30 27
18 1
23 23
17 86
30 24
30 79
3 60
4 46
28 99
5 62
6 79
8 89
11 29
15 70
12 71
16 29
13 12
25 83
2 67
18 90
17 46
8 11
19 25
14 33
0 89
26 15
2 95
14 28
22 31
11 78
30 44
1 89
4 50
28 44
5 45
16 6
18 32
21 81
4 32
25 45
20 41
21 30
7 56
1 17
4 71
6 94
13 92
3 43
13 92
13 94
12 8
26 66
12 37
3 4
4 98
12 87
4 41
23 31
11 49
20 42
29 2
20 78
21 4
16 20
5 70
8 85
7 5
30 77
9 41
13 47
5 14
14 16
24 27
29 74
2 9
21 45
9 17
11 32
24 93
19 98
19 94
30 83
4 17
11 26
28 36
5 49
28 23
14 94
3 14
17 29
5 73
21 60
13 55
30 28
18 18
1 44
17 58
11 59
0 34
25 25
0 54
23 24
5 100
29 32
11 97
5 98
22 24
11 37
6 5
1 53
8 69
6 43
24 2
24 88
17 18
23 17
21 20
15 11
28 58
5 40
0 88
13 39
29 100
21 62
12 29
15 25
13 44
17 43
19 7
29 51
18 57
9 48
17 37
22 1
2 26
21 65
2 91
9 57
16 64
7 15
10 26
18 64
25 2
12 21
27 88
3 16
13 6
3 90
20 35
29 42
2 88
5 94
5 42
26 87
0 87
21 59
5 92
21 59
14 54
1 43
7 16
8 38
0 48
26 62
11 99
24 72
19 71
23 79
13 95
28 85
11 27
12 5
11 20
14 62
13 23
3 82
2 34
17 72
21 31
5 91
24 2
2 2
6 92
5 64
8 10
1 37
11 70
16 68
21 68
11 74
3 76
5 87
21 51
29 90
4 37
17 99
13 1
5 93
12 7
3 21
21 90
29 1
18 54
26 53
29 29
12 90
8 55
13 97
14 61
29 81
25 3
13 45
14 86
18 78
26 85
13 73
4 66
3 8
25 71
14 11
23 59
20 31
12 42
14 76
0 21
0 10
7 21
3 15
12 66
20 26
15 85
24 48
5 86
5 56
18 15
26 84
16 47
6 49
11 73
1 68
26 42
29 51
11 11
27 79
24 4
10 83
15 64
22 12
20 62
11 16
12 46
23 59
5 74
2 25
29 71
21 55
23 96
9 83
15 20
20 66
0 47
21 64
2 52
26 13
13 47
8 10
5 17
22 15
7 6
20 25
25 47
1 16
13 1
9 47
3 20
18 11
23 26
4 15
5 69
26 3
22 68
5 39
24 59
15 40
11 92
21 26
18 19
0 36
17 56
19 54
16 44
28 15
28 27
20 92
10 74
16 67
29 55
6 27
18 5
25 72
0 11
8 62
18 23
17 48
11 57
25 45
6 74
24 98
19 80
29 14
4 73
6 85
22 35
3 63
26 32
22 35
2 30
18 69
22 100
13 8
15 5
7 83
12 28
15 58
10 73
25 97
1 56
18 13
18 39
27 81
24 72
13 59
21 32
9 33
17 99
27 74
27 7
16 40
3 60
0 82
12 93
17 93
10 91
8 17
6 5
4 76
22 81
18 50
17 68
30 80
3 83
9 67
2 79
8 87
2 40
14 22
12 96
8 95
7 42
14 49
1 3
26 53
26 35
16 55
29 28
8 11
23 27
9 80
28 83
23 24
24 53
18 36
14 43
14 7
10 91
2 55
12 2
4 16
24 63
4 27
12 67
5 60
2 93
29 98
2 32
0 70
14 97
7 74
30 80
6 19
2 59
15 58
11 97
30 72
14 92
11 75
3 10
15 43
5 59
1 70
6 43
27 60
5 16
14 96
6 48
5 52
5 10
9 92
22 37
30 58
23 22
18 91
6 44
29 60
29 95
14 5
21 60
12 23
13 24
4 61
13 15
29 38
15 7
16 36
8 6
9 89
22 5
14 49
7 14
9 62
9 78
16 94
7 91
3 66
1 4
15 45
0 24
29 64
20 97
23 23
25 42
6 68
12 35
9 70
12 59
4 15
22 7
18 79
17 53
27 2
24 57
24 88
25 94
22 75
24 97
23 12
18 11
11 11
25 71
26 33
20 15
23 98
20 8
25 57
1 2
18 36
10 24
3 79
15 7
8 29
30 95
13 53
5 59
3 26
19 18
29 97
28 23
14 36
3 59
19 12
18 27
7 91
21 35
6 87
3 43
11 6
13 58
11 98
4 5
17 23
5 65
3 88
8 21
25 35
0 22
7 10
3 75
24 56
24 4
27 33
9 32
5 16
10 12
24 57
9 29
22 94
5 50
19 62
1 80
10 59
21 65
27 17
8 75
2 61
15 55
9 84
18 77
17 24
13 46
9 27
2 75
30 24
8 82
20 46
16 26
27 68
28 27
6 8
22 67
11 47
17 30
24 55
12 90
30 56
18 26
24 16
14 80
19 16
11 98
20 63
29 77
30 49
24 33
18 6
15 19
15 26
15 66
3 24
25 65
15 95
15 89
18 86
12 1
1 9
2 95
4 90
22 57
16 99
22 43
2 92
9 63
29 17
27 18
10 19
15 75
5 99
12 5
19 5
18 94
6 49
5 31
27 48
9 9
20 77
14 98
4 82
12 56
26 61
2 7
8 95
3 82
14 94
2 84
20 26
6 23
0 2
18 85
14 11
25 42
12 10
2 24
8 66
2 64
21 83
11 86
16 16
3 15
0 43
12 75
0 40
27 71
14 65
6 18
1 66
10 60
0 81
22 33
2 75
18 26
6 29
1 1
29 74
13 74
2 28
13 10
2 37
26 7
0 83
0 18
12 6
23 65
6 74
0 73
5 9
20 63
17 92
12 39
12 8
1 11
29 85
5 76
10 79
5 43
12 97
18 43
24 4
18 16
10 69
25 85
11 25
8 95
14 48
10 87
1 47
20 66
9 78
19 35
17 89
14 69
23 6
0 85
24 91
26 84
7 44
28 97
23 4
6 38
28 44
5 27
15 19
24 54
5 80
5 65
19 25
17 100
6 1
26 63
20 47
20 74
24 98
22 78
11 82
16 24
16 22
5 99
10 39
15 62
17 79
21 59
23 57
19 31
6 59
4 37
17 68
8 20
11 23
16 16
18 73
8 59
0 50
20 64
21 55
9 67
11 35
29 76
23 6
30 44
22 49
6 24
6 33
8 49
25 69
7 54
8 34
25 64
9 67
0 37
6 96
1 92
10 96
18 90
9 94
16 42
10 12
9 25
2 96
23 34
22 62
3 99
10 43
6 50
29 3
26 28
13 56
8 80
4 56
15 99
30 95
26 88
6 86
23 73
14 54
29 53
0 75
1 90
20 33
11 60
1 79
1 41
5 83
23 91
3 86
22 67
12 71
17 31
27 20
5 80
22 79
7 44
9 51
3 73
14 88
29 48
4 34
18 5
21 28
7 49
12 84
11 52
11 23
22 4
5 79
7 58
6 44
13 97
11 87
30 75
5 42
24 96
16 50
14 70
12 65
30 39
17 11
2 47
24 97
14 76
28 12
6 33
10 98
16 52
14 65
16 2
2 80
3 38
0 72
25 92
22 43
15 68
29 7
0 56
18 99
26 6
7 30
11 20
6 42
4 21
10 57
0 69
0 4
8 52
25 45
2 82
29 1
22 26
6 53
21 67
14 19
30 68
15 34
18 79
28 25
11 99
25 6
2 96
27 6
21 79
29 25
30 66
4 95
29 62
14 48
19 89
18 6
9 53
17 30
6 74
4 91
9 57
21 56
6 67
29 21
23 4
21 47
13 76
30 95
22 87
0 46
22 26
6 97
11 73
18 83
21 11
19 23
3 18
3 51
20 8
30 21
10 83
26 41
0 23
3 52
26 32
6 39
18 67
9 64
27 98
12 90
4 77
20 34
11 46
29 17
23 40
21 23
29 17
6 30
17 90
29 98
7 79
23 80
8 3
17 57
3 30
8 3
6 3
3 4
5 60
23 96
21 8
24 74
2 66
29 97
24 69
5 27
24 8
10 74
9 98
17 5
15 75
30 44
21 20
15 19
24 31
13 9
16 66
24 67
29 57
8 10
17 83
11 1
4 22
3 57
9 56
29 3
27 92
7 47
16 74
5 43
9 64
12 42
4 10
30 58
29 74
12 76
26 74
24 99
27 77
26 11
13 22
19 15
8 56
0 91
23 19
22 82
24 77
4 87
17 93
30 57
17 59
15 11
3 14
10 91
26 49
14 25
24 49
6 69
18 9
5 70
17 68
18 64
9 83
15 53
4 88
29 69
25 46
14 54
7 33
14 91
4 1
20 98
16 15
15 11
4 98
7 39
22 12
24 18
5 93
13 93
15 18
9 83
11 58
19 85
2 78
15 5
27 84
22 18
6 74
12 27
13 20
6 48
24 20
26 60
13 19
4 57
4 93
30 89
13 81
26 54
18 24
30 23
9 41
1 54
13 32
4 52
2 82
28 64
6 74
14 10
20 30
2 87
10 93
21 87
29 9
7 90
29 15
12 66
10 25
20 5
1 97
24 81
5 10
5 38
3 37
0 55
18 33
11 37
20 51
7 45
11 75
1 39
23 99
21 75
6 12
5 11
21 56
24 68
15 47
15 82
6 14
21 55
25 54
24 20
28 55
17 24
18 45
28 50
21 45
1 43
16 14
25 33
21 40
22 65
9 43
17 33
7 39
2 95
24 14
3 43
21 44
3 24
22 66
19 22
1 92
28 84
7 67
10 74
2 22
30 28
11 80
10 91
27 61
18 85
20 40
21 61
29 83
15 25
28 6
14 25
30 47
11 21
12 36
3 60
10 77
14 8
2 54
6 51
0 7
19 47
5 27
27 73
10 32
1 38
6 72
18 83
22 18
3 22
23 15
23 59
24 37
26 20
21 21
1 43
28 80
21 97
18 34
25 95
27 39
20 11
18 31
15 20
17 46
3 77
7 44
3 20
23 23
0 62
11 2
4 35
1 7
5 96
14 62
10 8
16 17
13 92
8 55
21 37
24 51
2 77
25 72
10 88
30 14
26 50
8 86
6 61
28 9
5 37
19 33
16 26
9 25
20 82
21 78
11 64
10 92
13 15
9 87
16 43
9 44
22 86
21 26
5 46
26 85
10 67
12 97
25 31
8 35
7 26
25 10
27 14
12 59
25 47
4 20
16 38
23 65
21 5
11 85
19 48
21 87
18 92
20 85
2 62
4 23
7 27
5 54
26 84
16 6
0 6
15 53
23 34
13 59
4 45
4 81
10 16
2 27
11 54
2 50
30 12
23 37
13 79
19 92
28 78
13 81
18 79
5 26
6 63
5 91
21 59
24 56
7 95
9 33
3 88
17 76
19 45
28 77
14 59
24 46
29 4
23 13
20 33
20 74
18 61
14 20
0 1
16 95
2 19
17 76
24 38
13 11
30 81
10 100
7 9
12 93
18 87
21 63
30 37
20 65
4 85
18 26
19 42
16 34
8 48
2 9
5 17
5 63
7 52
11 46
2 31
12 35
10 45
14 13
1 40
23 58
10 46
11 99
15 92
30 20
18 6
11 62
24 62
13 2
20 81
10 92
4 16
24 30
24 26
23 3
8 36
18 29
12 60
9 55
24 25
26 37
4 61
30 46
29 99
13 57
0 11
26 25
15 46
6 57
24 59
9 16
26 34
5 74
8 17
10 51
0 28
0 79
18 91
2 37
14 80
11 91
29 89
21 75
29 100
18 47
26 83
12 54
27 70
11 50
27 56
12 8
26 54
10 74
13 95
12 71
5 100
3 29
16 56
11 65
26 48
25 81
0 70
9 34
26 78
24 6
12 50
12 56
0 60
3 27
13 58
0 19
30 35
17 2
18 87
13 5
11 6
0 39
27 61
7 79
25 47
0 32
7 70
7 99
8 5
17 97
5 86
30 32
29 31
6 63
20 31
1 14
1 89
21 24
28 76
26 99
22 43
0 56
11 80
28 58
0 76
14 98
12 82
10 90
10 23
18 18
24 62
6 72
11 33
12 47
26 17
3 68
6 38
15 58
15 37
9 94
9 27
13 8
20 49
18 13
22 53
30 7
24 43
25 76
3 71
10 98
28 79
26 4
28 96
9 85
11 62
26 81
16 91
4 78
19 96
23 50
9 29
4 15
10 78
5 10
14 7
17 27
15 77
11 66
4 89
12 3
11 44
24 95
14 49
8 51
25 76
30 27
6 6
14 3
21 55
27 77
24 54
26 22
2 82
28 44
21 57
30 69
16 24
11 79
16 35
19 14
28 38
2 13
30 86
24 42
21 72
23 8
18 81
6 83
11 71
3 80
11 2
8 27
17 34
9 60
7 37
8 9
22 75
10 38
22 40
13 83
27 53
19 71
14 35
30 99
9 19
4 93
4 15
23 93
14 95
29 62
9 46
14 4
0 24
15 30
1 54
12 48
7 52
12 81
25 42
6 96
0 55
10 88
1 58
25 36
1 35
26 84
14 20
21 2
17 11
30 43
30 69
20 11
24 67
26 59
7 85
30 96
2 44
11 23
29 61
25 74
25 23
28 54
19 33
22 81
19 34
16 38
12 58
22 17
9 71
6 59
6 5
17 63
21 32
15 74
24 31
23 95
2 43
22 63
12 10
19 91
29 70
14 98
14 24
29 6
10 31
2 27
0 73
24 91
20 74
12 32
2 5
23 96
4 99
1 44
6 54
8 9
3 88
7 76
24 51
29 97
15 19
11 83
25 62
12 10
19 83
30 59
2 27
9 20
22 64
12 99
6 23
11 28
3 29
20 90
2 56
15 83
26 39
9 44
4 16
13 14
5 25
4 2
15 11
30 3
29 69
30 21
24 38
1 65
17 54
25 85
13 85
27 76
5 24
18 22
26 56
9 78
0 27
18 65
29 20
4 68
23 51
3 98
4 74
11 48
3 80
29 43
7 12
4 79
10 10
26 76
4 4
11 96
1 94
9 2
27 9
10 8
5 97
12 25
9 86
24 7
3 67
1 50
6 65
7 40
3 71
21 49
6 7
26 48
29 45
19 33
4 77
13 24
1 22
28 57
0 88
17 66
9 20
1 64
1 100
27 26
5 80
0 20
0 31
17 29
27 18
2 47
19 45
19 84
25 75
26 15
11 12
6 21
3 36
28 87
30 80
1 21
27 21
1 96
21 79
18 89
29 76
3 7
30 99
28 15
6 94
13 96
3 66
14 6
25 6
29 30
25 3
28 23
3 71
24 24
23 19
1 25
3 49
11 10
12 80
22 68
22 71
3 98
23 18
16 49
28 14
17 42
0 12
21 63
14 74
1 48
23 32
24 11
1 77
8 66
0 98
12 38
9 27
29 6
9 13
2 42
6 91
10 17
6 1
3 98
29 22
21 29
6 82
0 81
28 87
28 64
13 61
26 22
7 11
12 88
9 35
13 77
20 45
27 43
18 9
29 10
14 13
5 94
5 59
16 82
2 81
16 42
29 80
13 83
3 38
5 29
15 96
0 17
11 2
6 8
6 26
15 52
2 19
19 77
5 80
16 3
1 23
18 51
15 18
11 43
3 38
15 22
22 8
23 10
11 35
27 88
9 94
20 59
0 79
2 28
20 45
8 52
25 64
5 91
20 36
11 16
3 68
24 66
20 44
22 79
5 79
3 25
4 37
20 46
22 1
3 27
19 29
22 86
0 33
3 81
25 79
30 54
5 98
0 37
27 45
9 83
26 59
30 33
17 36
14 4
29 71
15 28
24 25
19 30
27 100
14 58
14 87
15 46
25 89
23 59
15 22
1 65
9 75
9 97
21 98
14 35
15 90
7 68
19 16
5 36
9 55
3 85
19 55
0 62
13 56
3 79
13 40
3 80
9 36
10 37
2 36
22 88
15 48
15 58
22 30
24 69
12 45
1 81
21 19
30 65
28 67
5 18
20 75
25 61
14 20
26 57
8 15
26 67
21 26
30 98
0 30
1 54
15 100
30 16
22 45
1 50
9 3
16 6
20 7
10 45
22 51
18 71
24 43
4 23
20 9
18 1
25 91
15 74
2 13
26 37
30 37
17 9
26 13
2 76
9 98
5 5
1 14
21 98
23 71
12 56
16 42
16 17
28 11
22 76
6 5
27 36
21 79
3 49
11 66
28 45
6 73
2 29
5 38
24 38
1 71
5 85
10 9
5 28
27 25
5 18
9 40
4 93
19 27
22 99
18 6
20 30
24 36
6 27
18 53
17 34
13 20
24 16
28 61
4 49
8 92
27 6
14 48
25 25
17 11
4 57
9 36
17 17
19 94
2 32
10 86
9 78
10 1
30 100
21 39
20 97
23 79
20 82
10 60
3 35
20 84
9 27
14 93
12 6
7 95
12 49
0 60
9 5
16 14
5 22
11 47
1 91
1 68
12 71
22 40
25 64
29 57
26 26
5 37
25 25
4 12
10 76
8 100
7 16
0 44
13 30
11 33
20 77
3 48
2 13
16 51
7 36
4 94
21 3
5 18
8 11
20 46
22 28
28 66
27 79
17 45
21 73
7 67
1 14
16 57
14 74
6 24
11 9
15 73
30 80
12 9
10 42
28 87
7 47
2 71
24 71
14 55
12 55
8 33
21 86
14 93
24 91
12 45
11 31
5 96
0 44
7 22
21 80
13 13
9 32
19 88
12 40
24 2
8 11
22 49
9 33
17 91
27 30
30 51
15 98
19 5
3 32
29 22
20 72
6 95
15 80
4 7
12 16
6 2
27 9
21 56
13 87
28 14
13 79
3 87
27 26
4 83
17 35
17 72
30 84
27 14
28 52
20 89
3 78
24 69
29 45
21 86
7 76
5 92
12 47
19 50
14 39
11 11
21 34
0 36
27 10
17 74
5 91
27 17
3 100
15 52
16 32
30 52
22 78
11 61
3 55
12 51
3 22
29 76
24 44
19 80
23 62
18 34
6 14
2 79
9 91
8 38
5 83
21 98
1 44
18 65
2 58
5 31
30 65
10 91
2 52
18 88
17 53
30 93
14 56
30 3
29 4
19 90
10 5
20 51
24 25
17 98
11 52
7 7
7 25
0 68
16 38
11 97
30 8
14 74
9 55
13 75
29 77
2 62
16 29
7 58
20 71
0 100
23 37
7 84
14 91
1 24
18 56
23 38
11 55
17 41
5 54
24 22
0 51
4 84
14 38
14 55
14 65
7 52
25 49
12 35
23 85
18 7
14 11
26 98
5 13
28 12
14 37
19 36
30 23
20 51
14 37
10 17
10 89
20 68
22 37
18 37
12 56
17 36
25 88
25 24
28 12
12 79
20 18
13 32
6 5
8 57
25 30
13 63
29 80
4 67
2 43
15 30
19 49
28 94
28 96
14 93
1 4
22 54
3 100
16 78
25 27
30 94
1 55
27 84
26 22
15 20
22 7
13 80
24 39
10 54
30 59
5 58
27 89
13 66
28 27
10 82
24 79
30 80
23 63
2 9
13 21
7 34
16 98
10 33
17 86
15 29
5 97
11 6
21 5
13 70
27 35
17 91
4 3
0 86
29 94
7 58
4 22
2 75
28 6
7 53
27 64
28 68
9 26
0 60
25 41
23 55
27 97
10 66
3 22
13 100
15 44
7 82
9 53
7 27
22 17
21 4
11 27
24 83
5 90
25 97
14 76
13 12
11 24
23 85
7 88
16 68
2 39
8 63
11 79
16 96
22 15
28 52
29 37
13 57
22 53
17 68
0 39
4 86
30 87
9 65
1 74
20 85
14 6
6 6
25 92
30 18
5 96
16 83
21 93
25 23
22 86
10 11
30 25
12 76
4 76
8 32
19 94
8 64
25 74
22 92
11 48
24 79
9 84
11 56
3 25
12 49
28 84
30 38
0 5
25 56
17 60
8 28
3 71
2 18
10 92
23 17
29 100
9 27
16 61
18 94
22 31
23 22
5 18
22 81
1 11
24 45
10 34
7 32
19 76
5 2
28 51
7 28
16 44
10 82
17 38
14 47
24 30
26 26
11 54
27 84
6 7
22 84
18 73
19 16
12 13
8 71
16 24
23 28
7 9
17 4
8 62
22 18
20 87
21 43
2 71
20 70
10 58
9 68
21 57
23 11
19 17
2 58
5 36
5 91
13 4
24 69
22 42
28 12
12 84
16 60
4 38
19 14
29 55
16 28
11 20
25 54
3 29
9 26
2 23
27 85
22 88
7 49
10 100
22 36
13 19
2 94
29 98
6 66
2 12
15 77
17 91
4 65
13 72
14 88
6 67
12 6
13 60
27 4
24 88
6 20
27 4
23 15
17 8
16 16
8 64
28 6
4 10
16 93
19 58
21 91
14 85
9 64
24 66
25 22
20 56
17 76
19 34
26 21
25 4
1 34
2 34
3 86
15 53
8 88
10 26
0 43
10 33
23 6
16 52
10 65
23 50
4 96
4 19
17 86
7 61
26 66
28 27
28 4
30 98
26 11
1 57
30 17
19 45
25 24
13 46
11 77
16 1
15 62
10 33
27 18
30 95
7 94
3 78
7 86
5 87
11 82
28 19
10 16
18 41
11 98
11 91
30 74
11 65
1 80
22 41
7 4
20 36
17 29
23 49
11 7
17 39
28 100
6 39
4 46
19 63
0 95
26 19
4 97
22 80
9 3
27 49
22 84
25 33
0 76
11 19
18 42
21 16
4 9
4 7
15 97
17 53
11 5
13 28
14 55
28 93
5 14
24 53
26 57
25 7
3 26
14 95
29 48
12 88
3 25
20 83
29 79
4 37
19 25
22 46
7 74
3 87
24 18
28 30
13 39
27 87
29 84
22 54
16 35
2 87
20 9
5 76
21 69
16 17
22 96
7 77
27 47
29 25
14 70
8 20
1 16
28 16
3 80
8 80
9 21
21 9
20 32
9 41
19 50
22 42
15 50
8 11
7 13
27 42
2 78
26 57
11 2
20 41
3 21
18 59
27 5
22 71
1 28
19 58
25 86
18 4
23 91
8 79
13 68
21 47
4 30
30 40
23 95
16 70
11 49
7 48
22 16
25 52
15 33
13 54
12 15
11 37
16 86
5 97
6 82
14 38
28 4
19 49
2 82
7 39
20 32
30 93
28 11
3 34
22 22
1 25
11 36
30 17
19 26
10 99
27 80
11 64
4 100
30 30
28 70
17 99
1 37
29 30
28 88
11 86
19 47
6 35
15 85
19 49
27 31
1 52
10 20
27 45
13 100
1 20
5 95
4 62
19 99
10 45
20 41
18 27
20 15
8 57
20 24
23 97
28 80
25 79
22 44
22 14
1 26
15 46
9 9
16 57
16 33
19 1
19 69
14 51
4 44
13 74
8 46
9 1
26 95
22 69
24 96
2 70
3 25
21 35
23 57
24 83
29 35
4 66
17 20
10 37
17 24
1 24
14 85
28 50
14 43
7 3
16 63
16 51
8 76
23 3
5 57
0 97
26 6
9 43
0 57
11 64
0 3
30 98
0 58
19 34
19 26
1 28
12 62
6 68
1 69
0 70
9 7
8 71
16 31
28 42
19 35
17 3
23 54
19 44
2 4
14 22
29 7
0 82
0 15
27 95
19 35
26 76
22 67
4 30
26 76
26 90
8 60
13 28
16 81
11 23
14 34
3 91
16 33
19 9
26 46
7 57
28 49
0 95
11 31
16 51
8 54
9 92
26 85
1 70
28 36
7 11
1 53
13 44
6 11
4 79
23 69
0 70
0 74
7 42
22 80
29 87
21 27
13 7
23 83
11 54
28 43
12 12
30 51
16 19
28 58
6 52
22 45
19 34
12 19
29 61
11 59
14 33
21 96
1 39
1 35
1 9
16 51
11 84
4 10
14 24
16 14
7 78
8 21
20 2
4 57
19 8
13 11
29 61
21 92
16 3
23 36
5 5
21 1
28 77
23 72
14 87
15 99
17 21
23 21
11 10
27 39
11 50
0 52
30 38
26 61
28 64
15 80
21 41
18 46
26 54
7 38
23 35
22 6
30 15
5 54
2 94
27 26
11 12
18 89
7 8
21 96
14 96
18 91
15 55
0 61
13 38
30 35
24 75
9 34
2 32
1 44
1 44
10 31
15 100
5 29
21 46
2 28
2 88
20 43
30 98
0 31
1 76
16 36
30 41
8 32
9 41
0 18
0 26
12 96
8 61
24 35
16 7
23 41
20 68
19 53
12 18
17 11
16 37
13 20
6 15
17 80
2 44
5 52
8 50
10 85
19 30
9 95
10 30
25 90
15 94
12 72
15 37
11 11
7 64
11 84
5 40
14 57
16 49
3 12
24 28
13 85
1 32
19 31
4 33
29 87
6 90
27 43
30 2
3 64
8 92
9 43
30 40
0 10
26 64
18 82
24 29
3 79
30 33
29 66
0 17
25 87
12 21
22 94
11 95
26 8
1 72
20 55
10 53
1 28
5 80
6 88
6 21
15 26
5 89
15 55
9 9
0 2
21 57
9 70
3 32
29 64
26 83
6 98
6 32
10 22
25 100
2 92
13 67
28 88
1 23
27 27
20 84
12 93
6 86
5 92
6 24
23 23
2 71
29 26
5 25
19 84
27 1
29 89
11 8
21 96
6 49
4 91
0 2
9 26
25 18
26 89
5 77
24 40
3 14
5 92
5 66
0 34
29 6
13 20
15 59
6 9
3 17
20 62
18 38
3 78
30 38
23 68
23 67
30 31
27 36
17 32
28 25
13 13
10 54
24 25
12 99
22 52
25 69
12 81
18 45
27 65
12 27
10 58
27 23
1 82
3 51
20 49
29 89
27 97
10 76
22 78
0 63
11 91
20 83
21 14
16 95
24 75
9 96
27 97
20 3
9 93
7 65
6 51
0 49
16 79
23 22
5 84
11 1
22 82
0 2
5 60
15 18
20 45
18 67
11 79
4 60
20 50
9 25
4 45
16 72
2 18
1 88
30 82
13 54
3 27
1 42
20 19
15 33
20 85
4 94
2 94
7 61
11 100
10 96
25 33
26 15
14 91
27 58
22 60
7 86
24 46
27 14
30 53
0 61
20 33
29 64
21 70
3 100
9 39
7 55
24 20
5 99
18 32
5 28
26 55
17 16
1 65
16 11
9 75
17 13
25 65
24 81
21 8
30 76
19 65
5 12
1 52
10 50
3 21
23 4
22 45
2 58
20 35
22 4
16 61
29 37
7 32
10 21
6 49
4 39
29 83
7 23
21 81
14 30
16 20
13 3
19 65
4 80
2 6
12 57
20 71
16 84
25 85
21 27
2 27
25 38
9 76
10 100
29 84
1 18
8 21
3 49
7 20
9 49
23 36
1 2
9 58
21 29
19 54
5 39
27 48
12 50
10 92
9 24
19 84
12 83
16 34
7 35
20 90
3 57
14 28
11 75
17 42
23 86
12 13
20 97
5 3
6 62
17 53
17 80
6 88
14 41
13 59
17 20
9 83
13 8
26 69
17 13
26 16
7 27
11 26
2 78
22 89
14 56
14 92
9 78
22 8
10 4
5 7
8 48
1 25
16 80
14 42
15 58
22 56
30 93
27 2
28 88
5 23
15 90
10 35
29 59
25 41
16 23
17 4
6 6
17 61
27 51
25 43
22 7
24 8
12 11
18 79
10 80
28 12
17 73
13 6
26 52
27 32
15 15
15 25
10 74
28 21
25 32
0 62
19 61
29 84
18 45
4 6
0 96
30 62
18 57
19 26
26 82
20 82
27 71
4 47
6 64
18 55
25 13
26 13
11 20
9 81
5 56
21 21
21 35
21 11
22 34
4 40
12 40
29 32
20 65
10 73
11 96
15 27
29 88
30 40
18 93
30 33
28 95
8 97
13 81
7 34
0 68
27 9
22 49
13 69
27 95
3 23
13 22
29 9
8 91
1 93
2 39
8 26
8 7
24 88
30 59
1 93
11 43
1 41
10 18
22 38
1 86
7 9
1 18
9 87
21 15
29 39
0 7
6 26
6 84
25 52
30 20
13 95
21 41
14 42
12 91
4 81
10 30
8 92
6 27
21 73
21 14
20 78
1 38
25 92
16 20
1 22
17 55
0 27
7 1
30 95
4 95
4 6
15 8
25 70
21 75
21 27
27 37
19 87
25 96
0 75
26 72
29 67
26 92
28 37
12 4
19 90
16 59
25 86
4 58
5 73
15 64
27 98
19 86
6 99
22 86
28 36
24 19
16 73
19 86
18 89
17 97
4 17
7 94
4 96
25 25
24 89
30 48
10 15
23 31
14 94
6 94
16 97
15 91
29 15
1 62
11 48
21 97
30 67
16 44
0 47
17 19
13 23
23 13
18 64
16 79
19 59
15 37
9 95
29 89
18 3
12 58
11 95
27 27
0 63
1 43
23 39
22 68
10 22
24 14
9 54
12 82
28 28
9 75
13 20
6 61
27 15
2 80
2 6
3 61
22 29
18 88
24 19
21 92
23 87
19 37
3 96
11 97
13 73
25 13
27 78
0 83
13 79
1 19
0 45
4 65
4 47
21 49
4 53
4 76
9 87
16 26
7 5
19 62
11 82
24 43
28 11
25 88
23 35
13 48
20 100
29 76
18 51
18 11
29 97
30 19
16 45
20 90
16 11
28 49
8 83
8 93
28 95
25 83
6 6
21 65
9 58
5 52
6 20
0 27
3 44
8 76
3 8
12 97
14 23
13 81
3 23
26 45
28 46
22 71
1 32
0 76
13 64
30 35
6 80
18 69
29 88
7 23
16 3
10 68
19 68
14 74
17 82
2 43
28 70
30 63
10 76
0 61
15 16
5 65
1 30
10 68
21 95
10 75
4 56
10 13
13 98
21 34
30 47
25 90
22 79
28 63
29 91
14 61
7 39
30 77
3 97
27 3
16 57
7 48
23 9
0 32
19 16
12 94
11 82
24 12
13 46
2 65
1 16
21 84
26 24
26 12
12 65
5 6
24 68
25 4
15 4
10 68
27 100
0 66
8 53
21 11
1 67
22 49
19 16
21 12
4 27
21 32
12 95
24 20
10 52
13 42
23 31
20 99
1 84
10 78
26 100
22 51
23 66
0 50
3 1
20 78
17 10
16 42
24 14
18 34
12 49
20 65
10 17
2 44
12 29
10 71
26 95
29 29
0 71
22 94
9 69
17 45
8 64
16 15
11 59
13 25
9 55
28 100
27 57
19 38
1 26
10 13
12 1
24 20
16 45
19 16
0 15
30 32
22 44
20 68
11 50
26 74
19 1
5 3
14 5
24 38
2 8
8 26
14 82
7 44
21 75
5 69
22 73
16 75
23 36
8 42
5 15
9 28
21 63
6 67
9 18
22 35
3 34
14 32
16 74
16 30
17 72
1 39
16 95
7 7
29 42
0 27
4 40
9 86
8 75
5 99
24 20
4 78
1 70
24 87
21 40
24 19
16 48
27 2
6 20
5 39
10 92
22 28
21 22
16 47
1 64
21 55
12 20
28 83
30 20
16 2
2 88
27 47
24 68
27 47
2 4
11 8
15 84
20 16
16 43
14 37
27 71
3 74
21 42
16 82
10 26
20 41
30 100
3 89
3 83
22 89
29 66
7 62
4 85
19 100
4 50
25 81
5 1
5 96
27 39
16 67
21 90
0 50
20 60
23 25
18 42
13 62
15 6
1 60
22 45
29 73
22 22
19 22
28 61
4 64
11 53
13 5
15 67
23 63
22 59
10 80
22 16
3 98
13 93
13 9
8 1
10 6
27 5
25 37
12 42
2 74
21 1
13 18
10 20
13 62
19 4
30 49
11 88
27 14
19 85
27 89
10 10
28 62
11 36
23 97
26 43
17 42
19 91
25 51
30 95
21 85
11 7
14 47
12 8
14 100
13 33
2 97
0 97
2 19
8 92
23 29
15 85
15 83
25 8
5 23
10 60
0 43
13 18
29 97
18 41
10 22
27 33
4 73
17 95
29 43
7 55
24 39
4 87
23 41
6 79
23 82
16 87
8 31
16 17
25 91
0 77
6 67
20 61
11 61
26 85
19 92
19 16
6 34
7 8
4 76
19 19
30 38
29 82
7 93
10 17
6 44
7 39
27 28
9 89
25 67
4 57
24 68
24 18
4 7
9 4
9 71
5 11
24 33
16 4
22 96
26 17
10 9
4 59
17 42
4 66
18 76
7 57
23 42
4 26
26 77
8 87
19 87
23 69
7 9
12 30
14 73
2 74
29 19
20 73
9 9
25 13
18 22
30 72
16 94
1 22
9 22
7 2
27 74
12 90
15 96
18 2
21 57
27 61
8 63
18 79
2 78
25 93
28 37
23 76
13 37
1 20
29 62
9 62
18 49
21 11
15 81
28 25
26 33
30 3
23 43
19 47
20 87
19 27
15 90
1 26
16 30
1 89
24 44
0 94
25 36
7 8
15 4
15 74
8 67
6 21
7 58
19 6
22 5
15 89
8 97
0 17
8 5
21 89
27 58
21 80
29 59
8 43
11 4
29 21
2 32
5 98
22 6
1 51
7 97
0 5
1 39
14 95
11 6
23 80
13 54
1 88
10 18
24 4
1 78
22 93
13 21
3 100
20 27
27 43
15 48
30 6
26 15
17 10
0 89
6 75
7 40
28 69
24 16
10 27
30 8
3 66
10 94
4 98
9 28
20 92
18 28
5 19
13 71
30 83
25 14
29 3
21 93
22 86
8 88
28 20
28 47
21 21
29 43
17 68
25 24
21 65
24 29
28 91
28 70
27 8
16 39
15 76
7 29
9 78
27 37
6 50
10 45
20 69
4 84
7 67
10 63
12 16
24 10
30 53
11 30
17 78
18 29
1 97
22 27
27 88
8 2
0 92
29 39
3 81
11 45
13 92
21 29
15 41
21 74
10 42
26 1
2 22
25 15
20 34
19 72
21 88
1 28
6 63
10 67
15 39
3 74
11 64
30 65
8 46
25 40
8 4
5 32
11 8
22 60
21 41
26 75
6 17
2 32
23 25
24 97
28 39
8 78
20 43
26 2
29 55
8 32
9 89
26 32
11 52
25 37
6 2
10 28
15 45
7 54
25 42
27 1
19 33
20 82
1 39
11 44
2 68
6 15
26 27
12 16
17 92
0 85
9 41
26 10
25 49
6 25
0 23
28 75
30 67
6 77
2 11
2 55
10 15
17 97
1 31
2 96
28 12
6 7
23 88
25 17
19 74
0 71
22 64
4 14
19 12
12 29
8 23
6 90
29 38
12 6
27 26
11 36
2 79
14 52
9 22
24 96
9 3
14 40
22 22
14 86
18 8
22 16
19 56
16 27
24 34
23 79
22 29
12 32
30 94
23 70
19 58
17 82
14 24
12 7
27 48
0 2
17 6
15 80
28 44
25 42
11 73
22 94
12 85
7 10
8 39
1 60
4 72
13 61
8 97
2 79
9 18
2 11
26 38
9 79
3 64
1 29
10 92
5 4
11 70
16 12
15 67
2 79
30 11
11 15
9 38
22 72
4 56
2 47
12 6
12 95
17 57
25 77
27 5
14 96
11 65
7 2
18 76
2 47
7 33
23 27
3 38
15 52
12 17
28 70
13 17
9 98
18 84
24 49
18 33
1 61
16 11
28 11
24 7
11 87
3 45
27 12
3 50
0 88
12 30
8 7
28 44
7 38
4 44
28 1
0 68
2 53
13 83
5 73
14 37
0 90
17 57
7 67
3 7
24 9
4 65
8 67
17 37
1 63
28 62
23 63
18 88
15 93
6 89
24 45
6 72
22 8
19 89
20 10
11 85
9 8
29 47
17 42
3 82
28 33
14 86
13 47
8 42
11 96
25 23
4 73
15 17
1 10
21 62
2 57
22 6
25 12
0 36
14 83
17 74
17 4
4 91
26 34
11 4
13 27
12 89
17 68
3 68
8 99
23 23
9 35
8 92
13 24
0 47
8 17
4 79
9 91
27 36
23 9
25 14
30 32
2 70
26 35
7 87
23 57
18 3
2 99
4 78
12 89
23 69
28 15
27 66
12 86
3 72
6 94
0 54
27 49
20 66
1 61
12 39
25 87
16 1
28 14
22 85
29 16
6 47
19 76
12 79
9 24
18 35
7 52
16 100
18 4
1 6
10 51
29 83
0 24
26 47
9 71
26 21
3 97
7 95
10 34
18 79
8 88
9 7
27 19
4 5
0 36
1 26
13 64
5 12
3 66
27 11
15 23
4 34
25 8
19 51
20 27
23 7
14 40
27 41
8 77
4 28
1 21
23 38
16 39
26 96
12 49
10 88
6 74
8 29
4 77
6 68
30 11
1 43
6 16
2 71
16 46
7 61
17 29
15 83
27 51
28 96
0 57
5 22
28 40
3 37
11 61
19 88
18 3
11 92
8 29
14 93
14 53
22 63
12 12
9 97
18 60
7 87
6 37
27 7
10 49
30 86
28 84
14 79
4 33
23 70
13 65
7 98
1 86
12 18
7 26
6 80
14 75
15 48
9 81
8 9
16 86
10 53
26 81
12 75
28 56
25 70
21 23
22 76
13 21
27 83
7 99
28 74
5 9
20 83
27 50
8 20
30 33
18 39
29 15
12 89
3 24
5 23
29 90
30 46
12 53
29 96
12 47
13 68
16 66
10 19
17 75
11 55
30 93
12 90
26 29
8 75
14 66
23 15
10 80
0 93
5 68
16 70
0 35
22 68
22 97
26 21
18 87
4 76
4 79
18 78
2 94
30 43
6 49
10 87
18 54
22 21
27 100
15 98
7 64
6 59
6 85
5 72
25 71
28 99
14 14
24 81
25 88
13 78
26 100
29 54
1 10
3 63
14 28
21 51
14 45
3 66
9 10
22 62
10 38
4 92
0 56
21 54
5 47
16 41
29 83
0 52
26 9
29 93
12 98
13 56
19 64
21 31
27 97
1 82
18 6
0 97
22 32
15 18
15 14
14 82
18 13
20 63
10 46
17 11
3 29
29 19
30 73
28 62
19 45
26 71
16 74
13 67
29 72
2 99
30 40
16 13
20 45
26 84
23 47
9 3
26 18
14 17
1 5
9 68
3 69
6 58
8 2
14 70
29 55
13 9
0 33
19 57
3 83
28 6
9 97
7 19
27 9
26 63
2 55
27 25
16 27
18 73
12 100
4 12
11 13
13 100
8 94
10 43
9 7
29 74
3 70
17 7
7 3
23 45
15 30
7 79
3 66
13 79
7 49
17 84
30 7
0 12
2 48
20 3
18 28
2 81
26 99
20 90
6 8
17 35
11 12
9 56
15 11
30 54
25 91
8 59
29 55
9 54
22 10
19 32
27 8
8 54
22 41
3 97
19 2
11 8
17 91
16 73
10 29
20 17
17 23
5 98
27 86
5 41
14 95
3 47
15 20
4 54
20 23
28 99
24 78
26 81
10 72
26 85
7 88
18 61
12 94
13 15
5 34
6 9
6 92
28 15
27 11
12 100
17 65
9 92
29 35
8 2
8 98
13 16
20 87
1 28
16 12
4 28
19 51
27 39
13 93
3 69
25 24
14 36
0 65
29 82
14 72
18 91
21 100
1 52
24 28
5 16
6 18
0 72
2 30
23 98
13 94
2 75
16 56
6 28
7 32
6 23
10 87
12 13
2 5
7 66
24 97
22 26
2 30
23 70
14 20
3 33
19 15
9 69
9 46
27 88
10 32
20 5
17 71
19 76
26 69
7 38
22 7
2 97
15 60
27 39
29 13
8 69
30 100
14 39
5 9
14 68
2 68
19 74
26 96
23 53
22 34
13 14
0 31
12 17
9 82
4 78
23 44
3 73
21 66
30 49
14 17
25 64
29 66
1 89
19 53
5 21
20 49
14 68
19 16
10 91
7 7
20 97
1 57
4 18
12 30
12 87
23 76
1 74
0 28
18 38
25 21
8 46
10 43
13 2
26 94
28 98
13 71
1 11
4 61
10 44
8 37
18 89
17 37
13 35
26 24
27 82
9 84
21 89
0 21
9 59
1 5
23 43
8 36
1 36
3 99
14 100
6 7
17 95
13 93
14 11
2 37
6 4
18 99
11 15
12 88
18 31
25 9
28 48
7 47
3 40
14 12
16 57
12 19
30 48
18 61
25 85
26 42
29 78
23 52
14 70
7 64
28 99
2 7
1 21
10 39
5 34
0 78
14 38
18 99
16 71
1 84
22 85
28 54
20 21
26 50
20 15
20 40
9 89
2 15
4 68
26 10
18 28
24 94
23 89
29 39
20 19
16 32
22 12
17 17
30 19
29 25
28 66
17 4
18 48
20 88
13 5
6 30
25 97
5 54
8 27
0 30
3 68
9 47
13 35
26 33
9 93
17 43
7 35
4 13
15 69
5 89
3 92
7 46
13 52
14 100
30 77
9 3
22 27
19 39
9 77
19 5
22 61
6 73
26 100
16 19
0 28
14 47
5 12
16 65
27 40
15 76
19 5
10 82
18 48
24 27
18 86
13 47
11 63
25 77
27 2
13 46
28 64
28 17
25 35
27 66
25 41
11 26
1 50
18 69
0 7
3 4
13 22
27 52
2 78
12 58
10 8
11 22
27 67
29 9
27 40
13 74
19 62
20 73
29 85
23 27
9 82
5 4
23 78
0 20
10 16
24 54
10 55
24 27
14 50
12 87
12 35
24 70
28 38
21 94
1 100
10 73
10 83
21 84
21 85
19 57
14 49
12 43
6 97
25 41
8 61
8 48
17 79
2 32
24 64
8 12
7 35
19 84
15 30
25 73
17 69
24 18
15 78
13 80
22 26
25 44
28 99
3 53
11 5
3 79
1 16
12 100
21 13
15 58
10 68
15 51
15 98
9 11
30 47
15 13
0 50
23 99
14 60
4 44
30 30
24 91
28 74
27 77
1 56
0 70
2 67
20 74
16 47
4 35
29 47
2 83
15 18
16 66
18 71
7 19
26 43
25 42
5 38
20 38
4 8
28 67
26 58
3 91
24 51
0 20
26 47
4 41
16 100
26 19
7 57
22 7
12 43
15 36
7 15
14 7
25 83
28 40
4 3
0 78
17 51
14 81
29 47
24 40
15 76
1 32
24 55
4 54
18 37
7 47
25 22
1 90
21 29
25 98
24 16
4 71
2 77
16 87
9 30
15 36
24 96
2 87
18 35
15 20
18 59
0 46
28 2
29 85
18 32
24 44
16 52
11 25
19 38
7 63
3 10
25 86
2 64
17 71
23 11
24 58
6 23
14 91
3 93
30 72
24 14
7 28
5 14
29 56
17 97
16 55
0 86
2 29
20 11
12 96
22 72
12 77
26 7
11 81
17 60
14 97
20 5
15 8
13 21
22 44
29 81
4 28
15 52
18 39
27 76
22 73
4 98
5 66
7 19
24 11
29 14
16 96
25 25
2 36
8 36
10 27
15 48
7 76
2 18
30 100
3 79
12 58
4 79
25 71
9 21
30 29
11 42
5 61
1 31
21 39
21 13
6 19
17 55
7 98
12 86
5 44
9 53
17 85
20 90
19 70
17 56
10 27
2 87
2 75
2 16
2 55
6 80
0 52
4 82
30 68
4 99
17 11
18 2
25 57
11 75
29 42
4 79
16 5
18 32
26 99
11 37
7 66
17 7
7 21
16 7
2 99
18 8
11 10
0 7
8 29
20 71
5 69
26 99
7 3
6 32
2 72
16 73
25 3
20 21
29 93
11 61
17 54
25 31
19 53
17 59
10 21
14 50
18 19
30 73
14 69
11 14
18 79
1 44
0 33
21 78
2 88
26 19
30 98
3 63
2 10
14 50
25 69
26 100
24 57
27 73
18 58
17 87
1 27
27 83
30 97
22 47
23 84
3 61
12 57
9 100
10 63
2 42
8 64
21 75
6 8
7 2
3 73
14 34
29 35
6 38
20 46
14 8
13 1
20 35
18 13
27 79
10 64
18 44
16 35
21 12
24 36
16 27
13 50
20 45
27 62
19 41
5 64
21 94
23 69
12 55
16 21
25 8
12 22
16 2
10 98
7 97
12 50
4 6
25 59
8 93
29 5
13 61
28 41
18 32
11 46
10 22
1 41
16 65
24 65
15 24
6 41
30 73
27 89
2 77
4 83
6 40
24 35
19 15
7 92
19 56
13 88
11 68
10 22
16 84
25 9
24 44
5 74
4 92
22 21
30 42
1 7
15 58
2 75
8 52
3 1
22 33
7 22
1 61
16 60
26 68
23 83
18 64
10 31
28 66
11 40
12 88
4 65
13 1
25 11
1 26
23 71
11 84
10 31
7 98
6 52
20 67
24 7
16 46
11 87
17 94
4 80
19 70
2 41
5 72
29 96
25 18
0 42
25 39
7 7
25 73
5 91
9 83
14 31
15 68
26 31
0 11
0 17
26 100
3 43
23 69
10 27
13 56
24 21
5 29
9 79
3 68
11 87
12 34
15 36
19 26
29 44
21 47
18 42
1 95
24 72
27 34
25 30
6 14
17 21
14 69
9 47
13 45
2 85
28 41
13 61
15 13
25 95
12 96
8 17
9 8
21 96
30 86
13 21
14 10
10 30
22 40
16 80
24 20
30 53
12 57
12 52
0 64
8 82
20 13
19 83
22 60
11 98
22 36
17 91
11 20
0 100
27 16
25 55
9 63
24 56
19 84
28 95
29 26
17 35
25 64
13 59
3 100
29 39
27 30
19 53
3 43
26 60
3 28
18 91
27 65
23 42
6 58
3 30
15 99
28 94
24 42
22 70
6 87
6 21
4 75
0 19
25 15
8 65
7 31
25 66
30 62
30 64
12 99
5 93
25 25
5 70
6 74
30 79
15 98
0 99
5 79
4 55
11 23
22 78
27 24
17 11
27 66
7 51
30 54
4 77
3 96
18 1
8 93
22 52
23 84
27 58
20 13
5 8
18 4
24 18
20 66
29 33
23 37
26 71
23 32
24 99
15 19
5 85
29 87
13 40
16 66
23 5
22 100
18 78
1 3
11 87
2 94
30 63
9 31
28 61
1 62
22 34
29 86
4 24
18 37
18 90
25 56
5 43
13 100
7 93
19 78
2 33
9 48
5 56
4 16
1 77
4 86
2 83
6 15
17 5
1 58
3 37
6 97
28 29
23 49
21 1
28 8
10 51
30 18
27 60
29 54
26 97
0 81
9 38
19 63
7 73
4 91
10 35
28 62
2 2
21 24
5 54
14 10
14 97
15 27
18 31
17 47
22 75
13 53
6 100
27 8
29 91
2 82
3 21
19 24
6 92
10 62
13 40
14 52
16 33
2 71
25 7
10 85
19 29
0 60
13 51
3 13
23 25
1 33
10 5
27 42
28 56
14 41
24 46
21 35
17 75
5 19
6 12
30 34
8 8
4 79
17 8
19 82
18 21
23 58
17 70
23 100
8 87
29 45
23 98
20 44
11 88
6 53
14 19
13 76
21 40
3 54
24 16
29 16
24 82
29 61
13 63
1 27
16 62
9 100
5 91
10 10
25 62
28 41
2 90
23 89
3 62
0 62
29 97
26 34
23 40
23 1
11 60
15 28
12 43
18 73
10 39
14 56
22 82
7 50
9 57
8 94
20 71
12 43
6 46
11 89
30 53
29 64
5 4
14 5
18 4
23 5
6 63
0 81
26 12
26 62
11 28
30 75
12 100
10 79
19 33
22 67
15 45
10 42
6 80
7 84
9 3
21 26
24 76
10 16
25 87
13 63
28 98
9 64
6 97
24 41
12 14
25 60
26 74
5 25
26 92
18 9
17 97
4 80
8 24
26 12
23 76
9 92
2 18
3 95
8 6
10 90
21 50
28 84
1 5
2 35
8 4
27 21
4 43
27 16
2 15
3 100
25 51
0 73
27 74
28 87
14 5
17 34
16 6
24 82
20 39
10 63
5 60
26 100
5 10
14 65
22 51
10 10
4 77
7 66
10 19
26 83
6 3
21 100
10 95
7 29
20 46
18 43
15 34
9 17
24 69
11 18
23 90
3 4
17 88
9 73
6 94
17 93
29 32
28 59
19 95
7 10
21 80
24 26
28 4
27 39
13 53
20 62
8 84
21 41
25 26
10 94
18 69
13 16
25 4
20 52
15 79
15 4
5 1
2 98
0 51
27 64
6 78
30 99
27 58
25 57
21 48
14 91
4 27
17 58
0 77
3 97
4 96
6 40
15 53
9 69
3 9
28 30
10 39
23 2
27 35
28 55
10 12
20 22
11 83
5 13
5 10
28 91
0 96
18 28
22 53
22 45
3 65
13 45
15 67
30 91
17 80
10 64
19 12
13 60
30 39
10 6
1 25
25 83
18 61
21 60
17 41
21 17
13 53
25 43
25 86
1 87
12 84
17 11
26 1
25 91
24 26
18 24
11 31
21 88
5 3
5 14
22 99
1 49
30 72
19 42
4 83
21 88
14 89
11 95
24 3
22 45
15 8
3 20
24 41
30 96
15 59
25 19
18 47
4 35
20 6
25 15
29 62
19 58
0 33
7 89
22 81
18 77
19 54
25 2
6 89
9 17
26 8
8 30
13 46
0 17
8 60
9 7
30 48
3 29
21 27
3 6
27 99
1 49
18 64
12 61
13 46
27 77
9 5
27 19
12 49
26 33
5 49
16 99
19 81
6 78
24 10
9 6
20 91
10 13
15 7
28 94
1 89
19 34
15 88
12 87
16 72
17 92
15 1
24 67
2 22
10 73
14 4
21 15
12 6
29 50
13 34
18 51
25 57
15 6
9 1
10 14
26 3
21 10
19 58
2 57
22 40
25 30
17 81
11 99
29 61
9 90
8 94
21 46
8 2
5 58
23 29
30 22
30 58
3 73
9 33
17 29
4 11
23 99
9 8
1 87
27 65
17 96
0 93
14 88
16 30
11 77
23 17
7 81
12 26
2 35
25 97
27 45
8 28
12 24
5 26
12 78
10 75
9 98
17 30
14 77
12 71
8 41
10 25
19 17
18 37
14 55
21 52
30 23
22 29
12 64
1 91
4 61
28 90
2 66
8 70
24 10
24 63
8 89
13 28
6 74
12 31
30 89
17 47
11 68
12 19
5 72
15 11
7 89
12 71
7 91
7 15
19 28
11 2
22 21
2 23
10 70
13 92
14 97
22 100
28 11
17 72
28 68
10 80
14 67
23 95
18 4
27 8
16 46
14 36
29 6
22 33
21 46
17 41
24 8
3 92
7 40
16 100
7 9
17 97
25 98
24 37
12 76
4 53
10 61
21 48
14 39
15 50
1 5
11 10
16 98
28 11
24 11
29 2
9 7
12 21
22 50
20 31
25 72
6 81
17 24
27 79
4 39
30 45
11 7
16 81
3 97
13 15
5 51
8 21
13 20
13 63
18 83
18 43
9 38
25 81
2 9
7 82
22 36
27 99
9 22
26 66
3 45
23 100
1 87
20 74
13 75
18 79
12 63
10 24
4 36
30 91
10 80
29 19
26 62
21 90
0 30
23 20
17 8
23 60
16 61
16 28
23 11
24 45
28 92
30 26
15 42
22 40
6 19
1 93
7 17
3 33
13 82
9 9
14 52
3 88
22 22
29 82
10 62
15 93
20 31
14 54
8 58
19 11
11 55
8 65
12 67
0 95
13 11
11 42
30 48
8 75
25 58
1 13
18 88
23 38
0 17
10 43
3 57
22 32
12 10
5 22
29 79
19 84
27 61
20 64
20 21
3 21
2 11
10 7
9 85
3 56
9 92
26 64
4 75
22 49
20 74
26 21
19 3
1 95
24 22
14 79
30 12
20 36
26 9
28 97
24 45
1 12
14 58
9 51
5 91
2 62
9 7
6 69
0 89
19 28
30 3
6 81
30 98
30 53
18 62
24 60
6 76
18 31
28 76
4 73
22 23
11 37
23 49
23 45
22 95
21 91
30 48
28 9
0 9
6 98
14 51
25 69
8 86
30 10
22 38
6 69
12 93
15 42
25 100
2 65
12 37
3 19
20 59
17 57
0 75
14 74
25 96
24 95
26 62
17 24
3 48
4 17
5 48
26 25
27 83
19 47
23 45
9 17
17 21
29 18
25 97
18 10
21 33
16 84
19 86
16 54
28 85
12 55
27 82
0 40
18 68
29 66
17 91
8 81
20 68
26 34
28 53
5 9
29 99
19 84
20 84
7 65
1 9
11 44
16 11
29 85
16 94
5 24
27 14
29 75
2 29
19 68
25 43
16 66
12 96
26 7
14 6
5 19
24 7
12 24
17 82
0 100
23 46
26 9
23 92
20 26
6 39
24 36
6 29
7 52
6 91
5 81
25 5
22 17
24 99
23 60
16 45
4 58
6 32
0 11
5 49
17 4
28 85
28 87
6 83
29 26
19 42
2 15
0 27
30 4
14 22
8 56
18 58
11 19
28 97
15 76
1 2
11 4
25 70
13 54
19 14
27 63
15 73
7 7
13 26
21 56
15 48
2 1
27 13
11 25
16 63
16 20
21 32
10 9
0 17
24 4
8 88
29 51
22 85
8 48
4 65
2 19
24 78
20 32
11 99
2 98
29 81
26 94
10 22
25 37
19 4
20 10
25 72
29 1
21 57
10 93
5 64
14 36
23 31
6 81
27 34
7 25
29 7
1 55
6 18
13 94
12 86
5 66
0 39
0 13
16 87
17 87
12 19
16 76
10 68
12 44
23 4
10 46
21 21
26 50
20 1
21 65
12 72
20 22
27 43
4 5
22 91
11 52
20 66
8 13
17 78
22 64
19 82
23 25
27 26
3 51
28 27
7 82
27 13
23 98
16 3
17 13
12 8
27 97
19 88
7 64
13 89
4 11
28 62
1 30
28 11
21 71
26 23
21 66
19 16
23 12
28 77
12 20
2 89
2 39
21 73
3 13
11 13
25 5
0 98
20 8
18 50
28 30
1 70
6 54
1 27
1 61
19 28
0 18
28 83
29 95
14 23
8 24
26 90
2 43
25 49
7 93
9 90
17 82
4 100
6 76
22 15
11 11
4 98
28 45
25 38
14 100
2 43
18 89
19 50
13 92
1 19
28 23
18 10
15 23
14 79
15 81
13 50
13 93
18 92
25 25
14 65
8 42
22 55
0 22
28 47
29 31
18 17
9 43
24 48
16 47
2 19
21 25
26 53
20 24
11 54
30 89
19 5
0 36
7 100
1 64
22 88
3 38
0 59
29 77
20 83
22 79
11 32
18 97
24 90
26 71
13 26
11 3
7 46
0 50
3 8
9 1
11 23
22 58
2 78
15 28
16 80
11 35
20 52
0 35
26 77
14 78
14 70
9 100
17 44
8 29
0 33
12 32
4 86
14 48
18 92
29 2
21 8
2 53
9 75
21 71
0 7
27 66
18 5
17 91
14 61
19 92
4 19
6 86
27 62
15 56
14 57
24 73
7 53
22 73
1 58
11 28
30 94
3 71
19 12
16 98
12 35
19 85
18 94
25 63
8 28
0 37
20 4
13 44
5 35
17 42
29 11
18 55
27 41
6 8
12 40
22 62
23 86
23 50
26 22
1 10
16 9
22 63
11 27
15 28
16 40
11 18
15 5
18 61
23 26
9 10
12 93
11 86
10 52
18 67
13 70
24 41
11 46
4 23
15 75
4 17
5 24
10 77
29 24
8 21
4 82
30 46
29 36
23 33
18 95
30 19
13 57
13 37
27 83
6 37
24 100
30 12
16 54
19 4
3 18
30 45
26 9
18 49
19 47
7 34
7 84
5 17
8 88
12 91
21 8
25 52
6 3
1 11
27 64
22 4
16 80
13 14
7 81
30 91
9 61
25 82
2 28
26 9
9 64
11 61
12 9
21 89
12 87
16 14
24 33
10 69
13 45
21 31
9 63
30 31
8 84
23 58
18 41
2 54
14 47
14 15
18 23
8 95
15 2
4 92
19 91
22 83
5 87
25 38
23 28
18 6
22 42
16 85
10 78
15 89
19 26
19 56
18 29
7 74
27 84
21 1
23 98
30 81
17 1
10 5
9 43
14 92
26 58
21 84
10 93
0 26
18 28
24 43
6 26
15 1
10 92
2 71
14 74
15 49
2 82
17 54
4 37
5 98
13 66
11 64
17 2
4 63
11 17
30 12
9 46
7 57
16 92
25 51
20 97
17 56
14 89
27 19
15 97
1 45
13 67
21 64
26 64
13 99
22 59
6 13
10 83
6 39
14 80
1 52
8 85
20 43
7 50
25 35
8 69
13 24
18 22
19 23
8 7
2 18
28 78
29 54
23 7
3 32
9 3
4 58
25 97
19 10
29 74
30 74
25 4
13 42
19 100
12 79
25 54
11 47
22 39
30 93
25 55
10 84
6 29
20 94
22 75
21 16
8 12
16 80
3 52
14 32
15 83
11 8
10 8
10 8
10 76
26 60
27 12
5 34
28 78
25 83
17 68
13 3
18 63
7 69
12 13
29 79
5 70
11 95
11 23
13 58
21 91
18 62
30 13
12 16
3 54
16 82
20 48
16 45
25 23
30 61
21 26
9 55
5 93
15 99
26 15
29 57
24 86
4 28
17 7
16 25
15 89
29 34
29 64
6 81
14 55
7 44
25 11
7 73
16 14
30 26
1 12
22 4
21 21
25 85
30 66
21 91
13 47
4 61
4 18
0 81
20 27
24 97
10 52
28 3
15 9
24 87
23 98
8 41
5 32
20 47
16 65
11 15
8 11
5 50
13 12
12 63
16 68
23 95
8 46
17 70
2 11
8 39
27 60
26 19
21 44
30 12
17 85
25 39
12 12
24 48
6 90
20 49
11 12
2 50
0 38
13 34
30 82
6 58
4 57
21 64
5 33
28 27
17 15
2 15
23 52
22 51
24 26
0 49
29 25
25 88
0 57
5 71
15 84
9 98
11 90
11 59
15 98
30 49
7 84
6 23
2 55
9 57
0 86
5 30
29 84
5 68
7 31
23 8
26 15
30 30
21 2
9 88
23 16
28 94
28 95
16 96
17 33
24 73
18 49
11 74
23 36
7 16
20 82
5 78
24 97
17 37
6 99
11 84
14 100
8 70
7 14
13 74
2 18
2 64
30 31
26 54
29 32
19 71
27 95
16 58
1 20
7 93
8 5
0 96
13 40
18 83
4 88
4 69
3 6
6 99
0 52
25 5
20 28
14 58
30 47
17 20
17 62
14 15
29 1
10 32
19 55
10 72
2 39
13 87
13 98
7 26
30 36
2 81
8 86
1 84
11 59
29 98
12 63
16 43
9 79
19 72
24 65
25 91
11 49
1 90
4 85
12 40
7 25
7 82
2 99
23 83
8 28
11 69
20 29
19 83
9 28
4 30
18 95
23 43
13 53
12 6
5 82
6 28
26 42
28 21
8 44
2 83
3 67
29 5
20 94
20 37
13 44
12 48
8 39
13 14
14 34
20 83
5 25
21 92
10 77
9 99
4 90
7 20
11 47
23 49
18 18
26 16
27 93
13 64
8 75
13 34
13 58
21 53
22 70
15 41
30 66
29 68
24 14
4 98
17 81
29 64
15 73
20 18
8 61
13 95
4 95
28 70
4 63
13 61
18 69
30 8
20 100
17 2
25 2
1 97
12 62
18 89
27 41
27 78
14 20
28 26
2 68
10 44
8 37
7 22
14 46
25 36
21 20
20 76
25 46
22 32
21 11
18 26
3 82
5 14
18 12
21 23
13 15
25 6
14 14
14 77
27 33
26 71
24 93
9 12
2 46
5 29
14 93
24 66
21 55
8 31
0 5
25 69
9 65
17 1
16 83
26 38
7 63
13 2
19 33
4 14
12 55
7 69
20 1
10 89
14 68
7 59
26 98
18 43
29 2
10 38
2 78
28 44
8 15
18 69
14 74
18 35
3 72
2 63
19 69
19 16
10 8
3 99
5 21
8 17
17 43
29 35
11 63
24 55
9 62
7 87
11 20
6 58
2 14
8 38
0 80
28 83
4 72
15 54
0 99
9 53
12 60
2 12
28 91
5 51
3 51
11 82
8 98
30 62
19 85
3 59
17 12
18 14
26 92
26 59
21 16
16 19
27 65
13 48
18 9
7 46
15 25
30 12
24 12
4 88
5 26
16 47
22 71
23 40
15 9
6 92
20 22
14 23
30 75
30 86
28 68
28 96
10 23
30 77
3 18
9 20
23 52
30 29
24 4
15 48
25 29
7 34
12 9
29 69
2 18
30 42
12 15
1 35
7 61
28 89
12 13
29 66
0 8
7 90
13 75
0 68
25 37
14 42
28 16
30 97
13 88
10 23
7 32
18 32
8 6
0 49
14 19
9 50
2 78
5 44
5 76
9 71
24 28
15 51
23 37
28 3
7 29
11 61
13 7
7 77
27 76
8 92
7 52
0 32
16 64
28 13
11 48
13 91
28 44
26 42
24 47
10 21
25 16
13 68
17 29
25 85
1 92
7 60
12 16
16 60
10 87
18 31
28 35
16 62
24 44
3 3
8 61
3 77
8 63
24 6
19 71
22 14
17 90
2 29
24 52
2 90
21 8
26 4
4 71
20 39
13 13
20 37
4 99
23 34
17 79
1 36
4 100
24 10
17 16
19 40
16 86
3 13
1 21
0 8
29 93
19 56
19 63
24 32
14 96
23 42
29 93
30 36
27 77
8 11
3 24
16 50
27 69
16 95
24 48
23 52
14 65
16 70
1 30
7 8
10 74
2 13
4 66
22 14
22 71
23 55
14 79
10 74
23 79
6 12
17 19
17 75
8 23
18 100
26 19
22 46
20 94
27 34
14 7
19 66
7 62
29 7
7 22
19 7
22 96
29 25
2 94
28 48
8 45
23 40
17 24
9 17
30 3
12 54
9 99
25 98
15 73
21 80
1 13
16 52
25 77
14 49
22 23
5 99
8 36
17 90
25 81
5 37
10 18
30 66
8 83
24 13
13 70
11 2
28 94
30 47
28 98
1 61
19 26
16 74
17 20
7 21
2 25
10 2
0 47
21 12
15 46
23 67
2 10
26 94
15 15
26 89
3 45
23 94
8 58
0 51
22 31
4 2
23 48
29 83
2 64
23 79
21 82
10 41
5 23
15 6
19 26
7 73
30 90
5 68
7 93
10 80
8 99
18 11
22 75
4 31
14 67
21 97
11 79
15 99
10 62
25 45
8 13
1 60
23 21
7 65
29 54
9 65
11 14
8 72
8 89
5 74
25 87
27 70
5 62
14 82
9 27
20 54
13 92
28 97
10 19
11 64
1 49
18 51
13 55
17 36
10 100
22 25
22 65
25 65
15 36
19 99
13 76
6 68
29 62
22 19
10 44
3 2
12 74
27 41
19 85
0 42
15 52
20 82
17 9
15 53
11 54
18 32
5 17
19 7
15 62
6 22
5 98
8 44
19 17
26 67
8 51
0 36
19 29
5 69
25 73
20 12
7 70
24 79
20 80
15 41
11 61
11 65
7 69
9 98
28 18
21 44
27 66
26 83
3 65
14 81
10 9
17 36
10 84
7 100
6 85
23 94
7 11
14 77
27 1
24 87
21 34
13 62
7 78
29 1
4 45
0 35
11 40
19 53
21 89
16 42
16 24
1 33
21 48
29 2
15 86
24 33
30 42
10 31
28 80
1 64
21 3
18 39
9 24
1 46
16 18
2 52
18 16
26 36
26 8
11 70
20 17
30 87
8 30
15 98
7 37
15 34
28 9
5 65
23 17
15 81
29 47
12 29
11 10
13 95
11 73
5 10
11 54
3 31
19 54
18 91
6 85
27 21
6 37
1 60
15 18
3 36
10 13
17 9
28 100
13 20
14 86
23 58
21 17
11 36
29 46
4 18
28 77
7 56
11 7
1 32
11 64
4 51
22 38
23 35
26 52
2 3
13 33
21 31
11 59
17 58
6 73
25 75
21 80
14 84
1 65
9 97
9 69
6 82
1 64
13 37
4 58
18 86
18 97
29 90
28 64
28 21
19 81
26 52
15 62
27 61
4 8
19 73
13 48
27 78
15 17
8 13
18 64
0 30
0 4
21 53
18 94
6 51
24 68
23 24
15 74
1 43
18 19
22 100
28 44
29 42
1 10
22 57
20 65
14 95
6 27
10 42
23 38
13 78
25 97
6 94
25 55
2 20
20 59
13 19
28 72
29 21
19 42
5 89
1 53
29 2
7 79
1 42
9 79
15 3
12 44
17 48
14 16
20 36
9 83
23 98
17 75
27 100
10 71
1 87
1 25
9 90
21 96
4 87
17 67
3 40
11 91
10 41
19 30
12 72
18 76
1 70
1 87
11 54
10 86
9 33
18 78
14 66
30 53
24 3
7 19
18 28
18 41
20 69
25 45
6 81
8 8
9 12
3 71
20 26
12 2
7 85
3 23
30 19
30 79
2 11
12 73
3 9
22 68
24 97
2 13
25 16
12 92
30 87
4 4
12 56
27 59
23 85
21 33
17 63
6 83
2 70
20 31
0 60
10 33
21 96
0 86
29 28
26 61
28 55
22 52
12 1
27 9
18 42
26 77
17 50
14 90
11 50
8 36
30 20
13 65
8 30
9 83
13 84
15 32
7 48
8 41
25 99
19 74
24 51
18 30
22 49
24 31
4 18
17 36
9 32
13 37
10 47
10 18
25 24
17 4
16 13
18 39
25 65
18 98
15 15
7 4
0 4
1 26
10 63
28 45
10 45
18 99
2 4
29 22
25 14
15 3
18 15
9 32
3 35
18 21
19 60
26 16
10 46
3 65
27 40
1 74
21 90
22 70
20 68
20 85
30 49
25 32
22 18
15 75
12 91
26 17
20 25
9 98
6 41
16 19
29 93
9 92
20 48
0 7
16 52
25 52
21 90
26 66
30 55
12 53
28 74
17 33
4 75
13 70
20 61
15 46
0 20
3 69
3 89
11 86
27 78
10 45
4 55
21 23
14 73
4 51
5 60
7 7
24 8
13 61
13 85
8 24
1 31
10 37
27 15
15 74
17 33
20 91
9 38
21 93
26 58
22 67
17 88
8 21
29 92
12 7
2 65
10 47
29 65
4 6
17 6
14 13
27 99
23 99
7 74
27 3
13 77
13 13
12 96
16 100
22 86
18 58
3 71
25 93
9 15
29 4
9 61
29 53
0 49
6 76
30 86
22 40
6 18
30 76
3 34
26 14
21 96
16 15
4 53
3 6
30 70
9 52
1 86
8 22
25 75
5 23
23 92
25 25
22 44
15 96
3 12
30 50
5 99
9 60
14 1
8 37
4 83
5 15
13 26
15 82
0 93
24 92
10 45
0 18
18 27
18 75
12 36
23 48
3 98
30 19
13 14
19 18
17 24
17 54
14 19
25 17
18 51
3 56
5 93
15 51
16 20
2 88
19 12
13 30
9 93
29 82
29 96
3 79
3 100
5 100
3 17
4 15
23 75
8 10
29 10
16 23
27 33
19 13
25 11
22 86
4 58
2 25
17 7
7 61
18 98
28 65
16 54
27 59
4 48
28 35
2 84
8 53
15 86
27 78
2 79
3 18
7 56
17 76
10 5
19 67
23 49
27 74
25 97
1 48
16 78
4 56
19 55
7 2
7 73
30 83
13 98
9 59
17 56
4 62
4 88
10 68
4 36
7 26
7 16
8 26
11 52
22 18
30 27
9 71
17 89
13 65
2 44
14 19
6 47
30 82
20 5
16 9
13 94
27 80
30 73
8 5
10 44
23 81
6 79
19 39
22 88
