100
3 7
13 27
18 94
5 70
29 33
21 88
16 29
26 73
12 75
13 97
16 49
1 26
3 97
26 27
18 64
22 26
20 60
27 67
3 24
4 70
27 100
5 96
27 100
22 66
22 1
28 12
18 25
20 57
3 14
29 78
11 27
28 68
0 29
10 69
23 28
20 86
15 50
25 96
16 43
18 57
27 92
23 73
18 25
6 15
8 51
22 31
28 14
2 77
11 46
4 18
20 89
19 14
26 44
5 48
11 8
26 21
19 42
2 17
3 1
18 29
14 36
8 2
19 72
19 77
28 6
17 60
0 43
16 22
15 25
4 19
3 54
2 77
26 79
13 49
16 76
7 75
29 98
19 9
26 49
23 4
1 93
27 71
4 23
15 13
12 5
3 16
1 1
23 63
0 66
21 13
8 50
4 73
22 22
7 36
26 10
21 10
2 37
22 43
29 31
2 97
23 19
27 1
22 71
19 50
4 49
10 90
18 71
16 82
12 40
14 80
4 42
19 22
22 84
8 38
30 33
30 82
24 26
13 23
7 73
17 69
5 3
25 11
30 59
1 79
25 96
30 66
14 76
18 31
15 57
10 85
17 14
27 8
21 77
2 88
12 5
28 46
6 67
14 27
9 85
12 3
5 71
18 80
13 59
27 24
8 4
18 40
22 65
28 100
4 1
18 21
18 38
18 92
13 38
3 72
9 86
16 47
2 46
6 21
26 1
12 61
22 59
18 64
3 93
8 51
3 82
14 35
22 2
20 97
2 94
28 47
4 65
16 32
0 21
24 8
23 45
21 97
29 95
16 31
17 91
29 94
30 36
2 96
29 28
22 10
20 82
20 83
6 26
18 31
3 89
6 8
7 6
21 78
7 93
16 85
7 90
11 7
15 16
21 48
21 76
27 34
29 57
14 55
14 33
24 92
8 78
9 84
3 37
19 42
0 91
15 41
12 72
18 14
23 89
26 46
26 40
12 76
26 3
18 21
3 12
28 34
13 6
9 97
13 88
1 97
22 95
29 50
22 56
13 56
27 31
4 51
15 8
10 19
10 40
17 80
0 49
16 5
12 68
6 79
21 47
11 14
14 29
25 57
8 46
4 46
15 59
21 36
6 49
4 42
8 24
18 70
30 11
6 66
13 60
21 9
0 32
29 8
11 39
29 22
22 95
1 78
1 31
25 10
16 91
9 29
20 70
9 20
7 73
18 33
14 97
22 8
22 63
6 76
5 16
23 41
4 94
28 96
24 17
5 64
20 29
16 5
8 6
2 60
25 84
24 24
25 52
1 5
10 90
27 3
7 79
21 98
6 47
11 59
0 79
8 13
16 15
30 19
13 5
20 57
4 39
24 65
19 68
10 67
28 39
11 25
24 49
26 26
29 98
17 55
20 26
15 69
20 32
1 52
8 95
28 43
7 42
14 45
14 77
18 40
24 14
15 7
26 70
18 31
7 45
22 79
14 91
1 87
29 4
22 76
21 65
27 29
20 37
1 41
0 60
12 37
9 24
24 38
4 78
16 14
23 5
2 26
9 100
27 77
21 92
22 71
7 39
6 78
2 76
5 78
5 6
11 58
12 87
16 57
18 62
0 75
24 71
26 29
5 35
14 86
12 22
4 22
29 91
14 89
30 64
24 69
6 63
14 36
19 2
30 39
3 45
21 69
1 87
13 33
4 47
22 44
17 63
19 16
6 91
7 55
15 82
30 18
7 26
24 64
23 46
22 36
30 97
6 88
10 9
17 90
11 89
11 61
21 32
10 52
17 71
3 66
16 14
13 53
3 42
8 49
28 29
4 49
0 95
27 88
6 51
17 63
8 43
0 59
19 14
12 79
1 42
6 78
12 84
13 2
29 39
13 69
1 44
18 41
2 7
21 41
2 78
14 60
7 69
30 1
10 48
30 31
6 66
25 54
0 53
4 42
15 34
7 66
10 70
0 94
20 70
19 44
1 6
11 68
13 77
16 35
24 75
29 31
1 27
22 6
23 23
2 50
18 97
18 73
6 60
3 52
26 42
26 59
8 38
13 28
16 52
8 24
13 84
14 34
9 30
22 73
8 72
30 52
30 73
0 55
7 33
4 63
2 75
6 41
4 32
11 89
15 85
10 18
28 45
23 48
9 12
4 42
30 3
4 98
13 86
0 74
24 7
21 64
22 79
17 22
24 99
22 65
4 44
26 60
7 79
22 36
22 91
3 50
28 24
17 34
16 11
21 12
20 23
20 8
11 24
15 14
30 94
10 79
12 65
21 76
15 97
3 29
30 15
5 72
7 5
16 25
17 30
6 8
17 4
29 62
1 96
10 63
11 66
7 29
14 53
6 63
6 99
2 3
19 93
26 61
12 47
5 31
26 17
30 90
13 10
26 86
17 47
13 66
15 7
1 51
30 67
1 43
11 19
9 38
9 65
1 49
27 76
2 31
5 25
19 34
14 34
1 7
20 59
24 66
24 50
13 6
21 43
16 100
24 85
11 28
8 73
13 28
30 48
16 100
28 26
17 75
27 87
14 96
20 45
10 5
14 99
2 93
7 21
26 3
26 99
17 19
16 42
10 21
8 28
4 51
9 54
25 12
21 94
8 36
21 44
4 34
27 74
2 49
1 87
7 45
6 72
2 19
24 31
9 81
1 44
25 73
9 87
28 1
26 78
18 73
25 68
7 77
4 48
26 98
14 66
6 7
27 76
28 99
11 28
13 91
10 7
20 76
21 81
9 78
2 19
22 15
12 31
25 100
4 48
2 100
27 16
22 43
8 69
22 46
12 40
27 80
3 10
17 92
6 55
19 54
1 22
8 90
13 98
4 41
9 95
7 32
29 72
29 2
15 83
12 41
29 97
13 83
13 54
11 12
13 76
12 20
8 45
7 60
5 82
1 23
12 91
4 44
5 34
4 76
27 30
11 8
5 90
3 97
6 74
15 29
22 18
20 88
29 83
9 56
1 22
7 32
19 82
6 37
3 21
26 77
21 18
21 92
15 53
30 88
20 18
14 4
21 49
20 5
24 55
26 1
23 64
5 1
14 81
29 18
13 17
17 92
11 33
17 6
13 68
22 55
6 96
12 3
20 14
6 6
10 20
30 29
19 98
2 71
28 1
16 80
3 31
12 79
29 17
22 71
6 18
2 7
11 34
30 38
30 10
4 88
16 73
5 21
10 73
11 77
7 22
26 27
10 76
19 12
12 16
30 87
13 41
22 59
6 10
11 57
21 83
7 85
20 43
20 17
29 1
0 100
17 7
0 28
30 41
19 45
6 51
9 39
20 15
5 19
23 23
18 78
20 2
7 72
8 99
6 2
0 88
4 7
25 87
27 44
3 51
28 24
29 72
24 6
18 55
21 51
3 95
2 41
14 63
18 96
17 27
26 21
24 19
13 33
20 76
12 66
26 30
5 31
24 55
28 75
26 80
5 1
30 90
29 99
19 97
14 44
2 58
18 59
11 95
12 85
25 10
13 66
21 94
23 28
1 54
13 35
20 5
25 76
29 8
20 26
13 21
19 3
24 60
14 33
23 21
19 24
22 83
21 70
7 98
12 30
12 62
29 49
5 13
12 9
4 72
0 31
7 58
14 23
12 28
6 83
20 52
25 51
20 66
11 40
1 84
6 51
29 81
7 74
10 30
15 62
1 57
2 53
15 35
3 44
13 49
7 38
2 90
14 90
1 81
7 13
1 17
2 3
16 95
22 64
6 63
5 3
14 83
16 98
3 33
26 98
30 70
0 76
22 70
22 59
6 11
28 20
11 98
9 17
14 55
28 7
3 14
2 94
17 59
19 13
1 59
24 89
4 41
18 90
30 85
16 80
30 54
12 13
2 67
7 6
28 15
23 91
12 60
4 76
9 80
29 18
21 96
13 89
25 81
28 25
27 73
18 18
10 73
18 68
9 46
0 63
24 37
17 23
4 64
10 44
11 65
27 8
28 58
23 96
16 32
29 22
29 8
6 25
26 73
11 63
10 83
26 95
3 88
27 73
2 66
17 45
1 80
6 11
17 16
20 57
15 67
19 41
2 88
5 19
16 93
21 41
24 31
2 75
16 83
27 92
27 26
25 30
20 42
5 65
18 5
3 68
14 14
27 62
13 14
21 37
19 88
21 54
17 34
17 77
22 58
8 59
4 16
8 18
21 43
19 28
15 47
15 23
25 36
20 26
2 38
0 77
25 14
19 41
14 49
5 99
14 85
22 25
24 72
15 12
2 76
25 59
24 45
4 18
12 45
14 61
5 36
29 39
25 44
21 23
14 39
15 43
9 7
9 5
0 29
27 42
2 86
6 37
25 29
30 68
30 2
15 19
21 13
19 29
22 60
22 54
9 86
13 34
17 65
13 60
11 94
18 52
26 16
13 91
10 37
3 18
16 69
13 48
29 22
28 95
6 15
10 69
19 14
20 52
22 20
29 45
19 88
2 32
21 98
25 32
4 17
30 93
20 86
29 38
14 88
21 37
19 28
22 84
15 58
8 69
15 58
12 9
30 50
29 51
19 68
12 92
7 61
3 66
30 40
6 46
8 74
1 99
15 35
24 94
27 67
30 22
25 29
10 45
5 64
30 96
4 83
16 74
9 65
3 63
25 29
29 55
3 36
0 25
3 98
8 28
28 45
26 93
9 19
5 64
30 27
0 31
13 59
27 38
24 83
29 55
8 64
10 67
12 96
30 40
26 86
24 67
20 24
29 8
18 28
16 96
17 97
22 43
2 73
2 60
21 90
24 72
24 60
7 100
9 24
27 11
9 80
6 83
12 29
5 1
27 34
16 20
11 53
13 34
25 65
11 18
19 44
11 84
15 26
7 90
11 65
4 63
22 15
13 67
11 61
19 73
0 70
8 3
19 28
15 28
15 7
24 46
30 63
24 47
21 6
6 73
27 11
16 73
8 26
2 5
1 31
12 57
12 36
12 95
15 14
26 61
25 76
30 27
15 86
24 80
30 32
2 52
8 73
9 4
21 3
23 19
16 95
10 74
6 7
12 14
11 50
29 24
5 53
26 77
20 43
17 9
9 95
12 82
18 30
19 84
26 31
4 43
15 25
26 93
16 78
2 25
17 48
29 61
0 77
28 68
9 16
19 44
2 68
27 58
29 24
13 9
9 13
29 42
17 42
29 85
1 23
4 56
9 64
3 56
20 78
22 81
26 48
7 93
28 56
17 63
13 93
18 73
23 92
4 80
7 43
6 74
24 44
14 54
6 72
2 86
4 15
30 17
1 48
25 82
10 69
13 86
14 37
1 5
30 35
3 30
4 54
22 21
28 51
20 64
25 54
25 62
2 22
4 26
13 48
26 73
21 14
20 1
15 67
29 88
17 80
30 39
16 36
23 26
17 85
30 100
10 24
12 18
4 23
10 30
27 20
2 11
9 74
19 83
27 52
28 4
7 60
18 84
19 23
14 88
14 74
23 65
4 74
3 87
26 43
11 32
6 45
9 95
13 41
26 47
2 22
8 73
16 76
13 42
29 20
24 49
8 53
11 4
20 22
19 49
15 63
7 7
30 82
0 34
8 84
28 48
11 73
24 46
3 1
21 98
20 13
3 27
1 42
0 96
22 49
17 16
28 79
5 15
17 34
11 39
27 14
18 6
22 85
3 27
11 90
24 31
25 87
16 11
5 76
24 93
4 74
7 53
3 59
26 93
15 97
16 20
19 33
25 89
29 6
29 10
29 88
27 56
22 10
16 58
14 88
28 60
20 57
0 16
5 36
0 41
26 24
9 7
15 54
6 69
11 58
2 22
20 82
1 42
16 14
21 85
14 85
12 51
10 10
18 44
6 64
24 96
28 100
17 63
24 82
1 89
7 19
25 21
8 50
29 25
25 39
7 9
4 92
20 44
10 6
15 86
26 5
20 78
17 74
30 87
14 56
20 58
21 24
25 38
26 67
27 68
21 56
25 33
29 51
4 92
29 12
21 42
26 96
28 52
0 80
16 56
27 49
8 60
13 75
13 30
9 80
11 61
5 91
11 60
7 75
15 14
0 8
17 43
10 6
28 22
23 88
1 88
1 91
4 8
22 70
0 19
17 66
5 89
4 64
21 78
0 76
26 17
21 39
28 29
16 37
27 70
20 64
28 44
23 37
10 99
15 60
18 41
10 54
6 33
2 16
5 93
23 83
4 94
0 51
15 2
30 81
14 72
9 39
11 54
2 42
29 18
11 49
30 25
1 34
2 14
2 30
8 38
29 39
4 65
2 24
20 34
20 60
8 84
30 88
14 40
13 70
23 6
24 89
2 2
26 4
30 63
11 83
8 68
29 59
15 10
7 40
29 43
0 30
18 52
3 30
18 53
7 72
29 41
7 77
8 74
7 50
29 75
1 13
24 74
25 20
26 94
22 54
25 35
8 56
21 73
17 45
30 47
27 70
1 90
16 82
3 44
5 87
4 52
6 87
22 86
25 74
9 86
9 56
12 3
2 85
26 85
27 8
2 27
9 26
18 26
24 73
11 31
9 44
12 82
5 80
27 80
19 43
17 40
4 24
16 89
7 77
27 94
5 79
3 61
7 54
23 94
14 76
3 1
30 26
2 4
18 74
19 84
25 98
3 18
12 75
27 96
2 82
7 99
12 100
10 47
25 38
18 56
12 85
8 15
1 42
17 57
19 47
14 24
24 29
26 93
0 32
12 10
10 73
8 93
11 58
23 50
30 21
10 34
2 65
13 13
2 63
19 86
20 26
25 95
21 42
11 59
22 55
18 9
28 65
9 9
26 88
20 32
23 49
18 38
30 79
26 65
23 62
1 14
2 85
17 55
24 15
18 46
1 9
5 68
7 26
3 39
18 33
15 98
8 44
5 39
3 80
8 41
24 29
22 59
13 94
22 52
0 64
17 62
23 77
16 4
1 47
4 20
7 76
8 51
27 69
7 22
25 79
13 72
25 6
24 14
9 95
29 49
22 8
12 70
29 59
11 1
8 43
3 13
30 49
21 21
6 95
25 60
4 38
7 7
3 93
23 76
19 45
12 80
24 61
24 31
16 5
4 27
10 58
14 52
28 35
17 25
1 38
21 99
25 35
0 65
6 90
28 52
6 90
24 14
21 64
17 82
29 31
8 14
24 58
29 85
28 65
18 7
0 96
25 19
18 44
17 100
15 50
13 33
3 71
18 77
27 63
29 39
7 77
25 87
5 13
8 79
18 51
2 69
12 40
29 56
24 99
10 55
3 99
5 2
11 70
3 18
13 69
19 98
30 71
14 90
21 65
19 16
27 42
26 14
4 82
20 70
29 80
14 35
2 55
2 43
5 62
11 61
19 59
14 79
16 100
23 96
23 40
30 54
17 26
14 27
22 31
30 97
3 74
27 65
14 58
26 77
8 54
27 63
20 77
22 65
28 69
12 55
10 32
8 22
23 70
15 40
26 68
22 90
21 31
8 80
3 58
6 33
18 29
4 18
8 58
0 41
3 52
14 74
17 30
28 3
23 15
8 74
2 4
7 13
5 41
21 61
12 16
8 87
14 98
15 87
29 75
30 81
18 19
4 67
14 45
3 52
24 14
7 37
16 51
2 71
21 39
10 36
25 6
23 43
9 83
25 92
18 13
3 79
5 66
27 27
13 43
14 92
22 79
3 99
22 96
1 53
28 52
18 75
6 4
13 56
12 61
28 9
21 78
22 84
29 89
18 16
8 68
28 12
26 20
11 86
9 36
27 70
25 14
7 49
9 69
22 2
22 6
14 35
17 70
27 96
24 66
1 34
6 86
6 21
15 16
29 30
27 86
1 67
13 99
3 5
24 79
0 21
8 90
23 49
26 35
20 15
7 76
7 25
17 19
10 63
27 13
15 23
12 32
19 43
22 2
1 70
10 46
9 27
20 66
10 53
0 15
28 35
5 66
6 76
8 78
24 7
14 54
16 8
7 28
2 91
25 23
7 74
6 86
3 69
2 82
16 47
4 62
29 45
17 99
0 65
27 78
2 94
18 26
14 54
4 31
17 52
4 44
24 67
18 64
11 2
11 90
21 26
0 34
21 65
26 24
30 92
9 83
7 37
8 82
15 60
7 60
0 39
17 40
1 82
1 11
17 9
25 65
29 28
18 4
29 66
3 64
8 66
6 60
8 13
29 61
6 15
28 33
7 82
24 38
16 57
25 56
26 57
26 52
21 77
4 73
7 35
28 25
30 1
11 60
16 38
10 74
27 38
17 97
3 93
26 19
12 1
2 1
5 15
22 38
17 17
9 74
26 78
8 54
16 72
2 67
27 53
5 83
13 7
1 18
9 16
19 11
12 60
11 65
11 66
0 93
18 95
1 90
11 100
17 57
20 56
22 4
2 77
14 13
12 16
19 83
4 22
28 77
15 66
10 93
19 81
9 6
0 27
28 76
23 59
7 57
19 24
20 64
7 38
5 59
22 43
3 51
19 71
12 50
13 84
30 2
7 26
13 55
0 81
0 38
17 18
6 11
26 88
29 88
1 90
28 12
19 27
15 94
21 15
24 96
0 72
11 28
20 86
27 88
30 45
14 18
14 25
21 46
15 7
10 99
1 86
15 24
19 56
8 45
4 68
20 98
11 73
2 76
4 32
11 28
5 12
22 72
21 20
4 10
21 17
13 31
18 13
11 81
19 36
27 3
20 7
17 67
23 99
22 95
10 68
4 36
16 67
28 14
5 71
4 66
7 64
6 91
16 24
23 24
19 86
6 99
12 3
27 56
10 25
7 82
3 8
7 85
17 12
11 73
24 40
12 2
25 87
11 30
11 98
17 89
24 85
21 91
10 35
4 1
14 42
21 55
29 46
18 26
20 62
26 3
11 6
17 2
4 28
19 51
6 75
20 17
17 6
30 31
25 98
29 22
10 80
13 15
23 75
18 38
2 22
1 68
29 31
7 100
13 52
13 50
28 24
13 93
23 28
9 82
27 97
6 60
2 68
20 22
12 73
7 27
10 42
13 91
2 91
10 81
27 9
2 97
7 84
4 64
17 6
28 11
24 84
17 59
8 16
24 90
27 51
13 37
22 74
0 33
25 35
15 63
4 15
17 42
30 45
8 16
1 50
8 18
17 13
12 63
27 55
30 62
11 96
16 72
19 47
15 1
16 57
19 4
12 29
15 31
24 44
18 8
1 7
2 54
30 58
27 89
0 25
17 49
28 4
5 40
8 5
23 74
11 1
9 46
11 98
12 81
29 86
1 54
25 11
0 8
5 14
29 52
8 51
20 30
12 72
19 9
8 66
23 65
3 58
14 71
20 54
23 96
16 56
9 8
30 32
22 96
11 6
0 39
29 36
1 24
3 40
15 44
16 76
1 43
29 91
19 41
10 82
30 66
14 5
17 65
29 78
5 61
5 61
23 21
11 72
18 50
16 22
9 8
13 64
23 68
9 34
0 54
13 55
19 81
24 72
22 9
14 8
17 14
17 16
30 40
18 19
9 66
15 93
20 50
25 52
4 60
4 36
23 10
14 42
21 38
9 52
9 86
3 72
7 94
2 98
16 65
18 17
23 81
13 33
6 75
22 100
16 30
2 55
28 77
2 58
22 19
9 44
17 92
10 74
10 51
4 32
4 3
11 93
7 90
26 40
19 25
13 87
11 45
1 44
30 96
3 96
2 78
12 15
24 47
29 49
23 46
26 27
22 91
14 39
22 36
7 94
19 98
22 50
11 89
26 49
16 17
15 42
7 1
10 59
28 6
2 95
5 14
26 95
28 67
1 90
2 62
10 25
20 90
5 37
0 16
19 5
13 60
25 58
0 86
15 88
21 5
8 89
2 51
4 64
18 73
12 4
17 95
20 70
21 20
25 16
3 6
3 27
25 89
8 65
14 94
30 37
12 25
29 89
14 64
19 41
12 42
25 39
28 5
0 87
17 79
23 54
4 21
17 87
4 19
3 37
25 18
18 84
9 76
16 30
15 73
22 3
16 39
5 28
26 35
6 90
7 59
19 77
12 73
22 83
27 75
13 56
11 26
14 94
29 46
6 70
9 43
19 9
21 35
23 23
23 54
18 8
16 33
11 83
14 45
8 28
9 2
25 76
11 55
20 34
16 54
24 32
0 75
0 15
3 14
24 7
5 53
0 98
20 28
0 55
28 44
0 9
15 78
11 37
21 58
11 80
19 78
3 50
29 40
0 26
24 23
29 78
27 6
20 11
16 100
4 14
3 40
25 69
15 82
4 93
27 19
5 40
25 20
29 44
9 93
27 9
15 60
23 52
6 12
30 50
2 69
15 17
7 4
10 28
20 76
21 90
11 22
29 53
30 17
9 10
20 22
16 55
0 82
12 46
14 9
28 88
0 64
11 66
6 50
12 53
15 99
29 50
14 20
21 27
0 96
23 56
0 71
12 54
13 71
30 20
25 97
20 37
27 61
3 32
26 46
19 89
15 43
21 56
21 91
24 43
20 59
29 83
14 1
20 17
7 54
12 11
8 40
26 6
7 81
28 22
18 16
18 22
10 54
14 31
23 69
6 7
24 94
13 2
16 39
11 74
22 52
30 17
17 100
22 53
24 64
30 58
22 90
2 39
0 82
15 46
30 59
26 21
15 31
1 85
29 16
19 95
15 92
7 68
26 70
4 44
14 69
7 41
16 54
23 38
17 85
26 43
24 90
3 33
12 75
20 95
15 17
30 33
3 3
9 74
15 42
2 22
17 51
4 95
5 8
2 24
17 17
21 62
16 96
28 99
6 50
12 68
20 56
0 34
15 33
24 84
13 63
9 54
5 85
28 1
1 14
28 100
27 40
6 87
3 91
23 96
3 25
11 97
29 48
13 97
15 88
30 2
28 77
22 31
30 6
18 29
8 70
6 42
22 66
23 35
18 23
4 37
7 32
18 70
27 30
27 56
12 27
6 100
5 68
23 33
24 8
5 28
29 77
25 62
30 83
19 17
13 6
26 69
5 1
19 25
0 42
15 31
15 33
2 77
11 58
4 24
24 94
17 13
12 89
24 82
0 44
28 78
27 97
18 87
11 78
30 15
13 15
22 89
18 79
18 74
12 44
17 98
13 12
27 53
10 62
21 35
23 33
25 73
13 14
9 81
5 100
11 85
12 47
19 76
18 64
12 12
7 55
10 4
21 73
5 64
7 28
27 74
14 53
28 4
9 15
17 66
6 66
8 40
1 99
20 71
1 53
9 35
15 67
23 26
22 8
29 96
27 86
5 53
11 50
7 51
23 78
25 74
18 1
0 94
7 21
28 44
26 18
4 7
28 9
29 100
28 83
4 18
14 67
9 34
8 94
11 98
21 4
30 48
8 23
21 11
19 12
7 56
22 87
17 92
14 51
6 81
5 72
14 38
21 23
11 97
20 42
27 29
0 63
20 78
25 61
16 2
5 13
3 87
18 98
13 96
28 88
15 89
0 17
16 58
0 96
11 75
22 65
28 7
21 79
11 4
16 55
28 70
9 20
15 11
2 39
13 77
14 55
14 42
10 11
29 47
23 83
0 15
16 91
8 86
23 40
18 9
5 56
20 40
26 87
3 91
14 53
28 38
16 8
24 26
8 85
26 60
18 41
25 20
8 22
2 92
10 35
15 50
8 62
6 18
13 60
21 29
22 88
21 93
15 21
5 23
30 13
3 66
20 74
25 10
28 22
13 89
29 88
16 62
2 90
11 1
25 28
30 22
3 37
1 94
7 33
29 49
13 73
28 11
10 22
2 30
11 70
14 10
22 81
1 28
17 30
2 54
11 61
25 10
3 63
29 99
19 93
26 12
14 73
8 26
26 64
1 64
24 98
16 33
8 53
28 64
22 33
29 1
25 47
21 86
1 98
6 84
25 35
0 80
18 2
25 95
30 62
27 4
2 58
6 62
26 51
17 92
11 82
27 93
7 37
3 61
10 92
12 51
11 6
9 97
1 76
25 43
23 98
11 6
16 70
0 36
25 1
17 16
9 49
3 79
11 4
28 49
6 79
28 77
28 71
5 53
15 93
16 72
10 26
19 47
7 13
14 75
30 88
28 20
21 45
14 17
21 69
14 14
11 98
6 66
14 84
19 44
29 12
27 94
20 14
28 16
17 28
30 89
13 82
23 56
18 6
25 41
17 96
28 95
10 66
8 7
3 6
3 61
18 97
18 52
21 1
27 61
0 74
16 23
18 62
8 87
28 12
7 100
29 40
15 18
4 94
23 28
27 16
23 23
21 83
11 28
17 49
7 96
24 26
4 50
21 59
22 14
27 1
14 26
1 96
20 15
4 93
26 99
6 21
13 23
4 62
24 89
11 20
9 21
29 99
12 10
22 76
10 84
10 11
7 74
26 27
10 81
25 89
2 39
16 4
20 83
8 84
15 43
11 97
21 23
12 32
6 90
22 82
13 77
11 100
17 79
21 84
11 89
7 51
22 82
18 98
10 57
23 36
30 41
3 93
6 30
30 36
19 99
17 52
9 33
17 30
0 50
1 86
2 96
16 35
23 98
21 23
27 48
14 66
18 49
6 48
7 7
16 38
18 28
13 64
6 30
16 2
9 27
22 4
19 74
17 84
7 67
23 89
15 30
5 79
16 33
12 12
4 79
18 96
21 27
3 36
4 65
26 7
19 85
30 53
3 66
1 47
24 58
22 17
22 89
25 46
8 59
7 44
1 44
6 75
19 26
21 81
24 62
29 86
19 52
15 5
29 78
26 93
24 29
23 64
30 47
16 24
20 76
30 62
3 30
24 92
15 80
2 39
3 38
24 41
11 5
17 90
12 85
10 45
12 40
23 18
5 48
14 29
19 65
24 9
8 6
11 82
6 81
29 99
24 50
9 69
11 67
17 75
7 61
1 81
24 77
14 9
26 13
14 59
23 99
2 49
8 16
21 4
14 95
15 84
23 17
28 2
12 58
28 96
20 78
19 60
25 2
18 54
20 5
11 42
27 75
11 99
5 2
29 99
9 99
17 36
16 77
28 33
1 55
23 63
6 76
8 61
14 84
4 95
9 25
22 54
3 48
23 10
24 4
14 98
19 83
28 17
18 25
2 68
9 34
23 56
11 15
12 18
12 79
27 41
17 60
4 2
17 51
7 61
25 38
4 10
13 24
12 42
13 7
30 46
3 69
28 67
3 22
16 25
7 91
16 15
18 50
25 96
22 58
25 44
26 82
22 95
25 100
1 64
4 72
27 95
20 4
3 5
19 35
17 16
4 97
28 28
28 9
3 83
30 69
8 69
13 33
5 69
5 46
4 19
30 53
14 5
25 16
9 46
7 45
24 48
15 40
29 53
14 53
2 84
22 94
30 50
17 52
20 58
14 88
15 12
18 47
14 83
16 100
23 73
8 67
21 73
7 88
28 75
28 4
6 53
14 1
15 13
11 17
17 32
28 66
4 67
4 94
27 82
18 60
8 43
29 87
28 21
3 41
3 25
0 2
30 54
11 58
4 78
27 30
13 19
26 56
3 99
20 78
16 34
8 37
14 79
25 31
8 90
26 9
24 48
27 18
16 42
2 38
22 73
27 78
25 59
12 36
28 26
4 42
9 34
29 49
7 25
0 42
14 14
12 56
12 23
25 59
23 27
5 37
11 47
8 86
27 96
16 26
23 92
13 70
26 76
27 53
27 72
25 100
27 73
29 86
12 92
0 72
2 6
4 65
19 1
23 8
13 49
27 78
11 30
30 43
13 75
26 39
2 42
30 14
23 66
13 57
3 100
30 6
23 48
5 91
25 63
28 41
2 68
14 12
2 70
24 44
11 93
6 82
0 73
24 37
6 84
2 75
18 61
11 62
21 81
1 28
6 68
29 23
6 7
17 59
26 19
1 96
6 31
5 76
20 66
2 32
13 10
2 29
27 5
26 87
0 37
5 77
7 36
15 18
0 19
4 79
9 51
13 10
29 65
6 14
27 55
21 64
23 48
16 48
18 73
19 5
23 9
18 80
22 74
29 23
25 32
1 88
5 27
1 71
0 87
30 4
18 9
16 21
1 67
21 36
8 80
22 5
2 66
10 39
28 96
23 80
19 80
4 28
5 17
17 61
29 87
16 14
7 53
19 74
8 80
28 21
11 36
2 50
6 2
25 44
29 25
10 2
2 10
12 27
23 81
23 90
26 38
2 74
5 66
26 90
9 13
3 12
12 33
26 51
11 41
20 36
27 26
28 75
0 38
16 76
19 21
21 31
17 97
10 2
17 15
25 12
22 7
27 29
3 76
6 39
29 57
26 48
8 50
6 4
8 67
20 81
19 100
24 31
5 96
9 38
17 70
19 38
2 87
8 39
18 81
14 32
21 51
1 61
10 62
28 11
3 88
1 23
7 38
3 18
8 80
24 67
6 20
6 32
30 14
30 4
5 64
21 62
11 22
14 80
18 82
29 34
7 40
30 88
18 1
15 44
10 24
3 87
2 99
6 77
17 88
23 31
20 79
6 52
29 71
22 82
11 71
17 7
0 52
6 40
7 39
2 85
6 26
24 56
11 32
29 3
25 9
20 14
10 86
14 66
4 28
2 17
15 47
4 5
1 71
14 44
23 66
24 20
4 91
3 84
30 87
28 82
4 83
1 48
1 97
1 29
26 98
23 63
13 48
9 100
19 18
3 25
13 81
12 81
30 83
17 39
16 70
19 56
5 68
28 65
10 70
6 82
6 58
5 54
14 85
1 11
2 38
23 25
0 58
11 51
21 91
17 15
2 64
26 7
22 65
3 12
4 11
27 14
24 13
29 81
15 22
10 29
6 61
29 37
26 88
2 67
8 6
9 95
29 85
6 7
11 14
17 90
5 34
7 62
20 100
26 92
30 98
2 94
20 97
19 46
2 79
2 53
11 60
11 28
21 15
11 76
11 40
1 51
25 29
30 90
20 83
21 52
14 26
4 4
3 88
0 2
13 1
6 8
30 58
0 78
12 87
26 87
27 94
17 87
28 88
7 71
21 43
12 27
20 51
12 51
7 53
6 66
2 7
17 40
27 74
23 57
26 15
21 56
10 21
1 95
2 38
15 18
28 86
6 75
0 96
2 3
24 57
6 97
3 10
23 73
30 93
1 17
25 71
23 94
28 25
0 3
13 22
30 27
26 39
27 57
23 4
10 53
8 75
2 66
10 67
27 26
1 76
7 33
23 50
13 63
27 83
23 83
20 69
10 40
17 13
28 58
19 82
29 61
5 54
8 94
7 14
18 16
12 95
27 12
4 72
2 96
11 93
10 76
18 93
2 65
15 27
19 19
24 93
11 44
16 67
2 76
11 29
17 11
23 61
9 89
27 95
13 34
8 11
6 100
4 49
30 32
1 16
3 44
3 15
18 5
1 64
13 88
24 78
25 76
30 93
21 69
28 25
16 17
29 89
6 59
16 9
18 69
27 76
22 62
22 79
2 76
30 80
13 39
23 12
1 78
8 31
13 6
19 6
16 47
19 22
12 5
3 3
25 20
8 92
13 78
13 23
27 69
8 57
18 81
10 98
12 92
25 19
6 79
11 92
27 58
13 48
26 49
9 27
18 98
7 87
11 55
21 92
3 82
15 37
1 80
30 48
16 82
11 41
20 12
0 96
8 22
29 79
9 95
3 94
13 25
15 67
2 45
17 24
14 58
25 56
0 30
5 42
29 68
20 97
26 33
10 23
28 35
13 90
9 43
15 7
12 65
5 42
8 16
16 40
10 92
12 53
4 71
25 41
28 21
20 10
6 94
12 79
10 15
2 43
22 69
11 72
5 75
17 81
7 21
1 54
20 15
23 96
1 94
20 57
0 84
20 27
9 18
12 52
24 76
5 29
29 90
1 76
11 50
20 6
14 70
2 17
27 32
10 76
25 15
3 99
17 11
25 86
3 11
20 51
3 64
14 31
10 45
7 47
18 9
19 3
0 67
12 37
16 15
0 52
26 98
3 66
17 33
0 3
10 40
12 30
14 92
2 50
6 72
1 5
18 65
6 10
13 96
20 97
22 92
12 19
2 62
9 93
4 55
1 45
20 56
10 56
13 59
16 11
20 72
25 18
18 8
13 22
20 24
19 97
27 8
28 79
25 83
22 11
26 40
10 88
14 50
28 93
9 96
11 96
30 91
20 86
1 45
23 13
29 31
1 51
19 91
17 70
21 1
28 95
14 24
19 22
13 77
22 89
9 12
15 34
10 100
7 76
21 9
20 70
30 79
30 41
18 35
25 88
8 38
19 31
7 9
7 64
22 56
17 31
7 92
16 77
3 85
22 74
7 66
2 47
13 76
27 86
20 30
17 81
19 63
8 13
15 71
27 26
1 74
14 57
22 61
7 84
23 80
3 41
27 19
6 27
23 71
11 43
18 29
14 83
25 55
6 64
4 96
18 76
20 65
6 16
0 72
10 77
3 59
5 76
11 44
22 43
1 98
16 88
6 86
28 32
25 35
21 65
8 30
13 80
2 31
24 60
6 72
8 73
18 65
19 92
24 5
5 17
19 20
12 64
21 28
14 64
19 31
13 6
27 94
2 2
4 94
11 24
29 70
27 19
21 11
19 99
25 4
5 69
0 15
11 9
22 24
12 39
0 83
14 38
9 86
3 64
6 71
28 29
12 85
24 28
27 81
16 95
10 40
25 49
0 81
20 27
24 74
27 46
3 36
20 25
30 45
7 88
12 77
3 44
23 96
29 50
24 33
1 99
29 77
17 72
6 6
26 25
0 4
30 81
13 68
10 40
5 9
26 11
24 96
5 10
9 24
1 46
26 90
27 38
13 26
26 42
15 3
7 84
5 35
7 10
24 72
16 61
8 73
5 46
14 48
28 99
7 80
1 79
13 46
26 79
22 52
28 80
10 33
8 30
23 7
24 98
24 54
21 53
24 57
13 48
21 33
7 80
15 82
21 25
3 28
22 47
0 60
23 93
22 63
4 13
16 49
15 79
25 47
28 95
17 22
10 9
1 36
0 35
28 100
25 97
15 22
19 10
25 15
23 94
2 41
11 99
30 46
29 86
27 43
5 44
25 10
1 47
29 76
27 62
5 49
21 16
19 20
4 81
13 91
12 70
18 72
9 94
25 81
9 59
27 65
22 51
6 84
2 21
6 82
29 5
26 28
23 64
30 96
26 20
8 86
19 26
15 14
1 42
18 91
7 65
13 80
26 38
0 30
24 29
26 83
9 56
8 100
12 72
14 30
17 80
20 58
23 56
0 9
15 99
4 35
13 36
19 61
25 51
21 21
19 70
23 52
3 83
29 50
16 74
3 72
9 11
5 100
20 21
7 57
14 83
20 27
15 23
8 25
23 82
10 35
10 94
6 91
19 10
24 15
2 27
19 68
12 43
4 77
28 97
22 91
23 48
12 85
7 55
26 66
5 100
5 63
15 34
16 36
10 86
26 85
26 22
4 52
29 70
12 32
23 38
17 3
17 95
8 66
15 2
28 63
10 50
15 20
2 28
9 63
11 98
15 38
13 57
17 10
0 5
1 63
5 53
19 92
25 94
30 82
28 57
22 83
25 66
20 5
25 88
6 35
13 70
19 57
1 76
15 52
16 64
1 42
1 83
29 52
19 3
16 77
0 13
12 88
19 35
25 16
0 53
30 16
2 53
4 1
10 11
2 45
9 16
25 75
10 32
26 39
22 19
24 9
8 87
1 92
29 48
23 26
18 57
22 97
29 10
28 38
22 4
7 84
21 72
28 55
14 9
25 70
7 96
3 45
29 74
28 40
13 60
30 70
25 41
6 35
6 89
14 93
19 31
0 55
30 78
6 33
2 78
21 6
20 54
16 97
25 45
25 80
8 84
26 33
20 83
30 95
24 19
24 66
3 87
10 64
30 68
19 46
12 2
30 50
28 86
14 1
5 65
9 98
18 13
30 5
5 29
30 11
15 96
8 4
12 1
26 15
16 84
30 27
24 58
18 55
29 45
26 91
3 70
0 36
6 1
7 79
24 27
16 40
13 44
29 14
5 17
2 90
21 69
18 57
19 53
23 11
30 62
2 92
10 33
23 97
1 37
29 6
28 9
29 27
16 71
7 75
20 33
3 62
14 9
4 47
28 5
29 13
26 56
27 30
26 26
20 54
7 27
22 78
28 82
30 41
1 56
19 8
23 5
16 17
25 60
30 64
6 45
30 32
18 48
10 55
18 83
23 65
17 9
4 31
19 18
4 83
25 96
18 45
24 39
5 62
17 21
20 24
4 82
8 7
20 59
26 12
21 70
12 34
8 78
27 34
20 32
25 72
11 21
4 81
8 13
25 22
24 17
18 35
22 5
17 5
29 98
24 51
27 86
16 62
12 21
3 65
1 93
10 37
25 44
3 25
15 72
16 11
4 69
30 29
18 13
13 75
9 72
21 31
16 42
9 12
27 35
11 62
17 64
23 84
19 56
14 75
12 9
2 22
17 40
23 87
4 59
27 92
23 85
17 41
14 63
14 90
7 95
25 66
10 78
4 27
1 91
12 66
22 30
5 73
20 68
9 96
27 64
27 64
25 54
13 73
22 2
18 44
5 61
29 85
28 60
29 64
15 76
20 46
24 61
3 33
15 78
0 87
0 25
13 68
0 49
13 68
0 57
1 88
10 16
9 61
27 29
20 21
22 40
0 51
20 6
22 92
26 29
4 51
28 12
30 59
4 16
17 88
17 26
19 64
27 30
17 74
26 94
19 25
21 82
9 69
20 14
4 87
29 5
26 19
27 70
8 16
6 62
11 40
23 45
29 3
20 77
12 92
29 76
7 37
2 93
17 52
13 87
1 36
20 63
20 94
26 27
22 69
7 56
1 27
12 26
7 87
29 52
3 44
1 50
1 43
19 61
0 28
7 41
8 38
7 43
17 38
24 1
5 75
24 92
15 20
11 43
13 3
4 36
3 62
28 35
0 90
15 26
19 42
14 54
12 59
6 74
3 70
24 26
25 60
25 91
11 75
22 54
22 84
24 51
12 63
19 81
24 63
24 18
23 21
6 18
29 84
8 52
1 49
22 85
8 31
7 53
13 77
6 95
10 92
16 20
21 38
25 29
30 5
14 61
0 54
30 70
27 47
12 38
13 77
24 92
16 31
19 67
27 64
9 81
5 88
28 44
15 73
4 68
6 91
3 5
17 18
20 12
3 75
25 32
12 10
15 49
25 4
22 4
1 3
1 84
30 57
29 60
25 16
29 7
15 5
20 97
7 52
24 5
28 48
5 67
28 64
25 74
8 48
0 83
11 94
28 77
24 67
5 4
29 48
28 45
6 42
12 61
0 9
0 14
23 3
14 88
25 43
2 62
21 42
5 78
23 79
28 80
15 44
2 54
27 28
15 63
2 9
15 30
26 15
11 97
1 75
9 57
23 43
20 100
28 57
3 90
13 1
13 51
19 79
12 65
16 53
17 82
0 9
30 35
21 55
6 98
18 64
4 66
25 30
23 48
14 5
13 64
17 40
5 56
7 19
15 43
4 78
15 65
13 87
29 64
5 51
4 83
3 67
14 85
23 74
17 12
12 44
9 23
20 25
5 46
7 93
6 86
21 25
0 34
16 54
20 71
21 81
18 82
6 31
7 58
14 96
27 13
29 20
21 6
26 43
12 75
8 16
21 36
0 91
11 25
0 86
23 44
9 65
2 4
10 59
6 23
5 34
3 23
27 50
23 42
21 9
4 59
13 6
5 52
25 87
28 13
30 56
23 73
0 10
9 70
6 62
17 68
12 70
10 56
21 42
11 82
7 61
12 25
21 83
3 70
1 99
19 67
4 25
6 33
21 10
14 84
16 37
10 68
17 73
0 66
4 39
28 9
26 11
0 46
23 54
30 77
0 46
23 89
17 5
27 98
14 80
6 45
24 52
20 97
25 73
1 89
16 71
28 92
1 77
16 37
22 18
25 53
27 21
14 34
22 95
2 36
17 5
13 8
13 83
22 74
23 85
2 19
28 25
0 3
29 54
9 95
6 75
30 89
5 27
12 53
19 23
25 56
12 11
24 16
3 71
20 45
1 44
28 65
4 16
22 51
12 72
9 7
8 66
30 11
13 14
30 42
3 75
16 91
6 16
2 97
25 32
8 19
2 26
29 47
12 48
8 33
23 77
0 89
30 19
23 50
14 66
27 21
19 24
20 54
11 82
20 52
12 35
1 31
24 33
11 55
8 17
28 33
14 26
6 65
11 96
12 23
22 66
17 15
28 43
26 93
0 61
19 3
15 85
24 33
23 80
11 53
18 3
23 57
1 11
0 34
19 85
9 99
29 43
6 19
0 95
12 17
25 29
29 50
29 79
24 85
21 30
15 91
11 87
1 20
19 55
22 49
14 20
27 35
11 9
2 20
21 63
23 79
8 43
5 90
16 88
11 58
4 70
20 75
27 81
29 14
17 36
16 100
22 80
4 82
10 23
1 80
23 34
29 95
21 74
22 91
21 78
22 48
0 28
16 83
23 95
7 52
3 33
8 80
29 33
25 72
9 52
29 21
5 99
1 78
1 66
6 57
10 20
20 22
17 73
17 3
18 53
27 78
8 6
5 22
20 24
30 84
4 84
8 50
0 5
3 32
19 13
24 22
9 45
27 38
26 38
16 50
9 50
21 4
10 63
11 21
3 40
2 16
14 33
9 23
23 13
11 85
4 71
6 41
29 67
4 97
1 50
4 19
8 22
25 58
11 61
14 9
10 67
10 33
7 55
29 76
15 66
29 31
28 71
3 13
20 65
25 3
3 7
9 75
15 91
21 70
16 54
15 98
18 86
26 21
11 10
12 73
2 68
11 35
25 9
29 80
26 16
19 47
26 5
22 90
2 62
17 83
19 21
1 73
25 59
30 31
21 44
30 61
22 68
22 87
30 62
16 13
18 18
13 13
15 46
2 25
11 26
23 41
6 24
20 35
24 59
4 54
13 99
4 72
21 50
23 72
8 13
7 99
11 33
15 5
13 1
30 95
15 84
10 53
2 57
15 59
30 33
12 79
15 4
5 72
16 24
27 82
1 27
29 30
16 6
6 22
14 14
13 66
2 20
7 64
5 42
23 48
21 33
26 89
29 39
28 54
19 96
2 69
23 99
24 86
22 48
27 51
18 79
24 29
30 54
11 40
28 46
25 37
4 98
28 88
6 81
22 35
3 57
22 21
9 72
11 59
24 80
2 48
13 8
16 56
13 51
23 89
9 27
18 12
30 33
1 40
25 63
29 14
26 75
12 8
13 62
16 48
29 32
19 24
0 58
20 58
29 35
17 94
5 70
30 37
30 27
0 21
1 60
13 55
21 85
4 55
5 11
17 48
30 30
15 9
1 62
20 50
14 21
25 41
15 88
26 64
6 16
17 25
13 28
8 59
3 27
27 97
4 56
6 16
13 18
1 32
7 81
23 1
27 59
3 85
24 75
13 21
2 10
30 22
0 98
9 43
20 90
30 4
7 53
7 63
17 29
4 35
12 18
20 77
22 94
27 24
11 24
24 82
1 33
20 27
0 53
18 41
17 68
11 75
29 13
16 69
29 33
27 15
17 76
15 82
26 64
13 11
5 94
26 18
20 61
1 86
18 64
24 18
5 13
6 46
5 77
10 93
2 80
18 14
13 95
19 31
21 69
28 51
28 16
27 96
17 1
1 23
19 81
27 26
22 4
27 53
7 23
3 48
23 98
8 34
19 3
28 27
23 61
14 72
10 81
13 15
18 22
23 14
29 1
30 16
14 52
29 21
26 39
12 27
10 78
5 86
30 98
2 71
7 82
17 41
25 88
25 77
30 43
0 92
0 78
30 78
1 23
29 94
11 2
2 10
27 47
6 23
4 17
8 80
26 71
5 100
23 9
17 47
3 11
2 81
21 86
6 23
17 94
22 99
28 49
23 81
9 39
15 78
9 3
15 67
29 53
25 78
4 98
8 73
16 70
4 14
12 94
22 63
13 51
26 19
10 12
29 47
1 26
19 34
27 45
10 25
4 24
15 24
28 26
25 54
9 60
22 40
15 52
12 62
10 67
17 11
28 88
30 48
11 62
24 50
7 24
27 4
5 15
10 13
23 52
5 20
12 89
23 97
0 5
22 92
25 54
14 25
16 59
9 43
10 29
13 48
8 44
2 67
0 30
6 89
8 56
3 42
2 27
3 9
28 96
18 39
1 88
13 78
19 64
9 67
4 38
13 22
23 43
6 15
1 21
2 23
2 54
20 40
24 57
23 83
13 66
29 89
1 85
2 61
6 5
12 50
12 65
20 70
7 100
11 54
9 100
28 58
10 54
19 43
17 74
10 37
23 36
28 35
5 77
8 74
25 58
9 31
24 10
25 94
18 72
18 93
7 78
26 82
8 84
29 16
19 69
21 46
3 76
9 43
4 38
5 1
15 90
19 37
14 89
14 36
16 83
10 46
16 20
25 58
13 84
17 87
8 54
3 25
27 52
4 16
5 14
29 46
1 44
30 37
9 74
18 23
10 40
12 18
27 89
22 6
21 43
5 46
16 60
15 2
10 46
5 2
4 79
13 14
5 89
11 50
24 93
23 24
6 94
14 88
28 73
7 78
18 11
21 1
18 14
1 54
3 4
18 1
4 43
17 59
29 61
11 10
21 100
15 89
12 95
25 19
15 93
25 23
29 14
2 55
22 32
12 51
28 19
20 10
15 65
29 2
11 55
25 39
14 84
18 25
21 99
1 60
11 91
6 21
17 47
23 61
20 58
14 19
25 65
2 18
17 90
10 32
28 4
4 44
17 15
3 35
4 69
26 99
8 70
7 41
29 31
20 1
8 55
23 16
22 10
25 29
0 64
2 96
2 37
17 45
3 28
9 47
29 14
27 64
8 27
25 58
13 80
21 32
6 43
5 37
9 50
22 76
1 35
4 38
20 6
8 16
7 16
30 30
1 57
3 9
15 84
30 87
30 20
7 5
23 97
17 71
18 73
21 57
22 26
14 47
24 46
15 11
8 95
18 52
10 2
28 3
19 95
5 92
18 51
7 72
30 37
18 26
8 61
6 81
13 6
1 8
23 13
28 40
16 56
22 35
28 19
28 56
12 33
5 13
20 13
10 82
21 72
20 96
17 48
30 33
22 75
12 62
27 94
28 29
10 56
21 2
6 27
27 24
29 60
8 55
28 84
9 36
18 51
0 21
25 30
27 15
8 53
28 42
17 17
22 19
8 60
9 39
17 1
25 73
1 70
20 56
10 33
20 24
25 51
6 19
13 77
12 6
22 52
0 16
8 42
28 59
2 99
15 30
2 1
16 67
12 62
5 82
21 58
9 34
11 92
6 76
23 16
4 43
15 83
28 44
20 66
27 63
3 44
3 83
22 29
30 43
13 7
5 8
27 19
28 33
18 2
3 6
17 46
16 51
4 23
17 11
11 97
0 32
28 68
23 44
24 49
22 63
15 31
11 75
21 73
25 22
21 19
22 27
0 66
0 12
23 24
6 83
9 61
17 45
26 7
28 1
14 53
25 72
13 30
11 25
29 43
5 65
14 25
24 21
26 4
27 19
19 42
18 18
24 98
16 45
16 90
2 41
29 15
14 80
12 65
14 74
15 14
20 66
29 84
16 17
12 41
30 89
20 17
20 11
7 11
21 98
16 72
9 37
22 44
19 6
24 44
2 28
7 84
3 42
20 41
0 89
18 7
6 80
9 23
10 91
5 37
12 38
26 91
2 25
2 69
12 14
27 99
18 29
5 83
9 46
19 69
2 95
3 90
27 18
1 15
20 39
30 71
5 58
27 48
15 49
30 59
6 22
14 42
3 13
27 40
19 21
8 21
15 22
14 76
4 71
3 75
4 76
7 70
23 98
12 32
23 53
12 54
20 4
26 69
18 61
24 48
25 94
19 15
18 41
9 76
19 64
27 91
25 41
5 36
19 38
15 13
6 2
3 37
22 69
16 30
22 39
26 61
29 94
8 7
29 76
6 42
15 37
24 38
11 11
4 74
19 91
0 66
19 97
2 53
27 60
30 71
30 29
28 100
2 73
7 5
21 97
23 13
0 72
28 81
28 99
0 92
1 63
12 7
25 30
4 65
24 5
14 42
30 74
5 74
15 99
2 2
4 93
1 86
0 12
19 42
26 35
3 22
9 69
28 18
17 100
3 33
9 82
30 72
3 83
14 46
1 65
6 76
14 25
23 7
19 67
26 55
17 26
0 3
4 25
19 8
27 67
19 20
11 36
30 51
4 22
8 36
20 87
25 45
6 30
23 53
7 39
13 18
1 13
6 44
5 34
4 62
19 12
5 22
14 48
30 97
7 46
26 83
22 57
26 81
22 60
10 72
17 81
23 33
24 44
24 80
28 35
19 68
23 57
16 100
0 76
6 97
11 54
16 50
21 94
18 63
26 91
2 91
24 46
30 29
0 53
16 9
20 9
18 18
19 55
16 55
1 91
17 7
29 14
7 55
10 56
0 80
3 70
14 57
26 92
26 67
1 78
26 67
22 24
21 85
8 72
12 57
13 64
27 96
21 89
27 20
27 86
22 52
15 19
12 96
25 69
7 92
14 44
12 25
29 91
16 94
1 95
11 20
9 69
9 78
26 53
14 11
25 75
13 18
26 19
14 68
19 58
13 53
4 80
30 61
16 22
22 66
6 3
24 69
0 1
18 68
13 80
21 97
24 23
30 82
10 18
9 92
3 93
20 10
16 48
13 45
3 23
10 90
4 64
14 2
17 14
16 72
26 14
27 86
16 5
6 58
22 90
20 64
9 57
6 86
28 20
20 77
13 50
19 88
7 80
2 36
0 88
22 35
17 83
4 86
21 18
25 26
25 70
23 87
23 31
12 15
12 89
13 95
25 45
29 26
28 77
17 73
15 1
12 67
6 83
23 32
8 31
5 18
9 53
0 51
24 45
14 60
7 49
14 35
13 42
15 80
17 19
27 43
3 45
20 6
12 20
22 72
17 49
12 99
29 62
16 58
14 45
14 68
20 6
11 90
9 59
2 44
12 38
24 50
20 15
18 37
22 63
25 60
17 76
7 21
1 10
28 13
29 85
0 65
20 53
10 73
21 1
19 45
27 82
16 42
13 42
26 28
18 40
7 63
16 46
29 27
14 29
14 23
28 52
21 66
23 29
27 87
18 81
26 96
16 61
11 83
13 12
15 69
1 47
3 41
21 83
12 86
29 11
21 43
29 96
30 68
5 29
12 45
14 58
2 10
28 43
25 46
4 34
12 24
21 27
28 3
22 78
19 98
17 26
3 96
11 33
12 33
2 43
0 38
19 61
21 80
17 13
0 67
14 57
22 18
5 58
30 26
26 15
10 47
25 79
11 49
20 74
26 31
24 71
1 66
1 73
13 54
1 21
0 19
8 98
15 15
29 22
0 53
21 48
23 19
5 67
19 95
16 6
12 45
0 64
17 34
9 43
17 37
17 58
25 50
24 84
5 8
15 35
11 7
10 65
14 50
20 16
21 44
19 67
9 68
19 27
20 82
29 68
1 28
21 92
26 18
19 94
30 1
27 66
13 22
29 80
21 53
30 90
15 12
29 68
3 52
18 50
3 41
27 70
3 16
10 85
3 10
29 72
11 28
30 62
13 26
10 87
29 21
0 4
8 66
8 12
22 46
15 56
9 27
8 34
15 73
27 57
12 68
2 66
13 77
6 93
22 56
24 64
11 9
9 23
1 27
4 68
27 41
26 49
15 60
13 58
4 74
7 5
8 69
28 47
25 69
24 41
29 67
10 47
7 3
1 59
0 72
4 50
27 31
12 49
26 55
8 79
29 15
5 35
14 67
22 35
22 89
21 39
18 49
13 52
18 29
14 79
2 78
12 78
11 86
5 34
12 57
3 99
11 97
28 59
6 1
12 97
6 54
7 10
16 65
24 12
16 25
28 70
24 49
12 48
8 44
6 24
20 24
8 31
16 54
27 43
17 97
13 25
11 4
11 85
15 39
4 12
15 10
5 8
10 83
24 37
23 48
26 53
6 42
6 26
16 32
15 44
17 20
14 1
25 26
5 53
7 47
14 74
25 73
24 53
17 47
1 82
16 2
16 74
16 95
28 38
2 61
3 43
19 90
24 100
5 66
3 25
23 3
19 54
22 55
11 8
17 88
24 76
19 88
4 48
20 91
21 7
21 10
8 63
17 31
25 14
5 3
25 99
17 64
1 76
7 87
5 5
20 81
7 81
5 80
10 22
21 15
2 97
20 82
24 76
19 43
25 26
19 76
18 61
12 28
9 65
26 37
2 68
16 55
0 29
3 31
17 52
4 51
27 52
16 78
29 99
7 24
17 9
19 4
3 26
16 40
9 61
11 35
13 43
17 39
17 52
13 37
27 74
24 43
14 45
5 58
10 14
30 95
11 50
24 52
23 38
19 59
8 82
18 28
1 67
16 5
17 1
6 53
25 57
18 83
21 100
22 96
16 43
26 11
30 17
28 31
14 47
7 72
22 64
10 25
21 70
10 53
8 13
15 46
13 90
28 20
23 38
6 51
27 45
12 90
8 83
20 98
11 4
3 46
1 32
24 38
4 87
27 79
24 59
7 9
11 63
23 74
3 98
10 37
13 99
25 5
11 42
10 57
24 61
19 75
29 12
21 97
15 93
12 35
14 6
2 30
7 60
26 81
24 80
17 10
4 81
23 31
4 87
6 76
18 79
27 96
29 16
14 66
4 25
17 76
29 10
6 19
9 87
20 58
22 32
26 40
14 47
5 2
23 76
13 93
26 5
2 42
9 82
21 64
1 96
7 97
12 39
30 85
22 41
30 40
2 47
22 4
12 70
18 78
6 7
20 74
19 42
30 82
12 59
4 41
29 37
0 98
15 93
12 10
19 80
11 85
1 60
27 64
2 55
1 27
22 48
9 4
10 94
9 22
6 69
27 39
5 19
18 78
5 98
0 30
12 23
10 20
21 98
5 54
10 26
19 31
30 62
20 7
3 73
10 25
5 84
14 5
29 34
8 50
28 7
20 81
2 72
30 89
26 63
13 12
24 11
29 93
2 29
20 16
6 34
19 84
22 67
6 4
28 11
30 69
21 46
11 7
29 7
5 58
28 88
28 99
17 86
29 15
10 73
15 96
19 83
3 13
5 4
16 92
2 3
0 18
14 86
0 30
15 22
8 71
7 31
0 69
8 85
29 25
22 61
19 56
16 91
13 50
7 24
7 69
18 77
27 17
17 52
11 7
4 25
8 73
2 95
4 71
3 64
20 41
30 66
2 85
17 50
12 91
8 7
2 32
28 68
15 73
30 95
7 74
17 45
24 93
6 71
28 93
6 47
24 61
21 88
21 60
4 19
7 43
25 42
17 1
30 39
13 33
2 38
12 41
13 1
5 72
12 24
19 80
2 77
14 86
10 69
3 45
27 10
29 12
25 8
5 2
3 12
3 6
15 74
2 28
5 88
5 6
11 56
17 36
15 1
9 88
0 86
30 51
2 4
24 43
13 97
18 33
27 20
12 77
22 48
27 6
22 45
11 41
20 100
6 31
29 25
9 90
3 28
4 42
4 55
20 5
25 23
18 56
30 92
11 58
14 48
9 47
13 74
7 29
15 46
27 23
5 43
1 46
21 100
19 57
5 82
5 23
6 100
10 61
0 18
27 10
12 66
16 64
0 42
1 72
16 6
2 45
13 6
7 88
1 6
2 31
29 86
3 52
30 9
25 1
14 67
12 35
9 32
11 27
3 4
16 11
5 39
3 17
3 8
4 10
0 10
16 27
14 6
8 38
7 89
1 39
20 76
13 36
14 20
28 60
18 67
7 12
3 84
28 61
17 80
6 36
14 83
20 85
5 12
25 24
5 38
19 27
18 70
9 33
7 34
4 38
5 45
26 38
23 55
27 85
9 96
28 52
5 46
4 63
3 28
26 38
25 1
18 77
8 26
23 71
5 57
29 23
23 55
0 35
30 50
29 35
22 69
15 33
0 62
3 84
23 7
21 72
6 33
23 23
12 41
13 14
9 1
29 54
22 82
20 90
6 11
11 41
27 39
7 39
3 74
26 47
29 89
22 5
13 25
15 25
4 59
24 30
8 31
13 58
16 35
1 9
4 7
21 59
27 16
20 49
27 76
13 22
17 90
29 100
2 50
17 15
6 13
15 14
4 60
17 36
9 12
30 37
12 57
29 82
1 35
19 41
13 37
12 66
24 6
30 52
3 1
2 17
1 20
27 26
2 91
10 48
7 58
22 14
23 85
0 20
23 30
7 42
15 19
9 25
17 16
13 35
6 46
25 99
17 2
24 15
2 23
17 27
22 61
7 44
27 7
4 96
24 94
10 92
4 25
25 4
16 91
25 98
17 44
14 64
12 79
4 10
3 52
16 23
29 92
9 73
16 38
10 2
3 1
15 76
19 96
13 16
4 23
13 15
20 4
30 7
28 99
20 24
6 21
22 54
26 59
25 40
15 79
5 19
13 73
9 83
26 71
18 75
11 54
25 42
12 46
23 77
15 42
26 100
25 50
8 97
15 70
8 79
22 72
27 96
8 39
16 4
16 73
17 58
17 67
3 55
5 21
20 17
29 82
2 46
20 82
6 4
19 24
26 75
11 28
17 26
9 76
6 70
4 79
13 70
1 77
27 91
2 69
25 39
19 88
30 23
28 50
21 60
0 97
10 8
5 15
15 59
19 97
8 90
15 67
16 28
24 10
25 21
13 39
19 6
9 21
29 90
2 65
14 88
21 15
2 31
26 100
25 69
5 81
19 94
14 72
16 50
22 11
11 53
23 81
1 18
15 77
8 25
11 7
3 59
19 85
22 74
29 82
14 45
8 95
12 38
4 59
15 83
25 95
17 38
19 34
29 71
13 33
10 15
29 68
6 21
11 55
28 3
29 89
19 58
27 45
9 40
5 89
8 26
10 76
8 65
16 27
1 75
28 69
21 65
9 46
4 59
29 9
20 17
10 47
26 75
15 94
17 21
26 87
18 65
22 18
2 65
17 23
25 8
16 1
3 83
11 41
6 27
30 82
30 92
13 88
13 63
21 85
11 49
19 94
5 50
6 87
12 79
16 10
1 61
24 35
19 32
21 1
15 39
17 27
19 15
16 69
30 56
15 27
4 71
17 79
23 42
24 74
7 77
26 91
8 32
9 14
18 84
14 20
12 85
19 17
13 53
8 78
3 80
18 60
26 5
0 56
22 11
6 82
12 77
27 56
17 63
15 53
2 47
24 53
17 25
9 23
25 3
8 19
20 7
24 76
25 42
26 38
22 48
28 8
13 86
29 72
17 37
3 4
18 73
15 40
30 44
27 67
12 19
18 44
3 23
23 56
26 22
8 66
17 99
20 14
3 2
16 87
19 31
4 20
2 71
16 74
13 97
8 77
25 33
28 31
7 1
3 61
14 88
3 60
16 49
9 76
23 90
3 15
18 36
26 29
7 95
19 7
4 74
27 78
24 11
11 10
10 82
29 94
21 51
13 44
6 72
7 43
4 65
10 2
16 96
20 54
6 87
6 61
5 21
30 29
7 58
13 44
4 67
27 21
24 25
0 73
26 12
27 74
1 7
6 2
21 98
17 97
12 19
8 52
26 4
2 83
28 75
0 50
9 73
26 99
25 6
5 27
4 48
17 46
22 63
19 20
19 59
26 39
7 62
22 54
16 33
5 11
20 79
23 23
4 95
9 96
5 64
29 49
17 71
28 40
6 91
25 73
19 17
1 67
24 81
11 51
9 31
7 86
3 57
30 75
28 75
24 78
20 66
15 68
14 41
0 19
12 76
15 53
4 56
25 85
22 58
4 99
11 54
18 19
18 2
23 79
27 40
6 13
24 54
18 96
8 51
18 17
10 13
14 32
10 64
3 84
6 91
13 100
19 40
11 75
21 40
17 32
16 28
11 78
21 34
11 76
26 17
29 20
19 2
30 98
4 24
3 15
26 68
7 53
28 4
11 5
19 27
8 36
16 4
17 81
0 4
23 26
7 35
13 46
6 21
2 57
26 58
28 50
21 92
20 21
5 38
28 97
26 100
7 68
9 94
26 36
12 21
30 70
18 62
29 24
13 2
22 87
13 83
9 52
2 82
7 99
3 4
22 53
6 80
17 9
17 68
22 29
0 40
16 23
15 70
21 36
11 91
18 33
10 44
20 38
14 78
22 76
6 27
3 64
1 95
15 89
7 86
21 41
8 38
3 17
27 29
22 99
26 18
9 90
6 69
6 40
24 83
12 70
5 85
23 11
2 5
17 4
9 57
30 11
3 73
21 84
29 88
7 92
8 36
7 83
8 98
4 2
15 76
24 92
24 100
6 66
9 80
29 51
3 54
21 86
1 53
4 85
20 91
24 81
29 92
13 62
5 10
8 1
3 39
1 21
29 50
11 10
22 25
3 86
6 62
20 37
22 34
10 87
15 46
7 99
2 70
18 68
8 86
29 63
9 30
12 49
22 32
22 18
21 36
25 100
28 24
14 92
19 29
30 6
24 13
25 45
1 57
11 34
21 10
23 4
4 94
14 64
14 29
4 60
0 9
17 75
18 11
0 15
15 12
3 21
2 90
29 32
28 15
4 75
21 32
22 10
6 84
4 29
18 86
19 98
15 65
12 55
29 75
6 17
20 12
24 83
23 27
16 1
23 73
28 80
4 98
9 63
1 27
7 33
20 9
14 3
4 95
25 30
2 51
21 28
21 85
6 97
30 50
18 84
26 57
5 46
17 95
7 98
10 84
28 85
29 24
4 44
29 71
30 60
12 4
6 22
8 44
22 69
28 63
28 33
4 73
15 11
11 26
2 35
24 80
20 38
6 82
10 84
23 13
30 58
26 23
4 26
24 7
15 95
5 97
17 87
22 48
18 16
23 54
16 13
12 47
22 28
14 71
8 91
20 53
0 61
17 71
12 10
14 68
8 44
12 93
4 58
17 26
1 46
29 4
5 66
21 37
0 57
29 5
25 55
9 15
1 81
17 6
22 28
0 51
1 83
19 50
0 95
24 28
12 89
4 58
17 53
13 17
15 57
4 27
23 54
11 94
13 82
5 39
16 15
29 41
1 11
19 77
1 45
21 35
13 96
23 71
12 10
17 56
28 1
6 89
13 83
17 71
22 29
25 48
0 17
19 3
16 39
1 34
29 79
20 68
4 50
11 79
30 79
21 19
25 55
4 14
6 30
22 10
27 65
0 10
0 86
9 30
3 33
23 27
14 78
2 48
7 41
12 68
10 18
15 100
29 74
1 88
8 2
27 78
26 24
26 92
9 59
9 10
30 7
2 62
28 72
19 25
23 32
25 74
15 87
15 87
7 2
19 80
7 23
19 18
15 84
5 63
1 30
16 75
20 69
8 84
7 97
24 97
17 95
14 45
24 62
30 25
11 90
28 54
8 8
15 12
10 52
9 25
15 69
7 52
6 70
21 41
9 77
23 77
9 59
13 12
30 76
21 85
15 33
16 69
6 15
26 77
6 20
15 84
14 51
10 68
0 97
7 45
6 36
23 20
14 60
9 66
20 10
22 23
12 3
7 24
11 99
26 80
16 16
5 98
22 31
24 35
0 71
9 20
1 32
28 60
30 55
17 29
6 87
19 74
29 99
17 84
15 58
10 17
24 94
19 69
20 85
15 90
12 27
26 6
14 4
21 82
9 60
3 43
24 53
9 100
0 9
5 17
8 40
3 37
19 18
9 72
19 58
27 83
19 14
19 86
8 34
22 52
23 91
25 60
28 67
22 6
30 50
7 50
11 62
27 20
5 25
28 6
26 5
9 11
12 58
16 23
17 57
2 49
3 80
11 10
28 81
25 5
18 60
27 27
11 33
4 65
3 55
24 95
30 57
28 19
2 17
21 75
3 45
18 41
18 80
12 60
22 89
13 64
27 95
3 16
11 14
23 93
0 2
11 57
8 14
13 12
23 91
13 51
8 60
9 34
17 36
14 99
0 76
15 89
27 36
30 80
12 54
12 74
25 72
15 66
2 53
19 67
10 11
2 56
0 23
2 38
25 81
22 17
6 15
28 12
20 73
13 87
29 23
7 22
21 77
2 20
18 38
7 38
15 53
18 50
21 11
11 15
26 49
19 60
10 29
12 77
7 60
22 92
12 31
4 3
22 13
24 78
17 66
8 34
6 17
22 37
29 2
27 57
14 21
13 21
22 35
14 18
3 100
0 4
26 9
18 25
0 41
30 97
19 61
14 12
27 51
19 11
10 39
3 82
8 53
9 57
7 62
5 60
6 62
2 86
4 8
22 73
14 2
0 51
12 4
17 38
22 36
24 4
19 60
28 53
16 42
18 27
13 33
28 56
24 100
17 73
25 7
3 34
27 74
24 50
19 33
15 74
3 29
28 8
17 6
11 92
11 8
5 78
18 38
13 5
16 19
24 34
19 87
0 44
21 17
7 31
9 5
0 54
2 13
1 1
23 84
30 53
12 97
17 100
30 50
10 1
26 50
24 77
21 93
1 38
2 71
28 36
13 4
16 76
0 18
25 64
12 5
7 50
30 31
22 83
3 2
11 56
15 96
5 21
20 9
10 66
29 30
25 3
7 11
3 69
19 29
1 52
29 32
28 84
13 15
22 68
28 73
28 98
25 11
16 96
11 36
22 74
8 48
11 2
7 9
2 91
21 25
27 51
1 62
2 58
9 81
2 8
13 15
20 38
3 14
7 59
1 35
7 32
19 69
27 65
9 91
20 1
25 14
18 19
3 47
9 94
28 69
29 86
27 8
11 12
5 100
0 40
24 27
7 72
0 26
29 69
6 83
24 75
26 13
24 16
17 75
0 88
15 62
7 75
24 40
4 76
1 78
15 73
9 13
6 16
30 30
10 1
24 13
29 100
21 5
11 83
4 45
30 37
13 97
13 8
2 33
7 74
28 91
4 22
17 7
20 6
30 1
18 93
18 37
4 14
26 25
20 94
5 56
0 83
30 60
14 67
19 13
14 25
16 5
12 88
4 20
26 71
2 79
24 47
21 1
17 3
4 50
9 82
27 13
0 37
22 15
20 31
25 15
9 2
20 91
28 47
21 3
17 42
22 25
16 95
12 33
8 6
27 7
26 65
21 54
13 23
21 83
0 26
15 18
30 69
14 58
17 37
22 76
29 99
25 96
19 10
15 47
20 98
20 10
12 65
26 45
29 48
1 76
25 83
26 20
8 46
2 2
27 64
2 74
18 67
14 17
7 28
24 83
4 95
5 95
0 57
12 55
28 32
29 62
29 87
12 40
15 9
3 19
8 85
21 20
27 8
11 12
23 95
11 27
10 76
21 8
18 87
2 28
3 58
6 9
10 53
17 21
17 53
25 46
24 72
23 17
8 59
13 52
22 97
8 40
11 37
6 62
16 100
9 30
9 58
0 14
15 8
26 50
2 86
24 14
28 94
13 35
13 15
25 51
15 25
5 80
4 23
15 51
1 4
27 62
9 1
26 19
20 82
10 23
21 1
1 74
11 92
14 43
16 48
28 16
3 69
26 82
12 10
15 3
14 65
24 29
2 92
1 90
10 76
8 94
27 18
6 99
23 91
22 28
6 19
18 38
20 12
0 27
23 79
3 78
1 9
16 49
19 18
11 11
16 57
21 78
3 50
23 46
8 12
19 88
20 74
14 81
1 83
6 55
16 90
24 52
7 17
14 2
27 89
13 12
3 93
26 36
24 49
30 31
4 73
14 21
18 96
4 77
10 96
12 12
22 64
6 21
27 73
14 24
0 97
3 36
1 59
3 36
8 85
13 66
8 65
17 44
18 88
11 94
9 25
7 77
19 68
12 90
25 28
14 100
30 52
24 43
3 91
7 82
1 31
19 88
17 54
3 61
28 4
28 31
25 8
17 47
11 75
30 3
27 81
9 79
8 89
17 8
26 78
9 70
14 97
18 4
23 84
14 70
4 79
14 46
29 91
19 25
23 6
18 7
20 50
17 74
1 39
22 25
19 99
21 78
27 98
9 82
22 23
6 92
3 22
10 86
22 53
19 23
30 79
2 6
27 94
12 37
7 41
23 25
5 77
30 40
5 46
24 6
24 13
21 81
1 27
5 22
8 21
28 10
20 66
26 30
27 84
15 84
5 6
0 100
28 4
14 12
9 89
18 11
0 65
8 43
15 26
4 72
8 2
28 83
5 96
29 26
28 44
7 32
20 63
17 46
16 27
15 83
26 49
19 8
26 70
27 1
4 83
14 45
0 76
3 53
26 64
5 87
2 33
24 91
17 65
15 78
7 85
23 78
13 89
7 63
4 37
30 49
14 49
17 9
0 58
0 44
29 95
2 24
14 5
22 30
20 54
17 18
24 85
19 13
12 52
6 85
0 44
8 100
17 1
13 92
6 62
3 52
14 12
30 39
6 8
8 42
5 4
24 67
6 90
17 7
5 2
22 52
20 17
13 59
11 26
14 85
2 63
18 31
2 30
27 10
27 74
21 43
1 30
3 4
0 9
1 54
2 95
26 10
14 9
1 96
4 86
27 46
14 79
11 75
26 99
9 23
0 34
20 74
16 21
16 39
20 29
10 80
1 36
9 24
1 66
26 23
12 50
16 81
11 87
14 34
22 13
14 88
12 57
5 23
20 77
7 33
14 98
20 9
16 52
2 11
22 14
4 17
28 46
20 38
24 31
13 81
21 78
23 49
16 5
19 87
6 32
24 37
25 56
4 95
22 59
2 20
2 54
11 70
24 49
6 3
15 54
28 47
26 34
11 47
21 34
15 68
24 98
7 82
25 20
16 36
3 58
20 6
23 73
18 7
29 39
13 60
5 72
4 25
30 30
20 75
29 77
24 9
24 8
11 21
7 39
22 46
5 34
25 24
1 19
8 46
20 93
22 57
13 22
30 50
11 88
1 43
4 46
0 53
27 54
12 21
3 58
24 69
13 9
14 68
13 91
29 72
4 80
26 77
19 95
16 51
0 80
28 78
0 56
27 77
16 45
2 9
24 19
9 48
13 47
12 54
28 80
3 80
28 59
9 38
1 41
18 62
13 49
8 4
22 18
22 83
16 75
29 64
24 77
18 15
1 97
16 36
12 6
12 92
21 31
27 80
28 91
4 37
12 89
12 3
11 35
12 63
13 17
3 62
17 67
11 57
20 68
19 27
3 74
7 95
29 86
2 87
8 39
10 13
18 10
9 37
1 93
1 74
21 1
12 98
17 65
25 33
19 57
7 9
28 16
29 86
17 11
11 90
30 19
1 35
18 20
16 69
21 66
24 58
8 88
5 41
12 49
29 22
26 90
17 76
8 40
5 12
0 76
17 58
7 57
0 38
9 3
26 34
15 2
12 94
28 13
21 56
28 74
10 12
0 52
28 7
29 77
4 71
28 21
10 91
25 43
18 54
8 32
14 93
23 81
30 75
9 91
0 3
16 80
16 48
12 14
19 2
28 32
0 17
24 39
21 5
14 55
1 93
14 39
27 32
9 47
19 14
24 13
20 63
6 30
27 61
16 5
17 48
20 92
20 17
17 13
1 65
11 95
10 20
26 89
1 25
25 22
2 87
21 8
21 9
15 56
12 94
19 1
9 61
24 10
16 9
4 4
0 25
19 83
3 35
7 30
13 41
3 98
14 72
30 35
22 94
6 52
8 55
28 7
15 63
10 22
1 23
21 21
11 29
18 12
6 65
8 64
15 48
3 26
30 12
3 53
22 81
28 27
23 1
19 25
6 47
7 99
16 3
25 74
14 95
1 96
25 41
26 6
16 25
21 54
10 64
17 81
8 57
12 85
29 22
20 6
9 40
10 51
25 54
7 16
10 6
21 75
3 34
3 18
25 16
16 57
22 63
21 23
12 58
9 40
5 78
20 67
14 66
24 47
17 17
12 67
25 92
0 53
14 40
7 80
4 6
9 71
13 1
9 16
10 83
18 21
6 47
2 59
0 13
24 44
26 84
8 34
21 20
8 69
30 14
7 18
25 69
20 86
20 23
29 43
6 55
12 64
10 51
1 71
27 81
13 79
21 44
2 47
4 15
10 73
22 79
20 48
10 13
11 32
4 98
16 76
4 19
11 58
5 70
12 8
12 76
12 18
5 92
27 60
17 71
11 34
5 14
13 100
23 59
27 62
19 2
5 51
11 90
0 31
2 66
16 92
19 20
11 76
28 8
18 99
0 35
16 56
7 5
2 79
2 12
30 57
0 6
27 16
27 83
10 77
23 44
26 84
25 93
4 40
25 2
29 12
10 55
1 57
24 97
27 62
1 4
23 96
15 92
8 55
4 100
7 55
25 70
13 30
6 88
14 37
5 11
22 20
23 40
2 2
8 30
30 40
29 4
14 55
23 5
0 95
8 65
6 90
9 21
0 92
5 84
14 4
21 5
1 42
4 25
16 25
18 42
14 35
7 56
29 48
16 68
17 57
10 79
11 34
14 32
8 23
1 41
21 32
29 85
13 66
6 18
14 49
15 6
12 93
7 17
12 32
14 89
30 79
19 42
1 13
13 76
20 50
10 67
4 93
21 19
0 9
10 2
22 22
25 93
8 32
30 51
13 96
6 28
8 78
10 89
11 100
15 92
9 78
15 24
4 36
23 90
20 99
20 40
4 18
23 22
30 1
7 73
18 47
28 68
30 27
10 53
22 65
16 21
8 15
5 39
23 66
1 31
25 51
27 60
13 72
24 87
17 77
27 15
4 20
23 21
14 40
17 41
1 13
20 80
9 75
19 70
19 61
28 48
25 9
13 89
14 73
4 18
4 64
7 62
28 100
21 12
29 92
2 86
26 30
3 9
30 70
16 55
16 59
24 72
5 28
12 62
16 79
3 33
11 12
3 30
4 91
3 87
2 81
25 25
30 11
22 8
25 86
9 89
4 87
12 98
25 21
18 59
28 30
18 30
5 26
16 5
19 65
25 35
4 77
2 52
30 95
12 92
26 79
0 48
30 30
13 62
19 22
25 24
13 99
6 82
17 92
23 37
16 82
27 24
21 34
28 59
4 20
14 50
22 26
29 25
29 95
0 93
25 4
8 10
13 49
9 17
6 73
19 67
21 66
4 69
10 28
27 72
23 40
19 28
26 11
19 92
16 43
28 95
14 79
14 89
7 85
7 10
18 31
7 14
1 16
12 60
19 73
5 39
13 12
30 98
3 34
29 92
7 13
25 26
25 29
3 75
24 92
28 52
30 46
4 29
7 45
10 64
24 4
5 55
3 80
12 15
9 50
11 82
20 98
13 56
17 11
16 32
25 78
20 80
8 3
15 49
28 18
17 54
19 50
22 70
14 97
23 21
19 57
15 54
7 94
11 11
3 83
25 73
9 30
16 35
11 74
25 81
18 35
19 98
24 82
11 72
24 25
2 68
8 69
3 6
6 14
5 83
11 22
13 43
26 68
1 39
5 59
21 38
1 86
19 15
21 41
28 46
3 29
0 15
20 55
15 84
9 65
21 14
15 79
13 73
3 100
18 19
9 74
22 60
11 90
14 90
24 76
2 83
13 86
21 50
0 37
20 9
15 50
30 35
21 55
30 72
11 32
3 45
27 61
11 59
20 77
20 88
29 44
14 37
23 54
13 81
8 91
1 81
16 51
14 23
12 8
3 87
16 90
8 69
13 50
17 100
6 45
11 1
0 64
5 5
8 68
18 69
29 18
7 1
10 54
6 2
22 52
10 59
1 46
25 45
13 58
8 71
21 50
12 89
21 92
4 22
10 27
3 69
1 56
12 94
11 43
25 21
12 42
13 41
21 43
10 58
12 97
30 11
27 30
4 72
25 72
17 1
7 62
5 96
11 3
5 56
12 47
4 34
5 67
24 29
18 50
7 26
15 89
29 33
21 17
9 47
2 1
29 22
10 76
25 33
4 3
2 63
1 57
0 68
8 5
8 24
21 13
21 49
6 60
23 19
1 27
6 66
17 49
24 54
23 69
9 83
15 76
26 53
18 76
1 32
15 29
17 67
12 40
6 100
22 72
22 42
25 66
14 93
2 25
17 97
27 17
6 67
28 75
9 9
25 70
6 72
6 66
6 75
7 85
19 90
13 31
27 29
23 39
15 59
24 16
25 18
5 9
0 90
0 7
15 86
21 37
14 30
5 98
7 96
24 74
30 18
1 30
8 7
20 65
20 52
21 58
25 14
27 66
21 8
3 54
23 5
6 15
15 100
21 52
12 65
5 72
9 55
21 42
14 97
7 76
28 82
27 13
6 39
6 55
17 68
15 65
6 63
3 11
10 84
23 32
21 23
28 58
28 29
12 35
27 22
0 17
29 88
29 95
23 61
2 53
30 93
27 92
3 46
6 5
14 32
10 22
29 49
26 86
14 46
26 88
6 68
25 29
18 89
10 93
11 12
17 76
14 19
24 66
12 72
25 73
13 38
5 31
0 41
8 40
2 7
29 99
30 69
25 64
26 32
19 3
6 41
23 99
10 96
18 65
22 74
4 2
3 34
6 9
4 50
6 66
8 26
14 61
27 100
29 9
7 59
17 45
26 35
12 73
26 2
20 37
10 87
30 47
7 81
6 39
23 39
28 51
25 49
9 23
7 82
25 84
20 53
12 1
7 73
16 89
1 39
9 5
20 24
3 37
15 88
12 92
25 52
28 84
2 34
20 50
0 18
28 17
14 36
16 97
17 55
8 58
17 53
2 43
18 20
4 6
17 74
20 71
23 5
0 34
28 52
4 13
30 56
27 93
20 27
18 94
14 13
17 88
5 1
22 49
4 24
26 92
28 21
4 1
27 83
7 27
10 10
9 88
4 22
16 99
22 52
20 57
20 62
19 54
8 30
29 38
7 55
18 51
2 88
1 94
20 17
18 54
16 43
14 8
6 3
27 8
3 2
12 72
5 3
23 40
30 71
2 49
18 30
1 19
7 66
3 7
14 68
30 11
6 96
30 13
5 39
4 87
26 7
20 47
7 36
20 46
24 26
30 57
7 20
3 98
5 7
23 45
3 93
12 1
4 40
12 5
30 13
20 88
26 6
14 99
25 42
27 65
24 5
12 55
21 33
7 98
9 46
1 70
16 88
22 91
23 51
29 23
3 2
21 79
25 97
15 89
20 73
23 78
5 26
25 8
30 57
1 61
21 64
0 62
23 73
24 82
0 76
21 43
22 52
19 7
5 94
3 46
26 54
30 41
4 24
14 95
20 13
27 96
26 25
1 84
2 51
26 84
16 49
11 94
28 3
5 19
14 36
5 63
26 62
29 24
10 51
17 1
9 29
14 5
21 95
28 86
19 6
0 55
10 44
18 69
1 2
23 64
24 66
4 1
1 20
14 74
23 36
7 34
29 51
25 12
0 41
29 97
18 48
13 24
23 35
22 21
23 27
2 66
1 85
6 73
24 36
16 6
0 6
15 49
30 47
0 71
30 30
3 89
27 54
26 86
5 5
20 34
16 91
27 51
1 45
26 91
10 18
6 7
5 97
9 39
14 53
15 7
25 98
0 3
12 40
26 68
0 81
7 37
29 76
0 100
6 2
1 64
12 33
12 76
4 64
21 30
8 28
26 64
3 8
27 97
20 88
15 44
10 49
3 3
10 43
0 42
13 31
27 4
8 54
2 78
3 59
15 95
8 88
17 27
1 98
29 22
9 35
11 68
26 12
7 95
14 72
15 12
5 18
2 17
10 4
25 43
16 80
21 81
27 51
27 79
8 84
10 75
9 54
26 85
4 9
9 61
15 33
16 82
21 12
9 20
0 40
20 58
22 9
1 18
24 41
30 71
8 33
24 61
7 51
8 14
20 19
3 5
22 69
5 40
11 35
20 66
1 48
16 26
15 68
17 78
5 62
2 18
19 3
21 74
19 95
26 78
13 43
28 3
12 7
22 17
2 55
6 82
29 93
21 33
6 25
20 30
13 63
3 16
12 89
2 31
12 24
29 64
7 49
16 41
30 80
26 79
28 12
26 19
22 2
3 7
6 33
16 72
22 26
6 86
15 92
16 79
2 45
28 38
16 53
13 53
23 98
25 64
7 5
24 58
27 16
12 65
16 27
4 9
14 70
15 4
3 83
9 26
18 54
19 94
13 30
24 65
27 79
16 15
19 69
0 4
27 45
8 46
28 92
5 16
20 37
13 40
1 62
13 81
10 13
28 87
27 21
29 5
28 82
20 42
30 64
20 91
22 76
24 11
20 96
0 41
24 32
25 75
18 26
8 40
10 39
26 94
4 28
24 88
16 26
18 81
4 45
18 17
12 9
24 89
22 50
27 83
15 75
7 12
5 44
13 96
9 15
10 45
30 7
21 70
17 26
13 58
15 4
3 46
16 46
16 83
27 89
23 63
28 35
28 54
2 21
2 89
13 96
9 46
6 82
26 25
21 90
3 40
11 2
0 59
19 64
25 93
5 18
24 51
15 47
5 96
10 90
8 5
14 12
20 1
8 43
27 86
16 100
2 72
20 39
19 28
15 38
15 63
13 36
20 69
12 96
16 54
30 63
0 51
20 37
21 2
17 1
30 99
5 58
11 21
25 2
16 9
18 99
1 38
5 33
29 32
24 47
5 9
12 55
18 63
15 49
23 21
30 44
16 54
22 51
25 20
10 87
20 43
21 35
14 31
17 81
9 3
30 79
14 83
19 19
0 75
21 43
16 39
28 92
30 38
18 63
20 14
22 51
6 70
0 55
1 47
25 67
0 79
18 27
16 52
26 21
18 20
26 39
0 77
14 96
4 53
29 99
29 33
16 8
24 53
26 52
25 7
23 6
6 35
8 36
19 32
10 36
9 97
5 64
0 56
20 75
1 30
4 91
18 86
27 34
8 27
17 7
14 98
20 55
17 46
25 80
5 2
16 6
11 13
8 70
19 22
5 46
22 38
7 34
16 43
17 59
6 32
28 35
8 43
14 10
30 92
7 92
18 92
29 54
14 27
1 69
3 14
21 41
5 21
2 96
5 97
29 82
10 72
12 82
10 70
13 49
4 49
10 5
6 4
27 12
26 46
30 52
23 8
0 51
30 72
11 60
6 86
19 74
3 45
2 25
4 98
18 54
9 43
20 84
0 4
28 94
25 81
24 64
20 68
4 58
8 20
15 10
22 2
11 72
18 81
20 12
16 70
14 50
9 14
6 23
27 82
27 21
8 14
14 58
14 97
11 66
13 63
22 37
25 16
25 43
16 22
24 69
1 55
29 92
21 38
29 46
7 37
1 42
27 43
6 95
22 49
8 22
11 75
20 63
18 25
20 36
10 90
20 76
16 100
23 47
19 78
2 16
24 85
17 52
29 78
6 21
17 80
14 67
25 26
11 43
1 62
24 86
23 43
30 38
18 87
6 21
2 82
11 16
4 55
9 76
17 99
11 62
0 57
22 44
5 88
14 7
23 99
29 89
27 44
21 42
19 52
22 75
8 70
0 11
29 55
23 4
12 41
12 42
3 37
25 54
25 69
15 48
11 63
0 17
30 44
25 56
2 95
30 82
5 18
29 63
7 3
0 51
12 58
23 44
4 51
8 13
5 47
26 8
9 23
15 20
28 88
6 75
2 34
24 72
3 79
0 90
18 100
0 93
2 23
26 14
3 53
11 8
7 9
5 18
26 15
2 54
11 85
27 52
4 42
27 17
8 39
11 71
16 18
22 92
15 52
13 49
11 18
24 28
25 17
28 6
28 99
26 65
7 50
26 13
12 56
30 79
4 64
14 17
9 58
20 16
6 85
28 42
8 37
15 42
30 3
7 2
1 6
18 1
29 34
20 2
6 74
13 19
11 23
15 77
17 2
3 94
25 44
29 98
25 32
28 67
18 45
21 67
14 23
28 7
10 83
28 87
0 70
3 25
26 55
20 96
28 44
8 82
12 92
23 71
18 68
7 27
18 66
20 91
2 73
19 12
1 1
5 98
26 51
8 62
0 5
7 52
3 83
12 3
12 11
3 44
24 57
27 38
10 48
18 24
27 90
0 99
8 46
22 59
24 40
14 68
3 16
3 98
25 83
28 75
2 20
26 6
4 24
27 9
29 32
5 35
0 52
18 95
14 21
3 50
20 64
5 71
22 40
20 54
29 52
13 88
7 9
17 90
13 62
5 91
21 6
24 84
5 6
0 97
26 1
19 43
8 58
17 73
24 37
12 11
22 7
9 48
6 20
21 88
13 37
14 31
20 95
10 44
14 24
0 84
19 95
0 1
6 1
30 94
5 29
22 72
15 98
9 64
28 33
8 61
9 48
1 10
24 37
14 89
8 8
6 20
28 24
6 95
7 4
19 14
1 57
25 68
17 24
24 21
16 70
0 40
4 59
13 31
8 3
24 71
8 20
18 95
14 70
12 43
18 71
26 83
0 26
1 98
10 7
4 3
20 79
22 15
8 20
22 78
16 32
0 67
29 84
6 10
6 31
28 57
30 6
27 24
25 51
27 71
28 84
29 8
26 31
6 74
11 60
12 90
2 18
11 99
30 62
0 51
0 69
20 17
16 26
5 66
26 86
12 16
18 37
8 35
27 35
4 66
25 32
16 35
8 91
6 33
11 98
10 47
10 19
1 23
30 47
17 94
9 81
0 98
3 50
26 66
4 97
25 98
6 70
29 64
12 36
26 21
5 78
30 100
5 17
19 56
9 69
29 45
17 19
2 93
20 11
17 74
12 63
22 98
7 11
2 58
11 65
27 9
24 48
29 95
6 65
16 24
20 23
16 77
18 24
15 9
18 9
14 76
11 100
7 83
16 51
5 63
28 3
13 52
2 26
8 78
10 12
30 38
9 100
1 24
23 62
25 30
26 89
12 51
5 60
23 72
19 36
6 77
6 6
24 64
10 79
1 87
5 56
20 32
15 49
24 75
29 4
21 57
9 28
3 13
4 88
22 75
7 2
29 57
24 58
2 32
2 61
10 19
5 45
25 36
16 51
11 65
11 3
16 84
10 98
2 29
19 34
21 33
17 96
15 42
25 33
4 12
28 99
21 38
21 39
28 94
3 26
2 10
10 33
1 48
12 32
1 26
5 77
19 22
0 65
0 55
4 31
21 9
17 37
16 65
28 79
9 93
26 68
1 12
24 27
8 89
8 21
28 8
29 20
3 87
27 7
26 92
13 3
12 35
2 64
21 51
22 62
4 52
24 80
4 17
21 94
3 52
28 81
27 30
19 78
13 93
27 15
13 2
22 59
4 28
20 62
28 13
7 87
17 40
17 100
27 59
2 95
6 94
28 31
23 28
14 12
20 70
19 92
0 15
0 50
19 95
4 45
16 42
16 12
5 10
1 67
8 31
29 24
12 20
23 7
3 43
25 95
13 72
18 85
26 19
0 67
15 92
16 43
23 94
23 87
7 76
10 83
8 100
11 30
12 72
7 47
7 6
28 16
6 84
3 90
5 29
2 93
23 14
22 15
7 76
14 86
27 49
23 39
28 6
18 20
29 4
25 92
10 85
4 84
5 80
28 24
9 99
14 6
13 86
13 83
12 11
8 19
8 36
4 98
16 30
15 61
27 44
19 72
12 65
18 1
18 71
1 63
24 94
28 37
23 66
3 90
4 28
1 87
0 5
14 37
12 2
1 79
6 54
15 42
5 45
21 89
6 53
17 80
18 43
1 8
14 6
0 8
5 20
0 38
25 64
16 90
22 45
30 64
7 46
5 47
13 65
10 10
3 54
30 50
2 57
28 32
22 93
22 38
19 56
19 83
5 19
10 94
22 80
12 23
8 29
12 80
8 55
16 48
16 63
18 34
21 41
11 65
5 78
10 80
24 70
7 80
24 59
24 98
27 63
3 95
2 64
20 40
20 8
22 8
18 10
9 5
7 22
29 43
11 11
0 86
24 66
0 59
1 12
29 65
16 8
24 34
30 37
7 18
15 51
0 92
8 60
12 2
6 34
7 72
6 31
19 39
16 1
16 63
24 71
24 6
13 52
18 86
2 24
20 7
1 47
13 8
5 4
11 79
5 1
12 93
28 99
9 63
11 35
3 32
15 26
29 3
2 69
8 51
9 71
28 18
5 23
14 91
4 56
22 22
1 41
30 66
3 92
17 92
15 67
25 4
4 10
30 38
21 82
22 5
28 33
19 92
23 81
28 12
4 33
28 28
5 13
2 75
23 58
5 1
5 99
9 52
10 28
11 28
18 56
14 99
26 8
13 20
15 29
6 76
3 72
18 74
3 72
3 24
12 95
27 34
7 36
19 46
20 27
21 28
16 46
21 54
29 23
0 65
19 46
8 34
23 35
5 6
19 44
28 87
6 79
27 4
9 40
23 42
10 79
17 3
17 4
15 34
10 53
17 20
16 50
20 11
16 86
16 87
2 38
10 36
7 29
27 42
9 48
0 88
10 69
11 4
7 45
20 87
8 9
10 50
16 87
10 41
26 74
8 49
7 26
8 66
21 29
9 24
28 40
27 56
26 93
12 29
6 19
10 15
0 49
13 43
9 16
24 55
5 74
18 29
21 88
19 4
9 20
12 23
11 76
29 30
9 82
1 48
2 63
16 39
7 34
10 48
18 21
16 85
29 80
25 73
7 21
27 67
10 25
7 34
14 33
19 26
5 49
11 89
12 2
25 33
17 14
10 27
19 8
1 21
16 97
8 86
16 53
27 5
8 43
30 45
0 100
9 86
10 47
19 83
14 18
3 92
1 90
15 66
17 78
1 95
28 43
21 1
24 49
4 40
27 74
19 60
25 67
20 79
14 19
4 25
21 11
0 28
9 71
11 8
8 39
26 16
1 70
5 66
28 60
9 35
9 2
2 5
18 33
4 28
18 99
30 99
3 20
24 71
19 55
18 80
12 35
21 21
14 4
17 27
25 97
28 72
7 8
5 17
8 16
9 43
20 19
15 92
11 80
21 80
19 61
3 86
14 96
16 48
9 19
12 67
3 72
10 60
17 90
24 42
5 84
19 68
13 95
26 89
26 93
11 30
13 54
29 4
18 43
17 82
11 8
22 42
27 91
16 15
22 70
3 18
17 67
13 87
17 90
26 8
22 58
29 1
26 19
9 41
9 77
18 58
13 61
25 52
8 14
25 37
22 20
28 12
30 30
21 45
22 55
29 39
14 91
18 99
30 40
4 62
18 73
15 81
25 94
11 26
16 3
12 61
11 84
21 22
13 12
3 3
28 89
1 28
15 22
3 57
9 30
6 42
30 78
0 57
22 9
14 4
29 35
15 20
7 11
28 63
1 51
13 17
30 47
21 67
9 44
19 45
17 25
2 54
23 2
5 21
25 39
0 72
23 49
5 67
19 84
26 64
23 72
18 50
19 100
16 20
13 5
9 51
27 53
21 61
0 98
9 60
15 58
13 2
14 89
28 97
11 23
29 59
20 17
9 50
12 8
14 83
2 24
26 66
0 64
30 11
19 91
29 12
17 65
11 7
8 11
18 41
18 94
30 98
6 64
15 71
17 30
9 74
10 98
11 15
10 83
6 80
28 12
13 17
23 27
18 75
18 46
26 68
25 24
1 24
5 79
29 93
14 52
28 20
8 71
29 4
25 47
4 48
4 71
3 25
17 81
0 86
7 26
1 89
20 19
18 63
16 61
29 82
3 69
20 15
27 38
28 52
30 6
10 36
12 98
17 1
19 44
2 15
30 81
11 10
25 75
23 74
3 21
3 2
29 13
22 16
28 41
3 46
23 44
8 51
14 65
18 93
15 20
18 4
25 91
29 74
30 55
22 83
14 83
6 52
12 27
10 50
19 98
17 2
28 27
14 66
10 98
26 85
0 27
20 56
13 1
8 35
25 16
2 74
7 84
20 57
2 27
10 52
12 54
15 78
26 48
21 82
24 97
6 59
4 54
28 97
2 61
3 54
18 6
14 31
23 29
4 19
3 62
23 30
24 3
14 49
26 46
18 67
9 99
28 26
16 36
1 96
4 21
7 71
7 84
3 84
2 44
8 19
27 27
27 38
28 45
26 98
22 33
3 80
8 17
19 43
10 44
26 44
0 6
3 87
24 28
16 92
25 54
3 73
0 44
28 19
1 36
3 3
4 65
17 29
6 27
23 38
25 63
9 38
20 78
25 31
15 93
17 58
8 41
0 55
12 3
19 44
30 11
11 95
13 1
16 83
3 34
20 12
0 93
16 79
11 42
1 30
4 37
1 31
19 58
8 14
29 59
26 25
0 54
3 32
22 6
23 36
24 9
16 75
1 39
9 29
6 46
25 74
24 10
2 1
21 67
17 30
14 96
20 32
24 22
27 59
19 18
22 10
21 20
15 84
19 77
26 70
0 39
2 57
28 55
9 42
29 33
9 81
0 76
22 95
25 4
2 48
29 38
15 37
10 25
25 68
12 65
4 65
23 74
24 99
4 18
21 53
27 84
6 81
8 50
26 3
7 9
2 60
20 44
7 82
11 14
20 83
10 26
3 85
12 2
21 44
19 20
26 40
23 84
30 55
29 27
21 86
17 49
23 12
10 29
11 33
15 45
0 27
1 14
29 72
11 79
7 59
2 32
14 29
0 93
27 23
4 77
12 77
5 38
29 86
7 31
30 11
2 15
17 35
14 55
30 30
1 22
0 46
4 35
1 3
23 9
9 73
20 63
10 43
2 100
24 94
11 58
30 40
30 76
17 13
21 46
5 19
5 43
13 64
14 45
23 38
9 65
9 20
6 34
20 3
10 60
18 48
16 74
3 80
11 11
17 94
18 5
29 76
26 68
28 93
18 60
27 90
11 52
4 82
21 11
17 67
17 94
14 99
26 72
16 44
0 2
16 78
27 29
8 34
7 12
22 32
20 66
29 65
26 35
6 22
30 4
16 24
11 56
28 61
23 13
16 54
11 62
16 33
10 10
3 11
10 89
0 42
26 56
26 63
18 14
4 72
18 40
14 54
24 32
8 71
30 69
30 30
26 87
11 82
28 26
9 54
2 63
28 71
19 88
30 30
16 9
15 11
8 69
18 18
1 81
25 14
30 7
2 13
23 57
15 96
8 79
27 15
0 19
11 38
23 38
13 82
8 98
11 51
8 24
26 87
10 99
25 58
23 61
5 45
6 63
3 77
13 36
21 42
15 39
9 40
3 8
18 49
1 11
25 40
24 37
0 93
10 31
1 13
12 12
24 81
3 68
26 19
11 72
15 10
14 28
28 92
13 5
9 7
19 96
2 19
18 100
16 15
16 52
20 5
1 67
30 1
5 83
27 60
13 87
10 35
5 11
5 49
30 32
20 6
0 62
21 74
14 6
5 92
22 23
22 41
20 73
4 76
24 100
14 92
14 28
2 74
1 93
25 3
18 71
11 6
26 2
14 34
8 21
12 75
18 33
1 76
6 86
8 7
3 88
26 45
7 46
16 54
20 39
7 11
2 19
23 52
0 52
10 35
17 22
6 88
12 36
17 76
17 71
29 42
19 47
19 55
6 65
2 33
21 48
25 88
14 60
6 93
11 75
3 79
28 23
6 68
22 77
22 12
5 52
19 34
23 6
23 20
10 36
25 34
9 54
25 9
3 70
18 31
2 19
1 23
10 19
15 5
16 54
2 6
14 66
4 42
20 53
22 14
30 5
11 71
8 47
10 40
21 25
14 90
23 98
24 87
11 60
26 29
8 36
28 43
25 61
15 35
28 22
4 89
21 9
10 98
15 19
24 97
30 22
10 7
9 2
0 68
3 44
9 19
13 46
3 9
24 61
19 74
3 91
18 31
11 35
19 93
20 77
7 64
28 40
12 8
11 55
29 93
13 67
19 15
0 47
6 76
1 12
10 75
7 68
23 33
14 18
24 79
8 87
29 84
9 49
1 22
26 67
0 83
30 73
3 36
30 54
20 86
15 77
25 88
26 38
24 15
28 82
2 4
2 99
24 40
16 49
1 31
16 24
18 89
3 22
22 74
30 35
11 64
8 8
30 1
17 41
4 21
20 49
14 61
21 83
5 29
10 12
26 44
26 27
25 39
12 85
11 4
9 68
16 21
0 6
6 100
27 79
12 29
9 2
5 16
15 87
13 7
15 1
13 12
14 70
24 3
15 27
7 17
6 40
11 46
5 35
11 19
0 4
25 15
12 27
27 56
3 53
24 47
21 72
17 21
9 10
30 53
30 38
27 31
16 85
10 89
29 22
27 100
11 29
24 19
23 32
27 65
26 95
17 67
6 26
16 19
24 38
11 34
19 55
18 10
7 25
26 4
18 69
12 22
4 56
14 37
6 52
17 89
11 6
8 16
28 55
14 89
13 81
4 25
24 100
14 17
22 11
22 21
7 34
16 50
18 30
19 19
6 44
25 60
13 34
17 83
4 83
2 10
2 63
0 23
12 72
1 24
1 81
9 23
2 9
1 77
30 9
28 39
0 24
22 34
12 100
11 13
3 28
2 34
25 12
9 71
0 61
15 40
29 18
6 16
15 8
14 45
30 26
18 49
7 4
25 44
26 14
4 51
25 74
3 5
8 81
5 46
22 74
22 98
18 17
9 7
28 81
8 54
27 9
1 57
24 88
1 85
5 78
13 19
3 36
21 67
27 28
4 78
1 3
28 49
16 15
0 24
18 99
9 73
25 99
28 80
7 72
29 99
29 57
4 11
2 50
14 62
3 83
5 71
29 10
13 24
28 41
4 43
24 75
0 93
8 14
7 39
15 85
10 79
0 99
17 3
9 18
29 64
0 57
7 60
10 57
25 75
10 56
8 98
2 87
21 6
2 61
7 7
27 92
24 19
22 11
5 23
13 63
28 78
5 41
18 67
3 18
24 83
14 5
2 50
6 66
24 23
1 81
15 59
1 12
27 56
12 42
12 95
28 57
28 85
17 17
10 66
8 71
5 93
21 66
10 100
1 1
28 45
15 41
30 88
19 51
20 29
22 40
24 85
0 9
18 57
14 2
22 45
4 1
6 36
20 5
21 56
10 61
26 74
9 93
17 26
0 90
29 81
14 43
21 23
13 100
3 19
17 78
0 58
0 75
26 72
10 59
9 96
13 30
30 100
19 31
21 19
26 7
17 84
14 4
25 37
19 31
2 70
10 49
2 34
23 52
1 42
9 19
16 84
11 98
9 85
4 81
3 54
15 68
30 65
14 17
19 23
19 80
20 18
7 18
19 75
26 28
22 83
16 55
30 60
6 44
13 68
8 34
28 78
20 87
4 56
26 92
25 60
2 84
27 43
22 6
9 78
22 34
28 42
11 5
16 29
9 90
5 30
27 80
13 6
20 38
30 25
22 4
13 54
12 41
23 26
20 46
15 35
14 57
28 30
10 26
1 6
29 61
8 24
3 60
21 97
5 75
10 52
17 14
5 83
22 19
29 32
22 28
5 77
6 31
10 24
15 83
0 27
10 3
19 21
3 11
6 79
17 6
19 7
3 56
22 98
26 47
6 93
21 54
22 73
18 64
14 81
29 4
24 79
9 66
25 56
28 96
17 79
9 92
13 5
27 9
18 33
3 32
7 58
10 90
1 10
21 58
0 86
6 30
23 28
13 1
27 67
3 85
8 97
5 31
27 29
18 35
1 46
16 59
25 62
14 1
27 43
7 95
14 91
12 17
30 65
22 99
18 39
24 91
15 85
11 83
20 91
9 78
28 89
30 54
9 43
19 73
28 48
3 62
24 60
7 63
7 98
21 72
7 23
30 37
7 32
22 98
2 8
13 15
0 92
18 33
28 25
9 67
23 60
7 87
12 27
4 7
15 94
25 45
21 98
19 88
15 71
20 15
15 61
14 8
15 15
7 40
3 17
4 25
27 83
24 83
10 33
10 95
15 92
17 84
26 22
11 39
14 30
5 41
29 38
14 81
26 57
8 66
12 75
17 97
8 20
28 13
21 60
9 13
9 5
6 5
11 81
29 38
24 9
16 43
12 22
8 31
8 31
11 92
27 45
19 44
11 22
9 96
10 96
30 66
15 80
17 63
11 40
19 22
4 10
8 22
1 11
17 79
23 42
23 94
18 70
20 19
6 62
29 34
29 64
28 49
14 43
28 51
5 97
26 82
17 51
18 56
29 28
24 71
2 4
19 27
20 41
10 82
15 31
6 27
0 71
1 47
2 78
22 92
13 60
4 36
13 52
3 53
25 8
26 9
2 36
23 87
29 19
4 9
25 8
16 4
11 56
21 72
26 97
23 26
30 12
23 64
4 48
15 61
25 61
7 61
21 5
24 24
3 7
22 74
4 51
6 11
25 48
14 68
18 26
8 93
17 15
4 45
19 20
29 89
6 22
0 97
13 78
16 82
15 56
20 75
8 35
18 50
5 82
13 13
25 64
7 1
15 75
30 35
3 88
12 51
17 81
25 42
1 98
13 23
9 63
14 54
9 44
13 75
0 39
8 61
10 77
11 22
0 63
13 40
26 58
30 37
10 15
9 83
15 23
17 52
22 77
1 82
9 99
22 1
26 60
13 40
3 39
7 19
16 67
30 40
4 30
28 37
15 61
4 37
20 54
3 35
26 14
15 16
13 69
19 27
16 53
9 31
10 89
29 54
26 74
21 93
21 76
7 77
30 58
29 78
16 43
30 83
13 64
24 68
17 94
11 16
7 12
23 76
4 28
7 40
15 58
20 78
0 99
3 5
4 72
16 48
29 35
21 19
13 19
25 65
27 79
22 4
27 100
26 55
5 4
3 44
26 4
15 22
19 44
17 24
18 42
16 33
26 55
28 10
21 58
10 61
6 58
22 60
28 96
0 19
7 89
18 81
21 53
30 33
9 86
7 100
30 24
12 35
24 34
10 92
2 90
26 16
4 3
16 23
21 60
18 93
1 48
4 46
26 15
30 72
7 56
17 78
8 78
17 24
20 28
13 11
0 48
13 13
12 80
2 50
5 31
1 57
29 75
10 84
21 37
1 19
23 47
21 12
19 8
25 81
14 1
24 23
13 97
26 44
24 58
14 1
21 34
9 44
11 96
7 94
30 85
20 83
0 95
0 13
18 48
2 9
7 29
11 34
29 86
15 77
23 19
22 94
10 19
10 51
7 35
24 10
14 86
2 88
16 75
8 9
0 36
29 85
23 66
9 34
25 100
1 89
18 76
23 69
17 61
14 53
22 27
30 62
2 86
23 90
1 66
25 63
10 9
19 37
21 89
18 88
1 28
8 20
20 85
13 36
20 100
4 99
28 56
18 49
7 91
13 90
30 93
13 20
26 88
21 48
7 86
0 34
17 67
14 68
5 67
16 96
23 68
15 86
23 99
9 70
5 95
5 41
25 15
30 85
4 4
28 15
25 98
24 70
25 8
15 32
22 95
23 14
23 50
20 41
15 17
5 23
25 58
28 90
0 8
9 34
15 51
2 32
6 52
24 16
16 85
26 25
0 81
17 13
29 23
10 83
13 51
16 76
1 63
30 98
13 29
18 9
30 13
24 16
4 2
29 36
5 72
30 27
26 24
26 97
29 84
19 14
5 58
15 87
1 99
10 36
9 81
14 50
27 91
24 42
29 56
0 28
0 27
14 1
10 85
18 9
13 99
27 82
26 30
10 11
3 82
13 4
17 46
29 37
7 14
0 14
1 20
21 20
30 54
26 53
8 87
27 20
7 51
22 70
27 83
2 24
5 81
8 10
6 10
9 63
8 69
11 27
20 100
3 76
22 56
29 49
26 60
21 57
16 93
3 31
25 32
0 16
15 20
6 32
4 69
13 37
20 99
25 92
21 63
15 33
7 30
6 61
5 66
25 4
7 14
23 12
27 30
23 13
28 61
25 3
11 31
19 98
10 27
22 61
6 42
5 100
19 48
19 58
9 45
24 52
29 5
7 55
4 42
17 10
16 48
0 97
29 87
9 61
29 24
20 79
9 98
29 67
0 18
24 59
2 44
18 30
23 59
15 8
12 36
23 100
16 44
18 42
13 27
11 18
26 16
23 84
0 67
13 73
20 75
20 55
29 80
14 6
20 99
12 72
22 90
8 64
3 31
26 94
16 36
12 46
10 76
6 21
14 30
21 74
18 3
7 47
1 80
29 57
25 26
10 99
13 90
19 2
11 87
20 2
6 86
27 31
3 80
15 89
4 41
2 9
6 92
7 1
11 23
4 58
4 93
18 65
7 65
21 29
15 16
20 63
19 1
17 42
21 49
3 70
2 70
8 53
21 56
0 34
7 66
26 65
28 8
12 78
29 91
4 3
21 38
29 75
24 8
6 62
2 46
4 91
13 100
22 54
22 35
22 67
0 51
11 96
27 82
8 35
22 57
13 60
28 13
9 30
22 72
23 78
15 19
20 31
16 10
0 22
14 83
5 75
13 79
28 100
2 94
1 48
18 45
15 74
27 1
6 27
24 88
19 80
22 14
6 31
17 91
8 19
30 46
29 10
2 26
25 74
26 52
19 60
20 82
20 85
4 60
19 5
22 89
2 54
17 81
10 15
22 7
1 65
4 92
12 60
19 41
17 77
9 48
6 49
9 35
12 38
22 70
23 20
16 72
24 83
14 94
18 82
20 27
17 87
8 2
30 21
22 4
17 19
14 62
23 56
1 27
12 17
25 93
10 44
17 61
7 28
4 53
18 67
8 77
0 1
7 72
25 33
13 15
20 45
9 92
27 4
25 7
0 63
20 74
14 17
23 86
24 28
6 98
29 39
8 75
11 47
30 5
19 6
30 43
21 76
26 25
23 67
6 86
3 6
22 35
1 80
26 96
6 5
16 30
9 83
0 30
10 47
30 16
6 99
16 69
5 84
12 25
20 96
8 29
23 44
4 58
19 29
6 62
17 70
4 60
9 88
10 31
21 9
3 67
4 17
25 65
28 39
9 40
3 80
20 70
10 98
28 49
5 5
23 32
17 68
21 38
22 97
25 50
12 51
4 96
15 100
15 6
28 82
0 76
6 88
14 21
1 61
4 77
2 10
9 99
3 43
10 89
7 22
5 12
4 48
25 48
17 57
26 5
28 17
9 58
17 28
6 50
28 78
13 91
13 2
2 31
18 63
16 72
25 26
4 18
19 35
28 27
25 46
15 24
25 31
17 98
9 7
18 82
20 20
11 44
15 41
8 63
18 28
25 96
18 75
0 42
12 34
4 3
2 48
14 80
15 15
14 76
25 83
28 49
17 65
21 47
7 2
15 82
10 84
27 97
6 92
23 40
20 57
13 88
28 13
4 65
8 60
14 50
27 29
1 82
17 80
26 9
10 22
16 25
8 15
13 69
1 65
7 69
26 19
28 63
5 6
17 100
20 33
9 82
19 25
3 14
5 34
16 27
9 50
12 14
26 32
18 11
10 24
9 23
10 92
22 64
23 93
13 8
20 63
1 69
14 26
3 2
29 11
12 31
5 98
10 48
12 55
13 66
16 97
13 56
13 31
16 98
9 89
18 2
6 86
2 49
29 92
25 38
5 60
14 12
28 44
19 44
5 61
20 45
3 61
6 93
21 93
0 86
24 90
17 96
23 4
0 7
9 26
20 2
20 17
26 71
1 74
12 3
28 7
3 72
26 9
30 47
16 5
23 23
25 77
27 67
23 12
15 34
5 97
14 43
23 36
30 18
20 77
1 13
0 13
27 44
2 38
8 97
28 12
5 7
1 45
27 55
7 40
29 55
8 21
22 77
1 31
9 43
3 60
30 19
3 68
5 41
12 35
26 96
19 91
11 72
16 25
28 70
15 87
5 38
27 54
17 15
10 78
28 31
10 62
14 54
1 28
21 24
20 43
30 82
14 33
18 6
25 41
12 100
26 37
8 8
1 77
18 7
21 30
7 83
28 5
28 73
8 59
12 55
3 23
2 19
29 86
12 30
17 16
10 86
4 40
22 12
14 19
28 60
27 8
24 34
9 3
5 99
21 51
28 21
7 27
17 92
25 79
25 79
17 37
14 29
16 69
9 76
9 69
4 45
24 2
29 28
0 75
30 17
19 2
23 70
22 5
3 11
15 69
21 4
21 74
6 89
14 40
23 79
27 72
2 7
3 70
16 19
19 84
20 23
8 97
8 68
2 35
13 21
12 5
24 37
1 51
28 96
1 12
5 39
28 1
20 3
14 16
24 85
5 10
14 73
11 12
6 60
8 12
1 99
2 46
18 59
6 64
7 98
23 71
8 61
24 26
5 27
18 16
11 95
24 99
27 95
5 48
17 68
18 11
19 74
3 53
16 24
12 57
21 62
24 22
29 29
19 62
14 89
19 98
16 4
14 70
4 79
3 96
22 88
10 5
28 91
16 43
17 76
25 78
17 5
5 69
12 22
10 3
22 18
0 41
30 77
5 1
19 71
21 50
2 35
5 18
25 28
29 50
1 84
11 65
25 86
17 50
11 42
17 59
0 1
13 47
17 40
22 92
27 34
19 17
29 90
7 44
19 24
4 83
28 84
1 31
17 10
4 86
29 59
5 69
28 26
23 91
29 40
12 16
27 51
4 25
21 49
22 36
22 43
9 90
18 22
0 10
10 57
18 3
14 10
10 9
2 60
8 33
0 54
7 43
29 12
27 21
30 10
9 67
24 27
24 47
28 83
4 19
25 24
28 44
24 79
23 98
16 95
7 2
27 66
3 89
19 64
1 46
2 58
24 17
18 29
25 22
25 72
6 76
3 60
28 87
6 89
26 78
0 65
23 81
8 25
2 90
30 24
23 71
20 62
27 68
30 37
18 31
8 82
8 61
6 20
22 28
2 12
24 87
7 3
21 2
4 91
8 18
20 59
0 7
19 47
15 27
1 81
15 50
3 63
23 87
23 54
5 20
29 56
1 38
28 58
6 27
9 8
7 24
17 11
16 22
15 92
7 96
9 45
20 98
12 93
9 10
0 63
23 40
2 25
17 38
20 53
18 66
4 65
30 26
11 2
6 52
14 66
11 65
22 48
11 6
29 72
24 94
15 75
16 4
6 63
25 48
28 28
9 79
13 89
15 96
21 39
13 67
0 33
10 43
14 59
25 35
28 51
24 70
8 47
12 25
27 87
13 3
30 31
28 25
18 6
24 75
19 95
6 5
7 89
11 72
26 55
28 3
5 15
11 24
23 83
28 48
1 42
6 9
4 61
28 99
17 89
17 67
4 35
15 27
29 30
15 25
25 79
10 95
8 36
29 46
16 10
10 82
24 98
5 88
13 95
15 95
6 30
25 35
28 62
10 50
9 17
23 35
23 72
16 74
3 98
27 44
4 31
11 98
0 70
6 59
20 42
3 18
27 67
2 76
30 12
18 82
12 19
0 3
23 54
25 100
20 98
11 57
19 36
20 54
24 88
22 97
2 30
17 54
2 65
19 97
0 28
21 100
28 62
22 98
13 85
7 3
7 79
25 76
4 38
25 44
21 2
24 11
9 40
23 7
9 62
26 59
27 42
0 27
8 73
19 80
7 90
22 97
5 21
5 65
1 52
12 39
20 18
15 85
26 82
22 27
14 19
15 42
25 17
29 57
14 1
27 71
29 7
27 37
23 91
3 67
12 10
6 34
6 52
29 16
10 57
11 95
21 5
19 25
4 58
8 41
17 34
12 62
24 81
12 55
18 43
18 22
20 59
9 28
0 83
25 21
4 23
28 24
7 94
12 58
15 87
19 31
8 64
16 38
6 98
28 9
22 3
1 10
27 46
11 32
28 65
17 35
5 77
24 45
4 61
11 58
22 52
24 9
24 25
1 8
24 53
5 94
10 38
22 38
20 19
2 20
6 21
5 31
16 34
15 7
22 84
17 1
18 55
29 7
12 91
10 47
28 88
5 91
18 82
24 53
4 90
0 93
15 90
17 24
17 26
10 60
30 14
24 100
1 82
3 95
24 87
20 1
30 12
22 96
26 55
0 58
22 45
25 100
11 96
7 75
20 90
26 64
24 25
2 15
26 75
26 14
11 56
20 63
26 11
15 6
23 13
14 50
2 83
25 90
24 48
8 63
23 37
19 59
22 65
29 77
14 33
7 7
0 86
12 1
17 58
23 93
21 1
17 14
8 27
11 5
12 71
25 52
8 51
13 90
1 87
20 34
21 76
20 21
19 44
5 17
14 88
24 59
12 19
2 9
29 52
19 85
4 80
6 1
19 90
10 61
14 80
4 41
23 93
18 95
11 64
1 89
14 36
23 51
15 90
16 36
12 78
1 11
6 96
15 25
2 62
10 17
2 74
9 95
10 59
16 86
1 82
30 88
13 7
29 89
18 6
23 56
6 80
5 3
8 73
30 38
12 67
9 78
12 58
29 53
5 86
2 30
22 32
26 61
3 20
19 39
13 2
12 77
24 86
17 74
23 22
30 98
21 63
18 2
27 47
30 56
20 67
21 46
12 89
22 81
30 85
3 43
29 69
9 52
21 67
29 17
26 36
6 95
20 48
23 19
11 63
25 20
14 68
2 32
5 33
16 90
17 72
7 34
7 31
14 53
19 24
15 4
17 25
25 24
4 8
17 17
18 7
12 60
21 22
29 53
29 78
10 93
27 85
30 9
17 28
30 3
25 53
19 67
10 62
8 65
8 63
15 49
17 93
10 49
5 44
5 2
9 28
26 65
7 52
3 7
11 65
24 40
26 13
7 96
19 26
29 2
29 2
19 52
22 90
16 64
2 51
21 17
15 89
29 87
27 16
17 52
18 85
0 28
14 92
13 4
10 82
5 78
9 88
1 72
14 17
23 62
7 91
3 22
17 74
17 77
29 47
12 22
13 7
30 48
3 98
7 90
23 41
18 74
10 51
13 30
8 25
11 60
9 77
19 58
16 11
21 80
9 12
7 90
19 62
27 81
14 61
25 81
10 99
13 73
5 66
15 27
23 97
13 63
28 51
11 93
28 16
23 8
28 64
30 5
5 96
1 16
13 34
17 96
4 6
13 89
12 51
29 94
2 72
1 39
22 43
8 42
14 59
15 16
7 32
20 19
24 10
27 73
6 26
20 83
21 69
27 50
8 22
30 56
15 74
22 73
21 96
13 69
19 93
1 95
19 93
15 57
18 75
28 24
20 38
1 3
9 81
11 58
7 68
2 79
16 99
16 100
1 51
10 54
28 4
2 36
5 40
26 93
12 64
15 26
16 48
20 42
26 68
30 32
25 76
5 79
7 7
0 68
12 69
5 64
25 93
19 39
24 38
3 20
19 59
2 64
12 35
9 64
13 48
30 72
0 65
19 39
3 41
7 62
13 33
27 4
17 26
25 28
16 44
1 94
0 96
14 37
16 63
11 98
8 10
2 64
14 23
29 69
12 82
19 99
21 42
27 74
26 11
30 59
15 14
10 70
24 90
29 78
18 20
15 62
30 72
0 8
0 26
30 58
24 86
8 80
8 83
20 34
9 99
9 61
8 67
5 65
4 88
26 52
27 8
28 69
7 53
16 71
29 25
13 86
15 71
25 11
11 50
28 100
13 31
9 85
0 15
0 95
3 31
2 76
18 62
9 92
1 59
13 39
22 34
13 41
18 34
4 95
30 8
24 5
11 86
1 39
14 1
28 5
18 88
3 67
26 6
1 62
15 63
27 11
21 51
7 30
25 21
20 24
18 84
11 80
24 13
17 28
15 43
16 88
3 93
6 1
3 96
30 55
14 94
13 43
9 42
24 16
26 66
24 92
10 87
5 52
16 23
20 82
21 34
28 29
18 96
15 88
7 55
24 78
29 58
21 91
12 83
26 57
16 69
23 11
7 84
14 5
8 33
15 76
2 21
24 71
26 40
21 89
21 63
11 9
20 37
2 37
20 88
28 3
12 62
13 27
26 57
