100
14 95
13 26
10 37
8 69
5 24
14 53
20 31
1 48
27 58
12 71
15 8
22 56
29 26
30 89
10 50
4 31
15 50
2 4
2 45
29 73
8 44
5 33
9 54
0 42
13 50
25 98
23 92
16 26
30 94
16 14
13 91
8 78
7 57
5 83
2 3
5 75
17 68
7 7
17 5
18 3
7 68
10 85
25 22
9 31
10 9
4 4
18 15
13 79
10 37
14 66
16 18
23 72
24 56
26 97
27 80
13 91
5 84
1 44
6 10
3 46
6 18
16 22
28 10
19 66
16 91
18 30
28 54
11 82
21 49
0 6
1 100
18 76
23 46
5 36
27 31
3 23
25 30
26 44
14 48
13 1
11 48
29 47
2 42
28 25
29 40
20 62
20 47
27 29
29 19
10 54
16 83
4 46
19 91
24 85
23 24
2 37
5 91
1 21
19 19
17 7
23 84
14 87
14 5
28 92
7 25
26 16
28 71
8 36
12 62
17 39
27 18
7 22
27 59
7 22
8 95
19 5
22 6
13 72
30 25
17 38
20 21
18 29
30 77
13 95
5 71
10 97
18 7
7 53
3 53
21 59
8 3
25 40
11 54
11 74
12 58
22 30
3 88
2 42
24 74
25 38
28 27
2 2
26 31
4 61
27 92
14 43
17 81
6 39
0 15
16 59
22 100
23 78
3 8
8 56
27 11
23 12
21 99
12 66
21 5
3 7
3 68
23 47
29 19
25 30
24 69
2 7
14 53
21 7
25 14
5 76
15 40
8 68
23 56
5 50
18 19
12 77
8 44
18 68
21 64
1 84
15 50
21 84
20 64
22 69
4 14
8 26
1 37
22 45
26 19
30 91
10 21
24 9
30 31
21 67
19 69
23 44
4 61
21 17
3 17
16 20
15 96
28 75
20 31
24 68
3 62
10 90
26 15
24 23
17 5
2 33
26 7
29 4
24 70
19 65
1 28
12 85
16 97
30 26
1 38
9 92
6 44
3 42
22 69
20 39
21 22
24 33
20 49
23 75
17 49
12 62
24 55
3 81
29 56
29 82
27 26
19 89
5 87
12 93
11 99
13 73
26 69
30 35
4 89
11 17
10 30
21 32
20 24
18 18
17 3
12 77
8 39
12 63
24 27
0 38
15 6
15 49
7 94
1 70
9 40
29 49
12 65
16 12
25 100
1 18
27 85
2 34
21 24
1 32
24 10
28 24
17 60
12 56
23 31
17 50
8 30
13 25
28 19
2 93
4 64
14 25
23 40
26 79
9 88
15 94
4 41
17 11
5 57
22 19
9 25
22 55
15 42
20 29
12 54
24 63
2 21
9 2
30 14
19 96
29 56
12 61
24 10
10 52
4 62
18 21
9 86
5 61
22 55
18 65
13 84
16 23
7 80
4 53
25 13
1 42
16 48
2 75
22 2
3 62
1 98
16 97
5 12
20 9
30 62
2 47
30 82
8 83
6 51
15 24
26 68
3 52
16 91
8 38
25 91
26 72
16 80
8 15
25 46
1 12
2 86
9 80
27 54
24 48
16 49
8 10
3 26
6 90
29 70
9 81
30 11
19 18
4 98
24 40
13 82
14 10
22 93
20 79
1 3
26 98
22 71
18 70
14 51
7 53
2 75
21 54
4 34
4 34
7 87
8 71
2 96
12 95
26 96
18 58
1 68
19 40
4 20
10 96
11 48
21 90
1 35
18 83
0 89
6 74
10 99
22 70
24 22
9 86
21 7
17 63
19 25
12 22
26 17
25 37
22 26
24 93
1 53
7 76
17 41
16 20
30 15
29 46
13 24
6 8
20 14
28 61
12 36
8 38
20 9
9 42
12 57
12 64
23 67
11 80
6 4
12 59
29 28
15 24
7 82
0 16
22 10
19 51
15 38
3 76
15 73
24 74
22 47
7 3
27 5
25 41
21 63
12 82
11 56
4 68
0 52
26 27
11 86
20 60
27 33
19 90
19 69
20 19
11 74
8 86
1 93
0 49
2 21
13 83
17 89
6 38
27 49
27 47
0 38
10 88
28 14
27 80
3 73
21 80
3 41
16 13
3 16
11 80
29 52
16 43
30 72
16 66
7 23
21 8
5 19
7 81
23 21
20 59
4 84
29 48
23 67
24 34
27 37
18 74
29 4
25 84
2 39
30 21
6 70
22 3
6 83
19 76
15 67
12 24
26 53
15 31
12 18
4 14
30 80
13 93
18 99
0 60
13 17
30 49
25 52
16 75
17 20
25 2
3 30
14 88
24 2
17 18
23 70
17 37
0 35
1 35
10 61
7 33
13 44
27 82
29 49
11 25
30 71
22 28
8 21
19 24
9 94
20 30
17 11
4 46
5 54
20 64
30 46
25 20
29 23
24 87
20 21
7 94
3 34
23 93
29 9
9 29
27 63
19 56
2 19
10 16
17 77
9 62
3 96
6 9
22 56
25 80
28 40
12 3
6 86
2 7
24 20
5 54
25 57
8 49
19 53
23 16
2 47
28 28
14 85
10 31
15 49
23 4
26 78
20 58
18 38
22 14
10 13
9 87
29 27
12 17
23 31
8 41
22 76
4 33
12 7
24 2
3 98
0 68
24 45
7 3
6 43
0 74
27 86
17 47
1 40
26 53
6 55
27 8
24 63
5 99
14 35
23 72
14 89
25 60
9 15
28 12
13 36
26 14
10 96
4 33
4 67
4 90
4 12
15 93
30 36
5 61
11 43
18 40
27 25
5 70
21 68
14 80
19 21
15 3
30 20
19 63
7 43
11 1
22 61
17 79
26 99
10 4
11 84
7 69
25 86
23 54
27 41
17 82
16 93
12 18
27 7
22 30
26 39
0 99
11 17
13 37
2 34
24 61
11 50
28 72
28 52
15 12
5 38
21 84
30 32
13 9
19 17
21 46
24 68
17 18
17 56
11 46
3 35
2 66
5 33
17 84
30 57
2 39
23 57
9 4
4 88
19 13
30 33
2 77
3 65
24 3
20 19
12 71
27 27
14 98
29 49
15 95
8 26
3 81
28 77
10 32
14 90
1 5
14 65
12 41
25 2
9 85
24 71
5 18
20 36
11 53
17 96
13 47
12 46
27 20
25 5
19 44
29 22
28 52
8 20
29 99
22 25
23 4
28 45
16 59
23 64
10 21
22 89
16 18
11 51
26 38
10 88
12 12
6 79
3 21
0 63
16 51
14 1
20 71
1 66
19 77
7 2
8 31
8 39
5 45
2 29
12 70
15 82
30 38
26 75
15 90
2 37
7 38
1 35
4 57
30 45
1 47
25 12
15 18
2 17
8 94
27 61
13 38
20 5
5 86
13 16
16 25
18 53
9 30
28 67
20 20
13 40
20 64
29 18
7 35
2 59
15 50
1 63
14 78
28 48
21 11
22 63
17 46
7 98
29 24
9 82
0 17
2 1
24 60
15 65
14 48
20 72
22 8
30 99
16 54
14 76
2 52
11 66
0 48
23 91
4 8
12 35
15 72
15 68
1 100
12 66
23 82
8 19
6 70
28 11
21 41
13 11
6 57
25 44
27 35
24 79
20 3
6 66
22 18
28 32
28 71
6 67
9 12
27 69
26 54
25 19
4 16
19 45
0 95
10 32
26 7
12 31
24 85
15 97
7 28
24 84
17 92
13 42
5 64
12 30
13 2
7 70
11 85
22 57
17 69
5 49
8 66
21 24
9 32
25 83
7 17
23 69
29 6
9 36
3 100
22 73
29 84
14 12
20 72
10 85
29 91
16 25
28 59
4 38
18 93
26 62
3 10
11 100
18 55
8 70
28 46
6 75
9 4
18 42
25 96
5 5
14 2
27 22
12 77
11 48
19 17
25 21
23 11
30 59
2 46
29 50
18 33
18 28
4 76
27 33
12 94
2 57
12 21
25 66
11 38
30 35
15 82
20 88
20 60
26 24
23 7
19 41
27 73
28 29
16 4
28 89
23 11
15 61
27 86
11 74
30 90
20 82
14 25
22 25
28 96
8 78
22 21
3 42
23 38
25 76
11 26
24 86
16 1
11 13
25 45
11 94
4 72
14 89
29 1
2 10
14 2
11 65
12 31
8 44
22 41
12 39
16 64
12 86
21 12
6 34
12 25
29 79
29 38
5 9
25 60
2 91
20 33
7 36
11 87
1 69
25 46
21 2
28 68
29 64
26 29
14 47
3 97
7 78
3 8
7 36
3 20
17 22
29 83
20 35
19 14
12 31
21 45
2 55
2 73
17 57
8 89
10 35
30 92
23 66
30 38
10 83
15 30
15 24
15 33
7 26
12 74
21 25
1 73
29 72
17 12
7 52
29 71
29 56
14 53
4 82
0 86
15 25
4 25
13 44
15 90
13 24
9 63
9 45
13 83
24 96
2 54
21 12
22 37
28 13
19 49
3 74
6 51
22 35
11 18
26 11
10 55
0 16
15 22
24 49
19 62
3 27
18 39
17 86
21 91
19 82
14 67
8 34
15 100
29 13
27 46
7 26
23 72
0 86
10 85
14 91
17 52
23 6
12 93
17 54
17 69
24 46
7 44
0 24
3 51
3 20
3 16
22 52
4 47
22 21
0 89
8 75
4 92
13 78
8 83
13 80
15 96
0 70
11 23
0 22
29 45
6 53
10 7
22 76
8 4
3 100
10 24
20 97
0 36
14 90
19 68
17 4
0 76
26 41
18 2
2 30
15 87
29 32
1 8
18 37
20 89
12 58
5 60
6 74
5 91
5 36
3 68
17 16
2 50
30 65
1 20
8 59
19 58
13 5
9 64
14 7
4 65
3 77
14 46
10 79
19 70
26 92
17 2
14 40
10 4
13 92
28 87
14 62
21 38
16 25
16 79
11 76
1 81
17 100
1 79
25 84
23 13
13 60
4 64
28 58
9 80
10 70
30 47
0 9
29 92
21 20
8 45
22 33
2 76
4 93
12 83
14 8
26 65
3 33
30 62
7 23
18 27
18 67
28 75
17 47
12 72
7 96
26 10
18 5
19 9
8 63
14 89
21 51
12 90
5 88
18 61
15 86
21 28
5 14
27 56
0 71
24 50
22 77
1 81
16 40
11 42
12 23
8 84
24 86
4 14
8 65
16 49
28 97
6 87
0 49
2 49
30 38
27 44
20 73
1 7
28 90
26 13
12 45
5 99
30 84
0 11
21 9
18 76
3 48
22 95
30 25
20 47
8 40
30 91
6 11
1 41
15 67
30 75
2 8
24 78
13 53
25 67
6 53
18 57
3 85
27 95
18 36
0 94
19 95
6 100
30 62
10 82
16 32
28 98
13 62
20 81
5 52
24 60
5 63
27 37
26 15
2 20
4 89
1 27
8 8
29 6
29 13
14 81
26 44
16 9
0 41
30 72
11 46
16 44
24 69
17 52
3 39
20 56
9 63
3 18
24 66
26 2
15 25
29 25
14 91
12 73
10 49
19 99
10 5
14 68
1 60
23 3
10 58
30 96
18 70
6 11
17 93
13 51
6 59
3 77
27 31
25 11
21 61
25 63
10 9
2 92
28 47
23 73
27 82
24 25
20 19
21 92
28 56
9 21
4 66
11 51
9 43
16 53
0 52
30 34
15 94
19 18
0 25
28 87
14 38
30 70
2 92
6 27
10 20
27 66
29 52
5 76
2 62
21 34
21 40
15 29
23 71
9 10
0 73
12 77
12 25
18 57
25 53
0 85
5 92
19 5
18 40
27 72
6 91
6 92
6 44
27 22
29 30
28 67
16 98
10 63
23 54
21 66
25 88
0 24
9 82
6 40
9 7
27 83
26 22
30 52
9 78
8 84
3 41
0 48
21 87
15 52
20 93
13 73
10 72
23 97
12 36
1 81
26 58
6 59
2 9
20 84
7 80
14 61
21 63
24 34
6 32
0 80
1 40
13 8
0 88
28 26
25 36
12 22
12 73
9 78
5 60
9 38
12 53
6 15
11 27
12 54
11 92
3 4
22 46
0 90
5 98
2 77
4 3
24 31
0 23
22 46
28 28
16 74
2 77
17 27
19 7
30 94
17 88
6 44
8 93
12 43
30 96
28 62
2 23
26 97
20 14
6 13
20 13
14 1
15 51
19 25
1 71
14 65
2 24
24 34
21 25
9 98
5 75
15 29
7 30
8 4
28 24
24 28
12 96
10 40
1 26
28 33
18 9
25 49
15 80
2 99
26 25
9 10
15 76
14 92
18 14
10 63
26 48
27 43
16 45
18 38
17 2
7 86
15 6
6 79
29 63
12 98
10 80
0 82
23 93
13 58
25 6
24 22
20 78
25 96
28 47
25 21
1 91
22 47
8 65
21 64
15 25
26 43
12 35
6 16
3 70
30 10
8 63
12 70
25 22
6 89
8 51
28 38
19 15
23 38
4 49
8 94
29 81
27 80
3 100
0 52
3 34
19 79
24 80
0 45
10 1
20 67
6 81
30 32
3 76
14 27
16 78
21 49
26 67
20 24
1 23
19 81
22 77
16 30
5 2
11 40
8 3
18 63
21 31
6 40
27 72
0 54
19 51
23 42
1 95
21 85
16 44
22 62
30 44
23 48
19 81
10 2
19 43
19 10
16 1
9 32
15 91
29 44
7 34
11 73
18 49
9 22
16 79
3 1
26 10
0 34
13 61
8 61
30 73
17 63
29 20
11 51
12 24
9 4
7 52
18 78
14 85
5 90
24 16
5 99
5 43
7 76
10 79
22 18
30 91
10 32
10 30
3 12
21 13
24 82
16 72
25 56
12 51
23 46
3 4
17 53
7 97
4 22
0 89
20 38
6 46
3 89
9 11
9 71
12 12
1 39
3 32
22 60
4 86
18 50
29 77
29 30
17 94
24 12
15 93
27 92
10 72
4 21
12 22
3 74
21 67
28 37
4 54
12 54
7 84
5 80
26 52
6 38
3 65
21 18
8 78
29 17
26 41
7 25
9 59
9 82
7 42
9 26
0 37
20 67
15 91
27 100
26 43
3 46
20 28
28 29
28 51
3 60
23 95
18 38
0 100
25 93
0 14
4 14
8 81
17 71
22 80
0 39
29 7
16 70
1 15
28 57
25 61
21 53
18 61
26 66
7 51
3 35
7 18
28 35
7 53
22 31
7 49
6 39
4 89
2 15
13 60
14 1
8 41
28 84
7 30
23 82
25 59
29 71
3 17
20 53
15 38
11 38
12 42
25 27
14 54
4 15
23 72
23 23
17 61
12 25
14 74
19 19
4 90
25 68
30 84
6 18
4 46
6 77
13 66
29 45
11 79
1 60
14 55
26 17
9 81
24 7
9 87
6 42
21 37
15 98
2 11
16 96
27 33
18 89
26 67
27 7
1 48
6 93
27 87
21 95
24 53
11 2
26 31
26 10
21 6
11 36
18 94
4 18
5 63
11 32
24 97
10 86
18 29
24 5
26 7
29 68
26 9
14 65
17 62
1 19
7 91
5 94
29 100
30 11
29 88
11 69
19 10
9 73
1 9
13 62
18 5
6 33
15 26
4 38
16 56
0 96
15 18
23 66
19 28
12 54
10 1
6 35
24 50
13 92
23 87
22 52
0 5
9 61
25 52
19 78
23 1
20 60
27 56
11 60
8 35
14 88
5 6
14 34
11 17
30 51
17 84
28 16
10 13
26 58
6 47
0 85
28 89
26 77
4 68
17 26
23 37
22 10
6 65
4 71
6 11
7 76
11 52
6 35
1 36
15 22
29 66
29 21
23 46
29 79
0 31
29 30
30 7
25 63
25 24
25 49
1 4
28 14
18 9
6 50
6 47
25 86
19 95
15 67
10 61
16 89
7 38
27 70
2 71
16 22
28 26
18 55
24 78
6 28
10 50
28 68
22 49
27 19
21 48
14 2
21 43
18 31
21 99
15 39
17 80
8 36
27 2
27 18
4 100
3 10
12 23
3 91
12 16
23 20
1 99
25 3
19 61
7 38
16 19
5 85
14 44
17 85
9 10
26 73
5 5
13 28
10 45
21 16
3 83
26 56
22 88
10 63
3 87
20 35
1 11
14 87
20 69
21 79
14 9
6 95
5 52
23 48
8 76
27 95
28 14
28 39
1 3
3 89
1 74
26 74
27 5
25 6
14 79
28 23
1 55
4 39
28 11
22 68
16 86
4 100
9 74
6 13
18 35
25 5
5 36
11 70
19 92
6 9
7 44
14 94
30 13
29 37
28 26
27 3
22 50
16 32
29 97
20 20
26 40
23 28
28 9
3 50
5 84
9 87
19 74
23 96
17 69
2 13
13 89
19 11
17 59
29 51
9 22
7 98
3 14
21 87
30 12
4 79
24 24
7 15
16 5
24 56
2 85
27 20
13 25
13 81
0 50
10 74
20 89
11 31
3 4
25 65
9 85
7 7
12 95
18 84
10 85
8 83
18 36
3 69
29 87
8 89
1 67
7 54
13 57
9 56
18 13
18 25
22 92
16 18
11 94
5 39
24 62
16 90
17 86
14 45
3 84
15 39
3 57
10 56
16 45
21 98
4 88
1 48
23 57
25 58
20 78
3 8
9 6
9 69
21 34
26 9
5 38
23 56
6 29
22 28
26 85
4 40
0 37
12 91
28 61
10 62
29 5
13 18
8 54
25 45
10 11
25 51
8 20
18 88
12 86
7 99
5 50
16 80
13 24
23 79
11 78
14 38
10 11
28 20
27 65
27 45
17 42
17 71
17 94
17 69
16 4
18 70
15 20
10 36
21 68
4 80
22 8
28 43
21 91
24 69
12 29
6 7
13 40
28 53
13 69
22 73
20 84
13 90
22 28
3 29
15 13
14 3
11 34
23 87
16 3
23 96
11 84
26 92
24 9
3 20
24 31
29 4
2 65
17 84
28 40
19 65
30 60
25 19
5 50
18 39
23 21
29 70
20 51
23 78
27 22
2 90
4 66
17 24
11 42
20 58
1 35
8 63
8 55
26 3
0 87
3 27
29 12
24 16
28 29
25 99
10 2
26 3
5 90
5 96
20 93
17 51
8 63
10 37
26 32
30 23
14 76
2 88
17 41
27 28
29 26
21 37
16 24
20 14
19 37
28 15
21 6
16 4
15 23
5 26
26 60
25 15
13 51
18 93
1 90
14 18
6 15
25 92
6 61
19 33
0 44
3 54
15 70
24 57
18 29
28 55
24 39
21 79
12 72
23 28
23 40
1 29
8 4
26 82
23 66
29 54
21 72
22 60
1 44
20 20
18 48
21 16
23 80
25 4
3 56
18 49
25 86
28 44
27 78
4 24
26 31
6 36
17 90
29 80
11 65
13 47
8 81
19 69
15 39
0 84
3 3
21 83
24 31
14 58
19 79
3 78
27 95
0 59
29 4
4 2
27 79
27 57
14 43
6 99
18 8
18 60
28 63
19 8
1 41
18 86
13 99
29 26
28 1
20 58
27 50
4 10
5 50
26 36
13 25
15 24
5 7
25 89
25 70
29 51
20 99
1 7
9 18
21 62
15 70
24 72
10 48
7 93
8 75
7 73
16 39
30 70
29 30
8 81
11 30
25 81
9 55
5 92
18 54
27 79
5 20
29 69
6 51
20 8
6 73
6 31
19 20
21 43
3 72
5 97
27 19
14 4
20 66
3 70
26 61
12 56
17 53
8 54
4 81
30 69
18 29
11 41
22 51
12 17
26 48
24 41
19 58
6 8
17 50
13 64
5 1
12 66
10 68
14 81
0 26
2 55
8 67
23 38
12 36
3 65
15 85
8 86
11 77
19 56
11 6
1 1
16 24
30 49
15 48
5 88
5 40
27 28
12 65
3 18
21 73
12 53
1 90
27 90
12 19
28 13
5 14
17 35
28 76
23 45
4 82
15 67
8 2
24 11
0 59
30 68
2 78
13 53
7 39
6 1
6 55
11 19
4 68
28 88
28 49
23 52
4 55
21 77
28 56
30 15
7 61
23 12
7 78
5 73
25 52
7 7
26 89
10 90
14 92
19 81
10 21
29 76
3 28
25 100
3 81
12 41
7 49
12 62
22 48
5 71
4 26
2 94
0 100
16 92
10 76
17 65
20 34
3 84
4 16
7 6
14 13
19 18
3 74
8 21
16 91
0 23
30 30
30 89
4 41
3 56
22 40
2 52
17 99
6 20
11 93
29 56
11 22
16 70
17 65
2 42
18 24
2 83
8 93
22 49
15 3
7 61
2 95
15 30
20 20
24 96
9 98
7 77
16 30
3 55
21 83
10 52
19 83
16 16
6 24
27 83
3 25
9 27
3 19
2 35
29 99
21 82
26 75
10 53
7 47
2 50
2 2
30 34
2 31
10 53
28 22
14 58
22 23
6 93
12 52
13 5
6 61
1 53
29 54
6 57
20 52
22 15
9 25
1 27
2 56
27 10
13 30
11 50
5 40
26 17
25 18
16 39
28 97
8 46
18 59
8 58
4 59
30 41
3 85
9 7
14 8
0 81
26 80
18 93
0 92
6 34
26 80
15 33
4 46
8 53
13 68
13 13
11 55
15 59
18 10
12 5
16 96
27 87
16 89
26 18
15 68
0 54
22 94
17 12
29 6
28 77
17 53
9 20
14 9
24 42
2 87
22 73
27 19
3 85
3 72
2 48
1 93
8 49
27 29
1 96
30 98
4 68
13 9
18 36
4 98
11 93
12 86
7 36
10 89
8 71
18 25
20 22
27 13
2 22
24 48
29 16
27 81
12 97
2 38
16 12
13 59
10 82
11 91
5 89
26 80
22 31
3 11
15 68
11 87
21 33
20 89
28 100
11 79
16 32
26 45
2 99
27 11
13 80
12 32
26 98
28 60
8 79
4 16
29 45
0 75
9 1
16 74
18 91
21 73
20 62
0 20
28 47
19 21
13 98
22 31
7 13
20 3
2 43
13 73
21 69
10 47
18 12
4 58
26 99
15 90
5 77
3 20
30 28
12 52
16 10
19 36
24 100
2 20
16 99
29 16
11 16
9 95
1 15
18 52
26 43
16 42
17 57
4 80
22 60
21 56
15 88
19 86
8 96
2 73
10 66
18 96
3 98
23 15
19 17
10 22
4 32
14 18
13 18
14 1
10 8
20 58
14 18
26 23
14 53
2 63
29 51
0 46
15 6
8 90
5 13
12 97
20 70
4 7
17 67
10 96
11 1
25 56
11 28
21 57
6 60
12 58
23 18
3 15
3 3
20 86
15 6
7 22
24 74
3 71
10 86
18 79
7 14
6 24
16 8
20 50
25 18
23 5
16 88
10 46
19 14
21 48
7 59
0 63
24 50
30 29
23 60
12 47
29 49
0 98
16 17
13 17
8 65
27 77
28 46
15 64
17 96
24 22
20 84
15 12
8 82
20 38
8 78
23 15
13 23
4 70
10 7
29 27
23 4
23 66
18 99
15 19
6 51
14 96
17 14
5 41
8 90
13 36
24 36
20 65
5 78
19 28
17 10
8 53
12 69
7 32
28 83
23 69
18 73
10 51
29 45
11 34
17 43
16 1
28 86
28 92
7 27
17 30
19 18
18 3
13 57
5 26
17 85
18 10
17 51
12 41
12 19
8 41
5 1
15 73
21 19
6 56
12 60
5 77
27 40
28 98
25 55
16 17
20 13
12 40
0 91
1 2
24 8
4 27
8 92
23 12
19 86
4 14
24 56
15 82
4 65
6 85
7 96
9 11
14 61
24 17
17 1
0 79
9 66
21 59
25 2
23 72
27 56
29 90
16 15
13 36
17 98
19 35
5 35
24 19
10 2
29 21
18 48
30 93
3 86
9 26
0 95
14 23
19 57
27 24
6 59
10 35
21 9
15 89
5 56
6 28
23 56
12 76
10 23
28 100
27 84
19 95
25 81
27 48
23 1
10 66
9 66
17 8
13 70
4 1
29 11
26 88
14 92
13 19
26 83
6 80
3 35
19 83
24 41
1 61
1 13
14 74
13 71
24 94
22 59
12 39
14 76
18 79
1 55
3 80
29 53
7 54
26 64
16 35
2 59
2 64
26 99
2 21
2 88
28 55
28 53
15 69
9 2
13 73
13 33
4 56
14 33
28 68
18 73
24 19
21 11
30 20
27 39
10 52
18 53
17 19
27 18
28 62
8 39
14 68
11 49
29 94
1 41
5 67
25 51
21 59
26 60
12 93
24 10
17 31
27 34
6 39
9 32
12 74
28 91
13 86
15 28
25 5
20 29
4 4
11 53
20 29
3 35
8 56
22 29
29 50
24 52
21 59
26 90
24 55
7 38
13 74
4 81
29 95
18 77
8 49
27 61
30 57
20 85
24 21
19 52
23 33
25 23
4 14
5 71
20 100
20 46
8 48
15 70
14 85
25 55
4 52
13 18
19 59
28 62
24 80
10 51
21 67
21 72
15 80
24 33
27 10
3 93
30 92
25 57
13 91
27 96
8 93
10 38
12 31
14 79
5 59
4 41
23 63
29 70
13 44
12 26
12 14
3 19
30 12
0 78
28 7
9 37
13 76
4 8
6 86
9 38
14 4
16 7
21 1
5 84
14 20
25 37
27 12
10 60
16 42
26 24
8 15
9 91
28 2
18 68
4 39
9 20
16 98
15 5
15 11
25 58
11 28
22 32
3 24
22 23
25 70
15 40
2 61
25 96
23 3
25 85
21 58
13 60
11 91
7 19
27 2
24 88
2 18
4 69
10 86
21 7
0 59
1 65
20 68
2 99
27 23
7 41
30 33
27 77
11 2
27 34
4 48
13 1
3 87
3 74
11 31
29 16
20 32
18 4
9 75
9 43
5 39
20 60
22 56
9 78
19 44
9 88
30 12
3 39
0 82
25 46
21 28
5 38
15 38
5 97
9 100
17 68
16 15
16 24
7 53
25 38
21 92
13 31
20 98
3 91
21 41
14 41
3 46
21 69
0 68
10 47
6 96
13 85
8 99
26 45
23 31
7 95
14 27
18 94
8 88
21 71
7 5
3 74
21 27
19 62
4 50
21 34
14 29
6 54
24 20
19 37
8 15
3 78
24 22
23 100
28 64
12 89
21 46
4 97
25 70
2 42
29 42
11 100
16 3
0 48
18 36
12 50
25 75
19 64
20 93
16 49
16 73
10 63
12 51
21 48
14 33
30 77
21 11
0 28
12 94
3 97
17 16
6 56
27 68
28 59
8 93
10 37
30 49
11 71
23 94
15 92
1 50
0 46
1 40
7 80
2 94
12 52
2 28
29 81
16 81
7 97
20 39
13 61
21 46
0 43
25 8
6 72
13 33
5 8
14 12
19 45
9 6
12 96
6 18
11 61
7 84
3 17
16 58
22 23
22 59
6 73
0 72
29 9
3 79
17 99
25 6
20 67
17 77
13 12
29 83
12 57
2 94
10 8
24 41
2 3
18 68
8 41
4 99
6 47
3 22
23 67
30 10
16 97
8 16
29 76
21 60
0 26
10 100
25 58
1 40
24 69
30 35
11 9
30 10
16 96
22 97
19 69
14 12
10 94
7 12
15 52
27 77
29 16
13 25
23 24
12 88
13 96
3 1
22 43
19 68
3 74
19 89
7 79
14 96
3 13
1 51
15 52
20 69
1 17
28 44
20 12
17 20
1 51
5 64
24 59
6 56
25 55
9 32
23 71
6 16
19 24
6 90
3 96
10 47
8 95
15 79
22 36
25 94
22 39
21 58
22 88
9 18
9 67
23 8
20 39
14 83
30 90
28 77
29 46
25 33
13 81
5 22
9 53
22 29
22 18
24 28
30 22
4 19
15 79
28 89
8 79
23 25
19 13
27 10
14 28
17 97
7 27
12 89
19 30
10 19
6 55
8 53
24 35
6 20
20 99
14 33
0 84
23 73
30 72
16 39
22 70
0 50
2 52
13 24
2 80
17 76
21 11
26 39
19 4
15 99
1 84
19 87
8 33
0 72
30 12
8 87
27 24
21 67
5 4
23 70
14 100
15 32
9 98
27 63
30 17
8 62
1 20
0 72
28 28
7 83
21 10
18 69
10 14
21 13
19 73
24 34
20 46
1 22
10 28
1 86
28 33
24 79
27 94
13 74
23 96
24 75
19 71
22 63
5 38
12 25
11 61
2 44
2 30
21 44
1 72
27 52
9 22
30 59
11 5
14 56
27 41
2 98
21 18
26 25
27 43
18 34
12 12
23 65
26 91
0 39
15 20
19 86
20 64
16 58
17 11
16 84
12 2
14 79
26 81
23 96
22 53
2 47
19 37
22 79
25 8
6 16
12 60
0 19
17 82
10 94
28 49
13 80
16 73
26 53
17 42
17 90
29 33
30 92
23 63
4 23
21 71
8 36
8 33
24 96
11 79
1 83
11 1
12 95
23 79
20 69
17 93
16 89
26 19
10 5
11 44
14 24
5 41
7 76
16 12
21 14
1 70
9 17
11 76
8 79
18 95
6 69
19 48
17 66
5 54
22 68
1 60
6 98
7 66
15 78
4 55
7 67
25 82
8 72
10 100
21 40
0 64
1 21
9 29
16 92
11 74
25 11
11 3
3 80
23 13
12 41
27 16
18 32
0 15
11 42
18 89
23 31
10 28
9 92
4 25
23 5
27 78
30 58
20 91
2 81
26 33
30 26
24 13
22 78
1 36
6 33
29 51
17 65
17 23
12 77
11 68
24 38
29 77
4 25
15 41
24 19
23 43
25 41
24 32
23 91
11 81
19 8
15 49
19 6
23 50
2 47
10 23
8 18
16 6
15 2
15 87
17 60
7 64
18 78
20 18
17 72
11 18
3 21
22 30
0 33
20 24
10 65
25 87
15 68
17 100
19 24
30 80
20 17
10 81
3 25
28 95
9 56
6 33
25 93
3 86
10 42
9 45
15 18
29 53
19 92
23 62
28 97
21 9
10 24
18 80
1 18
23 47
19 84
4 70
27 80
11 88
16 52
23 90
18 74
15 63
25 73
7 53
26 30
16 2
18 100
26 4
28 75
26 37
4 89
29 91
24 36
19 61
3 98
7 90
4 45
13 25
11 79
13 66
25 81
26 95
12 97
28 100
28 12
15 44
18 13
6 94
30 44
0 12
14 41
10 80
2 67
20 54
21 21
16 61
10 83
13 4
8 76
28 26
5 71
15 66
16 39
5 26
4 91
7 28
20 7
27 86
23 73
24 82
18 45
21 99
23 42
18 48
15 70
24 35
4 37
21 57
2 5
17 62
5 99
16 86
21 80
14 87
3 5
11 68
3 44
24 78
23 67
24 24
3 7
12 98
6 78
13 10
3 74
28 43
14 100
19 83
10 68
1 46
20 32
30 96
11 17
20 80
14 28
5 85
0 85
19 47
5 76
21 9
21 8
2 100
5 93
13 30
4 75
6 77
6 8
7 67
12 48
28 36
19 91
9 87
26 22
10 60
25 37
30 25
0 82
24 1
5 47
8 27
30 95
6 30
28 51
29 23
28 31
3 89
30 10
17 68
15 73
1 60
25 75
5 38
17 64
11 75
4 73
29 40
29 61
8 86
18 75
8 41
26 21
27 37
21 54
23 98
18 30
2 84
1 83
13 21
26 79
20 59
26 13
0 75
13 74
17 50
20 22
7 9
25 45
18 26
30 46
5 7
17 99
5 9
11 81
26 34
13 67
4 38
2 94
10 44
24 58
7 46
27 80
30 10
17 88
17 29
25 66
25 97
10 2
11 30
11 26
13 49
5 32
24 73
28 21
20 41
10 27
23 28
3 30
27 60
16 49
18 13
21 66
6 6
0 67
11 56
2 26
7 2
10 98
5 3
11 95
26 18
0 23
27 83
28 69
3 14
29 89
19 65
16 7
19 85
17 24
4 30
4 33
20 6
28 42
30 98
7 13
13 64
23 22
7 86
27 41
11 80
3 47
11 81
29 28
7 74
5 81
25 63
3 2
7 68
20 94
18 3
11 1
10 37
6 66
12 50
25 5
29 12
14 83
9 22
1 67
17 38
25 22
12 44
7 88
19 2
2 15
25 9
27 68
7 75
10 38
12 12
20 34
4 5
23 72
9 9
19 46
4 75
29 4
19 92
12 59
2 61
23 24
29 46
11 68
15 3
5 72
11 29
5 63
5 74
24 53
24 55
30 49
10 80
6 100
6 83
28 16
3 7
23 37
2 27
24 9
1 42
10 62
3 42
15 12
17 77
25 84
25 82
8 91
9 92
7 43
24 44
28 45
10 21
19 43
19 20
26 19
16 61
30 19
20 15
8 96
26 100
5 85
18 11
13 11
8 17
3 84
18 40
17 21
20 38
16 61
14 58
5 49
7 20
25 30
17 81
21 92
8 14
7 25
23 76
14 47
28 12
21 94
13 45
11 71
24 8
8 39
30 61
2 54
17 48
4 8
5 81
4 14
22 48
11 90
1 50
2 29
14 94
18 52
28 93
0 49
20 95
3 46
2 25
4 59
4 66
29 6
17 88
3 98
17 19
17 27
22 97
22 82
1 21
19 57
2 74
8 71
0 1
9 73
27 29
5 88
25 95
22 94
20 19
23 48
17 67
12 35
15 72
6 73
2 81
6 54
22 39
1 60
6 36
0 84
5 55
2 32
27 39
13 74
7 100
25 82
27 51
2 37
11 3
5 89
26 53
17 68
2 70
8 66
10 93
10 51
7 88
18 82
21 78
8 96
25 28
0 86
7 98
7 41
3 52
8 1
3 93
7 92
17 48
8 92
3 50
23 64
4 90
5 41
18 56
26 66
17 14
30 85
1 75
12 77
25 91
6 84
25 70
25 37
0 60
4 66
4 88
3 84
11 29
21 1
10 93
17 15
22 67
11 37
20 59
29 45
13 3
12 34
24 11
5 100
19 79
17 62
17 85
20 27
14 69
8 81
14 96
4 3
6 14
28 47
28 52
12 1
20 5
17 61
22 83
9 98
23 39
12 4
16 62
19 68
27 18
2 88
3 84
18 63
20 64
19 98
26 9
2 56
7 11
28 29
11 73
16 4
14 92
5 21
1 4
9 93
22 67
21 25
17 43
16 4
12 26
26 11
17 85
3 85
0 14
29 82
4 76
7 34
27 82
20 36
12 43
13 4
23 63
23 95
29 48
25 63
2 17
28 65
11 73
0 13
0 6
29 3
11 57
19 76
26 74
29 11
20 88
15 31
8 18
15 87
1 64
24 38
16 10
24 38
23 81
30 24
19 41
9 97
9 46
5 26
17 28
2 6
9 71
27 38
22 60
18 37
0 100
4 79
2 8
16 33
16 28
5 72
11 52
8 11
23 42
28 60
1 58
9 39
22 59
28 2
17 23
7 1
2 28
8 81
18 29
25 70
5 51
19 25
5 74
8 43
4 7
13 36
9 1
17 47
23 2
1 15
13 66
22 39
21 97
0 65
8 13
20 89
27 8
21 74
25 81
12 86
17 14
8 84
27 27
13 76
14 70
4 89
26 19
30 85
20 28
4 99
24 62
20 54
14 78
24 13
25 64
7 10
20 70
6 75
25 39
17 47
19 37
14 2
19 78
17 47
5 54
24 78
14 55
14 56
24 8
4 67
21 44
25 68
19 36
19 94
8 90
19 86
0 95
22 38
30 12
29 79
15 83
22 53
0 65
26 92
8 68
5 71
5 33
16 83
20 99
12 59
24 64
4 11
20 68
29 41
4 28
10 95
16 71
29 4
10 17
3 60
24 50
26 28
3 40
29 67
26 69
20 67
27 98
15 18
0 24
23 44
16 87
22 33
23 11
29 16
3 71
13 86
10 68
12 31
12 55
10 74
22 97
18 27
13 64
29 29
6 13
9 48
21 4
26 23
15 34
6 24
0 80
20 66
27 80
7 51
25 96
4 5
19 61
6 78
21 44
2 69
30 95
20 5
25 74
17 69
28 75
3 95
15 29
2 91
30 54
6 18
20 30
25 47
19 3
16 79
18 20
6 82
2 29
13 27
19 83
30 47
28 92
13 77
28 4
18 42
19 50
20 68
5 18
19 48
2 82
4 69
16 87
2 18
21 23
0 100
27 88
27 70
21 94
15 19
24 47
25 46
13 59
4 30
23 56
21 63
5 80
23 6
24 84
29 99
2 61
19 2
16 75
21 68
1 4
11 52
15 57
3 21
21 5
17 26
6 44
16 81
10 2
5 76
14 26
12 86
8 52
29 37
10 54
3 99
27 98
10 50
2 17
14 35
15 54
20 79
29 31
16 44
22 46
15 28
21 86
25 38
6 21
16 14
4 98
14 68
11 27
14 60
25 8
9 6
8 39
13 27
8 94
2 78
20 19
15 93
1 61
3 78
3 51
14 84
20 7
23 47
26 2
17 27
2 67
23 87
28 85
22 42
4 28
7 50
8 29
25 97
7 99
29 90
4 52
11 76
23 68
30 40
8 31
5 29
1 77
1 40
13 59
4 2
7 60
18 51
14 45
18 77
29 27
8 50
4 82
16 80
9 46
20 90
1 62
10 86
23 72
11 82
10 68
23 35
4 9
1 93
6 77
25 20
23 13
25 35
17 35
8 18
0 62
10 20
29 13
20 91
17 97
18 40
22 56
23 43
5 10
21 15
18 52
18 94
2 58
19 97
0 87
9 77
8 42
1 87
25 70
24 41
15 56
26 100
5 30
23 61
14 92
30 97
19 69
8 19
30 35
0 70
15 47
0 31
6 63
0 10
22 89
2 70
24 21
28 9
12 84
16 23
10 51
4 6
23 68
4 17
18 18
10 1
27 7
7 56
27 19
16 15
13 31
15 87
2 40
23 86
27 68
5 4
23 41
28 48
21 48
18 37
16 93
13 66
8 1
18 77
9 68
3 83
2 20
9 29
8 71
10 75
10 30
7 11
10 50
6 20
23 30
5 66
8 16
2 92
29 65
7 30
0 6
21 88
8 65
16 53
28 15
27 58
23 59
13 79
0 74
25 98
22 4
2 45
9 16
23 43
19 2
9 64
19 61
19 8
17 84
22 97
6 75
22 80
20 81
9 47
7 58
1 74
22 37
2 28
4 1
24 46
20 97
19 58
22 79
20 42
27 67
27 73
9 47
27 19
23 84
27 5
4 88
13 7
8 36
27 68
2 66
17 89
29 31
18 39
3 24
25 18
30 65
19 90
29 91
20 72
20 98
22 73
23 70
20 42
6 80
11 72
16 21
18 73
0 68
0 57
5 11
28 47
13 41
1 88
18 73
10 12
0 68
21 44
1 73
12 77
12 91
5 40
24 32
23 81
7 71
3 22
9 72
28 6
1 30
5 29
28 99
18 43
10 17
13 75
1 35
12 99
30 82
28 67
12 49
5 24
24 52
30 13
5 1
12 2
24 57
28 74
25 73
3 17
23 40
3 50
29 18
26 22
13 82
13 93
4 71
7 77
5 54
17 57
20 83
3 48
27 21
3 15
16 55
26 16
2 70
19 16
30 91
1 33
21 66
21 97
4 57
1 31
20 80
15 23
16 54
16 87
27 70
2 6
2 63
20 97
0 59
25 98
3 33
7 76
19 16
26 69
15 83
8 20
27 16
16 26
22 87
17 65
28 20
4 94
23 61
22 10
0 87
19 31
2 13
8 99
7 81
17 16
12 33
23 20
25 79
12 53
17 51
22 19
5 10
11 22
15 34
0 56
30 60
13 73
10 53
7 13
28 18
27 14
25 86
4 73
6 9
18 96
1 17
0 13
13 59
24 11
1 36
18 53
10 72
25 37
30 94
14 64
22 35
7 93
2 20
11 10
26 42
17 93
27 94
14 78
28 3
26 57
5 41
14 17
15 44
14 39
27 85
16 42
30 46
23 42
5 3
3 92
6 32
28 69
13 16
3 54
5 41
13 76
12 17
13 54
28 97
2 30
3 98
14 68
20 38
0 91
21 74
18 10
28 77
12 91
18 80
13 68
21 33
18 49
11 63
3 99
30 75
18 26
30 25
14 82
2 6
12 53
24 93
25 5
5 41
26 96
17 41
24 100
10 80
1 87
30 28
10 31
3 88
16 100
6 23
10 88
27 75
20 97
23 28
23 19
21 44
28 89
1 10
15 37
22 37
13 56
6 18
18 63
29 53
30 63
7 96
27 65
6 29
17 29
21 67
13 9
13 52
21 42
7 63
21 22
20 3
18 89
13 45
24 12
5 19
25 77
0 78
9 43
23 91
7 60
29 63
0 55
23 51
8 19
14 60
24 4
18 20
3 16
14 3
4 54
27 69
14 86
23 100
28 20
15 1
14 70
15 50
15 11
21 45
28 87
19 21
19 26
30 8
29 99
21 40
1 81
6 88
10 14
0 82
8 84
18 18
27 83
8 63
12 66
14 85
18 87
5 32
1 38
29 42
0 20
1 22
5 99
27 55
29 75
15 37
27 26
30 89
5 21
17 22
5 43
5 55
14 91
23 50
1 81
2 76
21 53
15 40
25 7
19 52
25 79
17 72
10 76
9 36
28 57
22 51
19 42
16 91
8 83
27 43
16 8
29 15
3 48
15 23
8 12
5 35
18 45
8 23
22 48
22 26
17 19
9 94
11 9
9 27
0 82
8 71
30 66
26 13
25 43
28 61
20 90
21 17
26 79
25 28
14 17
30 76
1 68
22 88
16 45
10 5
22 95
26 52
9 12
19 43
19 59
26 60
19 64
29 30
30 58
23 47
8 21
28 86
20 95
7 26
3 19
7 8
27 88
16 24
7 81
16 11
25 74
16 28
1 23
19 21
17 9
18 5
13 45
17 28
11 48
10 15
6 18
20 52
30 38
22 30
20 1
5 78
0 60
24 33
15 13
16 84
9 10
23 44
18 34
16 95
18 97
23 100
2 30
9 24
25 82
7 30
21 28
7 50
29 24
12 3
0 44
1 86
13 8
26 15
10 7
22 80
30 39
29 48
22 85
7 38
28 89
10 8
22 22
6 88
21 43
20 62
19 1
4 87
15 69
9 75
20 24
24 46
30 77
17 1
11 94
26 81
4 67
6 18
30 38
2 11
18 93
10 42
28 99
19 53
14 42
18 51
2 55
18 77
14 21
18 42
0 28
23 57
7 73
21 100
5 4
0 5
29 43
24 4
7 34
18 16
17 18
4 49
18 17
10 54
29 28
8 62
19 30
4 74
29 63
5 67
11 26
19 43
14 16
14 78
4 85
5 4
18 17
23 88
15 73
30 5
2 17
15 4
18 81
15 10
5 72
0 92
9 18
13 3
16 3
8 80
30 91
3 52
23 56
27 52
12 51
5 81
17 41
20 50
27 71
20 35
14 23
17 91
21 33
20 38
27 76
10 68
10 63
0 97
4 59
22 82
18 70
27 98
9 91
29 20
7 40
5 92
5 67
25 38
5 16
14 76
6 71
6 79
5 39
23 73
17 68
4 8
3 35
30 94
16 52
12 33
15 5
28 2
25 7
13 60
16 14
12 93
7 94
9 84
11 41
27 19
6 49
20 62
20 67
29 2
9 100
29 22
28 48
26 87
25 83
1 54
29 76
23 87
30 72
1 13
13 46
26 3
19 33
15 29
0 12
2 90
16 71
25 61
2 12
22 7
19 78
29 52
15 59
28 70
29 19
30 2
11 70
19 16
0 84
24 86
10 65
24 55
3 27
25 65
23 7
8 17
6 45
24 1
2 85
24 14
23 41
19 36
5 82
20 54
25 42
0 73
30 71
20 6
3 98
7 58
11 4
24 100
5 85
22 19
26 48
19 88
19 25
12 13
13 59
21 38
6 13
2 72
28 56
4 78
14 13
10 34
27 32
17 99
29 66
30 63
15 80
9 41
15 30
18 58
15 41
14 69
3 45
12 13
4 29
2 100
1 31
28 31
24 19
4 10
30 76
17 43
27 61
24 83
30 79
10 96
17 82
1 47
15 30
10 11
6 59
5 22
25 98
12 34
13 39
14 55
22 5
23 44
29 71
13 32
20 12
1 85
9 45
18 10
21 63
1 99
8 82
8 45
10 57
25 42
17 50
6 70
23 91
6 29
0 4
29 82
2 51
16 46
30 74
22 3
26 59
22 60
22 82
27 54
7 26
17 70
21 80
17 62
2 55
18 30
16 51
9 37
21 57
6 78
12 3
18 45
8 58
25 73
26 6
22 16
13 63
29 6
18 88
7 31
14 59
27 60
10 53
17 55
14 59
26 100
4 53
16 21
13 72
8 71
25 45
6 50
0 54
23 25
17 36
9 27
12 68
22 52
1 86
0 36
16 36
6 45
17 85
18 4
8 68
3 73
27 31
28 11
24 4
13 20
20 56
24 100
8 86
14 93
30 93
4 92
4 52
17 51
30 36
24 28
7 17
28 19
13 21
18 43
6 88
12 27
0 72
30 12
25 82
11 98
15 64
1 74
9 63
27 70
6 25
12 33
9 4
14 70
13 14
4 47
22 87
27 74
13 91
11 52
26 41
19 47
25 32
3 89
12 29
10 49
22 29
21 17
3 27
9 37
19 39
28 9
29 4
7 2
17 9
23 22
27 9
19 14
21 80
5 33
15 94
4 73
0 91
1 91
9 77
10 61
4 31
25 85
7 89
14 67
15 39
12 57
22 43
2 13
14 91
11 53
14 71
24 85
21 13
3 40
0 12
21 2
0 54
30 4
26 30
16 56
4 28
15 43
30 74
25 94
7 7
13 61
17 9
15 77
5 11
8 44
22 26
0 72
21 7
7 44
21 43
15 56
27 86
30 60
17 27
30 75
0 48
3 10
4 83
29 33
6 84
28 65
20 87
23 37
11 40
12 46
0 39
3 76
16 85
17 24
7 86
23 79
23 18
8 61
25 51
19 32
25 77
23 68
30 95
28 82
8 23
21 61
21 95
14 37
2 97
17 98
19 52
5 8
14 75
3 96
22 96
17 77
26 29
5 58
18 57
20 20
12 24
22 72
27 52
11 14
29 21
18 15
28 8
5 48
1 38
10 28
21 86
11 53
19 35
30 58
3 54
19 21
3 86
30 58
8 29
19 5
15 16
4 46
11 5
18 88
11 31
14 78
9 20
29 10
23 78
23 15
12 40
25 89
10 2
5 5
22 8
30 38
9 80
2 95
22 69
23 75
19 90
16 51
10 8
2 6
1 85
7 52
25 75
11 35
24 32
24 9
17 10
23 82
25 56
23 92
5 17
20 13
11 49
0 67
28 50
4 77
10 34
16 27
3 62
24 2
13 10
1 9
2 13
11 27
3 4
25 85
15 65
29 67
29 57
17 30
25 93
27 11
28 25
26 92
19 12
17 99
17 76
21 84
24 8
2 57
9 63
29 69
0 10
18 12
17 20
14 52
27 28
6 37
2 46
25 71
21 1
6 27
1 64
25 45
20 43
18 29
15 36
13 25
16 17
10 88
13 36
27 31
30 71
15 69
14 25
28 66
23 33
23 50
18 74
8 42
24 60
19 10
27 34
0 83
27 77
5 41
28 85
0 47
7 31
17 88
2 57
17 54
1 79
11 45
30 76
19 42
14 11
1 73
30 71
18 21
10 65
6 74
30 45
12 85
27 53
22 73
0 77
11 36
6 46
15 52
28 1
29 47
30 59
4 99
7 62
30 99
7 92
21 67
13 65
16 34
21 15
28 31
12 8
7 87
10 17
15 91
23 17
18 35
19 35
21 80
13 35
11 20
28 68
24 28
28 70
22 77
11 84
2 55
10 2
14 53
2 45
18 27
16 26
21 1
15 23
15 16
0 13
9 49
28 68
0 17
30 56
22 53
25 15
8 9
23 33
9 20
29 56
22 39
11 90
13 23
25 48
0 71
29 75
3 99
12 66
18 11
3 60
0 28
18 47
21 30
26 12
25 34
17 53
23 22
10 9
18 82
21 94
26 88
1 30
14 82
14 92
13 43
27 46
26 47
10 37
6 17
20 2
4 91
20 38
16 68
18 17
25 55
23 74
7 54
16 58
5 57
4 6
21 50
16 46
3 20
20 69
13 59
20 49
25 5
12 66
28 76
19 60
30 89
11 4
2 57
12 93
15 77
26 54
4 16
12 56
18 68
30 5
18 62
24 9
27 7
11 73
8 95
10 49
28 29
21 37
16 80
24 68
11 12
27 58
3 25
14 59
13 71
21 38
13 92
16 2
23 66
18 92
6 93
21 91
20 64
24 54
4 96
14 16
17 98
24 2
11 16
13 66
4 18
3 66
23 17
30 63
15 27
28 65
24 62
18 85
4 66
12 39
0 82
6 13
22 85
12 100
1 9
27 63
8 95
8 22
14 9
29 2
22 35
4 61
10 89
4 26
30 43
19 9
21 84
30 53
4 28
27 90
5 59
27 83
1 100
27 85
5 34
19 43
7 16
19 94
16 98
23 43
16 64
18 28
16 1
19 3
14 24
19 97
24 51
9 92
25 52
14 25
22 6
17 10
21 37
11 98
6 33
10 39
3 4
10 90
24 86
9 9
8 36
13 100
19 54
1 85
26 37
23 76
4 4
10 9
0 18
21 38
23 76
9 50
5 84
3 35
11 36
13 19
28 99
10 76
9 91
0 25
16 77
4 33
3 39
22 79
27 52
27 45
1 76
12 95
30 44
29 48
28 80
13 26
2 97
10 35
20 75
25 12
15 71
9 35
13 21
10 95
28 60
4 57
30 48
2 78
19 41
16 29
11 48
21 72
12 2
18 51
3 13
13 15
30 57
22 92
1 54
20 54
4 53
2 1
15 58
25 3
19 63
22 58
25 47
21 23
10 18
6 76
4 63
26 65
11 72
22 99
8 57
9 45
0 90
6 29
18 43
18 45
6 96
8 94
30 71
17 61
23 39
19 1
23 49
22 12
30 43
24 53
25 6
15 48
16 50
14 16
22 4
27 94
4 7
26 14
17 65
26 79
19 15
28 52
17 15
14 90
25 98
21 63
20 15
3 44
29 1
25 92
27 24
26 60
13 57
6 3
0 66
16 31
9 65
17 73
15 36
17 84
23 24
12 44
11 36
22 55
1 1
24 25
18 55
1 89
2 25
10 43
12 17
16 50
7 14
8 16
14 36
23 97
29 36
12 31
30 26
19 55
6 23
3 52
25 56
10 6
7 79
1 11
19 92
21 51
18 3
27 51
21 42
0 73
5 44
7 31
18 75
1 29
24 12
19 68
9 28
3 48
4 92
25 84
9 81
27 13
13 90
24 79
4 46
6 83
15 17
25 86
12 73
27 61
17 28
13 53
5 69
15 97
27 80
23 68
12 30
10 100
21 95
18 9
22 3
28 42
5 13
3 31
23 69
16 86
27 58
23 47
6 57
16 40
24 27
11 61
20 95
7 81
6 34
12 58
22 90
23 77
27 5
21 20
26 94
21 1
19 51
29 45
25 63
10 75
28 97
6 21
29 6
23 40
9 45
8 84
14 27
28 77
21 77
3 13
12 15
17 55
20 43
21 28
12 26
24 7
15 57
18 96
28 93
2 4
30 35
16 59
2 60
28 31
7 34
10 91
28 94
23 9
12 37
7 26
17 42
12 39
25 15
0 57
0 14
4 16
0 43
1 61
26 72
20 62
17 30
28 16
9 43
23 13
27 84
23 74
20 24
11 20
28 69
26 72
17 94
3 16
3 59
5 24
21 78
10 19
20 5
22 78
19 15
3 3
26 86
16 57
26 7
8 64
1 7
11 36
27 9
19 22
10 70
24 8
10 52
5 88
22 73
19 58
29 15
8 61
5 85
1 45
25 80
2 67
18 86
18 36
24 70
1 30
3 88
22 40
29 82
21 15
5 61
15 60
9 92
0 19
21 5
17 55
4 3
27 72
5 55
21 54
22 21
15 29
19 2
27 17
11 3
25 26
28 82
30 72
18 36
14 62
19 4
7 80
12 58
26 33
29 16
25 21
18 96
12 66
0 29
15 33
5 58
11 98
24 56
14 64
16 15
17 2
15 50
4 2
17 64
6 7
12 64
16 25
21 31
14 87
3 3
7 19
2 58
21 90
21 63
29 74
1 41
20 100
27 78
25 83
2 25
29 42
23 83
20 45
1 99
8 12
21 9
28 3
23 52
30 34
28 78
13 34
24 86
19 75
25 59
22 53
8 70
10 5
20 17
18 49
21 25
19 84
12 5
23 51
18 21
6 61
16 74
4 49
24 82
7 80
17 14
8 69
7 100
20 37
1 48
15 39
16 90
29 20
9 41
24 54
13 19
0 88
17 48
6 28
13 65
5 81
3 58
17 41
16 97
7 31
20 40
16 22
0 65
17 62
30 70
9 10
9 79
22 79
8 12
26 38
1 100
24 87
29 56
13 77
27 58
28 33
22 39
27 20
12 58
19 62
7 41
7 53
21 92
24 72
21 77
12 13
2 98
14 67
0 12
6 95
13 70
6 3
11 79
23 8
7 84
14 92
12 48
14 27
16 45
27 81
6 83
21 19
27 3
27 29
4 11
28 5
23 51
4 93
27 4
15 80
7 93
19 82
8 82
7 23
4 19
2 54
26 2
15 81
2 17
29 40
5 15
8 89
2 17
18 4
11 91
25 48
21 69
8 85
15 77
16 17
4 62
17 72
5 51
3 2
3 43
29 7
22 1
25 31
11 83
23 81
22 4
25 9
4 30
5 46
21 15
24 31
17 84
20 33
3 50
26 63
7 24
28 78
28 28
13 83
5 31
3 79
5 35
8 48
6 7
21 74
2 56
8 2
29 99
13 72
10 89
21 2
21 54
25 4
29 51
18 38
4 7
16 95
29 79
15 1
25 59
4 92
28 90
19 70
14 97
6 13
25 93
21 6
24 94
0 51
9 4
12 93
11 17
21 32
0 34
9 3
22 55
6 37
8 13
26 29
7 38
2 57
9 85
10 8
16 92
14 51
18 61
22 19
18 69
26 90
8 48
17 66
1 27
0 15
5 48
13 62
17 81
5 70
17 8
22 40
21 6
4 97
25 3
21 41
24 72
17 57
18 9
9 59
19 69
14 1
10 28
11 98
0 44
16 66
19 56
18 6
30 74
13 24
9 90
17 61
8 5
17 61
18 36
7 81
6 41
24 88
20 34
6 36
1 48
19 46
12 6
1 56
22 93
21 19
0 96
6 31
5 66
7 19
15 50
10 52
23 92
19 92
28 55
28 73
21 48
17 1
21 62
9 39
3 10
27 32
19 26
16 93
30 70
7 34
3 86
15 98
3 14
27 78
0 66
19 32
17 85
7 64
4 24
11 59
18 46
22 28
10 56
2 16
16 58
29 9
18 5
21 34
28 59
12 61
30 47
12 13
3 38
18 1
7 12
29 16
18 40
8 67
1 18
16 23
4 1
3 53
11 74
13 64
14 78
13 10
4 86
18 97
28 75
6 33
25 18
23 65
7 33
0 98
26 48
4 50
8 82
5 86
7 68
16 88
17 19
27 35
13 30
21 34
9 69
30 49
1 67
25 22
28 17
10 22
4 43
21 54
4 9
16 6
9 17
12 92
13 25
11 12
3 66
14 12
8 43
8 71
29 74
9 54
25 57
25 75
6 62
18 20
23 38
14 72
13 34
22 42
28 16
12 80
6 33
26 41
26 12
24 12
29 70
5 43
23 13
13 37
12 67
27 57
24 23
17 77
12 36
15 73
5 14
26 84
29 83
27 24
1 93
20 80
2 9
6 95
22 73
28 94
24 16
6 55
22 2
0 96
14 58
11 77
29 9
24 96
4 34
0 86
8 75
19 60
22 100
27 22
23 48
5 3
9 4
5 44
0 25
18 11
20 4
28 70
24 8
13 63
25 21
26 1
2 37
24 89
19 29
1 33
16 65
19 42
8 68
18 42
20 52
12 64
11 100
22 47
22 6
12 64
30 41
28 100
20 11
9 68
6 81
29 67
28 72
17 20
12 80
20 77
10 15
12 86
2 93
11 66
17 15
17 51
3 24
17 50
30 30
30 45
5 74
7 65
0 87
25 59
23 98
10 62
9 22
27 59
11 62
13 36
16 26
26 72
9 58
13 30
20 61
10 86
12 96
12 63
16 48
19 80
25 22
13 35
19 35
4 21
23 54
0 93
13 72
19 61
29 98
28 100
11 96
11 58
11 44
18 85
29 12
29 1
6 28
23 14
23 67
4 47
5 54
10 68
6 40
16 89
9 18
8 82
4 34
10 50
28 84
28 40
23 70
16 65
16 47
12 45
21 32
27 52
5 6
6 39
14 67
16 22
13 44
25 15
10 34
15 33
8 19
15 50
28 84
12 100
7 31
21 11
15 66
3 84
19 11
30 40
7 57
5 63
19 63
6 75
10 12
20 71
18 54
16 15
27 100
9 35
21 38
15 26
8 26
21 5
29 59
26 88
11 27
17 34
8 53
30 43
6 26
8 17
23 50
12 16
20 30
6 18
25 6
26 43
18 15
19 55
15 12
10 84
25 99
18 4
26 29
26 69
0 65
4 85
20 87
24 50
27 66
20 87
1 28
1 30
6 34
20 51
5 39
22 97
17 96
10 2
11 22
11 61
11 21
1 73
8 86
3 46
0 56
24 23
29 43
30 55
3 36
28 22
3 41
2 8
17 10
27 2
13 40
23 47
9 96
10 51
20 63
2 52
28 55
29 51
5 89
10 27
9 5
21 39
26 95
16 95
21 62
12 73
14 4
4 54
19 46
6 66
9 55
15 3
21 10
27 26
4 41
22 89
6 12
29 15
18 4
0 20
6 25
27 45
11 74
6 11
17 70
23 8
22 65
24 85
10 9
11 67
26 12
12 10
19 49
27 55
4 40
13 1
18 8
13 84
27 52
5 15
20 28
15 60
17 66
30 13
2 16
30 61
9 33
13 75
3 99
23 47
12 72
14 52
16 15
27 100
30 46
21 82
25 53
17 93
15 49
8 92
25 64
26 89
22 19
1 14
14 26
26 43
28 90
25 9
3 65
12 63
21 61
26 11
5 9
27 95
19 2
28 26
4 69
30 42
18 23
27 56
1 64
15 13
15 77
15 94
28 5
6 23
19 18
0 89
19 93
6 31
29 57
23 33
22 97
2 52
22 61
10 60
15 41
25 43
23 87
1 78
5 73
17 25
1 22
17 55
4 27
16 4
26 18
3 29
29 56
16 19
9 39
19 76
25 68
29 44
24 8
20 50
9 5
6 94
0 9
27 79
8 84
2 25
27 7
19 4
20 58
5 32
4 61
27 75
5 89
23 23
13 100
8 89
25 55
2 12
5 60
4 54
6 45
23 83
0 34
21 100
20 90
4 22
16 19
14 88
20 58
0 53
20 94
21 94
27 62
5 61
28 43
13 27
8 100
6 15
2 53
0 17
13 9
19 95
1 44
21 51
9 79
30 72
25 44
2 84
24 29
10 73
10 29
2 64
7 92
21 21
5 3
19 24
1 36
4 100
4 56
26 30
8 72
27 25
22 7
8 35
1 86
5 79
20 49
15 28
23 32
3 43
6 85
25 83
14 19
13 89
22 36
29 31
22 7
30 52
27 42
20 73
29 37
29 64
11 48
9 66
5 25
8 86
4 24
24 94
13 18
10 16
23 19
16 21
29 54
1 29
4 79
27 41
26 26
21 74
26 76
22 27
26 48
11 61
23 100
14 58
19 17
15 74
20 87
6 50
23 7
8 86
1 29
12 18
24 81
29 36
4 31
23 9
1 12
29 63
1 8
29 79
5 72
19 19
27 11
29 42
28 52
19 5
10 80
3 67
7 33
19 2
10 88
19 53
0 59
17 63
10 38
2 86
29 85
26 100
20 91
28 100
15 78
8 38
27 10
30 47
12 61
17 80
10 27
26 71
24 52
5 48
8 59
2 52
2 36
29 24
24 92
9 9
30 62
22 68
5 93
27 14
12 7
2 62
27 93
13 63
18 46
16 4
3 88
4 83
6 82
5 58
16 28
0 82
25 10
23 55
2 89
16 31
25 88
9 99
27 40
23 35
26 96
11 59
10 19
16 22
21 88
13 10
15 100
29 1
21 57
24 27
27 16
14 25
25 31
30 37
22 23
7 41
23 28
23 63
16 4
18 9
4 32
5 3
17 36
7 14
0 25
6 96
27 55
7 90
0 66
4 37
21 30
19 14
16 67
12 82
19 10
11 32
18 2
19 46
12 18
16 41
15 88
7 92
5 82
11 20
24 26
20 48
3 62
28 21
30 14
21 19
30 50
10 11
16 26
3 8
4 9
24 69
10 35
19 51
6 23
2 4
26 71
6 72
26 64
15 89
9 6
4 16
3 7
24 27
10 100
11 26
15 55
14 27
5 64
21 93
26 4
3 3
16 33
26 33
15 15
6 38
0 100
24 98
3 74
2 68
19 60
17 26
17 40
11 58
30 2
19 88
7 52
22 79
10 43
28 95
20 9
14 28
8 92
22 95
9 80
27 32
25 79
24 73
29 9
24 89
4 95
9 4
4 34
5 52
16 8
0 22
10 50
16 44
10 58
20 47
23 40
29 36
15 11
10 98
0 94
23 77
3 37
3 32
18 59
22 89
9 70
1 48
19 6
3 56
6 63
17 77
5 48
8 81
27 20
0 59
15 25
29 22
11 44
6 35
15 7
4 97
11 58
15 51
7 86
14 47
24 42
8 82
20 24
18 40
23 91
21 48
29 37
8 39
16 97
8 72
6 5
19 52
27 17
1 71
9 65
17 81
30 69
14 71
21 68
11 18
1 67
30 44
2 48
17 11
1 100
3 39
2 76
5 93
4 89
5 24
9 36
21 62
19 14
9 100
0 78
11 44
5 72
14 1
18 76
2 66
6 64
18 18
20 49
8 12
16 91
1 67
11 13
1 42
20 81
21 86
23 22
18 34
8 47
7 59
11 14
26 38
12 1
14 37
4 2
29 61
21 28
0 70
4 18
7 11
4 47
24 65
1 6
19 97
5 43
7 14
16 12
3 71
14 28
2 42
13 54
10 25
11 23
18 92
2 52
12 25
7 48
27 57
22 10
23 92
29 79
4 19
2 91
23 16
22 92
15 82
1 7
19 86
13 21
3 72
30 5
22 33
11 49
15 85
8 19
20 8
26 74
20 40
16 97
19 100
6 34
0 84
19 85
30 20
13 100
7 13
18 92
13 84
27 79
24 96
17 43
7 64
29 85
10 48
15 29
24 23
10 87
25 87
30 81
28 10
11 2
10 77
24 75
4 54
13 56
13 81
24 63
7 34
26 58
11 51
18 82
11 17
21 54
3 74
30 5
17 10
18 71
3 12
2 7
5 73
15 14
14 97
26 45
0 95
19 57
17 16
0 11
20 74
30 3
27 18
15 10
23 60
14 6
1 60
30 12
14 30
26 58
21 78
30 92
22 58
17 48
21 95
4 12
25 1
23 50
29 43
7 83
29 38
5 76
13 32
2 47
7 5
30 35
29 23
24 38
4 17
17 66
12 19
27 36
5 46
12 51
12 96
0 61
11 22
16 28
25 40
3 38
4 24
18 96
5 93
10 34
3 41
16 37
15 80
26 64
30 69
5 82
5 48
2 100
4 27
23 96
4 52
6 59
14 24
16 33
15 4
1 19
19 12
4 52
9 78
24 25
23 47
27 71
17 36
11 68
8 34
6 81
19 100
17 99
23 92
25 92
3 36
16 69
0 16
29 36
0 64
16 36
11 51
2 72
2 20
30 66
18 80
21 93
11 90
0 46
29 92
30 47
4 93
20 2
19 76
20 66
7 17
17 44
24 41
20 89
6 26
6 68
6 75
12 21
0 30
1 28
17 23
24 23
22 49
28 21
23 18
8 27
8 17
0 23
15 83
9 94
4 16
22 61
21 76
7 59
24 18
23 2
20 87
10 1
29 45
27 78
4 46
4 21
28 75
16 20
4 5
29 29
3 64
17 65
13 76
8 98
16 64
11 67
27 88
6 25
27 100
25 81
9 13
3 98
1 35
20 83
10 19
16 24
21 61
8 43
19 8
25 21
13 22
17 84
1 92
7 82
23 52
27 2
28 73
9 12
10 95
5 63
26 56
11 81
26 87
12 68
22 11
22 36
17 37
6 5
16 6
30 91
20 23
5 45
12 63
10 58
28 80
29 5
9 94
5 41
21 98
11 29
16 23
26 81
2 5
0 39
2 44
26 99
28 98
21 37
6 66
26 54
29 67
28 43
9 35
0 94
10 35
29 24
7 92
23 57
9 28
8 28
18 74
22 58
6 97
12 59
20 26
6 26
16 84
4 75
21 77
22 52
3 43
9 11
12 7
1 50
1 81
14 17
10 93
25 21
5 88
13 86
27 26
14 89
2 81
28 95
4 26
9 48
9 32
30 73
19 20
14 89
13 99
13 26
7 38
17 39
28 48
12 55
28 91
14 58
21 75
9 74
4 51
10 64
1 16
16 12
18 68
21 50
8 89
19 24
29 76
7 20
15 24
22 10
24 82
18 68
0 36
18 50
11 42
24 66
30 7
2 46
0 37
28 5
14 33
7 71
30 8
26 23
25 36
17 31
16 66
24 61
14 45
26 72
1 30
11 18
12 58
16 35
9 34
26 35
8 87
5 95
8 80
23 9
22 81
5 45
3 98
3 61
28 92
30 29
19 1
4 40
22 64
8 94
27 8
23 5
16 44
11 60
28 7
29 76
11 79
21 56
27 93
10 18
24 22
7 47
11 39
4 11
13 2
20 53
10 76
15 37
7 26
9 90
11 57
8 93
8 10
18 52
11 75
16 96
6 28
29 59
22 95
0 30
7 15
26 16
14 70
9 60
7 35
16 100
27 44
28 47
13 5
29 44
20 52
19 88
16 22
23 43
25 21
2 55
25 87
24 83
24 12
5 27
30 56
18 14
7 68
18 66
21 89
0 7
11 7
6 16
28 49
25 35
27 19
19 78
26 72
25 83
20 30
3 85
16 48
7 69
17 46
16 49
15 7
20 77
0 32
8 16
30 68
22 90
0 11
5 93
25 26
8 69
3 72
4 63
3 79
20 50
25 25
4 93
7 63
16 13
18 90
7 48
2 26
7 22
7 56
20 46
4 41
5 79
27 15
10 79
15 27
9 24
22 57
22 73
18 80
10 99
8 46
13 26
10 76
6 13
28 45
6 90
15 30
17 75
20 83
20 100
6 82
22 52
29 95
24 62
17 31
29 37
15 34
3 59
3 36
10 82
2 15
3 32
8 87
28 72
13 20
7 49
13 11
25 85
16 46
8 42
27 42
27 12
29 94
26 67
12 16
17 72
12 17
3 65
9 14
15 8
17 8
3 11
18 91
1 33
28 66
21 47
17 42
1 42
1 23
30 13
22 55
15 41
27 36
18 98
12 12
12 48
8 81
18 54
3 44
13 16
24 37
11 61
28 90
26 15
7 38
22 93
28 39
27 85
9 29
6 53
0 85
11 83
11 92
23 90
6 64
2 59
11 46
0 66
29 94
5 79
8 22
1 86
15 45
24 63
4 23
3 78
26 46
6 27
30 11
27 35
25 67
27 88
24 69
6 77
18 94
14 12
13 11
4 80
16 16
9 30
29 2
0 21
1 86
0 10
4 56
29 27
16 4
0 63
16 29
21 63
7 19
29 43
1 100
12 5
21 11
30 19
0 61
26 40
25 85
6 80
17 17
24 38
9 42
25 60
27 91
9 49
20 35
12 1
13 99
17 77
23 21
18 98
13 36
17 65
28 23
28 94
14 37
8 10
11 36
2 57
7 94
11 27
28 7
27 40
1 40
12 38
5 76
7 55
17 38
0 1
3 57
24 74
21 8
7 38
13 32
1 75
5 82
22 19
12 49
23 87
29 87
22 33
15 28
26 76
0 23
19 91
0 48
24 23
13 9
22 75
28 82
3 8
23 65
12 65
6 60
19 7
28 54
25 100
15 4
10 29
0 27
27 47
11 97
22 22
23 4
26 10
4 82
28 60
14 100
16 56
23 57
18 91
9 26
8 27
16 78
9 52
9 45
22 20
5 4
27 77
28 71
5 31
27 30
17 40
16 32
26 78
27 21
8 2
19 2
17 23
10 11
24 91
24 88
21 80
4 50
14 100
27 99
16 49
29 47
16 37
0 37
11 10
29 59
29 96
26 82
19 23
8 37
5 71
21 38
15 88
26 24
30 52
18 38
21 69
29 97
12 22
26 20
29 14
6 26
14 18
24 68
9 96
1 73
11 99
12 32
1 68
13 56
28 28
16 88
10 81
28 60
21 96
3 21
8 47
0 46
13 70
22 94
18 78
26 65
6 74
4 70
13 43
22 80
25 59
28 34
18 40
26 31
10 36
16 20
12 21
6 17
16 5
11 78
25 60
1 48
28 22
26 29
10 6
9 33
8 51
2 1
15 73
11 34
25 94
0 29
0 73
11 77
12 33
25 14
24 97
28 31
25 58
1 9
21 89
0 68
10 52
2 76
6 48
8 4
0 72
1 2
7 95
1 44
13 93
29 49
22 75
9 98
24 76
3 25
8 83
16 34
24 2
19 50
23 29
15 73
9 98
15 58
20 88
25 49
5 91
29 96
6 18
29 87
15 80
27 13
11 84
5 70
29 48
9 29
0 18
20 8
27 26
20 65
4 57
18 100
12 81
30 27
20 34
29 1
11 5
29 25
14 79
25 58
1 1
19 80
13 55
8 90
25 96
4 61
24 66
17 8
3 24
17 20
30 28
22 23
7 46
27 62
13 89
17 46
24 57
2 47
9 6
19 80
26 47
3 79
26 31
9 59
26 75
20 53
21 95
14 46
2 45
25 87
15 30
27 33
29 84
10 66
24 57
16 100
28 12
21 14
25 22
8 31
14 44
28 68
25 100
9 49
24 98
26 50
29 27
30 89
8 10
0 77
4 69
3 13
8 77
2 9
27 51
19 87
11 72
2 24
6 82
20 60
3 48
0 90
14 68
20 1
21 5
3 89
18 66
4 95
13 82
17 43
10 6
0 3
19 73
27 60
14 90
5 21
15 57
25 2
7 55
1 96
25 52
20 5
2 16
18 36
2 72
8 46
24 65
14 61
21 16
7 27
30 85
18 5
4 58
30 15
2 52
26 95
27 66
20 37
20 37
2 74
29 90
6 55
25 10
13 11
4 83
16 56
4 63
17 52
8 97
22 31
9 6
28 99
27 99
4 7
17 16
14 67
8 42
27 72
4 18
9 40
10 16
27 90
1 84
26 79
4 18
1 74
16 25
13 23
22 57
6 72
8 13
25 86
4 96
8 33
2 47
14 81
19 22
30 74
28 53
7 39
3 13
17 79
8 49
0 82
2 83
11 11
21 42
29 84
20 50
17 49
7 48
4 98
6 98
12 71
17 62
18 47
21 76
2 34
10 52
14 11
30 91
15 40
14 22
5 7
18 78
29 59
11 56
6 3
1 90
20 11
1 37
12 9
16 60
16 25
7 7
21 92
7 59
16 70
28 57
12 12
25 35
15 24
28 10
28 85
23 52
14 90
2 53
27 15
21 20
1 7
4 4
8 30
23 40
28 39
30 11
26 26
10 3
14 48
29 23
20 48
10 10
13 46
5 9
20 61
9 13
7 100
17 84
12 65
18 76
21 79
10 45
26 22
21 84
11 57
6 20
30 82
23 44
13 53
13 11
2 75
19 78
20 75
10 23
0 97
25 91
16 28
26 99
29 35
29 24
0 46
8 28
30 98
7 17
5 32
9 90
1 24
22 37
8 18
9 89
8 11
17 48
16 30
20 75
20 28
6 52
28 8
18 28
19 100
30 92
0 14
22 14
25 16
22 9
6 71
14 16
20 89
6 76
28 78
21 46
22 87
19 61
12 57
16 34
1 18
10 13
17 21
29 11
29 70
30 33
25 25
29 96
10 46
4 62
30 58
19 67
24 72
16 70
5 95
9 77
4 14
14 59
14 79
28 76
30 70
26 16
10 76
17 98
23 81
17 32
17 94
23 39
5 77
24 48
19 25
29 64
10 73
3 65
8 60
12 54
22 69
0 91
18 22
28 40
27 3
9 92
17 36
19 2
20 47
20 46
13 42
7 67
15 61
5 5
17 23
6 51
8 86
3 95
23 96
26 58
3 87
23 88
14 43
16 61
15 100
25 14
7 4
27 23
21 94
1 5
10 63
2 88
13 93
17 28
10 25
1 1
6 27
26 73
9 24
12 7
0 14
25 76
23 37
25 47
25 97
3 25
26 100
12 61
0 82
12 62
21 10
28 92
4 34
28 20
21 46
2 34
9 50
29 85
28 97
7 84
21 36
11 28
1 79
5 99
8 39
20 92
26 90
8 34
1 11
7 17
8 62
23 24
26 6
27 67
14 57
25 35
27 82
12 70
24 44
3 87
5 41
19 75
8 28
12 90
15 94
25 41
17 14
15 60
24 87
12 26
3 96
18 64
19 88
25 44
13 64
10 60
7 41
13 92
25 65
21 30
23 91
11 65
14 85
15 74
6 28
24 1
6 18
12 95
13 65
13 47
30 1
15 99
27 74
10 25
19 66
21 93
24 88
9 61
24 51
28 36
29 33
19 90
16 83
24 9
0 63
10 64
20 87
28 85
6 76
5 68
7 6
24 24
12 22
9 77
10 57
11 60
11 76
9 27
30 78
12 20
11 3
27 82
4 62
21 36
11 15
10 2
5 80
16 20
12 7
15 21
17 3
21 47
23 91
1 16
6 99
2 5
10 41
23 68
25 73
10 94
6 57
23 6
13 75
21 68
26 39
15 9
28 92
25 85
26 32
19 60
0 84
18 35
3 98
27 91
11 83
26 53
14 80
21 38
14 20
15 34
11 40
19 87
27 73
4 81
21 76
5 39
22 38
13 4
21 4
24 47
8 30
16 99
12 42
24 23
24 39
19 88
9 66
23 29
22 30
25 67
9 94
29 80
9 68
1 83
2 96
27 51
16 71
25 89
6 76
9 77
22 37
1 34
2 23
5 89
30 98
0 2
0 87
10 31
20 79
7 9
5 85
5 43
12 11
2 32
21 80
3 1
3 20
2 14
14 71
17 63
29 22
17 75
7 16
14 41
27 64
23 64
14 31
8 3
12 8
6 38
12 47
10 77
16 100
13 6
9 8
1 43
16 1
15 81
18 91
23 23
6 54
29 48
27 50
6 97
22 27
2 21
22 58
4 13
18 84
0 33
29 94
23 95
16 30
7 16
25 53
6 31
14 52
26 19
14 61
6 22
24 21
10 57
28 15
27 74
19 52
10 99
6 1
3 99
8 49
5 93
6 32
25 91
26 97
19 83
11 20
22 21
19 12
3 77
14 36
10 32
19 88
16 41
1 50
6 33
12 49
9 5
7 27
3 38
19 94
7 51
2 33
5 59
18 18
19 8
3 24
5 91
6 44
23 4
8 32
0 58
13 64
6 12
3 8
24 47
4 11
19 75
9 23
10 12
0 80
17 20
8 25
30 95
23 62
6 97
6 28
21 22
9 7
23 17
5 89
15 53
14 11
2 90
25 79
29 62
27 50
27 23
27 7
3 3
28 12
0 55
15 98
0 7
11 7
5 99
18 48
18 23
9 51
20 33
4 37
16 44
4 98
5 30
28 73
7 82
7 25
5 55
15 15
4 93
5 5
2 77
4 1
30 47
27 96
14 82
27 43
1 35
2 50
12 22
14 88
8 60
2 58
22 65
17 47
30 7
26 94
10 31
17 14
7 98
21 32
28 46
16 36
8 76
10 81
15 89
13 76
3 15
11 32
7 98
27 83
27 82
15 71
3 69
29 78
8 60
1 63
22 8
17 12
12 64
21 56
7 67
7 14
29 40
29 11
16 43
7 77
6 49
30 43
12 40
21 35
10 51
15 55
16 38
3 67
30 80
12 83
12 86
2 45
19 11
17 94
6 66
3 22
13 63
14 97
6 31
2 91
26 70
29 8
19 96
5 26
28 82
17 91
24 43
16 43
16 96
28 80
9 47
10 66
13 37
5 28
30 83
7 27
4 42
5 1
13 28
21 72
18 54
13 99
21 80
18 16
6 70
2 80
4 8
2 72
21 19
11 60
14 79
16 83
27 13
28 3
10 53
13 68
0 23
19 19
19 26
25 21
30 88
23 53
10 22
24 70
2 45
3 57
0 99
30 57
19 38
11 93
23 4
1 82
3 31
22 65
28 93
12 73
18 81
9 74
22 40
21 51
6 87
21 37
28 71
18 81
23 68
3 61
24 34
3 61
23 61
12 62
27 81
6 82
9 33
9 73
3 6
16 70
25 52
9 4
6 30
18 21
28 39
14 95
3 73
28 88
15 97
27 28
1 8
20 37
8 22
24 96
23 17
20 33
6 72
3 1
27 25
13 6
22 91
15 43
5 95
0 12
21 25
4 44
0 81
26 81
1 74
2 53
4 33
27 83
13 61
0 5
15 50
22 96
21 75
6 57
26 6
14 64
5 96
2 91
18 99
21 47
0 80
11 17
28 68
0 87
10 84
8 29
18 6
9 30
5 5
24 22
9 13
5 32
20 41
18 38
27 36
25 18
5 75
30 26
2 86
15 11
19 6
2 99
10 19
6 34
8 23
13 82
19 100
9 25
2 68
9 25
29 91
25 81
3 56
29 84
6 78
22 11
3 29
20 75
2 49
12 60
15 83
7 41
28 72
29 1
24 34
20 37
1 77
16 80
27 63
25 67
8 29
8 70
4 2
23 83
14 92
22 9
2 77
23 76
19 6
24 28
29 17
1 72
30 98
1 63
4 14
11 27
10 48
15 28
25 50
15 39
25 68
17 86
16 44
27 80
21 72
3 97
3 31
13 25
11 65
15 70
26 76
3 94
14 27
29 72
28 7
28 18
0 13
21 95
14 47
27 64
21 77
28 54
1 62
28 74
13 90
12 19
1 99
14 75
16 32
6 40
10 34
25 11
28 49
2 46
21 94
24 45
12 67
20 30
26 35
1 9
0 75
7 41
8 37
28 80
14 96
30 46
17 70
5 66
3 2
12 54
1 99
20 25
5 45
20 66
24 83
11 28
26 10
15 42
13 62
12 47
2 76
9 81
29 35
28 23
9 41
19 60
30 67
14 73
23 21
12 92
13 45
30 75
1 39
3 14
0 72
11 12
24 33
23 53
4 95
20 98
20 42
6 59
14 15
14 65
30 6
13 69
10 24
30 7
9 51
3 9
11 2
19 93
14 69
22 4
12 75
6 97
22 64
20 3
27 44
12 87
26 95
16 60
7 75
3 14
3 22
7 7
29 98
19 98
0 74
18 65
19 84
3 17
29 29
18 85
30 3
2 61
30 8
28 81
13 58
14 2
29 85
3 46
7 20
0 90
26 83
25 80
22 96
6 85
16 17
8 78
23 76
20 46
22 26
23 68
20 21
12 33
3 77
16 26
12 17
1 19
15 7
13 27
20 29
6 62
4 53
26 20
17 35
18 85
23 41
27 51
5 30
19 83
0 68
30 85
9 10
13 56
4 4
1 43
29 58
26 77
26 78
11 12
0 78
8 37
10 64
12 72
21 29
8 84
2 95
23 33
15 45
19 45
5 47
12 48
12 84
4 16
26 55
6 52
28 88
28 84
13 4
20 85
24 93
0 93
2 43
30 86
10 18
14 40
26 5
15 52
7 95
17 12
21 7
3 47
29 82
15 45
20 77
8 37
6 7
19 25
5 49
29 13
14 29
0 3
3 11
11 49
20 2
12 40
9 41
15 6
12 41
15 83
5 10
21 51
13 98
24 9
28 50
17 22
14 10
12 71
29 34
19 12
28 59
16 78
19 25
16 65
28 91
15 55
1 81
11 17
23 11
30 27
3 72
5 63
0 16
12 69
26 92
15 31
2 7
26 24
18 67
1 29
7 9
9 16
26 15
18 54
8 84
28 22
18 34
23 45
18 6
10 21
13 42
10 68
7 57
23 11
12 64
10 50
12 42
28 5
27 30
2 62
21 5
11 35
7 67
9 42
26 77
19 70
9 95
20 24
2 46
1 2
17 62
15 74
4 18
18 99
28 6
10 48
26 34
17 37
22 76
1 37
24 7
7 47
22 45
15 100
2 21
1 6
2 75
1 79
9 34
16 94
5 28
24 37
23 55
5 14
1 75
3 18
1 94
6 38
4 5
28 55
23 49
12 98
30 43
17 25
13 86
27 70
23 1
8 2
21 2
24 64
16 96
21 12
3 76
29 57
19 39
9 58
21 38
20 50
9 83
11 63
21 25
11 22
15 55
18 85
13 99
16 59
15 9
11 1
10 7
22 12
0 41
30 80
18 85
5 29
29 44
1 69
6 86
20 68
21 74
18 67
22 55
5 58
8 59
9 9
30 9
3 24
2 71
14 76
17 16
29 57
21 7
16 33
25 88
14 6
28 98
0 31
28 90
29 90
17 74
20 61
3 60
7 30
30 88
1 19
4 69
28 68
2 19
28 13
10 86
27 17
9 68
14 46
21 79
27 72
26 75
22 90
26 32
14 87
8 43
3 46
7 93
11 65
12 7
19 61
14 21
15 95
11 13
29 15
18 90
1 80
16 44
10 61
4 58
2 20
9 99
8 50
23 43
30 99
1 96
14 35
28 66
17 77
13 54
9 54
20 71
12 95
4 45
5 86
19 39
4 41
3 96
25 17
4 90
0 63
5 27
20 71
16 65
17 1
12 47
19 82
20 29
16 87
19 71
17 83
7 60
2 5
29 75
22 18
7 59
26 26
24 88
13 3
8 5
10 6
3 11
21 88
3 59
27 67
12 66
30 78
24 25
28 58
24 91
14 57
27 14
5 18
26 40
8 46
12 73
10 48
17 7
26 25
13 34
30 32
21 5
10 38
4 95
0 45
30 44
11 5
9 15
12 59
26 5
20 92
1 93
5 59
7 90
26 16
18 42
19 61
8 45
18 58
26 25
7 82
12 35
8 73
16 87
24 50
18 69
30 17
11 70
1 90
27 90
10 55
9 77
22 94
24 54
29 95
7 15
16 3
24 51
4 4
6 84
8 24
27 87
15 51
21 56
28 41
19 83
15 76
29 32
1 24
17 21
25 64
7 60
2 41
8 69
0 52
25 93
15 80
21 53
15 58
2 88
16 16
23 22
13 99
27 78
14 74
25 30
26 36
7 74
20 33
11 14
20 56
17 99
17 3
5 50
10 47
10 74
4 46
3 89
26 59
10 57
15 64
11 9
10 84
4 84
11 84
26 79
11 68
10 67
1 82
11 72
6 95
15 22
0 55
14 50
26 38
9 14
21 59
20 36
19 29
4 2
18 9
5 94
9 89
22 73
2 28
16 94
18 64
10 4
20 80
30 23
29 86
6 87
11 22
19 70
8 67
12 1
25 29
2 80
15 26
17 2
21 84
25 59
14 27
21 44
3 55
22 27
23 69
15 46
4 83
16 3
10 20
17 80
21 23
29 36
10 7
30 60
20 81
19 80
3 33
26 98
27 59
8 29
1 74
4 32
24 10
4 53
21 94
18 37
24 78
9 38
21 63
26 3
9 41
5 34
21 97
24 70
14 53
14 22
12 85
20 85
3 8
5 73
15 99
3 64
30 11
7 15
14 87
13 95
14 67
21 14
10 53
5 48
1 66
10 6
17 66
20 88
8 60
17 51
17 50
8 50
21 73
30 78
1 86
14 86
21 46
28 100
19 29
26 18
17 24
24 3
14 23
9 71
25 31
20 7
26 19
5 96
11 55
5 36
17 91
9 56
6 42
7 21
8 100
30 100
6 22
7 31
4 70
12 75
21 53
10 55
29 30
16 53
17 96
3 52
26 79
8 26
3 34
16 85
10 14
13 73
28 15
2 38
4 30
29 68
27 36
16 5
11 60
2 78
7 67
21 13
4 49
2 20
13 99
6 37
4 68
4 85
19 22
22 89
26 62
6 18
17 56
26 27
1 12
5 42
26 23
10 36
23 61
27 96
16 96
6 50
0 24
17 7
1 39
3 76
29 60
17 18
13 72
13 53
0 71
20 4
7 87
30 11
6 72
17 74
20 72
28 12
4 92
8 87
8 22
2 90
10 62
28 45
24 79
20 18
0 53
29 69
11 97
2 18
15 10
1 59
28 69
29 83
24 64
22 22
21 23
16 40
30 89
23 77
5 81
22 4
2 79
22 42
20 38
12 61
6 29
12 58
11 79
13 55
1 77
7 40
1 21
14 73
28 50
24 4
17 96
15 36
15 41
10 98
20 61
6 54
26 21
13 24
12 70
25 98
23 14
13 41
10 14
30 43
17 68
7 22
19 47
12 54
3 32
11 4
6 73
26 7
3 34
27 2
0 97
14 51
2 94
2 98
20 43
20 86
25 51
4 72
15 63
9 89
9 12
7 3
22 90
12 61
21 47
18 84
8 79
21 54
24 7
17 19
22 59
0 27
30 74
6 71
18 20
26 99
9 49
18 91
25 83
15 71
21 87
30 84
9 43
21 24
22 35
14 50
1 11
4 46
12 62
24 13
16 89
3 49
9 88
11 8
9 4
19 69
29 9
21 65
7 32
25 96
29 25
25 62
8 80
19 29
8 86
26 47
27 94
7 21
15 70
7 40
4 13
28 8
10 34
23 49
9 78
29 92
24 33
18 81
19 30
14 79
16 26
6 89
7 94
10 37
17 76
27 85
5 92
21 46
21 94
2 89
28 63
12 20
26 77
10 48
14 2
14 96
0 93
10 62
1 62
19 45
25 72
26 37
21 99
6 87
21 48
30 66
14 4
26 66
2 100
10 31
16 26
18 24
0 7
7 86
30 14
3 21
17 70
30 48
8 62
21 73
20 62
5 13
27 94
18 36
4 45
26 90
28 59
5 72
23 94
13 43
4 20
11 63
2 9
2 63
14 8
13 17
23 16
3 61
27 79
12 36
10 3
8 57
1 99
9 81
3 74
23 8
23 5
7 56
13 41
2 93
3 15
4 22
22 33
30 98
19 40
5 60
30 31
7 61
17 32
10 6
19 50
29 14
3 59
1 81
13 13
14 86
1 76
25 14
26 97
1 62
9 96
15 29
30 93
27 60
24 91
25 88
18 64
13 97
28 67
18 44
25 20
29 31
8 12
2 31
14 20
27 91
14 36
4 15
29 99
4 47
21 22
3 47
21 3
22 77
7 57
16 83
1 32
0 16
22 57
6 5
29 81
3 69
19 2
4 57
2 42
20 17
27 20
26 60
20 29
25 32
9 80
12 16
14 76
9 25
30 93
18 94
30 69
25 23
15 75
18 78
11 19
27 66
13 50
17 94
28 58
5 15
21 60
15 79
28 73
8 95
20 25
28 7
14 75
7 44
2 30
20 66
30 55
29 100
2 34
23 100
5 59
16 79
15 14
23 68
24 57
14 100
9 21
16 43
21 29
22 100
15 88
9 61
17 91
18 85
12 15
8 33
24 66
12 58
3 99
18 63
16 21
9 82
14 61
2 58
25 52
9 49
9 22
13 7
10 21
10 74
28 55
12 61
22 16
13 15
20 36
26 36
9 55
30 8
10 54
1 91
6 43
12 64
0 34
10 19
4 83
9 18
6 43
8 5
1 58
19 35
18 63
11 8
11 48
15 62
18 69
11 53
12 76
20 43
9 26
25 78
6 63
6 39
13 43
6 10
16 29
27 67
29 2
22 89
8 87
5 30
21 73
10 82
6 57
28 2
27 78
28 69
18 90
22 40
1 49
24 61
26 64
1 25
20 1
12 19
2 63
3 89
0 30
3 87
22 88
20 55
22 62
13 70
4 48
1 69
13 4
11 46
5 76
18 37
3 16
15 22
21 51
28 41
26 27
28 88
15 17
24 29
2 74
30 52
17 7
5 66
17 76
19 66
8 54
26 41
7 73
4 12
30 25
6 5
20 92
7 16
16 74
8 63
16 61
27 94
5 85
15 50
12 55
11 76
16 15
17 51
16 94
21 74
28 94
18 90
15 21
18 92
14 27
6 23
27 97
2 79
18 35
9 77
13 24
2 62
24 84
20 71
19 80
23 97
11 9
19 75
18 10
4 5
7 38
0 4
23 82
10 42
23 58
25 45
25 59
27 62
25 58
25 74
20 13
14 10
29 30
25 84
1 88
4 6
7 49
5 54
7 70
23 46
23 3
9 42
10 49
0 61
9 54
29 82
29 94
24 62
26 21
0 57
29 98
14 24
8 77
6 99
24 23
8 7
26 50
21 90
2 56
5 64
5 87
11 48
17 43
26 5
5 67
5 33
17 46
5 5
3 48
27 26
10 85
16 24
9 5
6 5
12 34
20 48
21 47
15 64
11 16
19 30
26 89
24 59
8 65
10 67
15 87
26 8
8 66
13 77
6 47
5 84
19 36
20 44
30 45
8 38
24 100
15 90
15 28
12 41
8 97
4 85
28 82
29 57
10 54
23 75
22 47
9 40
5 88
22 34
28 59
6 92
15 44
3 27
9 37
19 65
28 79
25 49
21 8
20 30
12 72
7 72
26 81
15 55
2 40
7 44
20 14
20 38
18 6
3 87
10 1
29 16
2 23
15 21
17 2
1 55
3 44
9 38
3 39
21 56
25 52
16 95
24 90
3 67
1 2
11 77
26 96
17 29
20 29
12 30
12 31
4 87
9 10
6 56
28 92
17 95
21 2
19 69
21 30
0 13
9 41
18 80
20 55
15 62
26 9
15 71
22 43
29 43
21 87
16 43
8 76
30 56
9 18
4 39
8 7
17 74
19 17
25 49
7 68
27 54
28 40
8 77
9 45
4 86
9 53
14 28
29 100
13 71
15 72
12 77
13 48
13 70
0 45
13 12
2 5
16 37
28 2
24 31
13 4
19 61
13 39
5 42
24 57
13 22
20 48
15 19
9 22
25 1
8 90
10 37
21 80
10 74
17 70
16 45
16 47
15 92
15 53
15 83
10 30
0 4
13 59
17 89
6 62
11 96
15 80
8 84
7 86
12 47
30 29
4 95
4 98
16 73
6 18
25 20
6 7
1 77
22 67
14 52
11 44
12 26
5 95
8 42
1 88
9 3
19 6
4 54
4 56
4 33
14 50
26 5
23 67
17 5
30 75
7 32
10 48
8 80
25 11
12 97
1 8
10 64
19 84
11 51
2 28
6 31
8 69
17 71
13 48
16 45
11 28
26 94
22 24
14 8
9 85
28 20
24 64
15 94
21 55
30 1
28 74
21 71
4 57
24 92
4 60
25 81
19 11
21 24
26 29
15 93
24 2
0 93
3 2
7 7
22 23
27 20
25 1
9 27
15 64
13 20
20 67
20 58
11 45
30 56
11 55
3 21
2 97
16 51
5 65
9 3
22 25
21 1
10 81
0 73
27 11
3 21
9 94
0 2
7 19
2 31
20 20
29 90
8 49
22 17
14 96
17 29
11 82
5 66
14 39
6 93
25 71
25 21
15 60
25 63
1 84
3 66
15 43
22 50
23 70
9 7
24 84
2 53
17 20
27 14
2 50
9 88
8 21
30 29
11 58
26 48
21 28
13 13
3 44
13 53
25 46
8 15
5 37
23 34
13 65
22 53
11 16
0 98
9 33
29 79
26 24
3 59
16 70
18 66
21 71
15 18
13 57
6 69
29 99
19 81
22 45
24 28
28 68
2 53
19 9
17 84
17 15
11 19
9 9
5 19
4 76
26 78
16 89
1 43
28 72
12 1
3 30
4 93
20 12
28 29
19 20
13 58
21 72
21 54
18 99
23 71
11 45
23 27
2 44
19 52
27 79
26 5
6 22
9 65
10 73
1 23
5 59
4 76
25 38
2 79
2 42
10 81
15 51
8 73
5 88
11 4
14 26
16 13
13 57
19 38
19 24
4 71
15 100
1 48
11 35
28 43
28 44
1 83
24 30
10 11
27 96
5 21
4 45
15 6
27 99
15 18
26 55
2 60
17 6
21 27
11 82
0 72
12 36
28 31
29 82
6 68
28 59
30 65
29 36
6 7
4 74
0 52
0 74
10 68
13 23
14 36
12 97
9 86
26 41
16 43
27 35
7 13
1 42
12 64
2 59
21 49
16 18
0 18
6 2
0 21
1 59
9 41
4 77
25 69
28 50
14 49
7 29
17 1
26 14
9 53
27 100
26 25
2 92
5 84
10 43
21 32
23 28
29 48
1 48
23 19
25 87
17 41
20 90
1 47
23 30
27 92
7 33
29 40
22 21
15 44
24 82
22 42
17 4
5 87
3 90
29 60
16 47
24 8
6 31
20 25
20 72
19 46
7 15
1 50
15 75
27 5
9 16
26 19
12 88
16 83
28 29
30 19
1 42
26 21
6 70
18 26
18 9
7 85
0 58
17 53
25 42
18 98
14 4
17 66
2 17
15 48
22 86
1 13
28 66
20 40
0 44
3 6
26 39
18 58
21 21
22 57
24 83
15 19
8 86
21 77
24 82
0 94
6 72
2 41
23 76
8 45
20 84
23 28
24 35
27 44
25 12
20 65
0 95
23 29
0 25
23 56
17 59
18 83
2 39
9 24
4 71
27 11
20 22
28 95
13 80
8 77
7 25
20 22
21 71
3 56
5 89
3 63
4 18
0 29
7 10
14 94
10 29
21 61
5 58
27 83
5 95
15 1
5 47
17 51
30 80
12 87
28 25
24 96
12 91
15 85
14 41
16 70
16 84
7 73
18 66
18 80
4 87
3 98
16 85
9 20
4 54
5 73
2 5
2 87
1 19
8 40
16 48
9 19
13 45
14 76
17 91
18 48
27 81
27 49
27 76
17 87
1 61
16 7
29 92
7 62
4 8
7 64
2 92
3 93
11 5
10 21
23 38
26 62
9 8
4 55
10 100
0 99
12 82
15 27
12 14
27 71
8 62
28 3
4 95
13 39
14 5
7 87
11 79
5 64
15 56
28 96
14 13
0 30
21 2
9 55
17 49
2 35
18 69
25 99
13 89
15 100
29 100
6 100
12 98
30 7
2 52
19 54
14 31
13 27
10 74
28 12
25 58
1 38
13 11
11 24
8 31
29 36
5 24
13 63
22 17
8 71
15 47
21 25
17 63
12 14
20 94
7 2
24 62
4 53
2 19
4 53
19 95
29 47
22 58
14 92
27 78
23 67
6 88
3 60
11 77
13 94
11 52
2 2
7 55
12 20
8 44
0 53
5 4
2 4
10 28
8 95
23 35
30 19
12 44
5 57
29 4
1 77
1 50
18 32
5 14
6 32
30 16
29 69
15 89
25 66
1 34
14 24
13 19
11 77
3 95
16 79
2 67
8 59
26 92
23 56
7 63
17 53
13 4
28 94
19 84
4 81
7 65
20 46
19 38
18 20
20 45
13 12
1 18
21 55
1 14
9 83
13 85
16 42
8 42
26 14
8 30
24 39
2 54
15 43
21 41
28 12
21 76
10 6
6 96
18 37
25 38
28 11
21 21
8 57
19 81
30 49
0 50
22 45
13 56
27 25
25 30
26 11
26 25
0 46
16 4
19 53
6 9
8 73
19 71
10 96
29 4
0 19
10 61
8 14
29 90
25 22
27 41
23 22
0 29
19 2
23 89
28 67
24 2
12 51
15 43
11 47
24 36
19 60
20 29
2 40
14 52
23 3
26 58
12 80
8 27
12 34
12 51
26 16
0 85
1 1
10 71
12 44
10 95
28 22
26 55
21 99
3 78
23 17
26 24
27 85
3 43
8 63
24 52
27 16
25 38
22 48
8 58
20 9
26 1
14 43
11 38
21 44
25 55
26 42
19 76
30 67
4 63
26 91
0 51
30 49
10 34
6 13
19 71
29 80
1 11
7 51
9 30
7 32
24 40
14 60
17 82
10 30
30 75
19 22
4 55
5 73
3 73
7 91
23 36
19 26
17 74
29 45
12 70
15 70
2 42
10 24
7 100
17 49
1 75
14 92
27 34
26 55
18 72
30 58
12 17
12 41
12 33
22 86
8 40
7 30
3 79
11 2
13 85
19 29
14 29
10 76
22 6
30 21
8 95
23 32
3 32
25 41
29 36
9 85
9 64
6 18
23 5
5 6
9 95
25 8
6 49
7 94
9 22
0 50
16 75
30 35
16 94
14 25
24 19
21 28
11 55
22 23
19 60
5 72
17 68
18 41
22 33
28 42
6 37
30 28
2 22
15 24
4 63
18 93
12 36
9 38
5 87
30 4
28 96
20 13
9 68
6 87
25 20
20 45
16 33
17 87
0 34
9 4
8 33
11 76
22 11
25 43
5 7
14 53
29 43
11 61
0 64
22 2
6 17
12 87
14 6
12 99
28 72
7 93
20 59
23 34
4 51
1 10
7 79
30 46
28 44
10 29
22 96
10 97
16 99
17 26
20 74
6 40
21 46
25 58
14 15
15 74
4 90
27 51
26 99
11 67
29 65
12 59
2 65
30 20
16 2
11 37
29 58
11 57
10 41
15 29
3 59
27 12
19 100
20 40
19 92
22 16
21 62
18 77
6 1
13 51
14 55
26 56
12 53
10 58
12 9
8 79
16 76
16 45
1 78
12 1
16 47
10 65
4 95
3 41
22 31
5 77
7 76
2 24
16 90
22 73
7 2
21 38
3 4
28 47
6 23
10 67
27 64
1 54
20 35
25 98
24 39
21 78
3 31
4 12
4 8
20 47
18 85
5 1
5 52
4 31
6 80
25 95
12 78
8 90
28 9
12 81
0 11
5 76
10 11
4 22
7 76
8 62
17 65
27 48
24 95
10 21
29 80
26 34
2 56
25 9
17 51
2 9
21 11
21 58
10 69
16 98
17 95
22 81
19 28
11 37
9 68
3 83
25 84
20 69
30 70
16 23
20 99
4 52
21 80
20 24
24 44
9 30
14 81
27 27
27 87
24 79
4 69
20 77
5 18
17 2
9 62
23 36
17 33
28 89
28 54
14 48
13 23
15 49
12 32
15 46
24 34
4 64
21 31
20 63
20 75
24 28
10 58
24 78
13 77
17 33
17 54
14 75
14 52
24 38
27 3
10 22
2 80
18 66
20 96
17 17
30 31
21 53
21 11
1 66
8 5
28 9
13 97
22 31
2 26
5 41
9 30
8 70
5 99
23 33
13 56
16 76
19 32
25 30
25 95
15 76
15 30
7 24
21 84
0 22
3 70
0 4
21 24
12 72
12 25
10 3
26 45
15 4
19 94
8 90
14 93
12 4
16 37
4 62
15 64
27 24
6 79
0 88
9 26
3 52
15 51
11 17
11 20
9 100
20 69
22 47
15 73
30 25
7 16
9 61
0 14
21 43
27 48
18 46
8 97
5 49
20 79
5 27
30 10
1 77
13 88
5 40
30 64
23 66
1 44
12 49
29 43
3 50
10 14
2 94
19 84
17 70
3 3
4 75
3 99
12 36
14 56
13 60
14 12
4 40
28 66
7 18
7 74
21 7
30 98
15 87
17 54
15 45
4 94
0 3
29 4
9 61
6 37
20 68
6 87
0 54
17 6
28 18
29 84
2 11
16 55
16 99
3 61
27 53
16 99
18 57
9 89
13 2
28 54
24 2
18 16
30 63
12 3
11 59
11 74
13 65
15 2
4 40
6 5
5 74
15 83
23 84
0 27
20 77
26 74
24 73
30 66
23 95
24 37
27 91
12 52
14 39
3 15
23 100
11 45
20 49
23 52
14 91
18 52
12 60
0 33
26 43
15 65
22 56
10 46
13 17
14 10
10 23
8 31
27 60
29 30
26 31
7 48
6 44
16 31
5 31
2 32
7 9
10 25
21 93
4 86
18 53
20 100
27 28
30 9
18 82
19 34
1 15
20 7
15 76
14 20
8 21
21 64
9 100
9 66
30 98
20 72
2 3
0 25
19 10
25 39
11 41
12 8
12 39
28 98
2 27
19 47
28 62
25 79
15 46
2 95
10 72
12 44
12 89
16 2
28 16
0 56
28 40
11 99
8 31
1 51
1 15
22 20
21 81
19 80
22 80
10 19
15 91
9 83
4 66
20 62
1 28
29 13
6 7
7 39
29 51
5 60
13 74
25 41
4 91
25 58
21 99
29 90
8 94
3 31
4 46
29 52
10 52
7 55
22 81
25 34
22 56
16 49
16 49
26 43
13 75
21 45
17 16
10 18
27 10
18 8
19 17
16 95
9 59
25 88
0 35
11 68
5 29
22 13
29 72
12 20
16 74
2 45
0 9
9 71
14 1
24 49
8 88
13 55
19 11
25 61
9 25
12 41
20 3
10 58
2 56
0 36
11 82
12 49
10 17
3 62
10 99
14 98
4 42
13 50
20 76
11 12
24 34
25 78
14 14
8 52
11 93
20 14
8 36
2 94
4 61
28 40
1 42
3 49
8 50
25 30
22 40
6 1
11 40
26 11
14 90
7 27
25 46
22 81
18 21
17 34
10 22
5 58
8 84
0 23
3 1
19 34
1 45
12 91
18 56
10 90
12 92
30 36
16 88
10 22
30 47
15 94
9 27
16 66
11 63
6 60
26 92
3 5
18 82
21 7
24 20
2 50
14 22
3 61
1 49
2 68
11 78
11 90
8 47
25 59
22 67
24 3
13 44
7 34
29 58
22 40
15 18
30 37
14 23
2 57
14 97
8 81
7 68
14 42
28 25
8 83
30 22
21 44
11 63
19 16
23 72
0 13
18 5
7 69
3 9
28 91
17 81
23 95
7 4
16 32
30 7
8 13
20 20
25 83
23 27
11 4
5 83
3 36
9 48
27 58
5 68
13 51
30 31
15 43
14 96
22 77
10 32
3 88
20 62
7 89
6 65
27 32
17 24
3 61
22 35
3 94
20 38
11 23
8 69
10 38
15 78
12 43
18 87
22 65
7 17
29 42
9 90
26 27
19 64
0 17
28 62
24 5
4 22
20 44
18 46
8 33
21 99
23 47
29 87
1 87
23 37
25 75
16 9
25 28
21 51
28 32
1 47
10 12
16 66
7 44
15 33
21 80
28 19
19 2
27 93
11 95
19 63
8 12
11 33
0 57
26 84
25 41
23 52
23 55
16 97
9 11
23 84
2 12
4 20
12 23
18 67
24 74
14 96
8 22
30 59
18 22
8 33
29 29
0 73
29 24
1 15
15 74
8 54
7 75
6 81
9 3
21 77
9 61
17 62
0 99
9 3
26 48
30 92
9 66
25 44
13 8
1 39
3 70
13 72
2 13
29 85
0 70
23 90
28 96
10 98
28 9
21 76
13 99
26 78
22 95
14 81
16 1
6 82
28 2
26 95
23 52
25 47
4 95
15 84
28 36
9 12
0 84
26 1
23 61
9 57
24 5
29 99
7 4
20 40
1 9
27 96
19 23
21 5
1 38
21 62
21 78
27 35
7 35
23 58
29 62
2 18
6 13
29 52
27 90
3 55
27 75
29 51
10 81
23 60
1 2
7 11
28 40
2 54
26 84
5 22
26 50
21 59
21 88
12 46
2 98
6 3
3 81
5 81
29 13
22 38
16 53
16 95
6 8
13 15
12 44
1 22
13 48
20 54
19 92
5 36
8 92
30 85
29 71
28 12
1 42
8 35
24 21
21 42
7 18
3 33
5 37
15 12
20 14
14 95
10 79
18 9
17 10
17 11
28 2
21 93
6 10
0 43
4 100
6 100
26 59
28 24
12 44
1 89
29 98
10 62
18 39
16 68
20 48
8 98
21 32
20 86
29 38
17 51
16 28
28 47
10 30
8 27
17 45
20 87
30 67
19 20
3 37
24 68
5 71
13 23
10 19
8 69
30 30
14 79
3 76
0 98
18 9
22 89
26 58
19 12
12 34
1 56
11 24
11 40
5 87
26 87
0 4
12 67
14 20
16 69
23 56
24 48
6 71
3 46
27 80
17 25
2 11
13 70
4 45
26 24
4 65
17 19
4 84
26 93
13 64
0 30
12 70
11 91
25 85
22 67
1 28
0 2
12 65
2 33
21 26
28 3
27 78
21 68
5 76
18 58
4 85
23 59
30 35
22 57
12 34
18 74
16 52
0 85
8 72
3 16
12 7
19 23
1 82
27 63
0 54
15 52
27 49
19 83
14 77
25 17
7 13
8 20
28 94
21 72
27 85
19 15
8 45
6 45
3 4
2 46
21 46
19 63
8 3
10 25
10 11
29 86
4 25
4 87
20 90
4 13
16 19
2 54
8 90
12 2
1 76
12 45
26 31
30 57
12 80
28 11
29 100
25 92
25 11
9 28
3 87
18 27
2 76
25 100
27 57
18 47
5 60
1 42
1 74
16 50
9 7
1 94
14 8
25 99
15 71
21 7
1 85
14 72
22 39
30 96
2 31
26 22
18 97
8 4
21 90
23 40
30 81
18 43
15 40
19 56
3 82
4 52
5 2
14 13
15 8
13 56
21 64
2 5
24 48
28 95
21 83
13 79
29 85
5 74
30 53
21 52
20 6
9 40
16 45
26 93
25 83
15 84
13 56
19 49
5 22
12 83
13 31
17 24
25 15
2 36
7 26
25 64
0 16
9 29
25 4
19 84
23 10
28 96
30 69
27 50
17 30
8 74
11 93
19 96
2 93
13 59
17 86
8 60
21 18
5 78
30 76
18 78
13 86
28 88
5 86
5 36
14 40
25 84
26 5
2 99
8 8
13 83
0 68
9 15
28 23
0 97
0 65
0 48
11 77
26 6
5 57
7 72
28 11
10 19
23 58
16 40
24 9
27 73
14 56
9 48
13 79
27 50
0 24
7 83
30 43
12 73
1 89
7 2
22 94
25 81
6 49
22 45
30 9
15 42
17 94
21 46
0 20
1 45
15 56
3 90
11 27
28 97
3 5
19 87
5 75
4 83
26 12
26 62
30 15
7 18
21 74
12 30
24 57
13 26
28 12
6 49
20 12
20 47
21 90
17 68
30 87
29 64
18 31
2 69
22 68
12 88
5 8
13 8
26 60
2 33
19 57
17 66
16 64
7 34
29 45
16 83
24 43
22 61
23 32
2 8
3 89
16 59
27 87
21 79
0 70
27 78
3 100
8 71
7 36
27 97
19 91
17 73
27 10
11 36
24 12
12 20
6 36
9 37
6 9
6 41
2 24
19 97
0 90
28 76
0 28
20 81
20 73
9 67
7 53
12 67
5 81
26 28
4 51
22 40
4 32
13 100
17 72
20 88
10 77
23 2
3 93
4 99
27 78
20 67
14 68
27 25
11 37
22 46
29 2
9 52
11 100
20 75
3 70
22 30
8 97
6 81
23 88
19 91
2 51
23 3
21 72
2 40
4 70
5 62
4 13
6 53
22 87
25 56
4 25
24 94
7 89
17 35
0 97
0 55
29 56
6 6
11 86
6 72
15 4
21 2
18 57
28 46
9 67
18 69
23 93
2 1
2 73
24 91
7 49
15 57
14 37
10 99
30 68
0 71
13 55
8 87
6 68
9 6
10 67
23 82
24 2
20 8
27 28
11 12
24 71
22 84
25 32
17 10
25 33
6 63
11 71
13 21
14 66
30 67
21 95
25 90
2 66
11 71
14 63
27 63
19 75
25 52
7 53
5 83
4 100
27 42
5 19
0 21
11 79
27 63
18 92
20 91
24 55
3 78
12 99
15 22
14 31
25 89
19 57
19 89
10 99
29 5
17 87
12 61
16 39
14 21
14 42
7 100
0 98
27 5
9 96
22 76
20 8
22 47
5 37
25 50
27 18
11 79
17 21
23 17
10 4
12 72
27 34
14 63
5 91
11 51
12 13
29 78
10 75
22 73
6 32
3 29
11 58
0 29
5 37
22 10
19 68
14 41
23 31
23 88
23 78
5 49
3 95
28 34
25 49
26 65
27 83
6 31
27 88
29 56
13 87
9 81
13 58
4 49
20 55
25 63
27 90
3 89
29 4
9 25
11 100
24 35
21 38
14 36
6 50
25 61
10 68
22 6
26 11
14 72
19 69
30 87
14 71
13 69
18 79
30 99
8 91
14 95
24 48
23 99
3 23
25 70
29 55
24 50
22 49
9 69
24 21
0 74
9 83
30 61
3 4
21 14
0 42
8 40
12 5
9 70
12 90
10 12
30 83
11 83
17 77
16 83
4 84
29 45
28 7
13 13
2 12
23 5
8 75
2 36
11 12
17 34
27 50
29 68
20 78
5 89
22 36
26 81
6 92
9 42
9 35
13 99
7 33
16 99
12 76
1 71
28 39
2 100
9 65
19 40
14 17
11 96
23 11
19 28
6 74
27 82
27 33
25 3
6 17
21 42
2 97
21 7
17 35
8 54
9 12
17 61
11 9
21 3
22 14
18 36
15 94
24 29
7 21
10 54
25 33
18 39
3 31
29 76
1 77
21 16
27 50
21 57
2 5
14 92
29 87
4 89
19 23
11 25
12 19
29 73
4 58
29 46
3 4
22 54
12 74
15 85
4 6
9 44
6 56
19 90
30 76
27 26
6 16
30 28
10 18
30 83
19 34
20 21
30 89
13 10
24 87
25 15
23 43
1 64
5 100
9 22
16 65
28 61
19 59
16 29
19 24
21 91
21 22
15 12
9 89
5 4
26 10
11 26
18 5
26 95
28 87
20 47
14 66
5 66
26 92
24 22
21 70
11 35
27 13
8 7
23 99
9 2
29 44
15 49
14 73
19 59
14 100
28 43
20 96
22 16
8 83
30 29
17 29
1 33
16 51
8 11
0 86
19 60
24 95
30 5
28 98
14 63
2 73
28 1
1 26
10 70
0 25
5 28
26 14
29 84
20 43
4 74
22 88
9 56
21 47
26 66
2 60
1 34
25 86
15 2
28 30
2 89
20 69
27 68
21 96
5 68
6 44
13 13
16 72
3 77
13 73
15 68
0 1
30 82
29 10
10 23
9 61
29 12
30 12
22 25
2 28
11 40
29 57
11 95
25 79
6 74
27 57
17 85
20 39
6 91
4 74
18 58
24 28
6 49
5 63
21 85
5 8
24 41
2 58
26 3
14 90
28 16
24 72
23 49
28 71
30 62
2 23
14 74
19 31
3 93
17 41
26 36
27 50
25 76
14 8
27 46
21 29
20 62
11 83
16 3
21 25
11 20
9 93
16 54
14 48
25 42
1 70
28 17
23 40
11 63
30 40
3 56
3 48
16 31
3 99
9 19
0 21
19 76
0 12
0 55
15 16
28 18
6 60
14 27
3 49
19 87
16 78
1 19
11 7
24 77
15 3
5 31
7 19
8 91
6 62
27 32
1 48
7 63
20 95
8 36
16 71
24 78
13 38
27 3
18 24
16 71
10 69
6 17
24 23
6 76
2 23
24 62
2 37
18 84
7 77
4 21
25 87
21 11
14 13
17 84
0 96
7 15
18 17
9 22
19 82
12 44
21 31
7 66
16 10
4 17
2 55
22 54
26 69
30 95
28 60
24 16
11 95
12 94
19 65
12 90
22 76
28 43
12 45
7 33
29 81
8 100
0 12
10 99
9 51
23 62
21 34
2 45
16 98
12 89
27 74
8 59
17 90
9 42
29 80
25 56
21 12
10 54
26 81
2 67
5 79
19 99
27 58
6 13
20 47
26 53
3 21
29 9
14 59
30 33
26 14
21 35
25 63
10 81
10 89
22 25
7 3
1 34
16 47
26 13
3 77
8 73
17 13
22 39
21 76
17 53
18 95
28 41
7 37
6 51
15 66
0 69
2 63
25 60
19 94
14 100
1 51
29 31
10 74
8 37
5 44
16 11
15 34
4 91
23 2
28 81
9 95
9 59
7 71
19 52
2 12
1 21
21 21
8 36
4 99
7 51
18 87
11 14
25 94
2 8
9 21
12 50
21 60
13 38
30 27
30 76
21 59
8 36
3 60
15 67
4 23
18 83
19 38
16 45
22 78
6 84
17 48
17 11
13 3
8 81
3 78
5 63
8 27
12 49
18 74
6 59
14 34
29 99
29 29
25 60
20 25
2 46
14 99
16 25
5 32
10 43
24 68
26 45
21 32
11 51
9 55
12 80
30 19
27 76
1 44
11 75
17 79
25 39
25 77
10 10
18 63
10 30
26 82
26 95
8 7
17 52
28 61
19 87
4 2
18 24
29 7
27 51
29 15
12 17
15 83
17 56
4 7
15 26
29 58
9 21
10 77
6 4
16 80
25 98
27 45
22 45
30 51
23 59
21 64
2 31
26 91
21 28
3 75
27 33
23 94
9 91
26 34
17 48
14 32
0 78
21 40
15 36
1 24
8 17
14 85
25 78
13 55
19 46
6 97
4 36
18 76
19 89
16 73
14 4
22 45
21 6
15 50
11 40
6 27
29 89
24 64
14 64
26 8
11 36
12 38
4 97
21 26
1 17
5 72
29 23
16 62
29 81
9 11
18 92
18 89
1 48
12 62
2 49
10 20
23 6
5 47
7 81
14 50
17 76
11 29
8 12
8 6
6 88
9 18
7 5
15 48
19 12
22 85
1 66
5 30
29 45
16 65
22 8
23 48
5 53
12 28
30 85
22 38
24 77
1 20
4 26
1 48
5 9
17 99
4 77
3 77
29 36
29 37
18 47
8 74
0 43
27 91
4 53
26 46
13 22
1 69
29 91
2 55
11 75
19 42
3 73
7 44
23 5
1 62
2 83
2 28
29 49
1 62
24 14
22 74
4 84
18 36
3 94
19 82
6 19
24 48
20 20
6 43
21 30
9 77
22 65
22 48
28 83
20 26
5 14
18 75
24 76
6 59
14 17
30 95
28 36
15 33
30 98
23 99
6 71
15 31
21 64
29 48
7 99
19 50
28 58
10 84
22 97
24 78
0 65
3 100
1 67
3 79
30 63
6 81
19 34
4 93
25 52
21 21
11 94
0 43
10 40
7 97
13 41
23 64
17 6
19 2
12 15
4 53
18 81
12 41
12 37
23 14
21 76
9 51
2 38
29 52
24 27
13 7
4 89
21 42
14 54
10 38
21 19
22 41
20 48
23 36
1 67
26 1
7 51
1 68
16 83
16 32
0 9
16 88
1 20
16 93
16 100
15 71
29 49
29 46
10 56
8 18
23 96
20 77
8 57
9 71
21 76
28 90
30 71
15 84
6 53
7 47
0 45
25 35
21 26
16 41
0 4
23 8
9 67
9 26
4 47
28 45
21 99
22 85
15 33
3 96
15 13
10 90
6 19
13 68
20 16
25 29
12 12
26 10
27 51
26 35
3 48
26 96
26 8
17 28
22 30
16 94
30 64
0 46
25 23
20 46
2 78
27 17
26 35
23 16
14 93
19 3
13 78
25 17
23 74
11 64
28 9
18 40
14 97
13 25
17 68
2 79
24 56
15 50
8 15
15 30
2 42
16 59
0 60
15 83
17 97
24 46
19 76
25 5
30 37
14 12
28 61
29 54
15 66
23 47
1 48
13 69
7 44
22 19
7 9
3 1
21 5
11 63
19 50
18 32
12 94
17 73
25 51
6 97
27 51
22 17
4 43
26 1
5 20
22 68
11 57
8 39
18 40
23 13
5 37
11 30
9 92
3 21
18 86
7 31
26 93
7 11
22 32
18 36
14 6
7 82
5 8
24 75
30 24
27 76
11 69
29 68
6 50
25 61
18 68
28 63
26 41
28 38
20 89
12 25
9 55
14 77
24 84
29 19
3 63
17 33
11 17
7 28
28 93
25 16
29 47
21 78
11 15
12 65
8 7
26 100
18 96
1 90
17 5
4 75
20 95
15 90
19 44
19 90
3 33
2 52
9 9
2 84
24 15
18 8
27 89
9 18
27 96
14 52
21 67
13 84
20 29
23 31
25 56
4 12
16 39
11 99
23 16
