100
19 73
1 81
19 77
29 32
13 84
16 33
25 45
9 17
5 61
19 13
16 73
10 95
27 30
12 56
12 89
27 28
2 36
28 39
16 94
30 3
13 7
13 23
8 63
16 71
10 50
9 9
15 79
14 22
1 35
6 90
22 56
21 8
15 85
0 24
5 35
15 54
3 58
22 19
26 23
10 45
3 98
25 79
11 26
13 33
23 84
2 40
20 11
1 58
28 54
28 62
19 2
0 64
30 38
29 93
17 53
11 28
25 74
2 76
15 86
13 20
5 44
20 37
3 42
6 56
25 72
12 19
25 19
20 93
11 41
21 67
4 82
7 47
30 20
26 31
20 82
12 49
3 86
9 37
29 61
3 40
19 78
27 41
11 91
17 43
27 41
15 71
8 85
10 96
17 30
25 64
6 87
21 85
25 11
27 49
9 61
11 66
30 95
30 17
8 88
29 58
30 87
30 89
16 4
11 53
24 15
11 80
12 75
28 10
12 4
5 6
11 47
13 89
10 67
30 46
30 55
8 85
2 63
20 73
21 3
26 94
0 1
9 42
20 47
11 51
22 20
26 29
14 79
6 33
1 51
6 88
5 48
19 17
25 54
26 25
6 50
14 30
21 37
6 31
19 54
24 16
2 73
11 17
15 41
9 94
2 58
24 4
13 29
2 4
13 75
1 47
25 77
22 48
12 19
5 44
16 56
18 35
27 55
12 46
14 29
20 46
22 55
11 58
11 6
4 33
15 71
13 53
29 52
2 69
23 32
16 94
30 1
6 20
20 9
19 91
22 16
6 48
28 89
5 80
25 15
14 2
29 41
2 64
13 58
16 64
22 56
25 98
20 2
15 61
30 74
13 62
25 32
5 45
27 55
10 71
12 38
3 32
27 96
28 94
19 25
5 88
9 92
29 28
15 63
30 55
2 75
8 12
14 6
17 92
10 65
10 53
15 91
23 81
9 5
15 78
5 82
21 59
16 27
24 14
26 96
1 91
27 73
2 49
3 60
7 92
29 10
17 86
12 79
5 50
19 57
29 63
23 78
2 38
24 30
11 100
18 97
8 67
6 82
14 57
28 21
16 61
5 99
22 100
16 5
20 54
1 15
1 1
30 29
7 3
13 6
7 36
20 84
12 68
13 63
0 85
3 68
12 64
27 25
10 8
30 97
30 26
24 28
9 15
28 97
10 85
28 19
5 39
22 42
28 17
19 12
14 11
11 23
27 21
19 85
25 47
27 27
0 48
16 51
20 67
15 14
12 71
12 22
4 33
11 34
27 2
5 79
12 99
15 94
29 30
10 44
4 60
15 4
18 35
9 34
24 23
8 83
14 83
11 59
2 39
11 6
0 98
30 71
8 48
26 81
23 3
10 81
20 84
25 49
27 57
11 78
12 15
29 39
16 24
9 79
29 67
4 31
29 2
18 52
7 87
7 92
27 24
7 54
11 38
0 51
2 22
19 36
13 1
10 85
12 99
9 69
1 75
20 96
19 34
6 19
13 69
14 68
15 50
12 45
20 97
5 21
5 21
17 65
3 62
14 24
13 16
4 63
17 68
18 12
9 86
5 57
20 14
13 25
13 8
17 83
4 30
5 29
0 31
0 43
11 27
15 75
14 71
5 39
26 64
21 76
1 29
22 42
5 86
22 76
19 70
17 6
30 26
11 98
3 45
22 81
16 44
3 52
17 5
22 99
24 54
0 74
20 75
21 9
5 57
3 100
26 66
15 43
22 14
14 27
15 100
15 98
15 68
24 47
4 25
5 34
9 43
18 55
5 6
6 37
27 73
22 64
1 75
15 88
26 4
2 88
1 64
17 77
9 57
6 46
14 53
18 1
11 6
29 46
19 57
7 37
1 15
23 31
11 72
12 96
22 1
9 68
3 64
0 29
8 96
17 13
7 52
28 45
7 82
30 87
6 82
22 65
14 30
7 63
2 31
14 66
11 52
28 92
3 31
6 51
2 4
7 80
0 16
3 55
17 12
7 67
7 28
11 68
6 100
23 19
5 62
20 6
18 1
8 56
20 54
23 79
10 52
14 11
14 100
5 68
9 14
22 91
8 7
30 47
1 27
13 32
21 46
19 19
16 2
25 25
28 25
30 33
16 55
11 57
10 14
13 21
29 43
22 65
19 53
15 100
16 90
27 50
24 28
16 25
27 9
8 34
7 99
30 33
2 32
9 60
9 79
12 91
26 53
7 6
17 51
8 52
18 63
12 73
8 99
5 98
30 1
27 6
24 15
1 57
27 92
21 9
12 39
12 76
16 4
19 14
27 46
26 23
5 95
16 94
6 11
30 15
6 21
13 16
5 47
26 16
16 27
14 71
23 78
7 46
20 71
24 21
5 33
25 73
13 33
7 92
10 20
28 69
13 62
10 87
24 45
0 28
1 59
20 81
10 46
6 24
26 98
28 7
11 48
28 72
28 94
17 94
0 98
14 87
26 66
7 8
10 49
7 53
9 66
25 56
7 74
8 49
5 57
14 2
27 26
17 21
4 66
8 35
15 82
27 89
20 78
27 47
24 1
11 94
4 74
1 71
8 13
24 61
9 49
11 79
24 85
9 66
20 76
20 67
23 66
19 15
9 25
21 23
2 57
21 92
19 88
5 10
3 50
25 76
3 40
9 72
25 68
5 86
10 96
15 74
21 23
17 19
9 5
22 46
13 25
0 81
23 20
17 80
25 33
18 56
5 72
12 77
28 6
17 75
19 94
16 93
10 66
30 15
4 52
5 42
30 9
30 63
16 94
13 87
5 77
26 54
6 10
22 77
0 83
4 59
27 44
4 52
14 28
10 78
16 21
15 97
28 47
21 35
25 7
29 53
0 88
13 11
24 9
26 89
22 71
7 41
14 90
25 20
23 91
6 94
27 1
11 83
20 94
19 91
6 70
11 28
9 53
12 75
15 43
14 82
11 23
18 72
17 46
2 78
19 89
14 8
20 70
29 58
21 81
8 44
7 71
9 39
23 27
29 75
15 41
24 57
21 53
19 66
13 5
22 57
5 82
30 41
7 83
16 37
30 56
30 100
14 47
30 16
2 76
18 27
15 92
28 70
22 50
27 11
25 41
15 79
18 95
27 18
13 30
12 27
18 95
23 52
28 13
14 97
26 88
6 30
17 1
16 88
21 80
4 51
24 40
5 84
29 4
17 72
1 71
25 3
25 51
27 73
1 38
12 79
21 69
13 26
8 93
29 10
24 66
4 8
4 73
6 21
10 63
28 97
11 73
15 87
14 18
18 3
27 17
28 68
12 65
9 50
20 19
13 30
22 32
10 19
23 15
22 32
18 20
21 96
3 100
13 100
12 52
17 95
18 61
15 81
24 75
15 52
20 73
1 49
30 52
13 13
5 63
14 17
22 42
6 29
8 19
19 71
1 98
21 30
14 38
22 90
4 31
3 77
14 97
7 42
23 75
17 5
0 10
2 99
6 100
24 31
25 71
1 80
30 64
14 15
9 93
2 72
20 55
22 85
24 3
30 32
18 3
23 38
5 49
13 50
22 58
6 31
17 1
4 75
7 37
17 76
23 22
29 93
23 69
21 45
11 92
0 68
22 33
22 29
1 17
7 100
28 29
21 61
0 72
26 5
17 79
14 53
11 50
0 69
11 8
14 54
12 38
3 61
18 74
19 56
12 9
8 95
4 28
6 22
21 95
17 60
1 20
2 82
19 87
27 44
13 27
2 97
22 43
7 76
21 79
13 84
3 75
21 50
10 89
2 83
9 58
17 69
16 52
21 72
17 62
27 89
15 59
26 90
25 49
3 81
14 1
7 51
11 58
20 66
4 99
6 26
7 86
29 73
5 23
23 28
6 5
16 89
19 97
23 72
3 50
18 33
30 35
13 65
1 57
13 93
8 73
17 72
4 100
27 77
12 60
1 64
13 95
16 99
28 65
24 19
18 41
1 40
20 2
6 59
23 52
0 28
2 23
11 77
6 23
30 16
21 29
21 88
17 80
27 50
10 32
24 3
8 87
27 73
17 16
23 7
2 87
25 67
21 5
12 87
8 92
22 45
11 89
10 39
10 71
12 11
21 98
23 8
0 67
25 8
9 82
10 74
30 33
17 87
4 68
13 69
20 34
26 3
4 92
30 11
20 29
11 30
18 96
9 27
1 49
25 18
17 100
22 100
28 48
6 59
9 5
10 69
10 97
5 98
27 88
5 8
29 31
16 77
10 91
22 55
17 43
21 85
11 86
23 7
8 22
15 78
18 74
18 77
28 74
6 68
0 16
26 78
9 8
11 97
7 36
22 37
7 91
29 67
25 19
23 96
20 12
12 80
16 35
25 84
17 36
28 22
0 9
14 83
7 56
1 50
24 46
18 56
19 16
19 70
24 28
1 41
5 32
8 44
15 85
29 89
8 57
4 28
0 52
17 61
5 84
9 10
23 39
15 13
7 9
30 61
11 47
19 100
8 76
23 3
24 17
24 24
7 82
4 62
27 75
10 17
19 35
9 35
22 52
20 46
8 78
6 90
19 49
14 75
29 22
30 14
5 33
3 86
29 62
22 47
6 81
2 84
9 71
19 61
24 38
28 51
22 21
26 89
16 34
29 67
29 89
8 47
12 75
27 57
27 99
24 44
8 86
13 40
10 99
7 75
6 83
10 49
14 32
21 98
11 51
23 70
20 43
28 20
25 99
23 85
12 99
19 14
17 78
9 6
10 1
29 53
18 39
14 67
20 73
6 55
29 8
16 65
21 34
27 33
0 46
1 75
17 78
17 47
28 15
15 35
17 83
0 16
22 64
2 64
10 3
18 89
19 37
18 34
8 12
7 26
11 23
17 82
5 24
12 47
30 78
21 67
11 59
5 15
3 61
10 46
18 35
25 81
11 72
5 68
16 39
21 91
14 84
17 16
28 93
11 42
8 69
12 10
19 71
27 72
25 51
0 42
14 86
28 84
24 24
16 26
3 69
9 19
6 9
28 99
16 63
29 86
10 65
1 40
21 35
29 26
24 31
3 30
21 98
0 75
7 24
18 74
26 55
3 9
27 25
23 4
17 3
19 67
28 3
10 82
19 61
3 37
24 79
20 94
12 56
26 25
25 44
21 38
8 12
24 11
4 54
25 18
12 10
18 31
15 64
23 23
1 45
29 84
6 23
14 72
12 64
5 97
30 11
1 88
23 61
2 23
25 65
18 17
6 3
16 84
27 93
1 54
16 13
4 42
28 78
18 40
30 51
27 26
23 55
0 56
28 80
24 95
10 1
17 56
20 9
6 23
27 94
23 66
11 21
11 37
6 18
30 66
24 40
6 59
27 49
23 52
3 30
21 94
5 98
14 33
28 7
16 82
23 81
28 80
15 31
24 6
15 63
10 4
6 43
15 96
2 98
25 15
19 75
19 55
15 35
0 60
19 15
19 30
18 78
9 69
13 45
18 1
25 96
20 88
5 91
28 3
14 49
14 46
25 77
19 60
24 40
1 61
19 62
27 62
1 30
8 21
24 29
21 11
25 56
2 30
11 1
5 77
3 75
1 71
25 14
20 28
27 80
5 19
10 82
23 68
1 69
17 98
23 50
28 22
16 82
29 59
17 27
15 46
25 19
9 97
24 60
23 99
10 57
9 36
0 99
26 41
3 67
10 18
3 79
24 75
18 3
26 96
23 39
23 29
8 53
3 18
23 44
19 24
7 71
20 79
6 82
13 48
9 56
24 36
17 21
13 48
15 9
18 95
23 63
25 35
25 93
27 93
13 87
14 98
13 32
24 76
12 32
30 14
9 40
1 67
6 31
16 62
27 11
1 94
9 50
13 90
15 95
22 22
11 20
9 79
2 36
26 86
9 79
3 44
3 41
24 1
6 91
22 94
1 4
22 5
6 8
13 52
28 12
15 45
2 31
18 36
11 67
3 39
23 8
3 32
17 98
8 21
21 34
9 15
20 93
14 37
18 26
24 94
22 2
30 73
2 22
3 79
26 75
9 92
27 97
18 80
13 90
1 10
2 85
12 12
4 63
30 10
30 90
11 4
27 48
28 27
6 1
28 2
23 87
0 20
10 28
27 5
7 82
20 93
24 36
10 100
4 37
30 49
11 13
29 11
15 16
12 6
19 68
1 9
4 46
7 1
23 98
6 76
12 57
28 13
30 8
5 72
6 47
10 64
0 42
3 14
27 66
0 77
6 90
12 100
12 95
16 80
2 61
20 12
5 84
0 51
5 88
10 14
7 36
10 97
11 54
13 29
28 85
11 94
5 86
26 2
9 86
15 88
14 1
24 68
4 54
8 69
17 63
20 58
18 49
22 5
17 3
21 21
24 90
21 82
29 41
13 37
6 20
10 47
9 4
17 30
15 25
15 91
12 64
15 17
15 25
9 55
15 35
12 41
24 84
16 8
28 41
5 87
18 76
21 58
3 63
21 19
10 71
5 37
8 52
27 63
18 25
19 71
21 33
11 57
13 12
16 51
28 8
15 100
17 70
23 93
28 79
20 90
2 29
14 99
23 31
26 11
0 1
28 18
10 34
21 77
18 32
18 10
29 83
7 36
19 43
29 80
29 56
14 56
20 90
15 69
5 33
28 77
19 77
16 40
14 23
1 31
27 76
8 99
9 20
2 98
24 64
28 36
19 48
15 28
4 3
8 75
3 69
0 79
16 23
28 85
6 88
21 93
28 12
3 3
15 58
22 41
17 80
11 2
4 42
4 17
5 13
16 9
28 94
9 24
26 85
24 72
1 11
23 96
10 43
14 78
28 83
28 69
15 26
13 25
6 35
1 25
13 36
22 43
21 60
24 9
10 58
23 55
6 35
26 54
23 15
0 55
26 23
23 60
21 71
21 85
27 11
26 19
4 31
5 60
23 15
11 28
14 61
1 9
10 57
29 68
14 54
3 28
10 93
20 59
23 72
27 48
17 7
17 53
27 43
30 16
6 63
12 75
13 81
1 13
18 99
4 48
5 18
10 82
5 99
25 74
1 15
0 48
28 16
12 100
8 56
11 73
22 21
25 46
10 91
4 34
0 28
11 73
28 86
8 15
0 88
14 47
29 14
2 69
18 4
2 80
6 59
17 37
23 94
0 55
9 53
4 28
2 62
0 76
15 28
21 43
0 72
16 31
21 84
16 41
16 85
12 3
15 59
21 82
20 85
28 83
22 50
27 52
18 57
23 67
18 18
27 1
11 70
24 32
30 49
7 26
19 86
13 83
20 99
20 96
15 65
0 43
9 4
5 24
19 69
6 19
7 54
17 34
20 52
27 13
26 18
23 69
5 10
12 44
21 24
28 32
9 70
6 22
17 15
25 66
14 2
7 78
0 66
20 77
18 43
22 2
19 91
14 40
17 80
4 79
4 77
16 10
14 6
14 62
20 89
27 25
14 79
28 32
7 23
25 7
5 27
24 35
16 89
14 74
3 8
13 35
12 76
16 32
6 88
17 48
30 75
29 9
1 42
8 93
18 97
11 38
11 91
17 52
16 77
11 70
24 3
9 37
24 56
29 96
22 44
29 82
5 56
14 92
27 64
29 100
13 77
0 38
19 26
13 55
6 45
29 15
12 83
16 66
3 20
28 25
26 100
11 67
9 10
8 52
22 6
12 59
6 66
9 91
13 85
28 48
5 72
21 50
8 16
25 83
17 24
21 35
20 41
14 62
10 90
0 40
5 12
1 28
14 69
9 86
23 33
25 65
25 79
10 74
16 89
1 90
23 5
2 11
24 2
4 41
5 9
12 79
25 18
2 45
16 50
13 42
30 76
10 69
24 31
20 66
3 79
4 31
26 43
18 2
16 41
30 63
11 1
12 26
19 88
20 10
30 41
20 60
6 93
24 96
4 70
24 35
13 67
11 10
18 70
13 8
30 75
20 62
0 70
20 38
10 56
29 94
8 1
21 37
16 14
13 61
4 82
11 14
24 1
6 87
21 25
2 69
29 46
12 97
3 39
19 83
30 45
6 61
6 60
28 48
21 50
14 4
3 80
22 14
27 38
8 82
9 96
6 99
17 52
29 19
30 72
13 41
25 79
9 16
16 50
18 8
6 72
7 20
11 42
7 18
2 37
9 71
18 52
2 61
17 72
20 30
5 48
18 82
6 24
28 81
7 60
15 16
22 26
25 5
14 60
9 100
2 63
15 5
17 75
4 83
20 28
22 6
24 54
14 25
24 79
9 65
17 34
18 36
24 41
25 80
14 62
30 55
11 16
15 25
17 58
24 34
2 85
8 27
0 79
14 4
0 5
21 13
1 4
15 57
20 90
0 73
3 88
3 39
25 78
23 73
15 42
20 85
22 43
0 41
30 98
6 53
23 29
7 15
4 38
28 77
21 75
9 67
9 83
13 80
20 30
8 50
9 49
19 32
30 63
5 97
11 60
3 28
7 52
25 90
22 58
30 21
29 95
15 43
30 54
8 23
29 66
29 99
28 35
30 68
10 35
10 87
29 89
27 85
25 70
28 55
16 99
21 100
18 31
27 7
24 8
29 60
14 87
24 1
15 89
21 68
21 29
9 51
10 17
0 68
1 42
3 51
10 7
14 56
17 85
30 83
1 58
22 11
15 12
1 2
17 6
25 70
12 14
5 76
0 43
29 34
11 40
28 67
2 14
22 63
19 65
24 36
30 17
11 84
4 3
23 50
17 66
3 92
11 27
7 74
25 100
16 64
19 14
20 83
2 99
1 40
4 34
9 53
15 99
30 22
29 72
5 1
16 14
15 92
0 13
0 66
14 23
26 12
9 2
26 83
27 9
23 67
12 91
28 62
0 87
5 35
18 22
0 55
18 96
0 95
13 61
7 58
28 27
27 100
17 76
26 79
8 64
16 52
19 99
10 98
12 72
14 60
7 7
6 33
16 65
23 13
1 28
29 41
9 72
22 26
1 29
0 27
26 66
24 89
19 40
28 37
11 81
3 58
2 61
17 94
17 10
3 49
29 100
5 50
30 86
14 39
11 38
0 44
23 78
16 52
3 62
25 19
27 10
7 82
5 66
16 7
5 94
23 23
24 30
23 32
3 91
4 21
7 24
25 100
16 36
5 6
5 4
9 22
23 71
22 3
16 64
10 37
4 84
6 86
1 27
24 91
11 45
2 79
23 14
1 83
3 2
3 65
19 71
7 29
10 31
19 67
28 41
28 8
17 90
18 100
5 43
12 68
27 23
18 27
27 41
30 100
9 9
24 35
6 46
8 84
21 90
17 55
18 75
27 39
4 69
16 3
6 23
16 29
5 50
3 6
25 76
22 56
11 56
17 62
3 48
9 16
16 76
5 89
2 80
28 32
11 5
29 89
25 27
7 64
6 83
24 39
4 74
12 42
19 96
7 46
10 12
3 27
20 81
7 22
0 66
11 52
7 26
8 24
14 31
19 80
27 18
13 72
16 100
15 23
22 28
10 82
1 22
7 30
7 80
5 66
15 12
11 78
7 90
29 16
22 39
8 47
3 88
15 18
7 66
15 34
10 29
4 81
30 59
21 85
8 62
28 92
26 81
3 23
25 48
18 92
17 75
6 39
28 94
2 40
7 53
9 98
16 34
6 30
14 30
29 48
0 96
14 76
3 79
7 48
22 30
17 58
25 71
24 7
7 72
30 82
15 43
28 66
12 54
5 49
11 6
0 71
21 81
9 31
1 19
7 34
8 93
14 21
17 20
3 31
20 9
7 44
26 17
13 37
10 68
3 72
1 6
20 21
21 45
5 38
27 18
24 3
9 88
26 5
4 19
10 22
13 47
16 12
6 51
6 90
14 66
10 50
24 67
15 47
12 18
14 69
29 3
29 56
4 24
6 70
13 21
2 43
29 76
4 69
12 78
12 6
23 66
1 65
15 18
19 65
16 48
13 25
0 20
4 66
25 75
30 72
5 81
4 25
18 100
3 97
17 42
22 51
22 11
12 66
10 98
11 38
3 56
11 95
18 80
26 57
10 66
4 80
30 51
16 45
9 69
19 53
11 54
26 43
28 79
11 14
10 51
14 7
26 74
20 28
0 99
11 52
5 79
24 32
6 42
12 21
24 75
3 87
29 94
13 81
1 40
12 8
18 77
3 59
12 27
19 31
21 47
30 9
13 53
9 48
22 56
20 4
18 77
16 62
11 63
20 20
6 22
20 69
21 54
25 69
7 95
16 24
12 20
7 68
9 97
19 60
5 89
19 12
0 54
21 98
16 51
13 22
17 51
11 52
22 39
22 47
14 28
29 49
22 50
2 8
15 7
30 1
14 41
6 86
27 76
5 43
6 90
3 30
10 76
7 86
10 84
25 22
28 25
27 96
26 8
6 82
24 54
16 4
21 41
27 31
20 28
14 38
3 50
21 41
3 1
16 42
19 91
22 16
1 98
15 76
25 74
19 87
25 33
16 66
25 92
14 4
24 4
16 47
18 27
24 28
2 30
17 58
30 86
18 35
27 29
5 90
17 18
13 38
10 2
19 17
14 36
25 85
2 33
2 63
26 31
4 61
0 33
28 83
16 99
29 33
21 22
22 57
15 30
18 97
6 59
13 100
5 56
17 47
2 64
4 47
21 48
21 23
9 67
29 58
19 65
22 95
13 62
2 19
15 1
12 55
28 60
20 86
1 23
19 27
13 95
22 8
17 95
28 6
14 92
28 50
11 64
22 68
15 91
21 54
12 28
4 40
17 57
19 19
2 28
14 88
26 25
23 83
16 58
2 86
19 78
1 77
11 11
2 23
28 76
26 43
5 19
18 82
26 33
25 64
23 32
0 63
19 93
2 1
9 3
7 89
10 58
8 16
10 69
16 69
5 22
27 33
25 76
1 22
8 99
3 39
6 66
21 95
23 62
18 15
13 78
29 29
30 26
30 54
9 19
11 8
7 26
13 75
25 4
21 37
26 39
28 7
10 66
15 88
28 16
29 40
28 28
9 81
7 8
13 28
7 72
15 30
18 95
17 26
2 39
20 59
1 94
11 86
3 94
8 82
12 56
11 41
15 67
5 73
6 44
27 59
15 96
25 72
27 90
18 32
24 40
28 76
15 98
22 73
15 67
20 96
25 33
10 100
10 33
14 68
20 33
12 86
9 16
2 39
13 92
9 37
17 32
18 29
0 34
7 84
17 37
4 21
16 62
10 92
8 79
6 24
1 16
20 7
16 37
23 57
2 33
21 65
11 86
6 22
30 79
26 55
5 12
7 30
14 51
12 9
29 1
10 14
20 84
29 92
15 72
22 66
21 1
27 76
28 5
15 44
28 38
14 2
18 37
29 7
0 67
22 100
2 60
19 71
26 3
16 23
19 58
30 69
16 42
22 81
13 49
16 22
29 65
20 96
13 84
3 10
12 64
1 33
9 25
19 44
17 87
18 5
27 20
1 95
2 70
22 84
14 45
22 5
11 20
20 43
21 24
2 2
25 74
26 40
27 6
8 10
11 60
29 60
4 58
28 26
12 48
20 52
23 34
27 8
27 91
16 97
4 56
1 43
1 74
28 32
7 16
5 60
18 45
11 8
8 12
23 80
6 70
22 91
2 69
29 15
7 49
29 82
1 90
14 17
19 77
18 48
19 45
4 49
29 70
0 90
15 11
4 75
19 37
0 72
22 89
21 69
22 43
13 45
28 70
23 49
3 95
25 3
28 96
24 97
16 20
7 35
1 36
22 10
8 57
29 66
3 35
2 86
27 22
7 96
10 95
14 100
14 73
3 80
14 80
8 56
7 1
6 86
1 16
23 91
27 18
28 20
17 92
1 83
24 11
20 13
2 21
29 41
8 96
26 32
3 73
0 63
9 61
29 60
7 65
25 16
26 61
27 97
22 73
28 25
30 90
22 91
13 16
2 30
28 57
17 53
5 90
18 78
18 77
26 42
6 28
15 37
3 45
1 13
15 70
20 78
23 95
14 26
12 64
14 64
15 91
18 63
17 98
3 56
26 9
30 57
18 85
11 41
11 82
14 34
15 41
5 78
25 44
24 100
8 91
5 86
10 64
4 80
14 65
15 53
30 30
15 47
6 73
2 15
1 43
26 80
27 51
15 83
23 26
23 23
12 91
17 63
24 21
21 98
5 13
3 33
20 21
1 76
27 89
14 82
17 93
26 28
27 73
12 86
1 8
22 92
27 6
1 91
20 47
3 74
6 86
26 6
4 54
13 31
17 44
10 63
11 89
28 30
16 79
6 96
9 42
25 29
25 35
19 76
6 51
25 39
8 47
9 64
1 19
22 52
4 15
18 74
1 40
4 3
6 3
29 28
2 85
6 13
8 80
9 5
13 59
9 46
7 97
8 100
25 15
9 72
16 25
24 1
0 42
21 75
5 81
20 86
27 62
29 67
6 96
7 14
15 4
24 55
2 98
20 13
13 22
24 43
30 33
0 59
2 19
8 13
16 65
29 37
3 27
6 60
19 100
18 29
28 10
6 11
3 54
0 48
22 13
10 93
16 22
22 86
17 93
10 19
21 41
17 11
14 19
10 27
11 12
8 80
28 62
25 51
20 73
23 13
18 73
26 92
18 51
26 45
12 7
24 69
2 85
28 44
23 1
28 46
15 60
30 4
30 91
12 64
9 19
10 5
11 25
21 10
16 70
20 78
28 14
0 41
7 98
13 86
6 9
16 97
11 37
29 9
3 99
4 31
27 25
2 55
11 40
30 1
27 50
8 88
5 10
0 67
25 73
14 28
11 87
8 18
24 84
30 7
25 46
9 39
3 24
15 7
8 61
2 67
29 66
9 94
6 10
4 77
8 27
25 21
22 46
25 26
25 87
13 71
9 2
0 20
2 33
12 72
19 87
17 34
9 58
13 8
19 6
12 91
8 32
25 70
14 36
22 92
8 99
29 30
27 46
5 92
28 55
16 34
16 39
8 98
4 22
10 35
30 18
3 30
30 44
13 28
18 14
12 73
6 88
13 82
13 96
27 59
27 31
3 50
11 50
28 75
8 50
2 9
18 41
3 56
14 27
13 77
29 51
4 40
17 21
24 3
7 6
13 65
8 58
10 45
5 67
6 7
19 5
5 92
30 81
19 21
21 93
23 62
9 2
21 12
14 12
23 46
2 82
21 2
28 59
14 12
6 11
16 46
8 26
26 5
27 82
0 46
19 43
6 40
14 19
15 73
1 43
28 79
6 15
22 16
1 56
24 6
29 43
25 38
23 7
25 63
26 50
20 55
30 13
8 4
13 89
13 92
29 22
6 29
2 67
16 28
16 6
4 69
20 21
17 100
8 60
23 67
7 61
9 25
28 25
5 41
4 84
16 66
10 10
19 40
24 45
28 55
20 44
23 18
13 27
12 11
14 94
18 3
21 8
16 41
18 26
21 63
28 43
8 58
27 94
14 91
24 38
11 71
30 8
7 82
23 63
29 12
0 84
5 42
26 39
22 10
21 32
27 84
2 92
25 2
7 82
1 81
7 11
20 42
13 58
22 10
18 89
30 95
0 17
4 68
16 100
23 100
6 80
18 30
26 17
22 13
5 82
4 63
11 4
6 14
15 81
9 12
26 79
19 90
18 21
2 68
13 25
30 13
0 59
24 37
20 82
7 48
19 66
21 74
2 95
12 75
2 20
18 32
19 61
1 69
23 10
25 51
23 27
1 14
6 47
11 5
9 36
14 99
17 83
29 74
8 88
6 66
21 50
27 16
30 83
19 16
15 82
0 24
19 8
8 92
15 95
25 71
2 16
22 1
8 87
3 29
21 15
10 83
0 61
7 7
14 13
27 20
0 87
29 12
0 38
10 3
13 90
19 34
13 98
25 93
24 80
28 87
4 11
3 47
27 86
16 37
19 90
8 18
7 32
17 69
22 12
25 63
19 96
11 23
26 32
5 84
18 51
2 35
20 35
25 39
13 83
2 1
11 57
29 20
5 63
24 32
22 48
18 38
27 64
26 52
6 50
13 4
24 72
2 79
16 39
4 1
0 78
20 78
4 56
12 7
8 15
2 71
28 44
23 57
9 94
18 23
28 44
27 66
6 56
23 70
16 94
20 26
16 23
14 61
3 41
1 88
23 96
12 42
15 58
16 88
7 19
9 24
16 37
2 79
25 67
11 25
24 70
15 50
4 46
4 77
12 53
16 29
30 78
18 71
11 66
11 15
27 86
28 21
23 45
30 8
16 88
14 64
26 55
16 64
11 23
23 25
23 17
13 36
16 47
13 60
0 78
10 26
2 98
21 65
2 14
29 45
20 50
15 23
10 53
26 12
15 32
12 76
7 52
12 29
1 68
30 15
17 60
20 12
25 40
16 41
5 78
12 46
25 11
10 68
15 79
15 41
9 52
15 39
27 52
5 62
28 60
26 62
28 28
6 46
13 62
14 52
13 63
7 94
25 92
29 62
21 2
22 25
12 91
22 38
30 67
29 13
19 81
13 17
6 64
27 8
5 31
20 34
22 12
6 14
29 87
16 45
4 54
24 12
15 85
24 20
19 3
2 82
5 4
23 67
3 52
17 91
22 87
28 86
24 64
9 51
28 79
3 43
24 28
18 92
25 66
16 21
23 3
23 76
29 71
24 36
21 33
7 31
9 24
24 31
7 96
16 18
20 36
23 22
28 50
16 16
5 3
8 8
23 85
2 45
0 24
6 3
29 4
7 4
17 72
27 7
10 63
14 65
4 49
7 94
11 67
9 91
16 18
13 86
17 96
8 29
8 85
25 25
8 35
4 45
23 69
12 55
25 22
29 70
19 3
6 74
6 100
21 13
18 77
9 16
13 70
0 13
20 12
26 96
19 61
19 70
0 53
17 53
24 55
3 80
0 38
2 50
12 37
0 29
2 78
25 76
9 85
4 31
10 12
11 69
9 42
29 33
16 17
23 89
24 13
7 57
7 24
17 79
7 9
30 15
1 79
11 25
0 61
16 76
30 40
21 58
25 73
6 3
21 29
13 18
16 8
1 9
25 43
22 21
16 19
11 60
25 42
11 36
1 71
8 53
19 86
15 36
2 36
16 99
23 31
9 82
5 30
1 54
0 42
9 31
13 29
11 39
14 13
30 2
26 26
1 79
30 97
12 55
5 55
19 31
24 5
24 58
19 87
1 53
0 39
19 1
18 35
17 17
7 91
16 8
21 96
11 35
11 22
17 1
12 13
13 54
21 33
17 20
18 84
23 5
14 80
9 22
15 84
15 70
28 91
3 55
5 49
29 40
23 89
23 18
0 82
0 98
19 61
29 52
2 47
29 86
15 76
23 2
27 26
8 18
16 27
21 49
14 29
15 45
29 21
28 23
26 18
22 49
9 37
9 95
22 60
15 41
24 78
5 23
13 11
15 23
25 22
18 51
30 38
14 81
0 38
15 72
8 59
26 20
20 17
28 40
20 36
28 94
23 96
18 58
21 95
26 29
10 64
22 27
6 59
27 41
17 74
1 40
24 61
3 22
20 86
23 56
27 98
23 41
25 5
29 94
4 84
22 67
11 32
8 35
14 47
13 17
6 24
3 95
25 34
12 2
10 32
20 54
11 7
17 80
26 10
6 22
29 76
8 28
9 76
13 40
30 6
19 68
26 71
5 31
17 85
7 47
13 5
25 94
17 17
15 51
29 41
30 35
13 94
1 33
5 40
16 41
12 72
4 27
0 71
12 99
8 10
14 49
6 10
1 75
17 7
28 94
20 57
10 90
14 63
17 69
1 94
20 1
27 9
4 75
10 39
23 19
3 55
14 31
17 2
27 76
13 44
21 1
25 27
15 100
6 83
21 98
13 27
8 53
16 9
26 92
13 46
29 55
28 96
16 8
28 46
17 74
28 69
18 70
26 47
5 56
5 99
0 37
24 88
12 47
30 66
2 29
21 92
12 67
6 71
12 6
0 57
12 81
4 76
1 15
10 100
4 49
11 56
13 10
4 45
6 19
24 18
26 79
25 74
4 29
22 36
0 69
20 87
12 96
18 40
10 37
11 17
11 41
15 70
4 33
1 10
17 63
15 64
14 66
23 23
25 11
24 54
0 84
7 2
19 64
21 55
14 31
14 59
11 71
29 71
3 74
20 40
28 60
9 80
9 29
21 14
19 98
21 14
25 73
13 37
1 75
10 47
11 71
19 22
20 76
15 61
22 22
17 43
23 64
7 73
24 57
24 87
15 1
30 93
3 13
10 79
1 29
29 83
8 37
14 43
29 99
24 38
28 20
14 33
12 28
6 91
3 20
17 70
12 89
24 28
25 59
17 52
5 40
11 93
16 68
7 5
12 52
3 67
0 1
26 55
3 33
27 82
27 38
26 28
2 37
18 21
26 46
30 40
10 66
24 20
23 18
5 70
1 56
16 86
15 94
6 75
16 22
19 65
9 14
0 61
29 98
9 48
6 82
13 4
16 3
16 46
7 24
14 83
13 8
7 17
9 28
8 39
0 38
9 93
13 65
16 74
1 56
29 85
13 61
27 45
17 50
8 90
20 39
15 73
23 13
14 78
26 42
3 15
17 92
30 69
24 43
1 21
13 20
15 66
1 54
13 83
2 24
12 93
27 66
24 32
7 21
17 25
3 96
14 33
11 81
5 5
25 46
19 22
16 87
20 60
22 42
26 95
5 55
21 5
6 49
15 95
25 86
27 18
10 39
25 7
0 86
26 17
5 28
4 19
19 38
8 89
3 76
14 14
24 25
7 54
10 15
5 46
14 78
13 78
19 95
19 29
10 47
15 78
8 38
2 57
1 77
28 24
22 92
18 11
27 64
24 70
3 81
12 32
3 88
12 44
17 25
28 62
27 32
10 96
17 83
14 47
29 32
27 27
2 23
22 51
28 7
13 33
10 62
10 86
24 21
0 22
5 44
26 60
9 34
28 55
9 48
15 50
24 89
0 16
17 17
9 85
9 33
23 53
15 2
24 39
3 45
7 68
23 34
11 78
27 14
11 31
1 55
15 5
30 14
6 76
9 17
0 67
21 12
26 61
29 82
30 71
2 87
9 47
20 85
10 59
12 95
7 98
2 54
5 24
3 80
27 12
0 12
21 39
20 76
16 12
1 35
25 15
4 64
27 27
3 40
22 3
28 3
22 71
16 59
18 67
1 64
6 72
5 24
28 1
5 66
10 54
28 17
18 30
15 24
21 96
24 72
22 90
4 66
28 66
10 42
24 75
26 33
22 41
7 98
18 64
0 8
24 35
11 53
12 100
6 59
20 15
15 39
4 39
5 80
30 10
11 6
28 10
0 78
28 30
19 17
25 67
0 55
20 52
15 13
11 23
9 73
22 62
30 22
13 89
7 66
6 23
17 28
29 52
19 61
19 54
26 86
2 87
22 12
19 93
8 63
12 71
21 87
25 10
21 83
7 26
25 54
24 80
0 9
24 48
2 76
15 90
28 54
9 8
6 53
24 67
1 4
29 60
0 67
29 75
29 86
9 93
17 74
20 95
4 50
2 59
9 95
22 28
3 92
14 54
23 44
16 85
19 10
5 92
26 44
11 43
19 80
14 55
15 44
5 38
6 84
9 19
3 27
15 4
17 27
11 8
5 43
19 87
30 74
5 64
24 18
27 70
0 17
25 63
2 94
13 35
19 6
18 4
13 9
4 24
15 3
15 3
2 72
25 11
24 37
9 51
19 57
24 93
5 71
26 100
22 71
12 86
26 52
8 39
9 81
17 23
2 42
9 15
8 79
30 66
23 89
6 40
25 12
29 43
21 10
8 88
2 23
25 42
6 72
5 26
4 65
16 10
29 2
11 64
3 12
25 9
3 34
8 79
7 68
30 54
5 7
30 5
23 26
1 82
18 26
9 77
25 89
28 32
8 28
23 84
9 91
23 40
18 70
26 58
8 68
6 52
16 66
12 62
7 75
11 55
20 39
30 93
9 92
19 83
28 58
2 87
24 100
7 7
30 37
11 44
10 18
2 83
15 86
25 33
25 97
11 49
24 82
27 93
13 26
12 50
10 97
9 85
27 16
5 60
12 72
20 86
30 85
24 20
6 76
17 48
16 78
9 32
2 27
13 80
22 18
16 39
8 57
29 72
7 87
1 39
29 62
28 34
14 21
8 100
15 93
25 71
22 92
14 17
23 53
1 39
0 27
2 91
26 63
13 83
3 98
13 71
0 26
30 77
20 13
13 13
27 54
15 4
16 75
3 95
9 25
12 77
26 53
24 50
19 9
23 59
21 93
1 92
21 91
28 13
28 90
21 41
30 61
6 48
3 32
17 59
12 12
2 21
24 16
21 54
21 25
0 48
21 41
7 2
19 79
6 72
25 64
3 95
18 96
10 21
27 11
14 9
7 77
30 41
10 18
27 20
12 46
6 12
30 63
27 93
0 73
16 21
21 81
26 52
21 60
17 91
6 59
26 24
1 71
8 57
24 17
13 96
0 6
15 79
11 64
5 8
27 74
12 13
10 22
11 95
22 62
17 62
27 19
9 65
12 79
19 21
18 12
13 90
3 49
21 52
22 69
6 21
30 26
26 9
27 2
18 92
14 48
16 73
23 13
18 6
16 70
17 75
23 59
1 57
21 92
27 41
6 83
12 28
11 51
28 90
28 54
2 79
29 22
26 38
21 97
22 35
28 26
30 60
27 93
5 46
15 45
17 94
6 47
4 53
24 12
15 52
17 91
16 48
16 6
15 30
14 53
1 81
15 72
6 19
14 35
18 42
10 77
3 82
25 45
5 75
16 49
4 62
23 44
2 17
23 92
9 100
25 49
24 12
20 51
26 38
9 79
9 12
25 10
5 93
8 72
15 42
23 10
12 83
30 15
21 49
27 16
30 88
3 27
15 53
21 93
19 98
6 72
7 82
4 34
30 33
3 49
13 71
17 2
2 89
0 48
24 59
18 56
6 8
5 62
7 20
3 31
16 83
12 19
29 69
26 64
4 22
18 85
2 91
25 9
21 94
22 5
29 70
6 80
8 25
24 22
5 4
25 79
27 78
15 80
23 93
19 11
1 90
1 5
5 100
2 42
21 85
10 42
18 79
22 76
22 7
21 83
27 46
20 62
15 94
1 96
23 85
18 42
28 13
21 53
2 76
21 35
15 64
0 86
1 11
10 80
14 30
25 79
25 23
8 25
30 82
21 100
22 94
21 68
22 25
10 63
16 61
18 74
1 60
20 80
23 12
13 51
6 73
1 2
3 8
15 3
4 90
21 59
25 66
18 66
6 42
14 21
6 28
1 76
28 47
19 56
29 86
3 63
29 39
18 42
21 22
1 66
13 83
30 17
12 13
15 61
19 3
5 66
16 80
29 30
29 88
8 50
1 48
13 36
18 7
22 35
7 40
8 30
6 6
17 2
7 59
5 32
5 20
16 20
2 53
3 99
10 14
8 10
26 30
30 27
29 47
6 11
21 15
24 3
2 48
1 59
18 88
26 10
13 2
19 9
20 79
2 7
27 65
30 58
18 6
4 100
16 69
3 67
27 29
24 90
13 35
29 100
23 40
26 33
8 38
21 56
21 50
14 37
23 22
11 20
7 42
27 38
20 55
27 58
7 55
19 80
30 90
10 5
7 58
15 7
29 34
19 93
24 37
7 5
22 93
18 89
9 87
23 2
13 89
0 21
26 49
19 12
4 75
9 42
21 80
19 21
19 41
14 35
14 94
7 76
12 87
0 74
22 83
15 48
18 23
10 81
18 53
30 41
4 51
7 89
29 98
5 47
30 12
27 44
9 30
15 82
24 41
3 99
25 31
25 100
11 68
26 42
2 51
7 73
26 41
17 25
30 74
22 43
4 72
5 86
14 65
28 5
18 15
29 72
23 28
11 31
17 42
22 4
25 52
30 17
19 75
1 6
17 91
14 33
5 54
15 25
17 33
22 9
16 15
7 48
26 74
28 40
15 48
16 43
16 35
17 22
29 35
24 19
5 96
8 56
23 10
12 87
22 22
25 33
26 74
13 93
7 87
16 65
27 73
12 5
20 17
0 57
15 44
15 93
23 41
10 57
4 72
22 39
22 79
13 47
7 86
13 81
3 79
22 90
11 68
29 73
20 90
23 37
12 95
6 25
10 61
16 59
18 42
1 34
28 83
8 4
5 26
12 15
1 86
29 93
3 51
21 10
13 68
10 43
18 30
8 40
21 29
16 4
21 46
6 63
0 10
26 77
7 96
8 71
8 11
27 66
6 88
27 61
20 29
28 54
28 87
11 77
23 63
2 47
30 89
21 2
0 51
4 23
6 56
19 35
5 87
8 77
11 3
14 58
30 57
22 80
28 78
27 24
28 29
27 45
22 86
9 5
6 9
15 84
10 62
15 9
4 77
30 14
29 75
9 33
0 82
10 4
12 72
15 100
23 63
4 33
15 38
20 15
17 19
20 98
30 34
24 40
3 53
20 44
26 41
26 72
0 93
0 100
1 8
25 47
19 54
3 72
21 88
10 9
12 61
13 100
4 68
7 93
21 25
24 45
7 81
28 10
22 36
26 48
10 9
17 35
30 76
23 84
3 49
15 1
18 83
20 44
27 77
28 12
0 89
30 61
18 67
4 13
23 48
6 15
12 80
21 33
17 66
25 40
19 76
6 97
27 9
2 29
18 66
10 75
30 68
16 6
22 25
3 65
11 36
9 84
24 5
20 20
8 75
19 73
6 79
16 27
14 39
24 94
11 51
26 36
20 29
18 52
18 24
10 92
27 45
3 14
13 58
0 64
11 82
29 24
24 29
24 92
27 80
6 55
29 27
6 1
15 31
14 6
6 29
1 86
22 44
16 65
28 31
25 54
21 38
28 36
2 40
18 47
10 39
17 10
28 68
24 70
8 70
24 16
5 57
6 62
18 35
22 26
17 67
9 46
6 40
21 46
27 9
5 77
23 18
9 35
13 45
9 12
10 87
22 24
22 26
24 96
17 75
13 13
9 60
12 45
6 34
30 18
23 30
3 82
14 42
8 70
7 6
2 97
2 32
26 70
23 51
1 42
26 55
7 13
7 74
11 77
23 72
1 52
16 6
21 98
25 21
0 84
9 82
26 95
24 92
9 17
15 5
6 37
28 78
10 48
29 100
1 19
25 88
17 71
25 46
4 92
19 39
1 34
10 13
12 31
8 74
23 46
19 84
26 33
0 27
18 96
14 74
8 67
17 52
8 48
6 48
4 74
25 76
20 26
25 19
17 72
0 59
4 39
1 35
30 8
21 97
3 20
10 39
15 12
2 98
9 36
15 9
23 83
2 84
25 91
23 52
23 69
15 25
3 99
10 67
0 56
0 7
0 74
24 54
20 47
29 13
28 56
22 59
10 91
29 56
2 74
12 8
24 84
27 69
19 67
30 30
3 43
2 44
24 95
9 2
5 72
14 30
16 13
3 60
12 81
12 97
9 51
30 47
1 38
1 98
30 30
29 75
3 14
6 1
2 92
3 3
11 69
23 46
17 14
17 34
2 94
3 71
15 38
1 87
10 26
22 52
8 100
20 61
13 42
24 37
14 89
30 75
13 7
12 22
0 85
22 68
11 96
17 45
24 49
28 28
29 80
21 40
18 8
13 22
21 13
30 18
23 70
16 85
23 22
10 44
5 20
0 13
20 75
5 62
17 68
9 61
2 97
18 59
13 42
19 62
27 2
27 29
19 40
25 70
26 75
9 64
28 78
2 2
29 54
7 78
28 41
18 25
4 50
29 7
4 31
8 55
2 50
7 44
6 19
20 44
10 52
21 82
18 73
22 43
29 6
17 33
29 45
19 84
14 95
25 67
0 87
8 45
0 100
12 12
27 29
4 12
12 82
7 69
16 56
24 81
25 45
0 18
12 86
17 44
29 89
1 83
11 87
7 99
29 2
20 20
20 29
26 48
4 33
19 81
29 62
17 92
22 16
3 68
10 53
11 46
19 1
4 82
3 88
3 67
13 5
14 51
23 71
19 69
10 4
23 90
15 8
23 98
11 37
11 96
23 96
23 55
6 40
19 58
21 72
24 47
18 89
8 29
8 83
8 82
26 62
4 91
25 45
3 81
26 84
7 80
23 36
15 28
14 21
2 80
5 74
22 51
13 14
28 84
15 92
26 1
8 37
7 58
19 43
8 36
15 50
9 72
26 57
17 32
28 87
23 51
23 51
25 96
18 10
28 28
20 81
0 37
5 82
3 33
6 60
28 17
24 84
15 97
0 11
23 13
25 5
13 61
1 18
30 65
12 98
29 5
8 77
3 96
16 45
3 83
9 72
13 34
19 61
24 82
30 46
19 76
5 94
24 40
9 41
24 29
23 44
8 50
10 87
20 9
7 96
2 54
21 87
29 91
14 34
25 80
24 84
26 100
0 29
8 76
26 29
12 26
5 55
0 16
0 46
23 58
8 99
23 78
18 27
5 20
27 41
20 54
24 14
13 12
0 52
17 64
22 10
21 82
5 87
11 49
1 41
28 74
14 28
5 82
18 61
9 65
9 48
27 34
14 74
8 22
23 95
3 95
23 11
25 22
28 82
27 88
29 37
21 43
4 80
25 81
30 60
3 67
29 62
24 6
1 91
13 36
17 60
29 55
28 87
21 18
22 36
1 39
0 5
6 42
0 15
24 91
19 4
19 27
6 53
15 38
24 2
6 32
26 35
24 35
2 62
1 56
8 85
19 99
0 63
5 39
25 80
1 32
11 16
0 51
25 7
27 75
4 92
20 15
29 84
28 47
1 84
10 63
30 94
13 80
0 85
16 82
28 60
2 100
10 62
17 36
13 9
25 88
0 72
21 20
7 90
5 4
22 46
29 69
5 35
0 97
9 82
17 13
7 88
16 45
9 70
28 52
21 42
14 4
25 17
14 80
27 86
12 42
1 41
2 20
15 21
10 80
30 49
28 75
15 16
8 65
8 39
26 74
17 54
20 37
22 91
6 6
2 68
12 50
10 18
7 71
6 42
5 9
26 46
7 90
19 53
21 81
4 68
6 83
8 80
1 68
22 71
6 29
22 17
0 76
17 38
5 51
0 10
5 53
10 93
4 7
13 13
24 8
25 24
27 61
12 31
22 15
11 70
7 15
0 8
28 24
30 19
15 33
2 7
17 22
4 75
15 19
27 10
8 6
29 23
11 75
3 33
27 65
9 87
10 51
30 58
4 40
11 47
7 64
23 70
10 45
29 31
12 48
7 61
15 10
16 79
22 95
7 43
19 87
19 79
12 4
16 95
20 44
15 11
0 6
24 94
5 50
10 37
0 91
20 23
1 67
18 23
2 13
29 89
2 73
20 50
7 34
19 53
16 67
6 82
4 22
27 85
15 57
3 43
2 53
10 58
28 47
6 24
27 18
7 9
21 53
29 73
15 77
3 78
10 85
26 14
30 49
13 31
25 42
10 5
22 33
18 73
14 7
20 61
11 41
19 42
3 45
10 7
28 32
8 89
20 93
15 94
5 29
8 49
1 36
30 27
17 26
2 56
6 38
14 73
19 50
27 4
3 37
5 8
5 74
10 58
21 53
3 10
28 74
30 58
0 19
29 36
18 70
22 30
19 18
12 93
27 37
5 56
15 29
10 55
13 15
26 29
17 53
3 86
14 76
14 6
10 78
13 69
29 17
17 13
11 55
15 25
19 11
20 58
23 44
29 81
29 29
5 52
5 65
7 34
3 47
0 92
6 73
27 73
17 24
7 76
0 97
0 52
29 97
14 50
2 74
15 83
9 38
14 61
0 37
8 15
6 53
0 14
22 92
24 24
21 12
24 5
14 80
24 4
15 44
23 89
22 44
24 55
24 45
7 81
10 67
0 42
11 100
4 70
12 50
2 49
6 34
22 72
16 15
13 65
12 40
1 23
12 27
11 85
24 98
8 33
0 52
17 92
29 68
9 39
18 59
17 79
26 28
7 84
24 91
6 88
21 64
30 93
0 92
3 8
7 44
5 94
29 60
14 98
18 95
1 21
18 53
2 52
20 34
29 5
16 15
23 59
30 44
17 21
3 20
10 63
2 83
6 85
25 90
0 100
10 44
7 95
27 92
21 37
6 39
13 46
4 54
13 60
17 60
4 2
6 13
17 58
18 37
10 96
12 80
26 73
15 66
19 71
18 63
22 26
0 56
27 17
16 78
6 66
1 65
20 28
7 32
18 58
16 18
29 67
14 28
23 9
7 63
17 78
17 21
15 97
0 55
19 79
17 16
27 51
25 41
14 59
23 19
21 2
28 5
28 62
29 14
27 52
12 77
2 35
14 90
20 71
3 91
14 53
6 4
27 85
25 56
25 60
29 13
20 94
24 81
13 14
22 65
10 40
20 45
29 14
21 77
0 70
23 84
24 30
5 60
13 65
8 96
27 50
19 7
16 75
12 16
23 80
20 45
24 94
25 32
16 25
26 6
3 19
15 15
16 81
12 43
30 75
17 64
27 34
14 67
30 69
15 2
27 96
10 78
29 90
22 39
24 45
26 23
17 63
13 50
6 79
2 72
9 30
7 95
5 48
3 94
20 20
14 61
7 63
22 71
15 37
8 16
19 19
9 55
3 19
16 87
28 92
1 12
30 3
14 84
9 2
30 69
29 79
21 98
10 66
17 23
1 98
30 23
16 33
19 15
1 27
30 60
13 24
20 59
11 9
21 43
30 71
17 54
7 32
18 16
21 34
12 23
9 38
3 8
21 79
13 97
30 33
5 79
7 86
23 3
5 24
17 27
12 100
8 98
17 20
2 62
6 12
3 77
12 67
7 14
13 55
21 57
23 34
23 71
27 63
23 94
4 87
1 72
15 55
14 11
1 72
30 85
10 97
14 41
22 4
8 76
17 84
5 99
28 84
7 78
13 81
5 39
10 39
20 81
18 54
2 45
13 33
29 21
21 22
28 24
16 64
26 64
30 87
21 21
17 60
28 98
20 71
15 7
13 45
17 79
20 95
16 100
24 39
23 49
3 61
2 81
23 55
30 52
0 13
29 63
12 66
8 97
8 34
29 72
22 94
13 51
27 42
25 76
29 47
2 28
19 64
19 53
18 84
24 76
11 30
2 19
7 62
28 20
30 41
6 67
25 19
29 9
0 97
8 22
18 55
23 35
4 31
14 35
26 80
20 57
8 80
10 46
28 92
25 40
6 8
30 99
15 17
26 77
16 11
28 80
18 91
1 9
19 66
9 43
22 34
10 32
7 58
13 4
0 50
22 34
27 99
22 46
28 64
1 23
18 46
26 74
12 5
6 67
2 73
11 78
3 58
2 64
20 87
17 38
26 9
16 23
0 28
3 86
18 8
27 47
26 59
23 56
24 59
17 11
19 15
26 36
5 77
28 30
2 40
27 100
4 3
2 47
25 73
13 13
5 96
4 81
8 33
4 36
6 94
27 88
20 33
15 71
16 11
26 77
9 23
19 65
5 9
18 42
5 13
15 28
7 41
8 64
2 46
7 82
2 28
3 90
16 63
24 3
3 49
9 68
4 91
24 30
5 43
12 97
24 7
21 86
9 29
1 43
12 48
24 61
2 6
16 70
4 12
18 46
23 65
18 53
23 77
8 81
21 68
1 8
15 59
2 46
30 41
23 81
26 42
17 50
11 67
10 75
12 41
28 96
5 39
5 62
10 18
1 51
8 97
7 21
5 11
18 21
20 73
8 76
11 69
30 45
17 37
23 1
7 37
18 81
18 71
27 34
20 82
24 79
2 84
11 41
8 82
28 28
16 16
3 59
26 92
20 64
13 33
14 87
3 68
1 61
12 36
25 12
28 48
13 87
24 32
11 64
22 29
27 82
8 46
25 76
20 11
2 44
14 96
4 44
18 5
14 35
7 7
12 99
9 23
27 36
3 35
19 86
9 25
7 26
13 79
23 35
30 64
3 97
20 92
2 93
0 60
0 88
24 87
26 10
6 38
9 4
12 43
5 27
12 6
17 50
25 29
2 47
18 21
11 35
21 36
10 53
29 19
22 40
10 46
23 47
25 17
20 42
13 31
12 15
16 2
26 76
2 72
26 90
4 85
13 24
6 40
8 38
28 95
28 3
26 87
6 40
0 55
27 20
21 78
14 74
20 44
24 86
26 87
15 77
23 19
10 56
23 58
11 6
0 59
14 80
30 8
6 56
17 61
19 73
9 94
28 15
16 58
15 39
6 38
7 96
18 55
12 77
25 34
13 25
7 5
0 84
24 90
0 50
19 37
27 80
7 63
24 82
2 26
28 85
2 62
30 85
17 85
24 19
2 43
24 10
23 26
26 74
25 49
24 12
26 8
27 19
1 26
19 11
23 96
1 63
8 99
16 16
30 59
10 64
20 46
3 20
29 55
7 50
10 1
2 78
15 52
4 75
10 5
0 92
14 89
14 70
25 76
24 46
30 66
13 20
28 67
19 6
17 20
21 81
16 31
4 18
30 49
13 66
11 61
22 44
18 51
27 93
0 43
22 49
26 9
23 99
10 46
15 56
7 39
9 61
16 80
27 31
30 91
2 100
28 13
30 98
20 63
16 63
3 48
16 29
29 96
4 9
26 73
28 37
16 98
0 57
19 18
14 37
21 23
28 49
19 97
3 35
21 33
1 80
2 85
18 36
13 83
14 86
0 22
5 35
24 16
0 6
29 21
15 72
30 73
27 66
9 48
25 15
20 81
10 87
26 91
17 67
15 46
17 55
27 23
9 42
28 45
13 21
28 70
1 77
3 78
2 89
4 15
10 81
10 48
6 28
12 75
19 18
15 69
15 4
17 26
9 23
30 56
25 69
2 74
3 8
22 55
30 16
26 96
18 47
6 1
9 30
22 89
25 39
22 72
16 98
1 95
8 9
20 36
18 65
10 54
9 10
25 90
29 96
23 6
19 26
19 96
28 3
10 1
28 75
3 49
28 82
11 92
4 65
0 48
27 13
2 51
24 23
15 70
5 68
18 86
23 8
21 8
18 43
13 23
21 38
30 20
17 61
5 84
15 30
20 65
17 61
18 4
12 34
9 79
1 14
21 43
5 84
11 89
22 2
3 53
4 72
0 26
9 29
18 49
5 34
28 11
8 55
12 84
13 64
14 56
4 66
13 5
7 63
0 62
25 33
1 74
18 15
17 67
20 64
9 76
2 28
2 97
13 5
6 62
21 47
10 15
14 73
29 78
4 23
13 2
12 5
25 84
22 42
12 11
21 59
19 52
2 100
20 11
22 68
20 10
19 91
21 81
10 50
4 76
17 39
3 34
8 88
24 95
18 43
18 100
27 92
20 9
27 26
12 94
19 80
13 81
27 6
3 85
9 17
12 28
22 92
29 85
7 25
12 48
28 65
17 43
28 79
30 23
4 85
20 1
28 94
0 81
13 67
5 90
8 26
9 88
11 32
11 83
23 4
12 21
1 59
8 85
11 55
4 11
0 80
0 80
4 1
13 34
26 15
6 3
23 83
26 84
24 87
26 23
14 96
19 19
15 18
14 54
10 88
17 58
9 19
8 81
9 98
29 19
19 61
19 56
25 66
5 26
10 65
11 1
12 88
21 45
25 59
17 85
22 3
2 32
17 10
24 19
5 3
25 63
27 4
1 93
23 23
16 45
5 70
10 48
28 27
3 59
29 20
10 2
4 73
27 47
15 99
7 20
25 87
15 80
29 56
9 58
8 2
12 22
11 4
14 68
22 22
9 23
26 5
23 22
18 41
17 30
25 4
20 25
3 99
20 73
21 55
19 82
5 10
0 92
11 97
1 15
21 10
21 59
26 70
29 32
2 87
29 35
27 82
29 1
13 38
27 71
7 53
26 3
5 63
3 7
16 71
24 82
28 76
0 20
21 11
15 100
28 72
30 8
9 22
8 65
7 37
0 33
3 46
14 82
2 44
4 71
27 23
4 28
15 82
16 12
26 84
13 81
23 70
26 20
17 57
29 91
10 47
19 89
2 56
30 78
21 38
20 50
1 3
17 97
4 46
23 59
21 82
4 55
20 93
18 52
0 99
5 24
7 84
17 88
14 98
8 37
4 15
27 75
2 68
9 5
1 93
13 2
22 19
8 82
14 27
28 46
22 48
26 8
0 77
20 67
24 58
24 58
22 4
29 67
21 33
12 75
5 78
15 4
24 92
30 19
15 44
26 22
21 5
12 88
5 87
13 74
7 19
24 27
6 79
13 92
4 74
30 27
15 100
20 16
3 79
27 18
10 55
1 81
6 39
17 60
28 50
11 9
18 91
28 31
23 74
1 74
25 92
22 42
22 6
3 49
21 6
1 47
23 37
16 73
15 78
8 69
13 39
1 51
18 62
28 12
30 54
9 50
1 73
20 99
26 85
4 100
16 85
11 94
26 24
7 40
6 13
4 31
13 91
13 51
7 42
10 61
9 6
8 25
9 61
28 98
3 22
0 54
26 23
26 78
14 29
5 91
19 47
21 50
9 55
21 42
2 1
26 75
24 10
19 100
1 25
18 95
17 23
9 99
21 62
5 45
5 81
7 78
30 31
5 98
3 37
0 9
11 96
4 69
0 16
20 57
13 95
20 18
0 10
28 78
6 41
22 15
16 37
3 11
12 60
6 57
11 87
12 12
19 28
29 56
0 9
11 14
7 12
24 51
18 78
14 66
13 79
13 47
24 39
3 1
9 95
2 66
5 24
15 22
28 66
10 25
8 95
17 81
0 57
24 53
27 25
21 91
15 40
7 70
13 30
23 26
23 13
12 69
18 92
13 75
20 91
8 80
21 62
19 49
1 18
12 41
0 97
16 20
13 38
3 24
10 58
26 82
5 22
6 76
11 35
13 50
15 63
15 85
0 82
8 56
12 11
22 83
23 23
10 95
16 63
14 12
20 9
27 39
14 7
1 50
3 36
2 57
16 28
14 42
2 38
17 3
21 8
22 46
20 31
6 24
22 58
9 35
1 70
10 80
11 68
5 92
24 42
0 80
20 55
12 41
30 9
25 23
18 82
27 99
30 77
0 94
12 92
2 17
0 4
12 91
25 84
26 98
7 4
28 4
4 97
27 27
23 92
26 43
5 86
14 36
13 83
30 36
6 12
11 100
0 6
5 53
6 86
22 2
26 28
28 57
15 86
25 71
10 62
26 74
0 39
23 77
23 67
1 34
23 66
20 100
9 95
3 16
11 35
19 91
2 92
18 65
13 89
25 66
7 15
9 13
11 75
30 98
28 96
28 49
1 82
3 12
7 31
20 89
17 91
25 15
18 55
15 22
16 37
8 29
13 8
13 75
17 86
7 23
23 11
30 14
30 36
8 46
24 81
13 78
30 60
14 78
23 76
10 65
6 72
21 43
0 55
10 8
25 35
25 25
12 47
3 36
26 45
30 39
29 35
27 89
15 46
19 21
29 75
21 94
21 65
2 18
15 91
6 86
27 59
17 74
23 23
21 20
26 19
17 14
30 93
30 63
4 18
24 89
6 35
18 61
2 62
25 74
14 43
20 64
12 14
1 54
20 10
4 56
6 21
25 17
15 74
18 94
18 49
26 99
10 96
6 91
29 44
18 70
20 59
21 66
6 3
11 10
28 55
20 96
25 6
20 29
12 61
24 81
9 46
1 57
2 72
21 72
21 50
26 58
1 19
16 45
3 66
4 82
11 50
26 78
0 96
3 19
17 42
11 35
17 69
11 85
26 37
1 39
22 57
11 15
28 13
28 38
7 90
22 74
21 84
7 15
29 32
14 54
1 73
25 53
9 77
3 47
14 69
13 8
9 97
9 85
28 45
8 14
29 63
4 84
29 36
18 91
30 64
26 37
16 7
16 60
8 30
26 94
21 63
18 54
4 49
7 41
11 44
8 48
7 50
21 28
0 36
20 70
6 81
0 60
12 83
11 76
23 99
23 10
18 4
23 10
25 58
21 46
29 1
7 69
1 73
29 97
20 65
5 44
6 43
10 10
14 86
14 23
15 93
24 47
9 49
21 19
0 4
18 74
24 5
20 6
1 27
15 20
29 25
2 68
20 23
22 99
12 10
30 93
7 29
22 79
26 49
22 19
6 83
17 86
3 78
3 96
7 79
28 67
29 44
29 59
3 20
8 77
26 86
18 28
8 44
10 63
25 95
24 95
24 93
30 82
28 58
5 74
26 64
13 58
11 71
28 30
25 85
29 44
11 13
17 28
29 31
15 57
27 100
13 22
28 54
19 39
7 76
25 54
30 20
16 16
0 29
21 82
2 20
16 48
23 68
9 88
9 7
24 27
19 88
25 70
18 1
5 67
4 91
26 3
15 42
25 1
0 65
16 98
23 20
16 10
13 56
12 79
2 76
22 45
12 39
27 55
22 99
9 59
16 94
26 42
23 50
3 46
9 88
3 13
18 68
4 26
9 9
4 87
21 44
14 25
15 100
27 11
2 92
24 99
20 80
22 77
9 66
7 94
27 5
4 37
8 4
2 85
13 2
23 12
27 94
5 24
25 82
8 79
26 36
13 47
5 78
14 77
21 50
19 49
30 74
19 66
21 35
1 66
29 46
3 58
4 61
9 64
25 10
30 73
21 5
14 56
21 51
23 49
23 58
12 8
13 46
10 27
21 43
25 90
3 65
16 81
27 61
11 100
22 81
4 22
6 95
12 32
27 22
21 49
25 96
15 82
12 38
21 57
29 23
12 71
21 2
27 20
9 41
4 60
20 82
11 32
9 53
10 94
29 98
10 2
6 29
20 39
2 98
23 81
23 25
12 40
19 83
22 38
11 72
17 56
2 93
13 25
17 76
4 76
0 70
4 60
15 73
20 35
20 39
7 98
21 67
2 12
5 83
5 63
2 28
16 28
0 61
9 47
24 30
27 12
21 44
0 17
28 56
11 1
0 9
15 98
17 29
27 72
29 34
23 98
0 23
30 25
27 79
7 94
25 27
19 67
27 42
16 75
25 74
10 57
13 76
4 92
5 100
1 82
29 28
16 44
6 92
4 45
20 86
2 62
12 47
8 8
25 34
20 47
14 82
11 85
16 15
29 2
19 33
21 52
12 20
7 23
14 35
3 4
19 9
10 1
27 17
23 95
10 7
11 40
7 32
25 71
25 25
16 53
0 87
19 92
18 8
23 97
18 6
30 79
17 93
21 31
12 71
18 67
1 100
2 94
2 50
0 80
17 13
2 12
18 24
11 83
10 53
20 61
2 27
15 4
25 92
27 91
28 62
10 69
11 12
11 41
12 97
3 93
14 95
13 85
19 68
19 98
3 4
10 89
3 94
24 84
23 39
3 79
9 31
18 83
27 66
0 84
17 74
22 49
14 57
6 97
25 33
19 57
23 1
20 91
1 33
28 53
14 74
13 55
17 1
6 7
22 21
10 20
14 100
14 59
3 14
24 80
20 89
9 12
1 60
17 36
24 35
19 1
23 65
23 59
19 60
0 92
23 15
25 61
6 95
6 87
25 69
25 73
7 43
17 18
26 97
18 29
22 53
10 46
0 90
29 1
15 28
3 55
24 39
19 52
11 3
11 48
0 93
4 79
23 64
4 9
7 44
22 34
13 100
13 31
3 95
12 34
18 59
22 21
2 68
29 86
22 83
19 79
20 27
6 7
12 45
5 55
26 8
27 57
11 50
27 7
20 44
12 45
0 55
0 6
3 76
18 2
23 50
2 56
21 2
9 94
5 64
6 38
25 73
3 35
20 71
20 83
25 44
14 66
22 58
29 21
4 7
13 4
20 87
15 44
14 44
10 63
15 70
27 94
21 36
10 77
6 64
16 44
10 75
1 70
14 82
13 19
18 97
0 33
27 17
27 81
13 67
27 43
9 68
17 58
8 75
20 77
24 2
16 43
19 94
23 68
23 72
5 11
28 22
23 65
13 95
13 95
25 59
29 84
13 63
4 49
6 77
25 86
3 75
17 98
26 6
23 49
1 59
16 53
22 47
14 87
2 38
5 64
29 65
24 72
28 30
11 45
30 83
6 73
15 48
27 94
3 72
3 1
7 16
26 48
19 72
25 99
8 56
18 10
0 54
22 47
14 19
18 34
0 15
9 13
23 12
21 71
7 52
5 84
3 14
30 100
4 35
29 95
24 62
14 70
9 18
17 29
3 45
23 11
25 25
17 44
24 97
29 45
28 67
11 69
15 64
29 21
21 80
24 27
7 43
25 13
1 49
14 70
1 20
8 30
21 46
30 20
13 77
13 44
29 51
5 6
30 34
2 63
7 38
3 58
15 68
4 90
21 60
14 59
14 99
2 16
13 57
15 57
21 20
22 91
16 9
27 22
3 70
16 86
16 22
28 43
11 31
23 33
12 99
27 95
25 45
17 59
26 83
4 74
17 64
13 7
22 38
15 47
10 25
30 59
28 100
1 7
23 73
9 67
18 85
7 37
20 59
25 99
8 99
5 34
20 66
6 79
9 76
26 73
18 28
23 12
13 40
2 56
25 80
9 78
7 22
16 44
16 98
1 28
3 80
5 44
11 37
20 57
13 22
23 6
21 6
10 70
24 60
18 17
5 71
24 76
15 96
4 66
25 100
16 82
21 93
2 77
5 44
1 29
1 46
18 1
15 9
27 87
5 40
15 63
8 60
3 90
15 62
14 79
3 9
23 18
4 89
21 21
20 28
24 99
8 9
17 67
3 64
11 97
23 41
27 87
5 60
15 63
23 59
27 41
23 41
29 56
18 53
30 8
19 97
16 28
5 50
13 42
30 33
14 34
27 81
14 22
16 50
11 7
18 36
24 14
20 100
26 66
26 5
11 63
9 96
3 74
4 61
9 91
23 17
0 22
29 74
6 64
10 49
20 3
15 18
12 24
11 4
27 45
24 70
4 88
11 72
30 7
22 22
1 77
24 81
17 75
12 89
2 69
12 53
11 71
6 9
0 86
23 61
29 47
5 46
29 73
17 22
21 12
1 58
1 61
10 30
12 23
15 62
7 29
23 83
26 95
13 87
20 54
11 25
10 42
21 18
25 81
0 33
29 91
17 74
22 39
5 53
17 19
24 96
21 31
16 46
11 41
2 86
17 67
9 31
8 40
23 96
27 100
22 50
12 54
30 94
18 12
17 76
2 8
21 8
19 65
7 52
4 95
8 29
6 89
12 28
3 40
3 57
19 89
22 13
18 87
29 30
0 71
6 48
18 28
3 76
3 71
24 36
13 68
0 15
8 53
8 17
23 100
10 65
5 83
9 54
30 30
19 33
17 68
24 62
6 32
17 96
12 61
16 54
7 2
13 32
20 24
15 89
0 59
29 74
29 88
18 65
6 8
18 68
12 69
9 68
13 20
0 41
3 86
24 6
15 99
20 25
18 99
13 36
13 98
22 75
26 47
15 62
27 17
28 39
29 23
28 98
26 34
23 59
29 6
5 16
2 24
2 51
22 21
6 19
13 32
18 76
10 90
15 62
27 38
19 17
12 31
8 78
22 77
30 85
16 66
15 90
17 7
30 48
7 54
19 87
29 18
1 65
5 89
22 46
27 45
30 89
23 72
5 4
5 22
17 31
6 15
29 49
17 15
6 91
28 26
1 89
12 57
12 78
25 20
8 35
2 9
11 72
24 28
19 28
2 37
27 39
22 85
28 41
29 96
9 45
30 38
12 71
26 47
6 73
22 15
29 90
13 92
7 93
13 88
26 46
15 30
20 7
17 27
19 99
22 70
29 78
18 41
21 88
27 98
0 95
20 99
30 37
17 2
28 21
0 63
29 59
23 10
19 7
15 44
27 73
6 36
18 17
4 8
1 31
13 89
10 59
22 17
26 45
17 52
0 61
27 58
28 20
22 18
24 89
4 65
4 13
22 14
9 8
16 13
0 96
15 49
15 68
2 23
28 44
5 58
11 22
0 91
29 31
18 79
1 91
6 87
4 17
6 26
3 56
20 98
17 64
1 25
24 42
22 38
1 28
20 80
19 100
17 6
19 44
23 78
30 68
8 73
27 24
8 93
1 25
10 30
3 34
7 88
6 25
1 93
23 64
6 11
2 80
21 95
21 30
9 82
12 98
27 24
13 72
1 48
22 50
13 41
14 24
15 1
0 56
11 89
19 94
7 36
13 22
20 15
19 32
29 76
11 7
6 16
4 19
22 9
22 87
13 39
24 84
22 89
15 97
23 18
10 62
8 14
23 18
20 31
22 7
5 93
5 33
15 15
5 5
1 81
15 17
4 61
15 74
16 30
19 19
6 80
23 35
13 22
16 95
9 88
17 28
2 1
28 24
13 88
26 19
4 74
19 22
5 66
27 73
30 66
3 68
10 8
23 26
8 16
12 59
22 80
16 47
7 70
17 99
6 78
11 4
2 18
10 67
28 62
5 24
2 41
8 79
11 69
11 65
5 9
29 62
25 100
14 35
1 71
19 15
15 55
7 46
21 43
27 70
19 45
24 38
2 61
8 77
4 5
13 23
28 55
8 54
22 56
22 11
26 71
29 54
12 34
7 37
14 18
10 40
26 42
0 48
4 81
25 17
17 23
11 6
4 51
8 46
3 37
15 34
20 82
3 59
29 99
19 17
13 2
21 17
24 1
1 19
5 40
21 3
13 13
30 62
22 7
19 42
26 79
18 11
1 65
30 29
30 70
26 81
0 100
24 34
26 79
14 87
13 6
18 66
4 82
16 3
1 49
22 24
29 10
25 78
14 73
4 24
21 94
20 20
0 33
27 84
7 17
9 22
3 2
5 97
28 79
1 31
13 63
26 78
5 82
15 36
10 35
26 29
11 38
8 2
21 6
21 24
29 65
13 38
18 82
17 9
26 5
28 8
23 54
30 93
8 51
4 93
14 23
1 74
1 49
20 8
8 29
3 81
20 64
17 56
30 80
17 3
6 45
30 81
28 42
9 30
17 33
24 82
30 95
28 74
21 78
21 82
22 38
0 74
24 52
5 78
13 71
0 55
29 95
29 29
25 76
23 27
26 43
28 51
10 16
28 44
8 48
28 95
21 61
4 24
29 11
29 68
20 2
7 59
6 98
10 83
9 26
24 93
8 16
22 2
14 39
1 20
1 21
18 81
1 75
28 73
24 54
14 9
17 58
18 91
3 82
3 17
24 7
23 14
9 55
1 88
26 82
19 80
24 38
2 10
10 66
27 24
12 65
13 14
11 2
1 68
13 98
21 38
11 11
19 68
29 72
19 66
27 27
11 19
15 75
5 95
30 96
22 6
1 78
9 80
1 57
8 5
19 64
10 96
28 74
17 91
5 82
20 75
22 88
13 23
23 40
19 13
22 53
30 59
2 98
18 45
2 71
9 31
18 90
15 4
18 38
0 65
29 22
23 50
0 93
27 62
18 85
24 10
3 87
22 35
0 14
22 12
3 66
21 55
28 51
18 82
11 67
3 56
29 41
16 83
6 78
4 69
28 18
15 2
27 62
20 75
22 21
27 70
24 89
28 35
20 95
30 77
0 11
17 26
10 61
17 53
27 93
14 3
17 68
2 57
14 2
10 45
21 4
27 48
28 32
3 92
22 32
7 60
18 69
11 61
29 23
13 37
16 14
3 83
10 27
27 39
29 67
5 76
9 72
0 75
20 10
10 90
22 61
28 50
26 18
1 50
17 39
2 85
10 45
2 94
18 82
26 45
12 10
14 18
30 52
15 14
9 99
7 50
15 99
6 30
1 41
26 85
22 90
6 48
7 51
18 48
25 96
26 92
24 89
8 89
22 22
12 96
0 11
30 14
20 51
4 54
4 55
12 47
25 29
28 22
17 92
13 18
14 29
7 31
19 70
28 77
15 64
8 84
2 91
26 91
8 54
29 70
9 19
25 59
23 66
3 90
18 52
8 45
12 29
8 73
21 91
14 100
24 31
16 76
3 98
5 18
6 70
25 63
28 90
0 67
1 27
0 36
19 65
20 47
9 53
15 81
14 39
20 50
28 3
3 33
17 92
17 2
12 72
28 6
30 76
28 28
15 86
5 47
12 14
2 98
7 65
15 74
6 88
17 97
14 25
23 14
23 55
18 96
19 93
22 13
26 1
3 70
24 40
0 34
14 17
15 27
5 82
8 71
5 35
12 80
17 24
21 36
7 82
3 72
26 96
3 57
21 100
24 12
2 50
11 71
28 19
27 39
16 38
12 38
16 12
28 52
3 82
22 3
19 19
8 58
9 72
4 21
7 22
29 59
7 2
5 38
1 81
18 32
15 55
9 98
27 62
4 78
28 83
10 40
9 27
21 58
30 8
16 41
13 45
0 46
17 57
10 3
20 30
5 90
7 42
25 55
28 46
1 62
15 59
23 65
15 34
28 81
18 74
4 1
26 70
26 58
9 27
13 85
19 8
12 55
22 73
0 45
0 58
23 32
21 10
2 93
16 62
13 55
20 44
4 42
6 74
0 72
25 44
12 26
13 10
6 34
30 84
26 67
18 11
20 14
10 41
9 29
2 1
13 93
30 64
2 3
9 33
11 79
28 60
0 25
0 77
3 76
27 31
9 97
8 71
23 39
0 3
4 76
23 54
25 86
0 88
7 76
27 24
29 48
0 8
7 59
2 92
29 72
13 22
16 97
6 67
16 28
24 88
27 19
15 99
4 94
6 71
26 56
22 73
23 69
3 26
5 54
24 36
19 2
15 6
30 80
12 8
5 11
29 2
2 52
14 15
26 28
3 10
29 19
6 23
3 62
26 84
27 45
28 42
5 79
21 42
16 28
4 31
28 37
5 61
16 85
7 95
29 74
24 43
20 74
29 53
8 30
6 67
11 48
18 67
17 59
22 40
18 18
12 26
14 8
30 14
26 2
2 63
28 76
1 15
19 29
8 75
16 45
13 20
14 9
10 84
23 37
27 63
18 54
16 39
17 4
15 80
24 78
23 92
15 37
6 65
8 99
0 38
6 76
17 24
6 45
12 83
17 35
28 58
2 16
21 48
13 93
13 36
8 47
16 56
19 98
28 7
1 87
24 6
0 52
2 55
28 14
15 98
12 73
1 65
20 50
15 78
8 25
6 39
29 62
6 7
21 56
2 92
21 62
23 56
6 87
12 94
14 65
1 7
30 31
0 5
7 57
7 17
19 91
18 85
2 17
16 88
11 48
27 57
21 49
19 82
5 30
29 75
29 61
21 47
18 39
28 92
8 6
14 22
26 33
29 22
19 9
19 31
10 13
23 70
1 23
27 70
3 41
16 85
25 100
13 35
26 71
25 41
29 81
28 56
6 55
29 93
30 61
11 62
0 85
2 72
26 44
6 22
19 72
24 38
21 7
5 69
19 21
0 34
3 64
27 14
9 84
22 34
5 99
10 79
5 11
14 69
9 12
12 91
9 89
25 94
9 93
30 44
6 92
24 15
20 20
0 46
17 64
25 77
7 7
20 63
30 42
2 1
24 33
28 88
19 45
1 15
14 12
19 66
25 35
27 6
23 34
4 97
29 65
10 63
9 5
22 57
9 8
28 50
18 72
0 86
11 44
30 65
2 47
20 97
5 7
5 62
27 13
19 71
17 17
7 57
10 85
9 57
0 66
27 24
30 71
13 80
0 19
24 95
19 51
24 52
22 96
26 100
4 72
10 31
13 68
0 62
5 41
29 11
10 92
22 66
3 52
5 61
20 9
12 13
16 43
2 37
20 3
13 80
14 33
10 44
21 45
15 3
20 30
26 71
21 59
14 72
5 37
12 52
23 17
12 10
20 37
29 90
3 73
11 72
0 71
8 42
25 63
1 10
8 4
30 97
30 99
27 98
13 23
10 75
16 6
2 55
16 85
5 88
11 12
18 23
26 50
29 70
27 7
20 17
10 56
11 9
4 17
24 96
24 83
15 80
23 61
1 61
6 3
3 77
24 72
7 68
8 40
13 23
13 96
19 49
16 21
29 13
26 8
12 82
14 50
23 16
10 9
22 22
23 91
21 23
0 66
18 1
8 57
23 83
14 44
4 54
10 26
25 64
13 14
23 98
6 28
29 59
18 53
21 7
26 56
26 64
6 17
23 56
10 91
21 77
16 17
28 70
7 94
24 82
14 72
14 2
3 59
7 92
19 59
19 87
9 60
26 72
1 7
12 51
19 33
20 83
25 8
0 67
18 73
19 27
1 60
22 42
16 65
21 7
18 37
3 59
15 40
24 77
23 34
27 52
26 7
30 90
12 21
25 31
7 8
9 17
4 30
27 47
27 5
23 53
9 57
27 53
2 85
14 26
15 68
15 75
20 30
22 34
13 16
2 98
29 23
27 13
8 88
16 10
16 100
27 47
17 17
29 67
2 80
21 79
15 98
23 6
6 69
25 73
25 59
28 52
16 19
0 37
25 12
0 18
23 70
14 74
13 18
30 46
29 4
1 89
9 22
8 28
3 37
20 98
21 65
5 73
6 35
7 29
6 98
9 30
2 53
23 76
16 89
25 9
10 93
19 22
12 9
19 91
25 81
28 100
17 83
27 28
5 36
28 32
30 22
18 18
16 51
24 97
1 18
14 82
3 31
7 53
19 41
30 92
9 33
23 99
13 10
13 34
17 38
9 70
18 42
27 29
9 82
23 29
22 46
19 52
16 62
28 86
10 8
23 69
2 22
26 67
22 8
10 78
5 58
3 53
30 17
26 34
18 8
2 86
10 39
14 61
3 74
24 44
10 39
17 81
23 44
7 20
19 37
13 50
28 3
28 31
14 14
26 5
28 8
14 15
6 27
15 82
25 84
10 25
25 10
29 74
5 21
6 82
2 14
30 61
13 2
15 20
17 65
23 5
22 92
10 61
25 67
23 58
2 4
3 15
24 82
7 70
12 17
8 5
7 73
28 3
21 98
3 98
15 77
25 59
10 90
30 56
17 7
20 57
19 100
17 83
19 24
4 84
25 46
9 83
22 69
14 86
6 90
22 15
13 13
25 69
21 73
11 32
15 92
27 54
11 89
12 93
5 49
8 33
29 96
18 28
19 67
21 99
23 5
16 62
23 98
25 94
29 13
13 85
11 78
16 1
1 89
11 75
17 41
2 69
16 21
6 84
14 75
18 98
2 43
25 79
27 67
29 43
20 12
16 64
20 92
6 1
30 12
30 10
11 61
24 2
7 68
21 51
25 58
17 81
6 43
16 100
12 25
26 35
28 55
23 25
21 42
21 21
4 7
26 38
7 24
18 7
10 9
8 22
17 29
19 9
22 55
16 84
6 13
5 93
18 2
22 97
1 59
4 33
4 97
3 90
25 26
29 23
25 40
27 36
8 55
6 13
10 14
15 55
15 70
17 11
21 72
6 1
4 98
5 55
13 89
9 47
7 28
17 75
9 56
27 12
23 66
30 49
30 73
15 82
29 17
1 95
9 36
16 40
0 36
20 68
7 33
14 3
0 46
17 65
12 82
30 97
23 3
15 16
18 73
27 12
5 80
22 26
7 71
23 73
17 85
17 1
21 36
4 54
0 1
17 88
24 87
7 43
15 66
9 45
5 65
18 59
30 60
9 62
10 90
0 67
6 24
11 31
24 34
4 97
6 50
16 82
18 36
17 87
17 82
13 93
10 21
5 95
16 77
10 56
0 71
6 39
14 14
28 60
8 95
2 86
21 43
16 82
1 52
14 53
11 46
13 92
9 95
16 31
6 39
1 93
11 34
20 75
21 72
29 84
22 75
2 73
0 25
25 41
4 21
5 11
27 30
14 7
20 98
27 96
25 35
9 32
1 29
24 81
2 82
9 41
16 47
28 62
26 79
16 73
25 90
18 19
28 45
18 44
12 70
8 49
28 82
28 33
27 22
2 34
29 64
21 50
3 73
27 1
1 75
10 60
6 12
21 87
17 8
21 28
22 11
11 77
14 60
13 26
19 89
7 63
22 26
12 19
6 45
18 36
21 24
15 36
13 29
16 78
2 27
16 95
23 89
14 71
14 58
23 74
1 15
9 58
0 10
2 86
30 23
8 52
3 25
3 84
18 25
13 64
15 84
18 52
19 66
24 99
8 16
26 26
14 98
7 43
22 92
9 6
28 62
6 62
18 52
3 34
15 45
5 92
24 38
27 39
22 87
22 46
23 69
7 62
13 45
25 96
2 42
20 17
8 96
9 47
29 91
24 10
27 75
29 14
6 44
28 61
5 72
19 32
21 29
30 95
1 84
6 79
26 33
20 55
19 17
28 96
28 60
11 56
2 45
16 53
26 33
27 78
25 70
26 77
8 38
19 97
11 96
8 46
18 34
14 60
28 71
16 49
20 51
30 24
27 30
25 94
29 38
27 39
25 37
13 85
9 99
11 20
29 64
19 75
29 27
1 53
15 94
1 48
12 39
20 99
20 90
2 6
7 39
3 76
17 56
4 52
3 31
6 45
27 22
2 26
5 97
11 46
12 84
20 24
11 29
12 24
21 35
13 76
9 53
1 38
27 62
12 54
23 55
3 42
25 39
6 85
2 46
24 64
3 65
7 62
30 85
9 63
3 72
19 67
3 87
22 97
27 64
11 30
22 59
14 56
19 30
22 63
7 8
22 3
25 88
14 66
22 79
0 16
3 43
12 51
18 39
1 59
14 65
28 90
27 87
26 32
22 11
28 25
27 31
28 67
21 21
20 95
15 86
12 73
30 52
19 9
0 17
30 85
6 68
5 22
14 42
16 86
21 98
0 33
9 29
22 65
6 61
3 41
12 7
11 71
28 21
5 85
1 23
28 60
14 37
4 54
16 20
30 91
26 57
13 37
23 73
2 25
4 50
19 93
29 100
2 18
7 81
23 69
21 34
15 40
18 19
11 78
28 97
3 51
22 84
11 58
8 80
14 69
3 70
26 56
7 57
11 12
13 1
24 8
11 26
6 90
12 15
9 53
20 90
21 16
9 91
12 35
22 61
17 99
21 12
25 28
11 54
29 90
4 8
27 56
5 97
24 12
10 48
13 61
29 88
21 98
16 85
9 71
7 90
23 5
6 55
29 31
11 75
1 12
18 7
10 9
16 27
13 60
22 21
22 26
9 83
28 42
21 15
26 69
11 91
14 21
4 34
17 100
27 52
10 42
14 87
18 70
26 45
23 39
13 80
4 54
30 15
16 25
5 69
12 4
12 34
16 88
5 97
5 83
2 70
28 84
8 19
14 40
14 39
11 19
11 25
25 7
9 56
23 85
28 91
19 61
29 4
8 10
26 63
2 91
10 23
8 41
24 62
0 42
19 51
20 10
20 41
15 42
22 85
22 10
22 50
30 52
5 14
8 73
9 96
26 96
25 20
16 86
11 63
8 76
6 59
25 18
5 28
17 71
2 45
11 77
28 21
24 93
1 94
3 54
25 99
1 58
23 60
13 41
2 84
11 37
18 35
13 51
7 35
30 87
19 79
26 78
8 46
1 49
30 24
20 65
3 11
22 35
4 43
20 38
2 28
0 22
11 70
7 98
29 73
3 85
14 41
22 61
21 42
29 27
22 65
26 79
2 55
20 74
18 42
14 94
19 17
24 73
20 86
22 79
24 3
17 40
16 24
23 10
4 20
21 75
14 74
25 40
22 83
17 68
27 34
30 65
11 31
15 70
3 63
0 5
14 71
14 90
30 51
30 8
30 44
10 30
18 26
28 17
9 73
18 55
16 73
4 42
12 11
6 97
27 65
4 95
6 37
7 39
27 99
29 57
19 23
17 84
14 79
0 52
4 89
23 73
2 97
12 99
28 5
12 86
1 53
1 21
15 79
19 77
0 54
19 79
22 71
1 62
20 41
21 51
13 95
24 23
2 39
23 80
0 29
4 23
29 51
3 95
27 52
17 23
21 32
1 60
23 41
10 17
26 78
20 77
10 47
7 15
25 91
22 94
3 18
2 94
26 76
1 14
0 8
21 26
8 41
20 9
4 79
29 35
25 21
27 60
22 87
4 7
28 95
10 13
3 52
12 25
20 4
17 7
21 74
18 91
24 13
17 64
0 58
12 59
5 49
20 19
27 51
2 50
20 95
1 21
6 84
25 85
11 96
6 51
0 45
16 16
16 27
1 91
21 92
27 74
27 76
8 91
19 20
4 82
18 92
10 63
12 17
3 49
11 77
11 25
25 74
16 16
10 36
4 15
10 38
18 63
5 12
7 35
20 95
13 81
23 68
2 9
24 89
11 83
18 78
27 88
22 74
16 90
19 54
30 48
24 9
30 73
24 4
30 59
2 90
12 99
27 44
14 44
29 5
3 46
14 9
23 49
7 85
17 79
16 79
10 76
1 78
23 53
7 42
10 71
26 64
4 76
28 49
1 41
28 13
12 59
3 47
5 62
7 23
17 31
18 81
20 28
16 10
27 51
4 51
8 76
19 14
8 41
24 12
6 69
30 96
23 97
5 25
28 28
15 34
29 62
14 33
15 29
4 29
12 60
19 97
0 80
24 61
10 10
23 4
23 49
4 51
16 30
14 63
11 60
18 70
10 93
2 63
9 18
4 76
29 99
25 93
17 96
22 72
23 3
27 75
19 38
26 1
4 7
13 99
27 50
6 41
2 87
28 39
0 11
0 32
1 27
16 38
23 7
1 41
4 93
25 84
12 70
5 14
11 64
14 73
7 21
2 54
28 36
9 96
15 56
12 64
9 84
15 87
11 10
18 98
0 32
2 63
17 88
21 75
12 47
13 22
27 66
27 66
6 80
7 78
22 12
5 93
30 79
19 14
17 43
23 45
20 42
23 94
16 90
0 47
5 75
18 11
11 74
24 86
24 3
23 20
20 49
1 21
27 79
5 41
26 16
1 54
15 86
2 7
4 12
5 28
9 32
0 73
25 99
15 45
9 61
19 6
8 5
7 96
9 77
27 74
27 6
21 16
14 87
5 96
5 61
26 50
28 63
4 58
28 63
5 37
1 28
1 40
8 23
7 76
23 4
4 71
10 76
19 73
15 58
7 32
14 69
25 80
8 43
9 26
4 82
27 2
9 42
16 45
15 26
29 89
18 31
17 56
21 34
12 62
16 30
29 9
9 6
5 27
29 65
9 83
6 60
6 48
13 2
17 97
19 53
25 47
5 86
12 51
24 76
30 8
11 23
19 76
21 68
23 17
19 2
21 23
1 91
21 33
24 91
20 90
22 12
26 27
26 11
19 56
1 34
2 73
13 46
30 30
15 35
9 20
19 58
6 5
11 23
27 60
26 7
14 60
19 18
17 37
26 81
28 23
3 82
9 40
17 96
17 40
16 59
27 83
17 17
13 50
17 65
26 100
19 3
25 60
23 25
10 3
27 43
4 31
4 70
17 13
11 93
0 47
27 14
15 8
21 93
21 56
28 70
19 58
20 55
2 38
11 84
27 100
21 97
26 79
7 66
14 40
19 61
11 5
2 82
7 5
1 17
16 90
8 8
0 1
4 70
6 64
12 33
27 42
19 54
26 55
11 58
24 10
2 83
9 30
2 43
8 26
19 35
15 95
19 66
4 68
25 35
24 73
28 6
7 13
11 16
7 58
21 91
11 71
21 77
6 32
2 27
5 77
21 49
7 67
4 27
2 88
27 100
25 37
16 95
27 57
22 99
27 33
29 62
2 4
30 77
13 86
7 11
8 58
18 59
3 61
2 73
1 18
25 97
16 23
1 100
6 2
29 61
19 35
17 26
0 88
16 81
11 28
23 90
10 48
17 33
22 68
13 68
1 17
28 35
14 57
17 73
1 60
14 90
4 15
2 55
18 73
17 27
7 56
25 56
5 87
9 5
29 92
20 34
10 51
5 85
19 30
13 10
19 30
14 38
0 12
24 99
13 2
29 52
5 5
24 6
13 14
25 56
21 40
23 35
22 11
10 40
11 54
23 42
28 2
7 21
4 71
19 21
9 67
13 78
30 39
25 33
16 92
2 33
23 15
26 39
3 54
0 7
5 14
9 73
14 31
3 57
5 39
6 2
7 29
6 69
7 5
30 46
25 6
29 70
4 1
29 42
7 91
22 69
27 45
21 78
13 22
4 28
25 83
7 71
17 100
0 64
25 48
0 94
2 95
29 97
19 94
27 93
0 87
12 41
15 1
25 47
16 100
19 59
17 57
25 98
9 67
17 60
12 74
26 11
24 78
21 55
1 61
13 51
7 58
26 70
29 38
27 19
22 63
13 7
10 40
17 63
11 97
2 48
28 9
22 17
10 6
17 33
22 11
1 16
8 49
5 85
23 5
12 31
12 4
14 92
14 16
11 10
24 8
23 86
28 87
21 35
29 63
10 28
23 38
30 32
5 100
19 58
11 49
21 45
12 53
30 89
11 7
10 18
9 87
13 34
18 4
20 1
19 8
2 1
6 78
11 13
23 6
18 79
17 28
1 86
10 1
7 33
27 43
19 16
15 13
4 41
9 20
28 68
14 72
2 63
27 69
6 39
17 3
9 19
18 43
9 42
24 43
15 64
0 43
12 15
0 30
18 66
27 51
12 42
18 40
29 22
30 53
16 10
13 9
30 74
21 53
15 46
3 16
0 72
23 58
24 59
13 18
19 42
12 38
1 90
25 52
7 88
0 6
9 12
29 75
7 78
4 45
10 49
24 81
13 69
23 96
24 18
15 16
8 36
19 56
21 21
26 43
30 12
13 23
29 87
15 4
22 12
12 2
23 60
9 3
14 60
8 83
16 48
11 20
18 44
17 26
21 52
17 65
18 86
7 45
3 63
11 9
29 2
16 19
25 17
6 26
0 4
5 24
27 96
6 55
18 48
2 13
6 20
13 21
17 45
20 76
7 82
8 26
2 4
1 72
29 1
27 89
18 21
8 22
16 67
9 89
8 9
16 5
17 27
2 28
19 14
18 49
23 93
28 1
20 95
4 98
0 84
4 46
23 8
14 13
29 22
18 25
17 34
12 66
11 53
29 87
17 96
24 29
26 38
23 70
1 29
26 18
16 61
9 74
29 19
7 50
14 58
11 60
5 35
19 89
8 27
6 7
4 2
11 59
27 20
11 95
23 26
3 14
13 21
20 46
22 6
13 43
28 2
11 50
21 44
4 12
5 26
8 7
3 36
13 25
10 59
23 87
20 73
13 37
16 67
23 69
24 81
15 91
27 92
12 16
4 66
5 78
5 1
24 43
0 39
4 52
16 32
0 14
26 21
10 25
9 47
1 45
1 72
11 80
29 52
29 22
0 51
2 34
21 58
12 86
16 24
9 49
17 58
1 76
25 4
19 14
12 22
18 39
22 75
18 10
20 17
19 13
11 41
10 16
16 11
20 2
9 63
17 17
0 54
20 13
17 91
17 22
10 4
21 79
8 9
10 37
12 1
6 8
29 89
14 70
9 67
25 65
4 78
3 14
5 100
7 51
27 29
21 82
0 70
20 31
3 28
1 8
13 99
17 65
22 12
3 60
25 14
8 61
3 13
0 79
10 25
8 99
21 100
29 16
14 23
11 44
22 60
23 67
9 7
14 64
8 64
20 38
11 64
20 94
28 93
21 14
27 92
18 1
20 81
15 98
18 56
25 77
21 27
5 27
24 86
21 50
11 68
18 53
14 2
25 67
12 14
24 62
2 90
15 17
6 38
5 5
12 73
4 44
10 56
1 2
24 33
29 51
2 26
1 98
1 19
21 47
27 86
18 27
0 11
0 64
7 78
11 83
14 95
8 9
2 13
29 15
12 34
8 11
6 31
12 87
6 70
26 75
20 2
21 29
24 95
18 69
10 65
17 17
29 52
5 38
0 17
6 43
0 7
7 9
23 82
25 30
15 88
7 38
6 34
27 59
23 79
14 64
16 36
27 28
13 13
15 28
25 33
18 45
30 95
21 38
18 80
4 77
7 47
24 28
5 8
21 26
0 58
11 48
21 66
25 33
18 69
14 80
2 19
1 76
0 19
29 67
17 49
3 21
0 17
30 53
6 83
0 13
3 84
25 85
14 64
17 64
27 31
13 92
22 88
23 16
7 19
28 20
24 51
27 25
24 67
6 70
14 37
7 58
0 15
30 9
8 75
18 28
15 63
4 44
6 30
28 28
0 90
11 91
5 32
12 48
4 76
26 78
11 9
4 30
0 22
2 3
30 37
26 88
10 68
4 8
10 51
28 72
25 51
29 34
7 33
3 34
8 97
14 58
6 4
18 72
8 34
24 66
16 43
30 72
12 12
7 8
23 39
19 9
7 91
17 61
2 89
29 8
19 79
21 14
11 12
6 61
26 8
6 73
9 88
18 13
29 30
11 47
16 39
8 24
7 84
12 59
12 53
21 56
27 37
11 91
24 26
17 76
0 28
24 64
18 42
11 41
20 77
13 68
24 42
20 14
6 95
30 64
8 28
2 28
20 100
4 82
30 53
14 94
2 74
24 5
19 50
3 21
5 12
29 4
1 37
29 73
16 37
5 64
17 73
8 14
8 42
8 30
9 13
0 32
25 24
8 27
4 7
26 17
26 97
6 33
5 82
16 60
22 29
3 64
2 84
9 84
12 78
13 56
16 36
29 30
10 10
5 76
21 79
1 86
10 40
27 87
4 27
23 24
9 34
10 100
3 65
23 16
14 68
14 22
15 14
19 90
26 32
10 80
4 89
1 90
24 75
20 72
13 11
13 14
15 32
29 52
8 86
13 54
11 8
5 66
23 3
7 23
26 74
19 46
0 35
15 80
29 42
1 31
2 99
5 93
10 93
25 84
7 18
16 36
19 16
10 2
20 70
27 77
21 93
29 36
26 32
2 56
7 89
8 64
24 12
12 73
1 81
25 81
5 88
3 19
7 32
29 56
10 66
6 46
22 26
15 52
7 23
0 18
16 26
21 4
18 16
20 1
29 34
20 42
6 67
0 66
2 51
14 38
22 56
3 97
12 71
24 6
0 7
28 75
8 43
15 72
2 35
20 96
9 94
27 9
25 52
2 15
28 43
5 30
3 2
3 78
5 51
5 30
15 50
3 84
27 15
3 8
14 97
6 59
9 91
8 95
10 47
17 9
1 44
4 49
16 4
16 41
12 27
27 74
18 96
0 67
9 43
25 84
13 66
29 32
16 41
27 39
30 89
9 62
13 76
7 10
19 16
5 42
28 85
13 16
27 83
24 61
25 48
8 14
5 81
5 57
22 13
19 27
18 70
3 60
19 87
13 27
27 67
14 13
27 24
30 44
13 61
19 16
14 69
19 8
16 5
18 61
17 72
1 29
25 97
25 16
5 45
6 36
15 6
21 86
0 51
7 91
1 23
16 26
21 83
14 52
14 45
8 29
2 4
13 70
20 70
26 64
10 15
27 56
10 50
7 84
4 71
20 59
12 14
26 21
1 1
2 40
7 27
29 78
6 75
18 16
8 39
17 78
7 42
6 79
7 11
2 68
29 96
7 40
29 3
30 15
3 82
18 25
28 27
3 100
19 27
22 70
20 62
10 11
19 26
14 69
16 84
29 65
5 33
20 55
24 63
22 45
16 65
27 10
25 76
0 63
24 87
21 27
24 41
0 53
13 28
0 77
14 77
13 48
11 52
29 91
30 77
5 4
28 52
0 28
20 53
9 96
12 2
20 88
2 95
23 54
25 8
11 30
3 11
18 68
17 26
24 92
6 10
21 95
10 37
18 77
10 16
30 32
10 25
5 59
6 50
30 50
1 84
22 24
10 3
16 93
11 51
24 6
11 92
28 52
29 62
12 25
20 45
26 47
0 70
14 74
16 90
18 97
19 93
20 80
30 68
19 2
26 80
4 40
15 51
8 94
20 58
25 3
9 45
13 33
21 50
14 58
26 67
30 92
17 82
2 90
18 63
11 31
18 21
9 72
11 32
28 26
23 23
25 14
17 82
16 55
28 81
5 71
8 40
14 21
22 2
3 22
19 50
5 12
13 78
9 37
11 81
26 25
5 77
16 6
13 71
16 85
29 33
15 83
3 1
5 23
29 98
21 61
29 17
19 21
26 35
0 70
4 19
11 49
12 18
11 66
4 62
6 73
12 15
26 75
1 49
27 33
22 67
22 92
13 63
24 58
8 24
13 5
27 51
9 34
4 69
23 80
26 42
24 3
0 11
19 57
1 21
19 58
5 62
9 32
18 47
1 45
26 74
12 21
24 74
26 10
27 52
30 56
13 71
0 8
12 22
30 80
2 23
3 91
23 43
0 30
29 54
16 76
9 85
9 71
26 33
4 83
18 17
16 39
16 74
26 24
8 57
29 70
1 33
3 87
2 93
1 34
21 40
25 14
5 86
6 59
11 64
13 49
18 25
27 52
17 60
13 41
11 89
3 69
30 100
10 57
3 100
22 54
27 100
14 13
11 10
14 98
2 99
15 8
5 76
4 37
22 13
30 67
2 42
4 99
10 43
17 39
28 44
3 83
26 39
7 95
11 93
29 12
4 61
26 10
16 75
24 95
24 18
24 58
3 14
18 1
16 60
17 22
13 2
4 89
20 100
5 53
5 63
8 21
20 56
9 82
1 25
23 62
11 14
1 37
29 19
8 75
26 13
17 13
9 91
28 43
27 79
28 60
12 13
5 82
13 25
8 85
7 100
29 69
29 10
25 83
1 76
30 20
9 60
30 46
3 86
22 24
17 20
17 13
20 38
9 98
29 95
16 25
17 17
10 67
28 84
20 45
7 35
13 63
20 20
14 30
2 46
13 72
24 30
20 4
23 14
26 37
24 19
7 93
13 32
18 65
0 56
25 53
28 70
7 68
30 87
13 46
26 77
15 37
4 30
29 39
15 35
21 27
22 73
29 20
20 29
10 37
13 6
0 99
29 41
12 59
9 73
15 61
29 45
4 52
3 13
23 28
8 71
18 37
29 93
29 95
3 20
20 30
22 89
11 2
29 9
26 18
11 50
30 100
3 14
10 31
28 74
24 74
28 92
4 32
2 11
8 69
16 13
30 16
6 36
9 71
5 33
5 39
6 35
24 66
3 52
10 82
23 63
11 57
27 17
7 7
21 31
15 11
18 53
7 53
13 47
1 77
1 70
30 8
20 94
8 62
27 62
20 67
0 99
27 83
20 26
25 59
15 58
24 87
5 20
8 66
21 27
0 43
18 76
11 76
11 45
14 79
0 58
25 30
15 4
9 80
30 87
24 90
25 65
2 90
18 52
1 88
28 74
10 37
8 23
21 80
20 81
0 41
30 82
20 27
14 11
1 37
8 45
10 74
8 61
4 75
10 71
1 77
30 38
14 22
22 80
10 78
0 73
5 40
24 93
19 74
7 16
28 2
22 13
30 100
19 10
24 80
19 22
16 90
14 5
0 14
29 6
28 23
8 36
9 16
27 33
0 69
13 24
18 11
13 94
24 23
15 74
22 16
26 92
25 89
29 69
16 5
26 56
30 96
14 94
13 38
0 80
19 87
19 69
10 14
17 43
1 8
0 22
28 72
23 94
0 19
12 94
3 90
6 5
2 98
8 69
3 4
29 49
22 78
12 97
7 81
18 64
20 83
2 30
2 100
1 93
4 60
19 53
18 27
3 43
20 18
12 18
16 95
2 17
29 15
6 5
10 99
28 68
12 87
4 97
8 30
10 83
11 21
28 72
28 16
16 88
10 21
14 43
18 30
17 82
10 46
11 75
23 47
19 56
7 100
1 81
3 12
27 20
19 35
10 26
9 9
5 31
26 100
3 27
19 82
5 99
21 74
9 95
0 62
29 85
15 58
21 92
4 18
8 77
24 53
21 18
21 29
9 79
29 37
19 67
9 78
14 17
13 100
29 67
9 53
19 16
7 16
1 98
7 71
3 22
22 72
16 8
21 91
23 87
17 45
26 81
23 44
29 76
1 91
5 35
16 27
8 14
22 22
12 30
29 64
14 14
21 10
17 22
22 18
28 77
23 73
20 94
1 25
3 19
23 57
23 5
27 16
24 45
7 45
21 79
18 33
8 30
10 66
28 72
11 74
9 31
12 57
19 58
16 12
25 32
10 97
21 53
23 30
6 46
27 2
0 55
25 65
17 86
26 9
27 87
8 91
13 91
0 7
15 70
0 2
0 6
0 66
28 67
25 66
13 92
23 53
8 20
28 56
23 4
17 92
27 98
18 4
5 21
3 81
7 46
7 38
30 30
26 74
10 12
29 5
8 67
9 50
17 99
17 78
20 4
9 27
27 58
8 69
10 36
8 48
23 7
9 78
4 91
25 93
1 17
28 2
22 23
8 39
27 76
16 65
27 40
22 11
24 58
24 31
15 78
10 87
13 24
17 35
25 28
24 4
30 62
11 62
15 35
5 22
28 71
17 67
15 100
28 61
10 9
25 9
15 15
21 52
18 53
11 27
5 62
5 34
10 62
21 85
13 35
11 77
30 70
18 93
12 9
2 59
3 82
26 77
29 77
19 24
2 73
3 31
20 61
4 56
27 36
6 31
21 74
4 29
14 94
4 59
20 57
16 95
6 54
21 14
8 51
16 98
4 35
23 36
3 55
7 6
22 59
10 11
26 33
11 66
27 72
9 48
29 77
13 77
6 77
19 23
16 75
20 59
30 13
21 48
11 2
9 34
16 86
17 73
30 71
6 84
30 79
5 93
27 52
13 96
29 49
8 56
29 38
5 84
14 7
11 25
10 34
11 42
7 88
16 76
25 56
28 42
30 56
0 95
11 66
0 17
17 93
1 20
2 46
5 11
1 61
22 7
14 3
28 79
16 66
5 55
7 23
19 1
3 57
9 8
13 68
24 24
4 67
26 43
12 98
28 70
9 48
4 46
23 98
30 35
30 25
3 83
11 58
14 27
14 67
29 56
6 10
16 82
13 98
2 42
18 88
23 21
29 25
10 73
9 93
23 71
4 100
22 17
4 4
20 87
10 50
30 10
1 65
12 90
19 45
11 3
7 68
9 21
10 25
3 41
25 21
12 84
10 41
15 48
25 62
12 94
22 47
1 4
24 25
19 33
23 73
6 99
17 71
11 80
29 73
28 60
18 40
25 58
22 18
25 40
4 85
5 10
24 4
9 17
18 50
3 100
0 87
27 97
5 25
6 56
7 96
15 54
26 54
5 7
24 9
17 96
11 9
21 67
5 41
3 79
16 85
13 86
29 98
28 4
29 4
22 59
5 38
22 75
5 17
9 1
15 31
20 87
6 78
6 23
19 45
28 31
6 100
6 41
15 11
16 4
12 56
17 16
10 71
9 1
18 98
10 21
17 45
27 33
25 57
7 50
17 49
5 86
15 76
0 22
3 48
24 85
25 78
12 53
12 6
21 4
25 11
20 18
10 46
0 66
8 77
24 17
7 66
7 53
11 77
8 90
17 49
1 17
6 96
15 70
7 22
14 18
6 75
26 88
12 57
20 25
4 33
22 62
12 60
10 77
9 2
18 60
0 56
6 95
8 48
25 25
14 36
25 34
24 22
29 86
27 98
27 68
27 41
13 78
9 40
28 76
25 19
16 98
0 77
4 25
30 28
29 83
15 20
26 35
29 48
7 95
12 79
15 53
1 28
4 15
8 32
2 43
3 74
21 26
13 27
8 35
18 22
20 80
1 9
5 64
27 47
10 35
8 32
17 36
28 72
7 19
5 40
7 41
26 100
6 59
16 15
28 8
10 62
16 76
19 99
20 75
6 80
7 87
1 75
1 87
22 90
28 45
13 69
12 41
20 3
0 41
23 37
23 83
5 20
6 47
12 2
11 32
4 81
3 59
8 33
29 12
10 76
14 59
0 63
19 91
26 22
0 88
10 26
11 55
9 57
4 70
5 38
20 92
18 55
24 20
13 65
15 95
28 17
3 29
9 24
25 92
20 30
7 19
15 75
29 63
25 70
23 82
13 79
29 48
30 33
22 47
24 66
18 54
7 35
16 49
7 11
9 96
30 11
23 2
17 10
18 96
5 94
9 100
25 78
11 95
1 14
18 13
28 27
21 1
21 17
15 29
17 27
15 17
30 47
16 5
16 19
29 27
2 49
15 17
28 50
27 48
24 50
29 41
9 88
10 48
15 30
18 98
2 71
6 32
19 57
12 93
5 33
13 19
22 74
3 88
19 47
3 76
21 18
12 26
8 47
10 99
5 55
2 49
18 46
5 55
22 36
22 48
5 54
13 36
26 92
30 32
26 3
5 77
20 66
8 12
21 37
26 63
8 15
28 29
21 46
11 2
0 17
0 49
6 48
2 7
25 30
22 68
4 47
24 34
23 46
18 35
28 49
7 68
20 89
18 86
26 85
9 83
1 75
11 45
2 98
21 93
23 77
1 78
20 43
6 13
10 4
14 8
7 76
13 33
18 21
30 59
2 84
9 89
3 76
29 50
12 76
22 3
23 83
5 30
10 12
4 69
8 32
5 26
4 39
30 87
3 62
10 16
29 55
26 96
9 2
24 21
14 98
7 5
23 26
11 41
9 45
8 30
1 52
12 42
24 68
15 11
22 10
18 21
14 15
4 12
25 28
8 75
10 62
15 2
6 99
25 37
23 46
22 95
14 66
30 25
20 65
6 66
6 30
27 66
4 6
21 91
16 98
20 71
15 4
24 95
14 89
11 90
20 64
8 8
24 21
0 54
17 12
16 18
29 22
21 84
16 11
28 2
3 91
13 83
17 80
21 71
15 70
6 8
27 90
3 14
13 19
13 29
0 78
21 80
1 92
16 25
10 92
28 20
0 55
22 49
15 85
29 65
11 9
12 96
26 63
17 61
18 55
9 28
18 14
27 33
18 91
11 3
16 39
25 83
1 97
22 82
7 76
4 25
26 10
15 33
29 24
11 15
12 98
3 2
2 52
24 99
12 51
12 17
7 94
7 26
5 61
24 1
30 49
7 33
1 20
18 80
8 17
11 62
26 15
19 36
28 39
19 7
0 36
17 31
26 6
21 63
13 6
22 62
19 46
13 7
0 92
17 47
14 80
5 37
17 34
27 74
21 45
1 73
13 19
17 39
10 14
3 66
19 85
2 98
24 21
15 89
10 54
13 2
27 55
16 65
22 24
23 77
0 61
7 16
5 80
20 7
24 29
19 66
20 27
1 4
8 12
11 27
10 84
18 75
30 56
25 91
4 50
10 83
16 52
24 84
3 89
14 76
25 20
17 42
1 89
24 30
30 9
21 89
22 50
6 72
6 32
1 100
0 78
29 16
0 40
30 19
3 93
30 76
8 83
25 97
7 37
8 12
23 53
23 85
3 43
22 65
24 54
25 37
26 49
7 74
8 91
26 59
10 6
0 81
24 30
26 92
0 76
29 66
18 25
24 20
19 91
7 51
11 21
25 37
2 85
14 34
10 10
27 67
21 83
14 55
8 38
21 30
1 51
27 79
13 1
5 25
24 35
15 98
26 16
3 100
4 36
18 10
3 58
2 38
24 77
0 55
9 72
3 33
18 86
24 11
3 94
0 9
2 51
20 25
1 78
14 16
25 18
11 52
8 88
26 41
30 43
30 68
19 76
21 20
8 54
18 53
8 87
29 49
4 82
18 97
15 15
28 98
26 75
27 49
4 63
18 44
30 75
27 56
3 42
27 24
11 39
6 47
11 34
17 93
5 33
28 76
17 96
30 29
18 89
26 45
18 52
2 84
2 89
12 91
5 63
20 93
2 81
12 69
27 3
10 50
16 41
7 1
18 21
17 52
13 6
24 41
23 40
29 80
25 89
20 75
0 26
24 9
10 96
15 8
5 55
24 53
5 30
25 1
27 48
30 71
28 12
21 25
24 27
18 77
22 35
21 95
26 93
8 93
27 97
26 44
28 10
28 19
2 72
4 42
26 9
15 80
30 20
5 85
9 62
28 82
7 63
8 38
0 68
8 71
17 23
10 90
10 16
18 62
5 15
21 32
29 77
12 24
17 2
17 49
24 83
11 93
4 20
4 16
27 3
28 96
11 68
5 23
27 25
9 18
25 30
0 10
3 31
12 21
27 94
28 24
4 22
30 71
20 32
28 23
2 96
19 24
30 19
2 41
3 21
29 1
17 37
13 69
5 91
12 44
27 32
29 53
25 48
8 69
9 70
7 34
9 31
5 91
2 55
20 59
4 91
19 71
5 86
0 57
5 64
19 36
4 79
18 98
10 100
17 47
0 13
14 76
23 73
23 64
16 50
7 25
9 23
18 75
14 51
22 5
26 42
20 2
15 7
25 83
2 26
25 5
1 96
3 98
26 5
19 92
6 87
16 88
25 53
8 29
15 37
2 89
29 28
1 22
19 41
29 43
12 9
29 28
18 66
11 59
19 53
15 57
16 91
10 30
9 99
24 23
8 31
30 15
0 46
22 35
4 58
8 73
28 21
27 40
11 39
15 66
20 16
23 74
1 9
2 30
5 88
30 30
3 97
17 90
22 28
15 29
14 65
17 82
8 14
4 99
17 13
11 71
3 87
2 49
18 23
10 3
16 15
2 64
26 71
27 70
16 67
23 48
23 77
25 16
19 51
6 72
24 5
22 89
29 12
9 22
3 34
7 53
23 52
2 88
0 98
9 72
15 57
30 63
17 50
21 76
22 1
18 44
30 43
14 43
9 33
12 91
14 26
0 31
7 77
8 73
14 7
28 71
1 22
7 79
19 52
7 57
1 95
7 8
30 67
3 13
0 32
20 11
5 41
19 3
6 100
16 75
4 23
2 11
7 3
13 62
7 57
9 44
28 81
30 24
5 81
18 91
25 34
29 23
12 73
8 59
25 94
14 36
2 1
9 94
22 74
11 19
18 59
23 18
26 82
12 37
18 68
12 51
21 36
21 91
19 73
4 98
26 63
26 20
4 39
20 95
27 96
21 89
12 3
23 83
14 45
30 92
1 76
23 22
22 76
26 38
8 98
2 77
18 53
1 25
26 85
1 84
10 23
7 7
27 84
22 71
24 34
23 97
24 78
23 56
19 32
7 45
14 60
3 24
21 3
26 6
5 24
26 97
0 70
13 47
19 51
11 90
21 11
19 50
2 67
7 16
28 29
13 2
24 94
7 99
21 37
22 61
15 58
24 84
24 65
6 86
26 7
3 52
14 33
18 23
11 93
26 19
21 59
26 84
8 4
10 94
15 62
24 3
18 8
7 55
4 90
3 65
17 64
1 67
0 74
21 39
20 92
23 45
20 68
0 27
14 30
8 97
22 62
3 32
12 25
17 17
7 2
18 60
18 56
26 39
7 18
15 11
25 19
4 23
15 88
27 83
10 89
19 11
9 95
15 96
11 28
5 81
24 16
28 65
6 70
16 68
29 80
13 41
6 90
7 13
21 76
15 40
21 99
28 63
19 46
7 78
1 50
10 23
16 73
2 39
7 17
5 34
7 22
19 32
12 92
10 7
16 47
17 13
27 49
17 17
24 32
7 38
2 65
6 45
12 6
9 59
25 98
27 71
14 41
21 53
1 40
30 53
7 55
12 86
8 2
24 29
23 90
15 30
10 72
18 12
29 74
9 22
30 35
1 42
29 26
8 53
25 87
24 57
4 11
15 36
29 52
3 33
9 66
14 44
24 39
17 6
20 43
18 72
21 31
21 39
14 9
0 20
19 81
13 32
24 28
16 64
21 22
2 34
10 20
5 21
26 77
28 2
22 93
27 71
15 88
14 47
21 7
17 29
17 25
23 50
8 35
13 13
25 60
1 38
27 84
9 91
14 76
13 45
8 14
3 23
1 86
27 44
26 3
16 86
15 74
10 2
7 44
19 45
0 14
24 13
13 55
4 78
11 47
19 28
13 38
17 73
25 18
18 64
13 87
13 59
4 21
22 100
11 42
24 5
15 26
16 57
25 42
8 49
17 80
16 38
3 43
13 90
16 62
19 7
2 19
21 77
19 11
10 14
9 86
9 40
19 75
5 60
6 89
10 70
14 93
12 61
8 36
30 89
2 81
19 9
16 12
30 39
6 52
20 56
9 14
20 47
28 15
15 8
21 56
13 74
1 90
4 12
2 29
8 78
2 59
26 62
22 48
30 4
25 19
2 1
23 53
9 11
26 87
14 9
11 99
18 74
14 3
30 100
13 64
24 32
11 84
17 44
27 62
11 4
14 13
6 93
1 94
28 50
5 52
28 8
26 16
9 89
29 61
19 40
7 26
17 60
11 50
1 92
0 25
10 3
10 30
30 30
19 1
28 92
22 16
15 81
10 82
6 72
26 17
14 67
17 70
26 76
12 34
17 53
7 90
19 84
3 20
26 92
1 40
20 54
0 26
8 80
30 100
2 51
26 54
16 33
10 53
13 87
24 75
11 54
19 94
17 48
4 54
28 89
16 63
18 100
8 77
21 72
23 71
4 63
7 15
9 94
20 72
28 17
2 91
9 42
19 47
29 37
19 20
24 16
8 1
10 87
23 79
19 49
10 8
27 63
21 30
7 50
4 75
26 11
24 11
14 27
22 30
1 20
5 52
1 49
1 67
16 60
28 84
3 2
23 40
29 58
29 33
29 27
0 10
16 22
19 80
14 54
1 35
27 45
5 61
9 80
0 38
15 64
30 58
27 2
19 85
16 4
11 67
20 18
29 27
4 41
4 49
8 54
30 58
6 60
10 80
1 61
29 25
0 10
14 36
2 29
15 37
13 49
2 68
1 70
5 80
27 7
25 15
25 43
13 89
17 27
21 92
0 47
13 91
1 18
21 100
20 85
18 97
24 31
19 53
13 5
10 21
5 21
29 51
12 25
18 83
30 4
27 41
30 81
9 73
26 62
12 74
28 33
12 41
30 4
10 96
23 85
17 40
25 28
20 26
5 61
30 41
30 83
6 9
6 93
16 10
0 80
7 80
14 34
23 27
2 12
19 1
10 61
4 22
4 42
24 43
13 59
23 96
8 82
9 92
6 89
8 95
3 42
10 52
6 10
3 10
9 35
16 81
3 31
21 26
30 57
6 78
6 75
0 57
20 6
13 97
13 67
0 64
29 39
0 48
11 80
26 67
20 28
2 75
13 35
28 24
8 42
27 49
0 84
15 35
5 3
30 15
2 25
21 99
19 40
22 5
23 31
15 51
1 47
18 49
8 37
5 42
19 42
13 26
19 71
22 89
22 74
1 36
28 28
15 76
20 37
21 48
17 36
20 4
11 65
7 97
29 65
16 15
16 70
21 45
29 33
7 27
20 15
4 46
25 93
22 57
11 19
23 44
14 91
18 47
3 27
13 43
15 59
25 50
0 46
21 50
0 72
27 20
22 81
12 38
7 3
29 58
8 27
3 4
10 84
26 35
10 63
3 48
24 15
5 48
1 4
28 54
7 39
21 36
26 31
5 59
23 84
11 11
10 48
29 35
12 43
13 89
14 41
13 80
24 21
18 34
10 35
30 82
14 67
1 84
30 38
7 89
20 61
14 31
27 3
24 35
27 15
17 18
29 38
17 79
15 66
28 84
29 44
12 2
18 13
7 83
30 42
10 70
26 98
1 13
8 23
27 46
28 20
18 42
18 37
15 85
21 89
14 58
26 75
18 35
29 40
28 54
14 57
4 78
2 2
18 45
20 23
10 5
27 24
21 43
10 84
2 42
22 25
2 49
0 33
15 49
3 18
30 86
27 53
0 60
20 67
29 79
26 51
30 53
21 92
29 59
16 33
12 18
8 90
26 63
18 28
8 96
7 41
1 73
3 73
12 82
29 81
13 53
18 97
9 1
11 40
22 100
19 30
9 77
0 59
18 64
6 90
3 94
24 10
15 87
5 51
5 69
24 86
14 76
0 74
27 80
17 62
14 67
13 89
21 59
26 51
24 21
14 81
6 26
6 29
26 20
5 52
9 69
29 85
17 90
14 100
16 63
6 32
4 39
11 34
17 22
27 3
7 3
16 61
15 50
4 37
16 66
20 91
