100
2 12
23 43
2 64
16 18
23 76
26 8
12 97
16 69
25 62
4 92
28 57
20 22
14 39
4 35
16 56
28 38
25 58
8 67
8 35
12 2
29 94
6 64
27 11
26 36
8 83
21 43
20 42
29 65
10 77
3 10
20 56
11 82
13 50
25 32
2 14
27 2
30 28
14 15
1 89
1 9
13 64
28 52
25 32
16 8
15 31
11 72
2 29
15 64
16 74
20 73
6 81
21 97
6 22
15 79
10 57
12 19
12 6
17 71
12 3
23 74
10 72
17 37
23 87
11 19
10 17
16 29
15 71
15 85
5 98
14 94
3 92
30 41
9 38
12 79
25 98
12 79
10 90
10 54
27 70
27 54
11 44
27 6
7 70
22 35
3 3
12 21
29 44
19 66
1 77
22 45
2 2
29 1
17 98
1 40
11 50
6 8
9 34
23 68
24 30
17 83
9 16
11 89
4 69
19 59
1 64
8 28
11 24
13 72
6 40
14 71
11 78
9 27
17 24
11 87
22 98
30 52
17 30
24 52
15 48
22 27
12 100
8 37
26 53
0 90
16 55
15 27
14 64
24 93
25 25
20 79
13 8
22 38
2 55
18 46
27 60
23 71
2 55
26 79
21 83
15 87
12 47
2 86
11 16
20 58
8 78
5 41
14 1
5 88
28 36
10 100
14 3
22 15
16 19
20 90
11 70
27 14
10 16
1 99
28 1
8 87
23 79
22 17
10 63
29 95
26 64
20 20
27 38
17 84
5 85
4 41
29 36
15 60
20 3
2 63
15 13
25 42
21 24
23 93
11 52
3 80
6 66
21 67
14 90
8 5
21 60
27 64
28 98
15 57
19 63
10 39
28 90
12 67
20 18
13 51
16 62
19 62
25 96
26 29
18 7
3 37
21 89
20 13
23 64
13 92
18 92
26 15
27 92
10 52
22 96
1 44
27 17
21 81
26 27
21 12
6 96
14 50
29 72
11 88
5 63
10 42
0 42
13 42
25 34
21 41
5 29
26 14
19 100
19 89
26 42
12 36
8 76
30 44
21 29
0 12
19 26
28 32
11 86
9 66
17 60
27 42
7 20
28 56
27 54
29 94
17 58
11 92
2 43
23 66
11 48
9 64
22 57
8 76
18 62
12 31
15 78
0 56
3 84
18 81
25 54
25 64
1 88
10 24
26 46
8 61
2 78
8 81
18 9
6 69
16 12
17 31
20 43
28 58
29 41
16 56
26 78
7 72
30 2
26 16
26 40
28 96
7 62
11 98
27 4
3 31
10 14
7 64
3 11
2 92
1 83
9 7
7 57
26 35
2 90
25 56
12 87
1 98
20 10
19 66
17 44
7 2
11 4
22 6
5 31
23 15
23 21
21 81
27 79
28 55
19 30
24 95
8 91
29 38
9 25
29 100
15 67
4 30
16 39
7 57
29 80
6 48
11 12
9 11
8 70
2 4
11 18
24 59
8 64
19 13
19 62
30 10
17 21
15 24
17 24
19 42
12 88
7 46
23 79
19 85
29 34
30 89
17 84
2 18
1 33
11 4
14 26
18 64
23 25
10 67
30 71
29 90
7 54
24 78
5 61
10 75
30 100
17 38
8 13
27 64
25 84
18 87
6 28
13 68
5 26
12 55
25 80
0 65
4 53
21 83
12 94
16 68
2 74
17 14
3 29
8 81
9 41
24 48
30 69
3 10
1 60
7 28
16 78
14 51
22 76
30 21
16 83
8 30
18 67
3 96
29 55
30 50
6 14
29 100
5 69
6 8
30 92
13 29
12 88
7 37
27 90
14 43
19 13
26 13
5 49
8 67
25 86
9 13
8 16
12 82
29 15
30 10
0 60
25 40
1 7
9 31
12 36
9 79
26 72
12 22
27 68
9 80
14 3
6 87
24 23
26 56
9 32
19 71
0 19
27 6
22 89
9 2
1 66
2 75
27 87
29 9
20 94
11 79
16 99
28 64
11 74
6 99
16 82
4 15
5 71
23 49
30 92
1 10
2 97
28 76
11 18
3 88
25 27
5 49
24 34
25 10
6 75
13 6
0 17
5 69
19 52
26 99
24 96
1 66
18 13
8 45
30 87
11 65
23 17
6 4
27 20
2 71
29 40
1 69
15 82
15 33
16 20
21 13
15 35
23 95
24 6
20 43
11 47
7 16
25 85
0 76
1 10
29 80
3 32
10 68
2 17
11 75
24 47
27 85
25 81
14 14
6 43
25 74
14 54
23 95
23 97
27 19
20 11
15 88
10 38
19 51
18 18
11 53
15 79
29 86
25 76
25 44
19 41
23 96
17 49
29 74
28 67
18 32
26 93
26 25
5 51
1 61
28 59
16 43
30 94
14 78
9 68
22 76
14 66
14 98
14 62
20 38
21 67
21 10
18 58
1 35
19 50
25 23
2 63
24 52
28 24
7 91
7 2
8 65
23 97
23 31
29 19
0 66
13 86
25 25
4 48
9 29
4 84
20 83
27 70
17 50
20 29
15 71
4 9
0 59
7 61
26 36
1 30
27 44
26 14
27 91
9 37
7 22
9 17
11 2
18 42
14 27
28 67
8 21
21 71
14 54
23 44
19 19
21 44
24 80
14 75
2 79
6 51
28 2
1 78
17 27
0 75
18 59
18 86
3 88
0 52
16 31
14 81
11 60
16 37
10 55
13 22
15 97
12 52
1 33
10 75
10 42
13 2
13 14
21 47
10 51
19 9
3 27
22 63
30 70
24 53
13 85
18 20
28 73
30 2
7 36
16 4
12 15
27 54
24 47
29 53
25 34
18 84
27 44
27 22
9 3
14 12
28 36
27 23
0 43
11 46
2 73
27 92
9 71
3 92
3 81
7 84
7 16
30 9
4 27
8 58
1 21
19 70
1 91
29 95
22 100
3 82
20 41
15 29
27 76
24 57
16 88
16 79
10 44
7 100
20 23
23 60
22 48
29 5
14 28
27 67
12 83
30 99
21 47
8 52
27 10
19 73
7 49
0 37
11 82
22 94
6 83
30 28
24 90
27 86
21 69
26 59
21 68
1 79
6 68
16 87
25 59
6 66
12 84
19 74
1 55
23 84
17 60
26 99
25 16
19 7
3 78
26 71
11 49
22 4
5 69
22 68
20 14
27 52
19 53
15 55
30 32
6 30
21 13
7 26
25 44
30 48
23 38
4 37
18 26
26 76
18 99
4 42
17 55
6 21
6 56
5 68
9 100
6 88
17 6
16 60
12 51
15 5
7 12
8 70
0 42
9 29
25 27
3 40
19 51
24 35
18 21
6 59
28 68
11 62
22 12
13 39
24 58
5 22
12 50
24 15
23 86
11 15
20 51
30 22
30 76
30 69
30 91
3 15
21 40
18 24
6 34
20 23
4 71
4 98
29 39
28 15
23 73
21 42
15 96
16 12
8 11
29 91
21 41
13 15
7 69
13 9
12 2
30 75
20 24
1 9
11 33
14 24
4 71
8 26
30 13
11 49
29 39
6 58
22 100
18 91
7 25
0 68
22 95
9 1
29 84
29 29
7 83
25 100
2 14
16 93
18 89
2 85
1 72
10 29
12 69
21 17
13 14
1 84
20 86
13 33
13 81
4 9
26 78
14 98
1 43
9 70
19 82
22 38
25 41
10 10
13 92
21 99
11 82
1 28
23 63
17 28
22 3
0 31
13 43
29 39
15 28
8 67
30 98
3 45
16 62
22 38
9 45
26 7
15 79
28 6
3 39
20 12
20 22
2 97
29 44
18 31
24 76
19 10
24 71
1 72
16 11
12 43
13 46
14 97
24 36
16 34
17 87
2 34
28 39
22 32
21 60
14 78
8 62
16 98
1 92
27 59
14 11
21 23
23 98
14 80
28 72
22 57
4 32
10 32
23 84
24 100
7 95
0 32
20 53
27 43
0 8
0 30
21 71
12 74
28 63
4 1
20 92
2 57
9 32
23 65
26 93
8 55
21 82
26 56
4 32
7 37
24 32
1 97
12 6
14 15
27 82
26 3
29 29
28 39
24 59
1 15
5 96
25 47
27 68
2 67
1 43
17 32
2 92
6 93
30 41
19 77
15 100
1 99
0 86
19 57
12 7
7 16
8 30
8 32
1 47
7 70
9 23
1 97
17 47
14 30
13 55
10 98
17 14
8 17
29 71
5 100
24 26
16 54
13 97
5 81
8 72
16 29
29 97
24 77
15 7
25 42
6 18
9 32
17 21
17 4
7 56
5 43
25 17
21 76
13 25
7 94
3 93
13 89
29 50
0 64
13 33
19 66
19 55
17 47
8 26
30 57
16 66
3 51
17 24
13 44
16 39
10 11
12 24
28 71
28 29
10 100
19 87
8 98
4 81
25 96
17 10
13 16
7 23
13 17
22 31
25 2
7 74
10 51
2 13
11 57
17 46
7 7
18 43
29 25
22 25
15 4
18 64
21 1
17 79
10 80
29 43
25 98
16 1
15 44
1 29
13 31
30 91
20 11
23 28
11 49
26 66
17 49
29 38
16 74
10 18
5 52
5 72
8 8
19 23
28 35
8 9
27 66
6 18
30 23
12 52
0 67
20 86
27 91
20 21
6 31
23 47
22 18
23 86
22 99
9 48
8 22
29 28
15 47
9 37
16 21
4 81
9 42
23 72
16 66
22 31
10 6
15 9
29 14
11 96
1 6
25 28
28 44
27 50
30 80
30 10
2 47
2 34
0 12
15 43
25 14
30 53
21 24
9 95
9 73
28 52
19 85
7 6
11 40
21 83
22 62
20 65
19 90
5 51
17 77
9 95
24 84
17 96
4 91
20 38
28 26
25 13
24 56
20 87
21 97
30 65
21 54
2 57
9 36
22 51
28 86
28 16
5 14
30 83
14 41
24 82
26 25
30 54
23 92
14 47
12 57
28 76
13 25
2 28
10 94
15 34
4 95
5 67
21 88
20 24
23 23
28 20
30 55
8 29
18 42
13 24
7 24
13 58
7 75
8 3
6 21
10 6
12 25
25 57
22 84
0 91
4 83
24 29
8 73
18 73
26 74
12 67
5 38
5 61
11 36
15 61
0 61
13 30
16 14
2 14
5 84
14 25
17 84
17 3
12 37
24 37
15 21
1 45
14 85
24 49
25 83
9 65
14 49
27 73
22 80
26 94
14 44
21 34
26 51
20 16
4 34
0 55
1 99
0 12
27 93
30 77
19 23
6 86
6 9
21 62
16 28
10 44
5 78
6 76
13 44
0 44
13 63
28 70
26 82
17 21
8 39
14 57
15 59
11 63
4 9
15 39
29 21
18 24
11 28
17 58
20 58
28 92
0 60
9 11
30 94
4 33
17 67
23 37
13 66
24 74
28 100
1 60
4 23
12 96
23 62
16 82
9 62
8 2
24 69
7 47
18 19
3 66
6 35
3 67
8 42
0 44
13 43
11 57
16 58
6 8
17 55
11 94
15 8
27 31
22 95
6 99
20 37
18 80
12 60
11 30
29 76
30 29
25 60
15 84
10 55
11 78
12 78
20 72
23 75
24 92
15 65
22 76
14 59
30 56
2 22
16 26
4 13
6 2
9 36
16 84
26 90
17 70
28 31
18 79
16 29
3 6
27 93
24 83
0 65
11 96
2 77
12 95
26 5
2 6
30 89
25 46
21 59
26 87
4 68
9 9
11 38
19 82
5 12
3 63
2 35
4 78
10 65
25 94
28 48
7 75
11 4
4 45
1 35
1 65
18 80
22 68
5 49
10 32
13 17
17 76
2 82
29 21
28 21
20 15
27 88
9 49
25 41
30 70
13 97
9 17
11 70
14 96
3 84
12 88
8 94
22 48
8 95
6 48
5 82
29 31
18 22
0 44
4 13
29 61
11 69
5 42
8 84
15 44
4 97
10 26
24 63
22 97
0 85
6 41
5 40
20 55
11 38
2 31
22 36
27 2
18 23
25 65
25 99
17 95
10 29
1 74
0 45
13 21
20 30
9 52
25 61
5 77
22 16
12 15
21 21
17 49
2 63
15 18
28 1
2 12
6 50
6 68
21 34
8 60
24 3
21 13
8 29
28 71
24 73
21 49
21 30
26 72
2 39
8 50
30 91
24 37
8 69
29 69
22 78
14 13
11 57
9 33
29 6
0 89
11 87
3 50
26 83
18 28
8 45
3 90
3 99
14 34
0 61
22 22
11 65
11 96
6 74
23 28
18 22
4 43
5 75
18 36
13 2
2 97
0 31
0 10
0 47
30 8
28 63
4 49
11 29
7 20
15 70
8 17
10 99
17 32
18 37
20 35
12 23
11 72
27 74
19 14
1 50
25 10
6 58
12 64
23 10
4 78
15 27
7 42
23 33
0 71
18 77
29 80
16 47
26 47
15 86
14 94
0 41
11 81
30 42
5 18
30 21
7 97
24 94
0 20
7 89
30 31
5 97
5 70
12 10
30 63
19 30
9 83
1 44
5 27
30 89
29 53
10 44
12 68
0 88
27 73
14 7
4 24
29 24
8 16
30 32
2 86
14 14
29 79
18 47
27 58
20 74
28 64
11 1
27 13
14 35
28 53
21 4
10 17
9 44
9 46
19 42
19 37
30 55
15 53
18 99
9 63
3 67
9 95
12 72
24 18
29 7
4 68
12 3
22 89
10 57
12 92
25 61
0 74
5 71
17 17
26 79
19 5
15 24
4 4
10 46
27 19
30 86
6 37
23 37
27 72
13 71
10 33
14 81
7 8
23 83
23 20
6 42
16 9
26 50
30 82
12 54
8 65
27 9
30 42
14 3
18 98
27 55
13 73
12 11
0 39
30 43
27 57
21 96
9 3
21 98
29 32
20 72
3 90
9 91
26 17
20 10
0 73
16 21
19 70
22 60
24 51
25 32
13 36
3 18
21 16
10 55
0 78
0 29
22 14
12 84
18 34
27 88
2 46
16 1
11 75
7 44
20 28
11 51
15 15
18 15
2 89
13 42
30 60
0 37
16 50
7 2
27 59
0 43
3 83
28 43
0 64
25 23
13 22
6 37
20 83
23 100
20 74
9 64
25 33
9 39
10 21
19 15
4 7
0 29
7 28
22 89
2 40
7 67
22 30
0 3
22 16
29 6
23 53
22 92
3 15
6 24
26 68
11 69
2 78
13 94
2 87
23 7
17 96
7 49
12 47
3 89
18 49
4 29
26 13
20 84
27 56
11 64
29 100
14 30
27 39
16 28
0 83
17 43
27 66
12 16
5 83
4 60
5 91
26 89
30 54
20 29
25 93
17 55
18 77
20 48
5 76
2 67
12 97
30 81
3 65
21 60
5 96
20 65
12 51
22 95
21 69
27 56
2 50
15 35
19 91
20 25
20 1
6 20
9 14
6 15
28 91
30 99
18 30
15 41
24 60
1 85
22 18
21 15
18 74
21 15
21 80
6 16
13 39
13 80
12 94
7 79
9 55
13 77
30 90
13 72
21 14
7 44
16 17
13 64
30 93
27 87
8 75
9 14
8 24
26 97
2 37
20 69
14 50
8 4
16 34
29 24
12 52
30 25
26 84
24 27
11 54
30 50
15 70
4 95
6 82
1 35
29 62
3 7
22 38
20 91
1 9
22 56
20 51
3 90
6 35
14 2
11 66
4 24
17 43
13 74
0 32
0 30
19 10
28 15
10 21
0 11
27 23
7 37
20 83
0 62
23 96
9 71
15 88
30 83
28 84
2 82
6 95
6 2
21 87
27 99
11 78
19 5
0 22
12 74
29 53
22 11
28 51
19 90
18 25
30 52
8 26
30 89
1 64
28 96
16 73
18 24
12 51
23 47
16 20
1 77
11 39
13 95
28 31
12 79
11 79
0 22
16 81
21 75
21 78
15 10
17 17
12 1
28 85
26 47
13 62
9 31
23 59
26 22
26 50
15 27
22 89
0 52
19 12
11 22
10 18
11 52
2 83
21 6
28 18
25 63
12 84
22 11
1 7
17 85
4 21
0 21
1 63
4 16
6 8
26 92
5 40
30 23
27 7
3 37
10 74
29 85
30 29
10 40
16 16
17 30
9 97
23 53
4 88
0 54
8 74
0 72
27 54
16 21
21 5
2 75
24 80
20 85
15 6
2 93
16 27
29 100
9 5
21 42
27 59
17 86
5 32
15 67
16 47
30 39
29 74
29 8
6 77
9 77
1 26
7 54
13 60
27 38
19 2
12 25
11 49
10 46
22 82
20 66
20 45
3 83
0 36
27 61
5 22
5 26
1 61
28 64
9 19
8 18
20 4
10 72
2 59
5 5
11 21
19 8
21 36
12 61
18 43
3 39
2 45
8 3
23 16
29 47
0 13
24 83
5 71
20 24
7 83
27 33
25 27
17 1
22 44
27 8
3 68
12 86
15 90
17 66
30 14
28 97
22 85
30 56
10 18
10 79
15 83
27 4
10 41
10 85
10 81
2 69
6 59
16 89
0 96
10 38
4 14
7 20
9 66
2 79
23 57
11 64
23 69
11 9
9 50
25 86
14 64
4 9
16 99
29 92
5 51
5 26
3 90
0 69
16 95
13 68
12 46
13 19
9 14
28 1
5 13
9 27
30 83
22 89
22 50
14 2
23 50
17 73
24 98
13 33
16 91
30 41
6 3
3 18
17 55
24 90
27 86
3 81
13 86
17 18
22 36
19 66
3 6
16 11
7 44
9 62
1 98
26 63
13 14
9 17
6 40
0 25
30 96
28 52
18 11
29 85
10 11
0 58
30 4
24 26
16 49
9 6
23 16
20 30
11 41
1 29
9 40
24 47
22 37
22 86
26 79
11 71
13 33
10 51
2 61
8 86
7 100
14 23
20 87
22 93
6 74
29 1
1 98
12 19
7 98
21 89
26 46
1 81
14 30
21 7
7 37
15 4
14 17
6 75
25 35
15 29
3 37
25 45
30 70
21 17
2 10
12 9
13 92
16 33
18 54
22 9
24 99
6 89
16 42
18 12
9 90
12 40
7 33
26 57
28 81
4 39
11 88
9 50
17 7
6 17
20 26
29 1
19 93
12 7
18 47
14 24
17 18
1 76
15 23
30 68
13 37
2 99
30 70
29 79
28 33
4 67
1 13
2 12
30 36
22 45
24 32
30 76
24 96
29 66
14 63
0 19
15 86
1 22
21 68
4 50
0 23
19 77
5 25
28 40
23 51
20 47
29 52
27 45
12 95
25 100
30 57
9 48
8 83
6 23
23 10
28 34
3 65
20 95
11 80
20 34
8 35
12 50
26 58
20 72
29 95
8 65
1 44
24 55
28 93
5 11
28 22
14 75
4 37
0 42
22 16
15 11
4 92
25 53
15 50
17 63
16 2
25 2
7 35
9 90
4 42
22 54
1 96
17 29
27 24
18 46
28 51
11 17
9 12
1 34
28 20
3 31
27 89
18 27
14 76
13 52
3 68
26 63
12 55
21 89
6 14
5 42
29 25
25 65
23 40
28 12
24 72
25 74
25 19
7 53
11 83
13 35
23 16
7 10
27 73
19 33
2 41
8 58
1 54
7 56
17 10
15 82
14 27
1 43
11 76
10 62
5 4
9 39
6 57
29 40
2 60
2 47
13 23
28 24
16 77
22 1
28 20
29 87
10 32
12 41
3 14
28 14
19 19
5 57
9 63
6 54
3 27
19 23
27 97
26 82
8 29
15 95
12 87
11 60
11 52
19 48
22 16
3 53
21 37
25 42
23 1
14 94
17 55
13 87
4 35
28 10
11 30
9 66
10 100
10 58
8 79
11 40
12 67
10 74
16 40
22 27
23 57
9 24
22 93
30 76
15 64
30 31
19 25
7 52
22 72
26 58
15 26
6 75
16 14
28 22
8 92
21 14
6 73
26 55
27 1
25 45
13 96
29 21
2 34
16 82
28 76
4 55
18 41
24 74
25 73
28 93
3 36
10 89
8 84
11 18
18 43
13 89
5 58
15 98
17 51
1 17
13 97
15 77
14 42
24 87
22 23
17 15
6 98
6 17
14 76
18 64
5 93
7 12
23 4
2 96
15 79
28 6
16 67
10 86
13 59
13 21
25 37
27 27
28 67
7 42
30 57
11 5
11 55
3 81
19 92
14 60
27 71
15 95
7 64
15 43
26 74
25 30
9 67
16 90
27 80
1 25
19 32
23 40
23 29
10 3
20 33
6 28
28 82
10 26
11 67
24 30
26 43
17 99
16 84
8 100
6 3
26 65
20 30
12 76
24 81
21 38
4 75
6 10
27 39
23 75
10 44
25 12
6 21
14 36
29 71
4 56
19 68
6 46
28 17
6 29
27 37
9 31
11 73
5 27
8 77
21 2
22 10
7 56
8 7
22 61
22 63
10 89
3 32
29 51
10 65
6 61
25 25
6 67
24 21
29 63
26 89
5 12
27 34
20 56
5 75
5 56
7 63
29 86
27 56
30 81
26 34
28 65
2 49
13 99
24 21
29 85
25 32
1 36
17 69
30 97
24 65
17 80
3 44
14 23
11 62
14 10
16 54
26 6
23 85
7 93
6 65
25 89
27 4
28 97
28 25
14 53
7 8
11 64
28 63
23 40
22 27
14 65
29 84
0 62
5 38
9 21
22 98
24 47
24 58
14 70
12 56
4 68
11 86
3 82
1 92
9 58
27 32
7 7
25 99
18 73
14 24
26 22
5 37
4 9
21 98
13 88
22 62
27 64
14 84
8 13
19 1
25 84
5 93
0 27
13 17
27 54
12 97
1 71
19 34
15 86
13 46
15 72
27 11
13 88
19 7
2 98
7 39
15 88
25 14
22 91
21 72
28 9
4 5
3 39
16 75
30 69
21 10
25 49
5 3
30 35
8 43
16 85
22 24
27 99
9 18
22 82
25 30
3 83
17 82
28 62
12 89
23 76
28 85
21 81
26 28
11 11
7 24
25 90
1 1
26 53
14 93
12 62
16 21
29 84
28 19
14 98
21 89
8 72
5 39
15 60
7 72
9 45
12 10
12 40
14 18
5 15
20 74
5 45
23 15
6 25
4 25
19 57
23 90
28 26
13 3
8 86
25 26
30 95
29 13
10 5
14 87
12 60
18 3
22 80
21 78
16 92
28 91
16 51
25 73
19 98
28 84
0 91
13 47
14 46
20 90
7 31
30 84
12 49
5 14
17 5
29 52
8 68
21 52
12 57
5 12
10 95
29 36
3 84
13 89
14 33
22 22
4 84
1 41
16 89
10 27
18 74
10 58
19 3
18 30
17 74
7 4
28 87
17 62
7 44
3 52
6 28
27 63
13 88
9 80
17 66
20 69
16 44
1 3
4 48
15 26
0 69
16 78
9 31
16 15
5 19
0 35
5 95
10 74
6 1
2 91
4 59
21 69
21 72
29 18
9 54
19 72
23 83
21 57
23 26
16 11
13 21
4 77
27 34
4 24
10 70
16 90
11 52
23 7
2 42
30 90
28 95
7 26
2 58
0 10
27 48
3 4
24 78
18 13
21 29
13 60
23 68
1 32
5 82
20 8
26 42
3 60
4 79
18 24
26 81
5 11
6 69
9 47
14 83
19 91
5 76
6 10
2 26
3 86
27 94
7 73
0 41
10 8
9 11
20 86
3 38
3 84
8 22
21 65
5 35
29 71
0 98
5 97
7 27
9 78
18 87
10 90
19 34
13 6
0 20
6 24
27 36
11 26
13 38
14 97
13 58
7 44
26 75
17 45
5 64
16 89
18 83
22 58
28 22
3 85
5 21
11 95
9 30
3 29
22 28
10 14
14 6
20 16
21 95
13 34
16 70
6 8
28 83
15 85
6 66
11 56
9 4
19 53
18 8
7 74
30 27
19 23
8 100
8 93
19 22
6 68
4 19
10 91
12 94
24 52
25 29
14 88
2 44
20 18
24 5
0 82
22 19
22 100
10 50
15 20
12 42
24 92
9 26
14 46
1 88
21 78
12 97
30 33
0 89
8 40
25 43
12 24
26 41
9 47
7 81
17 75
18 28
12 59
22 65
16 45
28 77
7 10
20 28
10 33
27 96
30 4
7 52
8 48
29 41
28 89
6 44
0 99
2 10
3 22
24 6
11 56
22 58
26 20
30 26
6 11
20 80
30 21
3 60
26 26
5 50
16 21
21 48
16 94
17 89
7 53
17 64
6 41
8 5
19 63
29 42
13 98
16 66
14 37
8 13
10 78
9 69
15 11
6 7
24 58
14 70
8 31
17 14
15 100
10 78
4 74
25 37
15 26
28 38
14 54
30 43
1 18
8 17
6 28
20 26
23 37
1 34
28 48
25 46
18 24
29 12
14 79
1 64
0 38
6 14
12 58
2 40
30 21
21 13
1 6
20 94
15 30
3 42
23 63
26 21
29 50
7 48
28 23
13 37
24 42
7 47
10 22
5 76
3 62
18 79
28 97
18 99
17 11
10 6
2 22
25 23
0 3
14 72
11 11
21 51
20 70
12 95
30 11
27 31
2 84
16 9
14 64
17 9
3 89
1 64
24 37
7 74
4 9
27 23
8 88
15 90
29 94
2 2
16 29
12 98
0 17
5 11
8 42
3 31
6 63
15 52
12 70
9 39
15 37
7 7
19 1
10 60
3 59
18 64
17 77
13 41
20 24
3 51
18 86
5 55
5 41
13 86
6 75
11 54
18 14
24 24
13 99
20 8
4 58
23 73
16 18
0 95
2 39
7 17
23 71
20 16
30 23
2 96
4 88
2 22
8 25
19 66
2 78
20 61
15 76
18 24
1 35
6 70
5 24
24 15
16 44
9 20
27 4
5 76
5 99
13 25
20 38
17 3
8 69
13 3
1 29
24 44
17 44
3 35
28 14
0 90
11 54
27 78
16 8
25 56
17 97
10 26
30 91
3 93
15 28
18 84
29 24
17 69
10 10
11 65
22 18
1 58
17 96
24 100
5 35
24 79
30 78
13 10
13 54
19 69
10 92
7 81
2 89
22 69
20 60
11 52
10 90
20 60
3 70
25 32
12 5
7 5
8 35
13 93
28 9
10 68
9 77
11 100
15 89
17 99
14 94
7 56
0 15
9 21
8 65
26 71
14 90
10 28
17 51
25 56
18 28
19 50
24 71
27 35
26 71
15 60
3 56
8 60
26 15
6 18
2 27
2 18
9 65
18 2
21 47
21 41
10 2
24 84
15 15
21 23
6 20
2 80
1 5
19 49
30 53
6 33
23 50
14 98
5 31
4 100
1 33
17 84
15 47
12 53
6 50
17 9
21 33
22 95
10 90
14 3
23 52
27 16
5 8
20 56
15 72
30 82
29 80
12 71
16 84
25 71
25 54
3 73
7 19
11 62
28 2
10 40
23 17
15 49
5 23
1 21
12 14
24 16
16 87
16 99
5 32
0 90
10 7
29 100
20 98
27 97
3 11
22 52
10 33
29 42
26 7
20 69
21 6
12 44
3 61
28 36
18 89
12 37
12 6
5 29
18 5
23 78
21 90
3 82
30 96
19 45
9 30
30 66
12 63
19 65
26 91
3 98
3 74
10 56
21 47
5 91
10 58
8 14
21 44
2 67
3 40
15 96
17 76
4 15
20 50
25 33
24 100
5 62
0 11
20 3
13 50
18 17
27 10
11 59
0 73
11 21
26 87
24 90
2 70
29 89
15 30
7 35
16 89
5 28
12 97
19 30
7 8
16 63
18 53
28 11
21 71
28 51
4 14
16 5
6 62
28 60
3 1
10 37
10 10
4 18
29 98
26 71
21 10
14 86
18 3
16 1
5 89
1 54
7 18
3 65
29 55
8 82
14 8
26 45
30 1
19 43
8 15
17 23
0 71
6 79
13 49
6 90
12 42
11 89
5 1
29 8
8 83
5 71
14 1
3 84
10 22
5 7
24 88
25 24
1 71
2 26
23 20
2 36
2 3
12 58
26 69
16 42
3 82
26 5
10 81
8 56
25 39
12 18
28 43
17 41
18 29
29 94
25 93
2 69
23 84
30 48
30 43
18 63
8 85
27 22
6 76
27 6
28 41
18 45
1 94
25 57
5 67
15 10
13 78
9 95
16 40
6 77
7 9
16 34
24 45
5 63
10 100
19 19
23 56
17 5
26 4
14 86
28 92
8 98
15 65
16 9
6 63
22 60
8 72
0 43
20 43
28 43
8 38
2 43
9 33
10 89
22 41
11 29
29 18
14 67
24 2
29 26
7 28
14 38
15 48
28 93
17 55
23 83
2 57
5 12
29 81
24 33
29 80
29 33
28 84
12 17
7 92
8 51
22 73
1 87
15 37
7 97
7 11
9 69
13 82
7 97
17 12
3 64
8 22
7 63
19 3
22 44
26 61
4 98
0 96
3 56
17 41
17 50
5 52
17 84
4 9
11 84
5 58
23 93
11 54
26 95
27 90
0 24
10 73
25 5
27 78
8 84
5 46
7 84
24 42
26 59
30 80
2 75
25 4
6 14
14 70
21 9
30 42
15 55
5 8
18 90
24 39
8 90
30 33
20 58
16 13
18 78
20 68
27 20
28 26
1 41
14 22
29 88
20 84
0 42
28 10
29 81
6 10
19 10
7 92
26 5
4 19
23 39
0 48
12 60
22 44
24 44
2 27
1 5
6 18
0 47
2 8
1 22
19 81
13 33
1 81
22 46
13 54
21 99
21 40
16 74
14 60
12 75
0 83
21 1
1 66
21 69
28 56
8 98
20 81
22 5
24 86
4 45
22 73
8 70
3 15
7 66
30 34
2 7
26 4
27 9
3 76
3 36
20 17
25 23
4 71
22 6
19 43
10 31
21 11
26 57
16 46
9 52
17 100
13 89
0 41
7 43
10 1
17 55
8 47
7 97
14 72
22 46
23 21
16 44
29 99
29 38
1 56
13 6
23 9
11 28
9 70
21 94
14 83
8 90
8 45
13 91
28 11
5 96
8 28
27 82
16 99
16 52
0 72
10 59
19 34
23 7
12 7
7 63
15 24
15 94
14 2
4 31
1 1
8 83
22 26
29 4
24 6
27 25
29 70
29 74
14 80
16 91
8 8
12 28
3 63
4 83
18 22
5 52
19 5
4 63
11 98
15 29
4 13
8 63
30 17
6 63
16 99
6 7
10 22
14 4
29 58
18 56
15 39
5 69
6 80
1 76
0 46
17 61
3 49
12 93
28 98
22 56
22 77
9 14
11 47
14 21
18 33
19 80
3 4
30 45
12 35
14 95
28 62
22 97
14 5
19 62
21 5
28 82
11 87
14 38
23 18
25 11
9 2
21 4
20 55
6 30
2 61
17 29
25 39
24 56
2 19
29 35
7 53
25 13
25 8
12 48
5 47
1 64
3 21
3 8
17 4
12 24
26 96
13 23
10 15
26 24
23 79
29 39
26 78
17 43
28 17
1 88
19 98
15 20
20 58
5 51
18 94
25 61
27 51
29 27
13 92
12 13
4 14
23 83
28 18
10 16
20 76
8 70
5 30
20 67
11 26
26 81
28 8
13 9
17 20
7 64
29 30
25 63
27 88
15 89
6 64
17 26
28 62
1 61
3 79
3 100
26 65
20 9
24 59
6 19
14 33
29 72
19 26
9 17
12 75
14 84
25 19
23 90
17 32
13 72
29 61
14 21
15 23
25 60
25 61
17 4
22 92
7 53
5 61
14 40
24 16
21 32
29 8
6 40
0 88
15 35
5 47
12 23
26 4
25 52
11 68
9 6
26 77
15 41
17 14
3 59
10 72
25 46
1 90
28 3
12 2
7 51
8 16
18 44
22 91
24 12
6 14
30 84
20 99
30 13
2 80
20 37
4 67
5 6
0 55
23 38
9 51
15 48
1 33
17 48
12 76
4 61
24 41
10 97
27 65
15 77
15 59
4 72
11 97
9 13
6 79
5 49
3 93
23 77
28 92
4 89
24 17
5 63
12 45
9 27
21 11
25 98
14 68
9 7
28 47
10 68
19 94
15 54
24 24
23 39
25 66
1 85
20 50
10 59
22 30
4 95
30 7
1 88
2 39
20 1
9 70
24 35
13 69
24 86
5 67
16 13
27 89
30 61
9 31
21 20
14 11
1 34
22 9
19 37
29 56
18 75
11 66
2 18
13 50
18 52
0 92
13 34
6 5
27 1
4 95
6 96
30 3
1 38
1 46
22 12
10 24
2 8
23 40
9 10
16 71
0 85
10 12
15 46
21 64
12 3
4 22
4 83
8 10
7 25
17 32
21 75
25 66
10 45
17 1
24 69
16 66
26 93
9 18
4 26
12 13
26 93
2 39
2 54
13 88
29 20
8 14
9 26
9 26
10 75
19 53
20 49
22 31
12 18
28 80
16 79
23 35
4 29
19 54
10 89
27 8
15 87
15 34
6 91
20 28
4 38
26 5
17 24
9 47
5 11
13 43
13 94
18 41
26 54
17 97
20 41
6 87
9 80
18 44
10 11
16 3
15 24
21 60
26 14
16 79
14 6
14 90
0 6
27 80
22 50
6 99
14 69
26 64
28 5
24 100
19 13
22 20
21 47
11 47
28 43
17 13
23 43
18 7
28 54
25 42
5 87
7 93
20 69
1 17
16 93
23 4
26 79
9 53
26 72
28 64
23 99
24 86
28 65
2 49
13 65
22 68
15 55
11 62
18 50
4 33
25 17
28 23
19 78
1 20
6 13
7 91
3 63
28 20
10 82
0 65
13 85
7 31
9 4
1 48
3 33
21 35
22 76
22 35
6 61
21 32
1 38
15 62
4 69
23 75
15 53
15 30
25 71
9 77
2 27
15 63
22 49
11 49
20 6
20 71
25 47
17 40
1 69
19 54
13 66
27 7
19 17
3 74
15 14
5 12
13 61
9 50
8 20
11 33
23 76
14 33
20 5
6 65
30 51
18 57
4 5
2 21
7 42
20 10
17 44
13 7
10 28
30 87
28 59
6 3
10 42
0 84
19 35
4 52
8 51
27 41
11 82
27 86
25 52
20 32
11 41
14 46
15 6
9 54
19 19
27 20
17 82
4 83
10 90
2 26
25 55
29 29
6 5
1 97
24 61
27 92
14 27
23 33
4 23
12 93
9 9
22 17
10 14
4 95
11 83
16 43
16 48
3 83
1 90
15 70
30 82
23 35
29 46
29 36
28 15
6 48
23 54
6 69
1 39
7 44
29 92
26 63
2 19
11 77
10 72
18 86
7 82
19 23
24 61
11 6
10 3
12 91
29 100
7 88
21 100
10 20
1 19
10 5
9 16
16 51
16 59
26 44
2 55
22 59
3 78
13 96
16 99
29 81
2 22
29 3
20 48
8 18
1 85
16 72
4 23
9 31
10 59
26 90
0 91
2 54
4 27
29 59
18 60
4 35
24 8
22 60
12 97
4 75
9 53
29 73
15 60
19 8
10 20
13 18
17 92
1 95
15 63
19 6
24 58
16 28
11 25
24 100
29 90
18 89
12 61
21 87
13 36
22 45
17 94
22 81
2 12
11 72
28 23
12 46
12 84
25 75
27 12
26 21
3 18
11 72
20 47
15 88
13 38
18 74
13 26
0 45
2 51
18 32
4 66
4 16
12 99
6 48
0 5
11 50
3 84
10 55
21 85
1 42
27 4
9 4
0 27
4 50
9 56
21 50
22 29
30 68
11 62
5 27
20 34
22 15
15 26
6 7
9 40
12 34
8 32
4 75
18 76
23 49
5 79
25 12
7 62
0 12
25 49
27 70
20 11
24 1
23 46
20 1
23 42
21 91
23 98
15 91
23 63
7 27
18 51
5 54
0 62
4 83
5 40
10 77
5 80
27 74
26 99
13 19
17 93
4 61
20 33
5 51
3 23
1 38
11 36
15 82
2 3
10 96
8 1
1 2
12 91
21 94
22 54
12 20
29 39
7 30
27 6
22 47
29 65
15 71
13 21
19 79
6 81
10 80
7 32
11 59
23 71
28 25
9 38
13 96
25 70
2 73
21 93
12 11
18 70
11 85
11 39
19 66
4 7
7 86
0 51
11 75
18 28
21 92
14 47
15 36
2 88
10 27
23 100
9 90
7 56
25 18
5 8
23 96
1 8
28 55
8 61
11 73
20 41
28 46
21 1
25 38
21 23
27 94
2 52
20 1
8 10
29 80
0 53
29 6
11 96
14 58
3 13
27 27
15 68
29 33
16 71
1 71
23 25
13 3
10 43
0 71
26 61
23 61
23 57
8 23
12 14
23 71
13 79
9 22
26 9
21 63
9 38
7 40
30 47
16 95
13 37
21 72
3 84
23 96
23 52
5 86
22 79
27 17
1 16
1 20
27 15
25 99
7 60
11 99
27 40
8 51
24 71
18 66
7 43
28 49
24 31
0 71
15 12
3 25
23 8
11 88
6 38
17 40
0 94
26 4
25 40
14 15
28 9
9 69
19 27
20 27
7 100
7 42
8 38
6 2
22 85
5 94
29 31
0 2
16 9
14 19
10 43
26 48
20 60
18 3
19 36
30 47
6 92
16 66
29 91
12 49
16 69
0 68
19 53
25 34
19 86
6 79
6 41
9 80
19 36
1 62
28 75
16 70
25 30
3 83
28 36
27 16
3 21
6 78
13 76
19 40
16 37
14 79
30 57
12 31
5 32
18 25
23 13
14 95
0 27
5 48
14 62
21 22
5 100
13 95
17 89
13 57
20 2
22 66
9 94
4 70
3 76
27 22
14 90
11 94
28 9
14 61
1 1
21 92
29 36
25 85
6 26
0 87
5 32
16 8
10 56
22 68
18 88
15 44
18 29
3 97
17 19
5 51
16 56
15 47
1 39
25 7
1 31
13 58
8 23
17 76
25 50
6 68
4 84
10 43
1 68
24 3
15 88
10 79
3 80
23 26
27 5
28 89
7 61
8 83
17 44
9 60
17 5
3 37
3 53
19 81
21 40
24 90
7 19
18 81
12 85
11 20
11 54
19 100
5 100
14 73
3 32
20 1
5 8
14 60
2 65
8 91
19 5
29 66
27 2
18 94
14 96
21 86
21 100
17 71
6 92
24 90
19 47
17 46
6 31
26 40
30 40
10 22
18 53
5 95
27 53
8 53
9 81
20 31
19 3
23 99
30 62
11 10
29 16
13 9
19 100
30 53
2 56
13 35
10 42
17 28
14 8
5 98
19 20
4 58
3 16
22 34
24 74
30 39
16 7
7 29
30 65
11 26
29 51
16 1
20 82
7 41
8 98
30 23
30 32
23 10
27 15
13 19
22 40
26 70
11 90
29 59
14 58
12 94
26 10
3 74
7 99
11 77
7 69
25 31
11 75
27 64
9 64
6 87
24 88
13 21
6 2
7 60
13 32
5 57
28 63
16 34
16 2
14 28
21 57
5 20
17 71
20 71
15 43
18 90
14 39
8 43
18 74
8 52
26 78
11 100
21 19
27 29
19 19
13 37
21 9
28 95
2 42
12 12
20 10
29 89
11 73
2 15
14 19
23 6
10 95
14 93
19 6
30 72
29 6
28 42
21 34
3 28
20 17
22 50
20 20
24 37
8 86
23 7
13 87
3 75
28 13
30 29
6 51
14 91
0 50
19 67
0 81
8 29
19 74
6 21
8 88
29 8
28 59
4 55
22 39
3 43
9 87
16 98
21 81
1 2
2 59
14 77
15 19
2 43
30 21
28 33
3 59
20 13
21 5
22 68
14 26
6 69
22 39
12 81
29 30
6 80
24 38
27 93
11 89
16 60
19 82
14 7
17 65
2 93
28 53
0 74
11 32
28 8
4 77
21 56
19 68
2 16
8 1
9 27
17 23
23 5
21 25
14 73
7 53
16 91
22 30
12 29
9 49
2 15
19 99
25 72
27 45
15 66
2 38
10 11
20 41
27 68
18 64
0 34
25 70
2 78
21 61
20 25
6 80
30 7
14 21
11 84
25 73
26 9
13 88
9 51
22 76
24 89
7 78
7 25
4 53
12 86
19 22
14 51
21 7
20 47
25 6
23 29
27 74
15 39
16 53
2 97
3 51
5 87
26 13
16 89
4 63
5 19
24 81
2 13
22 2
26 39
6 95
16 92
13 75
29 61
11 87
30 57
17 92
4 85
2 20
12 85
17 49
4 72
25 14
17 43
29 27
3 15
27 35
9 2
23 53
29 21
25 79
6 99
8 5
18 78
30 18
10 39
18 75
28 66
23 86
26 38
16 11
28 58
18 86
3 82
6 53
26 34
11 5
21 80
22 62
11 15
30 59
23 75
23 17
5 1
2 95
6 57
21 48
5 65
22 55
5 94
13 85
16 53
3 31
11 84
26 64
21 68
10 100
5 49
16 55
23 35
19 59
24 91
7 48
26 77
7 77
26 5
23 22
29 82
11 37
13 60
27 82
12 67
15 74
27 66
6 45
27 17
0 18
17 6
26 12
24 20
12 41
6 8
1 81
5 21
1 40
2 6
17 11
28 100
25 52
15 33
3 28
13 69
2 83
6 35
22 74
12 40
19 40
23 20
18 46
21 82
26 15
13 79
11 31
23 71
26 52
9 40
16 83
23 45
16 78
2 85
9 93
16 81
4 46
4 1
3 98
14 24
10 89
8 26
28 53
20 15
19 47
2 53
21 72
27 20
26 81
13 77
1 5
17 42
24 75
21 64
28 61
28 18
16 70
21 8
25 38
8 95
8 64
13 95
12 30
15 11
30 30
16 50
17 91
4 69
4 87
27 2
10 14
9 7
23 57
23 88
20 95
29 52
10 7
6 44
10 34
3 62
5 95
9 63
23 45
30 87
2 4
18 3
7 74
4 23
1 89
26 69
2 39
1 81
21 55
6 100
28 77
0 56
24 48
18 87
8 88
22 20
22 29
22 83
18 80
9 40
12 16
27 24
20 36
30 50
0 96
17 23
19 34
1 24
29 69
13 57
6 87
7 53
9 27
18 87
3 12
1 10
3 68
9 93
3 80
6 22
24 96
6 86
0 14
9 25
11 74
21 41
27 69
3 15
30 3
20 68
12 100
14 55
7 64
5 39
2 85
1 61
25 65
18 8
20 42
17 93
23 44
14 64
14 83
2 87
10 66
14 93
25 5
18 77
18 30
15 96
22 47
23 89
16 68
27 14
26 7
12 47
25 96
23 3
25 82
0 99
14 67
7 25
7 21
0 98
15 34
2 4
4 18
24 71
15 95
15 47
9 47
21 43
15 42
15 61
4 38
6 4
7 61
19 100
4 43
7 99
21 13
12 89
8 94
16 83
28 69
29 65
24 7
15 32
26 10
11 92
5 66
21 46
25 64
5 71
19 50
15 30
21 82
2 86
16 10
26 8
10 59
5 5
12 87
20 45
5 88
0 89
15 40
17 44
18 74
11 42
19 95
25 71
27 33
15 70
25 100
2 37
5 74
16 10
7 77
2 34
27 45
28 58
23 69
4 81
1 10
14 33
26 45
12 82
0 92
1 94
6 14
30 50
12 45
23 32
16 87
30 80
6 44
1 2
14 83
8 49
22 57
15 42
11 76
1 97
19 70
29 56
17 56
2 50
23 57
24 27
15 46
15 42
10 28
12 25
24 52
4 13
18 62
29 53
22 27
1 40
20 7
15 60
22 38
5 73
25 21
15 23
17 2
11 88
21 29
28 8
20 70
0 47
0 88
25 11
10 13
27 83
8 90
24 6
23 16
11 8
11 5
11 100
3 75
8 84
8 27
19 91
16 98
29 95
16 19
6 75
13 88
26 8
7 76
2 68
0 45
13 86
16 87
5 94
29 38
15 72
6 47
26 13
4 22
25 37
2 4
7 46
2 1
10 16
20 29
12 27
29 29
28 58
27 65
22 43
20 17
6 35
6 71
13 83
19 59
18 10
3 63
8 84
1 96
21 92
28 7
23 80
1 39
24 50
15 98
9 32
27 47
12 96
9 82
7 72
30 3
13 71
1 21
16 88
29 81
18 75
20 25
3 71
7 65
5 54
5 5
1 71
27 78
12 38
24 42
4 25
30 64
4 93
5 94
12 77
6 12
7 56
30 45
0 79
2 74
25 94
6 13
11 27
29 30
10 40
23 49
21 82
26 4
12 89
2 68
25 68
27 66
11 61
11 53
8 21
29 27
12 28
26 62
26 56
11 86
29 68
27 67
15 38
13 93
11 34
6 74
7 43
13 13
2 60
15 27
19 72
28 62
3 21
24 86
5 52
15 37
18 87
27 32
28 92
22 96
27 70
28 23
22 57
4 26
10 87
25 49
27 89
2 23
27 79
17 39
11 39
26 1
23 45
24 86
27 22
24 39
6 42
10 18
25 38
4 94
20 49
2 88
14 72
5 80
1 37
4 79
18 87
28 3
30 95
29 76
15 83
1 61
21 37
3 8
15 66
2 27
21 34
28 57
5 75
27 10
16 74
7 1
8 33
1 58
0 70
12 56
14 59
10 17
2 16
16 87
16 91
28 72
18 59
8 90
19 60
24 26
22 91
28 1
28 16
10 30
21 25
26 89
15 44
29 1
0 48
30 41
27 73
29 44
5 84
21 13
12 77
1 49
15 95
10 6
18 53
11 96
7 52
30 52
8 57
30 44
27 30
6 29
22 62
2 32
13 73
28 12
0 54
18 20
2 85
10 48
9 16
29 64
0 34
0 54
15 53
7 83
20 52
1 94
17 6
30 51
3 23
9 38
5 60
21 51
1 45
28 96
22 80
9 77
13 72
20 7
17 10
18 13
14 40
8 42
22 94
2 34
2 45
17 59
1 5
30 48
15 68
22 32
9 93
15 64
17 32
4 48
14 75
18 50
24 83
3 60
10 64
0 3
27 36
3 32
19 67
23 66
14 87
21 35
20 67
29 92
0 25
9 68
27 85
27 47
10 37
23 39
2 96
1 14
14 34
14 69
9 94
27 20
1 73
24 86
13 66
13 16
5 18
4 42
17 18
9 55
1 24
14 43
13 52
6 47
15 39
15 77
25 100
11 43
6 9
26 55
10 35
13 71
25 45
28 10
16 56
4 94
6 31
29 36
26 78
15 69
2 89
2 85
12 69
17 2
5 83
10 27
8 39
19 88
8 90
13 9
12 8
8 100
9 86
22 57
8 88
16 25
10 79
2 71
7 38
12 23
5 89
1 43
19 74
11 100
18 14
15 16
23 76
27 37
16 36
18 33
13 61
14 91
9 41
16 74
20 32
0 72
8 69
14 17
2 78
19 76
3 64
8 28
2 17
10 85
0 36
17 60
6 17
28 49
23 73
22 95
19 86
20 15
24 38
10 3
30 38
0 32
7 67
23 89
9 47
11 75
24 51
8 85
1 37
20 66
13 13
15 1
26 27
13 69
4 3
16 25
23 57
11 12
29 68
9 1
15 98
28 17
14 71
8 4
3 63
5 40
6 40
23 59
30 95
12 75
17 1
5 72
5 69
25 67
11 30
9 73
3 12
29 75
6 68
28 52
8 67
7 48
25 91
25 24
11 4
21 51
8 99
17 55
25 25
13 88
7 37
2 66
26 5
23 22
19 70
18 26
8 41
23 93
10 37
3 16
1 79
20 70
1 32
6 68
8 48
23 63
7 56
20 74
29 99
29 37
5 54
6 36
3 34
2 1
30 55
5 50
7 16
30 7
3 68
0 6
10 37
9 34
1 54
28 79
14 75
13 97
5 86
1 58
2 92
24 54
24 24
4 71
16 58
12 92
30 27
27 7
6 24
19 50
8 39
1 77
2 32
3 65
25 79
16 33
20 4
8 35
4 85
13 50
10 58
2 94
0 99
22 80
13 2
29 39
18 29
24 76
1 37
24 61
30 48
11 47
8 89
18 9
3 79
18 54
12 4
21 46
3 100
21 84
3 97
16 56
30 82
20 98
1 14
29 27
11 12
14 83
22 61
18 92
1 11
20 42
9 35
21 6
2 23
23 34
10 2
29 25
9 41
22 90
9 17
29 78
23 69
9 99
1 27
5 71
13 48
1 5
30 49
11 100
29 98
21 85
7 17
2 75
21 43
0 91
16 59
3 6
12 89
12 8
12 37
26 41
30 25
5 21
25 4
18 82
25 21
19 75
1 6
27 66
27 74
24 55
14 12
13 84
15 13
27 13
4 38
11 9
14 38
13 46
16 8
28 61
0 42
1 26
8 58
15 17
22 45
8 20
16 13
3 80
18 3
19 58
23 3
28 24
30 14
17 57
15 21
25 89
8 21
24 29
0 99
10 35
5 61
13 14
27 70
20 53
21 29
1 58
5 67
16 19
20 34
8 76
15 41
14 85
24 8
9 59
27 79
20 9
13 47
0 85
15 94
10 43
9 43
13 54
6 79
13 1
4 15
28 53
2 61
22 70
9 84
29 4
5 95
21 99
5 12
26 15
24 94
24 5
6 16
28 66
21 87
0 60
3 38
2 51
9 24
5 29
17 17
11 87
12 50
4 64
16 30
12 35
29 38
11 60
9 18
2 65
23 46
8 49
8 93
17 86
10 45
9 45
23 29
24 8
24 43
11 81
19 54
21 79
18 40
30 40
12 64
24 91
29 22
15 46
9 24
25 92
13 96
20 99
16 3
6 41
10 51
29 57
29 32
1 26
9 69
25 32
25 60
8 32
28 81
18 69
29 59
15 34
3 97
19 23
25 27
11 56
27 96
30 47
24 38
14 65
21 35
26 46
6 28
24 82
27 50
6 74
18 57
14 76
9 22
9 42
10 63
12 39
28 49
10 84
30 44
14 5
16 7
8 19
16 9
27 22
0 82
21 70
0 64
29 70
13 32
9 48
11 65
19 33
4 43
3 76
4 34
28 22
27 81
10 38
5 92
7 77
11 100
30 31
19 64
19 11
4 65
22 70
3 39
10 49
8 2
24 89
18 48
19 40
10 77
21 52
1 53
7 15
24 55
7 26
4 50
14 93
16 28
27 3
21 23
3 60
0 9
1 93
2 35
6 21
8 67
4 91
2 40
2 96
15 75
11 100
3 12
16 7
14 99
12 4
29 40
20 27
27 24
24 3
2 36
22 43
23 18
23 60
16 80
27 12
27 10
10 16
4 39
17 30
3 29
8 30
27 94
7 29
24 35
8 87
24 97
13 77
11 24
12 24
23 99
7 32
30 33
21 44
14 72
20 39
6 32
19 70
16 15
11 20
0 97
1 72
27 95
27 35
22 81
22 90
28 6
9 16
23 69
23 25
12 68
15 18
0 33
21 57
30 79
15 6
16 68
11 18
2 45
16 24
27 20
11 89
12 1
13 28
21 11
16 31
18 90
8 49
28 47
8 11
12 15
0 48
19 28
21 18
6 88
17 86
21 14
17 63
15 12
22 68
20 91
12 68
27 7
24 46
6 84
8 81
14 98
2 6
19 93
12 7
12 66
3 96
26 59
16 70
2 96
3 11
2 87
7 70
8 93
24 22
23 9
21 76
22 58
13 86
30 51
28 94
6 4
16 67
28 30
3 29
16 60
22 95
16 6
3 2
3 65
4 67
30 74
18 63
23 38
30 97
28 59
3 39
12 30
6 22
23 85
0 57
6 69
4 56
4 55
8 15
3 43
22 91
0 96
30 9
14 79
7 9
4 17
9 41
12 71
20 3
5 54
16 95
9 82
3 48
0 38
24 92
21 86
30 70
10 22
9 14
0 91
16 27
28 7
16 43
10 54
8 2
0 95
24 32
10 64
11 21
5 51
5 96
22 86
15 76
22 61
2 40
4 77
12 20
26 59
6 28
27 10
19 16
7 20
21 71
4 7
7 81
22 99
10 36
15 96
4 6
4 11
26 24
0 79
19 46
0 90
1 83
6 6
22 20
5 23
25 56
11 82
27 61
6 50
15 39
12 29
22 19
27 100
16 76
27 35
0 47
19 33
7 23
16 58
23 35
18 33
2 1
11 90
26 89
30 70
9 100
5 97
17 71
11 13
20 56
13 70
2 7
26 7
11 32
19 92
20 80
11 23
11 87
22 52
29 67
11 87
22 57
30 84
11 53
6 26
28 31
23 57
0 25
23 86
12 66
14 66
23 16
30 34
4 53
29 93
30 66
12 24
17 6
5 11
5 52
0 68
30 85
22 21
15 62
21 76
18 99
4 67
24 89
7 63
29 10
23 76
17 63
2 88
6 59
29 81
5 83
25 98
6 14
17 1
13 62
7 13
14 60
15 22
9 72
20 25
17 15
18 50
20 23
23 39
1 67
8 57
25 43
5 69
5 28
30 42
9 75
26 61
10 67
13 54
10 70
24 85
6 77
13 51
29 95
25 52
10 13
26 21
1 61
30 86
9 92
16 44
3 73
29 78
20 21
22 65
12 52
19 49
7 42
1 33
17 69
27 62
30 34
18 61
29 30
6 39
0 32
13 88
17 10
7 19
6 45
10 80
13 60
16 63
25 68
28 61
7 18
4 94
25 2
26 9
16 17
2 94
9 15
19 23
24 40
8 64
18 6
5 21
19 100
19 64
8 6
24 22
30 54
1 64
15 31
14 69
0 24
0 25
10 22
16 19
23 82
26 76
29 4
22 35
12 23
4 34
30 24
25 19
16 98
14 96
4 98
0 25
1 91
2 96
22 67
5 35
15 31
3 55
21 64
19 13
13 10
18 81
19 33
11 60
26 70
19 14
26 1
10 60
0 20
21 88
8 29
3 7
26 53
5 25
24 49
12 25
17 11
17 40
17 85
30 88
8 53
17 85
19 3
22 46
10 66
20 3
0 89
6 22
7 48
24 17
16 99
1 68
11 42
3 14
19 95
11 46
28 81
8 86
16 14
26 79
5 63
5 44
11 64
19 54
22 65
10 38
4 17
15 29
2 17
19 97
23 95
23 2
24 29
24 44
6 39
23 14
7 87
26 58
14 19
9 51
23 35
28 71
20 61
20 43
20 8
1 5
5 69
8 9
27 93
4 99
21 54
4 92
16 22
13 86
14 78
27 3
14 18
18 67
28 1
9 68
10 48
26 34
16 14
26 63
4 80
18 30
13 39
20 69
4 14
0 25
13 97
11 5
12 27
30 6
5 19
28 44
14 86
1 43
10 63
26 45
16 75
18 41
3 20
8 43
28 26
14 29
13 65
6 48
22 82
20 75
28 44
21 14
2 48
0 51
20 34
2 38
25 91
26 1
20 18
15 4
9 87
11 30
8 84
23 71
5 17
19 87
11 57
0 55
7 27
8 31
24 50
25 5
26 34
19 25
4 36
2 48
25 22
21 30
22 8
5 78
15 2
21 93
26 76
29 22
9 61
21 59
16 94
9 39
9 27
30 96
20 32
26 55
15 40
22 12
24 31
24 57
2 31
1 21
29 67
1 84
14 55
23 85
13 89
17 45
7 43
0 60
13 77
7 27
8 31
2 98
11 97
7 37
7 84
22 69
10 18
23 39
30 87
8 85
2 31
29 21
13 19
1 14
25 58
20 27
16 19
5 53
13 30
20 92
3 37
2 63
25 92
13 73
14 14
12 98
17 54
19 92
18 50
21 67
10 49
9 94
8 82
5 9
19 88
7 45
1 4
4 30
16 65
16 51
5 63
10 20
22 35
22 37
21 88
24 31
0 65
27 72
19 57
19 50
13 55
27 54
22 30
13 49
28 48
20 73
0 40
28 35
28 65
19 62
13 4
29 14
23 46
16 47
14 29
20 61
10 72
30 28
16 2
27 17
26 32
16 64
22 100
4 83
6 71
23 97
1 94
11 2
6 82
19 39
24 16
4 42
8 1
2 30
20 20
15 59
25 92
24 88
27 94
30 21
13 58
17 15
14 44
3 91
19 42
30 30
8 55
19 95
3 63
21 32
27 63
18 54
28 15
15 37
8 70
28 88
11 48
15 63
11 78
9 65
7 1
27 94
22 13
11 43
9 21
9 48
1 33
2 22
14 17
18 30
21 90
20 22
14 46
9 69
6 63
4 86
21 20
2 34
9 84
5 93
2 33
5 84
29 97
15 24
26 90
25 52
8 78
8 33
28 71
29 52
3 45
14 79
5 10
2 74
4 17
3 95
16 72
20 16
21 40
23 42
16 23
12 13
29 23
18 42
27 64
14 65
9 67
13 34
4 56
13 94
18 60
18 34
6 15
13 29
25 76
3 87
25 57
19 60
27 85
10 91
21 79
9 22
15 100
8 22
11 87
29 36
5 94
20 2
24 3
11 82
16 62
1 17
18 42
26 46
27 34
13 27
5 19
9 21
4 68
27 64
16 59
1 27
26 95
26 6
26 64
4 69
17 18
3 1
23 2
14 83
24 35
7 36
0 80
10 100
8 29
25 64
5 14
10 3
14 33
20 84
14 84
29 58
30 3
9 1
19 5
14 1
30 29
16 62
25 89
21 49
14 92
16 76
7 39
5 10
10 14
24 2
15 34
3 56
8 64
27 38
6 23
28 70
8 57
1 42
24 1
16 38
30 57
24 54
22 88
5 5
8 53
26 90
4 60
29 73
23 44
2 47
25 93
11 28
8 65
2 52
15 50
19 52
28 47
18 77
5 55
11 40
20 27
29 56
12 25
21 29
15 64
25 46
30 94
12 50
23 48
19 36
27 44
17 42
11 3
2 6
12 53
5 47
28 51
11 70
28 34
30 68
4 67
3 70
1 94
2 56
26 23
9 47
9 50
5 46
20 28
28 84
7 59
21 80
7 49
27 65
1 5
25 10
24 24
13 75
8 73
29 73
23 24
9 43
0 18
30 96
12 68
4 72
25 83
14 56
0 31
1 96
5 49
4 5
11 50
20 90
1 87
15 99
20 70
25 33
30 24
30 39
25 80
22 72
24 29
4 72
13 36
11 50
3 19
6 74
2 85
5 69
7 7
13 65
24 58
20 1
18 47
30 34
0 92
26 72
24 22
6 89
29 63
5 5
16 81
11 84
18 26
4 23
17 10
27 95
7 45
26 10
10 51
15 72
3 51
30 99
5 78
27 12
23 45
25 36
27 60
17 14
25 27
10 5
28 70
4 69
2 95
24 23
26 73
0 73
19 81
29 62
19 8
11 64
1 37
23 17
24 70
25 42
20 70
25 11
6 14
7 98
15 20
22 94
15 87
25 89
22 38
19 17
30 84
3 50
28 58
29 25
3 46
5 42
12 24
29 21
16 36
11 34
28 23
20 30
8 24
15 56
6 90
25 41
30 7
27 71
0 35
19 17
0 55
11 64
11 47
4 9
9 49
7 91
27 18
20 40
21 19
8 24
20 43
26 82
2 46
26 94
13 83
10 44
5 22
28 34
21 5
27 10
0 85
3 84
15 7
3 64
21 40
4 42
23 97
18 14
16 74
29 22
3 87
12 61
16 19
23 1
2 51
26 49
6 27
14 4
14 64
18 43
27 93
6 62
24 77
20 75
25 43
5 49
9 97
28 29
25 58
29 36
16 56
20 53
2 70
5 75
1 77
28 18
23 98
12 60
23 85
29 12
3 49
4 39
6 43
4 31
21 26
14 14
10 9
20 90
7 24
15 77
2 43
30 88
8 59
1 96
27 43
14 45
4 14
28 11
2 52
16 16
4 53
14 11
18 5
3 53
11 38
9 3
2 16
10 18
7 18
21 18
27 80
1 30
0 71
17 59
29 2
17 16
24 64
16 20
25 81
25 45
30 55
10 17
5 43
10 85
13 54
18 76
11 91
28 4
24 38
21 28
18 95
4 86
25 37
7 97
4 12
29 65
15 32
21 77
9 1
5 83
13 79
29 61
19 70
9 40
13 90
14 72
28 12
14 59
19 93
10 59
7 24
5 27
15 88
18 62
4 52
16 13
17 29
26 13
6 54
4 14
6 35
13 35
15 74
19 86
0 26
12 65
9 30
9 81
23 90
24 94
18 24
27 14
9 2
2 68
16 69
28 25
25 21
11 96
19 21
5 5
24 88
5 88
30 26
11 29
14 36
22 97
23 40
4 99
9 98
29 62
17 52
6 33
27 25
16 79
11 41
2 34
24 55
24 61
1 2
22 51
16 83
3 22
11 39
23 11
9 7
29 54
16 44
16 37
4 13
21 81
5 97
22 94
29 77
14 72
13 62
17 99
24 26
24 67
0 28
0 43
0 99
16 1
5 19
2 46
9 3
15 83
29 38
30 10
1 71
0 84
7 82
10 47
27 9
27 20
2 16
19 72
7 66
10 88
20 82
14 29
29 32
11 85
23 87
9 1
27 78
20 96
25 68
3 81
7 6
11 77
0 49
12 5
3 25
8 9
12 15
24 38
6 42
17 75
16 52
24 79
14 7
29 13
4 60
19 87
3 98
7 10
14 1
2 32
14 5
25 39
20 49
19 44
8 41
5 98
21 73
18 88
23 54
21 22
2 22
9 82
12 51
24 2
20 10
5 2
27 96
14 32
4 65
18 20
21 4
3 23
10 77
23 5
12 9
12 20
9 77
5 3
18 75
10 18
5 45
4 84
25 22
28 53
21 75
6 81
13 10
23 51
30 54
3 16
5 75
24 39
0 66
1 74
11 17
4 70
2 29
0 79
1 53
13 4
12 3
25 41
6 10
4 82
17 11
9 52
17 30
13 55
16 58
13 59
8 86
20 87
12 73
12 53
5 42
27 19
25 77
19 53
14 10
20 39
4 30
30 73
23 59
12 99
9 92
7 46
3 31
10 70
26 90
6 5
15 37
7 5
4 80
13 63
4 55
18 73
13 94
3 23
26 11
19 84
27 8
16 90
4 45
1 71
0 54
25 93
6 48
11 32
6 35
16 83
22 26
6 56
1 9
20 96
15 10
4 86
30 70
10 52
27 23
6 6
8 60
11 45
28 96
7 93
29 37
16 34
19 96
2 22
24 46
22 38
11 68
28 82
17 27
20 95
24 98
17 47
11 93
30 94
5 98
26 42
8 94
2 8
16 39
27 77
25 9
22 78
28 52
9 31
8 70
28 84
14 92
17 70
11 67
2 30
19 28
9 44
21 96
9 55
22 59
9 99
6 77
8 24
6 11
26 60
21 39
18 86
27 85
16 49
27 71
28 63
20 65
30 23
22 21
20 18
2 77
26 65
7 78
21 38
16 91
14 85
3 64
16 99
30 41
5 13
14 83
25 69
21 64
18 85
24 42
0 33
22 100
0 3
5 79
3 48
30 32
4 91
9 5
18 66
25 91
22 30
17 87
7 96
18 25
1 79
12 82
10 77
26 13
16 94
29 50
22 66
6 84
6 69
14 22
7 16
22 53
19 37
19 38
17 73
12 60
22 86
26 87
22 100
24 48
8 99
12 42
27 40
22 4
11 85
22 64
30 83
2 30
3 79
9 99
20 46
24 45
12 100
17 93
24 49
15 54
29 73
20 47
27 50
26 22
29 55
10 82
30 17
28 9
18 96
1 19
23 11
27 87
3 8
15 84
16 28
10 19
8 70
23 11
15 22
2 9
15 74
29 23
1 33
0 76
21 38
20 3
9 51
15 71
16 32
25 5
10 68
22 27
9 43
14 11
24 90
21 63
15 61
16 17
7 12
21 69
24 79
2 51
3 81
5 19
2 24
8 11
26 88
26 32
4 64
14 73
17 36
1 55
27 15
4 61
20 51
7 15
20 49
5 37
3 16
9 54
19 75
21 98
23 96
17 42
30 57
17 51
21 51
13 15
9 5
9 100
25 89
11 64
8 84
30 15
14 40
17 95
3 69
4 64
29 49
29 67
19 12
6 25
13 76
7 3
7 43
30 20
8 7
24 59
22 93
24 10
29 17
9 46
13 55
19 61
8 86
18 22
19 36
24 5
12 95
7 46
4 47
14 80
5 78
2 78
25 100
9 57
2 13
21 100
26 89
15 5
4 29
1 24
5 77
3 64
28 82
12 25
5 93
27 8
13 59
25 79
27 71
14 56
22 100
10 26
11 85
4 34
28 30
6 22
13 23
29 1
14 46
10 53
24 47
25 6
24 16
14 36
7 66
16 35
14 67
9 82
0 21
4 4
21 47
10 80
13 86
10 90
7 53
15 64
20 83
4 13
0 58
4 17
30 51
30 16
12 73
23 46
14 7
26 4
1 14
25 81
19 42
18 56
5 99
3 98
2 65
20 40
7 50
22 28
11 46
5 84
18 58
6 18
24 30
12 43
8 83
2 20
11 12
7 59
26 76
12 36
21 62
25 72
30 25
11 42
10 9
9 54
9 80
6 95
19 50
24 52
17 71
4 26
24 33
22 62
22 89
26 72
29 18
15 13
12 26
24 79
1 70
7 51
18 36
15 97
20 9
22 40
22 71
16 33
24 62
8 94
30 14
4 66
3 56
2 24
9 75
3 52
29 2
26 55
6 2
1 52
27 81
29 67
13 12
0 68
30 7
28 21
2 67
27 28
17 31
9 49
2 7
20 95
23 61
20 100
18 56
5 47
24 99
26 36
26 74
15 68
22 61
19 10
29 97
16 27
17 68
4 94
10 27
27 67
5 1
28 17
16 75
1 90
17 65
0 100
14 28
5 86
9 37
19 11
27 69
4 66
22 78
17 27
29 21
2 29
30 23
11 3
13 87
23 12
28 57
13 45
15 22
3 12
19 19
3 19
19 61
8 23
3 17
7 6
13 28
23 16
13 70
21 97
28 14
10 92
8 51
17 69
14 38
12 69
0 13
29 32
22 44
25 58
8 92
13 38
0 30
15 25
30 25
27 82
18 32
17 51
11 95
16 34
8 80
9 96
29 86
2 73
14 100
28 37
3 24
11 42
16 85
16 57
2 91
27 6
20 54
24 95
22 62
10 71
17 70
22 85
17 32
5 98
20 98
29 65
16 92
1 61
4 43
30 10
12 69
11 34
28 93
6 34
9 49
2 54
10 59
14 21
23 10
24 17
25 12
11 86
25 20
20 6
7 35
7 59
19 23
28 39
21 62
19 17
3 51
30 96
21 11
15 52
5 27
30 13
15 45
1 42
9 77
21 36
29 39
14 17
25 60
24 30
24 68
15 46
11 10
27 49
8 80
0 31
24 15
15 20
27 95
11 36
6 1
17 60
7 22
18 46
23 76
13 76
5 20
11 24
0 20
22 58
19 99
12 86
13 71
8 56
30 62
10 91
9 66
15 14
13 20
6 3
13 78
18 79
20 26
21 15
12 24
1 38
10 16
4 4
4 62
20 30
25 98
25 52
15 54
2 4
6 41
2 21
23 8
25 91
22 38
24 95
29 65
11 94
18 65
26 83
25 29
29 53
11 25
11 17
2 1
16 2
15 53
19 36
4 68
25 83
10 60
8 30
30 65
11 12
20 84
28 96
1 21
0 43
25 33
6 4
24 29
15 31
6 40
2 28
26 21
5 71
6 48
23 21
0 29
29 26
22 68
22 14
17 11
10 4
6 77
17 80
1 22
17 67
28 21
8 78
25 89
27 56
22 77
1 98
23 8
3 91
21 83
10 7
25 86
13 9
16 8
10 58
10 97
8 6
28 42
1 62
25 89
21 59
26 14
1 42
8 18
0 12
7 73
26 28
19 70
9 24
4 85
28 92
12 28
27 98
25 58
2 40
19 63
27 44
18 18
4 1
17 25
27 9
2 3
18 87
29 53
18 92
15 8
24 51
14 87
19 68
18 24
13 74
14 18
28 86
7 62
7 49
20 3
29 15
23 38
27 95
7 65
18 50
4 85
30 6
26 62
0 78
2 58
6 4
2 78
26 37
16 86
15 81
17 11
25 6
16 78
26 38
1 41
28 57
16 30
21 84
13 28
21 5
30 3
17 89
22 30
7 56
6 85
21 49
25 35
7 34
25 47
25 1
28 25
1 76
14 52
27 53
10 75
28 6
8 4
28 53
16 44
10 7
25 23
25 57
5 59
19 73
2 67
7 18
4 43
5 33
16 69
7 11
23 62
5 66
1 21
28 34
30 1
18 51
4 4
20 81
28 39
1 77
1 92
30 64
13 54
28 17
17 9
9 12
26 29
14 41
3 59
30 76
12 37
12 40
18 11
18 47
13 38
21 45
17 99
16 74
8 21
22 12
14 70
22 99
4 1
1 88
14 65
18 30
11 59
17 41
25 99
26 21
26 49
5 76
16 4
3 100
1 41
5 54
9 83
12 67
10 75
17 47
12 11
5 76
24 21
24 79
19 97
2 9
25 16
19 42
27 63
14 52
13 33
2 39
0 100
8 16
1 52
3 85
26 6
22 22
13 61
2 49
1 62
14 17
11 47
25 84
1 41
17 7
13 22
30 61
29 53
12 1
15 30
3 16
25 30
23 18
22 98
4 56
24 87
27 100
18 10
0 1
4 77
18 5
17 79
25 14
24 44
21 52
10 86
12 9
9 10
30 12
5 14
24 76
15 39
26 10
24 52
19 45
3 20
21 49
28 36
4 99
24 31
29 46
13 93
0 24
6 63
17 45
13 82
16 91
13 24
17 68
29 15
24 19
15 74
21 73
10 92
9 92
29 45
27 61
3 61
4 1
17 93
24 39
0 10
23 18
4 34
2 96
5 75
7 73
17 6
3 21
27 90
16 33
15 52
29 1
21 12
26 34
13 39
25 88
23 46
20 100
28 5
8 95
17 64
8 14
27 24
1 37
21 70
11 100
20 27
28 63
13 76
24 25
26 21
1 62
21 49
4 96
0 12
20 18
21 72
6 9
22 87
12 69
25 95
4 80
27 26
21 3
18 62
20 76
5 60
30 95
12 78
23 31
0 28
5 77
1 14
27 51
19 18
15 27
16 8
2 7
26 41
18 15
10 96
13 99
7 7
18 87
7 64
11 69
8 35
26 89
10 58
15 55
9 26
15 38
28 69
5 58
2 54
16 36
12 65
8 88
20 58
24 97
12 17
10 17
29 62
28 78
23 85
26 91
18 56
15 84
13 1
18 28
23 87
15 11
1 88
19 15
21 43
21 65
26 17
15 68
27 69
27 48
2 17
0 16
11 64
30 79
5 33
8 70
0 20
17 82
2 79
14 45
0 11
30 99
6 13
20 53
23 94
0 95
15 16
28 52
26 43
7 72
20 13
20 67
6 92
8 59
15 18
29 77
15 71
7 28
18 98
6 46
2 44
11 95
7 3
19 22
24 4
1 32
17 76
4 9
21 9
29 25
9 64
18 32
16 9
6 84
14 41
23 42
7 99
7 50
18 88
25 2
29 82
10 45
9 20
18 10
11 61
24 61
14 45
12 5
9 51
3 75
29 49
29 45
13 59
19 5
6 62
26 91
15 43
5 100
9 83
7 11
12 64
1 41
4 48
2 65
18 86
8 82
12 67
1 66
17 63
26 38
3 32
8 96
17 31
17 96
0 94
10 34
13 29
7 53
13 44
6 51
0 26
17 59
28 57
11 77
30 54
15 52
18 16
3 57
10 58
24 58
23 73
18 60
9 12
17 92
4 99
1 26
10 29
23 68
3 84
6 75
18 43
4 41
18 77
12 55
24 49
4 58
14 18
15 50
11 58
13 42
22 50
2 2
1 30
27 59
5 56
25 71
30 93
2 1
28 14
30 23
22 22
11 9
14 98
27 10
6 71
18 88
17 54
21 84
12 40
23 58
10 40
19 4
2 45
6 68
27 69
8 82
10 40
1 17
15 18
11 35
11 29
4 55
30 2
17 3
26 61
10 78
24 51
17 53
24 90
10 97
9 95
18 22
16 57
4 95
17 70
17 71
17 92
2 95
13 78
16 11
22 10
24 32
25 78
7 85
0 88
6 94
20 2
18 64
19 43
15 4
13 40
26 38
23 6
28 48
1 50
11 1
24 12
6 4
15 85
7 59
7 46
23 24
25 36
12 21
26 76
17 3
12 32
0 99
6 74
23 2
9 93
2 45
6 6
16 89
22 34
15 58
1 46
7 97
0 10
1 61
2 75
13 48
0 26
28 28
21 49
27 67
13 68
25 21
5 27
30 53
14 50
29 70
30 35
1 88
27 36
5 25
4 12
19 85
9 4
20 88
21 28
16 42
9 33
11 95
18 19
12 22
15 71
2 6
10 44
15 1
18 57
24 60
25 30
7 55
9 49
14 64
19 56
30 18
24 23
19 14
24 29
26 82
21 44
19 46
5 59
14 77
16 68
24 45
3 13
19 95
6 57
17 66
6 73
2 83
6 47
18 29
9 35
23 32
21 54
5 57
23 30
5 53
5 17
14 65
3 83
5 8
5 53
30 39
9 38
1 10
20 39
15 52
6 47
6 27
1 3
14 50
30 33
9 95
21 23
10 86
7 37
3 11
3 86
13 80
23 53
20 59
11 86
2 86
14 38
10 92
13 96
3 66
2 69
18 83
8 68
13 46
7 60
15 90
1 95
28 21
18 21
16 98
20 55
30 70
5 32
26 63
29 4
2 36
7 1
0 9
20 73
8 77
14 31
2 99
7 99
23 58
24 91
29 16
15 37
1 61
29 83
29 1
22 60
2 21
6 72
7 41
12 46
2 66
5 23
19 52
0 96
13 37
22 72
19 17
25 54
14 68
13 91
22 58
1 30
8 92
30 15
17 67
16 95
19 73
27 81
3 94
17 70
27 61
27 91
21 26
6 80
24 40
1 59
22 52
9 21
5 78
3 44
26 15
22 77
14 97
26 33
30 44
27 88
1 94
11 76
23 92
22 35
15 19
20 27
17 58
18 15
13 92
4 97
14 77
19 56
2 76
13 68
3 15
4 90
3 34
16 45
12 71
16 24
17 2
22 19
12 53
0 20
14 57
28 31
0 92
25 42
21 5
14 91
11 54
28 56
24 75
19 94
21 34
4 59
18 65
4 63
26 52
6 25
14 96
1 24
5 67
23 64
1 8
26 37
22 57
7 49
4 76
3 87
5 31
13 38
26 11
13 84
27 58
1 61
23 78
0 70
2 68
18 23
19 96
21 5
6 94
27 30
4 26
0 40
19 81
20 73
3 68
5 100
19 4
1 23
11 52
17 71
6 100
22 78
26 58
5 56
17 55
24 6
1 52
22 77
0 72
21 25
16 10
5 25
13 89
7 66
4 34
2 74
13 1
24 57
28 58
3 37
12 31
27 70
18 92
0 29
8 42
21 32
1 93
9 93
29 34
9 71
15 24
27 64
16 100
7 68
19 17
22 42
21 57
28 95
8 78
21 68
9 1
3 41
7 52
23 95
5 21
20 42
9 29
13 25
27 49
14 91
2 35
30 65
30 93
15 71
14 80
25 94
14 86
0 14
14 74
24 56
11 28
28 12
28 5
3 14
14 6
20 7
7 69
20 4
1 92
26 81
11 20
7 22
29 98
2 57
26 35
7 57
26 87
12 84
28 54
17 42
17 6
23 12
16 6
28 54
5 66
19 57
23 55
28 37
19 61
17 18
29 65
29 40
2 24
11 93
4 16
17 13
1 22
20 50
23 36
18 58
16 72
13 41
16 98
19 23
21 98
25 64
0 9
28 72
14 60
2 1
15 97
28 83
19 73
5 89
11 85
13 38
21 90
16 10
2 82
27 13
18 62
29 100
7 71
12 18
1 24
18 42
4 39
29 46
25 34
20 31
1 98
0 44
20 65
26 37
4 72
30 42
7 87
20 28
20 92
0 46
14 56
19 45
10 10
10 68
25 78
9 11
22 79
26 22
0 67
29 94
14 76
21 97
14 71
12 73
26 58
21 83
22 4
9 83
11 56
25 85
13 82
2 62
0 13
28 4
14 95
26 67
11 84
10 47
18 47
21 23
27 20
10 35
10 86
30 57
20 52
20 24
16 11
23 59
27 60
11 75
20 63
25 98
29 57
14 59
7 100
24 43
4 43
11 86
24 51
1 18
7 88
29 10
20 71
29 12
17 60
5 61
6 99
28 24
18 15
27 75
3 94
14 81
3 45
29 98
23 81
27 11
18 69
24 55
9 83
4 20
8 24
6 20
14 62
5 38
21 1
20 69
13 69
28 19
4 2
1 35
6 94
19 60
16 51
22 59
23 71
24 82
24 58
21 56
29 41
7 10
24 26
3 56
9 32
28 34
21 30
9 14
20 91
17 25
6 82
15 93
7 89
20 33
18 15
27 79
0 10
22 62
24 81
23 84
2 8
24 67
29 9
22 95
20 57
6 27
27 41
20 84
5 4
22 87
13 27
24 26
4 73
1 74
10 79
23 55
23 27
22 93
5 73
30 13
12 5
11 88
9 56
21 41
10 79
2 61
2 68
15 30
29 73
16 17
11 54
17 77
8 53
27 92
14 87
29 5
6 80
2 52
9 26
16 78
25 37
9 32
18 68
29 59
17 20
20 86
6 100
23 42
15 87
9 51
16 23
28 54
6 43
1 77
12 18
19 50
27 73
27 13
30 16
4 89
16 92
28 17
9 80
30 8
28 29
12 96
22 38
5 92
30 87
19 38
6 79
9 86
28 9
27 35
1 6
23 34
22 40
4 31
0 47
13 33
5 45
20 99
22 28
29 30
9 29
15 7
3 16
29 15
18 49
8 87
0 52
2 98
26 59
16 10
27 51
20 64
22 60
10 13
23 59
21 15
20 71
21 3
22 87
29 30
10 20
13 23
9 91
2 22
24 72
11 98
12 78
1 6
21 83
16 95
10 14
4 74
22 31
9 42
17 40
19 100
9 7
2 71
17 92
30 11
30 94
29 6
19 20
9 97
11 83
16 31
19 78
26 13
5 67
0 19
5 75
8 85
1 42
18 7
4 77
7 3
17 35
21 85
17 34
14 76
22 54
17 97
30 33
1 55
1 90
30 52
10 72
0 64
21 62
27 43
10 24
7 47
3 16
9 5
26 91
3 22
16 23
19 59
28 2
1 56
14 97
25 47
24 81
19 68
19 72
13 84
11 79
14 4
29 100
30 98
24 81
9 97
21 93
16 74
6 47
27 47
17 95
25 54
10 30
15 41
18 83
16 67
8 42
5 50
26 55
3 99
14 7
4 76
3 51
21 69
15 11
23 81
12 76
1 64
18 25
8 81
10 98
7 88
20 91
16 6
28 27
28 30
17 78
9 30
28 41
2 26
12 59
0 73
17 68
11 69
0 21
24 97
24 11
7 95
25 50
0 36
2 84
27 46
25 5
16 7
1 75
13 51
1 13
27 21
18 23
9 69
4 34
10 1
5 26
19 9
25 96
25 14
10 22
2 16
29 45
18 87
26 84
4 10
3 50
28 40
25 54
8 18
14 39
24 55
18 21
5 77
26 37
3 68
30 33
19 68
0 80
17 70
10 85
10 54
15 76
17 47
8 77
18 81
10 46
16 34
7 17
10 43
8 17
29 43
8 11
25 1
19 65
5 17
20 29
0 95
27 56
19 20
29 12
1 89
29 100
13 11
27 40
21 50
18 39
8 77
30 100
25 16
2 47
27 51
7 29
20 79
8 62
13 48
28 90
18 18
15 90
18 94
18 65
17 62
2 4
28 21
2 39
5 37
22 72
16 34
30 43
2 100
23 82
12 41
7 90
15 69
6 15
0 56
28 99
2 14
29 22
7 10
1 85
6 36
13 24
3 94
6 80
4 76
25 84
11 61
20 9
5 80
12 73
19 30
27 48
21 63
20 71
4 37
21 53
25 74
27 56
6 99
27 31
18 34
23 78
16 32
5 87
1 22
23 7
6 12
28 14
5 24
3 37
11 93
22 36
18 33
19 30
3 54
2 58
19 78
12 36
5 75
24 77
19 86
12 46
19 15
5 13
30 55
23 67
18 38
24 74
5 68
7 52
26 12
20 11
21 66
28 88
26 76
28 31
21 25
1 47
10 27
30 57
3 83
5 56
23 84
24 50
10 56
29 88
8 51
14 24
20 9
28 69
26 80
15 18
9 36
23 38
18 28
10 26
19 34
19 16
21 72
10 82
11 4
2 15
29 59
30 43
1 45
16 6
18 24
6 11
0 71
24 17
21 21
20 88
17 84
1 4
15 65
6 19
15 6
30 3
9 9
27 92
18 45
7 16
26 43
16 9
28 4
3 42
27 51
18 70
4 44
12 44
13 3
20 30
16 23
26 42
1 49
12 30
7 77
30 97
24 1
21 1
13 96
7 62
18 93
21 30
13 34
23 62
3 9
30 96
6 3
6 74
3 5
4 97
6 38
0 53
30 57
30 29
1 78
25 70
29 16
22 35
27 86
19 12
23 24
16 40
16 100
0 55
7 85
19 77
28 72
20 31
29 92
28 67
17 76
17 91
3 22
13 62
8 8
10 51
19 53
10 7
16 23
26 84
27 55
20 44
4 47
0 34
26 48
19 3
13 95
27 39
17 73
8 80
12 1
23 47
17 48
12 92
9 25
11 78
2 84
10 94
3 31
17 87
6 86
17 2
11 56
19 68
20 32
18 89
26 80
17 89
25 52
12 29
15 98
25 8
8 7
5 41
29 50
21 100
11 50
6 24
23 47
8 38
16 40
2 18
19 31
10 44
28 38
18 53
3 41
5 38
19 62
8 61
4 17
29 22
14 56
16 64
6 28
5 69
28 57
4 2
7 49
19 19
20 24
6 62
0 78
30 37
29 14
24 67
20 77
3 100
6 45
27 46
20 96
10 90
24 33
25 18
7 49
3 2
30 94
16 95
12 54
6 65
17 4
0 18
2 3
12 96
29 30
11 79
12 100
25 22
3 81
5 28
17 31
18 60
26 80
12 31
9 96
12 28
26 62
17 62
22 3
10 42
24 85
7 44
21 28
28 92
27 8
21 46
12 90
7 81
16 23
20 4
23 25
22 21
27 16
0 56
26 21
20 37
5 15
5 23
12 6
1 64
11 38
14 47
6 46
27 17
19 84
27 3
0 45
21 41
16 46
27 91
28 71
2 23
11 5
10 88
26 20
4 83
3 38
29 22
24 74
18 90
25 91
2 92
12 83
23 72
19 16
2 72
10 70
17 64
3 17
22 71
29 3
18 55
5 99
4 17
25 18
11 81
12 41
17 29
5 66
22 36
24 8
19 51
23 12
12 62
27 45
7 61
17 10
16 56
28 12
27 9
10 99
14 7
1 82
22 9
23 67
3 70
7 38
22 24
18 53
14 34
5 5
26 76
1 24
2 39
9 39
15 43
18 49
8 58
5 87
17 66
21 10
17 45
24 8
23 18
4 9
27 68
16 2
1 10
12 13
15 85
0 64
6 23
15 33
6 63
19 11
15 36
4 68
26 33
20 9
28 83
19 25
19 94
15 68
3 98
20 98
23 47
16 38
19 11
6 79
29 81
27 91
21 4
22 99
24 38
8 3
8 14
23 43
13 42
1 36
24 3
0 35
27 17
22 16
17 35
19 98
2 85
20 96
27 44
28 69
21 28
26 54
19 30
23 12
20 64
10 62
11 84
2 34
8 18
12 27
22 94
0 72
18 85
7 83
5 66
14 38
16 90
16 3
5 96
3 4
30 52
21 19
29 51
17 42
20 3
23 34
15 14
28 14
20 33
0 21
21 69
20 30
13 9
26 13
28 87
7 4
28 93
4 21
22 7
27 5
15 70
28 87
27 9
17 57
5 19
9 94
6 67
28 87
27 30
23 50
8 67
30 31
13 47
7 56
20 39
30 44
4 38
17 57
17 15
14 98
5 51
16 91
0 90
10 85
22 93
11 22
7 42
27 70
8 33
27 66
24 2
21 36
27 89
9 76
5 87
19 74
27 34
25 60
1 70
12 67
21 38
9 79
14 18
12 34
25 27
17 94
4 45
25 8
20 7
2 80
27 49
6 9
22 79
3 44
25 3
9 4
11 86
13 67
14 91
17 37
7 11
19 55
27 48
17 50
6 76
18 67
4 65
27 68
20 80
3 31
5 57
7 38
11 24
29 24
5 91
24 39
21 21
3 32
9 15
30 3
20 60
13 22
26 57
17 69
23 97
14 100
22 86
28 14
25 94
21 17
16 41
3 90
4 95
6 29
19 22
30 8
22 77
1 88
14 77
2 27
27 57
21 70
15 96
22 88
25 6
9 77
25 20
17 92
8 53
6 56
27 8
0 43
5 14
14 26
7 13
10 13
7 53
5 75
18 73
19 9
24 87
13 55
16 9
13 47
3 31
8 48
14 7
19 69
29 41
2 59
13 70
15 15
18 56
7 68
21 8
27 8
20 35
6 42
29 62
22 56
3 86
11 32
21 61
9 2
29 45
24 34
26 81
23 55
6 56
18 17
25 24
30 66
10 88
19 74
4 94
27 98
16 13
18 53
5 27
2 84
14 5
29 86
9 5
6 24
10 18
15 30
24 61
8 96
0 31
2 46
10 1
15 84
25 10
23 49
17 69
17 4
0 34
30 18
25 54
22 57
23 21
17 53
18 96
25 56
16 13
1 97
14 81
21 94
5 77
28 38
22 24
5 67
21 92
22 23
15 81
5 83
14 58
23 76
13 7
17 60
1 1
26 69
23 39
10 56
20 74
22 92
8 39
7 82
18 44
30 12
29 30
30 20
23 48
20 4
5 50
5 73
28 74
25 80
14 42
10 57
0 63
12 87
2 6
24 92
20 74
0 58
1 4
27 11
23 14
16 32
26 66
20 38
10 56
0 82
5 7
2 41
24 88
26 52
23 72
21 24
6 74
12 36
15 97
28 82
9 51
28 20
6 33
14 77
21 24
30 50
9 30
26 32
17 14
5 23
21 57
5 81
20 96
6 24
28 42
24 58
8 92
16 71
10 81
6 2
6 10
19 41
20 46
9 25
15 48
22 16
3 63
4 31
5 93
4 95
7 34
22 67
7 98
7 32
25 84
12 2
22 8
20 95
20 32
8 25
4 61
21 52
20 78
7 78
0 24
13 20
8 25
26 90
1 19
21 95
1 25
7 88
25 98
20 52
0 3
16 76
23 58
11 52
17 26
26 7
27 52
12 14
11 73
26 1
0 24
18 16
6 55
29 98
22 16
11 31
22 39
2 66
25 48
8 30
19 39
3 88
21 68
30 32
11 34
4 90
1 33
24 38
2 74
1 25
26 8
25 15
11 46
4 32
9 80
7 85
13 3
29 41
7 97
8 41
3 59
29 1
6 84
21 24
1 23
7 90
4 14
29 19
8 79
16 48
15 4
13 85
0 81
21 84
0 61
2 38
27 70
27 57
1 76
24 94
13 36
11 88
2 91
7 58
11 98
19 29
5 86
24 98
15 19
8 14
8 69
12 16
26 69
18 41
14 20
26 25
0 92
30 62
3 2
24 66
25 20
19 36
0 44
2 57
3 1
29 59
1 31
30 60
8 56
5 69
27 70
8 31
11 46
18 70
13 88
28 100
15 2
2 6
30 41
16 77
17 25
8 48
27 88
6 19
29 39
30 91
4 89
27 14
15 30
16 60
2 6
27 96
28 70
2 17
2 31
15 64
4 59
29 54
6 40
20 36
26 40
14 49
28 46
18 67
11 49
2 64
8 57
12 61
11 79
23 64
29 77
11 39
28 30
24 63
6 79
20 54
1 69
23 92
25 4
5 91
7 13
18 59
5 36
20 65
5 22
8 6
21 67
6 51
7 1
6 56
29 62
4 79
13 31
3 45
12 30
21 63
8 30
27 64
27 59
7 15
30 60
26 39
29 81
10 19
0 26
4 28
10 66
6 80
21 73
15 11
2 15
12 89
7 16
23 39
17 46
20 51
12 3
6 50
17 19
15 56
21 99
27 61
11 88
17 30
12 56
29 55
1 24
24 69
17 31
20 40
5 11
13 71
23 1
1 58
23 49
6 84
0 81
20 50
1 61
19 53
12 78
14 49
9 25
24 72
23 26
29 32
29 51
30 63
12 42
8 58
30 4
8 52
1 32
30 82
28 67
24 45
16 41
21 42
6 1
30 73
15 25
12 86
29 32
29 89
10 20
11 5
10 3
2 41
18 94
3 80
18 73
26 60
5 4
2 46
27 29
29 70
24 21
15 38
13 34
3 81
18 32
3 63
15 17
15 25
30 93
28 12
29 20
21 12
30 3
22 76
11 18
5 83
26 15
7 87
25 58
0 82
16 95
16 10
11 74
28 68
30 49
3 73
14 97
7 20
17 27
8 5
20 7
14 56
5 17
6 19
6 47
0 43
28 61
15 26
26 95
17 85
22 17
30 93
21 49
15 53
18 46
1 52
14 62
7 82
11 14
27 22
13 42
12 45
9 85
20 66
7 28
17 66
23 99
19 43
6 71
20 14
3 100
13 80
1 91
12 99
30 90
16 72
19 3
25 12
20 95
27 35
25 22
29 99
15 22
17 27
23 56
6 65
21 46
20 65
14 25
29 63
27 51
0 54
5 32
24 70
2 64
25 36
1 98
28 54
26 77
11 12
10 61
2 71
19 82
4 67
26 70
26 74
14 74
11 20
2 38
9 36
30 61
8 89
10 89
5 50
3 67
1 59
10 80
25 8
17 72
12 23
9 93
27 11
25 35
29 26
15 45
28 69
14 24
17 13
5 88
22 78
12 67
15 42
30 94
11 9
6 97
11 87
10 99
5 30
28 6
4 4
11 68
19 52
27 9
17 83
10 19
6 99
2 44
26 21
6 11
10 100
11 5
10 31
10 61
26 19
19 99
22 99
26 96
17 73
24 64
29 83
12 98
5 56
16 28
2 73
4 69
28 99
8 73
16 66
3 61
15 87
11 97
9 48
18 8
26 20
25 7
4 77
23 80
11 91
22 57
10 45
22 61
3 13
7 9
6 41
6 34
21 21
28 10
12 11
21 94
1 31
9 51
5 69
26 64
9 4
3 22
30 54
28 55
8 29
15 39
26 71
29 29
24 81
17 70
4 1
13 19
13 68
30 65
18 23
30 72
18 50
18 48
17 67
12 94
23 63
3 41
25 65
0 76
12 95
23 44
4 3
23 10
28 3
8 35
17 4
24 78
12 88
14 22
24 99
22 38
0 65
16 20
0 50
24 19
3 9
22 83
4 36
27 4
16 46
7 34
4 38
13 13
12 1
3 78
29 81
19 87
30 23
29 26
17 47
23 4
18 64
8 82
14 66
2 2
18 49
2 41
10 87
25 64
1 47
14 28
23 86
21 45
27 90
3 82
8 41
15 36
18 97
26 49
22 96
16 61
7 64
7 25
28 66
28 47
22 12
27 75
30 15
7 14
1 55
12 14
2 21
13 66
3 90
11 61
2 13
22 74
13 73
11 9
26 6
12 22
0 76
7 71
4 66
20 1
27 15
5 12
6 71
7 58
10 16
27 45
5 31
29 82
11 49
15 18
12 10
5 53
20 26
28 49
18 53
7 18
19 1
10 5
10 100
14 80
16 32
29 32
19 48
27 64
7 25
21 94
9 13
9 43
9 94
1 39
2 1
4 33
12 58
24 16
26 1
1 51
25 71
15 98
19 32
12 53
13 58
27 41
2 75
24 36
9 50
4 4
2 66
21 57
0 37
17 38
5 65
0 49
6 36
4 31
18 3
23 41
11 46
29 92
21 88
15 29
7 92
17 86
0 100
18 1
11 89
19 89
14 55
26 65
11 19
27 92
23 87
25 32
1 9
20 4
18 48
24 30
4 65
7 15
18 86
21 73
23 94
18 98
20 17
3 76
5 16
28 28
12 45
3 9
26 72
22 24
12 1
0 66
20 80
6 71
1 37
23 99
8 49
30 84
11 72
11 72
24 65
20 37
5 35
23 62
15 50
14 31
9 90
27 51
3 100
2 83
16 86
19 32
25 94
27 22
8 19
9 84
27 57
22 69
11 49
4 38
10 39
16 1
13 29
15 23
10 39
1 10
10 36
7 96
28 28
12 64
20 97
18 76
3 31
1 66
15 72
27 71
28 20
30 44
4 31
30 40
0 58
11 48
17 91
10 10
7 1
14 46
22 6
28 59
28 43
3 73
29 34
13 34
4 73
28 32
18 29
25 23
27 52
12 15
11 68
10 31
23 2
10 100
17 84
5 60
8 70
16 37
26 26
20 100
10 70
1 77
20 17
23 38
18 59
30 36
3 23
29 93
14 7
6 40
22 68
18 34
22 65
14 96
11 35
27 62
23 94
0 58
6 57
10 85
4 8
30 78
29 89
18 64
24 20
1 80
20 27
3 24
19 99
15 87
14 41
12 41
2 34
14 60
3 16
8 60
17 8
21 70
17 100
30 21
8 82
30 19
28 20
21 32
9 60
13 46
4 46
12 45
27 28
25 93
24 41
18 90
13 27
6 41
2 98
0 13
25 66
20 60
16 50
28 58
0 92
14 29
18 99
18 64
6 48
4 24
1 28
22 70
8 81
28 20
23 97
13 10
21 24
26 23
11 52
5 4
9 5
11 74
23 98
10 75
5 34
20 68
1 3
2 1
19 1
29 54
25 88
22 13
25 83
15 28
6 74
11 73
8 71
5 56
27 29
3 48
25 36
19 78
6 78
14 65
6 98
8 54
1 48
28 17
12 17
24 84
7 33
26 53
21 13
22 78
14 47
13 73
25 99
26 34
24 66
17 32
2 71
13 22
29 75
25 23
21 76
4 35
25 84
3 81
1 24
18 29
9 26
14 71
6 41
19 51
9 87
24 40
20 99
22 96
28 88
3 43
17 16
30 40
12 48
9 46
22 4
30 63
11 83
11 40
5 99
30 34
11 69
3 50
13 46
24 84
29 2
22 63
22 55
26 47
14 54
16 79
0 98
6 51
23 14
6 77
21 68
11 53
4 51
12 54
5 6
23 89
27 42
4 42
6 50
12 47
27 21
12 46
5 31
0 23
14 27
20 12
10 84
0 50
14 95
26 26
16 74
9 17
5 94
13 100
15 88
6 43
6 61
1 17
10 38
1 7
3 66
16 71
14 49
30 84
22 98
2 44
15 18
10 23
13 35
26 61
5 65
4 96
26 2
18 98
9 55
30 17
4 26
3 87
1 81
12 94
5 100
21 13
14 58
21 47
22 51
14 34
5 84
5 61
29 89
2 7
0 50
15 96
20 99
2 95
3 20
23 23
23 94
6 22
17 97
12 51
27 65
4 5
19 29
12 80
21 64
24 41
8 5
0 2
26 69
25 33
9 79
20 68
28 88
17 61
24 25
28 94
2 36
21 85
4 67
21 20
30 78
7 68
25 46
10 30
9 7
29 29
30 15
11 98
17 61
2 40
3 21
30 69
23 17
8 16
29 11
9 14
8 31
8 73
0 49
11 93
4 71
0 97
19 16
17 94
7 84
3 9
11 49
14 49
25 84
9 32
16 16
12 67
0 7
17 13
26 91
3 44
14 8
17 99
23 27
8 10
4 35
9 40
30 78
14 34
5 17
4 26
2 15
24 95
11 39
4 52
10 78
10 2
15 41
3 85
4 37
30 83
22 63
11 77
5 86
11 41
2 65
25 85
23 45
2 44
18 74
6 54
20 21
24 53
10 65
6 67
2 90
28 27
30 28
10 92
13 18
0 14
0 8
15 41
0 69
1 92
8 81
0 40
5 65
24 38
23 21
5 48
1 21
18 35
30 70
28 13
2 24
29 30
29 94
2 71
5 20
22 63
17 92
0 73
6 51
6 82
1 56
18 6
20 62
3 51
5 79
2 49
29 13
16 52
7 95
15 57
19 85
12 13
27 14
9 83
5 100
30 51
1 30
17 64
0 66
26 13
8 59
2 12
11 89
2 86
7 72
20 60
1 38
27 94
2 44
11 47
12 10
5 3
29 51
27 2
7 7
30 73
0 86
2 39
11 44
25 31
17 44
19 65
21 88
26 32
10 10
18 66
10 54
19 6
13 82
27 79
7 43
16 31
8 70
22 84
2 57
26 14
27 79
14 88
15 79
29 23
0 1
20 10
28 77
7 13
17 77
26 6
12 66
13 95
9 14
26 56
25 6
17 76
18 60
4 20
5 39
18 41
24 60
0 3
18 76
11 12
16 42
15 46
26 58
8 23
2 83
6 8
8 36
21 31
13 83
12 65
4 77
2 90
3 68
21 48
1 14
6 59
22 94
26 78
29 4
13 49
4 85
2 86
6 27
12 98
12 90
6 100
30 80
8 89
21 74
22 66
1 41
24 31
27 78
5 40
3 39
24 37
8 69
8 47
4 66
26 73
12 93
6 49
22 26
27 80
23 19
12 67
6 49
16 25
15 79
12 51
5 12
23 5
4 53
25 56
11 24
23 73
2 39
11 32
21 38
26 73
21 39
0 41
30 99
0 16
22 56
15 65
5 40
15 61
17 13
5 23
7 81
12 78
22 37
13 17
27 98
2 58
16 38
5 22
17 38
3 76
17 17
10 26
21 77
8 1
22 58
5 34
23 40
9 32
26 39
2 43
5 45
21 72
24 7
11 37
10 96
7 67
26 37
1 44
28 13
21 14
12 49
9 44
22 36
7 53
27 32
23 90
12 30
1 61
19 63
11 34
12 95
18 53
14 67
2 68
26 72
24 47
5 79
25 100
19 20
22 2
4 73
17 72
25 63
13 10
11 77
15 14
21 50
27 92
2 13
5 54
4 85
30 12
19 99
0 78
2 72
29 92
5 83
6 99
0 30
0 71
18 31
20 86
9 40
15 40
29 52
20 8
9 70
1 42
25 27
10 37
24 48
5 57
11 10
23 25
23 52
20 9
27 74
11 99
21 84
30 32
5 49
2 7
0 68
27 70
21 35
29 23
0 4
9 20
20 100
17 55
0 91
15 98
12 67
12 47
12 44
28 57
22 16
25 79
23 71
14 49
26 5
9 17
23 51
0 57
6 33
25 54
28 66
28 72
14 100
20 30
8 88
21 34
18 29
21 82
1 80
18 70
30 14
21 13
10 86
0 38
16 94
20 4
29 94
21 70
24 36
12 22
30 68
1 8
5 27
22 12
30 42
10 67
13 13
14 49
20 66
16 80
18 40
22 97
15 94
15 25
19 94
8 20
2 65
30 73
16 60
24 94
11 59
10 12
2 37
0 25
22 52
0 73
0 22
5 81
29 87
15 23
21 9
11 31
25 81
11 85
23 53
27 50
14 1
18 15
4 68
6 85
2 2
6 91
20 7
1 35
28 56
23 4
5 63
20 72
22 53
24 82
3 47
1 59
11 44
4 84
10 36
22 100
13 14
3 93
9 43
21 66
4 54
19 81
19 97
16 29
12 55
23 24
14 83
17 34
5 74
22 77
1 7
5 58
16 81
22 19
26 15
8 67
21 93
15 19
13 29
20 1
9 10
27 5
30 75
23 18
26 67
25 13
27 10
9 56
27 34
6 9
14 33
11 3
12 80
12 87
26 80
21 65
1 54
7 96
21 70
10 90
29 49
6 98
19 90
20 99
20 31
30 2
11 85
0 2
7 4
0 80
0 76
0 37
30 4
5 46
23 10
19 8
23 63
16 4
19 25
21 26
27 87
12 70
1 69
28 63
16 19
26 17
5 65
11 17
10 46
4 94
30 29
17 82
6 84
11 33
14 65
20 10
13 60
26 95
19 71
20 13
20 58
16 15
25 87
26 15
29 94
21 87
30 91
2 18
3 12
24 66
15 36
17 92
4 59
23 80
15 4
2 73
15 69
18 91
10 57
27 16
29 65
29 40
1 67
3 63
20 69
24 65
20 89
0 2
17 91
23 5
6 100
16 21
13 82
4 38
16 11
24 71
14 20
0 17
24 60
21 20
26 18
10 65
22 31
24 95
3 56
28 19
26 15
24 96
19 82
10 3
20 55
16 11
5 48
19 98
27 40
25 36
13 73
25 54
28 14
27 30
4 4
0 30
25 84
29 96
12 72
6 88
17 9
0 39
29 36
20 12
18 13
10 73
26 5
15 30
19 38
29 81
19 56
6 16
23 74
3 83
20 92
14 14
7 34
15 43
13 78
8 29
5 92
2 100
15 25
10 39
8 59
17 56
1 34
2 80
15 31
19 28
0 50
1 14
18 45
28 46
5 9
4 9
25 25
13 10
22 20
22 22
12 73
20 44
11 19
4 68
1 97
14 20
29 16
10 39
28 33
7 46
21 2
26 98
28 17
6 98
8 99
4 42
27 29
22 32
7 60
0 14
5 5
22 82
20 60
18 92
25 98
9 1
6 7
20 32
7 8
7 90
24 98
1 23
24 93
3 14
17 27
4 24
10 46
10 12
3 76
6 54
18 5
11 92
7 87
2 69
3 69
2 7
17 45
17 18
18 100
15 67
18 15
25 48
27 34
16 56
24 48
1 68
22 40
12 54
1 47
15 58
10 53
3 63
16 30
17 77
24 27
26 37
7 44
16 14
26 74
30 97
7 99
7 6
9 14
19 28
6 69
27 16
8 75
23 15
30 80
23 24
28 64
11 89
23 75
13 40
13 63
19 32
12 18
30 59
17 97
8 19
17 11
23 11
27 38
12 9
11 31
5 93
26 37
9 80
14 49
10 8
26 100
30 73
24 47
26 61
11 97
9 65
18 32
30 5
25 80
16 15
23 53
12 15
13 92
29 95
9 34
16 20
0 79
16 39
7 33
12 68
13 61
30 79
24 11
12 88
1 85
22 37
14 12
10 90
15 59
0 78
20 31
1 100
30 45
27 38
28 22
26 68
8 79
2 94
8 40
21 97
15 16
26 95
3 32
17 78
11 84
27 62
0 17
23 3
10 13
3 75
2 39
30 21
26 92
11 43
17 42
28 29
29 100
9 16
9 10
23 28
3 10
15 11
2 27
12 46
21 21
19 2
2 28
28 67
14 69
28 34
11 89
28 14
17 48
29 94
23 64
19 98
28 88
6 28
13 28
28 31
12 51
18 40
13 33
13 5
14 10
25 45
30 22
30 33
27 45
15 87
7 91
4 38
24 16
2 92
7 37
8 68
26 18
5 3
2 29
17 10
18 45
2 64
28 11
23 38
24 31
15 66
20 58
5 7
6 76
23 82
1 56
18 55
2 6
20 76
23 15
1 91
11 32
3 84
15 32
14 53
2 82
2 82
13 58
0 61
21 100
9 45
16 73
4 18
6 28
23 24
6 59
20 48
11 44
20 21
27 55
14 52
30 14
14 61
8 25
16 100
12 36
24 4
11 20
4 70
9 33
2 44
14 34
27 41
8 93
7 67
25 29
22 24
29 64
27 68
9 6
19 78
18 44
27 8
19 51
19 13
7 11
5 76
23 32
12 29
28 51
27 85
12 88
20 85
17 98
21 56
27 64
20 84
14 83
1 18
19 87
23 59
27 14
23 100
14 1
8 74
28 62
18 71
21 49
15 50
4 41
19 83
10 45
17 66
12 52
5 64
9 29
1 13
9 65
24 17
17 96
22 62
24 13
27 72
8 21
7 14
1 43
23 34
17 2
30 33
14 8
11 98
19 30
14 13
8 44
30 46
28 41
26 8
7 4
15 84
2 70
22 65
16 31
1 68
11 91
0 89
22 94
22 46
5 9
4 20
27 25
29 4
25 21
10 32
10 63
10 81
0 11
14 30
16 72
13 65
11 81
10 76
13 62
28 30
5 27
13 92
26 72
28 100
10 99
29 98
4 39
12 49
25 70
8 74
27 78
26 41
11 75
16 66
8 96
26 88
24 8
27 52
22 82
17 11
17 74
1 16
20 95
1 13
24 83
29 72
19 74
19 91
26 42
20 45
21 12
30 12
4 43
25 44
10 7
22 82
23 83
29 22
25 17
7 47
15 36
0 42
21 68
27 80
8 90
24 27
27 29
26 35
13 21
26 91
8 71
16 73
7 80
29 69
23 19
6 19
23 80
12 32
10 73
13 33
3 42
17 92
29 80
6 6
7 19
3 52
26 91
5 32
29 17
10 29
2 4
14 77
17 99
23 37
15 61
12 35
6 15
21 11
17 61
24 96
17 95
22 42
16 73
15 80
22 34
22 18
8 75
18 62
3 38
17 24
22 28
18 94
26 59
5 72
26 94
15 63
16 19
0 8
0 11
4 61
9 25
3 73
2 94
14 28
4 100
3 92
2 5
24 36
29 24
13 57
25 55
9 24
2 95
9 24
8 44
18 87
23 77
25 67
21 54
7 70
9 55
21 91
8 20
13 68
28 82
18 34
5 33
19 37
10 95
2 40
5 47
30 3
13 13
6 7
7 72
11 82
10 72
11 58
26 10
5 84
26 100
11 33
24 42
13 43
23 8
23 12
16 78
20 96
4 98
23 49
7 24
3 10
2 93
5 100
26 31
1 84
4 17
16 42
4 85
19 72
29 42
11 22
23 57
10 65
11 4
15 70
24 20
13 75
18 65
17 17
23 37
28 4
3 84
29 30
8 64
30 83
19 61
23 67
17 24
25 38
28 59
10 100
0 81
2 43
20 90
20 28
3 14
21 55
24 51
17 34
7 75
4 51
29 30
20 22
13 28
22 37
1 54
24 92
13 45
8 70
27 97
12 100
8 47
23 51
4 29
23 43
30 51
7 10
7 55
10 21
30 44
26 98
1 88
13 51
17 91
28 13
16 55
19 73
28 8
24 89
2 10
21 99
17 22
11 20
30 2
3 25
18 15
10 93
19 16
21 23
14 98
14 69
16 88
1 3
8 22
12 68
11 24
7 32
18 39
29 18
11 66
15 40
22 61
16 83
8 96
10 76
26 51
11 46
7 27
2 9
12 99
24 52
19 48
25 59
23 93
23 46
24 65
10 66
18 62
29 65
15 52
24 10
18 95
27 1
1 70
0 34
27 17
5 33
27 68
0 48
0 61
13 29
30 52
18 63
10 82
26 82
17 10
16 32
20 26
25 74
18 64
20 45
12 86
25 56
26 7
24 14
15 78
25 93
14 23
22 82
23 66
20 45
25 43
14 75
4 92
6 54
28 5
15 86
6 19
11 59
20 58
5 82
1 63
28 97
7 59
25 80
2 40
12 60
17 51
13 14
10 43
28 27
30 1
23 71
29 13
7 36
22 36
12 71
3 6
7 92
19 74
6 13
4 42
0 96
19 87
27 27
1 79
3 6
26 92
8 44
21 42
10 38
6 49
27 18
19 83
29 96
24 40
15 45
7 86
4 18
24 42
6 96
20 82
14 73
10 4
23 100
9 88
8 7
17 73
22 18
19 59
10 83
20 88
9 35
17 33
27 39
7 10
8 13
18 42
8 76
15 69
28 23
11 9
24 75
11 26
10 42
7 30
3 80
14 71
27 97
30 56
27 99
19 56
23 91
27 90
6 55
25 58
19 56
3 7
1 9
14 67
8 44
0 85
8 86
23 90
16 52
9 75
9 7
26 82
23 57
4 22
4 3
0 59
9 25
24 49
7 100
10 64
11 1
14 82
20 58
24 86
13 68
29 37
6 8
26 22
15 44
3 96
8 70
13 63
27 83
6 37
21 86
16 3
11 99
26 2
15 77
23 25
15 66
11 98
8 37
1 96
5 68
26 81
17 46
3 18
3 14
26 48
23 38
2 19
19 56
8 15
25 85
8 97
19 53
17 28
16 68
23 1
5 39
16 87
13 95
29 1
19 98
19 10
30 79
7 7
1 58
14 40
5 15
27 55
6 61
12 98
27 82
13 45
9 72
2 14
23 74
20 98
14 72
19 66
16 64
5 96
10 30
26 17
24 84
3 37
16 98
8 47
9 15
19 14
13 4
18 49
8 63
15 24
3 67
23 84
5 14
0 34
10 64
14 15
25 74
12 34
1 20
9 82
11 64
12 77
22 80
6 87
18 3
30 21
5 82
28 38
7 35
19 71
23 82
2 32
19 79
27 95
10 79
15 49
6 8
1 3
29 54
11 77
4 75
8 93
16 89
2 72
2 73
11 38
24 14
12 73
12 3
5 63
11 53
3 14
21 84
21 86
25 70
26 67
6 30
30 78
16 13
21 88
8 25
28 100
24 35
23 95
25 100
21 26
27 41
30 62
12 97
4 3
2 57
17 49
26 13
5 45
22 72
9 42
24 18
12 28
20 10
9 78
30 45
8 17
18 12
26 13
11 84
25 9
2 49
4 84
2 67
2 87
19 56
9 44
23 19
18 5
20 79
15 80
2 56
13 88
18 29
0 100
17 16
27 54
4 44
25 55
8 91
27 96
3 56
28 70
15 66
16 91
1 64
18 2
2 38
1 78
23 16
25 26
13 69
2 91
26 30
16 10
9 79
19 91
26 91
7 33
12 77
16 16
29 86
3 92
7 12
4 84
17 54
0 29
17 59
19 13
11 10
24 57
2 44
14 80
15 66
17 7
23 87
0 9
21 78
26 96
5 58
22 6
16 56
2 66
10 69
25 32
14 60
1 81
6 50
25 59
24 40
2 77
14 95
23 75
29 88
20 97
6 47
10 25
29 3
13 19
26 66
7 99
30 90
4 45
25 37
16 86
28 72
30 13
13 18
10 26
25 7
7 99
30 86
4 4
18 90
29 27
19 93
13 63
4 76
13 34
20 87
2 3
4 48
3 19
3 59
22 76
7 100
5 60
20 26
13 22
5 53
0 37
22 57
8 27
27 71
24 96
7 63
4 11
10 78
20 37
21 88
27 84
30 74
29 67
3 39
13 75
17 94
1 13
17 17
19 14
15 8
11 39
14 47
11 86
27 79
7 29
3 17
19 9
8 15
25 23
30 86
20 63
27 86
3 91
27 96
21 40
6 36
27 79
9 56
8 48
29 90
6 85
10 27
16 57
28 84
6 96
28 33
21 100
3 58
21 4
24 39
30 16
16 70
13 30
24 16
9 1
8 39
5 15
23 24
25 47
27 71
14 46
16 42
24 75
27 65
0 97
4 62
0 97
8 36
22 98
13 98
8 80
20 91
23 41
14 88
10 34
12 58
4 7
22 3
2 55
0 6
12 100
7 40
11 34
19 75
3 61
16 53
5 69
24 72
7 46
11 40
25 92
14 55
13 49
10 52
18 96
1 1
8 93
18 86
0 65
30 22
19 26
6 42
21 39
3 36
25 83
13 69
4 91
13 18
1 11
27 71
2 93
6 78
15 6
21 73
5 81
4 64
11 70
21 81
27 75
20 17
9 46
12 27
30 79
4 30
16 97
12 74
16 94
12 8
20 7
1 31
16 81
13 10
0 46
2 48
14 1
14 37
22 49
29 39
23 100
16 100
23 89
13 72
15 86
16 73
22 68
7 3
19 21
22 55
15 91
24 38
28 15
3 51
7 82
12 72
1 73
3 64
24 16
22 91
5 90
14 81
19 22
16 62
9 31
30 41
16 60
4 91
7 9
16 73
14 70
21 27
18 26
3 45
29 44
17 5
21 66
29 68
2 56
24 2
26 95
30 75
26 30
0 19
9 70
25 64
23 89
24 87
5 54
3 94
19 3
15 55
19 57
9 42
3 42
9 94
1 70
0 11
7 9
8 90
18 23
26 9
4 41
16 19
3 94
16 71
27 69
29 11
11 36
11 55
5 6
15 80
28 41
8 94
13 96
7 69
27 100
27 28
2 55
18 56
6 39
6 9
17 12
9 6
14 83
0 81
13 61
12 66
2 82
7 1
11 12
5 74
26 97
8 98
27 29
16 11
18 38
12 85
4 40
9 19
7 13
17 28
29 52
23 74
16 37
17 60
23 93
13 32
28 12
30 70
28 12
24 50
6 20
22 24
28 54
1 1
30 34
24 65
18 67
12 14
25 71
27 34
9 70
12 29
16 90
9 54
17 14
19 22
26 66
23 11
2 48
15 40
20 85
28 90
29 77
12 23
1 46
14 58
19 58
7 50
9 5
0 56
8 62
13 71
9 36
5 43
13 66
22 31
14 89
20 92
18 96
24 51
1 43
4 55
22 9
10 75
8 15
16 21
13 18
30 31
10 35
25 30
8 92
29 90
20 12
14 63
27 56
14 85
27 25
8 34
7 70
27 5
8 13
18 27
2 67
2 7
1 27
4 39
17 53
29 78
23 77
10 78
23 82
9 70
28 33
1 41
12 1
11 70
7 23
22 17
26 16
17 17
15 35
18 22
14 50
9 77
1 22
5 81
14 92
9 100
29 17
8 9
10 91
8 27
13 43
8 45
11 44
21 24
14 40
10 18
8 80
30 31
9 3
4 41
25 28
27 20
22 20
5 99
27 74
24 47
10 71
6 83
7 49
14 11
25 35
11 18
25 47
15 46
18 28
29 89
1 74
4 12
16 20
30 16
4 19
11 98
2 57
20 17
10 30
17 8
1 78
7 93
6 1
16 68
2 32
21 47
26 33
13 18
16 54
21 22
7 76
28 55
27 3
20 85
24 60
16 35
15 97
11 2
22 12
10 26
29 79
28 81
12 81
7 48
23 72
25 18
3 92
8 47
13 10
28 91
14 89
26 40
29 55
30 26
24 20
19 21
4 90
18 15
6 25
1 59
16 70
21 2
4 57
27 59
23 93
12 85
9 98
25 12
3 15
1 78
8 78
9 60
9 91
16 96
17 91
8 56
27 73
27 79
10 17
26 49
14 42
2 46
28 80
23 24
30 68
30 21
25 29
7 27
23 6
28 8
12 83
29 17
17 6
2 99
29 100
16 53
21 24
2 49
13 60
6 21
7 66
20 10
0 83
1 6
18 79
15 59
22 45
25 14
7 46
18 38
20 46
19 89
6 59
4 15
17 32
20 12
26 35
28 75
22 15
10 34
22 60
18 25
14 48
2 52
19 35
4 24
10 37
26 9
14 28
5 92
9 52
11 38
17 78
24 48
20 56
11 89
23 78
22 92
22 47
7 8
6 34
28 6
28 83
15 55
14 58
13 83
7 26
1 6
20 57
18 15
8 61
11 13
30 75
5 79
30 1
2 64
4 79
28 2
25 61
25 79
13 74
4 16
1 42
2 2
10 61
16 33
15 35
17 18
20 27
6 26
12 17
5 48
24 64
21 89
1 75
20 51
27 21
23 60
13 67
16 56
2 4
29 41
9 33
15 82
27 41
23 20
23 82
1 2
1 45
0 85
1 21
22 38
19 70
30 76
9 46
9 80
3 1
9 12
10 82
28 20
7 17
1 11
16 38
19 80
2 37
22 41
13 98
10 14
30 69
6 35
13 86
26 63
28 10
27 54
16 97
21 8
22 97
12 14
0 36
27 20
20 97
21 89
18 22
28 28
27 1
1 13
11 67
15 89
14 47
25 62
1 55
5 54
19 14
16 99
11 17
11 50
5 28
18 5
13 81
18 87
27 42
24 8
25 76
19 59
13 81
13 40
15 91
2 89
28 97
1 51
13 87
10 18
26 33
25 21
10 85
6 12
28 15
16 31
2 12
28 45
28 33
18 69
22 17
18 98
4 4
25 35
25 47
26 13
27 7
16 76
24 96
28 29
1 11
3 71
21 58
7 32
26 29
13 10
10 26
26 86
28 24
0 1
0 36
10 14
0 10
5 1
8 47
8 4
23 57
25 61
11 97
29 47
17 32
14 46
30 26
14 35
18 82
11 46
12 94
24 92
20 40
6 63
4 51
1 98
5 72
7 33
12 75
13 30
7 26
21 43
7 49
9 22
12 42
18 80
3 26
3 11
10 23
2 2
2 21
7 68
4 2
1 37
22 84
11 55
19 44
28 52
15 10
29 66
26 15
10 7
11 72
7 18
4 40
12 22
23 77
2 61
23 57
28 63
7 72
6 6
1 6
23 98
24 81
24 80
24 38
18 2
0 74
25 36
9 57
14 11
25 63
12 85
7 88
15 38
20 51
7 80
4 8
2 62
25 66
0 5
24 84
16 19
7 14
12 3
8 64
15 42
21 19
19 15
30 3
17 96
14 85
6 74
29 79
24 94
20 40
4 19
13 87
10 79
19 16
16 26
18 77
23 51
0 51
12 74
1 69
