100
16 97
19 15
27 71
15 76
2 70
3 40
23 35
2 94
13 90
15 100
28 90
10 60
26 45
17 89
10 62
1 99
23 58
0 20
1 55
2 69
16 88
26 53
12 77
24 59
15 68
1 69
13 81
10 14
4 57
29 57
16 56
15 11
12 99
8 17
13 50
7 24
1 1
21 14
18 91
2 56
4 37
26 72
17 77
17 17
29 70
25 57
26 43
29 34
30 100
1 36
4 90
24 23
21 30
2 68
7 38
11 18
13 41
21 79
2 91
6 56
4 72
8 77
28 69
20 42
21 5
20 13
22 35
2 30
2 48
6 70
1 29
29 73
10 24
12 35
3 24
27 87
8 88
8 78
5 85
15 28
12 31
15 98
18 39
4 73
11 69
27 48
10 15
16 1
9 31
11 68
11 2
13 44
1 14
0 47
10 6
3 45
3 71
15 99
19 85
6 19
15 99
11 81
7 65
23 93
6 6
6 49
15 63
24 22
17 59
24 59
11 98
17 71
1 9
17 55
4 79
25 4
20 17
16 13
30 10
3 35
25 80
18 54
1 2
15 84
30 9
27 19
8 41
17 44
19 16
14 4
2 77
7 40
22 5
4 61
20 8
4 79
17 61
19 21
17 76
3 52
24 13
24 99
14 34
17 18
25 29
10 36
13 37
11 3
20 71
23 79
19 87
5 12
15 88
1 29
28 73
28 44
17 89
24 58
26 15
4 4
12 52
28 52
21 79
6 54
13 80
28 83
24 49
19 47
17 56
14 79
16 63
19 85
29 4
27 59
10 80
27 68
20 22
11 44
23 91
5 87
11 60
20 35
19 44
20 3
2 24
1 43
3 72
26 83
0 41
14 83
10 53
24 64
12 7
25 12
26 36
22 77
19 32
14 1
12 72
20 17
9 55
28 56
9 70
8 29
21 6
25 65
0 76
15 47
5 28
5 53
27 93
17 64
4 78
26 94
3 59
19 58
15 60
25 26
25 63
28 30
7 92
17 13
14 98
25 12
21 44
17 76
2 2
4 6
13 75
15 23
16 62
0 84
15 8
10 98
15 52
4 45
5 12
29 1
16 73
28 70
14 57
13 54
18 94
29 100
4 95
29 37
2 24
5 86
12 45
17 58
22 66
30 99
2 6
26 29
28 7
11 59
11 90
28 38
26 18
14 47
12 96
0 95
5 32
7 11
2 48
25 89
12 44
0 56
7 70
0 22
10 88
20 47
12 59
7 30
7 41
27 51
7 19
12 65
23 20
15 77
29 95
25 82
10 100
3 8
29 27
30 37
24 51
18 26
13 91
2 14
14 96
19 78
7 51
17 28
5 81
25 66
30 14
0 88
24 42
28 47
29 35
12 80
23 7
30 95
21 81
29 45
2 30
18 96
7 51
28 23
13 87
13 55
12 53
28 33
1 32
4 71
1 3
3 23
12 73
7 9
24 27
7 22
16 7
5 70
7 83
24 58
21 92
28 11
29 35
8 98
21 39
0 91
12 15
18 73
5 91
19 33
25 65
29 80
21 94
13 63
17 31
4 95
5 66
12 83
0 45
19 50
7 11
25 76
13 26
23 36
11 54
11 98
5 61
3 3
1 85
24 4
10 27
21 53
26 43
27 4
15 21
9 9
23 49
21 64
25 21
27 70
23 13
10 80
2 5
29 67
27 69
24 54
7 77
6 55
14 55
1 2
28 58
9 59
27 4
15 79
15 87
26 1
9 70
28 88
3 12
13 5
7 62
19 93
29 40
21 6
2 19
22 5
22 88
21 74
15 69
15 48
22 74
10 25
13 19
28 62
26 42
24 77
22 54
13 80
7 53
26 10
22 100
15 42
13 12
7 97
15 21
30 71
16 33
4 50
27 3
17 75
24 4
18 42
8 15
12 35
17 14
24 12
9 44
25 91
12 15
26 39
24 85
12 7
21 69
2 47
23 52
26 10
19 79
24 55
23 22
9 29
3 26
23 34
29 80
0 42
30 16
23 66
2 70
0 25
7 76
14 85
12 75
22 93
20 35
7 77
20 59
15 72
3 53
13 49
11 23
1 55
9 64
18 32
7 32
4 56
21 16
21 26
16 83
14 55
11 25
3 24
19 52
21 80
29 26
20 47
23 14
26 9
30 68
5 75
27 46
18 66
20 11
6 53
6 60
17 69
15 42
27 38
23 54
1 25
8 90
10 26
14 67
3 39
0 87
3 10
26 1
20 39
1 73
4 50
30 59
1 19
20 7
14 98
5 56
25 45
25 35
21 43
3 5
13 61
0 1
25 23
25 11
5 78
14 30
25 18
11 13
12 64
30 64
6 9
0 79
21 25
15 98
1 74
3 8
28 14
19 72
24 71
12 38
5 25
27 88
25 78
23 63
6 18
1 33
22 84
5 2
28 21
19 80
21 35
25 80
5 21
7 45
20 87
20 26
3 35
22 85
3 51
9 89
0 35
29 90
20 51
25 88
2 3
0 12
7 92
8 56
13 47
20 95
18 90
16 59
16 13
3 88
8 10
18 90
28 98
21 100
20 40
11 4
25 25
27 21
6 89
23 92
22 80
16 8
1 4
7 40
12 49
8 55
0 15
20 49
6 24
20 74
9 54
21 100
22 11
25 29
1 22
21 95
6 60
19 85
2 3
15 27
7 23
10 5
21 64
13 29
10 48
10 99
22 59
22 96
21 16
26 66
17 47
11 18
25 29
24 21
15 1
28 85
27 98
5 26
24 89
8 95
24 69
27 57
27 47
1 47
6 3
23 95
25 13
3 27
13 21
16 50
16 50
1 93
19 60
28 32
1 31
15 23
15 30
30 71
14 86
29 83
30 28
26 75
7 18
29 66
17 23
28 26
26 22
18 61
7 50
17 34
17 11
8 64
3 36
0 34
13 42
23 77
26 79
26 71
11 21
0 61
28 26
12 45
22 92
6 71
21 27
30 20
21 42
2 45
16 10
14 56
13 48
1 64
29 89
29 47
28 93
9 27
30 70
12 58
7 99
20 48
13 42
8 9
12 41
10 78
27 40
3 32
5 4
19 13
5 99
20 86
18 66
6 62
24 50
5 52
13 33
19 91
6 58
6 76
22 84
29 36
29 30
27 45
22 4
16 64
1 41
20 25
21 41
24 62
12 78
10 74
2 26
24 13
12 57
28 26
15 62
22 91
19 16
2 31
29 32
9 43
9 73
23 24
22 93
22 56
25 27
19 40
27 17
11 58
25 12
27 70
6 55
3 62
13 95
13 21
19 47
3 21
23 69
20 44
15 77
23 43
15 8
29 33
6 73
13 44
2 6
4 63
22 100
2 47
10 75
30 41
5 58
24 38
28 68
27 42
6 4
4 48
2 33
30 73
4 89
14 19
22 7
14 88
12 34
26 20
30 65
3 78
7 11
14 87
27 19
13 79
20 36
22 65
2 75
30 55
14 65
6 39
23 27
25 88
20 50
6 12
3 66
29 67
8 10
26 84
13 32
15 52
9 22
15 55
16 3
8 16
10 33
6 49
17 5
7 71
30 71
1 18
25 32
22 5
29 22
19 89
21 50
22 67
22 60
12 68
6 68
16 84
14 70
13 42
8 80
30 11
22 76
20 34
11 90
12 93
10 4
4 30
19 39
16 59
25 37
20 57
5 11
3 86
16 13
20 48
11 67
21 3
23 71
21 48
11 60
2 80
1 83
10 87
7 65
10 87
4 21
5 53
10 36
30 7
29 16
16 30
16 98
3 88
28 100
7 69
2 100
10 93
27 93
1 25
1 91
21 12
8 26
8 32
15 64
6 27
20 100
21 25
7 63
23 8
24 62
9 42
14 91
13 85
19 41
0 88
13 38
8 39
8 56
8 37
2 77
1 51
12 45
12 78
17 49
26 6
5 78
24 9
12 90
28 38
30 45
13 4
2 50
15 12
14 90
9 30
13 61
24 30
16 56
22 72
10 81
18 12
15 42
29 14
6 9
10 26
7 85
18 62
17 87
30 21
0 85
20 63
19 73
13 72
10 18
18 10
21 29
5 88
10 97
22 4
11 49
26 39
3 31
7 18
20 60
23 46
16 19
6 57
24 82
7 54
5 10
21 15
12 21
23 72
2 24
22 88
29 86
17 83
13 1
10 69
26 11
4 99
29 34
6 37
14 30
25 64
22 2
6 65
14 5
21 22
3 88
10 29
16 30
17 86
23 70
15 66
21 92
11 26
25 37
27 21
12 71
4 89
30 60
25 46
9 47
8 90
9 90
17 90
16 71
23 65
6 89
27 34
21 19
8 67
12 88
16 36
6 12
2 4
30 66
24 83
13 83
13 93
8 58
13 79
24 7
28 88
17 85
13 98
11 10
10 32
29 13
10 50
3 48
29 14
20 72
21 14
8 73
23 13
13 92
10 38
1 95
25 73
16 18
24 60
12 89
18 93
12 87
8 16
12 66
12 81
23 1
2 49
20 32
6 2
18 67
2 37
25 47
11 74
19 95
11 18
22 76
30 5
4 4
18 90
21 59
3 20
17 32
14 22
18 100
21 24
10 71
2 47
26 47
29 60
28 64
6 45
27 94
10 20
29 95
26 82
16 80
26 91
20 93
26 58
22 39
21 78
19 96
16 18
3 8
15 86
4 87
9 53
24 55
14 58
5 29
9 16
3 71
21 28
28 53
17 24
12 46
24 72
15 92
18 79
6 55
25 99
9 10
27 17
10 37
7 24
13 75
0 60
23 70
7 52
20 64
4 69
2 21
9 56
9 43
19 2
14 27
0 88
11 13
24 81
22 85
15 15
14 13
9 23
20 36
8 47
18 79
21 15
15 68
0 39
15 55
27 24
3 50
7 73
5 1
25 66
23 99
10 9
20 74
12 35
19 46
17 31
12 58
30 90
10 69
19 25
21 24
9 80
18 41
3 68
29 38
25 52
18 66
6 11
11 53
11 98
1 32
26 27
27 85
26 68
16 99
23 47
19 86
2 89
6 51
20 40
14 35
10 93
8 65
29 85
2 40
28 97
18 21
0 64
4 39
20 51
1 63
19 37
29 74
5 45
24 36
12 59
11 44
18 78
9 70
12 58
7 19
27 4
18 81
16 53
17 24
7 92
24 12
22 72
16 24
26 60
6 49
30 1
14 91
24 29
28 35
10 15
22 34
21 33
27 35
25 96
29 82
29 66
2 45
24 34
30 57
5 62
2 17
22 68
19 8
11 15
30 22
29 42
0 1
24 90
17 96
24 1
4 12
2 24
26 55
14 58
17 12
29 26
21 32
23 75
3 12
3 54
19 72
13 54
5 22
1 63
24 70
3 20
17 47
19 75
28 59
19 40
14 92
18 88
0 95
1 59
14 34
1 78
10 18
7 3
20 72
8 60
12 69
24 34
9 74
6 62
23 1
25 25
11 37
11 73
5 32
9 27
25 86
1 4
12 69
15 8
26 77
13 8
23 68
29 85
11 14
17 18
14 42
25 8
23 87
28 37
29 32
18 23
1 38
20 74
28 34
28 59
21 59
22 1
6 80
5 25
7 22
15 99
13 86
14 21
8 42
12 61
7 45
17 60
17 20
21 28
1 84
6 7
26 8
9 29
0 74
8 13
29 19
7 82
11 35
25 39
7 30
8 42
25 17
24 29
15 66
17 42
0 54
11 83
2 43
8 26
5 90
26 74
15 8
7 90
15 16
15 71
17 29
23 97
19 87
14 85
25 37
25 17
10 10
14 85
29 60
13 48
2 39
14 52
4 35
19 32
10 6
8 83
16 17
22 28
26 80
9 41
7 36
20 51
7 69
29 1
18 18
17 98
20 55
24 85
0 80
24 19
13 46
25 66
28 55
16 55
3 48
21 45
17 87
1 38
10 7
28 41
12 19
15 6
5 90
0 74
17 38
14 50
4 9
10 54
5 39
23 25
29 84
14 81
10 90
12 24
19 93
1 70
10 47
16 62
26 51
5 93
4 31
27 30
26 18
28 50
10 9
5 76
29 79
7 49
22 59
16 28
17 20
27 83
19 27
8 26
26 74
4 37
4 44
16 46
10 71
7 30
17 98
7 3
28 41
3 64
5 32
4 59
19 84
16 21
11 57
22 75
12 70
25 37
8 39
30 34
23 48
5 75
26 76
5 40
12 87
3 21
15 96
25 86
10 22
25 6
0 38
0 72
2 78
9 57
29 61
8 33
27 29
2 38
27 93
7 42
30 10
21 88
19 42
16 15
10 76
16 21
29 77
10 72
21 11
18 12
0 14
30 81
13 49
17 24
7 21
17 75
30 80
5 71
4 65
4 85
9 72
11 84
25 98
2 22
18 88
19 53
1 56
0 57
27 1
9 1
8 47
15 2
27 9
1 64
16 94
21 63
22 56
2 53
11 59
23 89
20 52
4 79
15 11
23 73
8 66
17 25
18 84
11 69
13 33
17 22
13 10
21 10
30 62
8 33
8 96
15 56
26 24
13 67
15 3
11 81
29 41
0 53
12 13
8 60
27 23
15 59
17 44
12 14
13 41
11 19
30 35
29 94
29 3
8 93
14 64
28 97
3 62
6 32
1 89
1 76
20 37
21 87
23 34
26 16
26 81
22 78
6 71
24 44
6 2
25 8
26 51
29 97
27 33
4 45
20 88
0 36
26 100
14 33
7 13
17 6
5 71
9 53
1 3
21 63
21 16
4 84
5 3
11 50
2 16
29 71
4 19
9 82
20 48
18 38
6 46
7 38
14 81
5 24
13 24
27 30
21 25
27 91
4 30
22 20
30 83
9 47
6 6
1 2
8 13
28 86
28 82
2 51
23 49
3 51
12 80
26 4
18 39
28 33
27 99
13 100
23 32
14 68
8 91
3 77
15 54
25 34
17 35
13 68
21 2
16 44
10 18
6 41
0 41
22 31
30 19
19 56
19 92
30 86
13 69
16 25
11 69
16 59
11 29
22 18
23 41
1 50
8 39
26 63
15 59
24 57
7 16
19 87
27 30
8 97
1 80
24 28
2 20
29 21
28 78
2 23
20 53
22 14
5 98
14 2
25 50
10 59
22 22
18 26
29 18
28 40
27 46
15 56
6 21
14 21
24 67
12 89
22 49
13 10
12 37
18 45
29 81
17 32
25 66
3 55
10 92
2 71
9 19
8 55
16 2
21 67
16 80
0 41
19 59
27 13
25 6
19 30
9 30
25 37
5 25
15 2
2 83
28 23
1 8
20 96
12 40
4 31
5 41
19 62
25 99
28 91
24 75
6 45
26 69
24 38
28 10
4 62
30 31
12 45
7 1
15 79
24 41
7 18
8 97
12 71
10 73
10 53
27 95
7 38
23 29
25 22
24 33
17 61
28 75
24 88
3 59
3 14
4 46
12 42
27 91
27 20
0 72
4 1
5 56
14 8
18 41
26 78
27 45
16 11
14 34
24 21
27 58
1 66
19 78
18 22
17 5
6 94
24 88
16 73
1 26
4 86
14 99
27 6
0 79
10 80
23 58
17 21
7 45
7 53
22 86
25 8
11 93
16 59
8 89
12 42
20 93
16 46
4 34
0 16
2 7
5 12
11 94
16 71
29 60
18 74
10 24
8 51
4 41
6 1
25 31
22 59
30 43
13 99
14 32
13 22
16 66
23 3
28 99
28 88
11 56
0 59
13 1
9 17
7 56
23 29
16 8
2 19
12 85
15 85
11 42
27 49
10 34
29 83
30 15
10 15
21 88
10 71
26 20
7 37
26 59
15 66
21 93
24 27
13 13
28 31
19 51
21 93
19 28
5 82
16 20
13 44
1 69
3 49
30 59
19 20
25 94
22 91
24 49
14 58
11 97
29 66
25 27
11 77
20 86
26 34
29 52
19 42
8 91
3 46
3 49
22 5
30 56
23 65
22 93
22 38
2 86
4 38
14 11
15 79
13 97
3 70
17 45
16 10
14 7
29 94
4 93
21 32
20 46
5 67
17 64
28 21
19 99
11 8
30 98
19 50
20 49
27 95
7 16
12 49
27 70
11 69
25 6
11 66
21 34
21 33
9 51
0 56
11 39
27 55
15 14
2 34
27 40
3 5
7 26
19 77
4 39
2 69
11 87
29 91
2 14
7 30
3 47
21 14
6 98
19 38
4 60
14 87
22 17
30 13
4 74
18 83
0 65
10 19
24 59
14 17
5 15
8 37
24 93
28 8
3 77
0 73
5 3
30 82
26 47
6 65
23 70
13 48
28 6
28 94
18 30
10 58
25 65
19 71
8 93
2 31
9 41
24 17
30 26
7 33
11 2
18 79
10 42
18 93
19 92
22 76
25 49
29 90
5 62
26 16
21 25
21 25
0 16
21 52
29 68
3 43
16 1
13 80
25 70
25 30
14 98
9 87
29 32
17 15
15 81
28 20
28 29
1 36
15 51
27 38
14 7
2 40
5 80
23 24
14 42
1 89
6 51
15 63
11 84
16 13
5 90
26 78
4 13
24 35
17 25
1 43
8 58
6 36
11 66
17 15
12 63
21 4
20 31
15 63
20 64
20 84
4 54
1 81
12 67
23 83
27 6
13 89
2 21
19 61
19 67
11 18
8 63
30 37
11 43
0 95
9 98
22 27
17 94
30 37
3 100
15 62
13 52
5 38
16 56
8 64
29 98
9 14
8 18
0 93
6 29
18 92
25 27
22 58
20 78
20 87
0 77
14 84
15 45
25 95
28 88
10 9
14 12
28 94
22 89
25 21
15 66
21 52
4 57
11 68
29 20
17 44
16 1
13 95
27 41
6 17
20 13
26 51
24 80
2 80
4 46
11 46
4 57
6 56
14 96
6 47
28 13
28 89
8 32
5 15
16 88
10 35
9 49
12 44
8 18
4 18
17 17
3 47
14 57
12 18
13 6
25 31
27 1
10 20
10 6
24 42
26 59
12 21
23 34
12 73
12 3
4 65
16 81
27 19
14 14
12 25
12 80
11 9
12 82
18 13
17 21
21 81
10 34
18 48
25 48
22 26
21 83
29 81
9 16
24 18
5 12
15 96
9 29
5 42
15 53
4 9
18 59
16 25
24 76
22 91
28 22
17 76
6 31
12 54
8 77
17 46
2 22
29 72
12 49
8 89
27 55
3 33
10 27
29 84
30 51
16 62
28 22
1 72
14 21
19 52
22 58
0 71
26 73
27 85
11 47
30 91
16 50
6 43
3 98
8 63
11 93
24 12
26 53
29 3
27 17
10 66
16 33
0 47
13 86
13 61
0 44
30 40
29 84
21 37
22 61
18 6
24 81
9 100
8 51
18 88
0 45
13 67
15 90
30 69
23 45
8 46
6 72
29 61
0 58
8 25
16 15
21 64
20 32
14 75
0 74
17 25
2 12
25 59
5 2
12 16
6 19
9 6
25 13
7 11
14 76
1 86
28 65
8 69
0 17
29 66
25 51
29 34
7 45
19 10
10 83
3 8
2 98
14 19
13 33
7 75
18 67
19 45
5 69
24 88
2 11
3 48
11 77
23 82
29 14
8 40
25 46
28 85
11 38
23 49
28 47
11 42
20 58
30 73
12 54
17 53
28 11
16 86
19 80
12 24
21 43
4 2
23 54
18 15
19 24
0 18
14 35
5 81
8 91
3 27
14 7
17 2
17 6
17 52
10 7
10 22
25 90
12 87
27 62
25 32
28 56
15 31
18 38
27 5
8 61
8 97
17 58
19 75
14 9
18 91
22 98
24 2
16 62
20 55
8 26
15 92
21 85
16 83
13 49
17 12
9 67
7 75
20 81
3 69
24 29
8 67
23 59
27 54
2 14
16 52
3 22
20 93
3 42
8 14
25 97
14 58
14 9
27 86
27 73
20 41
19 21
9 76
25 78
19 95
2 1
23 8
21 23
19 48
20 80
11 13
2 24
26 64
25 37
3 32
15 58
15 92
19 18
23 84
18 1
2 82
7 97
13 11
30 36
8 42
28 18
1 31
28 60
3 30
8 3
23 80
4 99
25 60
29 45
0 15
13 12
24 32
22 85
24 81
15 81
3 40
0 41
21 52
30 75
13 73
19 34
2 51
27 6
17 21
22 49
26 40
22 82
18 47
1 17
26 14
19 77
27 22
17 96
19 67
16 86
13 67
3 38
18 27
7 11
7 54
20 75
7 21
3 59
23 71
17 43
12 75
14 89
12 29
8 100
27 40
24 3
24 81
16 98
16 29
18 43
3 69
8 5
19 67
2 94
26 82
26 45
24 70
6 45
23 24
7 28
13 32
14 25
16 73
15 29
8 27
6 49
20 76
15 63
17 9
8 82
19 100
3 71
6 93
1 37
26 10
16 86
30 16
11 39
17 11
9 51
2 36
18 19
7 5
19 96
6 86
0 63
2 34
17 34
22 71
30 70
26 49
13 73
19 67
12 32
17 72
8 80
13 42
18 40
0 77
0 15
10 16
0 10
13 44
28 19
14 96
10 20
23 12
2 100
10 59
3 6
20 18
13 62
23 33
23 10
27 50
25 91
4 67
26 14
15 35
11 24
16 56
4 82
25 20
3 25
2 98
22 49
15 38
29 59
12 26
10 12
25 74
25 40
17 37
11 10
19 18
18 55
16 25
27 41
4 7
7 62
9 50
26 85
28 81
6 14
2 68
4 27
12 24
1 54
3 75
30 40
27 30
21 40
16 54
29 43
20 98
8 56
3 56
28 3
24 76
12 68
26 28
19 4
5 3
15 26
0 92
20 33
12 17
10 66
5 9
5 21
9 61
7 91
9 21
0 41
0 61
0 94
26 98
0 56
1 22
25 74
26 89
25 29
4 67
4 18
13 82
3 41
9 23
11 28
13 44
29 9
20 72
24 2
3 94
2 11
9 78
6 86
21 29
11 99
10 19
14 29
17 100
12 87
29 35
6 30
12 5
27 12
26 33
3 54
20 43
14 5
12 52
19 88
13 1
29 17
6 100
13 20
2 25
14 42
3 55
20 27
2 77
12 68
8 92
7 29
15 51
8 98
9 8
25 30
6 71
25 68
28 12
28 3
4 29
3 1
23 28
14 17
30 31
17 1
20 59
17 40
23 98
24 66
19 26
8 68
8 94
4 30
22 42
4 4
28 56
11 37
26 49
17 2
9 98
3 70
11 3
26 1
17 82
29 40
29 21
17 9
10 76
3 58
13 51
23 18
6 50
21 56
24 9
6 67
8 15
10 82
23 76
7 19
5 87
15 99
7 2
23 91
21 56
8 90
14 67
21 38
15 98
5 51
26 31
25 75
8 31
27 67
29 35
9 29
3 47
12 44
19 99
5 61
4 77
21 9
28 20
7 31
8 63
26 65
7 30
21 39
9 63
13 18
16 93
9 87
21 44
20 49
1 83
14 100
9 83
24 61
6 38
12 52
6 30
24 61
30 59
18 33
28 30
5 3
11 37
0 14
22 98
26 58
29 82
20 61
20 85
5 83
17 91
22 55
23 90
17 11
16 84
7 40
18 95
9 19
15 54
25 74
28 56
15 9
13 73
14 66
13 18
12 53
0 52
28 59
7 6
26 35
16 94
21 27
28 76
6 21
28 64
11 16
1 1
18 77
9 92
27 86
20 7
28 62
30 9
18 36
13 23
11 21
22 7
5 78
15 66
7 90
25 18
10 36
18 6
0 59
23 27
12 33
29 56
12 63
4 95
7 31
4 92
9 77
27 46
30 42
30 51
9 41
0 88
9 89
17 94
23 24
27 66
27 38
15 90
29 77
24 24
23 69
12 2
20 85
16 10
7 65
15 31
22 92
18 84
6 20
14 56
11 26
30 63
16 13
27 84
0 63
18 8
12 17
29 27
22 83
26 8
8 1
18 4
30 25
7 80
22 63
11 5
10 58
18 45
10 20
30 50
8 98
18 12
10 53
29 59
6 66
1 24
22 16
16 99
25 39
13 59
6 52
28 85
3 84
28 56
1 32
4 1
21 98
12 54
8 16
11 78
27 72
22 92
17 2
14 65
16 55
15 60
2 4
12 74
24 69
0 15
20 84
3 51
22 85
3 11
1 93
26 91
25 60
15 82
29 6
27 65
29 99
25 6
20 51
16 73
3 66
1 32
14 86
22 21
12 41
18 21
30 82
11 88
1 96
12 1
0 18
16 5
11 24
1 99
16 78
28 89
13 41
23 65
25 20
17 62
0 50
16 99
11 58
17 35
0 9
2 87
7 14
6 48
14 83
7 57
1 63
23 71
23 85
1 27
18 7
15 22
5 53
11 82
7 21
25 18
11 70
26 87
13 54
21 25
17 16
11 29
20 31
28 21
20 22
10 20
24 48
16 72
3 97
11 77
4 15
18 12
0 63
28 29
1 2
21 1
24 85
14 78
22 84
14 74
24 75
16 96
20 29
7 71
17 97
29 90
17 26
21 43
19 93
7 44
3 68
18 32
4 3
28 3
27 39
28 46
10 36
1 47
7 27
5 27
10 83
3 87
11 73
18 27
29 95
12 78
28 36
27 10
24 91
12 51
12 53
26 99
23 21
24 9
18 11
12 13
4 34
29 32
4 83
10 90
8 97
29 12
24 86
12 3
24 18
17 87
17 34
22 99
5 85
23 45
2 54
19 2
22 83
29 79
0 23
13 88
30 58
4 41
11 57
17 80
23 91
8 53
30 38
26 80
11 22
30 42
18 78
1 84
16 55
30 69
11 11
29 69
13 36
18 89
2 83
5 10
0 61
25 16
8 76
8 13
10 97
24 79
6 20
22 43
16 78
1 90
8 29
30 60
3 72
19 68
25 52
11 51
18 90
23 71
12 65
25 29
3 99
25 54
16 93
14 14
16 91
2 25
1 81
13 72
1 33
22 99
1 40
18 58
28 67
3 5
26 78
28 60
18 84
3 83
29 17
14 87
18 91
3 99
13 74
30 2
1 76
25 43
2 36
12 63
27 59
6 8
29 97
22 96
2 24
25 77
14 49
11 68
10 64
28 61
29 4
21 57
19 84
27 55
20 19
18 78
3 67
19 87
0 24
23 92
0 65
15 2
11 92
20 21
20 60
24 15
21 12
21 32
26 3
14 61
7 87
1 48
23 88
15 43
10 61
24 49
24 69
10 25
12 4
23 10
16 52
27 47
27 75
17 87
4 58
0 86
27 24
29 30
6 88
26 42
25 77
8 8
18 21
25 58
12 50
10 32
15 73
10 96
29 80
16 22
4 74
22 38
16 51
23 53
30 52
8 40
30 61
15 49
3 37
7 98
1 98
28 82
19 21
19 85
4 7
12 89
14 2
2 75
12 61
18 78
20 70
5 17
25 18
23 99
28 21
11 32
9 14
16 19
12 88
30 79
16 77
28 42
22 41
0 57
17 70
13 80
4 31
4 69
1 9
4 22
9 11
24 57
27 50
24 59
2 91
21 32
21 75
0 44
24 51
2 26
14 10
2 98
20 31
0 51
24 69
25 23
0 70
12 62
9 78
18 27
26 77
2 38
25 73
0 92
2 76
26 99
2 5
28 1
9 42
5 8
3 10
17 82
26 13
29 52
29 5
21 90
17 27
26 44
7 3
16 35
14 25
23 23
5 32
3 13
16 63
12 1
20 65
26 43
29 46
18 26
9 65
13 96
22 57
24 53
5 95
23 43
11 18
16 8
28 67
4 28
24 37
7 24
11 15
3 20
25 47
15 45
0 96
17 73
17 3
7 30
23 80
26 33
25 70
23 79
6 49
29 51
25 96
3 4
3 71
22 55
13 2
27 38
6 57
27 68
21 97
2 91
11 34
20 58
16 78
12 13
28 19
11 46
11 6
18 61
15 25
6 90
18 92
14 17
9 23
10 56
0 58
17 29
24 35
25 84
9 39
0 72
23 91
9 65
21 61
22 20
9 82
4 77
17 57
3 43
26 1
18 10
27 90
22 65
21 15
11 10
21 27
16 18
4 93
0 62
23 24
21 88
29 70
13 94
9 99
24 80
18 18
18 66
29 68
18 92
7 16
7 69
27 94
14 69
4 79
1 89
24 80
1 93
25 59
21 28
23 64
28 57
7 69
3 61
8 52
8 61
7 51
12 93
3 8
22 52
13 23
19 86
28 24
7 60
14 52
27 6
10 100
3 76
22 45
30 97
1 54
3 34
16 96
20 9
14 45
20 63
16 73
6 69
0 85
23 64
26 2
8 44
6 77
28 28
7 88
4 99
13 68
3 41
17 41
7 45
1 2
26 48
26 50
20 47
13 7
13 26
10 96
10 78
3 95
10 92
0 1
7 54
25 73
26 83
27 21
25 87
9 97
19 72
18 72
6 93
27 43
2 75
27 79
18 75
3 2
17 21
1 31
20 10
21 12
2 87
1 1
0 30
0 47
16 21
19 77
11 69
28 79
13 59
29 27
21 1
13 43
14 41
20 7
8 47
14 82
6 10
8 64
18 18
9 26
11 29
5 48
13 68
10 15
15 16
6 96
25 80
15 93
16 72
11 67
8 65
21 78
21 39
3 80
25 93
30 5
25 90
21 30
27 86
8 42
5 58
21 92
11 63
2 26
1 3
18 31
4 46
7 22
9 35
19 98
22 67
30 13
5 17
14 34
11 22
7 18
14 72
26 36
4 65
5 78
24 86
17 19
25 26
4 85
22 1
18 41
22 85
19 40
3 91
26 2
2 73
18 7
3 73
8 73
21 92
15 83
20 8
15 64
27 16
23 42
21 57
6 1
20 42
17 77
16 92
13 89
22 71
10 35
6 58
30 21
29 49
30 55
3 25
29 63
3 33
2 61
12 64
27 9
22 78
30 16
17 13
8 96
27 78
19 35
3 88
27 86
14 97
18 76
23 51
1 27
19 71
26 57
23 77
13 62
15 27
10 98
21 10
18 39
2 50
28 99
20 97
5 45
26 61
23 70
2 40
12 88
20 47
9 100
25 81
22 28
3 76
14 42
10 12
12 90
3 99
2 15
30 34
12 9
16 73
21 81
14 85
14 65
7 77
25 63
3 73
20 5
13 5
15 77
11 69
15 100
0 40
22 65
3 64
22 11
25 55
23 8
4 74
25 50
20 59
20 4
9 71
26 67
8 78
30 83
25 82
23 11
29 8
30 50
14 46
18 64
15 86
29 88
24 33
25 50
18 31
3 23
9 38
2 24
0 62
12 9
14 77
22 17
9 16
20 91
3 10
20 93
22 37
18 83
14 17
1 91
10 24
26 18
19 79
0 89
18 54
28 53
25 67
18 45
17 38
20 36
23 53
9 82
5 5
14 63
15 70
30 69
12 57
17 20
24 5
23 74
30 86
10 29
25 97
27 51
24 94
6 3
29 31
30 91
10 65
29 94
29 35
23 68
7 72
7 12
8 97
13 35
23 7
6 8
10 92
23 5
7 42
13 49
20 98
17 32
8 13
10 6
16 50
25 10
16 21
12 88
14 56
26 16
22 68
1 40
15 56
4 34
0 17
3 56
9 14
28 73
26 82
12 20
22 82
22 32
10 87
11 30
25 26
16 56
17 56
14 82
19 51
6 96
26 6
13 79
6 36
7 99
30 48
30 83
11 12
2 19
16 87
20 9
7 51
15 99
17 42
28 87
10 6
22 36
26 64
22 70
24 18
21 72
7 91
8 74
12 16
2 34
4 30
18 98
4 38
7 98
7 71
7 47
16 21
18 12
12 11
13 24
13 23
13 42
2 59
25 82
14 68
3 46
5 22
7 77
9 59
29 87
15 66
4 35
28 52
4 66
12 17
18 100
3 64
15 57
30 91
2 66
19 57
6 25
6 94
13 97
0 34
13 71
17 19
16 85
17 19
1 40
10 57
24 81
22 28
12 9
27 89
28 76
22 62
21 68
17 33
29 76
6 35
14 88
8 5
5 9
11 89
26 41
9 75
26 53
7 37
12 26
19 39
27 47
6 1
29 40
13 63
29 62
30 11
12 50
12 78
23 25
14 26
21 15
29 72
15 25
26 54
30 16
29 27
12 68
30 74
28 95
5 47
16 47
3 100
8 99
24 48
14 70
22 76
16 76
7 86
13 5
1 38
22 98
7 29
13 50
9 3
13 62
27 47
30 87
27 23
5 55
29 52
15 8
30 50
9 91
0 73
11 8
20 62
21 6
1 53
10 30
9 78
22 67
9 90
2 25
16 46
13 37
29 99
13 89
29 95
7 95
24 52
30 36
27 52
2 12
0 54
20 44
3 33
5 65
22 12
16 7
9 10
16 98
4 48
5 26
7 43
8 5
11 50
14 26
20 53
27 64
17 35
28 47
8 39
29 55
29 27
26 2
7 47
3 29
0 98
12 34
22 59
13 78
22 91
15 46
11 34
9 87
29 26
28 26
3 68
28 65
29 10
11 21
23 58
26 5
13 35
17 68
18 71
9 92
24 42
18 60
29 49
0 34
1 93
6 74
1 60
5 27
4 67
6 12
20 38
23 64
4 2
24 94
24 100
26 34
4 39
3 66
25 13
26 52
10 47
13 87
0 50
0 84
1 1
21 17
26 85
8 100
29 31
23 27
26 45
24 97
28 22
25 28
14 61
24 8
25 26
25 22
1 72
17 32
27 15
27 57
15 45
8 99
20 65
17 63
26 84
16 1
29 71
20 68
30 85
1 31
1 2
1 18
10 69
30 23
15 49
16 18
13 43
19 90
4 90
10 50
13 11
5 24
23 54
18 58
15 22
23 65
0 6
17 32
17 88
30 46
10 5
16 28
23 52
17 100
21 14
2 32
24 22
8 7
3 37
23 93
21 73
28 80
20 33
3 97
3 80
13 44
24 17
14 79
7 23
14 3
27 25
5 8
14 8
8 94
6 71
21 9
20 99
25 57
14 45
22 29
17 38
20 21
16 59
21 18
11 20
17 97
16 2
26 65
16 76
13 60
14 55
4 52
16 62
16 85
9 70
10 69
3 93
8 59
24 33
28 4
22 66
28 29
2 29
23 34
22 28
29 19
30 56
6 36
2 77
2 90
11 48
30 11
20 26
15 47
5 36
15 55
27 12
16 95
0 17
5 36
1 2
25 83
7 39
24 74
17 17
24 57
28 95
18 59
9 14
11 80
24 59
18 70
25 49
2 65
23 80
3 87
3 14
24 20
12 95
10 57
17 61
7 83
29 24
30 50
23 36
7 66
16 87
30 46
1 41
19 68
2 6
4 87
11 97
0 86
19 80
26 55
22 97
19 91
29 35
7 54
2 21
17 38
18 95
23 27
9 48
14 89
12 3
2 63
20 46
4 44
0 36
7 51
10 60
28 91
2 31
16 34
18 65
0 77
18 70
29 76
1 30
6 49
3 77
5 38
12 64
16 6
4 48
4 55
17 59
8 81
5 55
13 7
26 66
23 48
5 31
8 93
2 98
30 9
19 38
4 44
22 32
19 30
14 61
18 31
10 29
12 90
21 61
10 65
28 78
10 53
20 64
20 9
28 57
24 34
29 81
17 78
1 40
4 12
10 83
1 67
28 68
29 43
12 56
12 90
28 75
18 72
7 8
20 7
3 43
12 40
17 94
7 66
0 86
24 79
6 76
4 73
18 5
17 84
1 93
18 27
2 95
13 29
5 85
16 100
18 52
2 60
9 6
30 66
29 87
25 56
19 63
20 68
24 71
3 30
29 18
21 14
1 89
7 5
16 74
23 40
3 36
10 59
4 64
8 32
29 85
28 59
25 26
19 16
27 25
6 31
30 99
16 51
1 7
29 22
21 77
15 13
2 94
17 59
30 33
14 68
15 32
14 79
26 38
3 75
1 56
24 3
11 45
26 83
6 59
0 95
14 16
19 48
23 24
11 89
28 10
29 73
28 55
14 88
15 80
21 48
11 39
12 84
11 26
13 12
22 8
23 30
29 24
30 27
8 63
3 54
17 97
14 22
19 96
7 53
0 76
10 88
7 100
5 61
24 24
9 55
20 17
25 12
16 88
9 30
6 75
15 30
29 88
0 16
22 66
12 69
1 94
30 72
4 67
29 96
1 95
10 87
10 90
30 63
22 13
6 34
8 69
6 21
11 14
21 34
28 50
8 21
15 1
21 77
2 32
0 22
12 79
17 51
14 93
8 5
30 64
24 67
23 78
29 94
24 85
21 34
5 38
23 68
14 6
8 96
1 4
14 76
4 23
0 55
14 56
21 97
30 5
9 91
24 17
12 92
10 82
30 82
5 47
15 26
28 67
26 76
26 65
22 96
20 42
18 80
21 7
3 90
30 86
21 98
0 36
15 13
12 37
2 66
2 78
7 89
11 12
8 34
7 45
1 98
7 3
14 99
11 82
10 39
19 25
27 90
29 80
4 98
15 10
15 90
0 48
23 85
7 72
13 10
7 84
6 8
17 82
9 39
29 41
19 80
8 95
5 36
12 38
19 83
3 53
22 39
22 87
6 62
8 75
0 76
8 16
28 10
18 8
18 81
3 54
21 62
3 63
12 74
14 78
18 69
17 84
11 2
6 25
13 71
6 22
16 39
20 54
29 69
7 54
6 6
8 37
21 81
6 30
16 83
16 12
28 47
24 1
0 41
11 68
10 93
15 7
28 70
14 92
9 60
28 83
9 79
28 43
17 68
23 83
7 51
14 87
5 52
7 27
15 15
26 64
23 55
29 53
15 62
30 24
10 23
12 38
26 56
29 91
1 63
24 65
16 43
28 74
18 43
3 53
21 35
19 90
17 79
5 16
10 44
23 71
12 81
12 18
22 12
24 43
19 48
0 22
22 39
28 63
17 52
14 16
23 20
30 17
19 44
3 79
7 96
21 57
21 21
16 49
1 4
16 92
19 17
19 11
23 12
22 39
10 100
6 74
13 10
11 39
25 88
7 95
29 85
12 32
26 4
11 17
10 79
23 6
5 75
22 57
21 67
14 69
9 66
12 67
25 29
9 26
28 49
14 60
22 40
16 81
23 8
6 26
7 2
29 47
8 100
6 59
24 9
26 66
12 76
20 86
12 35
22 8
3 69
17 88
16 24
19 88
2 9
15 10
29 52
13 53
17 54
23 86
5 4
2 12
13 63
1 64
15 95
2 36
26 7
7 2
18 97
9 70
28 42
18 22
24 36
9 51
7 67
7 67
29 26
27 81
9 45
0 36
7 40
7 66
14 35
22 83
24 35
17 37
24 51
15 34
13 1
23 92
30 72
28 52
11 46
23 32
0 46
19 65
18 14
1 86
19 58
20 96
30 99
6 71
18 86
4 77
2 80
9 2
5 20
6 28
25 82
6 10
6 97
27 45
15 60
18 5
1 5
30 92
14 12
19 42
13 8
7 24
2 21
14 22
26 85
25 2
18 74
6 85
20 74
8 54
9 31
23 35
13 49
20 36
4 43
22 19
22 51
17 88
2 66
30 48
6 17
29 4
2 92
0 17
22 3
26 29
25 35
0 94
1 36
26 88
28 20
10 83
2 49
7 28
1 100
5 50
3 97
21 87
7 22
0 70
5 14
10 68
23 95
14 94
8 81
5 94
17 29
14 84
19 98
16 65
24 88
14 14
10 23
21 26
7 74
26 27
7 79
19 32
21 85
8 16
15 52
21 82
24 8
5 41
14 32
18 65
25 78
10 41
9 26
5 66
14 16
5 98
18 36
7 27
20 20
19 92
28 72
24 3
3 80
28 13
18 76
11 9
2 83
20 17
4 79
25 25
8 8
1 5
14 25
27 63
3 30
19 25
6 83
26 52
2 41
28 74
9 67
8 9
4 74
1 87
27 56
6 73
5 55
23 27
30 9
9 29
26 97
1 43
16 83
12 62
1 92
16 80
1 41
0 69
5 77
9 20
1 38
29 7
24 78
9 95
3 32
8 54
4 58
8 64
8 33
5 92
2 33
8 96
26 28
24 18
27 83
5 5
18 26
24 67
30 61
12 88
22 12
30 70
30 41
17 48
7 89
9 31
14 48
27 1
2 100
24 5
30 50
5 15
21 85
18 92
7 20
30 44
16 64
14 60
7 80
26 46
0 93
3 16
23 44
14 64
19 59
24 62
16 84
20 6
6 62
26 86
15 62
18 76
10 45
2 53
24 37
8 66
27 42
14 83
30 3
28 87
17 46
14 27
14 96
14 37
1 27
15 45
11 65
9 83
21 43
22 43
26 9
28 98
26 76
27 95
28 53
1 7
27 79
18 35
17 89
6 36
15 48
3 37
21 61
23 81
14 66
9 93
8 30
8 47
5 8
18 58
2 76
7 40
27 27
6 93
28 6
11 76
7 56
2 65
17 8
21 50
12 10
29 70
7 58
1 29
4 40
11 81
7 66
18 45
16 10
0 52
30 13
1 12
27 53
7 34
5 60
16 65
6 37
17 26
30 26
6 91
1 40
10 74
8 29
24 19
5 8
17 21
21 35
2 87
13 95
4 86
5 3
29 11
20 13
21 19
14 14
8 71
24 29
3 33
2 82
19 6
5 42
2 61
12 95
2 51
25 56
14 87
19 100
30 49
26 67
23 31
12 15
2 40
28 26
8 60
22 46
5 28
0 32
29 34
27 34
25 13
30 21
16 82
2 99
13 79
8 87
0 95
1 62
5 43
11 31
9 44
8 98
19 18
24 75
17 63
10 75
10 23
30 4
3 22
27 44
27 35
29 47
9 97
26 13
24 54
12 75
10 94
2 86
24 45
14 20
24 48
3 51
25 47
30 60
15 84
0 98
17 27
5 83
21 100
6 91
6 31
27 19
19 44
12 5
21 12
28 54
15 36
11 31
27 30
6 86
16 6
19 30
18 68
9 79
10 63
16 5
26 14
15 80
12 22
10 87
2 48
2 40
12 97
28 93
30 91
10 5
23 77
22 97
0 9
8 17
27 9
16 76
24 91
2 69
25 1
18 32
8 67
11 95
0 56
3 80
10 2
11 100
28 32
0 26
16 64
6 84
30 78
17 65
0 63
11 90
7 25
8 58
3 58
21 56
24 5
16 69
5 67
19 76
19 34
9 33
28 98
1 15
1 96
30 56
28 31
0 40
7 100
12 38
24 83
2 90
21 8
4 63
17 77
3 6
28 70
23 27
26 65
28 55
0 2
29 81
10 78
5 57
17 6
3 51
18 49
28 90
26 32
17 17
16 10
13 34
3 96
1 64
21 77
1 53
22 8
22 18
20 66
8 39
28 1
0 18
28 72
4 96
1 91
20 34
2 83
28 85
9 66
29 59
6 92
13 73
14 4
4 92
13 81
30 33
4 71
21 56
16 8
11 20
13 90
19 70
27 77
9 85
7 24
27 18
1 97
17 54
3 20
11 33
21 92
1 72
16 97
10 33
4 83
9 17
15 94
2 82
13 64
1 92
25 17
20 64
20 19
19 59
10 36
15 81
0 81
27 29
0 84
26 84
1 92
3 51
6 65
10 94
7 96
29 51
27 7
16 18
19 84
8 18
8 23
17 14
10 88
26 34
20 28
8 51
5 85
27 86
17 41
7 92
22 100
16 41
21 61
3 5
20 99
7 32
1 13
20 48
16 86
14 1
23 32
12 80
9 54
6 5
19 46
0 42
20 84
27 48
10 75
9 100
30 42
7 99
27 96
7 96
30 9
30 90
0 35
21 63
5 72
13 19
7 97
11 39
11 47
6 33
2 54
26 100
6 96
3 32
19 36
24 67
16 94
30 89
22 60
29 54
17 4
27 15
17 34
6 62
2 24
2 52
30 72
15 46
10 65
18 99
16 15
2 72
3 72
24 99
12 9
19 96
10 60
17 36
0 1
25 24
22 41
20 67
30 36
20 64
11 27
1 70
23 16
11 15
2 89
25 43
28 92
21 75
24 52
26 16
19 60
5 56
6 70
27 15
19 86
15 39
28 41
25 47
30 76
22 97
2 16
24 71
5 74
10 80
10 45
2 13
19 48
11 6
10 67
20 37
10 39
22 41
4 10
10 69
25 72
19 8
16 30
7 45
29 9
20 35
28 57
28 32
8 27
9 60
18 36
22 46
1 38
2 7
6 8
5 78
5 76
4 40
13 55
10 91
26 76
4 90
2 91
11 75
11 15
16 38
19 67
26 84
14 48
19 1
30 79
30 50
28 22
9 65
21 23
3 82
4 56
14 91
1 50
10 69
12 60
19 79
20 7
10 36
0 36
25 13
8 66
5 69
17 71
24 94
13 100
25 97
27 38
4 71
16 39
18 12
15 50
20 63
0 75
7 15
9 34
25 59
5 30
4 48
3 24
3 31
29 98
21 56
20 13
1 9
16 91
15 58
4 73
8 57
28 42
0 86
9 12
13 79
21 18
20 94
18 31
20 77
15 25
26 66
29 78
3 34
11 96
27 8
26 26
11 43
17 80
21 61
27 24
19 73
29 44
15 53
23 94
19 20
12 86
5 40
19 88
10 49
2 74
10 77
20 6
25 23
2 67
3 56
23 71
16 49
15 10
10 2
11 79
12 70
6 6
3 6
10 25
20 77
15 70
24 86
9 1
18 85
19 81
30 17
30 4
16 15
22 13
2 29
13 23
7 46
6 76
3 78
24 68
5 84
25 28
19 62
26 70
24 24
8 22
10 7
2 93
23 98
3 54
18 12
8 10
15 74
22 84
11 9
5 96
16 24
0 40
22 4
26 23
25 47
26 22
9 83
10 72
19 88
4 28
16 25
28 30
26 98
19 42
15 60
22 46
13 24
29 15
19 39
29 14
5 54
14 42
23 65
15 53
16 38
12 24
18 2
24 97
26 33
20 87
18 97
26 14
6 87
24 58
8 43
25 42
24 82
26 68
23 62
18 13
12 70
7 35
25 4
21 54
11 65
28 36
22 76
21 59
15 38
7 67
23 62
25 14
24 62
8 27
10 33
6 55
17 1
12 6
23 81
3 100
19 26
7 90
19 11
23 26
24 93
22 43
23 55
23 37
15 26
19 64
25 95
3 79
2 96
13 74
11 96
26 28
23 80
5 80
7 11
27 24
0 69
16 90
3 97
17 88
5 64
1 22
12 42
12 31
27 61
11 36
15 34
25 10
19 92
12 99
11 95
3 15
21 91
8 86
0 33
30 50
28 60
15 2
2 19
3 5
7 81
24 71
7 59
29 83
15 74
8 93
20 56
13 13
12 46
10 1
11 54
22 18
15 39
19 90
23 27
14 49
5 85
22 87
12 50
14 81
7 81
10 57
19 87
14 48
29 82
20 64
18 95
7 54
21 58
24 65
28 22
4 10
11 14
10 53
16 35
12 52
7 27
23 35
4 68
3 56
21 70
11 57
23 70
18 83
0 65
23 88
9 4
20 97
28 19
22 92
24 60
27 86
20 33
26 59
13 91
1 44
19 11
30 28
3 7
23 79
25 43
7 59
13 60
5 41
27 5
2 74
1 15
26 34
28 6
26 100
30 70
11 38
29 42
27 29
13 44
18 24
19 14
5 84
16 92
8 27
11 89
5 79
17 90
19 63
6 99
5 59
17 50
27 35
15 88
16 37
13 48
27 54
21 28
17 16
14 35
25 100
29 76
30 99
17 53
28 31
19 32
25 17
24 66
30 86
2 100
11 52
8 14
6 78
7 73
14 41
0 17
12 60
19 44
21 93
7 10
16 87
17 66
22 41
8 40
9 56
15 90
9 73
1 9
20 29
11 33
25 25
9 95
7 70
7 51
14 28
29 87
14 93
24 52
26 65
13 56
10 27
7 15
21 2
21 38
24 64
4 9
21 22
19 53
22 3
21 89
6 42
25 86
5 47
24 18
15 52
30 65
16 67
1 42
13 71
7 11
18 6
14 93
26 26
17 1
23 63
30 3
10 71
1 73
9 1
19 44
2 84
2 97
10 93
20 14
9 54
18 4
16 41
30 60
11 99
13 20
24 5
6 32
30 84
12 2
26 20
2 43
16 51
3 62
21 53
1 83
5 1
9 26
21 80
27 44
11 19
23 32
6 23
16 56
9 16
22 86
4 8
6 65
8 34
23 68
27 6
26 4
12 65
6 74
19 92
5 53
22 94
22 23
7 98
18 80
21 60
9 82
4 63
13 46
27 24
17 84
16 82
4 100
3 8
13 56
20 8
20 51
11 51
10 99
13 92
8 46
24 51
25 9
28 96
15 32
29 29
2 24
0 16
21 47
14 76
11 57
5 89
7 55
8 62
30 41
0 4
28 66
25 77
28 63
2 24
11 69
15 93
23 30
18 53
3 18
28 9
7 35
11 96
0 65
8 55
22 75
14 39
24 57
23 81
19 35
15 3
23 30
10 78
18 18
26 100
17 36
21 83
2 73
10 10
29 78
29 30
13 50
21 23
29 54
21 55
3 98
19 57
3 23
2 71
9 45
27 56
24 14
18 85
1 58
30 46
6 11
29 28
30 44
9 35
15 82
16 100
10 54
20 72
6 37
22 3
4 48
25 96
10 54
12 72
26 98
12 21
9 5
25 1
5 95
23 24
3 33
20 6
12 43
14 16
8 96
22 82
14 50
12 2
9 1
10 63
17 54
23 39
3 25
16 38
6 8
30 17
26 18
14 2
3 69
9 57
9 43
29 4
16 33
26 96
2 73
13 75
28 13
20 12
8 77
24 60
11 86
19 38
30 27
26 61
2 74
10 41
13 56
29 19
3 7
16 42
19 19
29 34
1 34
14 57
29 88
1 44
29 31
3 67
23 23
2 42
9 15
10 72
8 61
20 24
22 50
20 81
5 20
0 30
4 38
10 86
13 39
4 70
1 93
1 4
3 88
4 71
7 80
4 38
10 13
11 36
4 90
0 22
24 23
23 41
28 37
28 13
27 46
14 73
6 10
28 30
12 3
12 82
20 14
14 26
18 91
23 72
17 94
9 94
14 93
25 9
4 80
21 58
4 95
3 60
16 52
7 7
29 1
3 55
28 73
15 38
20 26
15 50
9 19
24 24
5 36
6 62
20 62
20 13
4 38
28 77
16 13
3 64
19 46
16 51
24 13
8 5
0 34
26 71
4 12
17 52
23 52
3 65
13 14
5 36
6 15
12 47
27 5
13 14
21 46
16 7
4 78
19 51
10 17
4 14
6 88
11 92
2 100
27 19
9 60
19 11
0 4
22 90
25 38
10 77
28 21
21 36
25 39
9 28
6 8
18 23
9 66
26 13
14 13
12 67
22 19
21 86
17 10
3 67
13 86
10 58
3 49
25 10
20 96
13 98
2 48
22 91
25 87
25 83
21 69
5 54
14 32
18 90
13 57
27 35
26 87
12 14
19 84
18 2
23 84
15 100
22 54
27 39
27 38
29 11
17 43
9 92
15 88
19 59
14 73
23 39
28 49
2 64
24 90
3 80
29 78
3 80
19 94
1 77
25 76
4 34
10 24
28 94
1 29
5 50
17 65
13 40
30 81
5 49
21 59
1 56
5 45
3 49
16 7
30 87
3 7
25 79
4 14
18 58
29 92
29 20
22 91
0 33
22 51
4 87
9 76
10 71
15 63
29 37
20 67
17 75
29 52
1 12
0 95
28 39
13 30
28 52
8 42
13 39
14 89
2 10
19 30
11 46
24 57
23 57
6 58
28 77
11 7
14 24
29 59
12 84
29 76
26 12
28 73
17 71
10 6
18 61
25 96
18 96
10 13
4 43
25 45
19 78
25 51
18 38
30 14
25 91
20 81
18 98
29 85
4 63
11 56
9 13
6 11
6 42
17 96
17 94
13 66
1 91
19 57
27 8
6 24
22 16
18 24
17 68
21 56
18 72
20 15
1 71
15 40
22 23
28 94
10 55
0 58
17 70
0 9
25 30
18 55
5 93
25 79
13 8
27 67
7 93
6 35
16 46
18 62
30 50
9 79
18 20
15 33
13 98
24 13
14 35
24 26
15 57
20 24
3 6
1 2
5 18
9 25
25 74
24 2
15 36
8 87
6 52
8 42
16 57
26 44
23 57
12 89
23 16
16 64
22 74
11 55
28 43
19 82
22 51
18 95
24 82
15 24
13 3
21 14
26 89
29 92
14 50
12 98
18 39
11 90
29 84
7 56
24 88
18 61
15 97
20 5
0 5
29 40
20 2
30 33
13 45
0 12
30 37
12 32
17 95
26 2
14 48
2 77
29 43
25 77
17 63
20 46
20 55
26 19
2 75
29 96
12 28
13 58
23 89
16 61
14 42
16 64
5 77
16 16
7 15
23 91
9 63
1 85
17 32
23 72
2 57
18 30
21 5
20 77
17 53
8 38
22 33
16 51
17 54
19 42
4 34
14 27
19 58
29 19
0 75
5 78
0 26
30 10
29 86
7 85
30 31
12 37
16 65
12 62
11 22
12 15
5 76
24 51
28 56
21 75
25 47
17 36
27 45
16 77
30 80
29 51
20 56
8 42
21 22
27 20
2 33
5 31
3 61
4 32
11 78
24 78
11 52
19 24
8 17
8 88
25 98
6 31
6 21
19 48
13 16
0 47
26 16
21 3
2 12
12 36
12 30
13 53
21 55
28 29
2 18
12 14
21 22
21 90
14 18
19 99
23 28
22 4
22 86
23 29
27 95
17 78
17 34
17 24
9 46
28 84
1 5
12 81
29 12
15 29
10 71
3 60
27 76
27 39
26 67
19 15
0 25
26 28
0 10
7 80
16 71
26 54
24 30
27 21
22 48
25 82
25 96
26 21
8 99
19 32
12 80
11 93
13 46
27 86
27 59
7 94
23 83
17 60
11 60
11 82
9 29
22 98
3 41
16 61
10 56
15 16
7 75
15 10
27 56
16 67
30 87
20 64
5 49
14 76
8 19
28 75
8 28
15 67
22 37
9 60
16 73
23 67
15 79
30 38
12 20
10 63
20 80
5 83
30 38
14 84
4 71
6 30
27 26
1 82
1 22
3 73
7 94
21 54
28 87
29 75
4 16
28 21
12 35
6 16
9 21
29 94
27 10
17 9
5 95
11 85
2 6
16 90
1 66
4 37
12 37
25 88
15 18
29 98
12 19
23 65
17 20
17 81
18 60
12 53
15 58
5 90
28 79
12 1
23 67
24 8
6 48
1 27
28 51
9 81
16 21
12 78
29 83
1 57
12 76
20 27
12 24
15 50
12 9
23 62
6 26
11 95
22 44
30 33
15 89
16 68
9 75
6 50
16 6
3 1
24 79
25 46
18 95
12 60
21 50
6 4
0 63
20 94
29 63
15 32
6 61
30 23
19 41
28 50
27 20
10 1
21 43
6 60
6 45
16 7
30 20
28 80
25 28
0 8
17 73
26 93
23 1
7 24
11 56
15 30
19 88
14 33
15 9
19 20
15 73
8 23
18 63
23 59
26 7
7 13
8 41
25 99
28 23
23 12
14 19
3 93
1 10
16 61
25 15
8 77
1 81
21 27
9 62
15 76
26 84
11 54
1 13
3 75
14 53
15 7
19 74
9 48
3 62
9 55
2 31
22 3
20 68
22 44
0 80
28 48
12 56
22 30
16 28
25 83
21 57
23 67
21 58
22 18
30 46
18 31
26 51
20 27
26 3
7 67
3 68
27 49
8 99
2 21
28 47
13 14
10 66
22 46
23 35
23 22
29 42
16 92
19 89
19 2
8 40
21 73
27 46
13 53
21 19
5 35
25 70
1 1
8 57
3 14
9 5
1 34
9 40
19 5
21 14
4 75
28 61
11 33
7 99
18 52
30 78
16 61
0 58
20 47
8 62
18 88
13 5
9 29
26 3
23 97
19 64
7 27
22 27
9 48
8 44
4 83
29 57
21 66
2 35
11 97
28 27
4 58
3 56
13 75
8 63
5 63
5 74
22 20
29 87
29 94
16 65
27 73
17 77
4 67
0 26
17 49
23 74
26 36
2 7
28 79
7 74
27 84
5 57
30 8
25 88
8 90
19 35
20 18
26 68
1 84
22 15
3 70
21 6
6 43
27 39
10 26
12 60
29 45
12 71
28 28
2 21
20 21
12 88
23 3
23 16
27 22
21 55
13 48
0 51
6 7
15 16
29 22
14 84
16 55
28 16
18 23
24 95
19 20
4 85
21 56
18 41
5 64
1 64
15 36
24 78
3 71
12 48
0 83
21 37
28 81
14 49
20 95
8 33
3 83
1 5
27 39
4 54
3 94
12 1
9 30
25 91
1 87
6 37
6 8
0 57
7 100
20 59
22 36
5 55
1 66
0 93
17 6
15 98
6 13
17 26
30 66
16 26
7 10
3 32
4 85
5 87
25 78
14 42
25 17
29 25
24 64
2 94
22 15
21 43
11 57
16 97
17 28
21 82
1 1
14 83
25 47
9 56
26 20
3 37
28 72
5 61
24 93
9 60
20 53
14 9
24 17
29 51
26 89
6 9
9 79
29 28
29 6
17 9
8 50
8 83
8 53
10 53
26 100
11 3
19 79
2 18
11 15
7 77
20 41
25 65
22 58
10 33
0 47
0 45
14 56
6 66
0 49
27 24
7 32
8 26
10 15
3 36
2 26
19 75
18 86
22 13
14 89
6 98
24 66
20 40
4 14
21 8
27 53
5 47
28 83
13 90
17 86
27 41
0 9
1 68
20 22
0 81
28 89
26 5
14 61
18 50
26 94
29 55
14 91
30 11
25 30
28 85
9 31
6 100
24 81
3 22
19 28
22 57
4 31
24 1
0 76
20 18
29 47
9 97
7 82
30 32
8 49
25 37
17 24
1 99
13 16
4 17
29 98
29 90
9 97
28 30
12 2
4 78
29 7
19 66
5 98
14 76
16 14
27 19
14 14
28 18
23 22
28 94
27 2
24 36
9 62
28 65
29 40
18 42
23 64
27 65
26 13
24 96
26 29
11 78
16 37
0 41
8 18
5 56
20 19
17 41
9 36
1 52
16 81
7 45
18 30
1 73
15 99
15 38
8 15
30 23
20 54
12 54
17 44
20 70
28 67
2 81
15 47
2 12
15 33
17 11
2 30
27 24
8 24
12 68
25 59
27 45
8 36
14 33
10 3
19 69
4 63
12 9
2 84
21 54
17 49
7 39
1 78
19 8
11 53
18 65
20 13
10 56
28 73
0 82
20 99
19 16
18 23
12 4
3 53
10 5
2 6
2 38
22 3
2 27
0 1
6 22
8 7
17 59
12 87
0 35
26 34
24 40
15 48
3 72
10 97
27 60
22 57
18 88
3 57
10 96
10 92
4 53
10 28
15 77
3 7
7 5
16 56
5 39
25 36
15 78
1 60
4 32
18 76
6 44
1 80
6 41
19 11
20 94
30 40
21 62
20 26
3 13
16 43
9 27
22 59
29 100
30 17
5 24
17 71
13 33
27 6
8 88
30 98
16 72
8 60
16 70
3 71
8 19
27 6
2 52
24 20
18 69
16 1
13 12
19 70
16 69
22 21
5 82
4 29
9 92
19 38
9 48
1 69
13 84
18 54
3 59
29 21
28 51
18 65
29 16
20 28
11 82
20 85
15 65
11 31
15 79
6 82
4 4
22 29
2 2
14 98
1 81
5 73
8 17
19 98
7 72
0 66
12 87
14 83
15 30
9 15
23 9
0 11
1 60
8 46
1 3
9 25
17 63
11 59
1 94
17 73
28 62
15 23
23 51
2 40
21 68
3 30
2 91
25 18
7 9
22 25
30 36
0 29
26 18
2 71
20 5
13 79
11 3
26 37
23 59
13 79
26 50
8 21
22 71
16 98
5 9
0 30
7 54
13 6
26 26
3 90
14 40
12 96
11 31
17 93
20 90
9 15
5 69
21 54
19 41
6 90
13 12
27 40
22 87
0 16
1 61
8 5
29 66
5 98
24 86
6 77
18 18
25 48
21 73
14 60
15 27
1 100
20 99
17 89
26 17
20 63
11 69
2 13
30 40
10 92
7 83
17 52
22 7
23 49
16 36
15 59
2 43
11 79
4 34
4 30
24 82
21 83
0 25
18 63
12 31
26 92
13 16
14 51
0 77
7 16
10 53
17 27
6 69
1 14
17 19
16 1
29 49
7 55
24 16
7 42
5 26
3 61
11 92
18 48
11 36
20 15
3 60
14 47
4 34
25 23
8 30
12 28
0 32
10 86
24 10
27 89
9 45
5 68
19 38
12 19
17 89
6 97
6 25
16 8
23 51
24 4
20 15
20 17
27 93
27 38
9 17
13 33
4 44
2 13
8 38
12 29
20 76
19 30
9 85
3 13
12 88
6 9
8 47
15 95
19 26
4 5
11 46
24 54
0 50
27 78
28 36
7 64
9 10
6 84
2 51
15 58
30 48
5 6
19 3
26 84
4 72
27 50
17 85
15 2
21 82
27 3
15 81
30 29
6 51
11 73
11 28
0 64
27 7
27 10
7 73
8 80
11 18
30 62
25 71
28 56
7 6
6 22
0 90
16 90
24 86
21 11
1 56
28 8
6 65
29 45
13 91
23 53
23 68
0 100
11 47
15 85
17 83
29 29
24 19
12 7
22 74
8 76
13 56
10 83
27 48
2 26
15 16
16 77
5 17
26 51
10 50
22 92
1 88
20 27
7 5
18 75
16 41
23 64
11 72
14 79
11 17
6 19
27 13
28 60
28 72
7 23
11 71
7 32
2 1
14 68
14 86
15 70
19 52
15 45
21 53
24 42
2 31
24 80
26 55
2 25
18 42
14 32
25 11
12 87
10 8
18 70
30 31
12 97
14 7
6 48
24 35
4 97
19 15
14 60
15 17
8 30
10 91
22 50
10 10
29 36
29 94
29 84
15 8
1 31
26 79
8 33
11 60
4 50
30 100
2 53
16 31
29 14
25 10
4 1
0 34
18 91
1 56
14 38
27 29
4 49
15 59
27 6
29 75
9 8
0 98
30 78
6 74
27 67
4 89
14 90
23 37
17 49
8 16
16 53
10 74
15 80
9 94
23 57
0 57
2 61
23 53
6 38
2 49
5 1
26 74
11 15
18 74
6 66
10 58
5 94
4 59
16 50
23 44
2 42
14 47
4 22
10 23
20 94
7 20
23 48
5 99
22 100
30 75
4 23
6 25
6 73
7 86
9 93
21 41
30 40
6 68
8 57
16 92
21 75
30 66
13 58
12 11
14 39
18 3
15 51
17 93
22 61
23 16
10 17
29 92
4 41
18 97
3 23
24 10
25 2
15 49
17 54
16 80
30 81
11 98
11 59
16 10
16 82
28 71
11 78
27 61
4 40
12 4
29 29
27 64
1 63
12 76
27 94
25 14
26 90
22 66
16 100
14 9
21 62
9 46
30 97
6 3
6 2
7 98
5 30
13 5
22 86
16 22
11 66
27 16
4 80
27 13
20 48
6 3
8 30
11 51
0 96
17 16
9 7
6 15
29 40
2 57
26 68
0 22
13 82
12 43
11 39
6 5
19 33
5 60
16 58
27 32
12 46
26 90
22 94
25 24
1 76
1 17
29 86
28 64
17 80
19 98
13 5
1 81
9 97
19 57
8 43
11 11
23 45
19 23
18 23
17 85
8 38
13 97
8 73
18 77
2 54
16 68
8 14
20 67
6 93
11 32
27 46
24 94
25 66
5 11
7 18
29 6
12 70
25 74
5 80
12 8
23 2
22 46
15 32
21 81
17 13
5 7
23 81
18 71
16 93
16 42
16 46
15 49
1 18
28 60
22 63
1 36
27 42
2 23
18 100
5 44
26 91
16 7
22 93
5 88
18 84
28 72
27 93
7 53
12 10
5 4
30 59
28 69
19 10
19 57
17 42
3 29
4 63
25 50
18 90
26 91
13 91
29 1
6 12
23 46
28 92
15 25
28 83
0 35
27 74
22 67
2 73
0 79
9 31
8 4
18 75
10 79
26 67
2 96
26 72
9 36
21 94
23 81
18 8
30 30
21 46
28 21
28 85
16 11
15 45
29 46
13 64
3 35
21 18
22 74
21 45
10 58
11 88
18 16
15 91
21 4
28 63
13 68
18 47
26 66
11 69
14 57
24 46
26 30
12 89
6 99
25 88
21 78
9 96
13 100
20 17
23 59
4 1
29 51
13 77
3 20
30 88
9 41
5 93
17 59
12 45
21 93
24 29
10 45
26 60
2 40
29 9
15 78
16 78
8 97
10 1
11 77
9 69
0 88
2 30
5 37
26 64
1 74
10 77
19 32
17 39
16 32
5 89
0 92
8 59
7 76
26 73
16 34
16 68
19 3
9 78
14 49
16 96
30 77
2 13
28 80
7 25
13 78
25 11
0 90
19 76
20 54
27 20
4 84
20 54
5 100
20 90
18 9
26 73
8 56
11 48
17 97
7 5
8 85
28 36
18 66
2 19
6 20
10 29
30 42
22 80
21 42
14 11
17 74
30 38
20 18
13 76
28 69
22 38
17 38
18 34
28 15
29 68
4 36
15 98
4 21
12 17
0 11
11 87
22 42
16 38
16 81
8 30
28 58
4 70
9 71
13 33
12 90
9 15
23 98
28 63
5 44
17 3
5 62
6 59
20 21
3 63
20 64
1 10
14 93
18 61
15 59
16 88
10 66
28 91
26 49
21 47
15 98
0 52
27 75
21 23
27 38
27 25
23 74
2 63
13 30
12 74
28 84
8 97
10 39
24 70
4 34
8 97
3 94
4 21
26 59
9 36
8 93
6 7
11 58
23 85
13 66
0 7
11 43
12 76
21 33
13 28
3 60
5 34
12 76
26 66
8 5
20 52
13 93
3 70
28 47
9 6
13 11
20 50
29 77
30 7
23 38
28 22
7 77
16 93
0 70
9 54
21 2
21 16
2 32
13 78
5 48
2 17
3 28
18 88
7 52
15 86
5 6
23 90
12 81
22 7
15 12
18 57
21 22
24 100
23 76
2 96
29 63
30 21
11 56
18 14
16 34
0 23
2 78
21 81
6 14
22 15
23 6
0 75
5 4
13 56
15 87
27 30
1 27
5 59
9 89
18 33
26 72
13 95
21 53
21 59
0 11
24 60
9 55
7 6
13 58
15 74
6 97
19 67
19 7
3 34
16 11
27 53
28 18
21 99
5 62
7 51
0 26
1 6
24 14
23 17
11 94
1 91
10 54
23 55
9 37
12 60
25 82
14 56
29 92
21 83
13 85
7 44
25 99
16 85
4 91
14 17
10 75
23 71
5 12
19 2
4 16
10 20
25 8
2 17
11 76
16 32
1 61
22 3
30 48
7 46
2 22
23 17
14 91
21 5
24 38
26 48
4 3
25 26
15 11
3 93
4 41
3 70
9 53
8 40
11 27
24 39
22 57
20 75
11 47
21 69
14 33
17 38
7 1
7 46
11 27
30 83
5 6
30 21
19 67
20 69
18 72
13 12
26 67
5 50
3 97
23 78
9 53
2 100
17 76
1 94
19 81
29 26
22 14
18 40
22 56
13 11
17 9
28 51
3 96
23 48
13 99
29 93
13 64
2 94
1 41
9 97
11 14
22 43
9 86
23 67
26 78
25 76
9 69
6 44
21 91
21 2
23 55
7 47
12 46
11 10
9 61
2 95
15 67
18 95
10 8
7 58
2 23
19 62
21 56
10 10
0 76
27 73
25 51
28 47
29 52
29 25
14 95
16 44
8 39
29 71
21 36
13 43
4 98
10 89
8 60
22 100
2 9
0 42
27 73
12 8
12 38
18 3
29 95
8 76
14 79
6 29
28 50
14 56
7 69
20 82
7 95
20 40
12 91
1 82
11 45
17 10
25 95
14 53
26 9
9 3
23 30
2 91
17 100
9 39
1 16
0 99
1 49
7 41
18 73
9 17
6 85
22 16
3 82
18 43
22 10
19 24
27 85
28 59
2 61
17 67
28 17
12 90
5 27
24 50
4 42
27 34
24 28
14 45
21 59
27 90
18 14
0 84
6 24
20 98
20 56
14 10
16 71
27 64
1 52
12 60
19 60
8 6
23 5
9 29
8 8
26 33
1 34
7 35
15 81
25 88
19 82
14 17
8 42
4 32
25 75
10 62
11 90
17 38
8 3
20 49
5 27
7 45
4 69
15 53
1 60
16 11
21 3
9 39
30 60
10 75
27 18
5 15
13 11
18 21
27 91
20 34
9 50
3 86
26 79
21 44
2 23
4 51
16 84
2 94
13 11
1 40
6 37
6 70
25 74
2 48
10 67
7 71
0 23
9 45
19 61
1 65
7 91
24 87
8 93
10 49
28 97
1 10
17 89
3 89
25 48
29 59
29 78
19 29
2 99
0 45
18 8
17 23
25 82
0 31
30 7
11 84
17 54
8 85
17 11
0 18
16 79
25 46
3 89
4 72
23 47
24 83
29 14
13 57
19 55
0 44
29 78
5 21
7 9
13 66
15 7
2 54
8 66
30 79
1 1
22 18
22 38
9 6
29 81
16 29
5 63
13 26
14 89
15 64
28 23
15 29
29 53
2 68
22 53
5 70
6 80
7 10
4 81
27 37
2 14
10 85
11 28
2 16
5 5
10 98
25 27
9 15
15 98
13 56
2 87
10 17
22 82
18 64
13 83
4 90
13 26
18 100
30 49
10 30
12 29
0 18
17 42
19 65
29 3
7 44
24 74
11 36
18 63
15 14
28 23
21 59
10 82
11 30
18 91
23 41
8 100
28 78
12 29
17 10
25 72
22 94
24 57
30 84
22 26
4 83
23 72
26 79
12 86
27 22
9 27
17 19
14 91
5 43
19 23
29 1
15 96
0 43
29 34
5 35
17 50
29 39
22 62
8 93
15 95
23 43
0 65
20 45
17 80
24 8
21 72
5 1
0 79
19 42
24 100
28 22
9 99
12 19
2 9
26 72
10 53
12 76
29 31
5 82
23 27
24 57
18 16
9 51
7 98
24 54
2 75
30 2
14 31
29 96
9 88
3 53
23 19
16 4
8 62
6 29
15 33
9 95
7 85
27 87
4 91
26 60
20 30
17 75
9 16
14 83
25 5
11 89
6 51
27 11
16 85
3 48
5 98
19 63
0 56
27 20
0 45
7 71
1 41
3 94
7 81
4 37
16 92
1 33
3 68
21 94
27 66
7 92
3 72
24 26
26 35
9 37
5 46
28 72
8 97
1 43
17 25
27 87
18 70
19 27
13 100
22 14
18 22
4 92
9 82
16 24
7 9
6 18
10 43
16 64
21 50
18 25
22 11
23 89
29 9
25 71
15 75
25 20
29 51
16 100
23 78
25 80
23 54
30 38
18 61
17 16
3 44
21 85
22 77
6 50
15 80
20 14
0 3
8 59
27 4
24 62
18 46
29 70
21 52
13 62
17 11
8 21
27 62
13 15
10 61
12 14
2 23
15 67
29 49
30 53
21 74
18 60
29 45
12 47
25 71
16 54
1 97
4 54
10 78
17 17
4 40
9 77
6 24
16 14
26 15
13 94
19 95
11 64
7 2
18 79
7 39
23 59
28 68
14 87
10 18
2 32
19 16
13 59
22 83
28 22
4 58
18 34
13 9
20 97
25 72
23 42
11 86
27 34
20 35
17 31
1 29
15 83
16 53
24 11
14 41
25 23
11 37
26 60
29 58
9 90
7 23
21 13
7 21
29 42
19 64
5 88
1 73
20 85
0 49
4 17
22 35
27 26
27 12
8 44
29 73
11 48
15 60
27 79
8 16
3 6
22 98
5 62
16 59
5 14
1 50
0 94
19 66
16 27
30 93
10 59
15 57
20 54
11 77
0 2
20 48
8 78
24 8
13 21
30 62
28 96
0 86
11 99
23 94
23 85
11 85
5 63
27 72
5 99
3 31
11 76
24 3
0 61
15 63
29 77
24 8
19 41
16 83
23 98
19 36
17 82
19 25
27 57
12 3
0 5
20 30
3 85
10 86
25 33
18 66
30 17
27 93
8 69
16 35
22 26
25 56
21 72
20 37
22 66
4 93
4 62
29 51
26 7
1 35
7 92
0 35
29 74
11 76
25 92
8 48
28 3
12 65
13 23
15 72
25 35
12 79
12 19
27 24
13 46
21 70
4 75
6 67
23 17
29 91
10 14
26 100
14 59
18 21
14 48
28 10
29 14
22 81
23 45
16 9
19 22
29 41
8 26
21 89
7 81
2 69
9 3
11 3
26 99
17 88
22 83
23 81
18 83
29 45
8 74
10 8
6 87
7 51
13 47
15 8
9 20
6 2
7 45
12 92
11 38
1 84
10 78
6 44
13 19
8 40
14 36
19 77
0 61
3 57
10 93
23 4
11 83
7 53
2 76
20 10
5 21
1 38
9 29
4 33
5 43
2 1
8 98
30 64
23 75
21 49
20 70
14 56
10 21
29 37
25 41
30 97
12 22
0 18
22 24
7 32
6 71
6 88
19 35
22 67
15 38
3 33
21 54
22 23
8 61
23 76
3 86
6 60
17 100
8 62
2 29
11 97
4 21
5 53
0 34
17 74
1 75
0 58
2 88
9 21
12 98
4 43
2 15
12 58
29 21
11 51
29 28
15 72
26 8
18 31
7 90
7 83
30 23
20 57
20 44
4 64
1 15
10 48
27 14
18 79
7 48
19 12
12 64
24 11
11 74
19 26
17 2
9 67
16 19
11 91
17 4
27 24
5 97
30 94
7 46
0 69
4 74
0 76
19 89
8 67
15 51
13 67
11 55
17 99
9 25
15 91
27 83
5 94
22 49
10 51
19 59
12 87
1 90
7 71
12 48
8 68
29 48
30 6
24 53
26 39
16 17
21 56
5 48
20 55
13 18
1 88
19 38
19 28
25 94
4 15
18 19
30 82
8 29
23 53
16 29
16 19
24 98
27 8
12 82
30 32
26 66
9 24
9 52
1 35
21 95
7 14
6 9
6 92
0 43
10 13
21 12
22 92
6 25
29 48
6 74
30 26
2 89
30 11
23 17
26 49
0 39
3 5
10 10
8 27
9 26
19 18
19 97
6 54
30 22
2 71
4 48
15 97
1 72
27 70
29 4
14 86
12 17
2 2
24 51
11 11
2 7
8 83
23 95
15 63
30 63
11 85
2 88
0 6
16 6
10 73
2 49
5 40
3 51
19 35
24 62
12 60
5 54
7 87
2 55
21 42
30 6
12 20
0 66
23 23
12 26
26 93
0 46
29 68
5 35
8 4
0 28
28 70
16 86
1 92
21 93
24 54
10 28
29 58
24 91
19 84
13 63
27 26
13 88
20 71
30 66
28 74
5 59
19 65
9 80
17 61
19 6
3 96
10 81
13 90
19 2
4 51
7 79
19 72
30 77
6 58
13 36
27 68
21 65
1 36
20 90
15 44
20 67
25 52
8 17
16 21
29 93
25 94
12 85
8 48
30 5
16 30
0 34
4 15
15 81
4 53
21 6
6 50
17 85
14 61
1 39
3 80
19 36
12 62
19 97
11 78
11 97
14 49
15 44
6 11
8 67
18 22
4 47
29 86
15 22
15 53
30 6
11 91
0 7
12 77
23 60
2 61
3 18
14 87
28 78
18 82
12 4
24 58
12 85
26 100
10 81
15 39
24 22
11 72
20 62
8 99
27 66
20 81
6 86
15 27
26 37
13 1
21 50
7 26
4 95
9 23
7 84
1 86
25 56
1 92
10 30
18 52
24 94
11 62
13 17
25 11
23 81
11 31
8 5
13 75
12 28
10 58
30 46
20 40
28 13
2 8
28 61
2 18
3 91
25 5
22 53
26 96
12 13
12 27
6 7
25 8
5 67
15 46
26 47
15 72
21 50
14 97
13 69
29 83
20 14
12 26
26 5
30 70
24 19
25 82
6 5
11 27
18 81
11 11
8 43
27 17
5 14
13 29
14 51
26 81
24 32
29 41
3 77
4 93
13 84
18 26
14 26
13 93
11 46
22 95
22 93
6 17
14 54
18 59
26 67
3 33
18 31
21 44
0 80
24 15
8 2
30 6
30 78
2 85
23 55
15 90
8 21
7 61
7 2
6 25
15 26
21 18
30 30
27 25
16 2
26 43
11 68
29 8
5 83
18 31
7 82
23 28
16 63
18 81
29 34
7 37
5 39
0 70
14 35
4 96
28 84
8 61
18 6
20 16
15 61
15 93
26 18
29 2
6 87
26 35
17 40
3 77
22 50
5 60
15 79
22 21
17 26
2 79
20 65
1 70
22 38
30 86
4 72
20 76
23 31
18 92
13 31
29 73
24 62
28 39
0 61
5 34
27 69
6 61
3 19
22 30
29 41
14 69
16 15
2 31
1 1
9 10
8 32
0 40
10 62
7 26
25 35
22 29
2 44
5 39
18 18
29 44
1 81
17 18
4 47
10 19
24 38
21 35
25 3
3 33
15 74
29 14
10 13
9 15
26 94
9 89
0 23
13 61
24 32
14 48
28 18
13 26
13 26
22 62
8 46
2 64
9 79
17 12
16 41
15 53
6 48
20 80
12 18
0 51
2 13
22 25
13 89
19 11
11 45
12 28
25 37
11 18
28 55
13 79
6 85
23 55
15 52
19 62
26 29
28 65
9 85
26 77
19 23
18 6
4 75
4 70
1 17
12 98
5 26
27 21
12 56
28 76
12 93
12 2
9 90
4 44
1 2
15 41
16 60
28 43
1 30
12 84
2 77
2 87
21 52
18 71
5 57
7 19
11 19
6 66
4 20
19 55
17 68
22 84
4 57
21 83
16 39
7 52
7 67
1 63
9 100
9 18
0 44
28 29
20 52
28 42
10 90
2 6
9 81
20 94
17 52
11 17
18 24
7 17
14 76
16 59
16 37
7 70
11 39
18 55
28 35
22 60
20 58
24 57
20 48
3 20
14 41
29 29
22 11
20 87
23 26
26 45
8 68
6 38
5 15
7 36
10 48
10 53
17 3
12 77
7 27
30 28
21 23
24 57
17 10
30 77
11 46
5 16
10 77
28 60
4 65
0 5
27 51
27 71
26 22
1 15
20 23
2 28
2 36
16 62
2 79
5 75
3 85
29 60
28 9
13 85
25 42
3 30
19 36
12 57
23 28
28 1
16 78
14 74
16 39
27 73
6 55
6 21
29 95
9 53
19 97
30 99
2 62
8 6
26 46
1 28
20 47
24 46
24 91
9 6
20 31
5 96
9 71
21 9
2 13
19 64
1 6
7 85
28 36
25 94
3 49
12 23
20 38
1 27
8 11
25 4
18 62
30 89
0 87
11 19
4 56
24 26
2 54
19 58
30 49
16 9
14 55
7 92
30 62
12 36
29 63
8 92
27 88
8 48
10 70
16 64
5 49
5 77
30 61
26 78
4 98
3 74
1 39
26 55
22 32
0 73
16 96
9 88
1 85
15 65
15 91
6 44
20 9
16 63
17 38
26 24
22 44
10 72
19 10
21 67
11 9
10 41
17 67
30 18
23 42
0 52
9 37
25 44
17 1
14 20
11 34
0 51
28 62
4 24
1 20
14 99
24 38
11 99
12 85
5 16
21 31
13 31
13 88
25 83
3 58
29 13
12 23
19 76
20 3
21 22
0 73
10 47
27 81
17 56
2 50
19 74
15 40
5 51
7 71
23 57
14 80
16 35
1 99
5 93
26 47
10 16
9 83
8 14
14 67
1 48
17 45
13 43
27 42
5 2
19 53
4 43
3 17
18 80
0 66
19 28
12 70
12 30
20 72
5 49
1 42
17 83
26 16
28 90
27 86
30 93
11 6
4 66
20 74
12 49
5 72
15 19
3 79
22 68
18 1
20 33
14 61
21 19
5 65
8 29
11 11
20 75
12 27
15 71
27 45
16 80
19 63
6 99
3 97
22 66
18 49
16 54
13 9
30 8
15 6
21 81
19 94
28 9
2 84
14 49
7 44
15 55
14 38
14 84
12 19
19 81
8 63
5 18
2 2
21 26
25 21
0 20
16 62
29 54
5 27
5 13
28 71
10 96
6 20
20 1
26 76
27 56
19 9
25 44
19 92
6 89
22 56
22 65
18 43
21 14
8 41
16 26
6 98
29 100
14 69
7 54
8 5
20 29
11 52
12 52
0 76
8 41
12 97
25 99
16 43
10 84
22 79
6 13
0 79
16 30
17 58
11 60
15 35
10 39
30 64
2 8
25 11
0 90
28 39
28 75
1 99
4 82
19 52
9 94
17 37
7 91
20 84
26 57
2 18
23 51
13 53
18 97
26 4
7 74
18 51
29 70
21 24
19 91
7 39
12 2
3 50
10 55
12 85
15 45
21 67
24 25
17 69
3 93
0 3
22 66
2 76
17 76
9 44
15 8
7 89
20 20
30 65
20 97
5 7
15 22
8 79
20 69
24 31
28 6
6 96
24 72
30 12
29 61
6 88
1 65
13 60
27 82
10 36
11 78
24 49
1 65
21 96
23 49
24 92
24 53
12 47
6 7
30 62
3 55
28 100
30 57
21 52
24 15
26 72
13 33
12 61
14 89
25 45
15 47
10 7
27 67
22 45
16 69
9 71
5 34
23 16
28 32
8 30
8 83
27 82
0 27
4 28
13 40
10 42
13 5
27 48
25 10
16 36
24 56
6 15
7 96
16 66
2 12
25 1
21 67
13 80
29 88
5 94
16 33
16 78
11 100
15 83
28 55
7 98
2 97
0 74
21 43
12 26
12 14
14 27
24 33
30 69
0 53
1 86
22 78
11 5
11 7
15 65
12 46
8 67
9 28
30 24
29 63
1 45
24 43
8 32
19 2
17 2
30 72
27 66
8 44
3 75
23 57
23 69
10 59
12 38
7 38
23 90
29 36
12 35
19 57
29 45
21 72
22 80
2 12
8 44
25 60
1 52
7 21
11 46
6 57
5 47
22 31
3 82
3 56
17 94
15 70
9 84
1 32
28 21
29 80
8 96
18 48
28 16
2 49
2 19
17 21
27 19
7 24
13 51
13 9
29 62
16 64
25 96
26 63
25 34
13 71
25 61
18 7
19 65
23 88
25 45
29 86
3 17
26 24
19 92
9 94
14 72
29 66
24 22
3 93
2 95
14 89
29 39
28 61
6 92
7 8
21 89
16 28
5 81
6 5
4 48
20 51
13 88
17 54
3 40
27 52
26 34
5 55
6 10
8 41
21 82
11 51
6 56
4 22
10 53
1 30
6 83
15 42
1 71
9 12
7 44
30 11
23 99
7 53
22 18
23 1
13 25
28 16
10 100
29 27
29 12
0 77
28 46
19 49
26 89
11 47
20 69
24 12
2 47
23 1
13 78
10 53
15 7
1 97
0 86
18 4
3 4
30 61
0 64
22 99
1 57
13 53
13 96
13 84
22 11
18 13
5 15
8 16
17 71
6 81
18 95
2 21
26 49
13 78
19 81
13 35
5 69
25 50
19 26
19 7
20 13
17 82
24 19
1 12
26 21
30 31
8 76
11 64
14 19
20 40
29 36
8 97
4 97
7 37
26 4
26 49
23 13
10 69
10 25
4 60
22 56
27 23
2 31
27 2
16 84
29 35
1 8
10 65
14 94
4 97
0 50
2 68
6 48
1 44
28 18
18 4
14 30
27 30
11 79
11 83
27 99
27 94
15 77
16 29
9 96
19 85
23 24
19 95
17 98
7 30
22 54
12 13
6 17
14 47
23 93
7 40
22 39
16 94
26 90
18 23
17 23
15 43
13 35
4 57
25 93
10 56
4 92
3 97
4 68
25 45
10 94
29 43
16 44
1 73
23 16
22 12
5 76
26 76
11 31
27 74
20 93
23 98
24 73
20 75
20 54
4 75
7 1
30 27
1 40
26 78
4 86
1 37
25 35
24 15
4 72
1 47
29 39
26 54
3 79
21 76
3 10
2 80
0 94
6 25
0 21
27 75
5 52
28 63
13 29
19 51
20 33
26 71
28 100
2 48
2 65
15 64
26 18
28 75
0 30
17 34
12 54
2 13
27 82
11 70
5 99
5 66
23 26
12 40
25 23
17 31
19 25
4 69
5 26
14 5
0 10
1 23
1 79
26 33
6 18
3 52
19 43
14 28
6 5
18 97
9 100
27 26
25 72
27 95
2 16
9 29
10 87
26 1
11 22
5 86
25 12
24 76
13 74
7 13
5 70
30 32
25 94
5 43
5 50
0 16
27 95
23 12
15 30
16 95
27 9
3 43
23 71
30 66
25 87
12 86
18 74
18 67
28 40
25 5
2 64
30 15
15 71
14 90
22 37
23 18
23 43
13 38
9 51
29 37
23 33
5 59
2 62
13 79
3 10
30 26
5 98
1 86
25 36
6 98
7 95
10 69
15 64
7 32
23 80
16 51
10 23
14 10
19 76
12 64
25 42
16 11
6 19
3 52
1 68
26 23
24 76
23 98
20 11
19 56
2 56
16 5
8 51
15 40
8 97
12 91
20 52
20 48
20 73
8 16
10 84
19 43
6 34
5 44
28 52
17 99
22 65
15 88
12 6
14 74
2 9
13 45
28 62
12 73
29 62
10 18
26 26
29 30
3 29
28 1
17 35
17 17
28 93
0 22
27 75
11 98
0 32
18 67
30 42
20 80
5 30
25 13
18 50
23 84
3 23
5 63
22 99
24 74
26 75
14 55
1 41
21 31
19 69
27 31
1 9
24 89
17 97
9 38
21 32
4 3
24 8
9 38
24 63
14 88
21 82
16 49
23 72
28 32
1 97
29 59
10 99
10 82
8 45
9 29
7 19
16 89
20 6
11 87
18 25
23 85
3 50
22 5
22 79
2 99
4 80
19 60
24 82
28 15
26 65
0 59
30 75
10 93
21 86
4 8
23 86
14 92
24 33
25 64
7 33
11 20
7 75
21 82
17 100
27 9
27 76
12 19
25 65
26 43
16 61
10 25
1 47
0 7
28 62
12 63
24 69
17 66
7 85
30 12
16 73
6 70
8 58
30 11
15 62
21 56
2 28
12 96
0 12
11 43
29 95
27 69
7 23
0 12
1 23
29 97
15 90
29 27
7 12
21 48
7 25
21 93
19 99
30 3
14 37
5 63
18 71
7 92
23 10
17 21
30 78
21 7
1 47
29 85
0 82
6 57
5 76
25 9
25 98
6 64
5 14
18 98
8 7
17 95
18 96
9 9
9 14
21 56
2 33
27 7
13 10
8 59
27 65
3 26
21 6
17 43
29 70
22 17
7 87
15 48
15 50
16 3
28 16
20 85
11 47
8 55
11 62
23 80
0 59
23 81
7 7
27 89
19 29
25 43
21 55
29 24
28 91
15 80
22 18
26 99
8 1
18 90
2 50
24 52
4 91
26 58
23 62
11 91
18 87
5 64
3 100
15 18
30 63
30 59
30 43
28 68
22 17
20 74
3 72
8 95
19 54
16 43
0 98
4 94
18 98
7 85
25 26
23 59
11 44
4 5
22 50
20 82
21 65
19 21
2 51
10 50
30 20
16 88
28 17
29 62
0 99
8 69
9 56
7 6
5 23
12 45
5 1
14 12
13 52
26 84
2 84
5 8
14 35
26 72
22 24
3 50
9 20
3 98
18 70
6 17
8 7
14 47
13 48
7 48
30 77
22 12
5 29
19 69
11 66
30 99
7 31
4 23
5 76
3 96
20 40
8 64
11 10
14 47
10 82
21 73
30 20
0 86
19 56
17 97
1 39
15 35
24 86
23 50
8 28
17 40
6 90
14 33
21 47
1 70
8 10
10 88
19 1
18 28
28 3
28 94
27 95
12 61
29 2
14 32
20 96
26 72
13 56
20 15
19 87
4 42
17 59
16 51
26 75
23 28
22 98
15 91
4 71
10 88
2 69
1 71
6 47
11 25
19 21
26 76
26 58
5 66
30 81
3 10
13 100
8 90
2 32
27 18
5 67
10 78
19 39
2 81
4 17
15 27
25 92
13 3
0 17
22 61
24 42
25 72
0 79
21 63
27 73
11 36
1 61
2 10
14 36
11 43
2 53
25 16
28 91
15 96
14 91
29 7
17 42
24 52
6 41
24 91
5 9
17 57
20 42
7 43
4 61
11 55
14 54
16 50
23 13
3 19
17 50
0 4
20 21
9 24
10 52
10 58
27 4
6 58
3 28
3 48
14 5
18 75
17 70
18 5
10 79
0 77
29 59
26 94
9 27
3 20
10 16
27 41
29 27
24 94
24 4
21 34
27 29
14 65
9 40
27 11
21 75
25 83
22 34
23 83
1 59
19 21
16 66
12 41
23 3
4 65
27 100
7 98
4 15
13 24
13 66
1 41
28 83
1 54
8 36
4 34
1 82
5 11
28 83
27 1
30 63
5 20
17 24
6 19
27 81
20 42
27 32
2 36
12 83
23 10
18 84
6 13
5 45
30 59
13 60
30 82
7 97
22 66
0 11
26 99
17 47
3 99
26 98
20 46
21 75
30 79
26 48
16 100
15 13
1 29
23 45
19 72
14 33
1 85
0 52
10 95
29 64
3 2
6 3
22 75
12 94
21 28
0 98
5 84
0 16
16 20
7 21
1 50
4 3
11 13
28 28
8 1
14 10
24 4
9 30
30 36
11 47
16 58
9 39
23 42
0 78
2 89
10 36
28 66
0 92
5 74
10 20
28 53
5 26
29 16
17 72
24 62
9 82
11 1
14 72
3 51
11 63
25 30
11 8
30 27
4 27
28 39
9 11
28 4
19 39
15 11
15 65
1 77
16 72
23 15
18 80
15 88
20 31
4 100
7 3
6 28
17 50
10 50
18 18
22 1
13 64
6 100
23 4
15 22
2 49
10 73
1 48
11 89
8 96
23 51
5 100
5 61
26 46
29 5
21 19
19 77
26 16
6 60
28 93
3 7
20 31
2 41
7 9
18 66
3 43
12 55
15 51
2 16
18 36
6 53
5 34
24 89
18 84
24 51
12 9
6 13
26 62
28 3
15 54
16 25
27 22
24 62
18 58
9 73
18 31
20 69
16 99
23 45
21 99
8 64
23 38
9 93
9 100
6 10
6 30
9 50
23 30
28 67
21 32
9 39
13 26
19 55
19 13
29 40
20 31
6 71
25 59
26 5
22 43
30 84
24 84
23 41
5 91
16 86
30 82
10 46
10 29
13 38
4 17
27 10
21 54
4 64
18 94
30 9
23 52
3 64
9 54
18 18
3 26
6 38
29 74
21 79
8 4
4 10
11 86
30 6
6 49
5 66
19 6
18 15
11 33
10 38
6 97
16 46
13 45
4 13
17 33
0 34
18 65
13 80
11 38
24 7
17 6
27 77
29 71
17 92
18 8
1 66
19 72
8 23
28 78
30 46
6 18
30 89
1 15
13 7
15 98
16 49
13 80
6 98
19 24
9 44
25 19
22 45
18 57
0 91
28 33
27 52
14 68
17 51
12 26
25 5
0 70
16 39
29 95
11 90
23 88
8 98
9 72
30 26
27 88
16 3
19 26
15 45
10 24
29 85
21 48
18 69
24 14
29 60
12 95
8 36
5 92
30 2
19 95
12 9
1 94
9 53
7 10
26 40
6 97
0 5
2 30
3 49
27 38
19 18
13 74
14 41
7 31
21 92
6 18
25 42
21 47
20 32
1 8
0 70
20 78
22 46
30 82
15 78
6 20
1 28
12 21
14 37
14 3
4 97
4 26
19 66
21 24
22 68
5 2
0 74
10 54
7 38
30 72
23 65
29 87
17 34
20 30
9 67
24 97
25 71
13 27
24 48
24 13
8 47
19 55
1 36
24 81
29 41
8 7
22 27
12 20
29 7
3 65
12 70
6 43
16 41
29 42
21 2
19 66
17 51
5 18
2 22
1 46
1 19
22 50
3 76
11 22
8 79
4 94
20 14
16 80
25 27
5 10
15 53
21 34
23 71
3 95
15 75
20 96
3 45
10 1
18 88
28 66
30 42
11 56
12 99
1 23
16 11
21 87
10 78
6 15
10 7
11 59
11 40
11 98
2 13
18 12
16 69
20 90
23 89
1 33
25 21
22 39
11 37
5 24
30 31
9 94
12 32
6 64
17 38
15 4
5 70
5 93
15 35
29 82
27 41
19 89
23 94
22 42
10 53
22 100
29 66
4 17
0 57
10 60
9 77
25 32
24 51
21 88
9 33
30 67
15 84
22 51
29 13
5 39
3 21
25 82
30 38
11 3
3 56
27 43
20 77
15 16
6 41
16 58
23 20
13 94
10 59
13 14
18 35
21 91
20 83
24 50
29 37
14 32
14 43
21 89
13 98
4 81
3 32
14 34
25 3
18 1
28 89
9 6
30 69
6 60
30 97
18 84
28 67
3 54
25 26
21 76
21 22
2 11
23 90
17 61
15 18
3 56
16 17
7 3
5 31
3 53
26 25
23 61
24 75
14 54
21 42
23 40
29 37
20 62
21 54
9 88
15 27
11 34
8 71
13 11
0 85
9 19
30 39
10 72
5 43
24 74
7 42
3 98
18 96
15 97
19 26
8 72
9 87
21 61
10 62
29 12
6 4
28 22
25 47
17 8
16 23
27 27
10 57
18 99
8 1
10 87
25 70
17 65
7 92
8 16
11 61
10 66
1 83
14 26
30 82
30 7
27 27
14 87
5 2
27 7
17 53
28 97
26 91
21 6
22 36
19 53
14 98
9 6
5 95
9 77
13 96
2 91
29 64
28 8
24 21
17 25
19 38
8 76
21 69
22 30
6 84
21 86
11 95
27 18
15 7
3 56
20 19
23 21
1 61
11 64
20 69
10 5
1 2
14 2
24 14
0 84
23 56
17 97
9 94
0 35
11 16
23 22
0 74
5 82
30 14
16 35
4 47
11 78
21 28
3 90
26 5
25 19
4 71
29 87
1 85
30 64
7 31
22 48
29 11
6 22
18 80
3 75
23 48
11 91
4 14
5 45
8 1
19 92
4 60
9 17
18 89
15 13
7 23
1 96
18 56
10 26
28 58
10 55
27 77
20 23
28 75
22 24
18 7
8 56
0 79
20 24
9 95
1 71
22 73
30 2
19 49
30 41
8 50
15 90
20 97
14 99
13 39
0 68
29 53
29 56
8 7
3 12
6 28
13 5
8 74
2 30
25 16
30 1
23 62
0 58
15 29
3 27
16 86
17 83
19 2
12 36
13 47
9 78
29 36
1 71
17 11
5 99
9 85
18 60
29 69
8 88
4 28
6 6
27 16
3 59
22 75
28 87
24 85
8 15
6 21
10 55
6 74
9 61
29 16
19 97
29 7
2 85
7 59
18 9
9 53
30 22
5 87
14 53
7 14
9 3
1 23
7 23
25 56
17 74
7 25
26 38
28 58
15 82
12 14
13 86
29 86
23 25
4 51
18 32
13 91
19 1
14 39
5 85
1 10
12 82
22 33
10 5
19 10
1 17
29 42
11 3
15 52
19 6
0 60
6 7
23 32
23 12
0 40
25 53
4 94
6 19
6 48
5 13
6 37
20 34
4 95
8 2
27 22
29 14
25 5
7 77
2 40
7 84
30 3
25 88
25 53
8 49
1 27
22 27
19 70
8 84
11 44
9 11
7 18
16 40
10 8
10 65
3 69
26 29
22 75
28 40
0 9
28 14
6 10
8 87
3 73
2 18
6 34
16 13
29 47
8 19
3 7
6 96
16 44
4 29
3 5
16 41
16 92
10 83
8 28
14 80
11 91
19 76
27 58
11 54
18 89
8 8
3 3
0 62
24 13
27 78
10 33
8 9
17 74
4 76
24 44
18 96
27 2
22 2
23 75
25 41
4 91
17 54
25 27
19 69
2 54
0 72
5 78
23 29
13 84
19 46
18 39
9 85
4 3
29 39
9 43
14 16
28 37
5 93
15 73
0 20
19 29
3 81
24 53
20 31
19 75
19 88
6 73
9 52
18 59
4 89
4 39
21 59
20 19
24 62
15 91
14 69
17 23
17 99
3 47
4 55
5 14
0 79
15 95
14 84
0 97
29 64
1 21
15 63
0 7
12 18
16 61
27 85
27 65
28 85
30 39
7 3
4 52
13 6
23 10
28 67
5 25
3 49
5 5
0 20
1 50
9 33
12 96
12 45
26 54
7 17
8 4
22 55
25 10
10 41
5 18
26 44
27 44
21 66
3 29
9 39
3 51
2 67
26 7
17 24
29 77
26 85
5 24
22 88
11 81
9 87
6 68
6 20
21 22
3 10
10 30
28 43
18 47
14 26
10 68
23 44
17 64
12 9
10 19
30 78
19 61
28 6
16 74
16 34
4 91
4 68
24 78
11 30
15 43
3 3
19 38
11 24
7 19
27 66
29 54
21 15
11 40
29 8
12 4
4 42
6 16
2 3
20 71
23 84
14 63
1 48
26 30
11 70
25 2
25 59
28 23
23 25
13 14
5 49
26 97
29 67
3 62
20 1
29 98
23 45
6 96
12 20
30 49
15 62
5 31
9 33
6 45
5 10
21 60
1 48
5 49
0 57
4 71
29 31
16 77
12 52
16 76
20 42
5 20
15 57
2 91
3 57
3 88
14 1
4 88
26 18
19 96
6 92
28 7
28 1
16 26
1 53
24 55
30 28
26 30
23 16
24 33
30 51
4 28
7 73
15 76
22 97
29 88
26 76
16 77
2 98
26 75
17 32
29 11
22 43
21 72
25 96
25 75
18 41
1 63
23 47
24 77
15 60
25 54
26 10
26 90
2 90
27 15
11 13
15 5
19 48
29 55
25 56
2 88
21 54
18 37
16 78
10 71
10 6
15 46
6 99
13 88
11 43
17 72
7 40
7 46
23 38
15 93
12 29
4 43
22 28
18 92
20 45
25 98
30 59
18 97
2 84
18 23
7 17
27 66
28 52
24 64
30 2
12 42
18 66
27 73
10 47
30 48
4 57
4 92
2 82
10 59
2 40
25 56
16 77
15 18
2 96
21 11
21 29
17 6
1 29
17 60
0 47
29 51
15 33
9 44
6 15
28 95
6 26
30 15
29 18
29 77
8 88
0 23
10 39
0 4
14 96
22 27
7 69
14 1
25 59
12 90
28 19
24 77
8 81
11 6
9 6
23 80
17 27
15 78
13 10
30 83
1 2
10 73
7 43
24 23
29 51
5 77
1 93
30 80
0 75
30 29
19 44
14 11
8 100
6 31
3 62
30 61
18 54
25 42
10 85
0 72
21 53
4 46
20 16
9 98
14 77
10 46
16 60
10 80
0 23
9 84
13 22
21 91
11 96
19 99
9 90
27 94
26 43
1 90
19 16
2 89
25 82
0 57
16 73
13 82
24 45
5 44
1 47
8 57
25 6
30 61
18 14
24 99
15 7
7 15
13 58
6 71
8 70
15 22
6 30
9 46
21 47
25 80
4 23
21 15
11 82
28 39
30 91
23 32
13 99
25 36
19 89
26 57
7 18
22 95
9 84
2 3
3 24
5 84
2 5
12 71
0 1
16 39
21 65
1 6
13 60
28 59
0 16
12 40
20 60
4 22
17 55
13 35
29 59
25 16
3 77
20 68
5 76
30 72
28 85
23 61
19 80
3 37
0 19
21 16
6 42
0 91
14 43
2 92
25 73
4 17
25 87
28 11
30 45
6 10
6 10
22 89
2 26
15 93
20 32
12 65
1 51
11 20
2 100
28 80
26 43
17 92
19 21
14 32
28 28
8 86
21 49
29 1
20 44
21 23
12 26
29 29
13 44
19 15
7 22
27 3
0 73
25 59
5 47
21 7
23 16
12 71
30 86
2 24
10 42
10 46
2 63
6 8
1 54
8 81
0 4
7 1
16 51
27 34
23 91
14 80
18 58
9 43
3 53
24 2
10 74
15 98
3 61
2 14
6 16
5 34
5 40
24 11
29 34
17 24
26 89
29 16
29 53
7 99
12 32
1 83
4 95
30 12
19 57
22 75
18 92
7 84
14 17
13 22
20 18
5 21
24 51
17 29
13 63
3 97
11 98
14 36
9 29
3 3
7 2
24 2
20 80
24 98
29 56
3 65
8 2
6 56
14 92
7 70
27 72
20 54
11 30
1 57
8 75
29 61
25 67
21 1
30 20
26 51
21 82
25 5
26 82
5 63
0 19
23 6
11 60
20 79
8 84
29 21
20 80
2 42
12 84
3 58
1 4
24 40
17 43
19 100
13 56
14 17
29 74
15 27
23 88
7 27
11 20
0 67
7 48
15 9
30 52
0 85
10 84
14 25
24 55
2 37
21 96
24 48
27 74
28 60
9 65
15 9
10 51
18 97
14 15
25 71
13 49
24 87
2 84
23 100
14 29
28 85
14 58
22 69
28 22
30 1
17 51
6 87
15 14
17 5
11 34
22 93
6 35
3 69
0 4
14 94
13 76
6 75
27 80
5 72
22 84
12 56
29 56
14 43
16 74
15 65
10 47
3 92
16 37
25 44
1 39
9 10
24 33
8 90
24 87
15 62
12 96
21 82
19 7
26 28
26 46
24 66
19 80
4 55
29 59
16 46
15 53
14 20
9 97
10 81
7 100
1 80
4 11
8 2
23 46
15 82
8 60
21 38
27 2
26 23
9 62
28 24
30 67
16 68
19 47
2 100
10 3
29 90
20 83
12 67
8 20
24 17
10 7
6 6
30 80
24 36
0 61
23 15
1 97
27 20
28 88
6 36
17 39
1 11
30 35
17 64
19 3
19 13
21 30
25 48
6 15
17 56
18 8
19 67
10 39
13 85
15 91
30 72
1 93
2 35
11 70
5 79
26 82
15 47
20 95
2 70
18 72
20 74
11 53
27 71
21 68
22 29
14 19
26 61
18 52
28 48
3 29
2 17
22 43
23 14
23 5
9 28
8 8
12 49
12 4
27 35
17 45
25 50
12 9
5 34
21 86
16 97
2 14
23 67
9 73
25 62
6 83
23 78
25 86
1 40
29 75
24 6
27 59
29 41
24 64
26 97
1 66
4 46
1 50
12 98
4 85
7 53
17 84
13 88
22 11
1 38
7 95
6 24
3 18
4 65
2 20
6 78
10 40
12 85
29 100
15 8
27 7
29 4
14 6
0 36
4 99
24 68
26 40
22 6
2 98
17 98
7 73
22 98
15 53
20 99
29 81
7 9
23 8
8 30
20 68
24 22
9 89
25 6
16 17
4 5
27 41
9 14
12 47
25 22
27 1
15 97
9 54
25 76
27 86
0 62
28 11
29 17
6 23
19 77
11 57
4 68
21 44
7 50
14 69
24 36
17 91
25 58
28 97
24 83
0 13
14 39
4 28
22 38
13 61
4 67
22 54
8 27
9 20
9 58
5 11
19 33
1 58
23 70
7 73
17 55
3 9
14 6
0 72
1 1
30 8
20 47
20 28
24 21
28 74
6 100
1 98
25 55
16 38
23 80
21 78
22 23
5 89
14 86
4 31
0 100
9 60
21 8
13 51
4 72
18 51
30 26
9 10
5 91
10 75
17 76
16 24
0 15
11 37
18 100
17 81
26 16
15 12
25 63
26 65
14 60
12 52
1 5
28 7
21 34
8 80
23 28
13 64
27 26
5 12
20 68
18 67
14 91
26 19
17 23
23 79
21 72
30 27
1 39
1 45
21 29
7 86
25 40
11 14
7 7
6 28
0 87
20 77
6 99
19 54
30 35
21 28
20 75
25 82
23 73
28 66
8 68
13 12
16 37
4 47
30 77
26 73
0 95
18 20
13 89
6 95
14 21
7 98
7 29
7 56
8 68
12 59
0 67
14 14
12 72
5 65
30 22
5 64
21 92
3 44
15 24
28 49
2 9
29 8
26 21
29 74
22 70
2 92
7 94
3 95
10 51
28 65
30 4
8 48
21 33
12 7
25 32
22 1
19 65
17 90
16 17
20 22
0 44
3 13
27 85
12 24
30 18
25 64
16 66
20 69
5 9
3 91
7 1
10 50
4 57
18 94
29 70
18 62
0 43
15 76
3 3
29 54
5 47
30 7
13 38
22 71
9 99
26 10
19 39
20 13
29 51
0 36
23 3
28 38
25 100
4 33
18 33
20 88
12 79
21 45
30 47
26 1
13 13
2 34
17 91
14 69
3 40
24 84
16 52
19 39
3 49
0 40
27 17
6 25
1 47
29 77
5 24
10 83
25 92
12 88
22 59
18 35
2 41
2 41
25 18
14 71
2 1
9 67
14 96
3 2
8 88
23 42
22 71
2 14
9 50
17 98
11 94
11 17
13 44
28 63
20 4
13 82
6 50
22 67
13 32
27 52
15 70
19 17
16 67
22 3
20 100
27 38
24 68
5 60
27 44
2 58
23 14
28 22
9 86
21 73
3 91
20 18
10 43
4 14
27 63
14 26
12 38
15 16
8 78
25 58
23 3
7 4
21 46
12 11
20 97
20 36
24 43
7 63
28 33
23 58
2 35
0 27
13 46
16 40
18 45
24 82
30 26
0 18
12 39
29 80
22 36
18 69
29 37
29 50
9 29
28 47
29 44
4 18
27 32
0 97
2 40
15 38
24 58
0 66
24 27
17 16
18 54
16 10
5 28
13 27
16 33
18 14
23 26
2 62
16 21
8 93
9 20
3 58
9 51
14 23
23 70
24 85
13 81
25 32
13 83
29 42
8 57
6 76
9 17
7 91
11 88
7 64
12 62
19 100
16 21
6 4
6 39
6 65
12 41
10 20
23 80
19 15
11 52
7 65
11 62
7 29
15 79
8 84
24 5
4 31
20 15
2 97
5 67
8 38
12 24
18 63
22 99
28 27
7 32
3 75
0 65
22 8
8 4
4 77
27 21
10 94
25 47
14 16
10 8
18 96
10 61
3 78
18 84
23 91
28 16
4 79
29 50
17 10
23 61
21 100
30 71
9 85
11 38
24 87
17 57
22 89
9 76
25 24
12 24
22 51
4 82
0 8
25 10
0 7
10 100
9 97
7 71
23 100
17 70
13 96
6 16
11 87
30 42
16 26
17 93
11 84
14 16
25 51
13 82
28 13
19 71
5 95
14 81
0 26
15 62
27 9
12 93
27 100
22 49
13 1
1 88
0 20
15 48
21 61
30 87
10 4
26 46
26 36
0 49
15 74
17 100
12 91
13 5
8 7
14 51
0 97
17 11
8 85
4 84
0 56
26 71
17 19
5 71
22 95
19 96
18 74
29 68
17 20
28 30
21 79
30 82
14 5
23 1
16 95
10 66
24 85
0 3
29 57
6 16
16 13
30 73
29 80
19 71
26 53
18 26
30 56
30 39
1 96
1 92
0 66
19 60
9 2
29 41
12 24
12 42
0 8
4 46
27 46
12 92
24 12
14 2
2 73
9 59
29 12
14 20
2 39
14 52
17 2
3 3
30 7
27 73
10 68
12 44
13 64
3 44
20 93
14 54
30 51
25 90
1 59
26 80
30 99
26 24
10 87
28 2
23 81
9 52
6 63
27 34
28 75
8 25
8 64
29 90
19 45
22 5
10 52
1 10
3 100
29 28
7 35
18 87
17 74
22 76
2 48
8 43
25 41
1 48
26 9
28 78
19 73
20 77
23 15
2 96
21 55
13 56
19 81
23 87
21 34
8 26
6 52
20 58
1 39
27 21
15 14
8 36
8 20
23 5
13 1
26 79
18 15
13 88
16 50
15 15
17 50
21 2
12 31
24 96
15 24
17 16
9 48
3 11
7 80
25 95
29 71
28 27
5 97
11 91
26 5
27 22
9 9
26 83
12 21
14 91
9 68
7 18
18 39
9 94
14 14
16 37
7 81
9 96
14 17
8 76
7 87
13 3
18 44
28 100
13 4
12 26
4 60
11 94
12 79
21 6
16 12
12 71
18 24
19 41
21 19
15 64
13 73
10 27
3 30
6 50
18 3
3 23
14 44
19 84
6 3
4 14
7 36
16 19
23 61
30 42
28 99
7 73
26 100
22 32
3 63
3 45
8 33
15 92
10 4
11 54
16 58
26 70
30 2
3 40
29 52
1 69
29 73
18 3
18 86
0 81
15 30
11 50
22 63
6 20
30 99
11 17
11 58
14 78
14 38
10 88
17 90
9 68
9 79
30 61
24 11
29 35
29 56
13 78
13 52
22 100
17 57
12 65
18 41
3 14
12 35
3 81
13 93
13 35
28 61
25 91
10 31
18 9
24 33
8 4
14 87
12 17
17 37
25 37
2 1
9 31
29 53
22 7
27 20
2 44
4 91
22 42
21 21
16 19
27 84
28 56
17 27
11 86
18 36
4 44
2 57
17 62
29 98
11 40
12 30
25 24
14 23
13 30
2 45
29 23
29 96
18 14
30 31
27 73
5 65
3 73
11 75
0 85
7 14
21 75
27 70
4 31
1 75
23 88
17 17
2 52
23 9
19 25
15 71
15 89
18 40
2 96
24 73
15 44
11 53
23 16
0 52
13 53
18 42
19 16
0 49
28 63
15 59
27 2
15 3
24 6
30 9
22 47
14 98
17 50
7 14
3 8
10 28
11 57
23 62
9 90
20 34
2 58
30 92
28 19
30 18
29 75
30 95
17 59
26 37
23 36
1 10
4 51
23 41
11 73
19 53
8 89
5 46
5 26
8 9
18 39
11 65
25 85
27 72
13 43
1 18
23 39
2 92
30 1
29 11
17 12
14 91
24 27
7 77
4 24
29 74
8 30
23 24
18 100
18 60
3 1
27 70
16 84
4 95
7 87
12 25
24 13
6 31
3 50
23 27
8 95
20 17
3 2
12 15
30 64
2 87
19 81
27 80
8 84
28 17
30 66
8 51
12 67
28 97
18 72
27 76
11 78
1 53
18 21
3 72
17 33
13 16
1 12
11 96
23 76
10 99
24 9
19 9
30 71
23 90
13 71
14 95
8 44
21 63
1 74
26 7
0 68
25 13
15 43
2 17
3 80
13 23
17 98
10 44
16 81
2 56
15 52
20 50
6 63
30 74
7 84
16 29
22 26
30 55
11 57
25 89
13 90
27 3
2 97
15 66
1 50
7 58
27 40
1 29
10 86
29 56
25 71
18 53
12 76
9 44
5 30
25 2
6 77
9 73
30 20
16 74
0 29
3 38
2 38
4 15
24 70
19 17
19 67
25 42
6 38
2 23
23 21
5 1
11 35
3 50
0 60
11 57
4 74
8 43
25 70
9 27
16 85
28 34
14 10
11 34
5 99
12 27
27 89
23 65
5 53
21 10
9 21
9 62
20 64
0 63
19 25
24 87
4 67
19 61
27 31
4 86
19 66
4 13
30 12
26 57
0 33
8 6
1 82
23 31
9 39
14 16
24 41
11 72
29 49
28 75
21 96
3 93
25 40
22 45
27 10
1 48
27 43
14 16
23 7
4 66
2 2
19 69
13 39
8 53
30 2
10 60
8 5
1 53
2 82
2 59
4 21
23 61
5 56
12 72
22 75
22 75
1 5
19 96
24 40
23 99
11 19
11 58
30 71
23 99
3 38
7 25
21 57
0 100
13 86
17 24
8 23
7 39
21 72
20 35
28 10
6 12
29 65
8 70
4 84
19 82
5 23
15 45
2 81
9 100
0 28
21 8
27 26
19 60
17 41
3 14
29 10
25 77
2 59
12 44
16 17
9 86
10 98
18 19
5 46
19 83
7 57
6 27
26 4
2 15
22 73
24 61
30 93
0 57
30 91
25 81
30 61
28 79
17 77
14 95
22 34
29 31
25 80
25 13
24 37
6 66
23 27
12 71
15 32
13 75
21 84
5 36
19 14
13 48
17 9
13 45
12 39
26 48
2 99
29 52
3 78
7 71
20 28
11 48
2 48
3 96
19 89
24 14
24 23
2 60
7 31
9 72
30 82
21 44
15 50
22 76
24 61
19 22
24 63
18 60
4 70
29 33
14 52
21 97
4 16
11 1
19 41
25 35
26 18
11 26
22 38
19 33
15 57
9 30
29 65
11 35
26 50
22 63
25 64
26 51
13 20
0 75
3 11
3 80
17 27
17 16
8 88
14 53
27 96
15 44
15 57
26 7
22 81
0 50
15 4
14 78
18 21
23 2
23 93
28 96
10 22
22 40
29 5
28 33
20 63
16 41
6 14
30 14
6 38
26 3
24 10
12 92
4 49
7 66
29 42
22 10
18 42
19 45
6 36
17 12
17 11
22 74
9 13
2 53
4 99
11 41
18 83
16 69
2 55
25 38
21 56
19 80
19 97
20 9
25 28
10 11
24 61
20 75
29 81
28 27
11 90
8 2
30 23
23 8
21 98
17 90
5 56
22 47
6 47
19 89
25 2
6 70
8 56
4 34
2 97
15 44
3 11
18 61
12 80
12 27
30 28
12 10
12 23
26 50
10 13
11 93
11 93
28 9
20 8
5 92
10 17
25 16
17 35
9 36
14 90
3 8
24 2
29 86
29 94
29 92
3 65
4 16
13 74
28 34
18 61
30 51
23 9
16 2
11 46
4 77
18 56
21 85
23 1
1 31
11 12
7 24
28 54
2 43
3 57
27 12
5 21
10 64
2 77
12 38
1 76
21 91
1 51
1 95
30 36
24 59
3 87
19 89
2 18
13 68
0 16
24 8
19 29
0 4
23 55
11 34
17 24
18 49
6 30
1 29
20 72
12 58
9 52
22 32
2 3
15 46
14 44
1 87
15 56
20 31
24 6
9 95
29 36
3 89
15 31
19 75
26 52
10 11
3 83
17 84
16 97
25 28
13 58
12 54
26 75
29 3
23 27
15 71
17 60
13 41
1 72
7 30
4 21
6 14
4 50
16 74
17 11
26 53
22 15
9 18
21 25
14 59
25 89
28 32
30 46
8 18
19 48
13 57
28 70
20 98
28 32
2 9
10 8
4 20
6 67
27 15
18 71
26 46
28 21
25 65
1 75
27 19
6 38
0 50
8 32
29 80
14 21
16 59
8 26
22 14
20 64
9 45
10 86
30 35
28 84
22 23
13 16
16 61
3 46
6 14
5 80
5 79
26 5
24 95
4 89
9 66
23 7
12 32
7 70
5 81
22 34
18 97
27 15
30 32
11 13
1 45
28 27
28 50
17 23
2 55
18 81
13 91
21 43
14 32
16 16
25 19
6 33
13 57
20 40
12 46
22 84
17 82
10 60
16 52
1 23
15 12
22 44
27 91
22 50
27 38
3 39
12 59
17 1
6 10
2 86
23 27
28 59
14 41
6 60
3 86
15 95
30 32
29 5
21 29
15 98
17 4
27 29
7 22
24 42
17 17
10 81
30 33
11 67
19 81
29 10
4 52
25 96
25 10
22 45
11 66
11 13
5 84
28 8
14 87
3 82
17 17
7 62
1 23
11 77
10 77
12 72
10 12
3 48
24 99
20 22
14 17
21 5
3 20
14 83
23 76
8 44
14 97
9 60
23 44
2 37
19 58
9 71
11 30
21 72
16 93
21 67
18 16
4 18
8 65
2 57
13 98
26 98
7 91
9 28
5 13
10 36
21 90
24 2
18 82
23 3
13 26
13 45
15 14
0 26
4 90
29 97
28 55
2 98
17 55
6 6
4 51
25 98
3 100
25 68
2 66
26 83
19 68
10 63
30 51
27 32
2 67
28 35
17 80
11 2
4 57
19 96
29 50
4 33
16 84
11 24
29 82
26 7
4 13
21 34
23 28
15 79
15 74
13 40
15 3
21 82
15 26
17 58
29 64
21 15
29 65
17 83
3 14
9 66
10 2
22 68
7 90
23 39
7 60
22 28
1 95
19 93
16 50
4 100
4 63
4 72
15 37
27 71
17 53
5 91
27 42
5 70
22 32
2 55
6 21
20 90
14 84
6 22
0 55
5 8
14 5
12 10
26 64
24 42
6 17
6 34
9 77
29 70
26 81
13 97
11 66
7 86
3 63
21 2
2 52
5 3
24 33
26 35
19 22
