100
30 37
27 48
14 76
13 7
25 73
19 100
22 28
14 95
7 50
26 12
0 53
11 91
24 74
20 18
6 68
17 100
3 79
8 72
15 70
25 86
18 72
15 10
19 87
17 89
16 92
6 54
10 71
13 81
29 58
19 56
10 60
1 97
11 27
23 32
2 22
28 81
3 27
30 12
2 99
28 87
6 47
23 46
11 69
7 76
12 54
25 91
14 70
12 18
22 13
23 86
29 24
20 36
0 25
4 92
1 30
30 42
28 34
6 98
25 95
6 28
5 42
25 98
1 74
17 99
5 38
3 14
8 85
11 41
29 84
26 71
15 71
19 41
26 35
12 7
5 11
20 81
1 22
13 35
1 23
26 90
13 19
17 64
22 8
23 31
5 61
12 18
15 62
4 58
7 62
16 68
3 34
20 19
28 76
6 75
17 25
29 66
1 60
4 53
15 45
23 64
4 38
23 96
25 6
10 59
10 67
20 67
23 75
7 55
3 4
29 41
10 35
16 66
19 20
25 62
24 99
8 71
30 73
22 100
10 10
13 15
9 63
7 57
23 42
6 41
12 70
11 75
0 4
23 31
29 76
26 22
4 66
25 58
25 51
13 25
9 49
21 100
7 47
7 18
28 65
11 23
7 63
7 77
9 49
7 73
1 2
15 50
3 11
29 46
10 100
12 78
26 57
16 46
15 52
10 6
19 6
1 51
3 31
13 46
14 70
21 68
6 53
1 33
12 69
29 57
17 71
24 42
19 17
5 13
24 13
0 42
1 32
2 7
24 24
0 39
23 88
8 29
6 12
6 17
22 100
13 4
30 68
20 22
28 84
5 3
17 24
3 54
19 77
29 39
0 76
25 49
6 79
13 92
13 12
29 29
30 75
29 32
26 61
14 90
26 90
2 49
4 55
24 2
4 35
4 57
11 21
29 33
24 48
17 10
10 80
16 22
30 15
14 16
24 50
2 84
10 16
8 56
6 22
8 15
29 71
8 44
17 10
13 46
6 5
8 71
8 39
20 58
3 41
29 6
28 28
17 92
7 97
17 41
22 96
19 91
13 52
2 82
27 63
12 3
14 97
29 98
27 81
15 22
24 80
8 97
9 46
15 33
2 70
23 46
27 67
5 26
4 63
16 30
22 44
12 98
9 20
24 82
20 67
23 59
16 80
15 90
2 51
28 70
26 97
10 76
19 87
27 2
30 4
5 10
24 98
1 74
19 31
26 4
20 70
12 7
18 1
4 25
7 82
26 100
19 28
4 23
28 15
23 100
10 68
5 35
23 27
30 5
11 35
4 52
13 86
7 92
20 3
16 62
12 62
20 79
5 9
28 14
5 67
7 43
29 99
28 98
26 91
7 11
4 98
24 19
9 37
19 88
30 46
17 94
6 25
23 6
27 29
16 59
23 47
1 28
13 31
5 15
8 55
2 55
17 94
13 96
11 92
6 38
8 3
5 70
2 33
5 31
29 39
2 8
18 69
11 71
16 12
22 95
24 95
6 3
2 96
6 91
2 77
4 59
17 72
30 51
11 79
26 61
8 89
15 90
14 4
29 9
19 76
25 53
8 76
22 82
11 99
1 23
25 88
29 91
15 1
21 61
9 1
15 46
23 89
7 3
10 35
2 86
6 20
12 55
14 99
4 31
30 93
11 23
7 32
18 30
7 74
25 71
11 56
28 78
3 11
7 60
13 20
19 99
7 86
2 56
19 62
19 71
21 68
14 14
11 12
16 41
4 31
3 17
7 57
5 12
14 97
24 100
0 18
12 77
22 91
12 74
13 80
5 1
7 62
14 81
11 68
23 61
5 46
1 49
18 46
27 33
0 68
12 83
29 89
8 22
9 65
21 29
2 50
27 59
28 78
4 25
2 52
30 2
18 37
18 11
9 6
20 25
25 39
16 21
4 6
0 8
6 13
22 26
17 33
28 87
23 41
17 20
3 49
19 57
6 2
0 41
30 81
5 68
24 7
16 69
30 69
6 31
25 84
6 100
28 28
23 89
16 68
26 47
5 56
20 67
16 6
12 12
16 65
26 56
19 64
22 59
22 44
8 65
19 41
18 35
2 4
19 32
8 19
25 16
25 98
5 100
5 81
8 47
22 19
8 30
24 26
19 78
29 67
7 95
30 29
23 91
1 16
30 37
23 36
18 31
20 83
9 67
7 74
22 4
1 96
22 12
20 66
6 74
9 27
11 54
3 67
10 31
30 96
26 63
0 71
3 6
17 26
25 16
20 67
2 41
14 65
15 56
16 23
5 96
15 50
25 48
3 51
22 96
24 34
7 81
1 27
27 36
20 53
27 65
27 1
0 79
7 6
1 53
25 34
4 52
23 1
29 32
9 19
25 75
12 21
17 78
22 4
0 77
23 83
23 100
25 1
0 59
5 61
14 19
13 33
11 24
3 43
7 79
0 100
15 82
13 44
22 88
18 18
30 17
12 40
26 86
9 58
24 20
10 3
21 61
28 57
25 38
18 86
11 59
2 95
6 77
14 96
28 14
10 94
16 45
30 20
26 46
15 12
0 15
29 8
23 92
21 90
23 95
29 3
27 62
16 48
5 37
10 13
6 28
0 91
7 34
26 26
25 68
30 61
26 66
20 40
26 1
0 70
11 95
13 78
19 59
21 24
16 13
18 33
19 79
24 2
9 29
5 35
6 42
21 52
6 100
18 60
29 41
11 40
29 79
13 97
1 44
7 79
13 50
15 3
6 84
10 23
13 22
7 76
18 7
27 11
30 29
15 78
21 65
29 49
10 94
21 1
17 2
3 8
21 62
15 47
16 54
12 96
3 100
7 68
23 67
2 12
10 7
7 16
30 11
27 8
9 4
13 95
10 4
5 66
10 47
9 39
7 9
1 62
17 15
17 14
30 43
30 12
18 54
23 43
1 52
16 67
19 72
23 44
0 20
3 28
3 92
21 43
20 99
1 28
21 40
29 67
8 37
22 53
14 32
14 3
3 27
30 28
25 25
1 45
13 34
6 70
27 62
26 89
8 31
30 54
1 86
3 7
19 68
4 88
23 92
11 32
25 70
5 24
14 7
30 9
5 34
17 37
13 36
19 98
26 44
15 13
14 83
22 96
21 7
20 36
8 1
24 3
5 61
23 95
15 71
6 51
18 43
27 93
22 71
10 97
14 13
4 2
23 32
16 13
10 5
23 22
3 6
1 78
2 80
10 66
15 63
30 96
6 65
24 79
30 24
28 14
20 21
19 76
27 67
19 43
29 48
5 89
27 73
2 52
3 95
1 26
9 14
26 65
2 24
4 97
24 78
8 68
22 13
18 11
26 3
11 93
16 64
24 19
11 75
24 41
5 87
26 63
6 75
12 72
15 36
0 81
20 16
29 63
14 19
20 89
4 60
13 42
27 41
26 5
12 90
1 17
21 100
22 55
16 74
3 15
25 29
25 47
22 85
0 69
15 97
16 36
15 6
4 22
1 61
21 13
5 75
21 42
26 34
19 28
18 34
22 48
27 16
8 65
14 28
10 61
14 87
27 80
21 22
12 10
15 69
8 93
2 97
4 55
20 65
11 93
18 97
24 28
28 25
28 34
11 96
29 95
1 20
4 86
21 49
21 88
16 72
16 28
14 70
0 10
23 75
2 21
24 91
30 68
2 37
6 73
8 60
17 76
7 48
27 9
11 25
28 14
9 8
3 11
7 98
5 6
21 8
26 99
3 96
1 77
12 27
22 63
29 10
29 97
14 29
15 34
26 78
19 31
25 76
21 25
28 3
29 16
15 92
19 40
1 17
3 67
23 64
13 11
7 55
3 36
21 32
3 75
3 20
19 67
15 56
0 45
9 1
29 17
12 97
28 31
12 38
27 68
5 65
3 88
3 64
3 39
26 88
20 69
29 50
15 86
15 71
2 37
13 57
11 63
27 98
24 2
16 65
4 84
12 18
4 37
14 38
24 7
21 58
23 67
6 38
16 3
8 6
16 19
19 24
26 9
5 51
7 54
8 67
18 85
6 36
13 55
5 85
27 16
13 15
0 95
13 95
11 1
10 21
21 21
0 35
3 28
23 89
5 13
17 77
18 99
0 36
4 84
9 96
30 52
9 73
10 82
9 70
13 82
15 71
3 25
5 1
7 83
5 42
7 16
26 33
24 81
15 77
19 14
8 96
27 41
10 97
3 95
13 13
25 48
7 7
13 32
30 16
18 41
11 67
26 7
29 36
24 32
22 63
20 36
5 87
7 92
4 49
21 32
10 46
26 52
27 13
23 31
8 52
11 66
24 11
6 45
13 99
26 99
28 43
29 4
18 67
25 26
17 51
1 25
27 97
5 52
25 48
28 87
8 40
0 53
10 49
9 48
9 94
11 20
4 42
15 8
30 34
6 43
15 45
26 19
3 69
27 72
2 35
27 83
20 25
24 87
6 25
17 79
11 6
15 48
24 64
13 37
1 99
19 55
13 61
27 28
4 42
2 80
22 57
23 45
25 15
18 98
6 45
30 2
19 94
26 10
4 90
3 60
27 79
20 32
15 15
9 35
23 87
6 73
22 21
3 28
25 81
24 48
10 34
24 96
14 25
20 23
27 88
0 49
22 54
13 99
5 75
30 18
24 47
2 24
13 55
12 77
2 9
23 23
22 56
14 9
7 27
9 48
16 28
26 78
17 55
26 67
19 80
22 42
21 41
20 35
19 53
12 4
8 74
4 19
16 40
24 77
27 42
2 70
12 60
10 73
18 32
21 90
21 20
4 87
8 68
8 27
12 44
9 54
23 39
29 33
15 100
11 73
15 52
23 33
0 36
15 6
14 7
18 84
10 62
4 88
13 83
28 66
6 99
5 12
19 51
19 88
9 35
7 29
26 64
19 14
11 6
22 64
21 62
25 19
26 49
4 6
13 48
7 21
7 28
14 91
27 25
11 24
19 39
15 16
10 95
7 91
5 54
1 66
1 38
27 77
3 67
5 70
11 1
13 22
17 46
12 90
23 42
2 52
14 77
29 91
23 96
15 25
21 96
29 20
19 74
3 91
12 69
3 99
2 54
8 79
18 26
27 40
13 28
29 42
4 95
1 87
27 97
29 70
22 48
1 95
4 58
17 29
19 35
12 10
15 61
7 29
10 13
11 42
16 63
8 90
13 12
13 68
8 62
13 94
15 46
9 97
3 35
20 18
7 47
9 46
22 45
1 65
10 59
4 91
29 68
7 57
8 97
3 81
11 99
7 42
27 10
12 78
16 70
8 25
1 6
4 77
17 57
17 94
21 23
10 4
24 55
25 11
19 54
26 27
24 4
17 37
4 18
13 45
15 50
16 58
14 86
1 23
12 68
8 16
17 91
4 92
5 41
15 29
6 99
15 80
11 74
21 50
5 88
17 69
2 91
9 2
9 21
22 42
18 26
16 49
16 59
15 35
2 17
0 22
7 12
9 21
29 66
0 77
11 50
12 97
11 3
1 51
25 55
8 92
4 89
22 8
28 90
15 41
0 96
4 81
22 80
4 96
20 42
5 14
5 48
12 22
9 72
26 99
27 4
7 23
16 74
12 76
11 72
22 54
0 60
10 36
18 4
17 46
19 95
6 30
25 33
18 45
8 57
22 95
19 96
14 29
0 100
9 72
11 17
22 91
4 51
28 3
29 58
26 56
5 27
7 48
19 83
6 39
13 71
1 46
6 43
15 24
1 26
7 8
16 91
5 14
7 43
21 22
19 74
19 31
0 99
3 43
29 61
17 22
3 73
1 25
23 53
20 4
1 82
29 6
3 43
30 11
25 28
4 94
13 19
7 78
27 33
26 24
28 73
5 87
16 15
15 54
24 79
6 100
26 38
15 59
12 67
16 40
26 46
28 9
21 10
24 48
11 11
14 74
10 68
13 57
0 29
22 37
21 4
19 8
28 55
11 20
24 77
20 98
14 87
25 45
14 70
3 6
0 72
6 94
18 4
20 10
0 96
15 12
17 2
16 58
2 93
20 8
16 32
27 41
9 9
28 8
19 34
2 50
15 7
27 83
8 75
11 46
7 73
12 70
4 99
21 96
10 2
11 99
6 90
12 86
19 96
28 3
3 23
19 86
0 53
15 79
6 66
2 84
7 34
17 55
26 64
4 25
7 74
0 65
15 35
14 32
7 61
29 21
26 28
27 34
27 38
24 35
8 53
30 15
12 100
7 92
5 46
17 92
13 18
29 16
7 28
20 21
5 35
3 89
8 67
27 20
30 20
3 34
20 81
23 80
14 15
4 48
28 31
6 80
3 36
1 66
16 26
4 74
28 46
4 95
25 83
20 97
2 82
25 90
2 85
0 90
20 38
30 30
13 5
25 57
4 19
23 28
19 43
26 6
10 85
5 32
29 61
11 16
20 87
2 3
22 24
24 28
6 42
20 53
19 52
28 18
14 22
11 18
12 74
11 50
0 99
29 71
2 66
18 14
2 11
17 48
7 56
15 73
12 81
26 22
14 48
24 79
1 86
17 47
3 82
19 48
5 64
16 48
11 2
14 5
29 12
9 3
30 36
16 31
9 60
26 42
12 20
16 29
22 33
4 71
14 36
24 81
16 29
29 62
16 76
17 18
5 10
21 5
3 78
30 99
1 23
5 74
29 18
2 78
17 85
9 24
9 85
4 21
18 63
10 62
11 11
3 55
21 96
26 39
25 96
17 87
5 28
4 49
25 36
16 44
8 57
28 18
0 34
22 91
19 10
3 93
6 11
17 80
15 86
22 3
27 61
21 8
4 63
19 14
18 54
18 2
8 24
6 53
21 61
10 3
12 96
28 72
23 30
24 80
13 78
27 50
7 59
18 73
30 90
19 69
21 28
24 56
18 40
29 57
10 89
21 19
8 73
23 69
26 3
16 40
6 40
13 16
3 22
2 75
9 75
9 30
17 97
15 2
20 68
15 16
8 68
13 76
2 47
27 69
8 21
8 18
19 87
1 17
17 15
26 15
14 8
20 71
12 33
16 68
28 8
26 93
11 5
21 67
4 85
26 7
6 10
12 30
29 45
29 21
16 68
17 43
13 36
1 83
4 53
20 68
10 68
30 16
26 96
5 88
29 22
13 78
11 38
1 71
20 41
10 24
19 94
12 88
25 34
0 12
0 73
15 93
22 79
28 55
18 5
5 6
22 30
4 13
30 76
8 56
20 40
15 87
0 94
18 75
30 99
0 68
14 41
28 57
23 43
11 27
4 97
8 23
5 7
23 75
17 58
7 100
27 19
29 67
17 53
21 2
1 49
3 4
11 1
16 39
9 25
26 39
5 14
25 20
13 18
9 87
19 19
23 89
17 6
4 8
24 55
8 96
13 22
19 61
3 93
8 89
30 32
7 58
6 35
9 22
29 66
23 61
17 15
9 68
19 16
22 55
9 4
20 58
28 18
9 22
28 7
10 65
3 44
21 78
17 25
17 69
3 65
25 16
23 71
10 89
24 33
5 37
30 90
0 37
6 48
29 88
6 31
2 95
17 38
30 42
12 11
24 75
11 94
2 75
21 87
26 82
24 13
10 39
19 89
15 83
14 46
21 23
6 82
15 3
14 13
30 52
0 84
19 83
14 52
22 63
20 61
1 38
26 47
4 98
23 2
10 75
18 9
14 63
4 89
1 29
15 87
16 32
22 93
25 68
8 87
11 66
14 31
8 50
24 90
3 21
22 80
3 15
5 89
24 86
9 83
2 98
2 100
20 44
3 48
5 90
30 44
4 83
0 96
21 100
7 10
27 21
13 57
17 54
13 100
15 6
4 95
9 7
23 54
5 36
0 29
13 20
4 88
3 79
19 18
13 77
10 58
9 68
21 14
23 71
6 18
12 22
5 30
8 64
6 53
13 63
13 45
17 11
17 75
18 42
26 35
17 41
28 20
28 29
12 8
18 52
7 59
3 34
27 32
7 30
7 63
12 87
8 65
11 21
6 2
30 51
19 77
16 22
6 62
3 100
10 49
7 60
30 48
13 13
13 96
24 45
7 99
22 98
0 88
24 28
24 43
30 78
7 1
0 50
2 25
10 65
15 100
14 15
7 2
21 22
17 39
25 98
7 80
10 33
16 39
18 83
21 62
9 69
0 22
2 42
3 18
16 39
9 46
17 75
15 73
17 16
10 84
8 7
15 11
10 96
6 50
23 19
7 39
5 7
7 42
30 15
10 23
10 62
16 12
10 83
3 57
10 76
17 89
19 42
14 89
9 67
14 12
3 44
19 18
9 16
19 71
10 57
10 24
26 11
16 63
12 91
10 78
6 24
28 59
14 10
24 77
29 60
30 54
12 93
20 1
27 42
17 29
8 30
6 8
20 21
10 49
4 1
23 1
9 82
24 77
17 3
26 8
14 43
29 67
23 43
24 35
0 35
19 52
29 62
12 67
17 5
13 43
28 33
2 4
0 12
12 38
21 25
22 100
13 76
2 92
20 87
23 9
21 75
26 74
24 98
4 87
3 24
10 14
5 55
11 39
24 33
9 4
12 54
5 39
1 70
16 72
24 90
5 8
6 30
9 1
18 27
16 16
30 60
26 61
3 14
23 29
24 29
24 54
15 14
14 50
6 12
25 74
16 55
4 91
26 26
6 99
9 98
11 32
8 84
4 22
28 96
30 64
13 95
6 95
10 75
29 53
10 64
4 70
24 11
11 68
24 33
17 13
13 98
5 12
10 42
12 6
25 100
28 66
18 36
10 28
5 62
0 96
3 68
20 6
22 62
18 86
19 24
27 34
7 94
24 21
28 22
22 44
15 99
28 5
7 34
22 78
16 93
5 50
2 22
22 36
30 7
13 27
16 1
5 51
24 68
26 51
15 3
1 55
25 33
13 83
22 9
1 8
13 42
4 22
23 65
9 48
25 64
11 33
28 61
8 87
7 3
30 35
13 19
27 65
13 69
13 56
19 71
10 32
18 19
11 7
26 68
30 75
16 9
19 63
12 25
17 15
20 50
14 24
28 100
21 9
12 63
25 10
23 96
12 43
5 94
23 22
22 61
1 75
15 96
19 20
24 33
24 89
6 32
27 24
23 89
2 100
30 25
3 41
21 92
22 51
28 9
13 28
29 31
10 90
2 97
7 75
11 93
24 23
6 7
25 27
9 32
11 60
22 86
19 18
25 15
10 9
11 7
27 70
2 48
14 4
20 87
11 14
13 30
19 65
25 28
30 70
15 81
30 13
30 57
28 62
8 80
13 28
0 86
10 65
10 20
25 28
12 81
12 45
12 48
4 42
7 23
8 2
21 69
17 29
14 93
10 36
18 73
29 93
6 64
14 82
21 37
4 24
22 35
4 17
14 9
3 48
28 54
30 32
19 65
2 18
11 62
17 13
3 61
10 55
17 65
17 96
20 66
6 2
23 54
20 46
30 69
16 19
12 30
14 42
16 32
30 33
11 98
18 62
8 37
10 22
1 22
27 74
15 45
7 5
17 47
26 41
9 35
17 68
5 66
24 34
9 38
23 40
24 94
26 65
15 93
4 10
20 20
22 70
27 67
11 60
4 13
13 8
21 52
15 21
6 47
0 5
0 40
14 48
18 70
20 46
24 61
0 35
0 58
12 35
19 57
10 44
1 22
26 20
13 89
9 39
24 95
10 34
6 23
20 19
6 59
4 67
12 30
29 42
3 88
10 31
4 72
9 39
27 94
15 52
27 67
15 81
28 63
16 44
13 72
18 84
17 10
12 3
14 89
21 53
15 1
9 92
25 73
30 36
7 79
24 72
7 78
28 61
29 27
30 8
29 18
2 2
9 3
25 15
29 74
14 96
13 91
5 51
14 80
24 8
6 78
16 71
21 82
13 13
28 99
20 91
29 90
6 7
2 58
0 21
1 89
9 82
6 8
16 32
12 13
9 73
6 37
2 55
23 68
21 71
10 65
29 42
2 97
18 70
15 78
1 18
16 23
12 52
17 95
16 40
29 24
19 8
21 32
28 71
0 52
4 38
17 85
9 73
20 31
21 86
6 40
28 48
19 28
24 46
17 96
15 87
29 51
0 1
26 59
26 10
30 23
20 38
23 7
15 65
7 93
18 97
9 9
20 20
20 55
14 47
4 95
10 61
5 71
18 77
7 17
2 26
17 88
18 53
3 67
25 56
29 61
22 31
25 48
4 12
10 15
11 24
22 5
21 46
11 92
28 92
0 70
6 88
4 12
27 81
6 32
8 76
13 81
4 12
14 51
14 48
13 36
8 67
29 4
22 37
11 95
13 26
8 91
28 10
17 50
15 94
3 100
10 89
17 81
20 13
9 45
4 34
4 63
24 71
3 33
14 61
11 28
3 41
3 23
12 34
27 41
10 12
7 82
22 66
19 10
14 17
3 92
22 31
12 42
8 42
30 11
15 79
1 25
11 4
11 19
21 10
11 13
19 9
28 10
25 52
13 92
30 39
8 95
15 61
25 82
18 70
6 79
18 11
19 79
23 63
17 66
29 45
28 73
28 89
16 45
3 69
14 38
24 93
3 2
3 11
23 42
30 71
23 75
1 24
5 88
30 77
24 29
29 57
10 96
13 74
9 97
22 79
8 80
10 13
5 73
15 58
26 44
28 71
16 91
30 85
29 1
6 40
30 43
13 58
14 82
11 39
14 5
15 12
23 3
9 82
29 82
15 24
16 82
9 70
12 24
30 31
6 33
18 25
20 67
25 77
30 89
23 29
25 58
22 19
0 66
3 54
30 1
12 44
16 29
18 49
21 59
9 14
0 32
20 69
16 92
11 25
19 46
22 15
9 19
13 59
27 96
14 6
23 46
19 51
2 15
17 42
24 3
28 28
5 63
6 54
18 79
9 28
7 9
29 58
22 24
24 4
8 69
26 73
6 25
17 90
21 8
22 29
6 58
8 34
17 56
9 50
21 37
20 65
17 37
13 15
4 3
23 47
15 32
30 51
6 78
25 92
29 40
21 44
28 91
13 60
17 97
20 10
6 6
20 5
29 3
8 75
5 4
4 47
22 63
0 48
28 95
26 80
20 51
30 100
10 87
21 82
12 94
16 98
12 69
23 91
0 41
26 23
12 92
15 96
29 14
17 28
11 30
20 24
9 77
15 67
4 31
17 13
0 30
10 58
12 97
26 89
25 36
10 84
8 35
8 40
21 12
8 41
13 5
30 53
30 65
4 42
30 8
13 63
22 9
7 59
23 22
17 36
5 20
18 12
6 12
0 80
13 95
5 69
4 31
7 78
4 54
15 100
2 57
4 28
12 13
24 36
4 26
19 1
7 82
0 21
5 59
14 96
20 17
12 21
23 35
30 16
16 9
10 72
0 22
11 95
1 15
18 51
24 72
20 87
0 7
28 3
24 57
10 53
22 59
18 77
9 62
29 50
0 91
16 42
14 69
0 19
12 71
2 97
7 24
15 87
22 79
17 5
5 79
6 56
18 2
20 12
18 81
23 23
18 3
0 57
28 70
3 39
14 71
25 98
3 11
17 71
5 59
16 100
29 67
8 11
28 68
12 4
24 15
21 85
10 80
26 71
30 18
7 6
21 23
9 73
17 33
23 7
15 23
14 73
2 65
21 88
3 5
24 33
15 18
9 64
21 37
25 17
17 77
3 15
28 35
24 70
30 64
28 55
29 44
28 90
3 46
15 97
27 51
20 90
29 17
14 23
4 68
8 23
4 14
10 79
10 63
19 49
26 3
20 87
18 63
8 46
7 76
23 17
26 40
23 84
6 64
6 80
10 72
23 50
22 71
2 8
3 47
8 13
7 71
7 45
15 13
6 76
0 99
4 65
1 20
28 75
3 63
26 61
8 14
10 100
21 59
30 75
5 53
14 83
9 59
19 66
11 69
4 8
13 69
0 50
28 1
3 99
27 29
21 2
22 91
7 69
14 12
0 85
4 2
7 30
22 95
1 58
28 26
28 82
24 39
30 62
24 24
13 36
5 81
28 58
16 10
11 18
19 95
3 74
29 19
19 22
27 91
8 4
20 67
9 71
8 94
8 21
29 55
14 60
15 51
22 55
15 31
16 70
8 93
8 8
21 21
20 94
16 86
19 57
12 67
1 56
15 36
7 33
15 13
28 73
13 98
21 25
17 27
19 92
29 39
28 77
27 95
25 35
22 70
13 7
0 63
23 11
10 48
16 71
2 79
12 46
26 52
15 89
24 96
18 84
12 66
20 69
14 59
4 33
14 20
13 98
21 33
16 61
1 93
2 100
17 23
28 40
18 26
3 12
7 97
16 47
20 79
3 86
19 54
3 54
11 2
6 67
20 98
22 26
17 8
16 10
21 58
27 35
1 35
9 67
17 51
25 100
23 72
29 27
18 99
27 74
21 51
7 97
16 19
3 59
30 100
25 19
17 28
24 38
24 15
14 10
3 65
22 3
9 5
30 18
17 74
2 11
11 49
9 77
7 34
18 73
9 16
9 83
28 48
10 67
5 71
9 23
1 52
29 83
1 82
9 24
13 16
4 28
4 41
3 7
23 66
14 11
16 100
13 33
15 94
12 89
23 12
19 47
4 67
29 82
11 19
5 50
25 47
20 92
27 66
16 29
21 20
29 2
1 43
18 9
25 67
26 44
30 24
13 58
11 53
16 75
23 93
23 82
13 80
13 42
6 5
23 65
29 81
20 63
10 91
3 10
0 43
9 6
7 92
0 76
26 72
15 14
24 52
23 58
21 18
16 16
14 77
10 85
3 43
29 57
14 17
14 68
29 7
9 92
17 76
7 26
22 82
22 36
23 92
18 74
1 71
4 49
14 20
3 34
6 18
11 73
14 72
17 13
3 30
11 10
16 49
20 7
0 31
16 90
26 36
8 80
24 35
2 18
20 44
17 74
25 99
27 64
26 76
5 35
17 66
3 69
26 4
0 49
20 76
24 91
10 98
9 60
28 62
23 33
10 68
29 55
26 85
26 55
9 46
15 8
2 93
18 69
24 72
24 22
16 87
4 54
7 15
3 46
1 50
6 82
24 99
26 82
5 99
24 41
30 45
5 90
23 30
30 100
11 34
9 71
22 12
7 34
16 7
24 67
10 49
11 48
17 82
10 53
3 33
28 46
16 66
18 18
25 18
26 57
5 49
23 11
27 41
2 57
2 53
20 4
15 73
21 22
3 100
2 33
2 98
11 69
11 90
17 63
26 29
13 3
26 73
4 30
4 39
3 10
21 41
28 15
13 62
2 86
14 32
17 17
30 23
9 28
26 41
14 76
15 25
8 86
16 56
29 92
20 22
7 95
11 98
19 75
24 77
18 83
16 71
6 38
16 63
1 100
21 17
26 80
14 20
26 88
20 48
30 27
18 53
25 20
19 73
29 84
22 74
11 60
6 34
2 83
25 46
18 74
27 79
14 63
30 1
9 17
29 28
30 18
29 71
27 30
0 70
13 52
19 14
30 71
20 34
20 66
29 77
21 43
17 66
13 42
7 97
19 85
19 44
13 20
0 27
11 54
8 41
0 90
25 62
21 52
10 44
15 10
22 28
30 23
30 90
8 12
24 53
29 89
20 46
3 27
1 4
0 43
19 44
4 31
7 43
8 91
8 49
0 88
3 54
26 82
28 51
11 2
25 91
8 33
30 81
2 62
12 91
17 5
9 7
27 14
2 81
5 44
14 49
29 79
15 20
29 63
14 45
30 99
23 90
17 97
10 47
10 58
5 28
15 12
28 75
29 85
19 60
22 76
0 84
17 84
25 42
26 9
25 62
21 14
25 47
22 55
29 1
2 74
7 32
16 29
11 88
21 4
23 81
8 74
29 53
28 48
14 65
25 85
30 64
22 91
3 45
12 68
17 16
5 39
20 46
11 13
5 55
19 66
23 4
16 53
5 12
16 90
5 52
14 61
0 90
14 41
20 69
30 25
8 18
7 83
22 62
30 25
23 66
9 12
18 51
25 12
26 41
19 67
30 91
20 19
18 94
11 14
12 73
22 83
29 57
30 72
13 36
14 14
13 32
25 70
13 62
1 44
14 63
7 84
9 4
24 100
19 84
3 57
7 45
6 93
8 84
11 45
8 82
29 79
22 11
7 33
9 89
4 2
2 64
11 26
19 79
25 4
20 67
3 98
28 33
26 64
28 17
25 16
22 6
16 55
14 8
9 14
30 73
27 22
3 26
28 49
11 21
3 96
27 37
0 53
20 59
19 3
2 60
2 2
25 100
12 38
21 34
5 27
4 28
20 53
2 74
5 52
23 15
27 36
30 58
25 71
22 19
27 37
28 9
30 65
24 95
18 71
1 37
18 37
5 93
29 91
13 86
16 37
26 9
1 37
13 65
26 74
15 66
25 38
11 60
28 77
23 37
26 100
21 25
6 86
19 70
23 81
22 48
0 30
7 84
9 50
13 67
7 2
7 27
17 61
21 81
13 30
9 43
9 9
5 96
30 31
4 76
3 78
15 56
1 46
26 79
28 63
12 62
25 60
5 15
20 79
19 44
18 71
28 31
0 53
27 16
30 2
3 75
1 99
26 23
29 48
6 20
28 33
3 93
1 33
12 55
24 98
22 61
14 32
0 99
22 65
4 77
23 68
22 10
6 82
19 80
0 35
3 22
22 8
21 82
8 87
7 2
23 89
29 70
22 78
0 54
23 7
12 24
24 31
13 56
2 46
6 4
16 70
13 7
8 73
24 73
23 34
20 96
19 5
1 24
24 78
7 75
13 35
30 3
1 32
25 7
3 3
6 20
11 32
19 65
28 91
23 88
23 21
20 87
9 1
12 34
12 14
27 57
8 36
16 24
19 15
18 26
28 41
10 10
25 45
4 2
28 27
19 36
17 56
27 45
23 56
4 34
12 5
22 9
22 26
17 57
9 35
12 9
5 68
19 78
4 25
1 27
13 8
14 48
18 3
22 91
29 24
10 84
28 10
16 19
23 95
5 77
28 75
26 79
18 22
26 82
8 43
3 97
6 26
9 13
30 31
30 75
10 71
4 53
28 94
5 44
26 97
15 26
22 82
2 59
14 57
6 59
20 89
20 76
27 40
9 64
8 75
17 74
3 56
15 44
6 57
6 62
22 61
17 57
12 96
29 87
21 91
9 89
28 88
1 61
13 26
25 42
15 47
13 21
27 16
19 18
14 53
18 61
3 74
9 25
16 89
6 48
22 39
8 64
16 92
9 65
17 3
28 47
19 28
19 45
29 66
12 64
25 47
7 14
10 25
9 67
19 38
5 44
30 13
19 73
19 66
23 67
16 35
27 27
9 84
17 52
6 79
18 1
18 12
26 38
15 69
13 2
27 83
2 22
24 78
23 94
11 2
4 67
15 32
2 35
21 92
18 65
11 29
26 91
17 4
25 38
30 9
28 74
18 25
15 77
18 33
3 45
30 80
0 79
28 53
16 45
12 49
1 3
10 78
28 61
25 84
24 52
22 34
22 56
17 78
23 68
30 63
24 12
27 5
29 7
26 18
18 34
23 23
16 100
10 77
28 19
24 90
2 9
4 65
27 96
9 19
10 44
22 4
11 21
24 74
4 90
21 2
9 20
21 91
13 46
26 59
11 85
26 49
14 83
21 63
26 11
22 21
29 2
7 9
25 69
1 25
24 28
28 5
10 24
24 82
2 57
19 69
5 100
28 22
9 9
20 76
26 65
12 71
2 11
23 2
14 31
29 11
3 44
18 16
22 60
19 85
20 56
26 56
25 99
14 37
16 88
24 52
25 21
28 84
28 43
16 2
21 89
17 23
13 31
26 51
6 80
10 6
29 5
0 34
22 22
26 41
24 88
12 22
15 11
4 63
5 33
25 51
17 18
4 57
28 92
18 12
29 18
26 8
28 15
9 27
3 19
3 30
11 93
16 33
29 12
7 88
0 52
4 85
24 51
1 56
3 48
25 81
18 79
24 4
30 99
16 75
28 34
5 93
16 47
0 47
7 35
14 87
11 71
30 67
20 48
30 82
29 100
29 96
0 52
3 18
11 49
21 1
14 39
13 11
8 30
28 74
5 13
12 69
13 63
23 6
23 79
10 26
2 41
20 91
11 96
13 23
18 90
4 61
13 80
10 49
4 19
12 69
20 45
5 57
14 63
10 43
17 77
9 51
26 51
3 23
25 34
14 34
4 65
15 96
7 6
30 3
22 99
10 60
5 62
20 14
30 86
29 1
13 39
30 80
16 1
28 86
25 28
16 62
9 12
13 96
5 75
16 52
26 99
5 83
7 10
9 98
13 47
16 53
24 62
5 21
17 36
13 52
24 4
27 5
14 84
20 57
26 35
6 20
11 58
2 67
14 63
18 53
27 5
9 100
19 26
17 85
11 45
17 46
22 8
4 60
12 72
25 94
7 63
29 96
7 15
1 91
19 70
14 61
6 46
28 46
13 55
0 55
25 52
10 63
8 72
9 14
15 13
3 45
0 23
3 91
14 4
22 71
15 92
2 60
18 68
23 59
20 80
28 77
15 78
9 24
3 66
25 59
30 6
27 99
16 73
23 8
25 98
20 35
26 1
13 99
14 92
8 82
16 64
12 22
15 83
13 98
20 59
21 67
20 41
14 28
19 86
5 100
8 44
7 16
22 7
4 63
24 58
20 71
29 84
12 76
22 65
27 70
10 25
24 82
9 21
30 35
1 25
9 93
22 12
17 2
11 42
19 88
12 7
10 57
25 45
5 4
3 72
21 49
10 65
24 15
14 73
24 17
11 52
17 29
21 30
30 54
2 71
20 77
10 36
24 5
12 16
3 4
19 68
25 82
19 77
17 48
23 63
0 39
25 14
29 32
14 79
30 98
2 7
15 4
29 98
28 38
17 30
28 74
17 70
0 80
15 3
0 49
9 95
14 72
11 59
19 38
26 35
12 80
23 90
6 21
25 36
10 69
1 79
7 5
12 22
22 22
24 52
13 23
6 38
16 35
23 50
26 57
30 1
9 47
25 25
5 88
0 79
14 25
6 16
28 61
9 59
22 22
24 15
4 21
14 38
7 96
4 31
2 70
12 8
25 33
7 93
8 65
7 27
27 1
12 35
27 48
19 64
20 52
12 50
15 72
4 53
2 100
2 70
16 93
26 64
29 67
29 24
29 17
29 2
13 96
28 27
27 72
25 34
24 99
9 30
10 32
15 34
25 55
15 69
27 77
23 5
26 32
8 59
21 36
1 86
11 63
7 38
19 27
19 15
22 14
25 73
2 43
26 37
23 36
0 99
1 68
7 97
4 98
22 49
0 88
9 34
14 63
28 40
12 66
24 15
4 24
13 51
7 56
21 83
4 8
5 20
29 50
7 8
2 94
7 73
19 58
12 82
21 3
13 39
14 78
15 26
11 41
7 5
19 30
16 63
6 52
29 35
24 3
17 56
29 96
15 40
2 67
28 48
11 54
16 71
6 13
23 24
27 26
22 50
18 33
20 53
16 83
17 41
17 16
6 75
9 86
8 65
20 62
3 51
15 22
8 48
28 5
2 44
26 30
13 32
3 50
18 73
13 4
10 75
9 31
18 91
3 8
17 51
27 81
26 38
0 94
19 91
15 78
1 55
0 27
11 13
27 42
30 78
27 14
16 10
29 40
11 97
10 41
2 31
15 26
19 87
12 73
26 62
0 2
16 72
12 1
10 88
28 47
27 36
2 95
17 49
29 82
22 45
30 18
20 15
29 100
17 6
20 68
2 16
4 19
18 74
0 25
12 37
23 77
22 71
0 91
25 37
26 98
26 9
20 77
7 90
12 51
28 4
9 45
5 64
10 99
25 62
24 28
10 91
26 52
24 91
4 82
30 93
14 46
15 65
9 71
26 62
10 97
3 15
12 13
4 96
23 33
17 69
25 93
29 38
11 24
27 28
0 94
4 39
10 69
30 53
23 42
28 75
29 81
17 20
10 63
21 22
10 53
19 13
7 72
5 33
0 48
4 51
16 39
12 31
13 2
12 77
14 93
10 58
8 70
26 83
18 19
27 2
13 92
17 20
20 55
5 25
16 24
26 1
24 89
6 85
21 45
22 91
11 57
5 62
11 33
15 94
25 17
10 96
20 9
23 65
7 63
12 11
24 9
14 93
21 36
18 60
9 2
14 98
8 42
4 77
12 69
26 35
9 61
29 45
19 21
7 77
25 33
3 66
24 48
21 99
4 84
24 6
24 58
28 44
27 68
10 30
22 28
1 73
2 55
29 18
5 85
12 54
19 81
27 91
10 4
9 54
6 45
9 12
8 18
6 39
27 91
5 80
13 93
26 92
19 32
21 29
15 31
22 9
22 13
20 41
0 41
7 71
13 21
30 38
30 41
26 58
19 14
5 78
14 81
3 69
10 84
18 1
12 59
22 86
14 1
12 75
13 73
8 19
26 91
7 7
17 79
9 11
27 71
8 6
20 16
5 3
8 95
10 3
4 46
19 66
3 93
23 44
20 47
6 20
30 62
25 39
22 78
2 80
2 73
24 9
24 56
16 48
10 66
23 16
22 64
20 3
27 26
2 10
27 28
0 79
2 69
4 88
9 95
15 12
19 59
15 50
25 72
28 90
0 59
9 44
14 32
17 30
17 79
28 56
5 40
14 15
11 4
11 76
27 40
25 92
24 42
25 86
25 34
8 77
15 76
30 100
25 96
21 41
23 47
6 26
9 13
4 45
7 27
1 41
6 4
1 71
14 44
3 14
6 8
17 81
2 32
4 94
10 62
22 46
20 26
14 64
2 15
27 16
16 74
11 82
1 77
26 26
19 59
28 40
5 57
13 20
12 17
14 61
18 45
27 78
12 65
16 26
2 84
30 51
15 11
9 71
11 49
21 26
14 46
28 41
3 21
9 90
1 58
12 100
18 28
25 24
13 43
11 85
8 45
25 4
18 29
13 49
18 47
17 14
18 96
22 13
29 18
0 33
18 35
9 89
9 51
4 83
12 45
2 86
8 64
20 20
10 45
8 18
13 75
28 80
3 45
1 11
0 79
19 84
14 62
27 6
11 44
2 87
22 70
22 48
15 12
28 27
17 93
16 42
6 20
16 20
5 28
15 30
13 55
19 59
14 56
14 15
3 56
4 18
14 70
22 38
12 63
14 27
25 53
8 4
22 6
25 38
12 3
10 56
2 18
3 81
3 68
5 12
21 29
14 77
7 88
22 76
20 66
30 8
28 94
1 74
28 94
17 54
22 26
6 42
19 86
3 51
15 14
27 1
24 11
0 33
18 57
3 72
5 72
26 79
1 16
18 63
0 29
20 28
6 18
7 45
0 65
25 77
5 90
12 16
1 77
24 82
27 66
18 47
16 59
16 26
7 56
24 70
3 10
24 42
10 100
5 15
14 92
15 11
29 91
18 28
6 44
20 51
30 5
6 30
22 79
18 34
25 11
26 15
14 49
0 68
17 42
25 95
20 14
0 65
26 88
4 94
11 86
0 33
8 9
4 91
24 3
5 42
13 23
14 20
28 10
28 24
10 34
30 8
14 36
26 98
0 59
10 29
17 14
28 98
1 7
5 46
5 94
6 50
17 7
28 20
6 85
28 37
1 11
1 51
6 1
6 85
5 78
0 33
1 15
25 42
15 81
3 18
10 33
28 56
27 99
3 50
24 64
29 65
2 66
15 41
12 79
21 60
19 8
24 45
12 94
14 14
27 17
19 46
2 69
12 38
12 34
11 47
28 1
2 13
29 84
3 81
2 60
15 93
21 6
4 85
23 31
15 81
12 28
10 4
15 69
0 13
19 48
29 17
29 51
24 72
16 17
0 29
14 16
0 98
4 61
28 51
19 68
19 53
25 40
4 96
11 48
25 3
17 73
28 95
24 84
25 35
11 46
17 77
3 79
0 62
8 94
10 41
9 39
29 26
22 68
25 63
2 57
6 86
1 75
7 25
9 97
30 14
21 8
25 98
19 89
10 42
26 7
9 80
4 17
30 24
6 93
24 39
13 10
13 40
23 82
26 40
27 100
26 33
23 93
2 58
23 13
17 14
16 45
1 70
6 73
7 30
30 75
30 59
25 91
20 82
27 80
22 58
28 77
20 10
22 92
17 63
27 90
19 50
4 6
20 54
11 10
6 22
12 72
29 87
16 89
15 12
7 74
19 87
6 24
3 46
23 1
19 27
5 78
8 6
2 67
27 88
15 89
6 4
1 11
8 31
18 10
30 24
16 35
16 69
22 95
9 36
15 6
17 82
30 87
27 70
28 71
12 58
19 62
29 97
4 12
2 31
26 49
20 60
29 88
30 61
8 9
22 71
23 12
3 23
25 17
5 46
18 88
13 2
30 65
5 21
22 53
16 65
22 62
4 83
21 29
28 2
9 18
5 86
6 95
18 60
0 49
18 31
21 46
5 60
8 29
29 19
30 63
14 100
10 22
26 65
24 56
30 25
0 82
13 1
24 14
17 97
16 34
18 40
30 52
4 17
7 35
7 67
24 27
8 58
3 62
10 46
17 21
19 56
5 100
9 67
17 31
7 11
14 52
22 50
18 69
13 99
30 89
19 68
19 67
6 91
16 25
7 71
14 94
16 36
7 27
30 38
17 93
8 30
2 72
2 99
19 99
4 96
4 32
5 46
9 86
11 22
9 89
23 89
29 79
28 39
12 46
9 22
21 36
23 86
0 82
13 72
29 2
30 49
3 16
22 13
12 18
25 93
22 41
20 65
29 58
7 6
6 34
28 64
0 53
15 53
21 22
12 96
26 60
23 18
16 29
27 67
5 35
13 58
2 89
25 26
5 41
8 62
12 80
0 71
8 75
24 42
11 12
28 89
0 90
30 22
22 92
9 53
18 9
17 3
20 6
12 98
21 73
29 61
22 79
22 72
29 92
16 89
1 29
9 18
12 80
3 71
11 28
15 54
2 63
26 72
25 82
28 27
22 48
30 93
15 87
26 8
25 43
28 76
13 9
5 84
10 58
0 4
14 68
10 65
1 14
25 65
0 38
6 34
15 85
3 100
12 3
26 41
30 66
22 75
13 21
18 32
6 78
5 44
26 29
3 56
22 41
9 64
26 45
27 63
1 30
26 46
6 19
6 96
3 69
11 62
5 15
4 34
5 9
20 89
0 59
0 19
20 9
12 5
9 83
17 72
21 3
13 44
6 48
7 65
19 66
4 20
17 42
3 22
14 17
12 63
6 14
24 65
8 5
9 38
7 66
29 43
22 39
4 73
14 15
27 47
9 68
17 50
8 52
0 18
15 67
29 8
20 68
19 90
30 52
22 19
24 11
13 29
1 46
4 86
21 33
23 23
9 80
7 29
7 86
4 36
17 57
2 6
6 50
0 31
27 18
26 44
18 91
3 99
10 51
18 85
10 3
1 82
5 43
20 63
3 35
8 45
19 42
23 49
18 40
19 79
18 55
6 28
8 64
13 49
10 79
21 88
15 2
12 44
5 66
7 71
8 1
20 64
20 22
3 67
12 67
27 32
1 26
16 14
13 42
26 17
18 3
16 43
8 33
8 20
0 21
9 6
13 97
12 79
20 23
26 68
22 14
4 37
1 29
25 64
7 23
16 5
25 23
15 85
3 35
2 35
14 91
22 91
11 25
8 74
30 20
20 7
7 5
7 58
6 53
23 51
29 36
28 39
19 91
15 43
13 47
28 21
14 20
24 4
16 17
24 51
3 81
27 42
3 36
12 71
27 3
29 87
8 64
21 21
24 85
1 18
6 59
26 19
26 11
18 97
17 13
17 17
11 43
0 3
26 83
21 37
23 8
11 24
14 78
8 99
30 99
7 22
22 36
30 12
25 66
24 67
6 32
18 91
9 75
11 82
8 1
6 87
2 8
15 66
5 94
16 34
11 22
6 31
28 81
22 11
26 49
10 94
22 20
29 24
30 84
13 64
19 90
9 6
15 25
21 94
13 7
4 14
23 11
28 41
20 73
16 91
27 31
25 19
7 34
28 88
15 72
2 20
23 15
30 38
20 26
30 34
21 74
17 65
5 7
10 36
14 9
6 27
27 13
28 18
16 40
10 7
12 22
20 78
24 65
14 4
12 88
6 92
17 47
28 34
9 7
21 76
17 46
9 79
11 78
26 76
8 90
7 3
20 42
25 57
28 86
1 93
22 52
12 19
5 38
27 100
22 61
23 67
15 65
20 98
17 77
29 55
18 35
6 2
3 16
29 54
29 34
29 80
10 94
4 12
7 35
29 64
21 20
30 22
25 8
11 55
1 23
18 29
14 86
15 64
5 7
6 48
7 35
28 86
20 73
24 21
9 5
21 98
21 16
24 94
6 21
30 71
20 20
9 47
12 57
21 77
28 19
12 92
13 91
29 11
18 83
17 21
6 86
5 14
5 89
18 67
18 54
29 36
30 66
16 71
17 93
12 65
3 77
8 12
17 42
7 19
27 51
15 35
20 72
29 6
10 57
1 73
2 42
3 27
10 11
21 95
16 92
24 13
25 9
18 41
25 75
27 26
18 59
1 27
8 94
7 51
1 23
7 53
16 32
21 62
17 56
20 73
10 2
27 54
6 86
14 97
29 42
9 2
26 7
3 6
27 10
16 72
0 49
19 80
11 22
4 16
2 88
11 11
4 71
14 29
26 16
28 14
25 68
21 60
23 90
11 15
27 6
21 73
22 96
17 38
29 13
0 31
26 90
19 68
7 18
3 95
26 18
2 78
27 53
3 95
12 74
29 50
14 50
19 56
7 77
25 50
19 83
21 8
28 85
7 21
11 86
21 95
18 82
4 20
7 52
15 26
18 39
12 54
7 24
0 62
10 29
13 79
30 22
3 56
22 80
14 30
24 39
10 79
23 27
4 100
11 79
24 48
15 72
6 91
5 79
22 5
27 7
9 11
6 37
12 90
11 62
16 99
24 81
16 16
21 73
16 54
15 90
26 27
22 1
29 21
23 66
27 70
10 4
3 94
0 84
5 71
29 24
3 81
28 12
7 59
22 10
15 78
25 82
14 65
13 8
14 61
0 57
19 73
29 68
19 53
26 57
22 93
22 17
10 13
16 17
14 57
19 3
22 25
8 35
17 18
21 84
1 77
18 23
16 17
8 51
9 69
6 86
1 4
8 66
6 30
15 96
26 40
25 81
12 34
1 72
4 87
15 2
23 38
26 74
5 28
20 90
30 26
15 4
14 77
4 45
19 78
2 100
14 42
10 43
5 20
12 68
14 70
25 53
5 21
25 21
4 65
0 30
28 58
17 13
7 64
19 93
25 39
4 91
24 66
29 9
25 35
8 17
5 90
6 14
12 19
25 2
20 39
2 47
17 45
6 18
13 35
19 49
30 83
29 53
2 86
20 81
8 93
17 83
26 100
17 95
3 11
3 84
3 32
21 98
23 96
27 71
9 51
0 60
15 96
21 23
11 8
30 66
21 48
12 97
17 96
10 7
18 89
11 6
6 6
1 37
24 22
26 97
23 65
0 21
16 84
16 85
26 21
7 14
11 65
19 61
1 54
10 63
1 83
30 62
29 64
29 4
7 48
8 95
8 93
9 22
20 59
20 13
1 66
25 96
13 26
9 2
28 45
10 19
0 5
2 50
13 24
8 50
11 15
21 96
4 41
2 51
25 59
22 93
13 56
29 6
12 11
8 90
26 8
14 54
11 39
5 36
15 39
5 56
3 52
23 1
10 82
12 7
12 5
8 44
28 8
13 100
16 69
26 64
29 100
11 6
28 67
9 26
8 53
0 42
22 9
21 93
3 53
28 42
9 50
3 33
14 53
17 28
9 82
14 20
15 94
26 61
6 93
0 77
29 74
28 55
4 52
6 45
2 61
11 84
20 98
10 39
0 69
15 22
25 99
3 92
3 8
10 10
27 80
10 73
17 46
26 6
4 62
17 27
3 24
3 31
29 54
26 49
7 90
27 42
5 70
8 64
8 100
10 49
7 49
27 54
18 58
10 88
12 41
3 12
0 64
19 64
26 64
0 41
0 34
18 82
5 9
20 81
15 29
7 84
22 6
14 56
10 11
3 20
1 39
23 70
16 43
0 21
30 70
13 20
12 79
2 35
18 60
8 74
13 39
18 48
26 29
16 63
13 96
5 58
1 84
6 36
23 62
22 10
25 9
21 57
28 98
26 53
1 6
1 32
7 40
20 68
19 8
20 88
1 40
11 22
28 1
26 79
30 69
5 36
13 94
22 25
23 34
5 47
3 80
19 42
6 31
26 75
18 37
5 55
7 25
17 17
1 41
10 84
29 21
7 50
14 2
12 4
28 34
17 38
3 74
26 78
26 78
19 67
15 52
30 97
1 57
17 21
5 31
2 9
0 41
10 17
2 49
29 26
15 85
18 73
4 41
24 78
24 32
5 95
4 64
10 20
18 26
11 78
8 55
11 4
2 94
1 61
1 90
14 25
28 91
9 98
9 90
9 57
18 33
28 16
16 35
7 70
26 45
2 39
26 11
11 24
4 75
26 24
30 93
19 76
22 73
28 25
27 53
10 93
8 90
27 51
21 28
19 65
7 43
9 68
16 48
13 48
27 90
18 75
26 68
7 49
8 62
11 38
19 3
24 85
18 22
6 84
2 94
27 86
4 92
21 47
29 61
10 15
18 5
8 22
24 18
30 39
10 47
21 76
24 82
23 68
16 71
13 29
2 82
12 32
24 6
13 14
15 50
29 3
30 34
5 27
26 5
2 39
6 19
17 83
24 16
12 28
6 26
10 56
25 9
4 59
16 69
17 11
21 50
20 85
12 11
17 11
0 80
20 81
6 20
7 75
26 41
22 96
8 60
21 83
14 100
14 78
14 89
5 65
6 88
12 91
27 60
25 67
12 44
22 78
24 55
0 21
7 9
22 72
19 44
3 11
19 46
1 41
28 80
5 95
22 22
30 84
25 4
21 36
22 58
6 4
26 20
30 61
20 25
20 91
28 79
15 9
3 10
24 40
28 3
25 97
28 65
8 13
4 26
26 52
22 32
30 7
28 43
3 37
3 50
20 89
21 42
11 46
29 18
7 82
5 34
26 20
28 12
30 56
9 33
19 39
26 64
0 21
18 32
7 11
23 59
13 10
26 16
27 14
27 79
21 76
6 85
20 32
28 26
19 73
12 68
4 79
11 39
4 67
22 6
14 92
19 52
22 16
19 17
11 34
15 90
6 12
28 30
10 6
15 63
3 25
3 54
30 27
14 24
9 86
4 87
1 45
21 80
29 46
1 16
14 85
4 59
26 32
15 47
16 3
4 17
5 16
1 36
13 64
11 61
10 43
14 62
5 100
2 19
1 25
21 60
20 49
8 10
30 46
28 92
8 38
2 59
13 46
30 23
7 90
12 23
25 34
12 51
13 8
20 73
21 34
20 72
8 7
24 58
7 83
11 58
27 42
11 52
11 48
16 41
2 56
25 91
16 92
0 46
29 50
2 26
29 25
2 93
15 6
21 27
8 18
12 18
12 61
14 99
6 34
6 52
22 33
21 78
3 2
26 10
18 16
14 52
25 22
3 79
17 54
1 63
20 15
2 51
24 43
11 33
26 91
16 28
24 88
22 76
19 59
18 65
3 27
21 26
16 3
20 88
4 15
2 90
6 62
19 5
21 71
3 66
4 18
22 72
23 51
15 12
24 23
19 22
29 49
8 75
8 28
7 55
12 100
30 32
2 88
9 23
5 97
17 7
10 22
26 16
4 65
0 34
8 31
7 77
25 51
30 46
28 83
25 67
7 45
14 81
15 24
22 73
4 70
21 25
11 91
16 77
9 4
28 97
7 30
16 27
8 70
23 35
8 57
12 37
9 72
27 44
1 92
9 74
6 18
1 42
22 32
9 24
0 91
18 40
0 66
16 69
0 5
10 17
15 56
29 95
25 24
1 32
12 45
20 8
27 86
10 78
14 77
20 33
25 6
30 51
29 3
30 8
16 81
30 2
21 36
5 7
21 79
1 27
5 21
1 27
3 69
22 84
9 75
12 82
4 26
29 87
10 88
28 35
13 56
22 68
14 59
19 10
15 40
2 40
19 71
16 19
5 36
28 31
21 15
20 76
6 84
9 71
11 50
25 18
16 51
20 91
29 42
3 46
9 59
24 44
5 41
30 89
12 80
14 77
8 82
23 49
26 82
17 80
3 19
6 13
9 66
2 10
18 89
2 36
24 3
28 47
15 38
12 18
21 26
26 38
1 80
29 52
23 24
4 35
12 78
11 23
4 6
30 61
26 38
0 25
15 25
20 41
14 49
30 17
6 91
30 34
15 98
0 51
23 41
22 28
7 99
14 27
27 1
25 48
7 16
24 7
24 40
9 7
12 47
22 88
23 39
10 21
19 67
21 24
24 8
19 85
18 55
25 13
6 23
29 11
4 23
29 95
5 99
29 56
3 78
14 19
1 46
5 53
22 57
22 63
23 47
19 7
22 71
2 63
22 13
11 24
22 77
2 41
20 39
4 100
21 75
29 48
13 83
3 93
23 32
13 7
23 15
15 97
21 57
22 47
11 23
23 44
0 85
0 49
25 42
24 10
26 57
19 92
24 13
13 57
8 45
22 9
12 35
8 43
21 57
28 50
28 14
27 57
12 8
17 39
18 20
18 32
13 52
11 97
23 100
25 91
28 41
3 48
16 17
8 53
13 18
11 60
24 25
26 1
24 36
14 75
18 66
9 78
22 59
5 3
13 41
26 24
11 37
30 9
15 60
16 23
10 68
11 63
6 25
27 7
25 87
18 5
1 98
3 95
0 80
25 42
0 96
6 69
20 59
1 94
0 86
10 48
17 97
22 31
3 97
10 5
19 51
16 88
12 24
18 19
29 61
12 58
13 77
22 83
21 3
9 44
6 73
15 6
2 87
20 78
1 64
29 56
14 19
21 64
21 20
17 23
22 95
5 24
25 4
29 79
2 84
8 27
3 8
7 3
1 84
20 58
6 23
4 28
28 44
1 41
7 24
15 67
24 63
4 50
18 1
22 26
5 24
4 92
3 13
15 68
28 56
1 94
21 75
28 93
16 80
26 71
16 99
17 34
7 21
3 47
6 11
11 70
26 44
19 95
30 74
19 12
7 61
27 90
28 78
16 42
22 2
2 46
20 14
21 52
25 96
5 72
18 9
19 49
12 38
11 84
28 79
28 71
14 18
24 73
2 46
17 78
28 39
19 17
25 60
23 69
27 27
16 7
7 47
10 52
23 11
30 44
16 18
8 18
16 5
9 54
25 53
15 71
26 9
9 30
16 26
4 16
1 18
10 54
11 2
9 98
10 80
20 81
6 13
5 75
5 59
24 39
22 20
24 74
2 70
26 63
19 98
23 28
29 37
8 84
28 96
27 51
29 66
10 5
3 91
22 31
27 94
17 69
26 47
19 70
3 58
0 83
17 77
22 72
20 7
7 63
29 70
11 94
27 18
17 99
24 71
12 86
12 74
0 52
16 82
0 85
17 51
14 7
19 24
19 69
7 45
24 3
18 93
3 25
21 6
3 100
2 16
24 8
13 52
0 74
16 23
27 15
26 72
12 20
5 57
1 57
13 10
29 100
14 30
24 25
8 1
11 31
16 86
13 12
11 68
10 42
17 17
8 27
7 98
18 26
6 5
22 15
2 41
11 2
22 66
29 95
28 52
28 37
10 29
0 13
28 100
10 91
13 94
3 11
27 24
13 80
9 100
24 10
0 37
15 70
12 83
2 29
12 8
28 39
8 54
1 93
8 88
6 62
7 46
5 1
22 36
1 72
4 83
1 80
9 27
4 59
28 7
1 47
15 6
18 18
0 2
8 41
8 92
27 92
11 32
3 34
6 2
20 21
11 26
5 69
27 28
18 84
0 2
8 90
18 88
11 74
3 51
28 58
12 61
27 85
15 31
20 4
19 16
4 49
30 64
17 73
23 61
27 93
30 90
26 25
9 56
14 29
30 93
0 51
28 19
6 72
4 97
15 71
30 43
13 98
2 27
25 76
29 25
30 54
11 47
30 44
5 5
1 30
7 51
5 28
4 96
14 47
10 23
4 48
19 53
28 67
29 68
17 77
8 27
6 95
24 52
17 1
14 47
2 9
7 4
1 12
3 58
30 77
7 23
8 72
28 99
24 56
25 9
22 88
23 24
11 69
16 64
18 90
13 97
20 50
26 40
24 97
29 43
5 43
13 49
6 5
18 40
2 50
3 10
14 41
1 49
5 49
9 100
12 11
6 63
4 43
26 40
25 10
3 64
15 52
24 96
22 16
1 5
8 14
10 41
28 5
12 88
29 70
3 99
9 85
2 68
29 23
14 48
15 94
25 61
25 61
4 30
3 51
14 95
0 90
15 30
19 71
19 28
14 100
17 20
27 60
11 98
26 80
8 94
18 45
6 11
11 100
2 96
21 80
16 3
14 22
29 52
20 19
26 38
0 35
8 9
30 2
3 6
20 47
9 65
7 23
21 93
13 3
14 20
25 45
20 10
12 76
7 33
28 73
11 97
21 84
1 94
21 41
23 100
30 41
16 32
29 17
17 12
22 61
20 13
28 44
9 4
21 19
16 54
12 48
13 3
8 17
2 62
9 91
29 15
18 74
19 77
25 35
24 32
21 2
28 34
8 99
13 65
27 87
28 85
28 29
18 27
15 22
9 21
4 6
7 72
27 39
26 75
14 47
24 69
15 59
0 50
17 89
6 58
2 34
21 79
18 71
12 21
5 54
29 49
6 11
6 9
29 10
29 36
20 89
25 17
9 7
8 55
12 17
23 20
21 2
9 97
25 24
19 72
18 69
12 5
23 50
1 22
30 14
26 49
7 80
27 8
5 59
14 44
2 38
6 31
18 88
13 36
13 98
25 34
29 59
24 80
24 82
3 49
2 81
15 94
30 95
25 2
17 7
15 10
19 86
0 99
24 85
26 36
20 46
21 67
2 49
27 40
0 12
6 47
29 69
20 77
3 91
21 61
4 40
10 5
17 15
9 81
11 86
9 83
20 100
10 27
24 70
0 83
9 20
4 76
17 40
1 78
30 12
18 45
28 78
10 24
9 54
1 26
21 56
20 22
4 42
25 75
17 85
4 96
6 100
6 72
29 18
8 5
22 60
21 9
1 80
1 85
27 77
28 33
3 13
16 18
15 11
5 70
5 30
27 85
11 7
10 55
28 28
2 76
27 21
0 77
10 100
8 56
24 37
30 4
22 21
19 42
9 82
28 67
19 80
0 46
1 93
9 37
3 9
28 95
10 78
19 55
5 96
21 75
23 67
21 58
29 38
16 86
6 34
28 38
18 28
15 33
3 73
13 30
13 14
16 42
14 4
27 50
3 69
28 93
6 92
13 36
25 88
10 8
24 32
2 91
18 18
27 96
1 54
18 37
19 72
12 47
11 17
5 23
22 52
22 30
10 85
1 23
1 81
6 6
2 30
0 51
16 20
28 16
9 76
8 66
23 93
24 49
3 27
16 23
18 71
6 93
15 50
2 29
8 43
13 64
24 94
19 53
19 35
6 72
3 29
10 11
23 61
10 42
4 58
22 64
18 27
23 11
25 71
23 21
5 62
28 29
17 65
9 48
1 54
1 92
8 86
25 54
10 89
18 52
20 89
20 22
19 5
16 18
25 77
19 89
15 2
13 69
23 37
2 13
29 29
14 38
25 98
8 31
4 84
11 8
17 74
10 66
25 68
30 87
0 84
6 30
9 63
24 19
1 6
13 37
7 60
18 26
1 87
13 19
10 82
1 31
30 77
23 68
0 83
27 73
24 26
26 94
29 30
15 9
2 71
7 48
16 25
22 88
25 33
19 54
30 96
29 58
24 63
13 16
21 30
8 92
13 85
21 48
1 8
20 90
22 69
16 13
0 16
19 39
2 10
16 85
5 57
23 52
1 97
29 60
30 49
28 91
22 59
8 79
21 92
17 50
0 91
19 62
7 89
23 100
8 55
7 19
4 25
7 73
15 97
0 28
28 31
25 52
20 100
5 10
2 14
5 6
8 52
14 3
3 94
16 87
9 78
8 66
6 20
24 42
15 64
21 84
28 38
1 44
29 19
13 35
30 64
5 23
14 54
24 95
10 55
11 73
13 37
6 58
29 97
8 96
11 96
21 10
3 92
22 42
6 97
1 13
2 1
16 24
14 85
12 4
11 76
30 48
13 1
1 34
10 22
18 58
19 11
29 37
18 88
9 72
30 59
29 60
13 5
18 82
4 4
26 95
20 85
7 93
22 60
8 28
28 49
13 42
1 99
16 33
24 3
5 63
9 6
6 5
14 47
19 81
17 83
26 96
8 42
22 20
24 74
21 84
29 73
1 79
24 2
14 77
22 36
14 42
8 62
23 56
1 97
4 53
7 26
25 2
3 89
21 19
12 50
19 60
14 96
26 24
18 1
8 61
14 27
23 94
16 16
18 82
28 65
23 71
21 63
24 26
22 22
21 7
7 96
28 45
18 69
24 18
16 64
16 53
11 23
6 5
29 59
10 28
19 27
13 82
10 63
6 41
24 68
11 77
10 48
22 20
30 46
30 70
17 40
30 17
6 2
29 91
13 92
18 36
6 56
3 10
14 88
23 21
13 4
16 94
18 85
13 23
7 9
30 41
0 95
5 19
4 53
2 78
25 49
9 66
20 64
25 69
3 30
24 78
2 22
1 60
7 50
16 19
10 66
15 49
16 15
25 89
9 80
20 100
8 41
3 67
0 33
3 33
18 96
13 46
28 10
7 65
29 95
1 90
13 21
19 25
18 31
13 31
1 26
22 8
17 62
25 49
16 39
15 21
20 21
21 64
7 93
22 91
22 98
18 65
8 51
16 72
20 32
19 70
28 27
21 41
3 59
12 67
27 32
8 68
16 24
10 17
16 2
27 6
0 67
2 42
19 65
21 14
2 59
0 39
22 22
8 29
13 26
4 53
6 62
9 21
1 28
3 11
18 45
1 95
21 66
2 14
19 66
0 39
17 71
24 49
22 86
13 78
16 57
11 10
12 55
11 69
9 10
19 42
18 71
19 5
25 24
30 70
13 18
21 16
9 84
28 13
21 46
27 5
0 50
20 84
6 60
13 27
30 55
16 9
18 87
24 17
10 90
5 55
21 65
30 7
11 48
0 64
30 68
23 99
20 63
11 92
9 19
2 84
30 17
21 32
9 62
3 93
17 12
19 23
3 69
6 40
11 72
22 28
30 17
10 22
28 60
18 27
13 76
8 28
18 100
2 34
9 4
11 10
3 29
5 77
26 70
16 1
21 8
3 96
9 72
28 63
6 1
3 49
3 44
28 7
0 63
23 54
3 81
20 32
4 88
23 11
13 86
8 33
10 76
1 25
24 52
24 80
25 19
6 43
8 78
8 88
0 29
7 73
0 47
19 64
7 44
12 23
29 52
14 1
19 26
19 92
14 58
20 26
2 39
1 32
10 94
16 55
3 17
17 69
15 26
17 12
12 12
24 69
1 5
5 71
25 91
1 99
9 47
19 60
3 34
2 47
5 64
1 6
2 53
2 2
0 99
28 58
6 79
8 41
8 99
27 40
11 56
20 78
5 78
10 93
0 30
9 45
24 1
5 61
21 71
22 61
20 97
10 10
2 88
22 30
29 23
5 74
1 13
4 81
30 62
13 45
6 94
13 21
9 60
24 98
30 61
19 14
28 3
20 4
16 62
18 12
27 38
13 21
23 57
12 51
14 60
13 53
4 92
12 70
15 97
24 17
0 28
13 85
21 56
24 22
4 32
28 99
14 89
0 75
23 23
9 75
8 40
23 8
0 61
18 72
26 86
5 53
7 82
28 74
4 3
4 78
20 53
23 47
23 1
23 34
17 72
5 56
19 83
5 99
23 42
20 6
3 85
18 52
23 70
14 83
9 46
25 26
10 64
12 24
9 1
8 9
30 76
22 93
21 80
10 96
4 67
18 25
6 66
3 52
27 26
3 6
23 47
27 72
16 3
8 61
13 50
13 36
2 9
7 24
17 14
8 29
17 30
14 25
26 7
26 71
8 37
24 13
26 44
9 79
20 49
17 76
29 3
3 41
24 31
25 28
9 46
1 40
28 26
27 100
5 32
15 55
2 74
18 54
28 35
6 20
9 76
22 94
21 33
9 20
15 27
29 90
24 81
11 5
16 13
20 61
5 46
15 86
5 10
23 40
29 36
25 1
24 47
29 69
1 25
21 55
8 56
14 27
19 47
10 24
12 61
1 91
7 89
26 17
4 33
3 35
23 85
25 26
22 20
25 35
20 85
17 23
0 27
0 37
17 37
18 72
25 87
24 62
5 80
18 27
29 3
26 21
23 85
8 5
16 55
0 17
15 40
14 64
19 42
11 10
18 41
21 66
11 39
9 57
20 33
6 6
17 3
27 100
10 84
4 51
27 13
24 82
7 9
27 97
2 92
20 81
6 51
22 34
2 85
15 45
4 45
0 6
29 4
23 72
0 50
24 9
21 13
21 19
5 85
12 87
26 8
0 78
19 19
25 67
24 8
30 8
26 88
2 2
2 93
2 44
22 79
30 1
3 75
14 87
28 93
24 9
25 54
26 54
0 91
30 48
25 70
11 12
19 50
23 32
6 9
25 86
28 14
25 98
17 73
4 5
26 12
3 61
1 20
4 83
22 11
1 59
15 49
30 11
0 22
12 39
14 78
22 26
8 97
1 87
18 11
14 36
11 66
28 97
10 41
18 44
21 87
3 41
27 52
0 43
11 57
10 91
25 62
11 79
15 62
15 55
23 27
18 96
15 93
3 73
29 45
24 54
1 47
7 86
0 54
11 2
18 63
22 89
7 8
16 67
4 63
24 57
10 20
27 26
24 59
18 61
9 61
28 70
14 62
24 65
29 17
22 38
10 95
19 63
1 81
1 59
24 38
11 62
28 55
8 86
30 97
11 73
18 94
11 86
28 81
8 52
0 50
22 88
10 74
20 59
13 53
14 45
22 84
14 17
30 30
30 10
19 25
1 95
19 99
17 63
19 25
1 54
5 96
1 57
3 87
9 47
25 78
15 77
7 3
23 1
20 11
1 44
22 81
11 37
26 58
19 41
13 49
17 56
27 34
15 31
14 32
8 67
24 21
12 90
4 2
22 56
27 61
30 36
25 49
19 46
11 32
27 83
16 82
6 40
8 99
13 36
23 23
7 56
12 11
14 39
1 58
17 37
13 83
5 87
8 22
17 68
1 47
27 39
25 23
21 44
24 31
21 73
24 38
11 51
3 65
22 83
13 32
12 87
12 58
15 33
19 49
1 65
23 10
9 24
1 22
25 96
6 93
25 92
15 53
24 95
0 15
7 80
0 28
1 87
15 15
3 67
15 79
4 37
11 39
17 11
21 9
28 62
22 26
11 80
7 93
11 29
7 77
16 99
22 61
10 17
15 25
29 78
25 53
8 18
2 95
22 70
8 87
17 6
28 52
12 87
2 65
29 84
7 44
21 55
0 45
2 9
29 86
21 13
18 49
29 73
4 20
1 95
28 28
1 58
22 96
24 78
6 65
29 57
9 41
17 94
18 87
30 20
29 44
28 37
0 67
11 74
6 79
28 7
30 67
20 40
19 1
8 98
10 63
12 62
23 44
29 23
12 79
12 28
13 59
28 12
23 11
7 77
26 4
14 62
25 61
4 89
11 91
22 88
28 5
25 93
30 16
13 68
8 36
16 79
13 25
4 84
8 84
16 23
14 99
9 64
14 76
2 71
22 50
26 6
23 56
4 62
14 51
0 100
19 46
8 45
23 68
26 24
7 83
15 13
5 86
19 87
11 38
9 55
1 35
23 82
23 11
16 34
20 98
12 86
15 65
5 98
12 42
25 50
14 36
18 46
13 37
8 62
18 26
7 24
20 77
24 74
8 1
26 90
22 40
29 93
0 60
9 24
21 35
1 23
18 99
28 12
19 95
25 61
2 90
13 67
1 13
21 11
14 5
25 59
14 26
19 35
26 95
7 58
9 36
1 48
29 15
9 89
6 61
4 58
8 76
14 48
13 1
7 27
17 79
23 83
21 94
4 65
15 47
20 13
20 52
30 83
3 74
26 32
8 38
23 16
1 25
21 23
4 84
6 26
1 27
1 73
16 12
11 83
26 61
30 87
14 82
2 76
24 5
14 14
6 56
0 66
25 66
27 4
6 70
2 23
10 13
0 79
12 53
25 38
12 64
4 7
6 92
20 8
12 4
15 2
18 8
24 88
8 3
30 92
4 54
8 76
28 38
23 22
28 40
9 31
9 89
2 57
3 39
9 16
23 84
20 75
18 28
17 54
23 35
20 33
0 97
4 76
2 99
29 38
3 33
25 1
9 49
19 68
26 4
3 34
1 39
14 87
18 78
9 36
25 77
6 58
10 69
16 75
16 93
18 3
6 26
15 82
17 10
29 77
4 84
4 28
4 71
23 20
15 97
19 91
2 51
6 6
28 14
20 63
25 61
1 24
4 66
9 97
7 42
0 57
16 45
25 34
3 49
3 73
0 57
0 47
3 20
3 73
14 27
25 29
22 3
7 12
7 88
22 50
0 3
9 56
30 22
23 18
19 88
27 21
4 59
0 10
7 75
18 41
22 88
0 62
24 6
28 53
7 50
3 10
12 41
29 75
14 41
0 47
20 37
7 50
2 79
4 7
16 42
16 61
23 45
15 21
11 17
1 87
26 75
8 16
22 7
5 53
26 74
15 24
17 20
19 33
0 45
12 64
10 92
6 97
0 2
17 36
7 11
23 13
3 52
8 35
4 27
2 97
2 55
9 54
0 61
15 29
21 21
26 23
30 26
17 67
9 85
4 96
26 11
1 49
24 70
15 78
7 90
28 93
9 25
8 52
0 98
23 11
21 82
21 18
23 56
26 5
15 58
6 19
15 23
14 82
6 83
4 52
12 82
3 25
8 31
30 87
29 86
27 64
2 49
20 50
17 50
4 27
30 36
9 30
25 78
18 44
4 48
7 26
23 46
14 40
17 37
15 50
5 85
22 75
26 95
21 81
13 34
30 88
28 38
22 64
27 68
16 26
28 98
15 25
8 27
24 88
3 41
20 61
15 41
17 85
28 51
4 41
0 78
9 99
7 79
30 31
3 52
11 27
11 70
16 50
29 100
19 83
7 2
15 22
30 13
15 25
23 38
8 18
5 93
21 71
6 17
26 13
2 61
26 19
7 16
16 100
22 87
6 18
25 19
23 5
6 39
3 37
19 82
28 7
6 85
12 86
22 83
23 54
1 56
15 8
21 43
1 37
20 78
26 11
16 15
0 6
16 61
15 21
1 50
5 15
19 42
26 94
23 11
28 93
2 54
20 33
15 38
18 23
10 26
7 91
27 42
29 82
26 48
26 68
4 91
13 90
4 87
26 22
25 10
19 3
17 74
13 11
16 34
12 98
19 100
19 21
12 13
2 85
5 33
1 93
16 48
3 35
6 55
6 93
22 85
27 65
7 53
4 30
27 70
8 77
28 29
10 6
25 39
7 49
20 21
2 79
22 55
10 50
8 16
15 40
17 32
18 66
9 15
26 98
16 89
8 47
5 89
1 71
14 7
4 89
29 38
13 82
27 84
24 58
14 61
16 52
6 98
29 7
21 90
13 89
12 22
24 21
0 26
29 78
21 18
28 66
27 28
27 87
5 18
28 4
24 31
9 46
8 74
29 35
22 13
24 78
28 71
2 49
2 70
14 23
24 30
30 62
29 52
3 95
16 20
18 90
24 1
0 3
15 34
18 4
5 2
16 48
0 51
25 28
12 75
3 93
2 69
11 49
8 4
15 29
25 44
27 64
18 92
3 41
11 81
15 4
29 33
18 1
18 26
4 49
22 88
12 97
27 61
11 38
7 72
24 22
8 8
24 20
1 44
3 16
14 55
6 90
12 42
14 18
29 29
14 40
18 45
14 13
3 87
22 80
24 17
17 37
23 90
7 37
6 39
10 59
29 66
15 100
3 68
21 28
6 97
13 9
10 47
7 92
14 38
29 65
26 12
14 59
30 97
24 24
28 18
12 44
24 82
23 4
27 40
6 49
14 63
6 85
30 65
1 5
9 14
13 19
20 90
23 78
21 4
7 16
15 22
19 65
16 56
16 63
2 91
5 12
5 9
28 54
28 15
3 92
1 35
29 95
18 10
23 30
24 77
0 1
18 40
10 81
13 12
19 53
24 5
25 57
28 24
0 75
22 9
24 74
26 2
28 45
15 31
18 19
13 77
22 35
5 10
17 82
22 71
17 28
3 91
14 6
22 78
23 4
26 6
18 72
7 78
6 24
3 65
13 49
24 21
3 68
20 91
20 7
9 25
28 65
28 72
19 72
16 85
23 47
25 60
17 23
26 74
18 59
13 94
13 81
8 32
20 39
3 64
24 89
9 55
11 34
15 9
12 48
25 5
3 51
5 20
10 73
26 49
7 81
14 3
0 16
29 53
0 8
30 89
3 4
20 18
7 85
1 55
19 2
12 76
7 21
5 30
28 59
29 94
9 22
2 78
9 93
19 100
13 18
18 23
22 85
21 13
23 76
5 1
22 33
28 92
0 21
10 99
9 29
12 42
17 54
7 16
5 92
11 69
17 55
23 18
25 92
22 80
21 85
30 18
21 65
30 37
19 74
18 83
27 75
13 14
9 47
19 43
22 55
2 30
15 4
18 80
26 83
13 49
8 92
24 42
19 99
27 61
1 85
24 60
28 77
8 7
28 41
20 3
11 75
0 34
7 12
20 96
29 72
2 64
20 84
18 31
10 72
23 77
7 37
7 93
6 67
29 2
0 78
5 68
3 78
20 73
21 59
16 21
6 38
21 97
15 84
0 59
21 25
30 10
5 7
27 92
4 62
7 74
9 3
10 81
25 43
19 15
22 91
14 62
0 96
10 29
12 75
20 34
2 3
13 19
28 98
27 2
20 33
29 70
9 32
24 2
3 28
15 17
0 45
2 78
7 72
8 7
3 90
19 37
20 91
11 74
29 69
0 7
7 88
23 97
25 6
0 76
9 93
12 44
7 57
0 52
17 93
30 70
20 93
22 43
11 68
30 21
29 81
11 46
5 82
23 64
17 5
30 94
15 80
20 18
28 18
21 45
11 41
7 38
19 38
8 59
16 7
30 73
20 91
12 94
11 34
11 69
16 9
2 48
6 35
19 81
16 93
23 44
13 63
4 99
23 69
16 44
8 41
27 85
15 100
3 5
9 22
21 88
8 43
17 85
26 65
22 100
26 25
16 4
4 62
9 86
22 93
0 19
28 5
23 78
18 80
30 30
15 27
25 2
23 57
10 79
21 59
30 60
7 32
25 81
14 60
11 14
20 6
11 72
17 65
22 85
9 74
13 19
12 90
3 9
10 55
30 19
1 11
3 81
30 71
28 4
7 97
23 23
16 88
17 56
8 25
2 66
28 43
9 68
30 64
1 67
7 57
26 87
11 46
15 87
12 65
6 44
21 49
26 75
30 20
19 88
11 5
21 96
29 69
13 57
29 88
13 100
18 72
15 79
5 95
15 82
22 83
8 82
8 26
11 87
25 94
7 73
21 4
5 86
26 17
12 47
16 58
14 10
0 45
30 88
4 2
10 92
1 32
20 93
9 96
14 24
30 78
1 56
9 96
5 30
19 77
25 62
19 96
9 63
14 7
19 76
18 25
25 4
17 66
4 47
20 28
22 69
3 80
22 67
9 88
19 1
17 98
27 1
14 37
14 42
6 90
29 55
22 89
15 27
1 84
23 88
24 2
8 35
13 69
4 59
23 58
7 63
3 3
27 58
9 98
3 78
26 23
7 13
5 51
16 42
18 39
11 89
3 45
26 10
16 3
3 23
21 57
24 38
8 84
12 5
24 82
5 58
21 55
8 90
12 64
22 46
26 50
23 95
19 18
16 78
28 10
30 64
11 68
5 97
20 24
14 72
22 89
24 27
21 11
23 16
19 75
26 36
20 16
4 76
18 18
15 18
12 73
10 78
24 80
5 40
4 14
6 62
8 32
19 50
8 73
15 91
25 76
7 76
14 88
27 32
13 4
25 99
17 62
11 36
19 82
20 86
2 65
2 10
9 52
9 26
28 13
1 31
6 67
28 2
14 25
20 99
9 26
25 84
14 71
27 28
4 59
18 61
7 43
29 74
2 94
1 43
4 2
19 13
8 32
17 50
16 95
8 7
14 8
29 53
10 13
18 82
19 83
8 67
15 22
29 58
4 49
17 84
1 23
30 37
7 43
4 21
2 61
26 39
18 71
19 11
29 10
20 44
0 15
28 11
21 46
0 23
7 39
2 19
0 54
28 34
14 79
11 36
21 37
15 60
24 74
7 90
10 17
30 66
7 6
25 40
16 8
14 11
12 4
25 37
5 92
3 1
17 59
19 72
17 25
11 35
8 20
8 51
14 92
23 40
8 49
1 53
19 31
20 34
26 77
17 35
21 31
14 69
4 22
30 55
25 21
30 95
19 64
13 6
20 14
15 60
10 31
20 9
7 68
30 45
15 87
25 18
26 74
14 96
9 20
23 58
14 69
0 10
13 53
2 24
25 89
16 82
24 85
16 75
26 34
29 68
8 24
19 86
17 64
6 55
9 64
26 69
29 97
28 37
8 10
5 93
15 92
29 79
24 78
18 21
30 99
24 84
21 89
2 10
27 72
27 66
10 42
25 46
13 64
4 89
1 13
21 76
7 46
8 13
14 13
15 72
5 90
26 69
29 50
20 61
1 82
25 31
5 4
12 1
28 14
27 92
30 3
16 92
6 10
21 16
24 29
1 29
22 100
15 66
16 86
8 30
6 72
26 11
3 75
17 66
5 56
14 17
28 26
3 59
18 86
15 36
17 4
20 6
26 47
2 9
23 1
6 11
26 14
4 35
25 33
8 28
0 70
30 23
15 100
7 12
29 70
9 38
12 74
21 19
29 71
18 31
17 99
23 49
11 58
27 90
9 4
21 38
3 45
12 82
2 95
16 3
4 69
30 94
8 99
6 94
18 58
18 9
15 93
22 88
26 71
30 35
6 72
19 95
12 29
26 31
9 50
3 84
13 9
28 87
26 71
27 85
11 84
27 6
7 6
2 42
4 80
24 100
13 51
10 79
18 40
22 41
24 81
20 17
21 94
7 56
8 31
25 61
12 69
15 30
0 82
29 49
0 43
28 33
17 54
2 72
25 95
11 54
27 74
12 30
20 54
13 1
12 60
22 88
2 99
10 90
7 65
1 83
0 56
10 59
11 1
19 100
18 24
11 8
19 48
23 58
26 8
12 47
20 34
3 95
3 61
6 28
7 59
27 91
10 63
24 42
28 17
14 47
1 7
5 14
27 25
5 1
11 87
4 44
9 19
15 52
18 69
4 42
21 89
26 76
1 45
0 86
25 64
18 99
15 22
28 7
11 15
29 32
21 91
4 33
12 77
20 7
14 37
9 18
29 89
7 97
9 17
1 50
13 54
14 58
23 33
29 98
19 77
22 21
19 76
7 73
0 78
27 96
24 16
11 2
16 58
1 95
1 96
19 2
23 67
27 31
9 6
30 91
13 69
23 9
24 91
10 62
0 100
4 51
16 67
23 9
22 47
23 75
9 50
9 81
26 18
26 31
2 56
3 91
20 6
21 1
2 60
23 1
24 55
6 48
11 10
5 62
9 65
18 4
13 96
13 25
10 54
7 43
8 2
7 8
15 55
28 13
23 78
21 35
0 4
9 32
29 74
17 14
4 52
8 92
14 51
21 25
25 75
20 66
12 46
3 84
30 47
11 69
7 94
3 94
8 4
13 68
9 89
10 31
10 24
22 29
12 93
17 30
16 44
1 2
8 76
30 50
3 8
13 14
3 40
8 74
2 34
23 88
12 45
21 67
3 92
27 28
3 14
2 56
22 100
0 15
10 62
8 17
30 61
1 63
14 98
12 5
18 28
7 80
13 41
27 36
22 32
8 10
0 24
3 25
30 8
17 100
11 13
8 51
28 23
24 33
13 65
2 78
0 40
15 6
9 43
24 18
12 19
23 14
20 63
26 35
26 10
6 85
16 81
2 10
29 95
27 53
9 38
5 29
23 54
2 12
24 63
11 65
5 40
29 66
13 67
22 15
16 5
9 13
22 76
16 32
8 58
24 82
25 45
5 3
23 3
20 88
29 77
23 88
23 23
15 3
27 72
25 92
11 79
14 2
19 93
6 10
3 15
9 88
4 58
12 73
18 70
24 60
23 91
9 59
25 16
6 34
15 24
7 4
7 66
18 93
1 45
4 31
30 42
2 87
13 31
24 77
22 83
24 90
12 37
6 64
6 29
7 26
26 100
1 78
25 96
8 6
3 27
24 2
6 73
19 53
8 2
25 1
16 91
25 82
5 71
14 45
17 100
24 94
20 24
20 75
5 59
18 20
12 58
20 54
29 82
16 98
10 54
13 83
3 61
29 74
17 42
30 24
17 68
2 96
20 16
30 83
13 50
21 21
27 11
26 65
26 50
21 96
19 77
13 72
24 70
4 59
0 19
16 2
21 21
24 88
19 19
5 1
0 85
1 98
3 50
21 43
1 30
26 48
10 58
6 89
27 48
30 67
16 12
22 60
11 36
23 18
12 82
15 93
3 81
23 78
27 35
1 99
17 51
6 65
13 94
7 39
20 33
20 7
1 75
21 73
2 10
22 8
13 21
12 23
10 79
11 6
1 47
1 85
23 28
26 16
30 28
10 71
16 96
8 34
0 58
14 88
7 2
23 16
12 23
14 32
0 54
30 76
15 19
23 81
7 79
20 15
2 24
15 14
1 74
10 21
29 15
18 31
11 61
30 61
6 60
9 20
22 42
0 40
25 66
7 7
29 57
19 35
17 70
26 75
19 28
23 94
26 60
23 83
26 44
3 59
9 33
24 79
30 55
8 19
30 96
6 99
16 40
4 32
14 16
19 18
21 13
2 43
7 8
18 39
6 99
30 5
30 75
22 36
2 81
22 79
15 23
23 24
14 36
8 18
12 14
23 81
12 15
8 53
1 6
12 51
17 45
0 37
24 23
11 62
17 53
15 3
13 7
15 26
21 92
27 68
1 72
9 42
23 10
14 71
4 68
15 40
19 29
4 4
24 89
20 48
5 14
26 17
16 20
17 20
19 76
20 50
6 21
1 82
15 72
6 86
10 12
22 58
25 37
6 75
8 15
3 20
17 39
6 72
0 45
26 40
2 51
3 27
2 60
25 85
7 75
9 30
8 55
16 18
23 60
3 20
0 59
21 7
23 46
16 12
2 98
21 78
26 24
8 25
10 6
21 42
5 2
18 47
16 36
12 4
3 32
19 24
7 7
24 52
24 51
17 11
13 50
29 12
20 90
29 45
13 94
0 55
2 74
23 42
10 55
22 20
26 47
18 77
5 2
18 73
0 61
5 48
24 25
27 52
3 53
10 34
30 59
28 9
26 77
28 35
15 75
19 77
27 27
24 37
17 98
1 73
15 93
12 100
27 97
24 63
10 77
24 33
5 59
3 66
16 78
3 89
25 98
29 24
10 52
24 27
0 78
11 92
9 33
11 82
0 89
18 86
19 86
1 69
21 32
17 68
4 83
13 34
10 11
13 52
6 61
26 11
5 5
2 84
23 35
30 67
12 43
29 48
24 28
20 76
15 93
8 89
3 56
29 54
21 44
22 5
25 84
1 22
23 22
1 66
16 49
7 99
16 88
0 41
1 38
15 93
5 23
9 66
17 31
4 100
16 78
10 34
5 91
19 80
23 40
30 12
20 37
22 24
23 74
22 65
19 95
19 82
15 49
26 57
3 67
3 42
0 64
21 66
0 25
18 74
7 91
23 31
7 60
6 9
5 22
4 72
28 31
1 61
30 60
14 42
22 33
22 83
8 23
22 14
7 15
11 31
3 10
26 14
15 89
24 12
15 37
0 94
2 64
15 100
6 95
15 89
0 23
12 46
6 45
9 29
30 5
20 60
6 47
15 17
27 93
2 30
9 52
4 58
19 81
9 30
23 80
1 80
17 18
22 53
17 17
14 88
25 43
4 14
19 27
28 48
29 20
14 77
21 85
30 37
23 38
24 68
14 76
3 39
5 9
10 45
21 97
28 97
27 83
0 56
17 72
14 75
13 56
3 80
23 30
22 80
15 29
7 55
15 55
3 80
12 27
8 56
23 19
18 35
27 57
2 6
18 90
8 51
26 79
9 66
14 7
16 99
25 34
10 69
17 59
17 74
14 30
1 44
8 61
25 39
18 25
21 78
4 35
18 69
27 87
19 16
9 13
7 6
15 14
29 41
5 10
14 87
5 2
22 52
28 35
16 67
18 53
26 87
0 85
7 44
0 52
15 90
8 20
16 76
2 92
5 73
22 76
28 91
30 100
13 97
24 12
23 81
15 56
16 82
24 49
4 5
20 74
21 80
9 95
29 71
21 89
7 43
6 79
13 56
3 93
5 58
13 93
18 36
15 23
16 88
27 64
3 84
2 77
30 73
15 29
13 52
25 94
27 12
13 36
22 66
18 33
13 95
0 8
22 59
3 36
28 20
23 20
18 31
5 40
24 100
24 82
7 67
12 8
29 15
9 64
2 8
26 2
8 34
20 91
4 1
8 82
10 25
28 9
4 85
17 59
26 66
9 79
10 57
4 38
0 88
17 64
15 34
8 72
7 85
22 91
9 46
26 97
20 8
20 98
9 95
17 2
22 36
5 64
24 73
23 34
8 89
7 46
1 67
6 75
8 37
24 30
13 20
1 34
12 59
15 99
28 76
7 29
0 15
22 43
18 20
18 53
14 56
3 29
22 78
2 9
23 47
12 33
15 29
26 73
21 49
1 84
27 21
10 19
20 94
3 37
16 23
11 32
10 69
19 51
29 1
11 61
1 89
14 64
27 25
28 99
3 71
30 60
6 74
2 94
2 31
25 92
16 23
8 94
19 64
2 40
5 95
9 77
25 27
16 99
15 5
15 59
21 21
19 88
3 27
27 35
20 55
8 57
19 21
20 31
13 30
23 69
25 47
28 37
26 51
16 37
12 80
13 12
4 6
16 78
13 28
9 32
3 52
18 44
24 49
5 79
13 84
8 75
26 5
18 92
21 68
19 70
20 25
3 10
28 72
9 86
28 10
23 30
3 93
5 69
28 56
24 54
10 48
14 71
18 1
1 68
21 9
26 47
21 95
21 69
14 99
18 45
16 88
9 42
11 71
9 21
8 84
30 91
28 93
20 46
21 29
6 48
14 45
11 81
30 92
29 92
23 36
19 8
22 32
6 6
17 58
14 79
19 17
1 29
10 24
12 22
29 98
25 56
9 63
12 21
22 82
17 16
29 39
7 10
14 64
6 81
26 86
24 51
19 63
23 66
22 7
23 92
13 86
19 94
28 28
17 69
24 75
16 2
26 30
15 59
0 53
20 75
25 45
0 72
22 20
5 42
12 16
8 34
28 3
8 69
5 65
0 78
9 45
23 14
17 74
25 51
7 82
21 41
13 72
0 42
17 87
14 64
23 6
10 83
5 87
1 95
29 95
14 23
19 16
15 8
23 23
9 84
0 61
4 65
17 10
4 81
29 53
25 69
26 29
17 47
5 85
4 33
29 77
12 67
27 20
21 28
21 78
23 2
23 5
18 14
7 10
17 84
25 96
2 8
14 33
27 94
17 53
7 14
28 32
24 22
22 37
18 61
9 26
17 65
17 13
13 80
13 51
26 73
26 19
10 19
15 49
17 54
12 45
15 45
14 49
18 87
26 74
21 44
21 40
4 38
0 68
25 48
25 53
27 35
30 20
16 52
8 84
8 59
26 84
27 69
16 73
4 33
30 34
17 95
10 67
21 56
8 85
10 91
13 42
2 72
26 36
6 42
4 66
0 99
19 27
22 5
9 97
2 10
12 16
27 66
14 75
0 9
1 56
0 78
21 73
16 44
24 44
12 98
28 29
6 78
22 6
14 98
4 72
27 10
12 49
28 3
7 97
12 74
10 41
6 59
0 85
9 40
23 26
4 58
10 45
2 46
13 44
11 94
13 80
4 76
29 51
12 52
5 47
22 46
4 27
10 32
21 48
16 57
1 23
11 52
23 55
16 15
5 29
1 53
18 71
28 78
11 67
30 73
20 23
18 7
11 30
8 40
1 11
16 58
15 11
17 34
13 96
13 71
2 70
20 20
22 67
21 59
14 73
25 5
12 46
10 15
26 21
20 52
4 23
6 14
26 85
5 44
27 60
13 18
12 76
2 5
11 66
11 2
30 83
19 72
20 5
19 8
3 13
27 11
20 70
22 73
13 69
14 78
27 49
14 57
18 36
16 32
16 99
10 9
22 1
24 2
26 61
4 12
3 93
25 46
19 68
30 86
10 32
28 87
17 38
5 27
7 50
17 100
30 65
28 57
25 69
25 9
22 76
26 72
13 22
14 81
6 40
29 10
2 56
28 88
29 87
30 21
16 36
19 68
12 29
25 89
13 56
9 63
3 13
15 23
14 18
24 23
24 45
29 55
18 47
15 72
25 35
10 15
17 53
13 31
14 55
13 6
2 54
10 91
25 24
5 28
16 55
20 73
2 61
10 17
1 91
6 9
9 35
9 55
13 33
6 25
14 5
2 84
4 76
1 31
22 68
4 69
5 46
0 24
18 76
27 77
23 33
6 13
3 7
5 19
30 26
27 51
6 32
0 58
21 89
16 55
27 32
5 38
21 27
0 59
0 16
11 26
3 47
26 57
30 61
26 96
11 93
8 7
7 27
29 14
22 49
24 42
12 31
7 6
18 57
11 38
19 26
25 59
19 95
1 82
26 96
11 5
3 11
9 75
14 94
7 17
21 26
21 31
18 31
26 41
20 29
13 21
23 69
24 48
8 29
30 94
26 86
29 74
3 15
10 4
13 49
14 66
5 92
11 29
18 18
8 4
17 76
24 74
6 82
16 60
12 67
15 22
14 17
20 58
22 19
24 36
22 49
25 38
0 43
6 17
4 14
2 88
23 15
15 71
24 35
1 25
27 4
29 58
3 19
3 15
1 99
20 34
13 47
1 10
24 38
23 16
14 29
28 93
8 20
27 73
13 99
7 90
26 65
19 30
21 19
2 89
7 86
25 50
2 48
0 66
11 38
18 86
6 62
15 38
11 69
19 27
25 64
26 16
25 74
20 69
2 87
10 40
25 97
4 89
21 71
0 8
0 79
14 26
26 11
5 17
19 7
16 98
1 65
15 32
17 22
0 27
8 82
14 28
3 26
24 33
6 55
12 75
26 39
18 38
12 62
15 45
11 83
2 73
19 93
1 41
29 62
30 76
19 12
8 44
10 3
2 63
2 16
28 27
5 8
15 11
13 72
9 43
23 2
9 9
15 30
22 69
24 99
15 89
11 95
28 29
22 20
15 91
21 23
22 9
18 98
0 18
0 8
17 89
4 12
5 16
19 41
14 55
30 14
9 34
20 46
24 24
9 20
17 68
17 79
12 77
19 86
0 78
0 14
29 7
17 8
28 99
2 33
0 39
10 97
6 24
13 21
11 63
28 47
11 35
0 4
4 71
19 72
13 75
22 83
25 24
2 70
25 79
17 53
0 50
25 37
0 67
24 66
4 1
0 14
23 80
13 56
18 63
14 9
12 71
23 96
13 65
1 17
3 12
20 92
2 69
3 85
17 83
16 19
28 20
0 95
4 14
7 97
7 29
28 97
16 91
5 36
9 14
11 5
22 4
27 49
16 29
9 97
0 80
26 85
9 2
13 77
4 84
5 75
10 14
8 75
3 47
7 2
2 51
3 85
23 48
8 31
11 59
20 64
2 60
12 45
5 38
13 88
24 44
14 11
21 91
20 35
3 13
17 79
9 4
23 18
8 97
11 43
9 56
1 89
19 61
0 74
16 5
3 47
18 95
11 74
20 92
15 76
21 67
11 56
16 53
1 43
17 6
22 88
28 56
28 66
6 52
4 36
7 65
3 24
15 28
0 6
1 42
18 82
0 31
17 94
13 17
17 18
27 38
12 29
17 26
19 15
25 32
19 54
23 51
13 87
10 15
11 53
28 81
23 62
1 31
28 34
7 85
8 5
20 13
18 79
17 13
23 43
8 49
8 67
28 40
21 90
25 47
2 37
19 47
23 59
9 67
2 3
21 70
28 74
1 12
20 52
2 42
28 27
10 20
7 47
21 91
0 14
4 99
3 95
6 62
24 75
5 34
22 18
7 56
28 17
26 14
12 74
11 77
27 51
23 43
7 66
13 98
7 94
19 86
6 95
7 97
6 56
4 96
30 6
27 85
28 51
7 22
3 60
13 3
13 71
23 85
0 34
24 55
28 96
2 66
9 53
29 13
19 47
0 79
7 68
23 90
2 71
23 15
22 26
18 64
21 2
4 85
14 42
12 48
8 95
24 48
1 45
30 48
7 100
19 2
12 74
15 37
25 19
1 32
8 89
30 22
16 12
12 77
12 60
2 76
15 32
22 2
16 96
22 79
0 23
16 27
22 88
23 72
11 76
15 18
24 100
29 9
21 68
15 72
14 50
10 77
16 66
6 41
29 21
13 79
20 94
0 2
21 35
3 23
19 84
0 46
1 64
20 73
15 69
5 14
22 41
8 8
12 76
3 3
23 50
21 38
19 36
21 95
22 67
1 83
11 10
24 12
25 9
29 76
21 56
15 40
20 72
11 67
3 5
16 89
25 91
10 64
13 61
24 69
28 22
24 20
3 20
15 6
22 2
29 23
15 37
21 11
30 24
12 85
27 91
21 26
0 84
9 95
13 61
27 8
6 96
10 71
29 39
15 86
26 89
30 4
12 91
26 7
13 67
1 15
16 26
4 8
2 11
15 32
3 70
9 81
29 53
25 94
5 62
16 45
5 99
24 93
2 82
21 98
2 33
27 53
0 82
9 87
6 62
5 69
21 14
12 51
19 38
5 71
25 12
1 99
6 45
3 98
13 3
8 84
26 98
16 86
26 5
21 15
17 34
20 97
14 84
6 98
17 39
30 93
2 54
4 70
15 45
8 72
17 78
9 24
24 49
24 7
2 64
28 69
18 65
15 27
4 23
29 22
9 11
13 57
1 84
1 64
18 88
17 50
3 23
24 13
8 40
15 5
19 99
13 73
17 86
24 50
29 6
21 58
4 89
21 81
15 74
4 95
8 55
28 15
10 52
27 36
11 70
12 85
10 60
24 53
11 66
13 12
12 27
16 76
16 82
9 42
27 24
22 86
3 30
13 28
24 99
0 32
11 14
16 40
23 58
2 38
19 61
29 99
9 10
15 60
28 1
27 41
13 18
0 96
30 64
28 86
2 85
4 39
13 30
21 73
7 59
9 95
9 30
5 96
11 13
14 82
11 33
24 35
6 74
23 89
12 2
26 63
16 45
13 62
20 59
21 83
7 37
7 42
19 46
26 70
5 42
18 34
4 56
29 3
17 17
0 20
10 17
29 50
30 84
8 4
21 55
28 75
9 10
25 60
29 6
27 10
25 74
9 91
14 18
22 18
13 16
22 67
2 31
20 25
29 39
27 13
2 61
1 5
9 38
29 72
26 71
20 19
27 81
7 3
18 93
28 82
12 57
13 68
14 71
29 68
3 10
15 62
2 52
13 29
14 8
30 36
19 78
16 35
12 59
28 77
5 10
21 13
18 58
19 51
10 78
7 10
28 30
2 67
11 13
12 44
5 19
18 74
25 91
12 49
13 66
27 84
13 49
1 38
18 8
14 53
28 3
23 16
23 24
11 52
22 95
23 24
9 78
8 77
15 50
13 9
11 21
28 93
13 52
19 15
30 61
15 30
22 47
11 16
6 30
27 63
23 88
10 28
7 13
13 96
16 8
27 3
27 33
21 46
4 72
21 88
6 10
23 6
0 72
6 81
8 11
5 71
2 67
24 12
12 7
6 93
18 94
10 83
14 84
19 59
6 14
5 97
13 67
17 4
29 2
20 63
14 50
10 82
27 16
8 78
11 74
1 88
8 97
19 75
20 50
29 48
7 54
20 98
5 53
1 46
21 34
22 78
20 5
22 99
1 84
8 48
15 99
21 82
21 7
16 55
2 10
4 97
14 56
25 22
7 33
25 56
28 36
30 23
21 26
20 30
10 48
20 12
2 21
10 56
20 50
10 68
4 94
23 27
6 67
6 33
6 66
18 24
22 8
26 33
27 33
1 73
28 39
26 5
6 71
16 60
0 43
23 5
11 2
16 69
1 84
0 76
4 74
24 35
30 51
30 42
30 84
23 54
27 66
0 85
23 10
22 18
29 8
28 27
10 72
26 11
18 65
12 99
9 78
15 6
15 61
21 99
23 99
30 32
5 80
15 78
14 51
30 72
23 28
11 17
27 46
5 19
16 98
13 85
9 19
10 2
29 42
18 83
26 50
10 44
15 34
27 18
0 70
23 22
23 49
20 80
13 13
11 71
19 44
19 45
19 93
5 3
2 12
24 34
11 15
8 70
18 3
18 90
23 45
6 62
1 45
5 57
5 72
0 58
1 12
21 63
19 97
5 71
0 66
17 96
3 11
14 48
14 13
5 11
13 91
18 57
6 30
28 40
20 98
11 34
8 97
25 58
22 56
19 10
2 92
18 32
28 88
11 71
23 54
5 35
12 65
12 74
5 89
24 30
20 59
26 84
11 3
10 84
16 38
15 7
1 61
29 86
1 35
15 88
21 8
27 4
5 29
3 76
8 24
26 63
26 8
9 59
20 27
5 6
30 30
12 7
1 42
16 100
25 39
25 45
6 62
15 88
15 48
2 28
28 41
27 1
6 84
18 72
13 2
15 85
4 92
26 24
23 19
22 47
7 23
9 24
19 58
28 7
10 55
28 78
17 18
8 19
27 41
8 60
24 52
10 34
18 8
8 22
29 21
9 92
10 80
18 17
1 20
11 37
13 83
9 34
14 91
4 70
17 87
16 18
0 12
4 54
13 29
9 25
19 45
25 48
3 32
2 22
20 59
19 23
25 29
6 89
24 2
11 9
8 42
13 77
0 44
3 29
24 75
3 35
5 70
10 42
22 100
16 26
23 2
19 84
20 38
11 97
6 68
14 98
28 81
3 64
26 78
5 41
28 14
29 17
9 43
10 78
13 34
10 99
18 26
16 81
30 71
1 48
1 64
10 8
3 34
17 76
18 55
16 20
27 54
12 81
18 39
30 32
29 92
29 39
25 51
23 35
17 92
13 71
27 12
4 1
8 53
6 30
25 49
13 11
5 59
12 62
16 45
16 33
29 12
6 14
10 84
8 57
26 24
8 8
4 55
0 67
7 28
11 91
17 65
6 76
30 17
19 10
10 79
21 84
24 16
28 12
12 63
22 55
20 32
14 4
2 59
20 48
13 97
22 61
17 33
8 35
0 60
22 47
11 79
30 2
3 31
10 15
17 82
26 59
1 48
19 68
13 68
14 23
28 36
16 67
24 9
21 74
12 12
27 23
22 47
11 81
30 89
13 9
1 85
12 29
6 87
8 14
20 72
14 23
22 34
16 4
10 1
29 38
27 36
30 96
22 36
16 62
4 69
26 38
21 20
6 62
21 50
1 82
24 46
2 16
23 42
19 47
16 42
13 16
14 86
6 28
11 94
20 91
25 84
27 9
17 87
17 66
8 29
18 14
1 90
2 87
13 50
28 75
17 35
28 14
17 89
26 60
6 94
2 80
30 29
1 68
27 47
20 89
15 29
20 82
13 40
5 27
0 77
20 32
1 53
30 4
6 70
25 95
20 29
17 65
29 9
14 2
3 83
9 3
6 46
27 70
17 47
27 51
28 37
6 62
24 63
28 53
2 87
22 58
30 46
26 17
13 90
6 25
6 38
22 86
18 6
29 8
5 70
12 75
22 4
28 37
15 76
9 69
24 48
9 57
21 100
18 37
16 4
29 31
3 100
29 9
30 37
18 52
20 76
11 65
5 9
1 48
1 21
9 19
13 6
8 21
11 42
17 99
28 85
5 83
7 10
0 77
0 32
25 95
8 77
1 48
2 58
28 29
0 3
12 25
23 77
1 41
25 28
16 42
27 97
15 70
17 52
13 22
11 90
30 25
12 72
15 26
13 40
2 85
26 83
25 3
3 52
24 36
24 11
25 55
23 88
26 25
6 8
23 19
2 35
15 31
21 87
11 70
23 39
26 36
17 13
24 57
3 56
16 24
3 79
4 31
16 91
20 18
22 15
11 2
25 59
24 50
19 12
23 11
26 36
21 41
9 98
8 72
26 87
18 76
2 38
28 20
2 15
10 32
5 31
10 42
30 69
4 7
19 51
29 29
9 67
25 2
24 29
19 6
22 24
7 54
2 59
7 56
8 14
28 10
17 30
21 75
15 91
18 83
1 35
9 35
0 31
19 79
8 44
3 1
18 47
19 81
9 80
6 82
13 71
4 40
23 68
25 43
22 59
1 61
18 51
17 45
18 44
0 23
24 93
29 64
22 13
13 80
23 82
17 42
25 46
16 78
28 31
29 59
14 54
30 75
30 78
22 41
22 54
1 93
29 30
24 73
12 57
2 55
19 63
27 6
20 77
14 51
22 30
25 68
2 64
0 95
18 9
24 100
4 75
7 36
8 37
10 87
17 44
6 57
11 1
4 16
17 4
18 59
19 95
18 35
22 5
1 32
16 23
3 51
30 64
17 100
25 61
13 93
28 66
24 93
20 90
23 35
9 24
29 57
8 11
8 73
20 27
8 58
13 92
16 47
8 56
3 32
11 18
28 72
30 100
14 27
15 78
13 54
9 39
1 44
27 72
11 29
15 46
23 76
18 27
27 19
4 54
20 65
25 57
12 51
20 34
29 23
1 24
17 55
25 35
26 11
8 83
30 73
4 77
15 70
28 19
0 1
24 50
13 50
18 19
29 10
7 90
4 86
2 40
28 8
2 96
20 64
16 49
19 98
25 94
30 16
21 18
7 84
11 62
19 5
29 17
7 53
4 58
21 74
16 93
3 72
2 60
17 63
4 66
19 93
8 7
9 77
4 1
1 34
24 77
20 33
16 71
6 67
0 56
7 40
26 29
15 72
4 2
28 77
2 27
2 7
10 95
21 64
16 62
11 26
28 17
18 36
30 84
14 44
4 92
25 84
11 92
7 20
17 1
26 87
27 23
27 68
21 50
14 48
25 91
27 98
27 27
3 8
15 33
28 54
7 78
27 75
11 60
27 43
7 45
12 6
17 50
11 54
0 46
11 35
2 61
12 88
3 8
23 84
28 57
15 28
28 50
29 8
10 99
21 41
7 91
14 7
13 56
0 20
19 61
17 5
5 7
20 45
10 22
26 19
27 39
12 28
18 71
27 73
20 42
28 47
28 87
27 86
30 33
27 47
27 18
5 66
12 57
14 14
2 6
27 2
30 72
20 70
8 70
27 81
25 30
13 30
21 30
7 73
25 45
20 17
3 82
1 36
14 13
7 85
29 11
1 90
2 71
13 6
11 57
6 66
0 13
18 63
5 87
25 20
6 84
30 9
15 91
8 23
26 33
5 10
24 82
17 2
7 15
21 81
8 59
22 38
22 30
16 75
27 6
0 96
2 61
16 48
14 81
12 79
26 1
1 67
7 35
26 80
29 59
29 75
19 47
13 12
9 50
8 99
1 60
23 78
4 61
19 20
19 5
29 83
2 64
25 61
8 83
0 40
27 53
23 10
7 82
25 96
15 62
20 62
17 12
21 42
24 61
3 98
14 77
8 69
11 86
18 32
19 44
21 61
14 18
10 41
28 8
15 5
3 58
9 16
8 46
25 97
30 76
10 26
7 74
18 63
20 87
16 25
7 13
8 42
12 91
24 100
27 72
0 83
20 7
23 65
21 6
26 17
17 83
3 52
7 73
22 1
7 90
18 29
13 55
28 19
13 2
25 9
11 91
14 2
19 29
30 14
25 49
26 4
10 6
18 73
14 59
2 49
25 68
26 21
3 76
8 11
10 83
29 74
5 75
1 46
7 65
21 35
26 84
25 41
1 16
3 62
27 31
19 50
12 38
8 86
22 75
6 96
17 85
28 67
28 82
25 13
5 11
5 72
13 99
8 38
26 54
27 74
28 43
2 96
5 79
15 12
21 85
2 70
5 23
15 43
5 28
2 41
26 29
11 61
15 5
24 25
1 81
27 81
30 76
25 60
19 77
24 99
0 94
4 54
26 94
13 72
4 43
25 93
29 33
11 13
27 66
16 99
28 31
26 93
15 83
16 59
21 6
27 57
3 84
16 48
30 38
11 93
4 7
7 50
24 74
1 1
17 56
22 8
13 78
9 91
30 69
3 34
23 9
20 66
6 75
19 12
6 23
7 43
26 35
5 91
14 9
27 18
28 64
0 85
19 100
22 80
7 93
25 39
6 44
2 52
14 55
9 97
21 81
0 39
17 17
3 10
18 88
8 84
10 34
17 53
19 46
15 1
8 20
7 13
8 16
2 6
4 40
27 53
28 2
3 65
24 84
2 33
2 32
6 43
21 63
29 56
4 76
14 86
16 17
21 76
25 50
8 90
0 31
27 46
30 50
7 94
21 54
0 82
16 20
16 66
10 43
0 89
30 51
10 36
16 100
25 48
18 74
2 34
24 89
1 55
29 38
16 6
16 63
0 31
20 74
12 78
20 67
3 49
15 75
3 24
16 85
17 13
0 3
0 71
1 14
22 36
10 67
0 17
1 23
24 94
20 91
5 7
19 9
5 6
20 95
15 91
27 79
15 82
12 77
27 25
0 76
6 7
9 75
16 44
19 30
3 63
25 68
25 3
23 72
0 43
20 85
0 83
24 86
29 70
23 19
25 55
22 74
14 42
2 62
10 11
25 92
9 12
24 92
27 11
3 93
8 25
18 64
10 99
19 99
7 25
28 78
19 25
22 62
26 33
17 85
12 41
0 63
25 31
0 93
14 54
2 6
27 29
9 50
12 5
2 25
5 82
2 84
2 10
0 50
11 55
23 82
8 6
8 71
13 3
30 89
23 46
6 2
14 99
2 22
26 60
18 85
22 99
5 53
11 91
2 1
26 76
22 18
17 33
12 98
11 51
5 7
14 6
22 36
7 80
20 16
3 41
10 45
14 74
1 8
25 27
19 61
25 49
30 13
4 60
21 10
25 54
19 50
27 11
4 69
0 31
25 28
9 15
20 97
13 76
25 25
2 84
17 65
22 60
13 82
21 93
1 69
3 80
22 57
0 2
27 52
21 3
20 55
1 39
24 54
1 62
11 72
10 31
30 99
30 75
21 11
6 70
4 51
17 84
9 80
7 92
16 6
2 35
3 100
10 61
6 69
8 37
22 95
1 60
25 30
21 36
17 6
22 73
11 7
27 20
7 80
7 70
18 49
30 2
21 45
4 9
18 78
9 16
14 54
20 20
10 30
5 34
8 33
9 49
12 91
3 7
15 55
24 35
18 94
23 10
24 3
29 37
18 100
6 71
16 55
23 99
0 46
16 54
6 88
0 60
21 27
10 61
20 33
23 40
26 91
4 62
22 9
10 100
2 90
7 88
23 56
2 40
10 12
24 7
8 37
10 23
25 13
5 34
29 75
23 73
29 61
18 23
26 79
15 34
18 45
19 1
22 46
15 84
6 26
23 5
21 24
5 59
18 29
8 16
0 43
15 34
20 51
26 23
20 90
18 8
4 41
10 7
21 59
8 66
13 36
1 37
24 100
14 92
14 25
24 74
28 60
27 97
3 22
30 9
4 1
21 47
20 58
9 78
8 77
11 22
15 34
20 94
5 35
3 1
18 100
24 99
2 9
7 32
4 64
24 15
2 72
23 15
21 67
28 41
10 45
10 70
26 1
4 92
18 45
30 60
20 28
21 67
23 42
29 100
11 94
3 68
26 23
30 40
27 44
18 89
25 71
20 30
5 49
6 44
27 23
27 59
26 95
21 50
16 42
27 3
4 92
27 34
13 60
10 21
3 64
14 79
22 37
11 5
13 34
18 75
26 29
16 72
6 28
23 96
30 53
1 37
4 82
8 64
11 96
27 37
23 9
27 2
17 79
15 53
16 64
4 85
23 97
3 10
20 67
28 60
15 12
5 79
6 63
20 83
26 49
11 49
9 4
7 82
17 62
20 22
22 87
8 67
2 3
9 38
26 80
9 70
30 92
4 73
12 61
20 92
20 55
20 77
1 22
18 55
13 57
11 52
16 15
29 25
4 31
27 86
10 24
13 76
4 64
17 7
7 75
5 55
2 78
13 10
10 37
7 10
12 33
3 10
19 95
22 79
16 26
16 100
21 60
29 75
22 25
27 74
13 6
8 5
9 48
3 79
3 77
5 35
1 8
6 30
27 60
17 59
11 29
10 92
7 67
3 5
20 43
6 64
19 91
15 29
21 89
4 11
6 62
27 73
23 67
12 22
12 87
27 65
15 17
25 42
20 11
29 83
1 42
9 51
16 33
28 74
20 45
8 6
4 8
2 74
6 56
26 50
13 73
21 10
23 89
18 99
19 47
28 24
5 78
4 96
16 64
6 86
30 10
11 86
30 90
27 21
27 5
24 36
7 27
20 24
2 33
6 6
24 19
16 47
14 47
25 68
13 67
28 41
13 42
21 70
29 77
17 93
11 48
1 21
17 9
1 66
30 68
6 76
10 58
14 8
7 48
24 13
10 31
17 71
25 52
28 70
12 35
22 32
27 58
25 44
27 1
23 51
22 6
17 45
20 64
30 55
18 15
18 1
8 18
13 73
4 1
5 86
27 61
21 59
6 70
2 76
15 87
5 50
25 22
19 100
20 12
6 31
27 5
22 11
24 35
16 58
21 36
23 93
6 21
4 68
1 89
7 87
3 95
3 94
12 67
11 31
16 47
24 13
22 96
19 1
23 37
20 65
0 39
8 85
4 17
25 100
16 60
27 48
10 75
12 87
28 31
18 15
4 56
28 47
27 79
13 36
4 64
16 86
2 54
8 60
24 23
9 69
22 9
20 58
3 97
9 16
4 7
10 30
10 9
8 69
24 75
25 29
22 98
26 78
1 75
30 89
12 24
10 98
26 64
26 89
15 85
29 52
19 3
2 66
13 16
21 34
26 65
1 79
3 86
26 39
9 62
12 87
28 24
4 62
9 28
8 29
23 84
28 84
2 97
22 83
24 58
3 39
18 60
17 82
18 26
6 83
2 47
4 22
23 23
10 47
30 22
27 7
4 15
23 90
15 5
4 41
7 18
23 88
8 11
0 30
4 33
23 28
22 82
20 3
13 41
26 46
10 82
13 80
13 29
22 60
21 18
25 71
30 67
19 93
19 7
3 13
19 18
8 87
17 21
7 99
19 81
30 32
8 97
7 85
12 42
14 31
2 36
30 73
21 66
25 3
29 63
9 4
28 73
7 72
29 43
10 35
25 34
21 25
26 52
28 56
17 63
0 98
9 80
12 40
24 73
29 33
2 41
17 85
3 91
4 74
2 56
23 36
30 59
25 18
28 34
7 45
24 7
29 14
29 4
3 81
17 70
22 60
11 26
28 83
11 54
20 7
20 87
1 27
8 63
24 62
11 69
23 20
23 26
0 23
0 63
19 75
20 8
26 82
15 82
10 16
15 29
17 92
19 28
8 34
30 24
13 58
20 4
1 30
15 37
11 4
20 64
19 24
10 64
17 75
15 15
9 28
18 31
6 22
3 65
27 48
25 67
27 82
19 27
3 18
2 65
17 54
18 29
6 53
10 38
26 25
2 55
24 4
26 35
5 49
10 79
5 75
22 45
20 39
29 51
8 17
22 14
3 8
19 48
17 5
8 16
19 81
0 40
16 95
9 65
14 32
12 2
13 88
9 28
19 69
6 98
11 17
2 61
28 24
14 63
12 40
22 71
0 66
17 53
0 28
8 38
14 12
2 27
15 37
29 63
1 89
7 21
7 92
16 44
7 70
8 68
27 98
6 66
5 61
26 55
0 31
5 77
27 94
1 3
7 81
8 17
28 81
13 33
13 82
28 67
10 33
11 94
13 55
3 14
5 73
10 82
17 49
22 78
25 31
5 70
30 14
20 25
10 99
2 95
3 74
20 84
25 52
29 12
0 60
6 73
5 54
12 87
28 85
6 27
25 95
24 94
7 92
0 95
8 97
15 26
4 56
29 89
14 18
21 26
18 77
17 12
17 65
20 29
4 55
19 51
21 97
4 52
14 81
6 9
0 49
22 67
12 36
18 30
25 15
13 55
24 28
17 100
7 79
5 30
12 60
21 13
18 8
17 74
22 63
2 2
0 7
26 63
26 13
1 19
23 15
20 19
0 40
3 50
15 51
8 52
18 87
0 62
13 93
21 62
7 88
23 99
11 3
5 23
6 87
2 48
23 32
29 88
29 30
23 9
21 76
29 78
23 18
23 40
10 37
19 38
6 44
13 22
19 14
5 64
20 74
13 100
6 57
25 31
23 78
11 21
18 82
30 55
7 91
23 11
10 81
21 69
9 65
18 93
19 63
13 22
22 30
30 48
25 49
8 76
6 6
11 76
8 79
23 34
30 38
1 14
4 96
25 43
29 57
1 50
25 24
29 77
2 9
29 76
11 52
27 30
11 80
19 46
4 28
16 29
22 95
23 27
5 70
20 15
19 51
5 92
28 14
29 99
26 74
11 63
5 36
18 36
1 78
3 46
15 78
15 93
26 92
23 23
10 2
30 56
3 81
22 2
18 72
16 23
21 79
18 3
22 73
13 3
7 4
15 33
8 10
17 62
14 52
8 58
19 44
24 19
22 95
8 3
22 21
19 49
17 77
2 42
1 51
26 56
9 13
11 29
20 71
26 84
6 42
0 34
10 10
5 47
5 78
16 71
14 75
28 44
18 74
20 79
1 81
2 19
2 37
5 76
8 45
23 19
6 27
27 98
12 6
12 53
28 11
27 86
2 43
14 87
4 48
25 71
21 74
23 76
14 46
25 5
17 89
15 43
1 16
4 88
18 17
21 24
29 92
6 40
20 59
16 69
13 44
21 62
20 41
16 26
21 58
12 39
3 60
11 59
19 58
26 3
27 85
5 62
6 2
30 84
21 87
13 83
12 18
10 37
1 82
1 41
5 48
26 30
7 90
9 17
27 30
21 70
25 9
25 92
24 30
2 40
16 58
21 91
23 10
10 66
15 77
28 78
25 50
17 55
3 99
4 97
13 88
30 6
16 17
12 65
6 47
25 99
12 96
12 19
22 70
26 83
23 25
30 100
8 87
15 8
16 72
2 26
22 52
26 59
21 48
10 50
10 60
23 67
8 4
19 16
6 78
27 59
7 94
22 25
29 88
6 46
21 55
20 59
5 61
19 2
5 17
18 95
15 81
6 44
25 71
26 66
6 39
22 92
25 40
26 61
12 6
15 36
14 93
21 4
14 32
29 78
11 27
21 62
21 80
17 18
20 32
4 39
18 79
7 78
8 47
9 66
21 35
8 9
7 86
26 53
10 81
16 46
5 49
2 5
17 7
3 86
9 65
23 52
25 97
26 38
17 19
0 61
3 31
23 28
27 58
17 33
9 14
23 82
8 60
12 6
10 84
27 65
29 100
15 19
20 54
8 80
5 36
29 32
30 78
27 68
6 18
2 54
12 2
23 22
8 81
9 2
24 30
7 57
10 56
19 30
3 24
23 20
9 74
30 93
23 16
8 52
12 25
5 80
14 38
