100
6 57
10 47
26 2
28 32
25 18
0 5
2 85
10 62
26 62
30 5
7 12
20 83
6 90
21 6
0 53
23 3
30 18
12 48
2 32
2 79
8 29
29 78
17 51
4 41
9 90
15 49
20 42
4 20
14 47
25 93
10 74
20 92
17 13
14 13
23 34
7 61
24 12
26 30
20 62
8 60
23 71
15 7
13 96
5 41
3 52
22 6
28 88
27 46
4 67
28 83
2 43
11 97
13 14
8 24
22 96
22 62
5 72
10 51
24 25
2 18
12 53
16 88
12 33
3 80
16 30
20 67
0 62
24 1
18 95
15 29
23 42
16 14
10 86
25 41
0 34
12 79
24 8
17 4
11 62
15 75
11 76
6 97
13 60
9 85
3 77
2 39
15 50
18 52
8 98
10 40
23 7
29 84
3 4
16 41
29 25
6 44
18 32
11 55
28 2
6 87
2 72
1 18
9 42
24 20
3 59
22 31
23 7
12 42
3 26
4 92
28 68
21 13
2 59
26 94
27 71
8 26
25 24
6 39
8 85
12 9
6 24
23 17
24 64
16 35
25 27
3 74
26 56
1 6
13 56
30 56
26 13
3 45
5 55
18 69
23 9
13 56
12 52
2 12
20 76
20 3
3 99
16 86
7 71
23 99
25 68
15 33
17 17
4 42
23 34
24 31
26 72
25 73
24 44
17 45
27 24
24 74
16 21
30 98
28 91
20 29
19 5
22 81
16 98
15 9
14 40
23 49
14 12
26 48
28 87
28 28
27 37
0 92
4 19
18 76
19 6
25 86
30 22
9 87
4 76
29 13
1 91
5 5
16 56
14 97
25 44
26 4
4 14
3 17
10 89
23 95
1 80
26 93
20 1
15 14
29 9
27 94
19 6
8 12
22 15
4 78
19 21
27 97
17 11
27 59
15 38
10 28
21 45
16 20
14 30
27 8
16 46
15 77
28 62
22 82
19 59
7 100
14 94
7 56
19 81
14 72
15 45
23 38
8 67
29 39
13 53
2 42
6 100
16 77
3 86
1 19
14 52
3 80
22 16
3 64
3 100
4 57
1 63
2 31
13 62
20 53
14 47
18 4
1 100
7 32
5 47
10 89
29 2
2 86
29 2
29 56
24 51
26 35
14 2
18 7
21 23
7 24
26 30
12 17
4 27
6 45
19 41
27 72
22 41
0 21
17 9
24 8
14 6
13 93
18 96
19 31
29 41
26 1
5 97
13 77
1 99
10 24
13 48
13 40
27 8
0 44
7 46
5 57
29 97
7 7
23 37
30 20
1 31
2 1
4 68
15 56
13 14
10 29
5 83
7 19
27 79
4 65
11 56
1 58
9 49
5 63
27 16
11 51
12 65
29 10
15 56
1 86
15 59
6 16
18 31
16 94
17 35
22 32
20 16
12 62
17 98
5 5
4 46
9 31
30 19
20 66
17 5
25 44
5 100
26 84
2 17
6 18
4 78
3 29
10 49
15 62
9 13
9 18
28 24
26 51
19 50
23 88
25 28
27 53
21 97
19 84
7 81
26 62
10 97
24 38
18 9
15 57
24 47
16 95
22 94
22 21
29 10
26 75
23 32
15 68
1 48
21 51
10 42
20 34
10 3
18 44
25 68
3 21
3 65
23 28
15 7
2 8
20 49
2 30
25 43
29 58
30 72
21 3
7 77
4 88
9 44
9 94
21 79
7 67
28 61
2 47
24 94
22 94
30 99
12 12
9 12
11 74
16 88
12 49
4 29
26 19
7 98
17 67
15 51
26 90
23 65
5 33
4 83
29 59
15 38
13 98
3 87
17 35
28 43
8 13
14 73
1 83
8 29
25 24
10 7
21 18
11 36
27 96
6 66
0 21
3 9
1 29
25 94
3 34
14 35
13 46
5 39
15 17
23 9
6 63
2 72
27 83
9 2
3 61
16 35
18 43
7 53
9 90
24 91
22 89
5 43
4 12
15 74
27 17
23 55
13 15
28 74
19 7
25 74
23 29
10 77
29 34
11 29
2 10
7 90
27 27
28 42
4 16
20 73
0 97
14 33
10 56
20 1
7 78
9 20
29 89
22 19
12 88
14 100
15 41
26 75
7 96
29 48
13 66
13 48
23 38
13 87
16 73
9 84
6 40
24 13
9 48
6 89
26 88
26 63
24 67
13 70
3 75
26 71
12 95
25 86
25 75
11 84
0 3
26 76
7 68
2 79
21 49
0 9
17 49
0 92
18 61
23 38
8 20
19 70
11 33
27 71
17 56
21 78
21 34
28 79
12 14
18 55
1 61
29 56
5 7
14 1
0 23
17 94
3 36
7 49
18 60
25 17
9 9
18 4
2 13
20 18
19 42
7 83
5 39
27 11
19 45
17 26
17 71
5 100
17 68
2 70
26 51
5 26
22 10
7 44
29 39
21 66
12 82
7 4
23 25
22 16
14 54
3 60
9 91
8 100
20 20
3 70
2 31
9 40
5 29
2 66
21 60
24 65
23 95
5 79
8 72
2 5
18 40
17 80
0 36
24 12
14 49
18 27
3 86
11 77
8 50
10 42
27 13
12 57
1 71
20 28
10 17
27 38
2 74
2 32
0 81
22 24
30 68
30 30
2 37
23 82
12 34
17 5
15 98
7 16
17 3
10 58
26 67
3 42
1 16
9 56
11 35
1 63
6 29
22 2
23 82
26 63
22 96
11 13
18 85
6 4
3 98
11 72
1 68
8 40
4 89
4 1
7 97
8 10
25 56
28 92
3 45
15 93
23 93
24 24
26 39
28 70
3 34
29 79
17 25
12 37
0 50
24 35
28 91
22 80
15 75
4 1
18 33
20 84
6 6
16 52
21 17
8 97
28 98
18 11
11 87
4 97
0 73
19 13
1 81
29 28
18 62
12 45
17 11
27 33
18 30
0 44
4 42
27 90
12 32
7 2
28 98
9 38
19 54
16 69
4 54
28 3
11 95
16 4
24 89
22 8
28 11
27 39
23 94
0 20
12 68
20 46
1 6
30 39
1 52
17 78
10 36
3 29
11 20
28 12
0 73
22 48
17 24
29 48
8 26
10 89
13 26
23 98
22 91
18 12
11 9
21 31
2 1
6 57
12 36
13 3
18 55
14 27
9 10
11 68
21 4
30 62
9 21
24 16
30 71
23 74
23 92
8 3
1 58
11 26
3 41
28 88
14 66
19 65
11 76
2 39
14 1
4 9
17 66
9 26
18 79
29 71
11 88
25 76
8 65
13 70
29 28
8 46
9 74
12 41
9 2
20 99
11 9
11 35
26 55
1 28
21 100
2 15
9 53
14 10
2 2
9 38
16 69
15 91
14 70
0 25
14 55
14 25
27 61
20 25
19 39
16 82
29 60
14 56
22 14
0 66
2 99
20 65
7 52
12 58
25 22
30 5
0 55
17 88
9 44
28 21
28 4
26 93
16 85
24 43
6 42
21 62
0 31
16 54
1 93
9 20
24 74
4 56
15 9
4 54
7 84
0 77
19 86
11 3
16 98
18 77
19 71
18 18
9 70
18 31
12 51
0 52
4 41
30 98
26 50
18 63
2 24
17 75
6 72
9 52
18 69
4 73
16 18
5 65
7 57
18 82
26 56
14 89
10 73
23 37
22 19
14 82
21 8
10 86
16 55
7 33
16 42
7 7
3 39
19 41
0 89
28 6
3 85
20 23
28 82
18 13
2 6
0 86
21 89
7 98
21 4
21 50
10 20
5 61
4 33
3 44
13 12
17 90
26 59
9 93
4 97
21 24
11 32
8 9
20 60
2 14
9 35
28 27
12 35
4 48
9 45
23 30
28 36
27 85
11 12
7 35
18 18
23 20
10 95
29 79
17 29
17 53
28 29
17 78
3 3
7 88
15 23
19 84
29 70
9 60
2 46
15 93
12 46
8 54
8 90
13 62
12 53
7 42
7 64
1 35
23 72
16 81
19 32
16 75
28 19
9 3
11 10
19 73
20 58
27 53
28 52
11 7
8 52
27 89
20 92
5 73
9 19
2 47
18 90
14 53
14 37
26 50
19 53
7 36
19 61
29 65
10 93
28 65
2 25
30 37
10 25
21 33
22 63
17 53
14 76
18 43
2 56
0 29
13 87
1 25
18 36
25 20
8 53
20 90
12 21
18 11
10 14
29 16
28 29
6 96
27 75
19 35
3 80
0 66
3 47
2 3
9 14
3 6
21 13
20 68
9 68
20 89
12 76
25 98
19 6
17 87
29 90
17 22
12 56
23 90
21 88
26 73
30 35
12 37
9 48
17 70
1 66
4 65
7 79
1 97
6 12
11 58
29 36
22 47
14 32
18 77
15 2
20 44
29 18
9 69
15 63
25 53
16 32
15 34
16 94
19 33
30 29
25 16
11 98
20 28
23 2
3 21
9 58
26 76
21 71
11 7
29 9
3 65
4 34
2 32
24 74
6 69
15 11
29 48
0 49
4 10
13 96
9 39
13 33
4 17
0 67
22 14
19 97
6 24
10 48
3 78
1 34
6 11
12 14
13 50
6 62
17 64
19 15
21 37
4 97
18 1
10 58
27 97
12 26
1 46
30 53
1 59
7 81
2 49
23 10
28 1
28 40
21 78
29 43
12 78
23 73
6 97
16 95
10 9
8 82
20 76
15 87
16 3
18 18
22 50
15 10
28 41
19 17
16 50
13 98
20 15
22 83
22 52
27 84
27 29
5 4
3 61
15 35
6 34
16 76
28 41
23 77
25 85
28 37
15 78
1 72
25 68
26 55
4 30
15 47
4 12
11 63
19 93
17 36
30 4
14 23
12 83
6 36
23 32
23 35
10 41
29 9
10 41
20 69
9 37
18 98
5 82
16 15
30 69
16 62
13 5
29 8
15 41
17 88
1 51
20 42
2 53
26 15
1 24
13 89
8 29
28 69
19 15
3 28
6 96
24 7
30 37
13 21
22 10
22 72
20 81
3 91
25 4
19 49
3 95
27 17
29 59
2 27
3 5
4 27
20 64
15 47
0 60
21 84
14 53
15 10
5 24
29 16
16 7
16 29
26 6
29 18
18 40
12 86
21 34
2 33
25 5
23 5
26 19
25 94
12 15
2 9
13 5
11 75
20 99
10 22
11 75
30 4
12 91
2 55
9 46
0 31
22 88
16 52
25 21
26 25
21 11
5 29
4 28
22 40
9 47
7 12
9 27
24 51
28 30
30 55
5 14
1 75
4 22
24 19
2 8
13 51
24 89
4 59
28 56
16 90
15 97
30 70
30 98
0 10
4 58
12 48
9 36
8 68
1 25
22 21
19 70
25 84
4 71
18 26
1 42
19 68
18 58
26 76
7 46
24 41
28 3
1 67
0 45
15 90
22 19
14 58
1 14
0 29
28 44
19 37
2 3
14 35
1 37
21 74
6 62
15 30
11 16
26 91
7 27
18 23
20 72
27 94
27 13
12 35
0 95
22 81
12 69
18 92
21 21
13 28
5 40
7 52
2 4
19 34
15 27
17 69
20 77
26 96
26 39
9 9
9 73
29 80
11 13
7 26
16 10
19 64
17 27
27 96
30 12
25 34
10 41
2 86
30 93
16 3
20 20
1 100
1 35
28 58
20 29
20 59
13 53
4 91
0 32
20 31
5 33
7 97
25 9
22 98
4 13
12 21
13 55
20 37
18 30
4 5
28 60
2 39
12 31
16 82
13 76
22 19
1 39
16 30
26 35
0 88
6 91
1 13
12 76
10 88
28 52
6 83
19 78
24 26
5 7
17 59
21 2
23 81
22 2
10 59
16 95
23 57
26 49
17 52
18 76
20 47
27 73
29 61
4 56
10 94
17 11
6 17
30 87
6 60
2 54
23 53
19 89
12 96
17 77
19 71
7 57
1 27
19 39
24 11
9 77
0 28
26 72
3 43
3 84
28 82
0 91
19 55
23 87
8 7
12 20
2 86
4 31
17 23
1 59
5 81
20 24
24 98
8 75
0 78
14 72
29 37
17 25
28 32
9 76
26 38
9 5
23 21
23 64
5 35
25 20
21 58
7 14
12 20
17 91
28 53
9 14
14 86
28 6
5 79
1 13
23 79
6 58
1 7
28 34
2 72
14 13
8 13
22 13
28 47
24 5
13 58
9 47
9 100
1 38
29 60
2 100
15 87
17 91
16 79
9 87
2 23
13 7
6 4
9 62
6 65
16 40
29 84
29 94
6 59
27 69
29 14
18 28
19 72
7 90
8 50
0 4
21 18
26 25
20 49
28 6
2 79
1 59
18 57
20 59
15 65
29 81
21 24
9 98
28 71
23 83
24 22
1 38
13 58
15 65
24 91
8 56
26 15
4 64
21 83
21 2
30 10
23 14
2 25
10 87
16 92
21 79
13 63
0 70
18 3
1 78
21 65
3 38
4 76
2 66
0 25
24 13
20 68
9 11
15 74
8 4
16 62
23 57
24 27
5 95
19 9
9 51
15 76
13 58
8 17
0 45
19 100
27 47
24 27
9 91
12 15
27 38
12 26
20 67
0 21
11 81
13 51
5 94
9 16
16 30
17 26
10 61
5 34
30 77
2 53
11 59
3 3
8 35
23 21
13 73
13 70
21 37
18 97
15 84
6 97
7 23
30 63
18 98
1 63
9 62
29 92
30 93
15 63
18 65
16 56
5 20
29 4
10 94
19 58
6 21
5 94
21 17
2 3
22 78
11 71
9 80
30 77
27 71
19 33
26 58
13 56
1 25
8 58
11 42
23 66
29 11
4 19
29 57
29 69
1 60
30 41
10 42
30 30
21 33
0 51
5 37
29 48
15 30
26 37
6 1
28 45
2 85
25 83
4 79
29 4
19 9
16 41
21 81
29 3
23 71
25 73
15 66
1 22
1 17
27 40
1 78
5 77
3 48
10 99
23 51
13 80
7 29
12 52
2 65
7 95
24 61
2 71
25 31
27 85
10 24
6 22
4 49
14 75
9 17
25 95
0 34
6 28
12 29
8 72
22 82
1 63
5 30
26 64
27 38
0 62
20 88
9 44
13 93
21 59
26 8
18 6
5 3
3 18
12 43
3 22
19 57
12 37
21 68
18 8
6 97
26 45
15 48
30 20
4 56
14 90
15 17
6 8
23 77
21 67
29 82
26 16
3 73
12 21
28 14
27 33
24 27
3 98
9 1
26 11
15 43
3 84
4 68
22 55
29 21
18 30
22 55
18 70
23 52
28 38
24 15
13 68
30 86
30 86
4 93
14 27
15 71
14 64
22 18
11 2
8 96
0 24
8 70
14 54
30 27
21 6
26 27
13 1
22 44
19 51
23 53
4 72
18 29
8 75
17 67
12 7
21 93
5 17
15 40
19 64
2 42
3 80
28 61
26 57
25 16
26 46
20 93
26 94
7 5
14 70
25 23
13 56
5 46
14 16
4 2
13 89
2 53
25 49
7 15
28 16
26 47
23 89
11 96
11 28
8 2
10 45
18 56
17 58
28 41
8 92
1 85
16 22
2 50
22 79
18 14
5 56
22 35
23 11
5 18
20 25
10 88
22 8
20 25
20 92
28 47
6 12
2 40
29 77
28 80
20 67
23 61
6 37
21 10
10 71
8 34
18 68
1 14
12 3
6 29
14 68
1 99
20 62
30 45
4 15
19 45
21 50
0 7
19 86
27 24
21 10
11 5
24 8
28 11
18 12
16 63
4 9
17 91
16 85
21 60
10 1
21 94
24 91
6 1
16 36
19 36
12 66
25 12
3 99
30 29
13 12
12 5
28 40
14 99
23 75
19 42
7 2
29 78
27 72
13 43
15 28
16 45
5 48
8 48
11 15
24 57
15 50
10 89
26 80
1 13
17 8
18 49
5 78
26 82
27 85
0 36
2 77
25 28
10 13
4 28
29 41
15 92
23 17
18 81
22 69
16 19
16 14
20 36
23 25
5 83
9 4
30 32
12 40
8 57
8 87
13 93
28 92
3 58
4 13
16 38
16 95
15 68
6 100
3 15
3 72
0 25
21 84
10 18
10 57
3 89
23 23
10 72
23 88
17 65
0 44
24 75
18 63
5 79
20 5
7 53
17 68
29 32
13 63
8 36
23 61
6 9
30 51
10 22
12 64
23 6
8 69
5 32
30 19
3 51
1 14
0 91
28 26
0 4
18 74
10 83
15 10
2 16
2 2
17 63
13 37
17 91
30 63
2 29
26 71
13 38
25 43
25 58
30 37
17 86
0 68
17 83
6 20
14 30
4 23
2 38
26 53
1 27
22 31
30 13
16 13
3 85
9 71
12 80
22 72
30 6
0 59
15 2
17 64
3 81
28 79
1 62
15 82
21 67
20 74
22 55
19 61
27 64
11 71
8 69
20 97
25 55
26 57
10 80
2 92
16 4
15 46
24 95
14 46
19 58
8 78
3 44
26 35
23 46
25 66
14 22
19 74
0 35
18 66
19 48
4 70
22 99
19 13
6 85
25 50
17 100
2 22
7 50
8 13
22 47
26 55
23 21
23 7
13 30
7 78
11 69
3 48
30 51
15 88
18 17
17 89
29 85
2 65
21 95
23 83
22 12
20 6
8 17
17 84
28 15
1 14
29 41
21 35
7 62
13 79
13 35
28 22
26 49
2 44
4 81
26 19
7 87
11 73
19 45
14 98
11 17
5 97
8 93
25 4
9 83
21 97
20 86
25 2
3 3
2 52
20 92
10 43
20 56
30 21
30 31
20 32
24 7
3 26
3 21
3 49
10 80
22 68
3 53
20 84
24 61
20 89
19 93
23 26
3 41
21 30
3 2
12 93
26 99
20 40
3 9
23 70
10 36
0 1
13 15
4 38
4 33
2 98
15 16
20 45
15 64
15 52
11 69
26 30
6 81
26 46
0 67
27 10
28 17
13 44
30 18
1 59
5 82
18 80
6 28
12 62
20 59
20 18
6 70
15 28
3 97
17 70
17 46
14 88
14 96
5 19
15 21
25 89
8 64
4 35
13 98
15 65
10 76
21 17
9 52
16 98
1 87
2 35
13 43
25 94
17 2
25 24
10 28
9 2
13 66
15 9
21 35
5 77
28 86
26 16
29 93
23 45
6 11
11 51
26 42
6 72
3 73
0 48
3 68
22 33
12 75
6 88
1 98
20 65
16 60
7 24
14 67
13 61
29 24
4 6
19 77
20 54
17 12
10 97
28 76
20 56
0 64
0 72
7 44
9 52
16 62
7 63
3 77
15 51
14 98
10 84
5 38
14 68
16 59
7 47
15 7
20 23
4 100
2 30
28 57
30 51
21 49
12 26
28 76
11 17
17 82
23 49
10 66
23 61
12 69
24 93
13 57
1 98
7 99
14 74
28 90
21 1
16 14
22 97
22 48
17 43
11 60
18 62
23 4
16 22
11 96
10 84
8 54
30 100
18 9
17 51
29 72
1 44
7 31
25 61
12 84
19 32
5 7
25 95
11 91
7 3
4 92
25 26
28 67
18 99
27 90
4 95
16 1
8 56
29 60
11 100
27 82
26 82
11 99
17 61
11 41
21 25
1 54
6 52
4 75
27 34
5 85
0 100
4 29
6 46
7 14
30 39
30 37
17 80
18 13
23 17
15 60
15 80
7 27
29 42
6 48
20 90
14 20
11 30
27 35
28 62
30 76
27 97
12 29
17 82
5 45
19 43
21 60
28 39
23 15
2 85
12 38
8 99
18 51
22 56
26 45
4 40
15 6
29 67
9 35
1 13
19 52
30 10
1 81
16 8
8 69
21 1
2 10
2 21
30 97
6 25
0 84
6 77
9 93
14 87
19 76
7 26
26 94
28 48
18 96
23 85
15 61
30 2
17 10
26 85
22 23
10 27
27 65
11 20
0 53
3 50
2 30
17 11
27 82
28 49
28 28
30 8
21 91
14 98
15 46
19 86
28 63
18 13
23 65
1 81
26 41
29 69
14 49
12 62
28 75
30 99
19 56
9 28
8 78
16 55
7 35
12 73
22 64
3 54
2 53
25 42
10 7
15 81
16 33
21 12
26 52
25 46
9 70
10 33
3 76
20 73
17 34
4 6
10 83
10 27
8 26
3 17
18 75
24 19
3 5
1 99
16 9
20 79
11 25
8 93
10 64
13 31
3 81
8 76
11 98
27 82
22 45
26 49
15 48
26 59
1 80
27 3
22 84
13 24
20 69
24 3
17 19
11 41
28 60
0 36
10 13
29 66
24 82
7 8
28 44
21 100
15 20
9 96
14 42
25 22
7 89
6 61
5 78
0 66
18 95
25 2
20 89
29 85
12 67
3 5
16 15
16 67
4 90
11 68
8 59
12 100
25 53
22 4
19 23
30 58
13 28
29 54
12 55
2 50
23 86
6 31
4 86
8 18
17 84
29 54
29 2
13 84
29 81
3 10
5 50
15 32
27 80
6 67
24 11
25 98
23 28
26 59
1 23
5 48
17 97
26 13
30 43
24 42
10 11
11 58
0 77
3 61
15 96
6 69
25 93
18 72
1 70
11 87
5 71
21 90
20 60
2 63
11 97
30 55
1 67
14 53
8 78
16 68
12 88
24 16
10 47
20 26
3 25
16 87
15 15
27 20
18 82
30 86
23 22
7 65
6 66
14 33
3 28
15 1
5 64
4 9
3 51
4 26
24 93
16 48
18 20
25 40
5 38
15 36
27 43
21 31
23 43
12 55
25 96
0 12
0 41
30 49
21 56
28 83
12 32
6 53
10 43
30 2
14 87
30 46
29 73
14 76
11 35
2 45
8 6
24 57
27 28
15 90
0 45
2 34
11 24
5 53
13 37
22 68
8 2
7 55
4 18
17 17
15 28
25 7
27 42
21 82
23 67
13 60
22 88
6 54
17 65
18 74
7 39
23 39
2 65
0 27
22 53
4 63
30 92
27 74
6 22
3 20
29 94
23 86
10 40
7 20
0 99
2 84
27 81
21 8
24 24
19 6
28 39
0 31
29 72
16 68
25 37
28 53
5 54
11 36
11 28
13 14
14 25
10 5
30 92
10 66
6 29
25 7
21 19
8 27
15 75
10 97
20 44
18 35
0 50
24 26
1 69
1 88
10 96
29 27
26 56
21 60
17 56
15 15
11 15
18 71
12 1
20 26
27 37
29 21
7 100
23 45
11 11
18 73
14 24
8 1
6 66
23 28
16 1
5 43
25 9
14 1
4 84
3 66
25 39
19 13
14 53
6 85
24 6
30 14
14 23
5 83
2 9
9 32
16 42
6 80
9 48
12 9
6 53
30 10
2 92
7 20
2 43
21 22
4 92
17 53
3 36
19 35
18 27
19 47
30 30
18 32
18 53
0 55
12 59
5 13
3 51
9 25
15 80
29 5
24 85
3 8
28 3
16 4
6 97
2 20
6 62
13 38
23 97
3 75
6 23
11 59
2 30
25 14
25 97
19 13
20 52
8 100
15 84
5 90
12 85
17 62
25 62
17 60
18 68
8 3
5 21
30 96
22 12
7 52
5 55
7 62
30 60
6 73
11 71
5 95
13 27
8 39
14 41
4 81
0 9
16 49
24 23
3 86
28 73
11 21
3 46
13 16
29 21
10 52
22 72
17 97
27 97
22 16
1 34
30 62
21 41
2 22
16 74
17 94
8 47
27 45
20 53
16 8
4 51
23 50
26 62
5 73
24 56
24 66
1 37
27 13
1 94
1 11
23 25
11 76
8 70
2 81
16 82
10 58
27 34
1 67
30 100
27 91
28 99
5 46
28 12
27 89
21 54
26 85
18 93
19 70
30 65
10 98
15 23
18 53
21 2
8 68
4 51
24 16
13 79
28 56
4 98
13 1
25 15
28 21
1 23
29 63
25 85
29 12
1 86
17 84
6 24
1 32
15 82
7 76
15 71
3 95
30 50
18 86
17 29
1 10
6 25
24 43
30 11
2 12
14 84
21 3
23 9
28 87
3 51
20 60
8 56
13 95
15 32
25 53
14 69
6 59
7 3
22 70
21 15
9 10
28 97
5 79
11 61
2 44
26 69
30 5
12 57
7 79
0 92
4 73
28 11
14 38
7 56
19 23
6 99
23 51
29 72
6 56
15 22
5 75
19 48
19 50
6 12
2 74
5 24
21 57
16 75
7 93
14 58
21 67
23 85
3 85
1 4
16 48
9 41
23 49
2 24
16 47
18 67
27 41
12 66
10 92
21 51
24 26
4 3
10 21
13 15
27 64
24 22
18 86
30 57
8 18
11 2
6 55
18 52
15 51
17 73
22 9
29 62
27 3
9 72
2 66
26 18
4 77
16 17
18 22
13 77
19 93
11 11
23 46
4 91
20 89
10 48
20 47
18 48
23 67
21 99
12 37
30 70
29 84
24 78
20 18
19 91
23 97
2 2
3 47
10 12
15 90
27 85
25 70
17 95
16 49
28 71
2 20
0 38
5 34
20 14
11 69
8 53
16 36
16 11
15 98
6 57
29 18
0 32
8 91
28 10
22 14
28 26
15 77
0 85
24 4
25 15
10 35
12 23
11 69
24 82
0 18
9 91
1 72
15 97
0 6
12 90
1 14
29 75
8 36
7 88
1 50
24 75
20 87
15 82
18 8
30 93
0 13
25 42
5 58
23 66
7 77
24 65
5 30
9 51
17 40
9 27
27 97
11 51
23 31
8 82
22 84
1 44
5 73
18 57
25 5
22 96
13 95
10 6
29 37
19 11
17 8
16 52
7 13
4 22
7 33
12 28
11 32
14 20
7 8
20 69
15 89
9 73
27 92
22 74
6 79
25 66
29 12
0 76
21 84
21 43
27 99
24 47
14 65
9 98
14 85
0 25
4 90
5 87
8 100
12 46
21 78
1 16
20 60
20 42
24 62
15 49
8 47
6 66
5 86
25 80
4 25
24 81
2 91
24 81
15 98
15 60
30 35
13 24
27 31
27 96
21 50
18 8
23 75
24 55
3 75
3 61
29 74
19 17
25 33
25 1
16 48
5 7
20 10
11 29
14 43
24 27
4 7
6 36
16 100
17 77
4 95
7 3
4 56
28 51
18 84
24 16
23 33
9 72
25 10
5 7
28 37
4 53
0 2
23 9
8 43
10 93
14 98
3 88
25 79
22 97
25 50
26 39
18 9
20 99
25 69
14 99
23 31
14 65
28 41
1 55
13 75
0 49
10 54
27 95
9 78
25 53
14 20
15 37
13 60
9 45
0 31
15 31
17 48
10 87
14 56
0 98
16 28
0 68
11 40
0 79
6 37
24 63
14 53
16 31
19 50
6 40
5 96
30 34
10 9
28 6
18 5
2 39
14 54
28 74
12 41
21 97
23 62
1 99
15 8
7 62
15 100
3 54
2 63
11 34
16 32
12 54
11 75
20 60
1 53
7 29
17 30
20 42
7 79
30 46
26 66
29 94
28 51
7 2
14 71
29 96
16 42
10 92
14 71
23 9
24 87
30 8
5 45
0 3
18 14
25 95
0 98
17 4
21 100
0 17
18 43
27 85
4 12
10 67
10 87
23 14
11 40
11 51
0 59
16 93
7 24
0 95
11 9
0 58
16 50
25 6
1 96
9 17
19 6
7 95
19 46
3 42
20 39
12 100
8 5
14 56
28 64
10 54
6 25
9 64
2 18
23 43
16 12
4 89
22 38
25 18
17 82
2 24
19 15
11 52
18 99
23 89
29 21
10 58
21 90
3 48
28 72
19 32
4 70
9 59
15 56
27 55
30 9
22 64
28 15
14 81
27 61
4 87
28 78
21 95
23 4
16 48
13 86
1 80
20 23
21 98
27 41
21 95
23 11
22 88
26 31
26 49
18 45
8 5
12 31
10 29
2 78
29 40
17 90
23 61
11 75
2 62
20 36
14 45
12 85
14 32
26 61
6 11
1 55
4 80
16 21
20 59
21 59
3 60
13 42
7 71
15 24
16 91
22 31
2 18
18 71
1 19
16 49
28 70
13 94
14 41
15 65
23 69
16 75
2 79
12 18
11 99
12 84
15 91
11 90
10 18
15 62
12 71
18 100
14 15
3 5
4 34
3 53
10 7
21 28
16 99
26 50
16 17
16 97
28 41
25 93
4 25
12 8
11 19
19 81
1 41
21 83
30 88
8 89
5 5
9 9
8 12
20 100
27 44
20 99
15 44
23 99
23 60
27 22
13 33
17 85
24 73
26 45
15 98
22 98
1 55
4 99
23 95
3 44
26 29
21 78
17 85
23 73
11 13
11 30
30 67
15 85
11 77
20 33
21 50
22 77
3 56
6 23
19 61
10 98
24 80
16 65
17 96
25 96
15 41
18 7
4 13
28 46
4 85
16 3
7 100
0 80
13 13
18 42
21 86
6 75
6 34
28 69
0 14
23 65
18 76
5 42
4 60
0 90
18 52
0 32
4 55
24 27
6 78
8 47
15 46
28 47
13 28
7 66
21 19
7 93
23 81
6 72
21 3
25 93
10 32
11 97
29 88
29 34
18 49
21 24
27 87
15 21
3 91
1 98
19 14
8 68
6 80
12 28
16 68
28 42
20 61
20 9
2 75
1 96
25 80
1 18
3 5
9 80
21 52
29 36
26 20
0 74
19 4
25 41
23 49
15 72
17 45
28 62
13 67
24 63
12 30
1 6
3 95
15 55
22 14
12 56
26 4
26 87
15 24
14 49
30 93
24 66
2 74
10 20
29 22
3 61
15 33
20 10
18 84
25 41
1 37
10 44
26 14
9 50
25 9
1 1
16 37
30 97
10 74
17 75
22 54
23 1
10 57
5 10
23 70
16 18
23 24
30 51
9 81
15 65
4 7
20 85
23 22
25 13
28 3
9 16
8 42
22 9
22 20
6 9
4 8
28 38
15 4
28 98
5 3
29 86
17 21
19 45
24 56
26 62
4 92
19 75
5 64
1 4
1 81
3 63
5 72
16 34
22 61
12 37
9 82
22 63
19 28
10 5
9 73
11 61
9 54
22 74
11 32
28 29
29 60
14 18
2 61
15 95
9 11
18 10
6 11
21 92
9 8
17 17
16 22
2 46
22 58
6 10
2 100
6 22
25 66
7 12
23 27
3 57
24 25
15 77
7 9
17 53
11 22
23 16
22 47
8 58
14 66
24 69
8 44
17 31
5 74
12 69
13 39
0 58
26 78
10 10
24 82
22 79
28 58
23 82
16 2
30 60
9 32
2 14
5 43
22 45
3 52
20 35
0 4
3 59
25 61
21 85
24 68
4 44
28 88
12 78
23 50
19 33
14 80
16 40
26 67
26 45
4 67
11 43
14 51
29 35
2 24
2 34
13 97
22 92
15 97
27 11
29 61
29 47
0 29
7 30
12 94
4 69
4 67
30 21
21 72
23 29
2 89
11 33
11 67
23 56
1 70
13 75
26 64
15 32
17 98
7 78
17 73
9 14
10 46
1 98
28 100
6 5
12 87
15 92
12 83
22 94
21 50
8 2
23 32
16 36
7 83
26 52
24 26
30 75
13 71
6 21
25 4
13 28
10 82
19 99
13 87
23 18
4 36
4 4
22 45
21 26
11 36
28 97
6 46
14 7
0 20
0 34
16 91
19 75
24 37
8 21
11 90
20 79
3 56
3 72
12 21
2 79
30 19
27 16
2 47
16 11
12 43
17 15
12 5
17 65
30 35
2 62
20 40
19 47
19 54
29 93
6 20
25 48
11 17
13 46
26 35
28 42
23 20
20 47
2 65
12 21
5 52
30 62
8 72
10 2
17 5
18 71
21 19
22 78
24 57
13 30
29 70
28 62
0 9
4 52
18 80
8 56
16 75
23 12
9 62
30 55
4 22
14 53
27 31
19 54
16 44
0 79
20 93
22 42
12 3
11 47
25 14
21 19
26 70
24 2
20 27
26 53
4 10
4 57
17 89
30 83
15 90
26 97
25 98
26 83
12 31
9 96
18 76
27 75
16 61
28 77
6 41
21 91
23 99
23 73
22 86
26 26
18 53
25 66
5 59
24 61
10 11
15 33
25 69
9 23
6 63
10 35
28 100
15 55
6 28
18 28
10 59
14 34
10 19
2 32
21 75
22 82
28 2
17 83
0 26
2 8
20 7
17 89
11 78
10 96
21 27
14 52
10 59
24 22
30 58
17 99
22 40
16 80
25 16
12 94
13 2
7 62
5 91
24 26
6 22
26 46
16 61
29 46
12 9
28 89
4 78
14 59
2 6
28 89
27 61
11 25
10 27
26 7
20 7
23 100
7 82
26 18
26 28
16 83
4 1
16 4
12 62
27 94
3 95
15 3
22 72
28 40
0 87
0 41
16 21
19 14
26 100
27 13
22 81
21 49
17 22
23 38
17 8
10 89
20 26
9 84
1 88
17 97
4 53
7 68
11 30
8 31
22 44
10 58
16 13
14 16
1 64
7 88
4 28
13 51
8 56
25 93
15 33
18 42
30 10
0 54
22 13
16 40
26 50
9 76
28 40
17 86
27 69
6 53
0 92
11 93
24 23
20 41
24 96
0 46
22 6
8 42
29 7
24 47
11 3
7 65
8 62
27 78
2 82
26 87
19 8
25 65
26 47
29 91
2 25
11 2
23 75
15 11
27 99
19 79
6 62
28 54
17 53
17 85
10 81
28 68
3 20
15 21
3 85
1 68
6 68
22 2
21 21
3 83
3 87
6 14
8 4
24 88
6 57
24 39
14 61
1 82
12 78
18 29
4 21
9 17
18 76
6 5
6 4
0 73
2 92
3 69
1 66
16 74
2 31
7 85
29 66
13 89
0 95
9 93
22 73
17 45
15 47
24 89
6 37
23 25
13 39
1 34
2 80
17 45
28 7
2 53
11 52
2 86
1 44
9 97
14 92
20 62
8 59
7 76
15 55
0 24
27 16
21 4
4 85
19 43
23 99
18 73
18 32
14 45
28 13
12 31
4 21
1 98
30 100
26 24
27 98
7 32
3 46
5 4
27 20
25 43
22 18
2 13
21 16
29 15
13 96
10 64
0 54
16 83
15 4
14 89
16 54
30 84
5 81
19 90
15 56
7 28
7 57
0 3
11 56
23 14
0 25
25 2
22 25
9 90
30 94
4 41
17 62
12 41
7 73
3 12
6 44
6 27
0 38
22 34
22 46
7 2
27 21
20 28
7 55
17 15
10 98
0 82
16 4
16 19
30 85
1 18
27 21
29 53
0 71
8 77
8 6
25 13
17 89
22 92
15 80
27 82
17 93
0 84
27 57
0 98
24 43
0 18
1 86
30 33
23 23
24 18
27 57
29 44
24 40
30 36
14 4
4 61
2 71
12 44
18 3
20 79
15 25
6 94
11 90
19 44
17 33
17 48
16 65
5 28
10 17
10 52
15 80
13 97
8 5
21 28
11 81
29 63
12 100
11 44
12 29
20 61
10 9
6 94
17 41
6 72
6 74
25 23
8 84
29 6
8 26
20 32
29 98
17 13
22 90
14 94
16 13
16 53
12 12
19 12
24 3
25 75
11 54
19 43
21 32
17 31
4 43
23 92
2 90
15 51
6 35
18 94
25 63
27 70
3 56
11 35
6 99
20 87
22 18
11 90
22 85
26 26
26 49
1 84
10 78
3 56
27 58
14 22
5 85
26 23
22 78
12 37
30 68
18 51
2 13
17 68
28 27
28 97
25 69
30 80
4 11
17 8
2 60
3 50
29 33
4 17
5 3
11 60
9 61
15 31
3 48
21 35
5 90
29 4
21 100
23 49
14 81
2 72
18 94
12 59
1 50
21 25
5 98
6 99
30 86
25 68
24 79
24 7
3 77
17 38
11 73
17 69
22 45
1 91
6 44
4 91
1 3
14 19
26 41
7 67
17 72
20 32
28 76
3 39
11 73
4 74
25 67
21 47
11 39
12 47
18 5
7 50
26 1
21 19
10 94
2 9
17 36
2 85
12 13
20 49
8 82
2 72
7 89
15 63
3 93
11 59
6 12
17 21
22 88
20 36
28 11
10 63
8 63
26 59
6 15
18 46
8 15
28 9
14 47
18 96
13 2
12 10
28 60
30 93
18 52
12 82
23 41
22 99
10 56
27 21
29 97
16 15
15 70
22 26
19 41
10 36
5 41
30 11
19 37
10 44
25 88
13 89
10 54
1 38
12 10
13 8
15 17
17 18
14 97
14 90
20 63
0 92
28 94
30 78
17 5
25 77
24 41
15 26
10 80
5 38
25 45
5 76
25 74
20 99
15 22
10 29
5 94
19 53
16 87
1 41
23 12
25 76
14 62
28 75
23 33
16 81
1 45
26 24
8 18
20 53
29 95
17 45
26 21
15 46
11 78
4 34
4 43
28 90
6 16
24 44
25 12
30 56
29 29
28 6
2 26
0 5
1 67
17 16
0 24
23 73
12 96
30 8
4 72
29 25
13 8
13 85
8 72
27 42
20 66
19 25
27 75
6 75
20 94
13 46
28 1
9 55
14 25
13 42
0 88
22 82
7 86
12 52
15 2
19 98
28 31
9 64
22 72
22 65
27 51
15 33
23 100
12 70
30 77
6 29
24 69
26 54
18 53
28 77
20 42
12 8
11 74
18 42
5 40
15 59
28 86
23 49
27 95
23 5
14 54
6 55
5 71
0 19
17 99
1 66
3 12
2 45
6 10
1 87
10 35
4 45
26 44
17 45
1 12
24 65
4 9
17 75
10 8
21 91
8 95
14 34
23 3
18 92
22 76
8 76
5 6
17 96
12 96
13 63
13 12
30 15
11 34
24 6
0 36
12 63
26 21
20 7
17 56
13 57
3 59
9 28
29 10
26 66
28 76
4 54
21 21
16 73
28 13
1 4
15 37
8 56
7 88
15 59
15 44
26 22
24 97
11 89
25 44
25 91
0 62
27 90
28 39
15 45
14 44
1 93
30 33
28 13
17 6
22 92
11 43
6 4
2 63
11 61
9 9
6 83
4 33
6 66
11 1
9 69
15 7
12 33
3 57
21 28
1 40
28 38
2 5
7 55
30 65
28 60
30 79
14 16
9 88
28 85
10 41
15 27
15 94
11 69
30 4
17 2
11 91
19 8
7 12
24 28
20 80
4 76
6 91
1 35
25 11
5 41
28 6
0 82
26 53
29 28
16 2
23 83
24 61
7 98
15 34
5 29
16 25
1 89
13 69
8 46
28 74
1 63
8 4
16 54
16 36
17 20
28 50
5 96
21 8
24 2
21 100
29 29
18 11
15 84
19 16
7 40
3 53
8 70
7 39
30 30
24 23
6 69
25 31
21 25
5 100
28 93
17 19
19 94
17 26
24 56
21 55
24 78
15 90
25 76
21 26
10 48
5 4
19 32
16 50
5 60
5 46
13 34
7 73
29 94
30 71
19 65
23 79
14 80
9 61
16 1
18 33
20 54
26 99
30 34
7 63
24 30
29 55
14 51
8 58
15 97
27 89
0 11
8 86
30 58
23 49
18 33
27 93
29 46
3 99
15 10
24 80
6 66
17 35
11 16
27 88
5 26
12 91
12 68
0 51
16 74
11 52
2 23
8 45
23 37
8 52
26 19
16 36
18 71
14 62
2 78
30 90
11 47
4 9
3 37
18 70
16 20
5 61
3 45
28 46
28 50
3 60
22 3
3 65
12 77
9 24
10 45
10 59
23 83
27 46
25 95
22 17
24 85
12 98
4 62
5 23
21 88
27 98
2 53
7 82
5 78
22 78
20 98
11 67
4 41
6 58
18 19
12 16
16 83
23 84
18 22
25 81
21 97
4 65
13 100
8 50
10 68
23 77
15 64
13 97
28 78
25 59
29 65
13 37
13 31
3 98
8 34
9 10
24 43
27 83
20 29
1 73
16 72
9 33
29 71
19 8
3 3
12 45
19 49
25 90
10 55
16 43
22 50
10 48
11 27
27 96
30 9
4 87
5 24
21 64
18 10
3 38
5 23
22 86
13 63
7 40
3 24
19 36
8 100
6 40
5 37
18 59
20 33
13 18
1 85
17 42
28 70
8 97
15 29
12 98
17 40
30 42
18 77
8 24
3 16
24 46
3 82
0 63
15 13
7 92
9 97
7 11
22 54
12 3
3 43
26 25
5 65
10 14
1 36
20 70
28 48
20 47
19 40
18 29
10 85
27 61
15 12
1 96
9 39
12 48
15 45
24 89
12 22
0 36
13 1
26 97
9 45
7 10
13 97
13 25
23 12
11 87
17 5
21 89
22 4
27 31
5 26
28 13
23 70
10 71
5 51
8 58
14 22
28 31
5 6
20 50
4 69
18 9
3 76
10 53
23 2
23 46
12 93
29 57
28 59
1 12
25 34
19 41
14 40
20 3
21 83
10 67
25 36
5 38
25 85
29 90
7 9
13 16
2 53
10 4
14 65
24 86
10 29
7 70
11 55
19 53
8 46
28 1
13 15
29 16
11 5
11 51
3 49
27 73
15 39
23 42
2 71
16 22
19 82
12 76
12 92
19 10
10 99
29 69
4 63
6 81
20 29
30 36
18 47
29 73
22 87
21 88
0 56
1 90
17 66
4 47
26 7
30 54
3 66
16 65
17 53
23 14
18 99
29 39
26 40
2 81
0 74
4 46
28 97
25 54
1 14
11 73
3 47
14 97
26 41
7 44
15 1
25 27
6 38
23 34
17 13
21 54
6 12
18 45
15 26
22 67
7 7
7 19
16 34
19 86
4 11
20 46
8 67
29 28
4 8
12 84
12 70
4 99
1 1
10 28
24 39
16 30
11 72
27 67
16 51
21 42
3 30
30 58
18 71
24 32
12 14
19 68
3 74
8 80
11 7
20 51
10 22
0 73
0 54
12 91
4 2
25 98
0 88
23 40
21 39
17 14
13 92
30 79
18 56
15 75
10 71
29 34
22 57
20 58
20 24
19 48
3 43
0 20
14 50
30 44
21 37
7 41
25 78
3 56
24 56
3 15
23 28
26 92
25 48
21 68
9 87
17 49
11 1
6 93
24 2
2 70
17 63
13 91
3 96
21 1
26 89
19 80
4 97
3 71
2 24
19 64
10 5
0 56
23 59
21 27
4 7
4 7
25 50
29 49
7 46
23 31
22 58
1 12
7 90
22 39
2 11
4 93
7 25
25 45
22 82
10 51
9 45
11 1
22 99
7 27
27 78
1 80
16 78
20 98
15 76
0 87
10 22
20 94
0 48
20 42
21 71
9 64
17 13
26 7
29 20
9 80
28 58
26 30
9 54
24 99
17 54
0 19
24 11
19 41
10 76
12 20
21 92
7 40
19 63
24 72
20 19
15 54
17 96
5 57
23 19
18 38
2 4
29 82
23 10
15 51
13 14
27 9
11 13
21 56
3 96
3 37
19 2
18 100
22 60
25 27
15 99
11 66
5 93
26 1
6 40
23 83
13 12
24 85
29 9
5 78
17 76
11 92
10 78
24 56
16 23
6 73
24 63
14 51
28 16
13 43
8 68
27 23
9 54
21 37
6 10
5 54
18 74
20 82
6 69
8 46
18 8
20 77
8 19
3 13
13 60
16 49
27 70
30 37
12 80
16 38
25 27
11 36
24 63
9 28
2 4
16 46
25 44
14 19
5 36
3 97
0 85
22 59
3 10
10 33
12 94
19 44
22 90
26 49
2 44
4 7
15 38
23 69
25 22
6 9
1 49
1 48
2 86
7 67
0 41
12 32
22 64
24 86
4 20
20 46
12 8
2 62
18 39
28 20
7 35
1 70
27 35
11 31
3 44
4 1
19 36
30 89
11 63
28 23
2 18
21 64
15 54
9 16
18 53
15 100
4 69
24 51
9 21
7 63
0 88
17 40
22 70
7 30
11 79
28 27
15 40
20 54
6 48
0 56
17 39
27 36
8 60
14 47
4 45
29 86
29 76
7 89
12 35
24 57
2 57
1 94
16 62
19 59
27 60
28 64
8 70
18 24
29 76
17 42
15 7
25 36
18 53
22 70
22 96
5 88
18 44
16 77
13 38
7 69
11 59
10 69
2 11
23 45
4 84
20 89
12 53
17 54
7 58
19 76
0 40
28 92
19 24
19 22
30 52
3 79
24 9
4 24
28 79
3 56
12 65
17 6
19 71
7 11
20 10
7 50
25 43
26 68
19 70
20 64
1 51
8 47
25 53
24 31
27 51
21 72
27 99
3 15
25 66
18 69
5 29
3 39
6 80
1 72
18 59
16 83
4 70
16 12
24 77
9 96
11 18
27 33
10 2
8 68
28 63
25 3
10 99
3 8
17 68
11 54
27 98
7 21
27 87
3 41
13 39
23 82
2 28
11 52
15 7
11 94
25 99
5 98
28 76
6 47
10 10
13 32
22 11
18 61
26 69
10 34
14 55
3 41
14 38
21 36
22 32
1 8
3 98
20 60
4 11
17 46
15 67
22 74
17 24
22 22
22 59
26 48
18 28
7 60
26 5
24 15
9 76
8 98
21 95
29 10
26 51
2 16
11 22
22 30
18 70
27 69
25 72
4 52
4 68
3 99
14 72
1 70
5 25
2 44
19 13
8 46
19 85
22 64
7 69
4 10
19 15
22 78
1 40
11 65
11 31
16 73
2 53
2 24
5 48
14 62
1 71
23 75
23 33
21 19
2 80
27 95
7 64
11 78
23 51
28 13
17 20
18 30
11 22
14 1
22 17
9 25
21 38
30 77
20 70
24 54
24 96
22 84
3 33
20 76
23 62
7 39
10 65
14 90
30 2
23 20
14 2
19 1
2 99
15 7
10 47
1 21
29 91
3 55
1 31
11 72
14 54
11 17
10 17
2 83
24 97
8 98
25 61
18 92
19 5
28 42
22 1
14 70
6 35
23 94
23 29
2 88
20 55
1 59
0 80
3 17
11 88
13 30
23 76
24 52
19 64
20 16
19 15
20 7
28 68
3 49
14 45
0 65
10 53
20 11
16 82
14 46
18 60
21 64
29 25
22 27
5 33
7 10
19 45
12 68
22 96
23 62
11 42
13 73
14 86
14 53
2 61
27 13
9 1
4 28
26 37
2 65
19 76
5 79
3 97
3 71
13 63
28 78
10 51
4 42
29 47
12 27
10 43
2 43
15 28
18 95
16 28
12 44
2 51
25 23
2 20
23 34
12 31
30 22
11 75
1 89
14 6
7 42
7 32
11 52
8 64
27 62
7 100
7 70
17 4
17 47
9 18
22 60
17 37
12 50
12 98
15 97
20 92
10 44
28 78
10 65
26 99
10 89
27 29
27 91
5 11
11 9
0 64
20 56
19 54
27 73
6 13
26 59
30 82
25 35
21 24
0 9
17 40
29 80
30 64
9 40
10 8
10 60
14 74
4 35
8 21
7 58
20 13
15 45
29 35
30 6
10 89
6 39
7 32
11 14
12 43
17 24
12 56
26 69
12 80
7 59
21 75
8 26
22 22
9 36
11 66
3 29
20 60
2 86
4 77
4 23
4 49
12 87
1 33
17 81
20 6
27 11
18 7
8 92
16 68
11 64
26 16
23 15
13 33
30 54
13 29
12 79
17 70
7 47
26 28
24 11
17 41
29 100
16 3
11 86
3 18
29 84
5 61
13 86
2 28
15 18
28 26
16 21
25 59
29 96
12 22
9 40
23 87
22 85
27 26
29 12
24 42
22 99
25 77
13 8
18 86
29 97
17 37
15 89
13 47
13 75
18 58
28 2
14 49
21 38
28 37
18 35
8 63
17 95
27 21
3 13
16 80
27 68
12 49
3 3
0 90
1 30
7 94
6 23
18 93
0 34
14 23
29 75
22 5
30 19
16 50
29 9
8 20
2 79
6 25
2 20
17 72
8 25
18 29
12 67
30 18
5 67
23 44
12 29
10 88
16 85
2 29
6 69
9 58
5 40
17 64
29 34
12 36
13 57
10 54
8 22
6 100
22 38
24 11
8 31
28 7
26 33
27 35
9 70
17 55
2 75
21 2
2 25
2 95
29 7
26 41
25 42
14 37
5 26
16 51
30 11
22 55
19 7
0 8
6 49
19 21
26 73
7 86
16 21
22 78
20 72
26 35
3 70
9 77
14 18
7 21
24 48
20 7
2 2
2 91
1 98
21 94
27 88
26 57
25 10
9 47
12 34
28 5
5 33
29 97
19 39
22 58
28 25
13 77
17 91
20 15
3 21
26 24
15 61
7 37
17 2
8 100
25 14
7 10
16 58
6 17
30 16
1 21
21 26
3 6
23 8
3 83
4 52
3 91
11 76
11 69
10 93
27 70
2 80
17 14
28 47
13 71
30 9
22 43
6 76
21 93
23 33
20 42
16 25
18 43
17 81
18 47
21 94
6 17
6 1
2 15
9 84
7 29
21 22
14 6
2 43
11 26
22 41
21 78
30 33
17 2
9 35
10 68
23 26
27 99
17 60
29 57
12 30
25 62
21 92
30 33
14 43
15 60
10 34
15 77
21 19
18 55
6 99
7 4
7 12
19 46
10 88
22 71
28 83
20 82
27 98
14 84
4 3
26 38
30 2
1 24
22 69
23 43
7 60
16 52
22 74
11 37
13 65
0 9
15 15
22 38
20 53
6 84
14 24
9 59
5 2
12 87
22 56
20 56
7 98
30 24
8 64
21 100
22 10
0 83
24 78
9 72
22 74
22 95
6 4
27 50
9 61
6 76
22 71
10 44
10 87
8 25
23 95
29 38
12 73
21 66
26 18
19 85
18 4
1 78
12 88
7 60
8 69
1 1
3 13
14 39
10 11
18 5
13 81
17 96
26 98
27 37
16 10
16 88
11 29
22 61
22 55
1 85
3 90
5 52
22 80
25 39
23 98
22 83
28 74
3 97
5 75
10 11
29 68
23 31
17 98
12 100
24 82
25 41
1 11
12 1
9 22
2 45
5 61
13 66
10 27
19 64
24 99
19 49
2 98
10 44
18 37
4 54
28 22
14 42
17 99
19 59
24 52
26 82
8 89
25 96
9 100
13 11
16 1
22 11
5 59
2 34
14 21
25 78
12 62
16 40
18 48
5 50
26 90
27 25
19 66
10 14
16 17
25 18
21 64
2 98
23 76
26 30
12 37
12 61
27 92
19 80
30 74
3 20
11 8
24 1
21 23
3 80
29 15
29 42
8 46
6 4
22 46
21 21
10 100
28 96
27 1
26 57
18 56
9 22
12 97
23 66
19 67
21 55
10 12
6 15
12 41
4 77
2 56
10 35
18 54
3 12
12 49
22 88
21 81
30 77
24 98
10 2
24 100
24 50
18 79
1 90
18 7
19 35
28 15
22 68
19 68
20 68
2 71
12 8
29 97
28 74
10 22
24 14
1 14
12 60
29 88
2 63
18 12
4 3
5 21
20 22
20 76
6 72
18 91
17 77
21 93
0 33
12 74
7 38
26 58
6 75
11 11
0 30
24 61
8 98
2 9
11 43
12 50
30 28
29 90
14 78
3 32
0 8
5 51
18 52
16 53
12 37
8 78
16 50
10 59
12 75
11 97
28 66
16 85
24 100
20 42
13 80
22 9
19 28
8 84
19 28
24 15
14 64
12 33
30 3
20 87
24 2
9 83
30 10
3 50
25 56
27 66
27 48
13 36
5 5
29 17
28 81
26 3
11 24
18 3
11 5
25 43
20 99
11 82
29 51
13 46
1 82
26 37
19 62
7 37
29 18
5 59
1 29
9 8
0 58
3 71
22 17
23 74
6 6
10 64
9 94
3 11
13 98
14 88
5 78
15 89
16 80
18 65
2 41
12 57
13 40
28 97
10 22
25 37
26 56
20 16
2 15
13 95
10 67
5 46
17 60
2 76
20 45
8 92
12 73
19 73
28 85
17 61
18 90
8 30
0 31
11 39
0 92
8 38
8 62
14 13
5 22
29 7
22 89
9 15
17 51
25 81
23 88
18 22
29 82
18 51
26 98
22 95
9 46
2 44
2 54
8 46
3 7
17 26
1 55
10 29
5 93
4 71
10 39
5 96
4 56
23 58
23 9
13 31
22 14
1 14
0 38
29 54
5 43
8 10
29 59
29 19
9 53
18 83
28 23
12 2
27 77
10 74
2 43
6 65
23 15
7 33
13 28
14 66
0 76
3 40
9 69
0 71
26 72
15 62
0 46
28 67
19 22
13 44
14 29
21 59
18 87
14 29
21 32
2 60
20 23
17 37
10 80
8 25
15 42
30 80
0 67
8 46
17 11
7 12
6 98
8 100
18 22
16 57
27 61
11 43
22 82
9 3
7 5
15 97
10 80
30 66
20 2
22 58
14 32
14 59
10 86
18 35
30 3
2 45
6 38
15 83
26 70
18 70
11 44
21 47
24 89
0 98
3 52
4 6
12 68
14 29
28 28
12 26
11 21
16 73
29 62
23 64
29 71
7 88
2 83
22 67
3 23
11 17
3 87
15 33
4 17
4 51
30 67
30 54
4 31
1 45
8 11
26 95
15 43
2 92
17 15
29 99
12 8
25 21
22 34
20 64
5 57
3 16
16 36
14 13
15 98
11 64
15 4
3 80
12 25
17 20
25 55
24 37
2 32
27 43
20 100
19 50
22 49
30 4
20 33
24 75
1 21
11 12
10 31
14 87
2 80
5 19
15 1
2 38
23 18
20 88
12 53
15 80
11 33
15 36
10 3
2 23
8 31
12 6
10 13
3 7
11 89
0 26
0 66
27 98
15 54
22 22
20 23
11 77
5 1
6 24
22 79
12 27
6 32
8 56
7 94
27 23
0 92
19 80
22 50
22 26
0 20
24 84
4 94
21 15
16 50
19 85
6 71
17 56
16 94
6 81
24 13
11 15
4 46
3 66
13 52
6 25
16 53
11 19
29 69
30 9
29 62
3 64
21 100
12 69
28 37
0 12
15 83
6 6
2 75
5 90
10 3
21 49
16 86
11 56
19 31
14 76
20 64
13 64
25 18
29 7
30 99
17 9
28 34
28 51
30 60
1 88
19 53
15 86
10 14
29 67
30 77
24 64
12 84
0 52
14 75
20 26
3 41
4 80
19 88
28 26
4 38
0 54
17 17
21 44
20 59
24 97
6 46
15 87
25 73
24 58
5 10
11 87
19 71
2 40
12 21
19 62
15 37
14 33
6 9
9 93
22 47
9 16
10 62
29 77
28 39
17 65
10 5
14 11
20 53
14 76
15 61
10 76
6 30
5 92
30 68
19 97
4 27
6 30
16 24
8 56
12 86
23 81
1 14
3 33
21 62
10 81
18 91
15 17
9 48
21 69
5 30
19 100
6 41
9 53
6 38
5 72
13 64
7 37
13 21
3 75
6 22
10 15
4 23
24 7
20 71
22 27
27 84
18 60
12 54
16 20
12 95
25 26
8 66
13 39
14 74
9 65
9 66
10 54
21 6
5 96
5 57
29 54
3 20
21 69
26 58
15 68
18 6
16 17
15 59
22 79
18 1
24 28
12 64
7 10
8 81
17 33
17 15
20 64
2 12
11 53
8 15
22 77
23 41
28 60
22 70
21 98
22 93
1 98
26 20
0 49
30 81
11 15
24 28
7 94
18 69
15 55
15 55
24 83
8 25
5 3
8 52
23 58
2 79
11 43
19 95
6 87
5 27
13 35
11 99
22 68
27 8
12 66
11 99
30 70
5 4
29 30
21 6
0 52
2 9
14 79
19 89
25 100
30 14
9 86
23 77
22 74
7 20
19 81
12 64
13 32
15 20
22 18
9 78
19 51
16 29
5 90
2 47
3 5
23 99
6 69
7 50
13 69
12 56
22 49
9 29
14 5
29 7
20 56
22 89
3 64
10 58
30 13
21 28
11 5
22 75
30 47
7 80
9 39
15 78
2 67
15 14
14 54
6 6
4 98
18 33
29 72
30 85
4 50
20 17
19 92
14 77
5 39
14 78
28 88
16 42
0 62
10 23
13 83
10 96
12 18
13 17
16 36
4 34
11 55
15 77
0 7
21 5
0 37
17 38
13 30
3 75
14 97
5 55
0 34
30 72
8 50
14 43
13 59
21 13
27 47
8 16
2 50
8 5
8 15
17 69
23 38
9 6
19 63
27 58
4 68
20 31
28 77
18 7
4 43
9 47
24 60
24 85
19 1
6 43
22 97
8 84
12 71
0 36
16 83
25 52
13 42
13 9
6 83
19 57
16 39
3 14
1 82
18 58
18 45
19 3
28 97
14 77
25 63
24 6
5 82
9 14
19 62
4 54
7 68
25 75
30 48
16 42
28 74
14 64
2 27
28 78
16 73
9 76
10 23
9 17
23 88
12 70
9 43
22 31
29 10
10 72
20 44
28 41
21 21
22 92
7 94
8 11
12 22
22 15
29 39
11 87
26 25
5 91
13 54
26 4
12 74
3 77
17 53
29 5
22 85
0 84
13 66
24 41
17 51
29 17
3 44
29 91
18 12
30 12
1 46
11 41
4 53
5 27
7 73
24 87
11 53
5 11
10 42
5 63
22 71
5 63
14 89
24 47
20 5
21 17
4 3
18 19
14 86
16 85
2 42
14 99
13 92
9 97
13 66
19 46
12 11
22 87
20 68
14 99
28 29
28 51
14 8
6 74
26 97
16 60
4 32
7 79
8 93
20 100
11 5
19 43
7 98
9 43
22 9
8 21
10 10
20 8
15 38
23 87
30 4
1 52
28 32
10 17
4 61
0 12
30 22
6 53
30 12
25 47
20 59
8 60
0 32
16 25
10 10
6 2
3 52
16 98
22 8
2 41
19 5
9 82
3 58
7 100
17 95
4 50
27 9
16 36
22 76
4 38
5 58
18 45
25 62
1 86
15 37
21 24
5 50
2 19
13 3
12 81
29 34
17 15
29 70
9 31
17 72
15 62
3 60
15 36
2 17
6 48
4 75
12 65
22 4
30 32
26 77
10 62
26 58
5 59
0 96
18 41
22 85
13 92
25 8
24 87
23 80
18 95
1 18
25 24
1 53
23 18
19 66
8 79
4 30
19 52
7 42
18 86
23 85
6 8
11 7
2 33
27 68
26 47
28 98
14 37
16 47
21 22
22 87
10 44
20 25
11 13
30 55
7 60
28 61
16 78
1 90
9 76
9 60
30 58
22 99
15 89
2 74
25 7
17 36
15 98
30 24
18 15
18 76
16 23
17 6
9 93
0 40
26 25
16 77
21 91
30 65
27 51
26 16
1 33
21 25
10 37
29 45
22 15
21 57
0 95
24 55
29 87
16 37
30 11
19 44
0 53
6 71
4 55
15 82
30 5
0 80
22 9
14 22
0 22
4 68
8 13
24 70
23 58
14 1
5 49
20 75
22 95
30 38
10 33
23 74
28 25
2 22
30 30
10 61
28 17
20 55
1 76
17 55
16 34
10 36
30 91
8 62
22 36
14 71
26 50
27 20
10 60
12 52
0 40
23 1
13 32
17 2
19 60
11 37
10 14
2 77
25 39
29 46
23 73
25 17
26 13
17 53
13 53
0 17
30 37
10 17
2 71
1 3
12 42
30 3
19 76
4 14
30 42
11 34
23 79
29 48
6 81
26 17
8 72
5 48
0 91
12 35
9 37
18 71
28 25
28 76
6 58
28 8
24 61
6 30
8 48
11 10
9 40
14 72
14 7
4 98
1 39
23 56
22 59
15 11
27 26
29 50
27 2
4 32
24 25
26 18
25 62
2 23
27 48
5 73
20 92
11 34
20 41
14 59
28 46
22 63
27 56
13 48
2 64
8 69
23 83
15 75
4 99
20 62
20 81
11 86
4 27
3 52
28 32
24 1
6 78
26 70
10 7
10 38
7 86
29 12
13 42
16 52
4 10
25 53
9 14
7 6
17 87
24 98
2 5
5 11
27 21
24 90
10 73
17 94
7 57
22 43
11 20
3 51
4 89
1 35
6 19
13 69
28 58
8 16
29 91
26 12
15 97
11 40
14 34
13 84
28 81
9 91
12 78
4 25
4 47
25 54
12 77
4 91
15 36
20 8
0 95
7 65
6 95
6 95
21 34
4 8
4 43
28 17
25 96
21 27
26 61
26 31
13 13
1 57
25 96
1 29
15 25
24 72
7 56
1 95
0 73
6 19
11 67
1 75
28 84
12 4
10 27
0 65
27 3
28 87
8 100
30 34
6 41
8 97
24 90
20 79
17 82
24 8
1 9
27 53
4 68
11 99
0 92
8 52
10 39
17 68
6 62
26 30
28 61
8 11
23 4
2 74
14 87
22 70
27 99
19 40
26 14
22 90
10 48
27 79
1 100
16 45
25 93
23 67
19 27
1 58
30 45
18 51
6 33
24 69
2 72
3 56
22 74
5 16
15 88
3 40
30 75
8 59
18 7
25 50
17 42
26 83
27 30
13 67
12 13
17 57
14 95
23 1
1 39
19 59
9 38
8 29
4 43
1 70
22 65
18 59
10 10
28 70
30 50
23 100
10 90
17 27
10 9
4 23
9 70
2 33
11 12
27 85
26 73
1 20
19 38
11 77
4 97
24 40
9 42
22 79
18 36
10 88
15 90
6 4
30 80
5 53
26 88
24 80
6 100
25 47
20 90
8 28
6 66
2 78
13 20
25 47
18 46
13 58
10 8
0 32
4 61
18 51
18 30
10 59
3 18
14 30
8 80
8 54
28 78
20 56
15 41
29 4
18 18
16 40
10 60
26 5
23 27
9 1
17 93
10 73
16 64
16 21
14 60
22 59
17 71
15 68
26 73
15 71
24 64
28 84
18 89
1 11
18 42
30 29
11 24
7 96
9 69
23 48
2 9
10 3
26 89
4 97
15 28
6 27
16 48
1 9
9 36
10 94
23 82
17 46
24 83
22 54
4 77
1 99
22 53
26 59
8 19
26 16
15 17
4 41
13 25
4 65
12 51
22 20
1 61
2 12
24 37
22 61
26 41
0 12
27 31
11 10
13 24
22 78
21 7
26 53
6 81
22 53
20 56
14 32
4 89
27 58
26 91
1 47
16 28
20 82
25 83
27 69
1 19
6 34
22 96
1 75
3 11
11 70
4 83
8 24
13 26
13 21
26 74
7 66
3 20
22 34
28 84
9 45
5 74
17 68
0 6
4 16
8 34
27 18
29 36
21 22
3 47
13 42
21 62
18 5
10 6
26 24
6 63
7 46
13 10
9 82
4 5
1 15
15 5
8 21
24 7
30 2
20 28
7 92
22 11
26 25
12 3
14 47
29 41
4 81
27 72
1 34
10 12
2 5
12 51
1 38
3 10
29 27
28 37
0 37
17 61
20 73
2 47
29 20
11 64
5 49
10 16
20 92
18 93
14 71
12 72
13 22
21 82
11 5
17 35
24 22
11 61
9 100
25 41
18 76
24 60
25 64
16 67
23 91
24 10
23 8
18 45
17 28
0 98
11 100
8 1
20 85
27 71
15 14
16 64
21 1
9 2
2 94
15 22
22 99
7 82
22 5
15 19
16 84
0 74
3 42
25 84
0 90
0 70
27 34
4 59
4 94
16 50
27 11
5 46
0 12
13 19
14 39
25 76
4 9
23 39
22 37
29 49
4 19
23 1
7 98
20 54
27 40
25 97
26 95
5 70
29 92
23 51
20 95
3 15
8 10
13 31
18 82
7 85
6 7
28 65
28 95
4 48
24 66
8 8
16 85
7 60
18 93
1 17
18 24
17 41
11 5
28 6
20 15
19 40
9 86
19 100
27 7
7 61
27 62
30 69
4 100
17 79
4 98
26 74
23 46
9 70
15 48
12 98
27 10
0 72
29 60
13 43
19 65
7 41
8 41
30 87
30 3
4 89
29 87
18 76
8 6
15 80
22 95
9 14
19 60
27 81
20 42
30 20
13 43
2 84
0 25
23 48
15 31
18 71
15 85
0 59
13 54
12 74
23 58
3 6
25 44
10 13
27 56
1 95
21 78
6 45
19 16
9 54
26 27
11 23
8 19
24 79
30 19
12 40
30 82
30 34
18 82
30 13
20 74
4 27
2 79
24 14
8 28
6 83
3 24
23 91
18 79
25 32
0 29
16 29
29 85
18 73
18 33
9 85
12 30
24 96
28 34
19 7
0 5
14 72
2 40
28 63
7 8
5 35
25 78
2 31
11 79
1 50
10 55
25 4
24 100
21 66
17 61
5 96
19 37
9 88
25 67
25 68
26 81
30 12
15 96
25 12
2 49
15 58
14 17
15 65
30 96
29 9
22 24
6 3
5 50
26 63
20 45
7 56
5 74
2 48
24 67
25 78
4 19
0 15
1 83
8 28
23 74
23 65
30 89
10 98
20 35
5 85
18 29
23 3
25 57
13 26
5 81
18 100
21 70
0 57
1 51
2 6
25 2
10 37
12 54
30 44
10 44
22 44
7 51
11 13
17 34
19 93
17 74
30 96
14 27
19 22
13 80
17 68
3 35
6 51
24 80
29 58
21 92
1 56
13 100
9 90
11 78
1 47
28 33
4 13
12 57
27 15
2 29
24 30
21 84
23 40
26 37
4 25
19 2
26 25
2 76
15 51
23 19
8 47
21 19
15 99
25 69
12 14
26 70
7 100
12 97
18 63
23 97
13 47
14 3
20 72
16 15
8 89
12 62
12 53
5 12
0 49
25 95
4 93
13 77
24 88
30 94
14 51
14 81
3 46
19 93
11 43
18 82
10 57
15 16
12 6
21 44
17 95
20 99
3 72
9 86
21 14
11 2
6 60
24 1
25 40
4 88
25 81
18 16
17 80
13 63
1 34
18 13
1 58
10 14
30 73
21 88
1 53
22 67
13 53
3 41
27 30
11 87
4 90
4 27
4 59
25 54
12 98
7 35
20 30
2 33
13 62
8 43
16 17
3 64
15 98
28 23
1 4
15 43
0 75
0 63
14 60
18 57
29 14
8 1
20 90
29 97
20 67
16 66
3 42
14 50
17 28
28 13
15 13
11 83
30 75
17 44
12 38
3 87
11 70
13 72
9 97
4 36
8 84
19 45
12 66
18 52
6 8
30 56
22 66
12 73
10 37
11 99
2 13
14 4
14 70
1 81
0 3
27 64
27 29
12 92
11 97
18 76
25 48
28 22
24 23
17 33
11 75
9 100
3 97
5 87
23 3
6 67
29 70
17 22
20 6
8 46
11 15
13 1
14 81
27 50
21 11
15 41
23 64
19 40
22 2
21 76
2 67
14 26
15 18
0 59
25 20
17 56
26 60
7 86
8 68
4 99
1 19
3 34
5 38
7 90
27 16
28 47
26 100
20 45
4 3
6 38
23 30
15 57
15 80
13 49
22 65
30 75
10 53
27 32
27 56
22 32
11 99
4 100
19 40
14 32
18 13
12 82
8 51
25 83
6 37
20 80
24 29
6 22
3 7
24 67
9 38
15 79
22 40
29 20
17 8
9 52
14 5
10 54
9 4
11 43
23 4
0 56
22 66
26 97
29 64
25 3
21 58
3 96
22 48
20 31
4 31
28 63
29 88
27 30
16 20
4 34
11 44
7 100
19 33
21 15
17 34
26 12
10 88
14 86
15 70
10 24
5 97
29 57
22 46
25 82
20 58
8 55
5 80
3 64
9 99
12 65
20 96
4 83
12 18
21 20
14 1
2 7
15 16
12 49
6 23
3 58
4 69
16 90
4 56
26 17
29 9
6 52
26 48
20 43
30 86
20 83
28 51
28 67
13 56
30 73
13 82
20 46
4 97
5 8
12 18
0 1
29 93
7 74
17 4
28 35
24 70
19 9
25 54
22 67
20 14
8 61
24 25
23 38
6 59
12 11
26 83
26 91
21 94
11 56
17 98
4 99
27 44
26 87
7 36
12 97
22 6
13 100
26 17
14 67
4 64
14 86
20 59
16 57
28 71
22 26
12 96
28 85
1 51
21 76
4 26
5 87
8 72
12 98
7 8
0 67
30 24
2 53
9 72
23 4
17 26
5 51
24 56
6 49
18 74
12 86
30 82
9 66
19 1
3 47
14 91
13 69
21 84
26 75
11 10
12 98
6 51
27 17
2 10
17 25
2 87
29 1
11 35
20 20
4 76
13 72
6 4
12 49
11 45
20 5
7 50
1 41
1 35
8 48
19 12
18 27
16 7
30 82
6 76
4 26
20 62
24 18
17 50
6 51
16 22
8 80
0 9
26 40
11 100
25 64
11 43
17 99
30 97
26 5
29 3
14 76
23 43
8 64
23 49
16 89
21 54
12 8
27 99
24 97
6 60
14 47
17 42
6 9
19 14
25 20
13 55
19 53
4 69
26 26
18 63
13 68
20 33
28 52
0 4
5 54
1 70
9 23
16 76
13 87
24 49
7 20
22 99
14 61
23 44
27 42
30 57
24 28
11 24
24 28
8 100
7 83
18 61
4 35
22 8
6 1
3 3
8 9
8 20
6 76
19 10
4 31
0 31
30 54
27 73
11 25
20 58
21 30
13 36
27 29
20 38
18 80
1 43
6 92
14 80
19 30
29 46
26 4
11 16
16 19
27 71
6 70
29 29
5 23
6 57
24 37
12 59
18 1
2 21
14 72
20 41
14 13
20 19
29 42
28 98
7 7
25 59
16 69
18 78
3 86
4 80
4 59
19 36
13 19
9 74
14 59
20 74
14 12
29 94
16 66
13 24
12 17
15 70
2 44
6 65
21 15
14 11
23 6
27 95
1 30
22 62
21 5
5 30
9 46
1 24
19 92
12 43
5 70
27 14
15 95
29 19
1 79
24 72
18 86
21 26
20 16
12 59
17 3
15 71
11 14
28 34
9 100
11 19
28 86
9 50
13 99
20 100
24 66
8 46
10 47
15 11
30 64
10 45
27 76
12 58
25 47
13 78
8 9
5 31
5 85
7 19
10 90
12 12
18 87
16 25
1 11
0 71
17 95
9 24
8 9
24 90
19 38
30 52
5 81
28 95
27 32
8 41
26 80
30 73
20 55
25 85
3 98
16 50
22 37
19 5
25 66
16 58
28 75
21 95
19 56
1 43
12 26
9 30
30 79
6 48
22 50
24 37
21 40
5 82
4 39
9 32
0 55
1 21
10 22
4 83
22 11
10 52
25 19
16 94
22 48
25 78
28 86
20 80
19 65
13 84
20 52
7 26
15 12
11 73
2 21
16 20
10 26
10 5
15 47
23 27
14 94
16 98
1 80
26 39
30 100
7 40
19 92
18 46
4 5
25 10
2 38
15 26
24 62
7 76
17 43
14 22
15 84
21 26
24 45
5 20
7 47
30 72
9 46
29 3
1 67
10 33
12 36
14 14
4 9
13 75
5 35
14 74
22 27
16 69
12 58
4 61
14 79
10 22
9 12
5 10
0 1
10 33
26 67
18 63
16 23
7 2
9 57
22 81
21 49
4 47
6 75
13 71
27 4
6 78
16 59
13 61
11 100
9 52
22 43
23 48
30 63
2 8
29 27
2 92
1 93
25 59
23 82
8 84
22 98
15 92
13 28
22 92
22 63
20 51
15 27
19 7
20 38
6 16
0 80
4 1
6 29
13 11
7 36
12 56
12 92
22 60
3 48
24 59
2 50
22 100
7 70
2 70
29 34
18 33
1 55
22 37
4 46
29 75
18 99
23 10
21 96
5 96
7 35
3 74
7 79
27 93
15 59
23 40
17 17
18 18
29 80
14 31
15 79
7 61
30 64
15 46
10 23
12 63
25 43
18 25
0 4
1 75
1 22
22 12
23 19
20 80
1 11
15 27
1 75
30 94
5 100
22 74
23 6
25 90
12 46
8 62
24 80
8 39
1 43
8 54
20 80
16 48
23 83
2 91
27 48
29 100
20 8
14 24
12 82
22 37
11 51
15 10
15 76
13 64
13 25
13 96
13 51
30 26
26 10
20 14
25 75
11 30
29 17
0 100
7 11
24 50
11 20
6 72
11 42
12 37
28 67
4 6
17 77
21 11
23 2
14 22
12 83
19 18
1 28
8 95
3 82
20 26
27 12
10 18
3 57
19 99
12 26
4 92
28 1
7 10
7 7
17 47
23 36
12 8
25 88
8 79
7 33
4 32
12 4
29 78
2 97
1 96
12 9
15 70
0 87
0 19
15 15
27 11
19 36
11 40
22 85
10 91
22 99
13 8
29 52
10 93
23 2
29 28
27 10
30 30
21 39
1 58
22 86
24 67
30 70
8 29
10 89
6 8
4 85
26 99
11 94
2 57
27 43
6 45
27 49
7 31
12 3
26 73
2 1
27 76
30 77
6 73
26 10
9 62
4 47
24 69
23 92
27 90
11 91
18 19
25 15
8 5
30 100
11 99
17 24
27 26
15 100
25 27
29 1
28 72
12 17
29 40
7 43
29 29
10 15
18 20
16 22
30 54
13 62
27 99
6 27
2 17
12 2
11 96
8 18
30 26
11 13
15 31
29 97
6 84
27 13
24 12
0 15
11 7
30 98
6 55
21 49
14 94
6 3
15 77
14 20
24 74
11 61
3 68
15 69
15 57
5 97
24 2
23 16
10 66
30 5
7 26
22 73
4 40
3 22
19 84
0 13
17 53
19 41
24 23
14 93
29 9
29 47
22 77
15 36
8 95
10 58
17 83
19 59
18 67
26 88
28 5
3 36
10 79
7 69
30 61
21 70
5 60
16 23
6 79
25 61
0 23
7 86
4 47
8 75
18 88
25 8
1 71
12 11
10 32
18 14
16 33
3 97
7 49
1 88
1 74
30 24
3 55
25 11
3 53
24 72
30 73
2 79
7 91
0 94
29 37
17 8
26 71
6 80
3 71
12 85
16 34
28 53
30 37
23 53
22 100
12 47
28 20
26 32
25 30
29 54
15 51
7 96
16 27
20 92
26 44
16 39
8 77
20 55
21 49
7 100
29 62
30 92
30 82
7 19
23 1
10 74
8 100
5 68
0 48
17 76
8 32
4 17
28 97
10 1
10 60
0 42
30 59
18 19
26 63
20 53
2 48
8 48
28 28
20 29
2 35
0 96
13 75
8 69
16 83
21 49
15 39
23 45
17 3
19 23
18 75
10 58
4 39
2 64
6 67
20 20
20 89
19 37
0 61
6 49
2 39
5 99
5 26
29 27
26 34
2 64
1 15
27 95
2 51
11 97
25 60
7 34
24 63
5 83
11 31
19 7
22 87
20 38
27 48
28 78
2 40
5 94
23 82
19 37
28 85
23 49
21 16
18 15
16 65
24 98
3 63
8 82
12 45
2 8
10 92
13 33
22 38
26 32
22 57
23 75
28 68
0 25
21 86
0 71
5 30
11 11
27 15
1 98
17 80
27 92
16 73
7 7
21 57
15 51
0 52
8 37
1 16
8 83
10 85
18 63
21 97
10 29
6 70
21 9
4 88
19 20
21 81
25 68
27 18
7 87
24 71
27 98
0 13
0 15
13 44
23 13
12 48
17 99
13 90
21 77
5 91
18 86
12 27
23 52
30 99
27 4
5 24
13 67
9 19
9 87
11 2
2 49
17 85
9 12
16 83
25 81
3 81
27 29
12 86
18 64
10 78
6 52
7 32
20 36
13 59
15 39
21 63
30 76
28 68
30 93
26 25
3 32
25 48
21 69
16 3
28 53
21 36
4 94
6 96
8 10
4 48
3 4
1 74
11 9
5 41
17 88
23 43
21 15
28 48
23 90
29 100
14 4
4 62
16 98
25 34
29 8
13 24
3 11
21 22
6 73
13 73
5 8
6 93
7 35
25 12
19 66
26 93
18 98
0 78
29 48
28 45
15 93
22 52
0 69
14 50
7 22
30 26
18 61
16 49
5 11
3 26
27 57
16 70
21 41
20 9
19 14
16 66
16 84
27 22
4 81
18 58
24 81
11 37
21 38
30 82
20 61
26 41
12 38
19 12
17 5
22 92
12 2
28 34
27 82
14 36
2 4
3 83
28 94
6 4
27 12
0 26
5 51
11 71
24 2
25 7
18 5
6 98
24 27
8 61
23 25
10 97
0 88
16 76
18 81
15 23
1 65
24 32
9 8
21 29
10 11
3 95
27 20
27 38
21 71
22 3
2 76
29 36
28 68
10 57
6 11
23 86
26 85
16 35
2 36
28 25
1 91
26 22
26 38
5 67
2 51
25 12
27 79
17 48
30 83
10 20
10 16
5 15
7 59
0 59
18 47
29 56
1 26
24 24
14 54
25 92
1 29
17 84
16 54
27 11
7 84
5 42
1 23
26 96
29 31
1 47
20 71
20 36
5 74
23 52
7 76
12 21
29 89
0 65
14 76
19 27
27 4
18 82
17 51
28 88
1 93
10 1
18 93
4 100
17 27
15 36
22 94
17 38
2 93
13 26
24 74
1 24
12 30
19 32
2 48
12 65
16 39
3 89
7 31
29 77
19 19
3 54
28 32
14 49
29 99
25 30
17 96
19 64
7 49
25 99
8 26
6 30
28 84
20 83
21 58
13 10
16 100
28 89
14 46
1 58
12 22
29 85
23 4
14 40
22 85
30 66
18 84
8 44
2 65
26 98
26 31
6 6
28 92
13 51
15 63
14 34
7 6
17 90
4 37
11 30
15 83
16 92
12 95
16 32
14 13
26 55
21 46
28 44
9 48
13 99
4 20
1 40
25 24
9 68
17 27
24 56
17 80
25 99
8 96
20 6
1 29
25 49
27 21
18 72
14 83
20 78
19 88
7 29
23 43
2 94
4 95
11 42
0 46
19 73
3 94
6 88
7 18
15 95
7 73
30 24
13 83
21 92
27 76
26 36
17 2
1 10
21 44
8 42
21 88
9 13
25 70
8 1
15 41
8 95
21 35
2 43
25 17
29 64
18 71
23 91
8 90
4 35
25 92
30 16
0 1
8 13
12 27
29 28
9 22
5 70
12 74
12 11
0 38
14 92
30 89
9 87
23 79
3 23
27 31
22 56
28 25
3 78
22 31
5 54
29 66
10 83
18 48
23 69
20 84
30 6
11 33
8 73
20 93
17 66
1 73
28 17
27 30
9 56
16 62
14 25
14 30
30 90
6 91
0 68
3 15
12 43
18 46
15 80
13 25
11 79
29 54
21 67
18 89
6 97
20 74
20 59
11 50
3 88
20 80
30 59
18 48
22 59
29 68
0 68
13 63
11 71
22 79
29 76
27 63
19 25
14 1
0 57
17 98
21 49
21 93
6 77
0 51
9 33
24 66
21 15
5 49
29 40
1 17
29 30
20 67
2 81
0 64
26 26
7 88
27 15
23 48
18 57
13 70
14 12
29 52
6 42
18 36
3 16
12 14
20 6
17 99
21 9
3 31
15 60
27 7
19 93
3 45
27 42
25 51
15 84
24 61
0 32
0 93
29 81
26 100
13 53
19 21
18 36
8 1
17 33
23 27
8 7
22 67
29 24
11 13
13 48
28 42
22 53
0 69
5 43
14 56
20 96
5 53
7 84
3 24
22 14
4 7
7 77
5 88
15 71
5 58
15 91
10 53
17 16
1 72
2 28
6 79
23 60
22 27
10 6
11 77
9 44
7 68
0 33
6 99
10 43
25 49
14 40
18 72
24 13
13 79
24 1
22 99
22 10
6 78
7 57
27 98
30 69
4 93
12 37
4 7
2 79
19 10
30 89
17 98
30 31
6 55
2 16
25 45
21 9
2 22
19 38
22 35
11 14
14 83
8 36
21 74
27 30
5 96
6 63
8 88
16 64
0 85
14 1
25 12
4 49
20 34
24 68
23 20
2 89
12 18
29 99
7 37
0 13
26 68
28 6
0 54
13 35
18 61
1 25
23 95
0 4
0 92
29 52
0 81
4 37
22 62
15 23
5 93
15 71
4 39
26 88
26 61
0 59
20 33
22 64
8 69
25 56
17 28
27 11
24 95
21 45
19 59
28 88
20 1
15 44
13 72
7 49
21 43
1 95
5 64
25 31
24 3
7 86
29 53
27 46
16 69
14 23
20 15
13 23
27 50
15 44
6 41
5 32
18 45
18 8
5 66
11 87
23 25
3 56
13 59
16 38
7 47
10 9
18 55
15 71
0 67
27 62
15 74
16 67
8 31
23 18
22 90
8 62
29 90
4 61
9 77
9 98
22 85
24 32
20 30
10 97
2 7
1 90
10 40
20 23
14 82
16 78
30 71
10 42
13 16
3 43
4 34
11 51
30 20
22 46
3 18
30 26
16 6
18 94
29 66
27 65
23 26
8 48
5 37
26 45
6 20
29 20
9 21
17 84
27 15
13 52
14 28
2 76
14 83
0 28
9 22
14 77
28 65
12 65
29 34
13 55
28 63
16 34
15 41
24 76
22 89
11 10
27 7
25 74
8 87
21 84
26 20
7 40
1 36
13 94
28 46
7 51
29 62
9 83
14 10
8 14
15 7
26 5
6 33
1 44
3 21
17 88
17 34
30 98
21 40
7 71
19 5
26 67
0 80
28 68
26 74
3 30
28 27
24 75
25 4
19 37
9 34
1 10
24 94
21 44
30 97
17 52
27 61
21 67
20 14
11 32
1 74
16 91
2 18
13 28
15 25
9 54
4 21
19 92
30 54
3 54
1 71
14 71
3 64
29 1
6 64
25 24
2 45
22 95
28 79
10 59
10 94
8 29
12 61
8 30
7 96
14 27
25 91
2 85
23 68
22 76
17 26
19 42
6 26
7 11
27 24
10 7
27 86
8 96
6 97
17 38
4 68
23 34
2 18
25 81
9 87
29 3
4 84
17 11
6 50
29 76
27 35
10 89
26 99
29 92
17 61
17 21
22 46
26 79
26 45
7 71
12 93
14 58
10 54
5 35
16 81
6 53
24 9
1 43
7 85
1 37
0 28
12 1
8 43
10 41
28 96
2 64
19 24
28 1
21 38
21 88
10 94
7 75
24 97
14 44
15 51
10 23
25 72
1 33
3 61
4 8
26 31
11 83
18 81
24 93
16 70
29 95
10 71
0 6
16 60
24 98
15 93
6 31
30 19
11 38
15 53
22 66
29 66
28 54
3 27
5 18
27 59
28 58
30 73
26 63
0 6
8 84
29 30
6 54
27 87
9 19
25 82
2 99
27 57
5 34
9 43
27 45
13 62
4 60
5 90
23 73
21 76
2 85
26 29
19 75
6 7
8 96
26 35
8 77
1 81
22 66
10 75
21 31
5 49
5 59
6 99
29 66
18 34
19 23
0 9
20 92
12 5
8 35
0 30
22 57
24 55
22 46
6 86
3 57
22 64
13 78
8 5
24 77
4 77
20 80
6 97
2 68
8 47
19 90
3 1
13 40
24 90
26 96
26 54
15 53
22 20
27 38
1 70
9 37
22 36
8 16
11 55
23 66
30 11
14 50
27 20
4 40
27 75
15 15
0 73
15 73
3 2
27 64
15 90
18 22
12 53
5 73
1 75
13 91
27 61
29 77
23 52
24 67
19 52
21 87
28 74
24 10
11 84
23 12
2 62
12 5
28 63
7 47
21 73
21 95
25 16
23 7
12 99
25 12
21 2
25 94
17 7
29 42
13 76
9 92
7 16
19 94
1 5
17 89
15 32
20 91
27 19
6 41
13 79
27 56
24 100
19 71
7 86
4 49
24 58
28 43
24 5
4 89
8 49
11 51
7 2
5 76
18 93
22 17
19 33
12 36
9 85
30 62
25 79
14 9
15 98
26 61
20 70
28 12
6 73
19 40
29 52
20 24
30 94
5 25
15 32
26 22
2 59
29 71
14 62
17 11
13 75
16 95
21 36
5 63
2 62
29 71
0 31
22 2
27 89
6 43
16 21
2 99
1 38
10 2
1 17
29 65
13 5
16 72
23 100
18 4
5 65
20 81
9 12
24 35
17 99
18 61
1 98
30 20
4 48
1 65
21 46
2 94
14 90
22 14
0 84
20 33
5 39
14 84
29 75
18 41
23 4
30 37
7 7
27 23
28 95
8 47
8 82
28 75
9 56
18 5
14 92
30 92
3 44
11 1
16 1
27 97
30 8
3 68
0 45
14 47
5 61
11 15
24 65
11 88
1 62
28 26
5 94
30 39
11 25
13 60
23 2
18 88
15 91
14 95
4 8
27 100
12 44
20 45
29 56
24 16
22 24
16 14
24 90
10 18
12 80
2 60
9 24
14 7
16 46
4 2
1 100
16 36
3 30
9 55
10 98
13 19
29 86
16 93
11 40
18 36
24 90
11 34
29 3
13 63
8 19
3 46
27 83
29 67
10 18
23 60
6 61
7 35
7 38
18 45
10 92
29 84
22 4
16 9
4 41
5 35
24 95
18 63
0 32
9 89
5 39
21 87
27 64
5 57
0 90
8 88
26 22
29 75
12 56
29 79
15 73
6 46
5 62
9 97
21 18
1 75
14 27
23 59
5 63
26 34
5 55
22 77
11 31
13 78
21 76
27 64
28 14
12 50
2 39
28 63
25 75
16 51
16 90
23 61
22 53
21 89
23 25
1 4
30 20
17 37
12 14
2 81
30 75
4 22
27 75
10 93
20 5
13 72
11 21
17 82
2 88
24 70
22 94
0 26
6 7
5 31
29 67
7 97
10 81
19 21
22 99
10 46
9 61
0 75
28 49
12 7
10 70
15 53
6 94
4 68
16 82
24 42
23 37
29 27
18 27
12 25
16 84
7 10
0 6
26 70
0 4
24 57
4 94
2 58
30 38
11 57
16 56
3 35
19 59
27 88
11 82
3 64
22 51
5 18
19 23
30 1
2 11
4 29
15 48
13 97
27 50
29 45
22 66
9 42
10 65
19 44
26 7
20 75
5 27
28 2
1 37
16 61
1 55
9 47
6 47
14 51
25 83
21 39
28 75
26 51
16 24
14 24
1 9
12 14
7 24
22 97
24 81
5 88
24 90
1 96
12 4
4 67
28 21
19 92
4 46
11 27
6 4
24 69
22 31
20 34
27 30
30 36
12 54
15 26
15 78
21 86
28 7
16 4
15 100
22 74
28 24
17 26
1 72
15 54
6 75
16 12
28 38
17 100
30 6
16 60
7 85
22 47
30 36
10 61
6 72
15 40
10 9
5 41
26 98
12 13
1 90
8 84
10 66
10 63
19 94
6 71
21 86
19 1
10 62
1 23
15 81
25 93
21 93
12 76
26 24
21 44
29 23
2 79
3 41
22 9
30 86
22 61
11 71
11 69
6 53
16 74
20 60
25 29
11 57
30 34
14 99
26 85
27 63
17 38
14 3
26 35
6 40
11 74
13 18
25 67
26 56
24 47
30 67
3 82
3 83
14 72
27 97
22 19
26 98
28 36
21 58
24 89
20 68
11 29
1 24
29 66
4 95
24 6
4 34
8 65
21 88
26 31
24 72
6 100
1 9
10 15
20 91
8 72
24 3
18 49
14 94
3 51
12 46
6 41
29 85
25 65
26 12
25 69
22 63
12 42
29 96
19 65
12 56
21 17
10 58
23 67
0 63
28 9
11 46
26 6
1 21
7 21
5 7
27 65
28 15
9 18
29 8
30 39
26 3
10 47
8 68
26 59
22 58
13 70
21 63
9 3
4 24
25 71
10 85
10 82
1 34
6 30
8 31
23 69
30 41
5 30
16 77
17 5
25 64
5 54
29 97
26 100
12 55
24 43
8 18
2 77
6 65
13 55
16 19
10 27
27 45
25 73
1 23
2 12
30 64
28 20
8 39
29 61
2 74
17 35
20 42
10 79
4 40
16 100
15 90
13 34
25 15
23 49
7 96
24 61
0 76
17 88
5 94
8 41
22 33
13 51
8 69
17 47
20 53
26 10
28 88
14 19
15 28
7 60
20 92
23 25
0 52
16 85
12 10
17 34
28 59
4 42
27 47
29 14
21 74
28 51
16 61
10 19
28 10
18 46
27 96
19 4
6 56
30 56
25 41
19 79
13 77
16 42
0 57
16 20
27 52
15 49
26 86
12 2
6 7
24 90
30 38
4 25
26 85
29 13
22 37
29 44
6 32
27 56
21 65
18 64
4 97
2 59
5 63
19 98
24 1
18 67
16 25
3 63
18 87
3 60
17 19
2 56
14 14
15 71
7 41
11 13
5 26
14 17
30 82
15 72
12 18
9 35
30 13
16 4
7 50
10 19
16 54
1 40
14 100
6 85
15 99
9 51
10 57
10 28
20 94
16 21
1 67
20 55
15 79
9 33
6 21
1 89
11 38
14 39
8 11
22 40
1 99
23 73
3 94
6 94
26 33
24 95
2 2
2 82
12 42
6 61
18 90
11 92
28 8
4 96
19 23
30 48
10 65
2 77
9 61
20 39
5 99
18 70
20 77
12 59
21 70
24 47
26 66
24 89
5 1
21 25
19 44
10 43
11 85
23 36
18 31
17 72
6 38
6 76
9 72
5 79
6 38
9 28
6 19
26 46
2 27
18 4
28 90
0 29
26 5
6 57
4 23
5 56
5 82
15 66
17 60
28 43
5 34
2 71
24 92
3 92
23 84
30 24
19 82
1 32
23 82
7 85
23 100
13 98
30 52
4 53
17 23
14 65
1 93
9 45
21 54
29 93
22 95
10 31
21 23
8 18
27 93
19 96
27 83
11 5
4 31
10 29
13 78
15 83
9 90
29 83
23 86
22 51
21 50
1 81
20 29
9 42
12 71
6 25
15 52
1 46
7 46
29 66
3 6
2 64
22 3
25 97
11 52
21 26
22 22
17 31
15 59
9 48
3 69
2 20
29 56
6 74
16 37
14 29
19 70
3 87
19 81
21 41
21 85
20 18
29 50
6 98
27 9
8 4
7 97
27 17
19 43
3 89
24 75
5 20
12 14
1 76
23 21
25 83
5 42
28 44
24 100
14 30
12 11
30 23
23 90
26 56
27 74
3 88
21 75
13 21
7 29
5 63
17 39
26 19
30 80
27 50
20 20
18 82
24 11
15 78
27 54
20 40
10 70
26 15
14 46
2 79
28 56
15 20
25 53
19 77
1 22
10 76
18 24
19 89
15 91
5 14
19 10
7 52
7 1
0 81
13 74
12 44
1 32
24 96
26 32
17 37
28 62
18 66
19 35
15 82
24 3
22 12
10 88
3 12
15 95
25 97
15 35
18 44
27 63
0 38
9 1
7 100
8 42
8 100
13 90
22 69
12 63
11 14
6 42
20 37
27 24
19 30
19 19
13 7
19 51
18 95
6 86
12 82
25 34
1 91
18 64
23 96
26 41
3 60
1 83
7 50
17 76
8 92
24 52
23 97
5 45
14 26
8 55
20 17
3 81
13 12
26 10
24 54
22 23
1 51
8 43
2 38
27 32
10 73
30 51
19 56
24 16
1 43
28 49
25 65
20 22
16 97
7 26
17 25
11 17
10 3
16 1
29 19
8 97
5 94
23 3
27 95
11 14
14 9
23 79
14 56
16 26
1 86
15 63
13 56
28 68
30 24
14 4
16 77
0 97
23 67
3 61
13 5
8 86
20 56
4 53
15 5
26 88
4 17
2 10
9 8
3 89
20 54
5 89
18 80
20 94
20 6
1 89
13 92
11 100
30 43
22 29
23 24
11 75
12 34
17 55
4 51
1 92
17 83
18 24
29 27
8 23
2 78
2 24
3 10
18 32
11 74
16 87
6 41
18 47
27 91
8 93
9 74
19 48
25 96
0 71
4 15
0 20
24 67
3 29
17 69
11 39
16 32
22 66
10 89
30 42
22 89
5 65
13 7
30 77
16 56
30 95
26 2
11 85
22 39
5 71
26 29
29 96
28 63
4 31
2 92
6 90
20 13
19 3
26 17
17 96
26 91
8 77
22 72
22 85
16 2
15 26
1 59
9 91
0 86
21 25
20 21
30 68
13 77
5 25
18 85
1 30
3 22
18 70
10 84
5 50
16 37
8 25
1 62
22 15
18 3
11 90
6 94
24 2
15 2
15 51
16 76
25 98
13 70
21 94
13 9
26 53
10 82
15 70
23 56
11 26
25 87
2 40
2 55
29 16
17 70
28 52
25 45
2 92
23 69
13 28
25 1
6 24
14 33
15 60
18 76
24 73
10 8
8 11
5 54
16 11
29 2
15 95
26 79
6 54
15 7
5 58
30 1
30 99
15 38
29 5
5 63
15 39
13 23
4 63
19 12
24 46
15 57
28 41
10 55
8 61
28 92
28 70
5 14
30 77
15 88
27 50
1 4
27 8
0 25
5 5
21 17
26 46
28 30
11 33
22 98
7 46
15 9
25 76
23 31
12 40
1 48
8 96
8 30
12 73
2 7
0 72
20 93
8 66
0 54
28 72
0 17
16 26
29 32
9 28
29 10
7 86
8 38
30 12
1 91
22 48
3 70
11 99
8 99
29 38
18 67
23 64
25 94
20 46
24 25
27 29
19 37
0 18
29 39
29 37
15 78
30 8
11 65
16 66
17 89
15 78
8 88
23 92
30 14
1 55
5 49
12 50
16 39
19 2
13 82
22 50
10 74
26 64
28 95
21 82
23 93
17 65
18 10
9 64
16 52
13 96
13 31
19 33
1 51
25 76
7 87
0 2
18 50
2 33
30 33
14 33
4 18
18 39
19 72
12 63
0 77
19 62
3 71
12 19
16 35
10 27
7 79
7 14
19 26
5 49
30 87
3 48
30 37
1 31
8 77
17 88
3 14
20 38
10 74
13 1
3 100
13 71
13 61
1 82
19 18
7 13
11 61
2 6
29 15
16 18
21 10
25 52
30 53
19 54
23 90
0 3
23 62
9 51
16 76
3 30
2 76
16 25
15 6
17 27
1 69
20 66
24 70
27 68
29 56
2 88
9 52
22 36
17 57
6 22
3 75
21 7
23 1
30 69
4 83
4 38
21 58
23 13
21 41
12 19
8 53
11 20
25 96
20 76
11 36
10 25
25 37
27 44
8 3
30 39
20 32
1 74
8 39
27 89
29 97
21 39
12 20
8 16
27 61
12 29
25 87
14 76
30 7
14 63
16 34
16 40
8 42
24 46
19 12
5 77
28 74
3 89
26 44
6 90
10 77
2 85
1 21
21 57
27 36
17 19
3 88
14 28
27 83
20 44
10 44
29 52
25 6
30 64
24 34
1 5
7 20
21 28
30 35
23 42
10 37
16 91
25 51
29 28
5 13
5 12
5 84
29 5
10 31
13 64
29 64
4 62
23 47
7 12
21 64
9 26
21 20
4 48
12 96
22 57
16 57
21 44
19 32
26 87
25 3
26 29
1 43
14 74
6 62
7 50
1 72
16 92
12 32
30 83
3 30
8 62
18 47
17 70
26 9
2 50
30 25
17 92
23 16
4 73
2 46
21 83
11 46
19 70
11 22
7 4
23 57
1 80
3 8
12 55
6 90
1 30
12 86
6 1
15 18
28 16
11 98
2 13
17 38
14 66
2 1
13 57
22 85
24 44
29 57
23 35
5 53
0 35
29 7
11 51
17 80
23 40
29 93
17 41
21 90
19 67
17 53
18 14
19 26
16 62
4 16
14 3
15 64
8 60
19 16
1 21
1 57
26 86
25 30
9 84
0 61
11 8
21 48
23 27
20 47
7 36
11 85
25 85
7 19
12 61
21 41
21 46
30 7
3 86
25 67
12 41
17 98
6 52
17 40
27 15
0 14
26 81
15 9
24 54
4 55
1 97
14 58
14 9
12 55
11 17
4 61
4 77
12 67
18 89
19 55
13 56
28 34
21 10
19 37
19 82
27 69
5 93
2 16
20 36
10 11
16 1
18 92
10 64
26 83
8 28
12 9
0 95
22 14
3 100
10 20
4 58
18 93
2 69
29 78
5 96
22 97
10 52
15 80
12 85
21 12
9 29
0 67
2 22
2 69
16 59
13 53
6 53
23 12
26 9
17 42
23 42
7 57
11 29
13 70
19 52
5 58
22 57
27 6
17 65
2 16
12 51
22 63
9 93
10 57
25 22
6 90
15 18
20 13
15 86
16 17
0 66
10 60
29 42
28 4
9 15
9 58
24 87
25 60
7 4
17 39
22 83
30 89
24 11
29 25
17 8
28 22
14 90
12 95
18 49
3 63
19 85
22 61
10 30
9 26
9 19
25 30
23 13
27 9
19 66
20 70
25 14
23 25
16 1
21 56
7 98
29 55
2 27
15 67
27 34
11 28
0 16
24 58
5 100
29 59
4 26
26 54
1 46
14 14
15 96
10 61
16 83
27 30
20 13
7 64
20 50
8 98
23 75
24 7
2 15
7 21
24 35
16 27
18 46
6 99
12 53
29 7
11 93
0 100
21 28
9 37
1 16
28 80
3 12
2 34
26 53
19 43
4 76
24 26
28 6
26 97
12 22
10 41
17 90
4 23
30 17
3 37
19 16
3 28
28 79
26 94
15 99
20 72
1 23
10 15
24 20
7 30
18 81
26 7
19 96
17 80
23 72
14 79
9 66
8 100
3 87
21 1
16 23
18 66
27 81
27 5
15 91
6 69
29 43
4 97
0 6
15 43
25 86
11 80
23 44
18 64
8 44
17 49
5 32
14 60
29 94
14 42
6 35
9 99
16 32
1 84
1 9
20 88
4 51
30 6
1 55
8 63
10 59
7 59
16 45
1 39
18 16
11 57
22 8
26 58
20 84
13 61
23 53
15 94
29 73
22 27
20 96
18 99
12 25
8 61
16 6
27 41
27 37
8 92
12 3
10 4
8 81
23 31
21 69
27 17
18 8
26 96
21 28
9 40
5 30
4 63
6 75
18 20
3 44
14 27
14 54
17 24
27 84
24 97
15 84
27 64
12 69
25 88
21 91
12 21
3 61
24 51
29 89
9 22
15 10
14 32
1 34
30 17
21 35
17 27
22 9
16 32
3 40
8 67
14 35
0 67
22 67
1 45
6 33
28 48
29 9
23 79
24 22
29 6
1 95
14 85
5 84
26 79
16 57
5 18
1 7
15 4
19 26
15 87
2 39
6 55
1 13
30 63
0 63
16 21
5 17
0 95
9 58
18 48
11 14
20 15
1 26
10 26
19 66
13 35
18 97
13 29
19 32
6 61
0 32
16 11
14 42
13 26
0 4
2 55
30 25
7 40
25 49
16 59
23 42
20 96
6 12
0 25
10 32
9 84
19 79
18 24
26 96
3 1
18 47
27 79
6 34
17 39
29 54
13 37
9 3
11 80
23 36
6 19
5 92
13 59
0 25
2 79
19 66
24 98
8 38
29 43
7 25
22 86
18 70
17 75
9 60
22 30
4 37
26 30
2 17
29 77
2 35
18 94
20 17
12 13
5 99
6 36
21 34
6 33
7 28
16 96
1 31
3 7
18 43
29 13
10 27
24 33
27 80
3 91
26 45
21 51
30 73
24 50
19 56
14 16
19 86
20 91
21 14
14 41
13 78
30 100
2 83
15 18
30 69
6 24
18 24
3 54
20 42
7 43
6 45
5 62
17 41
10 83
19 20
28 93
5 61
22 15
28 42
16 64
4 53
24 24
16 91
17 78
17 52
8 41
0 60
15 42
17 99
16 84
5 40
7 19
20 82
21 64
19 82
0 41
7 80
23 66
27 40
26 29
12 20
15 55
6 66
6 8
26 50
6 9
16 62
14 78
9 15
28 86
29 12
22 70
28 38
12 12
5 90
7 73
12 79
0 67
7 71
17 97
13 51
21 79
9 100
6 84
27 23
8 23
6 41
29 6
23 6
19 70
15 48
2 55
28 38
26 44
8 33
7 9
11 5
30 14
19 98
17 92
30 65
15 76
29 85
24 17
26 18
18 65
22 74
22 40
1 79
18 72
20 28
27 74
11 97
25 40
20 29
19 15
24 48
2 68
5 2
5 63
17 32
26 52
4 4
14 16
9 66
14 53
29 22
4 55
24 77
25 57
30 63
7 69
14 32
3 4
20 54
27 37
25 90
16 82
26 100
13 88
7 38
3 31
17 7
16 48
18 43
17 26
27 63
11 27
23 6
5 5
27 56
15 81
29 34
27 88
18 21
0 2
11 34
11 34
16 13
9 79
9 68
18 37
8 95
18 12
10 62
28 15
10 65
12 4
21 42
23 15
29 22
16 19
13 73
10 85
21 30
23 32
5 70
1 60
5 43
29 38
9 43
15 47
21 2
19 64
20 48
16 17
23 41
15 69
15 51
25 11
28 5
19 68
9 38
23 48
17 100
6 41
23 93
1 18
9 2
3 42
14 24
15 99
7 98
22 96
28 88
29 40
6 21
25 11
11 31
3 50
28 59
0 54
19 4
28 76
14 95
28 53
10 32
22 72
8 14
22 76
8 10
21 28
22 12
29 63
19 15
6 29
17 41
27 69
21 11
19 94
28 97
28 47
19 68
13 39
5 32
0 1
7 64
17 80
3 76
4 91
28 40
12 97
25 82
7 88
26 5
10 39
21 70
4 6
21 53
10 15
16 43
11 43
22 37
1 67
9 3
20 22
28 23
10 91
25 11
5 73
28 6
23 91
22 43
22 35
9 68
12 2
7 29
19 59
22 69
19 46
16 68
6 48
30 61
4 94
0 67
20 51
24 2
11 54
29 1
0 17
21 57
20 71
1 74
1 11
29 82
15 51
7 9
13 96
13 76
26 41
22 15
8 100
2 98
27 55
25 84
10 63
17 55
28 55
6 65
30 7
0 44
4 43
12 34
8 24
27 72
1 56
24 79
19 47
20 57
29 34
4 53
29 5
24 24
26 32
26 33
24 2
4 41
15 49
11 34
28 90
29 97
23 91
20 47
16 3
16 7
28 78
17 82
1 60
2 26
27 28
2 64
15 50
7 73
28 5
30 89
10 21
12 19
25 5
10 39
2 84
3 65
6 16
2 66
1 35
20 45
25 50
17 45
1 68
11 73
30 2
3 44
16 96
18 14
11 85
26 95
3 90
8 98
25 64
28 62
14 65
4 76
27 96
15 1
11 1
30 5
15 33
5 91
20 49
4 80
27 53
18 100
19 79
15 5
20 62
27 51
8 57
2 14
8 96
13 87
23 23
19 88
6 79
13 5
6 66
24 92
16 80
15 9
13 69
11 19
7 3
25 17
24 64
11 18
11 55
18 79
25 37
6 54
20 55
12 97
3 36
18 25
27 26
11 14
27 7
7 98
19 69
2 42
17 52
27 62
25 29
1 60
3 64
14 40
7 83
29 22
6 24
25 47
12 94
23 14
6 45
1 28
28 4
4 53
12 4
23 35
10 98
24 81
21 77
7 98
22 70
19 42
12 4
19 5
16 83
21 72
2 69
8 29
30 99
7 66
18 5
27 92
24 20
24 65
17 85
11 61
1 97
27 49
25 27
20 41
0 27
6 53
29 61
24 63
16 71
10 7
28 58
27 95
12 77
13 12
2 31
14 82
25 43
3 18
7 60
15 66
12 52
29 78
9 57
9 53
10 80
15 8
24 22
30 9
2 26
2 81
8 29
22 58
25 98
22 69
4 10
1 12
19 63
12 49
10 56
0 62
1 23
12 62
16 85
19 10
12 50
8 43
21 67
15 17
28 41
10 25
28 100
23 100
22 37
9 83
10 63
17 5
1 73
5 44
5 91
20 75
2 27
18 6
0 79
28 64
25 63
15 72
25 60
17 23
27 16
28 64
30 51
5 73
30 30
24 14
23 58
27 74
3 42
28 58
7 100
17 12
23 79
14 64
17 48
1 89
5 21
5 50
26 46
1 57
9 51
10 17
19 25
5 92
16 79
8 85
6 48
5 66
30 33
27 25
29 70
22 64
3 13
23 24
6 25
17 87
2 24
7 48
18 38
19 57
29 78
5 38
7 97
5 51
25 21
28 71
0 66
7 12
21 27
19 60
29 56
5 23
15 76
29 21
14 42
7 68
8 76
26 32
3 67
4 70
1 74
26 29
10 44
2 10
3 33
11 70
19 12
12 79
18 38
5 38
25 89
15 100
22 13
6 28
23 86
11 60
6 96
20 49
27 87
0 95
10 84
11 33
9 49
8 39
27 72
5 100
3 57
3 21
12 15
28 6
3 26
23 58
15 42
22 78
3 87
16 26
26 51
23 5
2 61
19 35
0 68
24 93
24 35
1 77
19 62
5 8
1 83
18 1
6 5
19 70
22 63
25 32
24 60
21 93
9 50
8 14
13 91
25 13
10 88
9 50
14 32
26 81
24 16
26 52
16 45
15 61
22 89
9 60
0 12
22 40
16 19
26 61
9 70
23 71
7 60
11 29
3 93
3 19
1 88
14 39
23 65
23 95
1 41
23 6
9 10
15 45
7 43
7 40
17 78
26 36
21 37
29 94
3 36
11 15
27 96
6 59
21 48
2 56
25 28
20 53
2 57
13 19
8 84
9 49
8 39
25 72
15 79
4 24
8 57
27 36
18 3
22 71
2 88
9 72
1 72
30 30
28 34
3 40
10 3
29 37
25 24
12 40
5 56
30 49
30 37
0 88
26 11
20 56
2 94
17 45
10 29
20 61
28 26
25 19
26 11
2 47
17 97
19 47
23 66
15 34
29 32
28 8
15 46
18 61
5 90
29 31
10 85
8 5
18 33
2 56
29 79
22 1
2 100
12 49
30 42
10 99
24 84
24 82
16 50
25 68
3 37
1 77
7 28
6 11
17 52
18 72
7 85
30 92
27 64
2 25
6 90
16 68
28 7
27 75
10 85
14 87
28 41
4 27
16 43
29 89
18 55
13 55
30 88
8 38
16 62
6 30
19 10
28 65
24 5
14 4
23 49
28 83
1 14
15 17
16 29
20 94
4 60
26 21
7 20
22 27
19 85
25 16
9 19
30 28
19 46
6 5
27 68
4 75
5 40
1 48
29 11
25 6
23 23
15 76
8 35
1 25
24 62
19 1
27 47
13 3
26 91
22 17
18 17
21 46
9 97
6 61
24 20
12 3
11 49
6 31
0 27
29 47
8 8
16 30
22 82
0 96
8 50
29 52
10 24
18 42
13 81
8 36
30 78
11 2
3 13
17 66
18 25
18 28
8 21
24 43
18 70
29 24
23 21
11 86
10 61
23 75
0 36
19 72
8 69
17 54
4 62
5 95
14 7
3 34
7 27
23 15
22 27
2 76
20 78
9 33
28 55
0 67
24 53
1 58
19 98
6 64
12 50
3 58
18 61
15 65
7 37
0 62
27 39
17 72
23 35
5 10
26 49
12 17
21 81
15 9
3 23
25 11
23 15
19 8
1 88
13 35
28 37
28 87
16 5
7 62
2 22
1 25
15 38
8 96
28 36
19 5
25 71
10 74
18 59
9 53
17 32
21 78
14 95
0 53
17 37
2 77
9 95
25 39
16 22
18 86
24 7
1 30
2 30
23 47
25 100
10 96
16 78
15 69
23 10
27 65
23 100
17 3
23 21
19 63
27 1
12 5
20 23
5 6
23 84
12 55
24 65
24 37
16 43
23 97
26 70
15 72
17 34
22 37
24 23
26 37
8 38
12 99
18 46
15 43
17 50
20 3
17 77
10 5
20 48
12 27
26 20
4 84
23 4
5 51
24 94
22 19
13 56
11 97
3 34
3 89
16 20
8 58
24 50
30 88
22 100
2 94
4 99
2 3
26 87
18 62
23 4
27 56
20 87
4 60
29 4
3 69
14 45
7 81
4 42
12 84
18 96
9 67
5 49
1 15
17 75
23 72
15 11
4 64
7 32
12 48
19 38
21 5
26 58
29 35
26 70
17 70
7 12
9 43
21 64
11 30
4 78
5 69
20 43
12 17
30 81
4 78
0 83
30 74
26 80
13 51
0 40
2 3
29 20
6 34
1 39
3 27
22 29
2 83
9 76
10 12
19 94
15 57
28 73
5 94
8 86
8 52
9 63
16 51
3 96
29 43
10 76
13 21
8 65
19 18
23 40
30 67
0 22
0 50
16 53
19 6
14 36
16 28
12 14
9 34
12 99
29 8
16 2
4 16
28 2
3 81
27 83
15 89
11 62
13 48
25 47
16 49
20 36
25 41
4 30
10 82
22 48
27 38
9 5
8 49
8 54
26 23
14 9
22 55
0 17
11 96
4 10
6 44
16 84
23 56
16 78
11 71
5 70
6 62
5 8
14 30
20 33
5 48
10 12
19 89
29 95
16 98
2 55
10 79
18 62
25 37
25 1
8 69
4 42
21 40
17 77
15 69
11 65
24 77
14 46
15 59
17 30
15 61
3 66
15 17
8 29
0 19
9 7
12 71
25 66
2 95
30 87
21 58
29 96
1 68
14 56
11 69
9 52
1 70
25 54
1 78
0 51
5 15
3 79
8 50
26 52
10 14
8 94
7 7
6 16
28 86
6 59
6 74
1 55
28 76
12 75
15 11
22 23
10 88
19 65
24 56
9 61
0 18
8 26
28 29
30 81
23 72
27 34
19 60
23 16
9 68
8 26
6 68
17 41
17 57
6 35
22 30
5 45
7 38
18 44
10 71
24 73
24 76
2 87
26 29
1 33
7 30
5 35
5 42
25 28
11 20
7 63
18 53
17 41
28 32
11 63
17 68
4 8
12 17
20 54
17 92
0 14
6 44
10 13
10 98
19 43
14 65
30 71
16 91
3 73
29 74
30 93
30 64
14 93
20 14
25 77
13 23
11 51
0 67
10 39
2 65
24 68
26 90
16 56
25 50
2 15
21 99
17 53
20 96
22 54
18 71
16 63
14 51
30 92
28 35
2 18
6 37
6 30
6 74
7 15
1 22
8 50
18 57
1 74
4 24
29 75
6 18
19 34
8 25
5 47
3 39
18 7
6 25
26 97
24 13
9 72
7 75
11 34
29 55
3 10
12 10
26 29
28 89
27 9
14 51
28 41
10 6
13 100
14 24
7 50
25 39
11 9
12 81
25 75
28 86
1 63
27 62
7 62
19 12
2 71
27 28
19 23
25 81
19 75
19 60
18 27
14 60
27 22
12 6
30 77
27 11
24 20
22 39
19 57
1 37
19 7
20 54
26 1
13 63
22 89
19 6
15 87
3 61
5 29
23 58
23 43
22 65
14 61
20 66
9 72
26 30
2 15
8 53
26 71
6 68
8 6
28 65
15 85
4 88
25 85
24 98
19 50
30 31
14 25
9 89
18 93
25 15
26 88
0 72
7 17
3 82
2 61
2 53
7 40
22 47
16 35
9 25
28 54
12 52
16 6
19 3
18 82
24 55
28 98
8 37
21 69
2 54
7 36
30 90
11 5
5 62
20 36
20 66
19 85
24 43
30 24
17 85
1 16
29 16
4 43
6 91
6 31
22 18
15 95
19 81
20 76
18 93
27 11
4 91
2 19
27 67
19 19
13 95
8 97
14 59
17 40
17 45
8 77
1 52
11 46
10 43
26 44
22 4
9 50
14 73
12 1
14 92
19 32
5 14
4 72
25 42
19 68
27 50
21 40
30 81
12 86
22 30
17 12
3 40
5 61
27 86
29 99
9 23
19 50
13 100
1 57
15 83
21 60
24 26
26 31
17 2
2 40
30 25
29 12
29 84
22 87
30 97
16 39
23 42
0 2
20 30
27 57
14 88
23 56
28 96
2 82
26 21
19 73
16 1
16 94
10 97
12 41
10 96
18 8
17 95
0 92
12 21
24 14
5 77
16 77
4 42
8 38
0 7
1 89
25 86
26 4
11 98
16 65
16 7
13 58
4 61
18 15
22 63
8 62
8 89
27 90
4 25
16 46
16 56
5 1
13 89
7 53
7 17
7 33
13 5
28 66
19 94
22 3
19 7
6 64
22 66
3 52
20 8
9 57
20 88
3 38
22 82
0 84
21 51
26 88
16 20
21 74
3 24
2 12
21 34
1 24
25 9
29 65
9 44
9 99
7 11
27 21
25 80
20 93
7 6
16 71
1 38
20 17
18 27
13 25
21 85
17 83
15 38
5 69
8 60
16 66
23 71
17 38
2 34
6 69
23 80
16 41
29 40
12 9
16 31
5 29
27 45
10 39
8 73
14 38
22 27
7 27
22 84
17 94
0 92
22 96
4 99
28 75
19 22
14 99
18 45
11 13
8 74
13 41
15 99
1 42
10 84
25 7
1 52
30 81
2 49
14 23
16 57
1 30
0 50
3 88
2 6
17 34
26 26
27 53
4 65
25 60
15 11
13 65
5 25
17 46
24 3
1 53
30 70
4 20
17 22
1 96
29 54
18 87
6 94
8 94
26 51
26 45
11 42
2 67
12 20
1 94
16 34
8 9
8 7
27 6
6 98
22 82
21 100
20 60
22 63
4 67
23 45
7 23
20 79
28 76
0 62
23 16
8 28
7 42
22 20
13 44
14 18
2 17
2 37
22 30
21 88
18 39
26 37
8 59
1 63
5 96
22 31
0 94
30 15
28 97
12 56
13 69
6 64
8 88
23 89
22 98
16 6
24 12
18 5
8 53
13 45
14 86
12 92
17 3
8 45
4 63
0 61
0 75
30 29
14 16
4 2
7 31
15 68
18 46
18 49
14 97
17 33
20 75
21 83
0 59
25 85
26 67
9 28
11 58
4 29
15 78
19 57
23 67
8 6
13 16
15 18
11 68
6 68
10 14
13 80
17 46
6 39
14 67
22 94
2 18
26 99
0 63
17 82
3 86
24 31
18 26
30 43
7 71
27 22
1 72
27 50
21 30
4 5
0 33
6 18
23 62
10 76
22 2
4 59
9 67
22 3
4 40
21 61
15 22
1 6
3 80
20 63
30 10
4 95
8 2
30 79
26 59
20 84
27 41
26 43
3 89
12 2
12 9
29 46
20 19
27 40
25 93
30 82
17 83
8 88
26 9
20 46
25 37
2 5
1 27
14 35
20 31
7 27
17 12
5 68
28 67
2 62
8 13
9 80
15 62
25 84
23 89
4 70
8 24
0 100
25 3
23 5
19 73
12 28
25 89
27 87
9 22
0 69
3 84
28 20
16 28
11 21
27 81
19 45
18 15
12 68
0 55
4 1
22 46
7 34
13 33
18 95
2 96
28 48
12 92
9 6
13 32
25 30
14 13
17 36
17 97
26 80
5 24
13 11
8 3
10 71
29 44
5 34
11 43
7 36
30 23
28 80
29 52
12 16
29 23
11 86
29 16
8 71
12 18
12 77
0 31
19 34
3 21
22 64
16 45
27 32
17 58
23 68
15 29
30 44
8 30
12 42
19 64
5 80
1 91
29 75
3 64
8 56
17 24
14 54
0 58
16 62
4 8
27 38
21 88
28 84
20 26
6 57
4 10
10 39
11 32
28 23
4 82
21 20
10 85
16 26
19 5
1 19
12 15
22 32
11 59
28 24
24 50
20 32
16 18
29 2
14 11
15 71
13 50
26 46
22 29
13 51
8 78
27 16
27 91
21 67
19 86
4 99
5 67
27 29
29 59
23 27
22 80
25 44
19 18
3 19
27 92
13 13
29 58
2 68
7 19
20 94
1 18
3 4
11 30
22 12
7 49
8 73
20 43
22 25
20 22
4 84
22 38
16 58
15 27
7 24
24 20
22 71
22 100
22 86
21 60
13 69
6 68
23 61
0 73
23 13
11 22
8 79
18 24
6 97
22 96
0 100
22 49
16 29
29 48
14 47
21 94
28 3
4 36
24 2
26 64
2 95
9 20
29 31
7 17
13 45
30 37
24 63
7 79
11 56
9 3
14 59
18 81
14 45
21 79
18 73
6 17
4 73
8 51
20 34
21 76
2 69
1 59
8 78
20 73
17 80
15 97
6 5
28 35
1 43
17 79
25 33
9 55
28 69
15 54
3 92
28 68
27 97
2 47
