100
30 2
7 100
2 76
20 21
29 31
20 1
20 31
2 61
12 23
21 18
7 28
28 16
12 97
25 11
21 32
12 85
23 75
19 55
7 92
1 99
2 27
30 37
4 16
25 40
10 31
3 10
20 89
1 68
9 30
21 99
12 60
14 10
9 36
24 28
6 100
0 99
9 67
11 94
23 98
12 35
4 18
16 12
10 83
28 15
20 7
23 62
6 99
4 52
13 76
9 42
11 68
2 21
19 10
1 62
10 46
21 51
17 95
10 82
26 96
11 11
1 59
9 17
21 87
5 58
26 43
6 32
29 32
22 92
27 19
22 21
23 95
2 12
14 27
14 1
5 94
30 80
26 27
23 72
0 99
30 84
8 99
25 41
12 72
25 79
15 97
20 78
10 70
17 3
15 82
25 42
5 7
13 40
0 57
5 92
10 21
22 23
24 55
23 10
24 83
4 70
3 2
30 68
18 60
9 66
9 52
25 90
25 44
15 44
23 89
22 9
19 4
17 72
2 55
7 27
2 31
3 18
6 69
9 85
28 33
22 92
1 33
13 18
23 5
10 71
20 89
28 56
10 87
16 88
12 4
1 8
24 72
4 90
25 69
11 19
20 17
16 31
5 7
3 65
14 42
21 93
21 86
26 51
11 75
13 39
20 4
30 38
22 91
13 1
23 43
18 45
8 57
10 19
20 77
13 43
20 57
22 23
20 52
28 11
1 16
21 74
20 61
18 38
13 15
22 83
26 47
26 72
27 13
21 35
13 58
28 13
23 3
7 32
21 76
12 70
1 5
23 8
16 71
1 86
11 66
10 89
12 92
2 63
21 79
17 94
13 3
9 7
17 10
12 68
9 85
16 52
5 85
29 99
6 47
22 31
23 36
9 5
14 87
6 27
30 7
30 1
4 89
12 32
19 15
24 69
17 60
14 62
24 21
27 44
27 71
24 8
17 45
8 19
16 75
12 10
26 35
1 43
10 5
7 7
30 53
23 2
4 95
9 32
15 100
24 1
27 43
16 12
13 100
4 51
20 93
5 75
12 26
19 34
2 36
13 40
11 43
1 52
30 73
3 22
8 85
10 81
19 76
20 78
19 70
12 40
1 7
25 27
11 3
28 8
3 37
9 11
8 75
24 6
7 12
11 100
8 93
8 66
22 36
12 5
28 52
21 71
25 90
17 1
21 15
21 16
15 27
23 58
14 38
18 48
18 2
6 88
16 36
12 20
29 42
2 43
5 78
19 53
2 39
0 70
18 95
8 69
22 77
27 99
19 84
20 97
7 74
30 29
14 58
5 60
20 24
5 78
28 36
21 54
25 58
21 12
6 80
30 19
17 40
12 54
12 19
26 66
21 30
25 13
6 93
24 63
11 64
12 4
1 76
16 16
15 85
27 83
20 65
7 81
12 12
21 1
0 92
4 9
19 22
14 9
18 38
30 6
7 84
19 75
4 74
26 27
28 45
11 11
0 12
27 33
14 72
24 89
18 73
2 27
21 1
1 43
7 2
11 86
20 39
27 35
19 99
21 46
12 63
10 93
5 97
15 100
28 55
8 62
12 44
27 47
27 28
29 87
28 35
6 49
21 35
20 83
16 8
9 94
3 34
8 54
5 55
22 20
3 61
13 23
29 37
29 46
24 83
22 66
15 48
30 17
17 64
27 92
5 93
23 4
7 45
7 32
10 38
6 3
27 53
19 53
23 15
2 77
29 7
21 82
18 46
11 9
26 62
24 93
30 10
11 25
25 31
2 17
2 65
18 55
6 51
5 6
26 78
21 7
9 17
9 49
28 50
23 55
1 89
26 30
9 53
1 62
10 84
10 62
28 14
25 30
4 32
4 30
14 14
1 97
8 98
0 50
21 46
12 52
5 50
28 5
26 32
5 72
7 68
25 49
12 27
15 59
23 26
27 14
26 84
3 39
30 45
7 38
28 78
25 63
16 54
9 28
1 65
8 62
29 38
19 74
20 96
9 55
25 73
21 29
29 7
18 56
13 56
11 52
6 65
16 13
14 80
4 39
17 99
28 86
6 70
28 59
11 63
16 47
2 44
30 97
26 67
13 29
3 69
29 16
7 8
25 57
4 21
17 32
15 97
25 69
28 14
24 51
20 94
26 93
26 48
9 70
13 54
1 83
1 92
1 22
28 7
19 39
21 53
22 99
18 39
25 78
13 89
17 83
24 2
9 62
27 5
4 41
7 54
11 68
13 9
3 68
27 73
11 6
29 94
9 34
10 42
0 80
12 45
27 70
23 58
16 98
5 76
27 36
19 60
20 86
13 75
13 25
12 46
17 8
21 56
18 14
26 20
25 43
22 6
21 62
26 47
3 71
7 5
3 77
24 98
28 40
21 54
20 59
11 20
22 51
1 12
16 57
20 53
30 37
28 11
27 99
12 31
14 63
2 15
6 50
28 66
19 39
17 57
21 95
0 70
12 71
20 53
29 42
18 4
26 25
0 50
8 51
10 67
6 60
11 77
29 26
15 59
8 16
11 95
27 62
17 30
2 10
11 48
3 67
20 92
23 98
9 23
11 40
9 43
28 33
12 100
25 53
14 23
27 58
27 41
8 9
7 24
30 69
19 92
7 15
0 13
9 14
17 29
30 59
29 95
3 7
26 10
4 80
21 87
1 63
14 63
28 56
11 93
10 27
4 36
9 72
5 71
7 77
0 39
3 58
4 51
13 65
12 72
9 25
12 78
11 68
29 24
27 65
2 12
27 70
22 67
8 27
27 61
26 30
20 84
18 53
20 46
14 10
8 25
29 1
23 54
14 21
23 10
3 57
25 60
26 54
19 29
17 10
12 96
25 20
21 10
27 75
24 88
20 64
11 23
9 3
11 44
24 83
7 64
14 38
13 79
6 90
21 31
29 58
15 54
21 15
19 47
5 74
27 53
18 100
22 13
28 56
13 19
19 77
1 22
19 17
27 82
5 16
23 74
2 1
12 87
6 34
6 24
16 39
23 39
18 33
3 7
15 75
2 47
17 76
19 74
16 85
6 35
20 8
8 12
9 81
4 89
16 97
13 78
2 85
16 8
23 29
0 80
7 13
22 22
16 78
25 48
8 31
14 24
1 43
24 98
17 73
18 96
3 87
15 76
14 35
14 15
11 26
7 37
2 15
11 23
8 67
26 19
11 68
7 16
9 3
9 6
25 62
14 94
23 56
22 92
17 52
14 5
4 31
12 83
17 71
4 41
19 74
15 26
16 68
11 11
0 4
21 95
6 17
25 41
12 16
7 54
15 28
23 97
9 22
30 11
22 10
19 96
25 81
13 63
3 94
3 11
2 74
8 30
15 17
18 57
17 26
4 31
10 51
12 79
22 91
23 90
9 69
9 8
16 5
28 77
27 83
10 99
15 44
15 44
27 87
12 43
20 11
2 38
19 55
6 26
3 78
10 41
26 4
8 31
27 59
16 78
13 56
21 19
13 83
6 31
2 65
21 47
1 62
30 83
7 5
29 72
29 79
12 52
25 41
11 76
6 77
19 79
5 88
29 49
4 42
28 26
19 24
16 46
7 49
30 13
12 25
0 2
13 5
27 18
23 69
29 88
12 96
13 27
30 98
10 15
29 20
5 100
6 66
6 51
19 11
5 40
3 27
21 36
20 89
1 66
28 10
12 36
3 69
4 37
14 46
25 66
9 56
5 13
20 45
3 49
26 97
27 5
16 73
23 58
3 6
30 34
29 99
10 91
3 83
8 51
6 31
4 20
6 26
26 85
1 23
16 39
18 39
2 92
3 14
21 11
27 94
11 88
6 29
10 25
19 33
4 59
12 3
13 54
9 61
27 92
27 21
5 72
6 16
0 9
8 70
13 79
11 88
23 47
4 46
0 75
30 23
1 20
13 8
25 54
16 23
26 56
15 17
16 56
5 34
25 27
16 59
7 31
17 31
2 74
14 83
2 17
21 67
18 74
24 45
5 100
9 33
17 74
11 50
24 64
8 53
28 60
8 78
13 23
17 16
15 21
2 90
23 3
8 51
4 12
7 39
17 71
5 65
0 89
16 46
26 46
10 84
11 69
25 41
24 70
21 34
10 90
11 43
9 42
16 58
9 37
4 59
0 84
12 90
26 24
19 62
8 88
20 99
21 82
14 10
1 87
5 58
6 39
11 5
2 51
12 49
1 17
17 50
13 87
11 53
29 87
17 52
1 33
16 68
9 16
12 63
27 70
19 26
23 8
24 90
8 61
23 32
12 78
29 82
26 13
11 23
26 49
6 37
19 83
15 63
21 30
8 85
21 61
22 4
1 79
28 74
26 32
23 80
9 50
12 56
25 88
10 99
1 27
13 74
13 86
30 1
21 72
23 66
24 64
27 56
23 23
13 27
28 73
9 42
14 19
26 55
16 90
4 8
14 39
25 51
2 36
2 11
27 9
11 5
7 85
13 6
21 77
4 49
12 39
20 79
24 98
13 60
5 81
5 23
9 20
18 68
30 76
21 19
16 19
26 51
9 19
15 53
14 4
29 56
7 13
30 64
26 78
4 55
2 25
27 51
30 39
16 82
6 42
23 36
30 75
19 65
30 76
17 26
26 37
16 98
3 38
8 5
25 26
28 41
2 39
21 37
1 88
2 53
0 28
2 94
5 2
2 37
9 40
17 11
9 28
18 80
4 33
16 20
7 61
2 27
17 10
1 30
7 82
28 83
6 97
7 88
22 59
7 98
9 66
7 42
18 11
20 8
0 74
8 92
3 8
13 91
8 20
0 54
6 27
11 45
6 12
13 79
1 90
25 64
1 87
28 12
11 67
18 29
9 21
10 45
5 52
30 39
30 36
12 58
21 37
16 93
21 66
18 28
18 2
3 75
9 19
12 25
27 75
29 4
21 38
6 28
18 16
18 74
23 60
26 58
18 24
11 82
24 63
12 14
21 81
15 49
9 76
14 99
29 63
13 99
11 34
20 45
0 38
22 30
29 50
14 48
2 66
23 60
24 48
7 15
11 1
25 3
29 94
0 50
21 38
21 62
28 80
13 8
12 4
13 70
5 3
22 5
15 35
11 85
3 55
4 13
8 93
5 3
19 69
16 32
12 92
2 59
14 67
20 22
7 69
17 34
6 18
27 38
6 48
11 8
25 97
19 79
26 94
15 48
15 72
4 64
7 13
30 91
27 78
7 89
13 68
11 59
14 31
22 45
25 43
23 46
28 57
3 71
25 71
27 16
7 81
20 46
8 75
10 60
4 20
2 60
12 35
12 68
11 48
0 74
13 97
23 54
19 75
28 50
15 52
22 27
25 88
20 70
26 54
27 53
8 95
4 85
2 84
14 41
19 29
26 68
27 89
13 75
26 27
5 26
23 91
22 88
20 50
8 40
28 100
20 14
27 58
11 44
2 72
11 30
15 42
21 22
7 93
18 93
13 28
25 10
3 69
18 85
29 97
13 94
30 11
16 36
7 43
21 15
2 76
25 83
22 23
17 95
8 45
28 43
15 15
10 26
2 30
16 32
21 23
17 72
16 68
9 60
30 43
15 58
29 4
29 25
22 3
10 35
7 95
18 28
5 74
8 17
15 23
6 100
5 70
9 98
17 29
10 45
8 90
8 52
12 39
18 93
20 75
20 8
18 74
8 90
21 80
2 77
7 3
20 45
24 53
11 69
0 46
17 25
21 79
9 71
3 22
15 86
11 6
21 16
16 52
22 67
24 100
22 15
7 9
21 12
25 26
20 86
17 17
20 57
7 4
17 62
4 78
4 70
1 23
22 67
11 69
8 55
4 70
23 66
20 91
16 57
24 12
4 73
8 59
2 99
30 50
25 57
29 56
26 9
9 78
9 61
5 8
22 11
1 90
30 2
13 82
22 31
11 26
4 30
6 57
29 82
23 45
0 93
13 71
28 27
4 34
1 47
17 96
20 51
0 44
4 53
16 25
0 85
16 54
3 84
14 51
29 54
16 39
23 93
20 76
10 28
16 97
12 59
23 63
9 51
19 78
21 81
9 43
10 88
8 97
24 84
22 45
10 33
23 88
29 67
14 33
23 5
1 52
26 60
13 90
5 93
3 76
10 84
9 44
9 94
7 45
30 95
28 46
16 34
21 57
15 69
19 18
9 13
26 75
12 13
2 35
21 28
10 25
19 39
3 60
24 97
22 95
28 27
13 46
4 27
0 45
28 31
25 14
6 46
10 46
25 72
10 7
17 16
9 10
29 73
26 52
26 96
1 78
17 3
8 23
11 40
0 33
13 25
17 80
2 22
19 76
29 10
25 95
17 92
20 96
18 22
12 57
7 74
25 81
15 94
26 99
8 97
26 78
17 10
7 2
3 83
21 85
9 82
25 52
14 40
7 82
19 66
10 68
10 73
27 95
7 69
18 17
24 100
6 3
17 2
4 54
18 99
22 72
26 39
8 91
26 77
6 12
22 68
6 90
23 19
11 9
16 59
16 59
22 45
5 43
12 80
12 93
25 12
17 77
26 32
21 92
22 80
12 85
4 95
17 15
5 74
13 52
18 94
7 37
18 25
6 71
16 10
29 85
6 26
10 61
6 79
5 76
15 61
24 52
24 32
8 21
23 38
11 81
17 78
24 40
20 20
4 95
29 50
10 17
14 42
2 88
30 77
25 18
27 4
18 95
23 52
4 16
12 20
12 19
13 78
15 33
7 76
13 87
4 30
19 26
27 57
14 45
6 54
26 83
22 93
9 74
17 40
23 7
7 66
27 88
13 86
20 36
9 55
8 39
12 46
11 51
2 20
1 99
5 24
7 96
5 30
13 24
6 2
20 23
1 48
4 40
22 99
18 25
9 71
22 55
16 38
9 81
7 49
26 57
26 23
16 75
2 71
9 40
16 96
25 78
17 99
24 11
21 74
0 28
25 97
7 63
19 89
13 16
25 76
19 6
5 21
14 77
2 6
17 77
21 88
22 62
24 77
2 36
5 53
6 91
7 52
30 23
12 58
13 52
0 35
7 67
2 2
19 78
14 55
19 14
16 16
3 10
27 43
2 99
19 45
9 76
16 48
28 65
15 8
19 71
6 79
9 75
30 2
3 99
19 67
28 52
11 81
29 60
7 92
14 86
20 55
1 35
19 55
23 81
18 7
8 100
27 32
14 24
24 54
3 52
5 44
16 68
13 94
2 95
2 87
7 28
3 86
5 66
27 86
26 100
23 92
22 56
8 37
22 68
25 25
12 72
24 97
29 5
25 5
5 60
21 75
22 78
13 100
25 20
17 61
12 31
16 56
9 5
3 47
22 68
7 98
15 58
12 37
10 10
17 46
12 75
22 17
29 72
15 96
5 10
3 82
26 19
3 25
7 18
17 57
27 18
12 48
8 100
10 38
11 59
7 68
2 90
10 7
13 63
23 56
25 11
7 46
27 15
14 47
6 18
9 96
23 27
24 74
1 54
5 98
22 35
3 78
25 11
2 44
4 64
14 14
25 68
0 75
29 53
6 97
25 72
15 87
24 35
25 21
23 66
11 93
24 79
6 87
7 46
6 37
2 85
25 90
27 32
12 61
24 35
8 85
26 65
24 86
23 3
15 77
9 68
27 11
22 56
26 70
2 38
25 26
11 71
22 12
17 5
28 5
10 71
18 65
21 88
9 83
12 49
17 91
30 33
14 69
10 70
5 58
11 57
13 10
9 15
28 86
28 58
23 59
26 13
17 78
12 6
25 26
24 79
6 67
20 19
6 96
10 92
9 91
8 35
24 53
9 16
0 53
14 92
10 55
12 37
25 33
30 67
17 81
28 84
15 74
21 27
25 53
25 99
20 83
8 4
28 14
5 38
5 99
22 27
18 61
8 75
1 52
4 87
5 71
24 42
19 71
29 12
16 28
9 39
25 23
30 42
29 16
3 86
18 38
11 10
2 38
30 46
15 5
23 15
26 12
1 75
18 7
30 20
29 68
16 32
17 5
15 96
23 77
18 96
12 68
2 58
5 81
0 19
29 26
25 72
28 64
12 54
5 71
15 37
9 18
27 9
10 59
4 86
16 23
16 87
11 71
30 64
27 30
15 99
16 89
16 45
0 45
2 55
23 45
2 62
0 59
10 88
21 89
27 32
15 96
13 21
30 61
15 10
16 25
10 2
11 92
1 82
14 84
21 70
16 48
27 26
14 36
24 73
19 39
29 30
12 26
16 8
20 68
10 47
16 33
3 91
6 59
15 29
18 49
23 26
15 71
18 10
25 74
20 90
4 32
22 32
14 5
23 54
26 56
25 46
10 78
27 5
3 50
5 71
24 87
19 57
20 75
2 20
24 82
19 56
16 17
24 3
19 59
0 69
4 65
6 10
23 89
13 86
28 25
3 81
6 18
13 59
17 82
21 71
17 59
21 98
15 43
11 25
19 25
13 83
29 91
27 22
0 16
22 90
28 53
3 91
4 45
13 86
21 39
19 26
7 58
15 32
23 43
12 57
13 31
26 35
28 85
14 26
23 19
7 26
28 72
17 79
4 47
26 92
8 73
9 4
10 16
9 45
19 98
7 61
13 72
7 94
14 14
3 85
17 31
15 62
1 10
20 8
15 18
29 60
12 53
17 54
2 34
23 3
20 54
4 41
16 92
15 89
0 93
30 39
21 21
14 78
8 99
17 31
16 19
10 62
27 33
10 76
10 87
12 16
28 4
17 98
14 32
29 54
27 56
3 2
16 31
23 21
9 76
17 10
30 81
23 33
27 19
2 66
3 33
2 84
0 85
2 33
6 90
4 43
3 4
5 18
13 93
28 56
4 5
27 50
19 97
15 82
13 28
21 55
29 71
17 6
11 15
24 11
19 52
4 8
17 22
6 26
7 3
18 8
19 88
25 69
5 41
30 33
15 23
15 40
1 23
4 73
13 35
2 76
22 39
21 21
24 53
28 17
22 39
7 42
28 6
15 23
11 41
12 23
13 59
11 68
30 3
16 32
20 80
30 40
13 23
12 27
21 85
3 95
18 24
4 57
19 89
10 27
25 100
12 97
10 77
7 9
25 93
10 19
27 28
12 47
12 93
27 66
5 54
3 71
6 39
28 10
22 19
12 21
1 29
26 50
2 87
13 45
3 65
12 75
20 10
14 83
3 15
7 95
3 43
10 49
21 7
7 80
0 35
2 31
27 5
14 32
3 51
5 53
9 94
15 26
9 66
6 40
27 24
25 68
1 94
18 5
26 83
9 46
30 36
8 56
20 94
25 12
22 30
28 53
7 9
7 94
16 80
24 63
18 40
3 75
23 11
14 10
22 66
12 70
10 37
18 43
6 86
11 18
3 56
14 29
9 74
6 62
17 12
11 51
22 28
29 82
4 43
26 61
12 41
17 28
22 84
10 87
14 94
5 12
18 27
10 63
29 12
4 38
3 49
0 13
20 57
28 71
29 6
1 10
23 44
24 41
21 6
20 45
15 8
14 71
1 60
5 16
16 100
0 10
6 75
4 95
2 54
3 94
7 49
15 5
7 81
3 80
18 67
13 19
0 77
4 38
29 42
17 64
19 70
7 3
7 74
10 36
7 36
1 27
30 85
10 88
17 26
25 68
23 94
9 95
26 49
18 90
3 18
27 13
18 33
18 37
28 19
2 86
23 11
4 59
20 22
20 26
3 18
8 93
6 82
5 37
28 97
24 14
9 34
6 13
18 96
18 65
7 45
3 46
15 99
23 84
21 21
25 24
0 31
30 36
12 33
19 76
13 43
6 94
16 78
12 15
5 51
21 32
26 44
30 37
17 58
22 88
25 34
17 51
28 95
9 6
15 22
17 38
27 65
26 85
22 92
27 54
11 33
26 37
15 46
14 60
7 42
27 100
24 50
22 52
21 10
0 50
27 12
22 54
25 7
21 18
3 13
24 77
6 31
5 94
8 7
28 71
17 30
19 9
6 54
24 22
2 31
7 14
9 29
2 44
19 66
4 99
21 52
8 98
8 45
18 98
16 84
25 72
9 33
14 33
30 35
1 6
9 49
22 87
7 16
6 1
28 86
11 36
24 37
19 32
19 36
2 46
6 90
12 10
27 97
4 80
1 85
2 99
7 37
27 38
1 38
10 96
7 15
18 66
12 71
4 27
22 86
23 90
2 1
18 53
13 5
11 36
27 53
15 94
15 42
14 83
10 56
4 97
20 41
26 11
15 48
12 70
2 90
0 47
1 29
18 50
22 100
16 63
17 76
17 71
7 69
29 64
6 63
17 58
1 38
13 44
24 45
5 99
22 28
14 1
0 72
1 80
5 1
14 9
28 27
5 12
22 85
17 49
19 91
8 21
9 62
3 92
5 3
13 46
17 9
16 50
30 74
6 73
25 87
17 26
21 54
29 44
29 21
30 25
11 22
24 79
10 46
4 32
8 10
12 76
23 59
24 75
23 80
8 45
7 76
14 70
22 12
21 22
9 34
9 95
19 21
27 97
4 32
10 36
11 7
16 70
24 99
28 93
28 28
7 7
5 55
6 83
15 82
5 28
9 78
14 5
14 27
20 98
9 57
4 75
15 19
23 14
10 40
7 70
19 63
18 99
29 56
20 65
23 67
1 74
14 26
30 93
1 73
29 71
13 41
12 68
24 48
5 85
19 81
13 34
23 17
18 54
19 73
3 21
27 46
24 23
20 78
17 53
13 76
5 67
11 65
3 37
7 81
26 82
22 59
11 96
18 42
17 42
27 11
9 2
11 73
8 19
5 25
18 52
20 8
27 57
2 75
16 97
9 34
9 77
2 62
5 76
26 46
25 24
5 23
6 6
21 87
10 82
10 86
28 53
3 64
0 94
6 89
28 46
29 35
25 41
8 37
11 55
20 21
17 29
17 69
3 42
8 36
27 81
1 5
5 79
23 45
19 30
22 81
23 48
5 34
14 58
27 48
27 6
24 92
27 19
17 94
27 11
19 95
21 35
3 35
5 53
26 39
17 52
21 57
18 91
27 31
16 15
15 72
23 12
23 33
28 3
10 55
0 14
13 42
16 64
13 35
28 86
13 67
17 63
22 40
28 40
18 24
9 30
8 70
4 42
25 40
2 67
0 73
21 59
2 56
19 56
26 30
8 13
11 20
29 83
19 97
6 54
19 22
24 72
20 17
16 14
11 38
13 26
10 73
5 30
24 1
21 75
16 60
28 92
8 9
4 20
4 95
28 47
4 73
24 30
24 99
27 41
23 93
10 51
28 26
1 83
12 4
7 97
4 54
24 56
7 69
23 32
28 21
22 58
26 27
30 35
10 5
23 12
1 30
25 24
2 65
15 12
14 49
0 22
2 73
12 86
17 89
11 67
7 23
2 98
14 57
3 44
9 45
5 67
19 53
27 73
25 42
3 51
28 55
17 17
23 9
20 3
5 79
23 16
7 8
19 82
16 45
25 11
17 34
2 21
2 86
13 17
21 52
16 48
18 61
30 25
8 61
15 58
20 3
22 48
2 87
19 62
9 86
2 83
0 18
9 23
24 27
6 33
19 48
9 14
23 2
14 28
1 59
15 16
12 25
18 23
29 10
4 71
0 67
27 36
29 61
23 26
7 57
0 14
25 26
15 2
30 40
13 57
7 82
23 94
24 99
21 36
30 86
22 47
6 65
16 45
8 55
19 52
17 15
23 79
28 57
8 19
21 15
23 35
3 39
7 45
8 84
22 75
6 17
15 6
15 48
23 23
8 92
9 23
6 74
2 98
28 38
6 98
2 39
6 9
6 30
13 11
25 40
4 82
9 17
11 97
5 36
30 31
9 10
2 61
16 16
7 50
15 54
10 84
18 28
4 97
1 20
18 10
11 40
1 19
28 36
4 37
8 95
26 25
8 6
28 73
18 75
2 99
10 14
8 86
16 79
27 15
12 29
13 27
8 10
2 11
27 61
26 55
0 72
1 64
22 92
7 67
26 70
22 65
0 33
5 86
1 64
22 68
12 14
9 18
25 23
26 85
11 76
9 20
12 92
19 66
28 73
6 55
26 22
15 45
8 49
9 3
15 15
18 18
15 36
27 74
27 55
28 83
14 81
1 31
17 51
18 3
7 80
26 15
17 33
1 70
30 80
26 30
5 15
1 6
1 16
6 60
28 73
19 55
22 34
1 86
23 43
4 32
17 66
25 83
2 96
20 92
17 65
19 69
2 73
28 29
13 18
2 100
12 59
28 98
21 94
6 31
9 75
20 13
17 14
15 22
19 25
16 7
15 52
11 92
30 63
25 12
5 4
13 44
7 36
24 61
22 95
26 4
27 96
24 29
29 56
17 16
2 87
7 85
0 15
11 9
26 73
19 55
0 8
16 13
10 26
15 93
19 7
8 68
21 90
6 76
9 44
6 39
29 9
12 53
16 71
16 55
23 57
28 3
22 4
9 68
26 4
25 5
16 58
23 54
1 1
20 39
9 66
6 61
17 66
2 12
13 82
26 80
9 58
24 72
29 2
24 67
19 74
27 59
6 85
30 89
28 67
19 7
12 8
5 33
0 86
10 24
2 5
19 3
18 77
20 80
17 29
20 64
7 26
12 13
2 3
11 93
27 19
28 26
6 59
9 69
26 98
0 100
14 62
25 21
21 59
23 40
15 32
26 12
30 58
18 45
25 13
17 96
7 2
29 82
7 76
13 36
12 6
27 60
13 18
8 35
23 92
20 7
28 13
25 64
12 21
8 32
22 62
13 85
21 87
6 38
14 92
9 31
21 58
14 16
16 66
28 48
12 7
11 56
3 8
29 2
8 61
17 84
25 58
2 4
6 95
12 81
21 95
20 53
30 21
10 73
12 97
12 17
16 64
24 19
13 72
23 62
8 90
8 10
27 82
26 31
19 63
5 84
17 84
20 16
3 85
14 42
16 93
25 65
13 4
9 69
22 60
27 72
22 48
15 82
17 41
5 41
30 5
20 83
13 23
7 72
1 50
29 69
8 17
30 65
18 98
30 67
0 63
17 6
18 63
22 35
7 30
19 10
22 100
12 17
25 32
2 76
10 79
22 72
14 74
24 40
14 59
24 52
10 72
3 31
29 67
9 3
1 31
0 41
17 82
18 5
22 14
27 4
0 84
0 29
28 88
29 90
2 45
29 77
16 94
23 6
27 99
4 39
20 49
8 1
1 54
1 73
7 1
14 32
3 23
6 88
6 88
21 28
30 49
23 47
24 77
9 17
8 92
19 58
13 54
11 89
11 34
25 16
16 36
15 9
10 97
25 64
22 1
14 100
10 36
25 61
24 16
7 38
23 41
27 92
29 71
8 72
29 96
24 43
25 23
21 67
5 16
6 46
20 23
28 68
7 83
15 50
3 72
3 62
0 26
9 92
15 88
8 59
28 24
12 3
28 3
9 35
3 41
21 42
11 76
11 44
16 21
15 89
24 17
11 84
16 76
24 56
27 71
1 47
27 54
27 88
12 76
28 98
29 70
5 68
24 39
9 50
5 69
21 57
6 51
26 77
25 83
26 76
20 81
3 46
7 64
10 73
23 92
26 20
18 52
27 63
6 13
28 67
3 84
16 79
23 11
29 92
23 74
27 29
28 24
21 79
30 65
25 12
14 44
26 18
13 54
5 17
26 93
14 87
19 51
28 56
8 4
3 93
2 94
14 2
8 51
28 37
21 87
5 61
30 50
10 60
14 76
17 36
1 65
7 80
16 11
25 19
26 33
29 88
27 68
5 20
20 54
14 73
11 19
9 77
14 91
1 43
10 98
27 1
25 35
28 65
2 2
11 69
22 51
30 69
13 26
22 96
14 18
2 53
23 1
25 91
30 95
11 2
6 27
3 85
2 15
25 87
16 38
27 41
7 29
26 14
2 59
25 63
1 52
11 2
1 95
29 97
7 20
1 64
16 88
8 29
12 14
10 48
20 74
25 10
2 2
22 74
4 62
15 14
9 28
30 58
22 83
21 15
20 3
29 8
15 92
5 82
17 79
1 76
15 14
4 57
2 23
15 53
10 65
28 45
1 19
30 34
6 23
2 33
1 71
12 39
16 44
25 70
0 92
19 79
4 33
18 28
5 97
5 4
26 95
23 32
17 29
18 55
27 75
5 58
17 92
22 22
19 24
25 5
5 20
13 19
3 100
23 42
28 56
0 52
12 41
6 75
5 47
24 59
27 55
12 17
8 76
30 43
9 54
13 97
25 40
5 13
13 27
16 36
30 75
10 37
28 100
13 50
23 16
13 37
5 47
1 62
12 47
18 84
3 39
4 28
15 76
17 64
7 5
14 21
21 30
4 87
25 10
23 65
4 19
10 30
16 81
12 10
25 50
10 91
0 41
6 53
24 72
19 33
13 81
22 55
4 4
26 29
8 100
8 15
17 95
18 54
8 43
22 34
25 89
21 22
4 71
8 52
19 14
27 29
6 31
8 79
12 13
15 15
17 5
16 19
28 56
11 15
7 52
3 31
25 14
10 91
6 85
22 33
7 52
28 39
28 41
14 21
25 100
7 32
1 14
2 68
10 73
23 55
15 15
27 71
20 63
18 82
18 96
9 28
16 83
10 63
7 45
3 32
25 16
30 78
4 4
14 34
29 70
22 80
12 46
5 1
3 91
2 10
10 12
6 77
24 28
20 27
28 82
14 49
4 65
21 60
28 62
9 35
13 21
30 94
10 16
21 28
9 96
13 88
16 77
22 64
2 50
13 44
30 52
26 26
3 22
16 32
6 36
14 35
9 49
9 74
2 50
29 35
6 55
24 57
14 31
18 48
0 74
14 68
11 79
27 21
14 90
2 60
3 75
8 79
29 74
8 45
1 30
13 42
24 53
15 60
24 37
3 21
2 88
8 34
11 16
4 36
12 98
10 32
13 51
6 27
21 14
27 9
1 26
24 96
18 50
15 99
21 54
25 45
4 78
24 90
9 90
14 17
6 40
1 57
20 2
27 26
24 64
16 55
3 59
20 46
9 81
23 94
11 81
19 67
1 64
18 41
7 42
22 93
17 32
29 66
22 33
5 96
8 50
2 48
22 57
16 65
23 78
19 88
4 31
9 38
27 18
13 41
3 1
10 97
0 40
17 53
20 88
26 83
10 42
21 76
1 95
22 90
2 99
15 64
15 82
19 72
26 1
4 76
30 11
28 6
5 24
6 16
22 45
13 39
10 2
13 78
10 24
12 75
5 11
18 52
12 64
16 99
19 21
10 62
20 71
28 79
21 66
6 56
16 18
14 77
19 33
29 40
0 18
19 37
5 32
5 72
15 82
27 67
15 88
23 11
6 73
25 66
8 41
17 16
0 35
18 54
20 16
1 41
22 12
1 1
6 95
17 98
7 44
2 31
2 86
26 8
15 31
23 56
14 56
5 82
18 75
21 50
15 23
11 78
12 4
7 92
8 79
30 26
5 19
15 25
14 84
5 10
23 5
14 100
1 73
0 6
4 98
17 57
30 36
19 59
1 9
1 67
9 27
13 7
0 31
28 85
15 56
19 52
7 18
23 46
26 82
8 21
17 81
24 3
6 68
21 73
11 91
13 34
6 32
29 87
13 57
23 36
22 81
23 29
11 90
19 98
6 47
26 36
18 6
26 8
16 43
6 75
4 81
22 7
12 38
8 18
11 75
14 42
13 29
15 73
13 61
5 17
16 90
1 89
18 64
27 100
30 46
6 63
24 36
17 44
26 91
9 41
0 67
11 25
17 55
8 23
17 94
23 42
8 37
11 53
22 21
24 75
25 29
7 67
19 8
6 62
11 29
14 67
17 44
10 81
29 7
30 65
3 95
22 4
21 93
12 57
10 46
5 27
0 80
13 83
9 20
18 28
4 66
22 84
15 2
17 6
24 21
22 93
20 14
18 57
17 96
18 65
24 2
10 68
2 4
4 44
3 66
9 37
6 85
25 95
11 25
6 11
23 18
10 22
25 97
26 56
0 98
10 63
25 81
29 23
12 97
6 69
29 40
25 78
16 93
18 94
15 99
23 15
15 13
30 94
4 21
9 90
5 16
6 20
19 77
11 16
17 18
22 31
2 8
12 49
20 19
30 56
17 71
6 14
11 27
1 20
6 46
7 4
3 63
3 29
27 14
3 97
11 91
22 68
29 54
7 89
25 23
9 12
3 43
4 47
5 11
21 67
13 15
24 17
27 15
0 88
15 40
12 20
25 27
30 86
0 38
18 84
18 88
25 56
9 60
26 62
27 5
11 18
5 46
22 84
7 34
29 8
6 8
28 33
23 20
1 82
13 75
17 77
26 55
15 48
14 64
28 52
19 91
11 11
19 12
12 2
18 74
18 86
25 23
7 87
15 18
11 44
20 90
9 69
30 67
0 27
7 23
19 80
27 44
28 12
22 21
25 74
29 64
12 3
29 22
13 2
24 46
6 20
3 76
4 40
29 5
24 74
5 45
11 56
11 39
17 51
4 85
29 30
23 18
1 16
25 32
2 60
25 65
28 80
5 56
29 80
29 56
26 31
19 90
21 30
17 16
0 13
24 19
10 98
20 22
18 72
27 90
22 67
17 30
21 76
12 58
3 57
28 4
16 64
3 24
19 57
3 45
15 86
13 27
14 34
1 37
28 85
29 3
6 38
4 71
4 2
13 90
14 100
2 40
28 46
19 64
25 17
3 89
17 72
22 72
21 48
16 32
30 16
11 11
3 28
8 66
5 82
26 14
19 56
0 97
3 81
19 9
22 38
23 26
11 57
6 75
11 33
12 20
19 68
2 93
7 61
13 59
16 21
9 80
9 7
22 32
23 19
1 46
14 8
8 48
19 23
13 30
30 12
29 44
3 13
1 63
12 60
3 28
17 30
27 5
30 63
22 96
9 40
5 87
4 94
28 96
16 83
6 60
25 45
16 18
26 39
19 11
0 55
7 18
2 38
4 70
9 14
12 92
27 22
29 29
27 96
21 40
25 40
30 2
11 74
17 61
7 74
2 87
28 40
25 74
21 11
22 83
26 42
4 76
23 5
27 69
13 37
26 96
17 44
10 72
14 70
20 54
4 18
10 11
18 70
8 42
23 12
9 79
3 69
27 24
6 96
11 1
30 43
7 99
24 4
29 10
1 9
11 13
5 97
3 42
25 15
1 82
25 31
14 89
20 96
10 86
14 48
20 85
10 12
4 32
6 82
10 76
21 59
9 85
4 60
25 19
1 4
9 5
22 24
29 88
13 67
21 8
28 3
8 17
13 29
11 83
4 61
6 87
1 50
22 49
16 73
25 83
29 99
30 42
12 2
24 17
18 2
19 30
5 53
27 48
7 72
16 1
26 56
21 24
11 46
16 44
20 69
15 10
3 39
29 6
4 91
9 89
28 68
29 98
26 29
10 31
6 24
27 93
17 56
3 93
25 81
20 27
15 47
11 2
1 74
16 39
18 94
3 69
10 13
22 40
4 2
15 62
28 62
25 18
21 47
4 86
0 76
15 45
21 14
16 74
7 51
17 82
21 61
27 17
22 44
13 47
13 3
8 51
19 93
16 35
26 62
24 74
22 6
1 85
13 27
21 49
22 11
20 3
18 85
27 6
13 47
3 73
25 18
27 26
10 54
22 50
5 42
11 9
10 84
9 2
12 58
17 37
30 63
19 89
1 74
11 16
19 57
7 59
0 10
16 82
18 75
12 50
1 47
11 92
30 60
24 36
3 73
4 53
23 8
19 85
15 45
5 67
6 18
21 59
29 55
0 8
10 70
10 92
11 88
1 87
24 48
1 71
30 39
22 74
9 46
19 88
27 82
0 9
29 70
3 91
28 64
2 92
3 15
1 18
19 81
14 40
15 35
4 63
23 25
30 60
5 29
20 26
6 87
10 67
16 95
4 1
23 88
7 16
16 67
19 26
12 59
12 56
4 35
9 78
14 15
5 39
4 67
19 51
10 97
11 60
27 26
30 62
6 78
18 78
22 6
4 94
14 24
12 30
27 96
27 13
8 34
11 33
10 5
4 19
11 22
17 99
6 20
15 89
6 60
23 46
7 23
0 97
1 34
30 70
18 11
10 18
23 54
30 4
3 50
15 53
30 4
2 47
9 93
6 8
3 15
3 49
24 53
30 88
17 75
15 91
30 75
21 85
26 86
14 75
11 60
27 88
18 42
0 92
23 10
22 43
10 69
25 3
13 7
0 61
30 62
8 28
0 88
9 84
23 39
3 75
25 77
21 89
22 46
21 19
15 7
6 92
8 17
2 80
26 91
16 39
30 25
22 22
26 31
16 50
16 4
17 67
3 28
18 37
7 78
8 1
3 82
25 6
18 61
12 65
22 74
15 29
17 39
24 42
17 25
23 94
19 4
20 8
17 9
28 52
19 30
22 6
22 9
29 55
25 29
9 51
3 53
5 21
23 76
27 88
8 81
20 36
1 64
26 9
5 46
0 96
19 19
18 30
26 34
29 30
23 79
0 83
15 31
29 38
14 63
9 10
11 96
15 39
24 78
2 6
6 50
4 5
11 60
16 73
18 81
16 62
7 6
15 50
22 63
26 86
19 68
0 30
30 69
24 20
11 95
18 58
21 68
21 51
29 51
3 75
26 80
2 5
30 92
13 87
9 92
5 5
30 6
16 88
12 92
24 32
11 60
19 93
0 99
19 19
10 54
17 78
26 93
3 11
2 31
24 35
19 18
17 16
7 6
25 83
20 1
19 14
22 29
6 65
12 98
29 2
7 57
16 39
11 72
30 51
17 5
0 73
17 76
5 93
10 37
4 71
14 12
22 58
30 54
20 58
0 82
29 34
21 5
12 70
21 87
0 40
25 3
23 45
20 90
1 27
30 89
6 17
9 88
28 74
1 54
13 86
13 82
1 88
22 2
9 37
8 21
8 52
3 35
28 86
8 6
22 3
1 87
14 33
20 96
3 25
0 64
8 98
6 35
21 22
13 93
21 71
12 89
6 7
10 53
2 4
22 37
10 1
11 64
12 2
12 33
29 97
27 49
29 86
3 54
4 78
3 69
10 75
0 90
26 61
15 8
3 51
14 17
4 29
26 46
0 28
24 29
29 45
6 85
22 9
25 20
11 96
22 35
22 1
10 21
17 33
23 21
16 94
7 16
30 49
8 36
6 76
14 57
30 71
23 21
21 79
1 56
27 71
12 97
13 59
28 33
10 7
0 43
14 86
24 85
19 40
17 52
5 58
21 91
25 94
2 24
13 24
13 80
18 29
25 74
26 25
5 57
19 62
4 10
28 20
11 27
12 18
29 26
25 57
9 12
15 89
9 53
18 82
10 84
1 80
5 60
20 65
7 80
5 89
22 27
7 72
1 46
6 36
2 53
19 64
4 21
9 7
19 57
4 51
9 16
28 82
0 23
8 1
11 66
8 74
9 11
3 7
18 96
1 38
5 56
3 34
8 29
14 61
16 25
27 55
12 18
9 64
16 73
18 68
23 26
3 25
17 16
11 76
26 92
5 46
4 81
10 63
26 73
28 54
14 96
1 67
13 61
18 17
2 36
22 54
4 82
21 96
26 60
17 66
24 39
4 91
19 19
26 27
7 67
15 19
1 10
7 16
17 93
26 32
7 94
18 49
0 95
15 5
26 59
3 66
3 16
22 87
12 93
26 86
21 49
8 86
6 32
0 97
5 27
5 51
14 42
10 49
16 40
24 39
20 53
30 19
28 55
5 13
11 72
11 1
24 37
20 66
0 21
11 37
14 29
24 9
16 44
27 6
21 48
9 28
1 2
27 74
13 94
4 53
26 49
20 63
30 34
17 20
26 68
6 34
14 97
18 68
5 41
0 30
8 86
13 79
11 28
11 11
22 26
15 56
2 89
7 75
25 9
27 29
30 97
15 11
6 65
25 58
27 42
2 94
19 82
0 71
17 89
21 33
22 98
24 31
23 93
11 63
24 28
15 20
9 93
27 100
12 25
5 76
18 66
15 27
28 15
5 47
8 31
14 82
25 83
22 42
14 32
15 4
22 78
14 59
16 8
11 71
9 87
28 65
13 32
27 73
0 52
9 89
9 14
29 8
11 58
17 2
27 78
30 87
11 64
22 90
24 96
2 100
19 100
27 93
25 74
7 87
28 47
18 94
18 16
30 46
19 91
4 12
14 96
12 38
27 95
19 59
12 35
23 25
23 62
24 82
2 37
29 56
28 61
12 21
17 33
24 68
28 46
15 63
15 56
12 45
24 35
18 18
18 6
22 61
21 23
4 86
5 63
17 51
4 95
12 95
13 72
1 64
24 69
5 6
22 29
9 6
11 13
3 98
10 51
18 6
20 26
8 26
15 85
22 90
14 39
14 85
25 54
0 53
27 88
13 3
0 7
22 81
6 63
10 61
11 99
30 32
24 76
3 82
12 67
1 1
4 81
10 3
26 51
29 58
28 51
11 55
17 59
26 10
25 98
11 45
5 29
8 46
10 48
17 69
18 93
3 96
21 75
12 91
24 65
7 62
7 92
11 67
7 26
1 72
12 98
14 7
3 4
27 71
13 35
18 50
8 38
10 32
18 99
28 97
18 46
10 29
28 73
3 89
12 48
25 19
30 4
11 43
3 48
24 94
16 7
22 69
8 59
25 99
8 68
9 53
27 35
5 8
18 49
30 26
16 44
30 32
3 46
6 51
2 60
5 32
23 97
15 61
18 28
1 82
2 40
30 51
16 21
2 15
8 3
15 18
20 28
24 66
6 33
8 95
11 65
5 48
24 82
8 56
9 11
1 67
1 29
0 21
18 56
0 7
10 6
8 40
6 67
9 74
19 12
13 13
18 75
21 90
12 40
29 16
19 44
26 31
25 22
17 35
28 71
22 36
4 58
19 37
12 90
6 46
11 98
13 23
24 46
24 81
10 67
20 13
17 15
10 93
1 36
19 69
13 35
20 45
19 20
27 96
13 11
12 25
23 33
14 18
23 6
25 41
13 84
27 13
28 34
24 3
23 4
16 85
0 13
0 46
19 57
21 19
25 37
13 63
6 94
8 70
22 42
20 1
16 37
21 12
8 52
27 91
2 83
7 61
30 19
24 43
21 43
19 23
29 24
26 12
30 93
0 85
3 48
6 25
15 89
8 5
16 34
14 25
28 76
30 36
21 75
15 71
28 45
25 59
6 63
3 59
6 47
18 83
28 27
14 10
29 68
10 76
25 97
26 42
15 69
27 67
10 94
11 64
29 46
12 71
25 40
11 25
19 16
4 58
17 27
3 29
3 30
20 19
22 98
11 46
9 9
19 2
0 86
23 5
6 80
14 17
13 57
23 41
14 21
21 71
15 8
4 48
3 43
22 70
12 77
27 100
17 85
18 44
13 59
11 20
15 10
29 58
5 26
23 45
6 98
23 2
27 33
13 20
5 34
8 47
14 42
1 80
0 80
22 73
30 77
6 20
14 11
22 23
28 1
9 7
23 26
9 6
11 22
8 6
14 27
16 43
30 34
3 24
12 62
5 28
5 32
30 34
4 36
22 74
1 55
29 62
12 7
5 27
26 91
16 7
20 95
13 74
18 99
25 71
23 16
9 6
28 67
26 42
16 15
0 40
24 92
7 72
14 38
30 18
6 35
24 24
13 44
17 78
29 12
26 16
25 52
20 27
2 24
28 17
2 64
14 43
23 63
2 30
12 34
26 85
27 89
30 93
16 98
9 27
8 51
15 58
12 85
16 71
25 53
17 64
8 70
17 80
17 5
18 36
13 94
12 54
29 57
21 93
9 62
23 59
22 58
29 98
3 9
27 33
4 100
15 98
0 69
13 75
13 17
27 3
26 46
23 53
1 95
24 17
25 60
15 78
30 35
15 43
7 21
17 11
0 26
6 84
7 22
0 54
17 50
17 71
23 86
22 93
6 31
6 14
16 66
15 79
6 58
27 97
3 75
29 27
8 47
24 70
22 56
7 31
9 58
26 20
14 15
7 6
8 75
26 44
10 54
22 81
6 5
22 39
11 74
5 66
13 52
0 15
3 68
23 7
8 18
24 10
20 73
24 60
27 60
30 15
4 15
27 65
22 13
7 67
4 10
2 28
27 58
4 42
13 79
19 47
8 49
22 17
23 19
17 62
13 71
17 40
1 27
23 99
24 83
5 58
8 28
13 36
11 80
13 98
25 8
15 18
23 47
15 55
1 4
24 7
27 3
23 71
25 13
5 68
16 61
14 34
10 17
3 10
30 30
16 16
2 60
1 66
17 37
11 24
22 56
22 47
30 12
27 92
23 50
11 88
25 43
22 40
11 30
28 31
0 71
19 87
6 53
1 66
28 87
16 30
11 35
30 9
2 100
17 36
4 40
0 66
24 79
10 6
15 13
3 8
1 18
24 4
2 89
29 100
0 50
25 12
25 35
6 66
9 5
25 82
29 86
18 13
19 43
2 18
28 43
17 22
18 23
30 92
26 51
11 53
16 50
21 71
16 16
1 39
2 16
1 23
19 47
10 93
22 17
22 7
8 21
19 5
24 93
18 12
4 63
19 33
11 99
28 23
9 80
6 84
13 47
15 80
10 71
9 50
9 70
26 76
9 58
17 67
4 95
23 53
29 62
13 59
15 42
9 62
4 39
26 6
26 91
0 15
8 24
29 30
0 56
25 84
23 96
25 39
19 93
15 80
7 68
6 60
3 73
28 15
12 62
18 56
2 93
0 64
10 77
29 57
11 76
17 32
5 77
22 83
24 99
9 93
4 100
1 58
0 64
20 50
18 20
24 35
17 87
29 63
0 32
29 16
16 80
18 36
23 97
20 19
14 46
21 36
0 19
6 16
10 30
11 64
8 100
13 65
9 43
21 16
12 69
23 24
18 10
9 64
12 16
26 64
25 10
5 37
28 63
23 17
30 9
26 39
12 38
8 52
9 84
28 94
18 82
25 70
18 87
19 14
17 86
9 2
17 65
24 3
28 17
30 78
20 10
5 12
18 67
22 35
8 16
8 54
2 34
28 18
14 3
20 47
21 28
24 6
4 13
3 32
24 73
0 68
30 18
25 41
20 7
6 39
16 30
23 1
29 95
27 92
28 3
12 89
0 59
12 77
21 88
28 84
3 18
14 98
2 43
3 45
7 30
17 76
23 28
4 67
14 61
17 35
4 72
20 33
30 93
1 35
13 25
0 55
13 70
2 37
26 28
30 45
8 87
19 87
13 5
10 72
28 93
30 54
26 65
11 65
17 50
19 84
11 26
17 12
21 1
11 81
8 83
19 23
8 12
30 1
20 54
15 83
27 53
17 52
0 77
24 42
27 40
2 31
25 46
25 91
8 16
2 56
28 1
25 66
11 16
29 41
1 14
10 48
12 7
10 38
3 69
25 27
4 26
2 48
14 55
0 13
20 88
12 60
24 75
17 3
12 76
12 79
0 42
10 73
7 80
24 35
23 94
20 22
24 24
27 62
26 36
19 38
8 90
17 69
21 46
23 62
12 9
12 89
28 4
22 56
29 82
6 3
14 29
30 13
1 11
10 21
20 8
5 93
6 44
30 94
29 38
1 30
23 26
11 71
3 76
10 56
1 65
11 53
0 33
24 1
26 51
1 89
16 32
19 47
30 82
4 14
9 65
19 12
24 60
16 96
2 85
15 22
18 97
17 23
25 71
28 62
12 79
13 21
30 69
16 43
1 55
20 72
27 96
25 35
2 95
26 2
6 72
5 38
28 90
27 14
21 39
5 99
3 39
2 79
3 8
25 45
15 79
15 56
6 27
12 29
18 56
27 24
12 28
24 1
19 41
16 55
27 70
10 95
18 74
8 74
28 44
15 27
5 92
4 83
21 1
18 63
8 7
18 60
5 40
14 85
4 61
21 57
12 46
28 38
22 10
26 82
15 22
25 35
10 82
14 33
24 59
13 7
3 35
7 49
30 43
3 71
11 70
11 47
6 56
16 94
20 61
30 22
23 33
15 47
10 55
22 3
9 68
25 44
21 75
13 20
4 36
20 85
10 52
25 38
11 70
13 78
2 76
0 55
17 14
30 31
17 13
9 15
11 90
29 56
26 14
11 40
2 22
18 82
28 2
29 44
7 88
16 55
9 61
16 1
25 32
12 34
8 81
16 94
6 58
9 66
3 93
7 4
24 46
7 88
5 14
6 19
19 4
12 94
24 52
6 51
19 36
13 39
1 65
7 94
10 3
0 23
3 37
13 68
21 22
25 1
27 19
2 82
16 89
5 70
15 58
20 22
25 82
18 84
26 35
15 36
27 98
5 27
27 34
26 90
28 62
7 83
22 59
4 24
20 87
24 55
18 45
2 78
20 13
1 100
27 85
12 11
21 85
0 98
5 71
22 41
7 35
10 26
6 53
25 73
22 36
15 45
26 95
25 93
6 92
26 49
2 20
23 93
2 74
30 35
13 71
2 7
5 5
19 66
15 61
27 69
25 19
21 16
29 13
5 34
7 42
3 29
22 39
25 78
1 33
13 30
5 84
5 47
3 86
29 58
19 68
12 30
19 79
11 57
14 28
2 95
12 57
23 18
26 25
21 85
24 18
30 49
10 38
18 50
14 97
11 39
7 97
16 6
11 87
14 42
9 3
29 26
18 28
9 38
23 5
12 18
13 8
19 43
28 34
20 23
9 19
7 68
6 98
3 10
4 80
22 25
22 13
23 23
21 24
21 37
9 19
7 52
18 50
20 94
28 70
6 75
20 11
19 83
29 34
21 76
29 76
1 96
24 32
21 66
30 19
10 31
26 24
1 4
21 62
4 34
25 98
7 99
8 57
5 65
26 24
27 99
20 35
0 67
17 93
7 64
18 86
24 22
11 59
9 89
3 4
29 31
5 20
15 66
22 1
22 90
14 29
12 73
18 32
9 10
18 50
18 83
4 31
12 46
18 64
25 1
18 7
0 91
20 60
28 83
0 45
27 3
8 17
6 15
11 71
28 66
5 54
14 70
9 41
28 40
4 40
15 61
6 95
6 88
2 95
22 12
24 6
27 100
26 90
6 40
24 43
15 43
1 13
10 62
18 71
19 22
2 92
8 45
15 5
15 99
20 91
12 14
3 70
5 28
10 68
16 39
26 41
7 47
0 76
4 81
0 84
25 19
8 26
0 82
21 73
28 55
5 50
26 51
7 89
29 13
16 70
4 31
11 22
27 72
23 4
11 58
17 30
25 1
28 4
14 86
4 10
9 32
11 21
9 92
5 28
4 78
21 77
29 60
27 24
19 52
0 5
14 23
24 57
13 58
13 62
24 51
5 65
2 37
14 27
11 39
18 81
29 72
10 70
15 24
6 75
15 39
25 57
19 29
8 89
11 86
29 10
29 76
10 60
0 67
19 22
20 6
15 4
20 3
2 48
1 48
29 76
17 80
15 81
5 72
16 79
13 82
18 32
24 1
16 37
11 25
8 93
27 72
30 91
7 14
22 20
12 99
17 65
15 31
22 53
17 36
8 73
30 72
19 3
6 82
0 29
4 16
30 27
29 63
15 5
12 15
14 71
23 37
6 38
2 55
2 57
15 65
23 14
17 68
13 20
24 55
20 86
30 80
26 84
6 67
22 63
2 62
28 89
23 17
7 35
26 28
26 80
27 95
2 43
27 15
16 58
17 63
10 19
15 3
3 70
30 93
9 92
8 84
25 56
25 80
11 8
4 58
18 80
4 36
10 51
10 60
3 90
7 75
3 71
3 92
2 96
15 100
21 95
16 5
22 5
19 26
4 51
9 52
27 79
10 80
11 34
20 7
14 18
16 61
17 96
25 30
2 99
3 52
30 15
19 87
28 76
30 9
15 41
4 84
16 9
5 5
8 83
26 76
26 42
2 5
1 6
27 44
4 19
1 61
15 57
8 6
25 75
15 4
5 10
17 77
17 99
16 46
20 49
13 14
0 24
26 29
21 57
22 81
22 53
4 48
28 45
5 8
20 47
24 55
17 100
18 78
13 53
13 97
28 58
1 26
4 81
0 23
0 82
25 16
24 71
10 64
4 49
30 2
20 14
28 46
30 42
17 57
29 50
19 19
16 39
29 86
17 59
9 31
15 40
13 36
14 25
16 54
16 66
10 39
28 58
16 58
24 53
16 7
26 52
13 55
25 95
2 20
24 100
17 83
19 72
7 31
28 97
10 48
26 24
17 72
7 38
8 18
0 14
8 2
5 28
16 98
24 34
7 21
29 52
16 88
7 95
22 93
16 96
20 69
11 91
18 61
17 24
2 46
29 4
23 63
7 92
5 58
10 2
9 83
18 53
4 1
24 90
1 80
4 54
19 93
24 29
4 17
28 95
5 31
25 36
6 67
28 44
7 90
30 33
13 53
7 98
1 8
17 13
9 18
12 22
5 14
4 78
28 25
11 6
28 67
17 59
29 77
26 21
6 22
14 34
13 26
14 47
1 31
13 58
5 16
4 67
7 91
29 49
19 72
27 45
5 78
10 48
0 52
13 6
12 39
19 81
1 35
13 17
25 61
3 54
2 35
27 24
18 60
21 18
8 83
25 10
15 3
16 92
18 42
29 77
25 91
0 53
9 72
14 29
26 60
17 65
22 6
4 79
16 38
0 72
10 14
4 26
30 30
21 25
29 3
9 37
27 6
3 41
3 66
20 1
27 94
3 92
29 16
3 75
25 70
30 97
23 88
8 12
21 20
1 79
3 84
3 82
12 99
9 54
2 94
25 96
3 45
12 74
12 12
17 22
21 73
7 20
10 54
5 27
28 28
19 33
12 28
11 80
15 12
28 36
28 92
28 18
0 62
5 95
3 19
14 62
6 15
19 68
20 96
2 90
20 50
13 63
7 29
0 83
0 38
30 96
3 1
8 40
19 35
3 65
20 85
9 73
1 3
24 82
24 99
2 30
12 34
25 52
23 98
14 80
29 79
27 46
28 89
18 27
22 37
24 73
26 5
30 24
8 4
6 83
2 11
3 23
7 4
24 30
23 5
28 43
9 16
14 23
22 59
20 33
16 61
26 74
17 6
3 35
11 57
22 20
3 47
14 98
17 83
14 35
25 27
7 54
26 21
3 37
3 21
10 93
15 87
20 81
3 46
12 7
20 55
17 71
1 35
24 32
14 9
30 19
22 91
13 17
5 6
21 19
28 61
17 37
14 42
25 70
28 24
28 64
30 94
7 10
15 44
11 78
27 42
13 61
7 2
15 27
17 45
30 38
9 28
26 8
30 72
19 71
19 24
29 93
7 97
16 56
1 10
11 46
1 31
23 51
26 90
8 53
16 18
7 80
3 78
27 30
5 20
16 70
26 71
25 4
21 36
29 42
25 77
18 10
4 20
18 75
24 26
29 64
6 78
29 2
27 64
9 93
23 34
20 31
13 22
8 26
17 25
22 35
11 13
2 80
27 42
27 46
1 7
25 99
17 52
7 89
7 56
24 19
8 70
15 35
9 22
22 100
18 97
5 78
21 28
18 3
19 17
5 21
8 91
12 5
16 53
1 2
10 16
6 63
15 61
30 55
6 100
0 59
17 83
18 12
26 60
26 54
15 85
16 88
29 59
7 72
12 100
30 88
25 36
16 19
18 52
22 6
13 43
14 97
23 58
7 32
30 37
17 21
4 62
27 15
1 87
5 6
27 67
6 56
6 51
9 41
20 63
25 55
27 98
12 59
7 35
7 92
10 9
23 94
17 11
25 61
13 7
26 51
26 2
18 37
10 25
17 39
0 56
20 99
27 85
25 59
8 53
12 40
20 17
26 31
8 88
14 91
30 56
18 53
11 2
3 70
4 49
21 39
12 33
11 6
10 5
12 54
29 97
21 12
5 44
17 87
16 16
10 10
28 87
0 34
10 46
14 30
29 63
18 1
21 72
4 66
16 63
21 49
13 19
5 63
12 53
14 52
28 40
30 3
4 96
11 79
1 40
2 86
18 82
26 31
20 41
7 14
21 97
18 62
16 61
26 61
1 4
18 69
29 46
22 72
22 16
30 74
5 53
14 65
12 92
8 46
19 61
24 57
12 44
22 70
20 2
21 36
0 74
15 31
18 50
8 91
9 47
3 43
6 83
9 25
6 91
19 30
1 92
0 14
8 24
0 31
15 94
4 76
19 54
2 15
9 49
21 60
23 25
26 22
4 10
15 49
8 21
1 59
19 60
18 39
18 19
5 36
4 23
18 11
13 100
2 47
28 5
23 52
29 85
21 74
19 67
9 94
10 52
3 70
1 69
10 4
29 35
9 29
13 8
8 92
5 97
25 20
23 27
7 23
7 47
19 67
7 39
21 23
5 93
4 63
4 11
28 61
16 16
25 59
18 37
11 28
23 88
11 12
0 26
11 52
28 96
0 36
18 15
9 88
27 91
7 55
17 28
20 76
27 62
4 36
9 64
20 60
11 1
15 82
30 83
21 75
23 54
15 36
0 81
21 88
5 44
0 73
18 9
17 1
19 38
29 79
28 76
11 43
28 67
1 22
6 42
4 57
22 3
16 84
7 49
23 79
6 72
12 63
8 15
9 76
4 55
11 5
29 17
29 57
6 96
7 76
19 38
5 60
8 74
30 42
0 31
14 86
3 62
0 95
12 100
24 76
26 74
23 64
23 37
8 84
30 25
12 37
21 88
10 98
20 74
19 54
28 81
5 72
13 61
22 22
29 72
22 64
12 20
15 25
9 19
23 16
22 6
19 36
18 83
20 55
11 100
4 91
19 48
9 48
11 87
28 53
23 51
22 5
17 48
15 92
0 99
2 4
0 12
12 25
12 44
9 4
9 46
5 20
25 40
7 48
4 16
18 61
22 69
27 59
19 48
2 61
22 38
15 53
0 34
24 75
14 20
16 13
7 83
3 99
8 1
22 59
2 63
20 61
18 64
5 58
21 26
1 31
25 19
0 10
5 90
4 64
2 86
27 98
23 100
1 17
26 73
14 91
9 90
17 84
7 24
17 77
15 5
30 21
12 23
9 47
4 35
7 43
22 81
23 69
29 56
25 36
14 75
15 54
9 20
7 26
12 30
17 53
1 76
21 100
27 14
10 6
3 75
20 68
16 49
4 1
7 65
5 39
10 71
17 18
18 22
21 22
14 24
0 25
16 100
6 68
27 44
11 50
24 75
0 31
12 95
23 65
3 89
8 72
27 49
21 87
30 15
8 75
28 64
12 82
18 77
26 73
19 80
9 32
20 20
28 35
3 77
1 8
9 76
21 49
28 63
29 57
5 92
5 60
7 18
4 61
2 36
1 25
11 79
7 81
0 82
1 26
10 17
3 55
11 3
24 64
8 34
19 66
15 64
11 56
8 74
23 76
2 5
13 97
25 95
5 35
1 43
28 8
20 38
15 38
22 85
26 22
22 41
8 74
22 32
25 18
3 85
21 71
9 8
4 57
1 98
9 63
24 64
11 69
30 98
24 83
22 95
7 51
0 53
20 30
10 60
3 31
13 11
27 79
3 34
30 67
11 8
22 19
11 88
16 57
12 29
23 99
20 45
0 49
18 34
25 24
6 76
26 59
23 52
22 49
19 97
20 47
23 56
2 14
16 18
23 22
28 35
13 62
24 11
8 72
13 79
16 82
11 95
15 20
7 36
28 61
11 12
11 73
23 93
20 90
24 49
29 34
22 62
1 67
16 29
16 90
27 51
26 74
19 57
20 49
4 66
19 99
26 6
24 64
25 76
19 32
27 89
4 85
11 43
0 12
21 48
23 21
0 16
30 52
14 34
5 32
24 53
4 69
18 22
13 30
8 39
11 29
20 3
15 48
28 73
3 75
11 39
7 32
12 12
11 40
9 65
13 74
19 60
20 77
21 38
30 19
25 2
4 72
19 18
26 7
27 58
21 47
30 2
25 87
28 17
12 85
29 41
25 84
13 67
14 57
2 100
23 12
30 18
19 26
17 20
30 19
0 87
21 86
11 100
14 77
17 60
15 47
19 23
24 69
25 53
20 18
18 85
7 79
27 98
11 88
18 91
2 56
6 73
4 70
1 7
10 39
17 66
13 50
26 50
17 67
16 90
22 19
3 14
30 16
24 53
9 13
2 26
21 30
9 72
19 23
30 76
30 47
13 32
25 18
10 47
5 46
9 16
7 85
7 59
12 84
8 77
11 89
5 34
17 79
19 24
12 5
28 33
25 90
15 41
9 12
20 39
7 6
22 22
23 28
12 39
28 32
23 5
19 24
20 89
18 16
11 78
19 37
21 4
23 89
28 1
16 6
16 65
20 73
18 7
23 65
20 22
1 23
4 48
9 3
23 89
25 38
24 29
17 7
10 49
22 51
8 35
20 3
18 52
1 11
15 31
17 4
29 32
6 53
19 76
20 41
10 64
21 55
26 69
7 18
14 9
6 13
10 9
13 8
9 36
5 16
11 26
22 36
13 95
3 58
8 6
30 38
25 91
14 74
9 93
15 87
7 41
20 25
6 60
30 91
14 59
9 94
24 100
0 6
3 91
27 87
24 78
26 55
14 94
13 14
30 100
12 19
30 52
10 67
14 78
3 24
4 56
20 70
16 44
26 29
19 53
24 87
28 21
23 24
11 98
15 31
16 82
1 77
0 84
24 50
0 86
6 75
29 35
9 90
27 36
9 95
30 75
30 18
0 42
18 28
30 1
17 67
11 42
5 49
21 25
18 55
4 85
22 23
22 42
11 69
28 36
11 8
21 44
20 27
15 88
18 40
24 30
6 98
16 30
11 77
4 58
16 92
15 35
2 22
20 6
28 91
6 64
24 2
5 77
19 62
25 82
14 72
29 48
6 73
22 88
12 33
17 33
22 22
29 17
25 23
1 71
21 9
24 33
15 20
17 33
8 42
25 85
30 2
15 60
11 97
4 78
0 6
0 80
16 46
26 62
5 62
7 71
26 24
20 76
23 83
19 26
13 66
6 45
3 11
27 37
16 63
2 85
16 85
2 48
26 39
3 63
18 81
14 32
24 54
12 98
28 57
15 32
29 16
9 13
24 96
21 20
23 9
1 69
14 32
21 4
20 17
12 54
19 7
15 76
6 94
13 30
1 19
28 91
17 39
20 69
4 60
28 29
21 62
22 52
3 11
2 53
2 55
15 47
16 15
15 82
28 82
24 66
10 87
23 68
17 21
24 11
7 35
10 43
26 32
6 29
28 18
11 29
25 81
24 21
5 82
2 16
13 89
22 9
22 20
21 11
7 49
15 99
13 28
10 34
23 89
20 50
11 48
28 55
13 33
12 15
17 44
6 77
2 24
15 88
2 8
29 44
13 33
5 23
20 13
7 4
10 4
18 86
12 14
1 91
29 8
24 35
15 75
19 64
5 38
24 65
2 7
0 65
22 74
9 67
29 14
23 42
4 84
15 100
25 28
8 64
16 19
10 33
8 26
18 98
4 70
25 80
28 97
12 76
0 85
30 90
12 91
26 45
6 48
20 93
30 40
19 89
17 80
8 13
15 40
11 10
17 28
19 9
19 88
29 83
28 11
28 39
16 66
13 66
8 81
26 39
14 17
18 63
5 100
8 84
9 32
29 95
2 90
5 22
28 38
2 89
23 80
22 84
25 93
0 34
8 11
1 74
11 47
8 100
2 82
9 80
26 71
4 46
11 12
16 77
13 94
23 36
5 95
29 19
12 56
30 1
26 91
30 1
7 99
4 43
25 53
5 32
22 92
6 73
11 37
8 61
11 90
4 59
18 3
18 52
26 70
3 39
29 83
23 12
1 96
24 24
7 10
12 50
2 44
21 31
12 83
7 51
8 37
4 61
17 35
29 58
5 60
25 40
25 64
17 7
14 46
18 88
30 19
3 97
17 70
3 81
2 32
30 57
19 77
2 40
23 94
29 80
11 92
8 8
4 32
12 58
15 38
23 92
15 15
27 100
0 45
14 49
23 26
12 59
11 43
6 79
10 19
1 8
23 22
12 49
21 50
13 20
21 43
13 89
27 98
19 34
9 97
27 3
9 70
8 45
22 36
17 32
23 7
16 88
19 29
25 81
28 91
22 24
13 84
12 85
12 93
19 49
18 24
28 42
9 60
17 89
5 34
11 92
2 97
7 55
6 49
5 52
19 78
4 18
7 32
5 81
6 75
7 29
18 97
9 44
7 86
11 74
8 70
29 35
19 17
25 30
10 85
28 76
4 77
12 51
6 55
22 86
10 37
14 54
16 17
9 43
28 11
20 19
3 56
4 86
30 73
6 74
27 40
4 47
24 55
30 80
28 40
2 21
28 20
23 44
4 85
26 29
5 29
23 54
23 90
27 34
10 60
27 54
22 21
24 48
18 36
14 67
25 40
10 55
2 90
22 47
8 15
29 100
8 50
27 95
24 75
21 53
25 38
27 39
8 91
9 68
24 93
18 86
5 12
24 33
23 1
10 43
23 87
24 58
10 70
1 49
0 22
18 77
2 75
2 44
0 60
26 96
22 85
11 78
30 35
13 87
7 96
13 11
10 69
22 46
25 5
12 97
23 97
2 43
29 48
23 50
29 97
4 85
21 81
27 63
1 73
24 46
1 65
30 68
25 22
26 60
1 51
24 25
5 7
0 39
29 42
30 20
10 11
6 39
24 73
25 1
20 2
14 21
22 77
16 32
13 60
7 34
14 51
27 96
3 47
25 81
10 56
28 81
30 19
25 34
17 22
26 51
13 85
2 29
13 2
17 97
9 71
3 31
4 46
14 36
11 57
25 43
7 33
28 100
16 23
29 62
11 79
30 87
22 71
19 80
21 90
14 36
10 16
30 28
25 37
23 75
22 35
16 36
13 12
15 46
0 15
27 60
15 54
10 36
5 71
8 19
0 76
5 88
25 48
23 28
22 49
13 21
6 21
9 71
24 6
9 47
5 10
18 74
2 25
3 50
8 35
8 50
5 43
22 29
22 53
21 88
17 20
14 91
11 32
21 44
14 10
1 23
13 72
11 13
14 11
9 26
9 73
13 5
23 35
15 74
26 11
8 8
11 45
23 74
13 87
16 13
14 60
12 41
19 58
20 47
29 72
30 98
15 73
0 70
28 88
29 27
12 95
0 9
20 18
6 45
7 35
20 55
18 34
14 92
3 35
16 72
3 16
9 59
20 91
20 61
17 86
5 63
7 63
28 89
15 76
25 100
17 56
14 15
8 47
2 99
4 23
0 77
21 14
2 1
30 70
21 49
19 74
24 49
1 36
20 14
25 90
2 55
19 72
26 59
22 51
30 89
12 8
2 55
9 9
29 18
25 48
26 12
27 14
21 79
23 11
26 38
23 53
16 69
9 14
28 97
22 44
12 5
25 80
28 38
20 87
14 22
29 83
12 62
15 12
2 81
1 49
12 89
8 59
6 68
12 23
8 4
27 7
26 32
18 21
24 69
18 70
27 18
9 87
27 55
4 31
2 12
10 55
19 25
14 72
21 11
0 45
11 62
21 66
7 89
30 67
5 41
10 65
19 93
27 54
13 33
16 90
4 40
7 57
21 56
11 70
29 40
24 59
28 78
24 12
20 17
26 43
11 37
3 73
7 29
25 50
2 95
6 66
12 54
10 10
3 44
13 5
16 43
17 40
6 88
6 17
6 35
20 24
25 71
23 31
13 99
4 14
1 65
16 67
28 55
2 88
28 17
26 1
26 24
7 47
2 61
8 67
17 6
28 75
18 12
18 74
24 11
7 82
13 97
8 56
12 80
23 46
3 59
20 10
24 42
29 35
30 64
13 54
3 31
21 12
21 44
17 8
16 66
20 66
5 33
29 28
11 14
20 19
14 3
16 54
27 3
25 36
28 12
22 14
24 13
12 57
3 1
12 49
4 28
16 87
11 16
5 98
2 70
8 8
6 90
20 79
7 31
6 11
29 72
24 28
12 79
30 94
14 4
16 29
30 51
16 73
17 46
18 55
7 13
24 75
0 30
15 25
17 34
10 32
24 23
20 16
29 24
23 6
11 67
29 6
5 12
26 50
19 96
18 86
2 100
5 18
25 72
17 40
1 36
23 78
6 15
25 95
16 84
29 9
9 1
26 75
28 55
0 67
28 28
1 42
7 6
21 24
17 72
7 75
1 76
17 100
2 81
2 61
2 90
29 66
30 97
11 71
23 21
27 8
2 78
23 33
12 71
6 99
28 79
8 25
0 33
28 26
30 13
23 43
12 20
22 4
23 96
21 99
29 64
1 61
25 87
13 52
21 99
19 70
7 33
11 45
26 34
6 27
30 10
10 71
6 40
20 50
28 74
24 28
4 36
19 27
15 91
18 77
4 86
20 42
28 67
29 30
19 13
24 94
11 42
7 91
14 43
26 23
28 26
15 29
7 17
16 70
13 62
16 17
14 42
9 27
10 98
21 62
26 73
11 21
10 87
7 28
17 4
9 47
19 75
6 6
24 96
0 46
5 57
26 81
15 42
26 55
8 52
19 95
7 17
25 88
7 19
25 16
15 26
2 19
12 52
9 93
26 8
6 80
7 46
25 91
17 50
11 65
17 86
2 93
13 28
13 11
0 80
6 72
13 73
30 17
25 85
29 76
9 44
30 20
28 31
30 15
8 17
17 36
24 75
30 30
16 10
7 45
20 94
26 69
21 18
29 10
30 53
23 50
4 41
1 94
22 25
22 80
12 74
9 56
30 94
28 86
23 66
20 39
14 48
9 63
9 3
26 44
19 52
29 17
19 54
22 14
28 49
9 57
17 92
0 91
5 72
1 23
18 40
19 21
10 45
21 63
28 40
21 67
2 97
24 86
0 23
11 90
29 36
8 44
29 13
22 80
3 86
4 57
2 80
5 13
12 7
24 21
26 48
22 72
8 54
7 53
11 30
20 15
17 40
10 75
10 86
20 52
9 78
19 44
26 33
1 84
29 42
13 33
28 88
6 48
9 37
15 11
6 50
5 3
13 93
1 48
21 72
25 13
23 38
4 19
26 80
6 85
15 50
22 94
30 68
9 7
3 83
26 23
26 94
20 92
16 25
8 90
7 37
3 100
24 49
0 12
23 49
21 61
25 5
18 2
27 85
17 95
8 84
1 79
6 63
5 74
8 41
25 99
13 29
29 100
3 47
6 18
28 58
13 41
6 16
30 23
28 88
10 5
30 96
10 73
20 40
29 18
16 1
5 10
18 23
27 20
21 45
7 77
11 82
28 86
19 43
24 66
23 98
16 79
13 76
8 72
8 10
21 94
13 80
18 50
1 61
14 28
1 18
15 65
3 74
30 98
4 63
29 45
21 32
1 4
3 18
5 6
10 85
6 33
24 57
12 89
27 58
8 2
8 88
3 71
16 52
22 71
15 64
25 72
25 45
22 95
12 88
5 79
30 54
28 84
9 21
20 77
23 84
15 57
8 83
29 33
8 88
18 96
27 74
21 86
16 79
15 42
30 87
26 5
22 88
6 51
20 27
12 55
28 11
17 77
9 31
2 12
16 58
20 44
3 96
22 18
28 49
14 19
22 92
5 74
9 45
9 60
20 35
27 37
2 51
5 91
0 47
18 58
11 6
19 79
0 61
25 57
25 20
25 96
30 24
14 15
6 59
9 13
26 31
29 65
9 49
23 40
6 2
7 24
13 88
21 89
20 47
30 52
22 29
8 97
29 83
8 21
24 29
1 66
15 99
3 83
7 68
12 52
12 99
3 4
6 33
13 59
6 2
26 29
19 48
22 54
10 62
30 7
8 81
20 13
5 26
9 52
25 40
25 19
26 70
18 72
24 25
18 34
10 9
29 56
3 53
12 61
13 99
9 18
7 86
1 14
22 85
0 10
6 19
16 82
24 75
18 60
10 16
12 56
7 59
29 92
4 58
25 20
3 99
21 86
2 4
7 32
0 73
20 62
10 79
17 59
18 12
25 47
17 13
16 28
16 49
10 36
13 28
13 78
22 82
26 31
3 93
27 68
12 80
9 49
25 32
11 9
14 95
16 98
7 41
4 35
30 25
10 16
22 46
15 93
27 55
17 91
23 66
28 81
25 21
1 72
8 33
18 70
4 16
5 31
14 100
16 80
5 21
13 16
1 64
19 33
12 15
7 5
16 1
0 43
30 14
23 35
1 6
21 26
21 55
8 92
8 73
12 28
22 42
22 64
28 15
16 87
3 28
18 2
13 97
27 79
25 6
30 28
14 47
7 93
24 98
4 83
11 13
10 95
18 57
24 39
11 11
17 8
16 69
21 28
21 81
29 35
11 97
26 6
17 24
18 8
4 79
16 86
28 99
21 18
6 71
20 62
15 2
1 8
7 20
17 3
14 30
12 89
20 70
24 21
6 84
15 68
3 89
16 35
30 38
16 90
24 29
0 81
4 53
13 43
0 64
10 64
30 83
2 16
0 36
8 21
8 33
14 94
23 66
7 65
29 71
20 77
19 84
16 46
24 98
30 70
11 63
10 85
15 31
17 95
11 48
7 14
29 46
5 2
11 16
4 76
27 39
22 78
4 20
10 31
1 94
16 17
9 17
23 38
15 63
23 51
25 68
12 90
28 85
2 16
13 53
8 5
7 41
7 47
0 6
2 91
19 19
29 49
24 72
17 85
20 16
18 80
19 75
2 16
2 36
22 73
25 1
24 58
8 97
10 62
26 60
21 46
5 29
25 99
29 11
11 52
12 28
5 71
14 90
8 32
25 46
0 51
1 46
14 1
27 47
2 9
20 55
27 22
4 87
23 13
11 23
12 21
21 77
24 59
13 94
7 87
0 88
3 27
7 95
9 1
15 99
16 50
6 93
27 91
10 64
26 37
2 13
4 70
28 55
20 44
5 70
14 5
18 64
0 4
16 83
10 23
1 68
9 28
7 9
30 28
7 50
1 9
3 51
28 97
15 50
12 2
0 38
3 37
29 22
16 21
23 16
3 81
27 88
13 89
17 45
20 48
1 36
6 98
22 3
8 4
13 19
21 90
10 48
14 55
16 63
1 78
0 43
22 13
19 89
10 53
14 69
18 57
29 78
11 66
10 45
11 31
8 3
29 94
9 26
27 15
7 60
25 78
11 69
0 82
3 85
4 21
3 73
30 65
11 78
30 32
26 87
23 26
1 74
1 79
23 39
14 43
20 81
2 17
22 28
26 78
5 52
30 38
5 17
20 19
14 53
13 37
7 38
23 46
5 47
11 86
30 86
20 93
23 54
1 100
30 27
1 25
26 97
7 95
16 99
19 20
8 56
6 75
11 31
6 27
24 64
16 83
27 86
26 56
22 34
26 98
23 58
7 12
7 70
19 75
13 4
30 84
16 43
1 66
20 100
0 48
30 92
11 21
18 95
11 33
20 55
23 16
8 10
20 62
27 17
27 85
19 86
0 37
12 35
27 27
6 100
0 47
19 21
23 90
27 71
12 67
7 97
15 59
20 47
0 70
7 93
3 23
12 21
11 62
20 2
8 48
12 13
6 17
23 8
14 83
3 77
15 89
28 18
10 30
2 2
14 94
26 5
11 32
22 30
16 32
9 22
18 26
27 81
18 25
23 94
22 23
16 38
15 58
30 19
22 93
27 12
28 21
22 73
24 12
30 86
18 43
0 98
25 90
12 24
16 61
29 47
29 10
16 92
7 76
24 16
23 70
0 77
18 85
5 39
28 69
1 87
5 73
1 69
0 88
21 96
24 61
24 59
6 13
22 17
1 98
6 65
21 56
30 34
22 64
20 28
2 38
26 51
4 41
19 77
25 69
19 57
1 82
4 91
5 38
29 13
2 88
29 1
3 35
26 26
23 5
26 76
6 73
0 5
19 14
2 26
8 82
17 65
13 17
10 61
19 87
13 31
26 60
13 18
7 35
22 59
10 25
10 33
8 23
14 62
22 43
9 3
13 34
5 54
11 79
8 35
1 9
25 94
25 45
17 6
19 23
7 19
26 39
12 1
0 80
19 47
28 73
3 85
24 83
21 43
1 24
2 92
2 36
29 65
20 15
18 72
20 37
16 38
8 6
4 25
0 78
9 9
13 86
13 15
20 83
7 7
1 79
22 94
28 30
3 49
22 59
29 28
5 38
20 38
17 8
6 63
16 14
26 72
0 72
12 85
5 19
5 59
13 23
10 8
3 8
5 24
15 50
23 75
0 36
5 39
30 14
14 36
22 95
26 57
22 42
13 68
7 46
3 21
2 14
5 82
5 30
3 40
13 39
25 57
29 92
29 95
30 80
17 74
27 50
16 70
3 41
25 62
2 40
7 48
27 32
19 85
11 34
27 62
17 26
23 22
3 91
17 50
29 20
8 86
28 41
8 73
27 21
8 82
7 35
19 42
27 37
7 97
21 61
9 100
24 59
18 14
4 37
20 100
11 77
21 15
12 98
22 41
6 43
7 97
24 58
12 25
25 83
28 70
16 21
1 35
24 19
30 50
29 44
10 73
27 68
26 75
18 14
12 86
5 9
26 24
29 73
24 71
5 24
25 27
29 13
27 54
13 18
3 70
17 25
25 99
5 22
18 36
28 92
2 81
19 38
14 27
30 10
24 16
25 1
3 88
25 22
27 24
4 57
10 43
0 94
3 15
4 69
15 4
25 74
7 61
8 20
4 63
27 93
16 62
14 9
29 34
2 55
15 2
11 77
11 64
0 35
26 94
16 94
21 57
8 60
6 36
23 3
30 34
29 55
5 62
0 75
14 68
15 49
1 34
4 3
28 90
5 51
18 10
7 80
10 36
0 84
20 81
17 72
4 52
21 51
12 90
9 18
28 98
24 6
0 96
29 27
28 42
9 76
1 70
19 18
0 47
18 59
27 40
29 56
16 79
30 94
14 23
1 99
26 88
13 23
22 72
24 76
10 34
11 60
14 79
19 55
12 83
6 1
3 64
15 26
11 27
10 62
5 87
15 9
22 44
22 15
13 23
29 62
18 69
28 13
6 88
1 49
4 4
16 15
8 76
16 79
7 1
30 54
24 74
16 41
24 55
0 63
5 34
28 10
1 20
18 3
23 80
3 24
22 75
7 52
28 37
5 61
2 97
24 96
10 78
24 30
17 84
7 45
19 20
6 60
23 15
27 39
13 90
25 51
30 98
11 57
10 16
2 33
5 37
10 21
17 47
21 23
17 70
21 79
0 38
30 70
11 50
15 94
13 31
18 66
1 100
20 67
25 23
30 65
0 71
26 26
4 3
15 69
2 12
3 96
29 13
1 38
20 46
14 83
20 4
23 76
24 82
3 21
24 56
15 66
10 2
14 19
28 16
2 55
21 94
11 91
20 19
8 81
25 84
11 24
5 100
30 90
3 70
15 71
19 35
14 83
30 85
20 74
13 83
15 34
22 74
6 82
18 77
7 77
6 11
12 61
22 67
0 35
16 26
9 43
27 19
24 39
3 42
0 68
20 32
20 13
9 65
0 24
21 74
18 22
16 59
14 53
10 96
9 84
7 2
16 36
12 59
28 34
9 86
23 73
27 16
16 15
22 39
17 72
13 4
6 78
21 63
11 39
26 60
15 100
9 81
15 89
22 67
20 29
17 93
10 27
16 28
12 1
21 86
22 17
4 52
8 71
12 94
15 51
21 25
18 76
24 47
7 35
2 20
25 57
18 2
14 81
7 2
2 48
6 39
15 49
14 94
11 29
4 92
23 13
21 60
0 49
27 43
17 54
15 88
24 42
4 78
27 28
3 52
30 74
27 97
30 20
0 100
21 24
5 21
24 40
23 81
16 8
16 17
7 99
23 79
10 16
15 12
11 19
29 88
4 3
13 69
15 60
0 85
30 7
12 93
3 65
5 82
28 92
21 96
18 34
14 9
22 19
19 72
11 10
9 8
6 37
23 92
5 57
14 62
25 14
28 52
2 91
28 58
5 10
23 55
1 92
25 21
19 83
11 56
24 68
2 93
23 69
18 89
23 21
21 58
5 27
27 25
8 33
27 1
12 29
1 26
29 87
6 26
26 89
19 22
1 8
15 96
14 51
15 25
24 78
25 35
0 53
12 58
26 99
5 62
29 14
30 55
22 80
8 60
18 8
1 43
29 72
0 22
6 92
20 29
24 66
17 92
2 60
8 23
20 21
13 67
1 68
29 54
12 32
7 87
8 25
8 45
29 5
0 15
17 94
18 72
17 98
27 72
23 38
26 86
8 25
28 33
11 41
10 34
11 42
4 32
6 42
19 87
23 32
22 29
14 64
10 58
30 39
30 62
21 75
18 84
14 79
3 75
9 71
6 41
26 93
0 40
16 86
20 99
6 89
12 50
0 14
17 93
17 46
17 92
24 16
26 84
18 38
22 13
25 59
13 18
11 4
6 49
2 94
11 93
5 89
13 62
30 2
0 93
12 42
25 57
2 5
12 49
9 97
22 92
5 10
1 90
15 72
10 50
29 48
4 51
8 44
1 65
20 61
12 7
1 65
28 99
1 57
16 58
11 89
16 14
30 93
22 96
14 50
22 3
17 87
1 66
7 51
22 67
14 78
22 43
12 38
22 45
3 5
24 77
19 16
19 24
11 78
6 47
14 55
2 58
29 19
25 54
4 23
22 87
1 5
28 15
25 47
19 80
20 93
6 4
22 84
21 82
5 8
22 81
28 8
30 28
2 65
14 67
27 61
8 36
19 84
12 63
22 30
20 97
6 88
28 77
19 21
26 100
14 91
0 93
28 5
21 68
30 37
9 38
27 19
6 91
27 75
27 95
4 18
0 93
9 8
2 92
23 38
14 7
19 2
11 37
30 36
28 40
18 79
28 55
6 76
26 30
13 73
23 22
17 96
2 43
16 37
1 38
6 2
10 15
3 21
13 18
23 36
17 3
30 25
9 43
1 82
10 25
21 99
23 38
18 10
6 73
13 31
10 18
22 60
27 54
9 81
11 20
17 61
30 1
6 98
22 6
24 93
8 98
30 43
10 65
13 73
8 53
24 22
22 1
13 16
14 30
15 45
16 15
17 98
25 75
13 96
28 1
11 27
24 34
26 6
6 4
28 4
20 96
3 43
6 4
6 35
21 48
2 61
16 51
20 65
16 63
6 14
9 40
8 1
15 27
3 65
20 35
24 62
0 61
16 45
26 5
9 16
10 70
26 53
1 93
18 54
12 49
12 9
26 61
6 66
13 77
5 4
6 86
16 58
14 84
13 95
17 80
9 32
10 39
13 75
8 91
8 9
30 81
20 95
5 19
2 91
14 28
25 17
24 27
26 82
4 25
5 5
27 55
30 53
28 6
0 5
2 58
2 89
10 74
4 98
0 12
3 47
15 65
17 29
3 66
27 7
18 36
14 83
27 13
9 18
27 49
30 35
15 78
11 49
5 15
25 75
2 64
15 64
15 14
0 87
20 58
8 88
4 85
11 15
17 73
22 41
18 69
2 74
12 22
29 76
13 29
2 1
0 96
28 68
12 79
26 25
14 8
24 94
25 54
17 5
12 56
9 10
16 80
30 23
23 77
13 15
20 58
21 59
27 42
29 1
17 54
11 96
18 34
16 40
12 64
29 42
12 62
24 2
28 61
14 34
12 65
13 83
29 14
22 59
21 31
16 50
12 1
7 81
6 46
6 50
15 39
5 16
21 24
13 41
0 92
21 94
28 99
17 98
19 83
30 78
13 69
6 39
26 1
23 87
4 95
25 73
20 30
28 8
9 2
0 44
29 61
26 84
3 90
28 6
9 3
30 9
9 60
5 24
26 7
1 69
14 41
28 99
20 17
11 9
1 10
13 79
24 84
18 45
16 5
19 27
0 2
0 86
18 60
4 87
24 34
13 57
4 74
11 48
20 100
11 50
5 24
2 4
6 11
23 52
13 36
9 21
26 50
17 65
21 71
6 78
4 70
16 79
6 48
17 9
9 55
0 27
5 16
23 55
4 15
0 72
5 41
26 59
17 42
23 46
28 31
0 34
24 49
23 62
0 89
5 92
0 98
26 27
25 33
28 19
11 92
7 9
18 42
14 1
6 55
3 5
25 35
14 89
21 90
19 1
27 50
2 59
30 55
1 77
12 4
27 2
4 82
19 67
22 62
21 33
16 54
1 62
20 49
2 49
8 9
28 51
13 70
1 1
13 78
30 66
28 29
25 2
3 30
1 19
10 36
21 51
17 68
6 78
5 26
19 100
22 78
13 55
13 92
25 30
0 63
23 47
18 49
27 92
21 24
5 35
12 97
2 66
1 100
22 86
19 23
18 96
24 96
30 67
13 19
15 61
15 87
23 48
21 99
29 10
11 54
2 17
7 34
1 99
4 57
26 63
27 46
6 52
3 67
17 17
5 44
10 32
20 65
12 10
28 17
14 18
26 56
12 68
13 45
9 48
25 59
20 18
12 39
14 17
2 38
29 78
19 28
6 56
24 61
24 13
24 95
0 39
4 97
1 13
9 92
10 55
15 38
20 5
1 35
13 48
13 97
7 46
8 87
20 76
27 38
9 56
22 87
22 74
23 93
26 21
27 24
28 79
23 100
11 75
0 94
21 100
24 56
24 57
13 85
17 56
17 37
0 30
29 95
10 83
11 71
0 64
11 96
29 76
6 15
24 1
1 60
22 78
0 4
22 4
20 61
29 17
26 7
20 56
14 39
24 45
29 88
16 58
30 85
7 68
0 100
26 68
13 89
14 70
6 48
22 97
30 96
3 59
25 94
28 47
13 96
23 38
4 50
30 85
23 42
17 47
14 91
11 80
8 41
25 80
11 22
19 68
29 22
28 24
18 14
2 72
24 74
8 51
14 29
28 22
8 20
14 34
14 91
26 12
27 33
25 39
17 26
23 96
3 59
12 21
27 64
1 73
0 75
25 28
6 12
13 84
21 57
22 27
2 87
23 94
2 76
27 58
24 83
2 31
19 37
12 30
19 21
3 30
23 92
24 81
22 87
25 99
11 12
9 49
18 81
11 30
18 43
10 47
21 86
30 47
12 5
20 80
25 16
27 84
26 47
19 63
4 71
9 70
2 39
23 77
7 71
8 62
1 24
0 27
13 93
30 95
23 55
12 22
13 82
1 85
7 26
18 74
16 93
8 93
16 32
18 96
12 100
11 97
1 22
13 36
30 9
21 63
9 79
23 43
10 34
11 47
16 43
9 44
8 47
29 69
20 23
3 78
13 82
15 54
11 97
14 74
26 60
17 42
29 88
11 37
17 46
30 99
26 20
14 72
14 32
13 41
1 38
6 75
26 21
28 70
18 49
13 62
19 67
24 65
1 58
8 41
1 84
21 62
19 69
8 60
16 82
25 39
14 24
25 7
6 90
30 39
23 37
23 95
13 99
7 61
29 79
27 79
29 49
30 88
6 70
1 29
13 99
21 93
4 76
8 8
17 92
14 77
26 93
4 89
13 100
30 76
29 83
24 2
18 43
4 4
25 83
30 96
25 56
15 2
6 82
26 12
27 24
30 97
23 49
13 96
20 89
10 72
25 3
17 90
2 2
10 12
7 76
0 72
25 97
1 4
2 44
28 57
26 20
24 32
16 34
29 32
8 85
13 38
29 66
29 75
22 100
11 56
12 23
21 73
19 85
2 77
18 1
11 50
26 15
19 35
16 94
25 25
29 15
3 90
24 29
2 72
18 27
4 74
7 95
27 4
7 92
14 22
8 32
2 46
26 49
12 6
28 16
28 95
27 32
18 95
19 58
18 58
20 33
23 15
11 84
16 87
9 46
30 81
17 97
3 83
24 40
5 80
17 50
18 92
12 61
19 37
13 53
22 7
28 62
2 67
8 51
23 50
26 53
7 73
4 68
21 64
23 71
5 30
8 75
27 21
16 85
20 33
2 45
21 32
15 45
24 20
24 98
3 46
17 84
30 67
11 64
15 40
21 45
15 47
17 91
22 93
17 28
27 73
14 76
7 55
27 37
8 91
2 100
6 34
8 2
14 67
19 61
16 24
2 59
15 17
5 70
27 8
13 21
14 90
20 52
21 100
27 50
15 30
0 100
28 83
17 53
8 91
16 48
27 49
18 30
21 67
30 93
17 56
8 20
5 58
11 76
28 25
22 93
5 82
14 6
0 40
4 18
15 28
24 44
0 37
16 38
25 32
23 4
1 4
21 2
9 58
12 57
28 73
5 14
19 24
11 35
28 47
28 62
23 90
2 89
29 10
3 28
11 87
25 61
12 38
18 53
6 44
25 78
4 97
13 64
7 32
30 16
22 72
23 100
8 86
11 55
30 56
15 13
26 59
11 16
25 46
8 66
30 32
20 52
13 52
24 69
3 56
18 36
16 51
4 67
3 51
16 95
25 2
23 96
21 54
5 9
7 68
29 47
13 42
18 59
23 19
9 64
19 33
14 1
6 22
5 17
0 75
17 66
3 36
30 69
8 17
12 44
15 85
9 3
11 61
1 81
29 97
23 53
5 22
29 98
26 61
16 56
16 37
9 61
28 3
15 48
8 69
16 40
24 16
18 61
7 83
16 18
25 5
0 60
3 13
13 33
25 55
15 15
9 31
13 11
7 61
30 86
17 59
6 17
19 80
2 58
24 84
12 11
19 47
20 27
30 30
19 44
25 19
14 19
28 44
24 80
9 32
20 1
20 56
6 32
7 9
9 72
11 19
30 69
27 42
13 96
3 50
21 64
24 47
30 99
30 35
4 43
29 17
17 95
27 21
13 45
11 84
7 3
17 39
30 78
17 34
16 19
25 52
9 51
14 73
2 7
13 95
26 87
28 55
22 21
23 82
7 96
9 86
22 55
10 25
20 97
27 63
16 64
29 51
8 94
6 54
1 11
30 37
24 24
25 86
26 9
26 95
14 60
9 100
18 32
28 80
9 47
21 18
20 12
4 81
1 89
6 10
15 37
20 98
19 52
18 1
4 74
22 95
3 86
25 79
14 54
16 25
27 37
1 9
10 60
23 38
17 19
24 41
1 49
21 78
19 89
27 19
23 9
1 50
29 31
9 58
18 23
7 96
24 81
13 22
29 65
19 24
15 77
30 95
10 93
13 86
16 48
13 43
15 23
8 45
30 51
22 1
15 61
0 36
25 9
19 100
16 52
0 81
11 21
14 9
12 24
13 48
22 88
5 14
13 97
30 64
27 79
28 36
3 26
17 13
3 26
25 78
21 81
6 64
1 20
3 49
9 54
4 79
27 74
13 12
6 28
7 81
16 54
18 26
4 15
29 96
13 54
27 74
0 3
15 55
16 21
25 97
18 27
3 34
0 97
1 39
10 11
17 83
29 10
19 97
30 74
18 19
27 88
28 70
14 39
25 62
10 41
10 77
21 44
26 12
7 31
18 15
11 62
1 79
23 80
25 55
11 26
11 85
16 32
20 27
10 39
23 38
4 19
9 15
23 78
2 7
5 76
2 26
2 23
8 58
15 26
13 72
30 55
25 61
13 43
18 10
14 69
24 25
16 7
12 23
15 62
16 87
29 68
23 41
23 96
14 63
27 62
10 76
12 18
7 19
17 35
15 87
5 23
6 99
25 30
2 52
22 78
7 60
1 13
19 33
29 29
3 94
11 81
4 42
2 76
23 1
7 12
2 53
14 18
11 36
28 12
23 96
6 40
5 67
14 38
25 72
26 10
28 1
10 7
11 26
19 13
11 89
13 25
9 50
19 55
0 72
13 59
9 29
5 21
11 27
5 52
0 86
25 54
9 51
14 2
10 51
17 74
1 39
13 45
8 44
15 41
1 47
9 62
4 47
28 52
0 95
8 4
28 15
3 52
14 79
4 9
7 94
20 49
28 22
20 89
0 1
16 25
30 93
2 2
30 89
20 95
2 93
24 79
22 10
28 41
11 66
25 68
1 48
29 36
1 77
23 43
10 53
9 28
19 97
19 8
30 54
28 75
8 91
9 89
18 72
11 23
29 41
29 74
18 37
29 21
17 63
13 59
4 98
18 26
20 11
24 20
1 76
22 20
27 3
9 20
8 32
30 72
15 100
27 48
3 30
15 4
30 73
20 51
26 89
27 27
29 1
7 75
22 60
3 7
11 16
7 89
27 26
28 14
30 28
12 77
18 72
24 1
19 10
14 65
9 64
26 59
9 51
7 75
20 38
6 12
15 92
21 97
15 62
8 27
20 16
7 10
16 77
26 73
8 61
9 41
22 18
15 35
17 41
17 3
5 70
27 32
6 41
15 9
3 42
6 33
24 51
20 74
2 98
14 30
27 15
18 65
15 46
24 31
5 56
27 34
10 39
21 4
13 88
12 45
5 38
7 87
1 99
2 47
23 96
15 40
19 5
24 39
9 8
17 88
23 14
0 88
1 37
5 41
16 16
17 99
6 6
9 35
14 81
4 75
19 2
5 17
19 3
0 50
24 26
21 23
6 18
22 5
4 77
10 31
1 93
9 80
0 76
18 30
19 49
7 58
14 88
25 75
26 33
9 11
30 10
16 92
28 28
14 36
8 42
25 36
30 74
24 86
26 86
29 7
2 16
2 63
2 21
0 62
27 66
14 38
24 40
3 16
21 55
0 96
4 78
17 39
0 49
17 4
7 52
16 93
16 54
16 85
17 65
30 63
20 74
19 78
4 58
22 5
21 65
19 35
19 3
28 12
3 86
27 87
21 70
29 92
3 46
19 53
7 60
20 86
28 71
1 64
4 75
28 38
7 94
24 5
0 25
2 15
6 56
13 25
27 87
29 92
15 51
14 98
2 94
27 22
28 45
23 25
16 70
11 7
4 31
14 66
11 11
24 97
30 65
22 60
0 24
20 37
22 17
8 53
5 91
11 76
29 33
25 24
20 29
23 46
17 62
3 49
21 51
26 1
7 28
30 44
11 12
9 61
22 12
27 97
4 87
23 17
20 39
24 95
11 11
20 21
10 24
5 64
30 56
21 17
18 16
21 8
1 94
14 73
16 32
27 18
2 45
29 77
22 42
26 16
26 57
13 82
12 83
0 54
8 59
17 92
19 75
23 77
19 93
14 89
23 62
16 78
29 54
26 17
7 88
8 41
1 32
26 22
21 56
9 43
22 40
27 25
24 49
5 82
30 78
17 41
13 43
30 74
9 76
7 65
13 63
24 56
21 41
16 4
2 55
7 28
2 25
22 65
27 84
9 57
7 57
7 81
12 22
7 10
3 79
14 80
27 39
26 67
15 30
18 67
25 18
19 76
19 45
23 48
0 19
14 58
22 26
18 58
15 47
28 15
3 26
20 94
4 34
29 10
19 85
21 27
27 7
28 26
11 44
21 43
20 30
6 77
7 47
27 77
12 91
22 1
14 60
23 85
12 16
3 87
18 2
9 14
12 53
6 15
2 42
8 100
20 97
10 29
8 20
13 87
17 88
1 40
29 7
13 6
21 71
18 6
15 91
16 57
19 50
21 60
24 27
9 79
29 45
17 2
10 29
6 86
13 67
4 62
2 66
25 50
27 48
13 31
21 63
11 59
16 80
5 84
0 5
8 10
0 52
17 63
30 26
29 51
19 9
21 38
29 45
29 69
19 74
8 17
26 52
20 62
17 10
6 21
13 95
20 19
17 97
19 82
27 66
24 57
5 45
17 23
30 65
16 9
26 66
17 10
16 1
5 97
28 26
0 84
23 65
23 86
4 22
25 13
20 91
11 61
4 78
13 97
17 73
30 35
27 54
24 43
30 82
0 89
23 51
22 42
5 19
11 94
0 2
25 74
21 11
13 43
9 76
0 59
10 88
13 38
28 55
8 87
20 11
2 96
11 20
27 68
27 31
14 63
20 95
14 71
29 80
14 29
20 18
7 12
15 54
29 15
4 29
28 67
28 27
10 57
16 16
22 3
12 76
22 2
18 74
9 99
7 27
16 89
15 85
12 98
10 54
3 22
0 19
17 57
15 7
22 74
12 93
12 78
25 66
28 99
5 22
23 14
5 51
26 77
14 14
11 9
6 13
3 92
18 22
4 92
7 68
3 18
22 36
10 24
18 63
10 64
9 87
24 31
7 29
3 54
23 77
6 67
17 35
7 18
8 89
1 2
17 68
0 33
2 25
13 15
30 7
12 27
3 92
6 45
0 59
17 61
5 5
29 21
3 99
21 34
3 23
22 11
18 37
20 80
18 90
11 83
15 40
17 5
30 19
20 53
7 89
3 10
27 22
24 45
12 69
25 93
0 15
13 46
10 18
25 98
10 35
24 21
15 15
11 39
25 35
11 56
18 92
26 16
23 20
6 51
22 93
8 41
23 27
18 49
12 81
0 32
29 86
28 82
17 35
1 84
29 48
21 64
26 75
1 42
30 16
23 38
27 67
12 71
30 40
25 9
25 24
12 29
21 13
9 16
22 84
26 14
7 34
11 91
16 61
15 75
21 82
27 20
21 87
7 51
2 12
23 100
9 75
9 78
0 77
6 11
20 75
12 22
15 10
10 76
20 33
2 51
25 66
8 14
9 31
18 12
26 44
11 91
3 32
22 95
17 23
26 86
9 26
6 61
27 49
28 34
16 93
4 8
28 64
9 50
17 17
5 75
9 99
26 93
12 30
16 56
13 49
27 51
25 29
4 81
1 66
25 92
27 14
27 77
15 90
25 90
23 75
24 34
14 94
2 14
20 21
6 14
25 88
7 37
30 62
9 84
28 2
9 78
20 29
10 45
20 23
14 25
5 73
18 51
8 48
6 15
18 9
25 42
25 42
9 86
29 70
1 34
26 79
1 15
10 75
17 7
21 91
3 28
26 93
4 61
19 77
8 57
14 9
1 37
22 20
3 18
3 19
18 71
15 86
13 63
6 95
10 96
17 28
15 79
3 92
30 65
23 43
28 39
5 98
4 42
20 22
3 74
15 11
13 89
24 56
2 12
5 3
6 25
21 4
11 90
26 24
21 36
11 90
11 15
17 44
11 58
16 97
8 21
22 15
27 74
15 64
10 95
13 74
28 49
7 23
11 48
18 71
21 70
8 19
9 95
4 4
25 27
15 77
25 96
14 52
30 91
0 35
30 53
22 30
13 89
8 97
26 31
4 19
27 19
3 87
9 25
21 51
12 6
19 42
26 6
13 89
25 91
12 34
2 70
30 100
29 28
24 73
27 93
8 68
28 81
3 2
1 43
18 86
25 49
19 76
20 94
3 53
4 13
14 49
22 85
0 20
12 5
15 89
6 33
30 34
28 31
4 67
15 19
27 90
7 75
24 30
30 89
6 35
24 80
11 68
9 83
12 78
16 8
9 58
10 10
25 28
22 10
7 52
0 2
8 10
27 74
21 88
19 73
16 59
3 34
21 66
19 98
18 46
14 37
27 84
7 59
26 24
24 98
8 66
27 1
22 57
7 56
12 42
9 67
2 61
9 53
5 31
21 59
22 9
24 50
14 24
23 7
4 22
28 6
22 59
23 56
14 24
0 51
21 57
18 16
2 19
5 19
17 67
4 86
12 15
13 37
20 16
2 63
0 5
14 22
25 57
8 44
5 74
29 44
12 23
20 79
5 80
2 32
3 71
4 38
2 58
0 53
5 39
23 85
15 81
22 50
18 83
14 1
11 16
0 8
10 15
16 52
26 27
23 92
6 24
19 73
28 23
18 46
3 64
30 54
22 25
17 32
27 65
27 80
4 96
25 5
1 78
26 49
26 66
8 11
7 33
16 69
9 14
21 21
4 38
11 26
21 44
27 100
8 24
26 19
21 33
2 93
2 52
13 1
30 92
17 59
22 29
13 52
20 54
26 4
28 9
10 14
3 35
20 100
15 39
24 18
4 71
18 4
1 3
26 60
13 60
22 38
29 67
12 58
1 30
10 13
14 42
13 70
6 21
10 81
15 66
18 90
12 93
22 11
15 19
12 92
22 62
27 73
25 53
21 64
27 3
19 9
17 37
7 15
21 52
17 19
3 92
1 85
0 28
2 50
7 28
7 82
8 30
10 38
3 93
9 39
19 11
14 84
9 17
26 67
16 9
29 93
10 19
11 9
4 28
26 46
21 38
0 87
26 11
28 57
14 52
21 41
1 19
20 40
12 15
28 29
10 12
6 95
9 4
25 7
16 47
12 17
12 35
4 55
30 43
11 9
10 70
2 65
24 29
16 67
13 22
21 25
13 68
23 62
1 57
3 59
24 54
27 47
22 5
8 26
24 68
18 95
17 85
29 60
6 65
3 84
5 92
1 57
23 85
3 87
15 39
5 54
18 82
5 90
26 77
16 14
25 59
16 45
12 95
26 28
29 52
22 47
27 23
23 23
8 97
9 26
25 5
29 69
7 29
6 19
23 80
30 92
28 66
8 83
17 63
22 7
19 50
14 3
22 80
24 77
5 33
27 69
28 44
6 23
26 53
9 28
3 16
26 14
18 75
0 43
6 73
14 50
24 66
19 9
10 22
15 84
28 46
30 91
27 100
26 75
6 26
23 12
24 40
22 6
20 76
12 23
8 45
27 37
23 97
22 59
11 77
25 7
11 46
7 49
2 7
23 95
18 45
2 21
26 34
6 95
7 36
12 60
14 75
0 1
16 34
23 16
12 32
21 43
6 76
29 80
6 16
5 14
14 65
16 25
22 44
0 23
14 33
8 40
11 41
29 28
20 32
17 36
4 14
4 35
23 45
20 9
20 86
11 36
17 29
7 44
15 72
10 13
12 71
11 12
8 1
6 36
4 97
3 93
5 65
26 4
30 61
0 80
12 18
5 81
23 25
15 33
15 54
27 69
20 41
0 93
30 58
13 99
17 16
28 38
26 61
7 54
8 70
6 73
10 86
30 24
30 31
7 17
7 34
19 49
6 55
6 64
18 40
20 81
1 16
24 51
20 16
2 68
1 45
25 59
7 13
1 18
4 75
24 43
25 28
3 44
30 57
7 29
5 57
0 56
20 71
13 20
6 66
18 36
14 60
16 90
0 84
1 57
1 85
26 92
27 100
23 61
19 22
12 87
21 55
30 58
26 66
15 42
20 39
22 85
8 70
18 68
0 21
19 5
5 36
25 90
24 3
4 45
26 62
27 50
27 63
29 5
6 31
4 60
11 8
9 49
8 74
28 47
11 56
26 100
4 33
8 61
14 87
25 95
1 62
16 92
18 31
23 77
17 89
16 89
1 3
16 40
11 71
18 20
26 27
18 39
12 92
20 37
21 23
10 97
24 21
2 94
28 64
3 98
11 3
27 72
8 18
10 10
25 59
27 43
16 50
29 4
10 43
5 1
14 7
18 78
7 64
8 14
9 48
1 28
7 47
7 42
27 61
4 86
7 48
25 92
7 83
20 94
22 100
26 74
24 26
22 29
21 73
10 92
29 24
15 66
1 39
30 1
3 99
24 55
4 78
17 88
29 89
30 97
6 64
24 5
14 47
30 70
5 83
14 58
25 40
7 35
6 73
9 82
20 8
4 21
17 91
30 35
15 39
22 94
12 56
28 95
2 7
12 47
0 31
18 30
6 35
14 25
7 55
28 59
15 4
26 42
3 46
1 6
12 32
29 40
26 68
28 70
8 37
10 89
16 7
13 62
17 86
25 69
24 26
25 38
23 26
27 54
20 38
8 26
6 81
21 74
8 26
12 34
26 58
12 19
15 57
12 21
8 80
18 81
21 85
15 42
22 14
3 48
14 59
4 71
0 63
26 85
10 44
8 24
25 63
13 15
15 28
27 40
10 66
0 45
30 86
19 27
29 97
12 65
12 97
3 21
19 94
9 2
1 10
6 1
3 84
2 100
7 96
11 56
12 22
17 35
27 61
10 9
12 59
17 60
8 1
28 21
15 59
29 57
14 70
23 52
25 16
9 77
14 32
21 91
26 64
25 95
4 16
11 57
17 21
0 50
17 89
4 97
24 15
26 49
15 18
23 65
8 64
9 48
26 33
29 68
7 59
6 87
27 39
25 83
1 29
7 73
25 41
4 34
6 94
11 100
22 38
20 10
15 52
26 9
23 100
15 78
30 90
6 68
25 8
12 32
27 52
29 86
12 34
14 72
9 3
20 9
28 44
27 37
17 30
24 8
4 31
9 4
30 5
7 70
28 45
20 57
25 51
23 81
28 53
24 45
3 14
14 16
7 98
15 34
29 30
10 100
1 90
3 54
12 40
24 4
9 43
28 15
17 34
24 11
13 27
1 61
26 24
3 35
13 62
8 75
14 27
11 47
17 47
21 9
22 55
3 86
9 85
19 18
6 94
14 75
13 71
11 69
26 65
12 38
14 15
1 17
1 6
19 46
7 3
0 37
5 16
4 38
11 18
7 92
23 96
8 24
25 83
0 52
23 32
19 10
3 36
0 4
23 22
20 53
5 95
11 14
25 97
27 95
25 51
11 61
20 43
25 97
1 12
30 85
23 94
13 56
20 12
25 23
12 27
10 29
12 88
15 63
23 79
12 23
8 78
4 80
17 10
8 69
19 21
21 36
20 39
3 82
21 89
22 63
10 51
30 22
22 26
9 98
14 23
15 10
24 11
8 26
13 50
18 81
18 19
10 7
5 71
5 100
18 89
20 52
6 23
1 28
20 19
4 43
5 30
10 98
15 89
6 69
2 19
19 86
23 90
27 91
8 26
15 87
30 56
22 1
18 10
24 22
24 3
16 83
24 52
29 84
22 32
20 57
16 66
24 45
13 56
21 60
1 53
5 2
3 12
29 81
5 49
13 53
22 40
18 7
14 82
10 66
0 1
7 16
1 7
16 20
24 55
0 1
21 77
15 46
29 49
5 89
29 67
14 45
16 27
29 57
29 37
4 63
25 35
20 83
17 86
14 26
11 13
20 95
28 76
16 56
12 49
2 76
1 67
6 44
21 36
23 49
2 69
9 46
15 20
22 16
9 82
29 68
9 14
11 99
28 51
21 73
5 95
10 25
25 95
8 75
28 14
30 44
21 17
8 46
19 71
27 52
4 83
14 27
27 29
9 35
23 66
15 97
15 8
18 42
0 98
10 72
18 35
20 32
9 33
12 86
15 15
2 15
2 90
1 84
8 6
28 47
15 26
23 19
13 53
11 36
29 27
4 38
5 70
14 3
14 32
15 90
5 55
11 67
5 55
21 45
11 12
9 63
2 67
30 79
19 36
2 93
1 4
6 25
0 34
18 88
29 27
25 41
15 10
26 77
1 23
28 9
25 100
8 52
13 83
5 22
21 52
10 31
29 84
18 36
30 46
7 85
26 92
4 12
8 39
11 30
3 57
30 17
22 85
6 74
21 44
24 57
10 5
21 71
3 37
17 81
10 96
4 45
6 14
18 79
7 10
26 100
20 58
16 2
17 59
24 95
28 55
11 61
25 68
6 31
17 32
18 14
25 66
8 20
13 90
3 85
17 43
1 56
11 69
22 27
10 10
18 6
28 95
30 46
6 1
4 73
12 18
7 54
0 89
8 19
7 76
9 22
19 42
25 61
5 32
4 86
21 33
24 41
28 24
6 5
12 82
21 35
23 66
25 4
12 24
23 22
29 80
12 27
1 83
30 24
27 93
15 4
29 73
26 18
5 84
14 73
28 54
7 98
26 60
29 100
11 28
7 27
0 4
27 42
22 58
13 33
20 99
13 73
18 76
23 37
24 72
0 53
2 54
1 41
23 37
14 69
8 45
5 84
0 51
27 96
22 72
10 20
19 100
6 58
6 83
3 52
13 86
25 35
27 98
16 7
14 20
6 39
10 30
15 45
24 71
5 89
19 9
24 11
9 68
14 64
13 41
20 17
6 69
22 1
22 98
15 26
0 45
29 62
8 61
30 62
21 78
15 26
16 33
6 80
5 97
7 44
26 11
16 24
19 59
30 10
21 83
21 49
26 55
30 81
14 89
18 70
17 71
19 4
13 34
14 48
27 44
16 42
18 19
10 16
22 26
7 24
5 25
14 43
26 67
27 56
16 75
9 70
13 16
29 80
13 71
3 65
6 76
8 17
26 87
24 32
18 86
7 84
3 49
12 1
26 47
27 98
27 4
22 75
6 57
0 22
2 28
19 86
0 8
0 63
19 65
19 25
21 13
22 63
19 30
26 48
27 89
27 54
17 69
3 50
28 100
30 44
5 7
9 67
2 54
4 84
15 78
7 62
11 16
24 92
12 27
30 6
14 32
3 36
19 17
4 50
7 70
15 36
24 13
6 98
12 89
3 4
8 23
21 56
3 5
23 93
25 48
28 95
1 99
1 83
11 88
5 51
21 6
9 68
6 24
11 81
24 49
30 47
29 70
23 19
15 33
27 97
26 7
12 62
16 73
1 33
2 29
29 40
1 32
4 98
8 34
20 82
21 12
14 60
27 8
16 48
21 42
14 2
24 45
21 70
29 48
29 37
5 11
13 46
23 76
28 3
10 97
28 55
27 15
10 78
13 92
11 72
16 22
12 11
12 12
18 30
21 60
8 73
15 42
7 69
5 96
11 74
26 32
13 67
27 51
13 82
0 76
14 38
2 18
3 6
9 50
0 11
18 61
22 76
2 59
11 49
21 55
25 81
30 7
16 50
27 4
16 40
20 13
27 65
11 71
16 77
25 81
27 95
22 51
17 64
27 66
27 20
7 88
18 75
23 63
3 81
27 38
11 74
22 21
25 85
26 94
1 60
30 75
24 71
21 61
13 28
4 42
7 43
7 66
28 2
5 10
21 84
1 95
15 92
17 74
30 58
16 61
13 76
12 43
17 54
23 55
14 18
27 36
30 73
8 70
17 54
16 33
10 57
17 89
22 41
10 38
16 51
18 26
15 16
8 5
23 100
5 48
17 16
10 3
18 52
7 13
12 49
3 79
27 80
22 90
17 57
24 54
16 81
4 74
0 23
29 11
13 76
4 78
10 72
14 62
11 52
16 39
29 8
16 83
26 50
0 97
1 67
21 43
21 99
8 82
9 14
18 60
12 46
18 90
13 66
19 24
18 98
3 37
23 2
10 96
29 47
1 3
3 54
6 47
18 99
21 90
11 6
29 7
23 52
3 73
22 67
22 90
27 77
13 27
1 84
30 24
9 23
5 24
29 16
16 14
11 43
26 91
12 47
9 80
19 13
6 34
7 67
9 10
1 97
10 71
11 6
17 43
17 39
1 26
11 52
23 18
25 95
11 9
30 1
2 80
6 94
6 78
6 41
1 12
14 73
27 58
15 6
2 39
1 25
2 7
28 97
9 51
15 61
0 59
24 52
20 97
1 13
4 24
17 64
20 46
25 31
22 55
23 47
24 84
29 34
18 73
27 61
26 25
20 100
23 100
27 21
7 8
12 29
25 35
5 16
5 42
15 69
4 46
14 53
1 23
9 88
12 27
1 27
9 48
12 57
28 76
2 14
14 14
20 45
25 24
2 1
10 37
15 11
16 54
20 67
25 44
2 7
9 88
9 37
8 23
3 66
4 30
9 73
21 17
23 90
30 42
11 74
21 82
17 58
14 4
29 31
15 7
29 96
26 3
24 66
12 12
11 13
15 4
23 83
22 34
23 84
21 45
28 33
30 83
20 43
7 94
19 54
12 89
25 13
12 2
8 21
7 17
21 5
9 96
21 100
27 13
27 93
19 30
21 51
18 79
18 65
24 80
4 59
1 12
29 99
14 8
18 98
22 42
14 37
28 99
2 24
2 60
4 41
7 86
6 35
11 11
18 81
10 57
13 78
26 42
4 64
8 5
11 13
14 10
30 56
9 58
16 37
9 72
25 5
29 55
11 13
14 40
16 44
18 46
17 98
6 70
16 3
1 45
24 86
24 61
21 76
11 91
13 68
22 5
25 18
13 81
10 55
25 69
17 4
7 1
3 38
13 62
21 62
11 78
10 7
3 87
29 41
13 10
28 82
28 26
28 59
18 99
28 61
30 18
5 77
21 67
22 88
27 36
7 65
15 29
25 47
30 61
24 91
26 68
11 49
13 28
13 50
12 47
30 75
10 48
15 19
18 88
0 36
19 74
7 7
0 87
22 95
5 93
22 4
12 56
21 27
12 98
29 93
19 36
7 57
17 89
12 5
13 89
22 15
22 61
1 63
5 53
2 93
15 82
17 71
27 15
24 26
1 11
2 46
29 46
0 79
11 50
30 11
27 28
13 63
26 10
9 84
4 99
27 100
18 77
11 40
28 31
21 97
9 90
19 61
15 13
17 77
17 19
11 64
30 89
18 29
6 80
27 22
30 99
13 61
6 30
19 38
14 65
7 10
30 96
13 70
6 15
15 23
28 14
30 61
9 81
10 61
17 15
27 78
25 62
7 79
3 47
12 41
8 94
10 92
2 88
23 80
13 50
12 82
29 49
17 87
22 71
18 74
16 34
10 92
12 57
5 5
3 9
7 100
30 53
0 38
11 57
8 62
28 46
19 53
18 53
22 6
1 14
22 47
7 50
20 62
12 99
26 98
1 18
30 55
4 60
9 31
2 32
22 30
13 21
22 45
28 6
14 65
29 65
27 73
20 77
2 24
3 59
25 64
8 70
24 68
17 3
27 36
4 46
10 89
15 40
18 80
30 59
28 84
18 14
9 28
15 32
4 3
4 85
20 88
29 58
24 70
25 4
20 15
27 12
10 26
1 34
28 47
21 83
17 74
8 94
26 54
6 50
16 63
23 1
27 33
24 65
7 83
28 26
5 31
13 5
5 88
14 16
27 20
1 87
3 56
25 54
29 51
11 27
13 92
25 68
12 52
21 18
20 6
12 45
7 19
12 68
27 44
8 91
7 79
8 76
20 74
28 41
6 10
7 29
25 20
2 36
24 34
16 82
14 71
7 79
9 64
29 22
29 70
28 66
23 76
24 79
19 30
30 26
22 35
0 22
6 8
0 67
3 93
9 17
17 25
16 42
17 11
21 68
7 2
2 49
18 24
25 30
15 21
7 40
13 13
7 35
0 83
29 81
12 36
20 19
13 43
6 20
17 36
15 6
17 6
9 57
0 5
27 94
3 55
0 60
4 2
25 25
15 58
12 69
19 28
14 90
24 72
15 52
27 85
26 100
15 33
26 28
14 14
17 23
20 72
21 59
21 83
0 58
2 62
2 59
9 15
1 3
0 40
16 40
27 34
20 69
8 17
28 86
14 78
12 27
2 45
2 22
15 28
12 62
25 98
5 18
3 53
22 70
17 35
10 45
11 74
9 15
29 17
1 50
15 75
7 47
26 51
2 45
8 8
7 66
7 87
30 21
27 3
16 45
11 27
24 14
20 88
22 71
28 65
11 56
4 47
13 51
10 20
5 73
28 11
2 66
17 16
21 77
19 7
25 58
11 39
21 77
18 97
17 83
25 37
12 62
24 86
9 43
6 47
9 71
15 74
1 6
8 85
6 67
18 58
30 29
28 77
20 20
29 80
1 48
17 26
16 70
1 55
14 92
2 65
29 91
5 90
27 18
29 62
29 34
6 15
14 92
19 16
20 25
2 6
7 69
28 21
7 72
23 56
21 36
17 63
11 20
13 8
30 67
12 36
19 59
25 3
25 66
26 88
24 36
0 75
2 38
5 92
3 37
21 21
24 13
23 64
12 6
0 49
21 98
6 1
28 21
28 77
17 61
22 42
30 35
19 7
10 64
7 10
9 9
24 42
3 32
25 28
25 59
0 88
30 22
27 83
22 88
10 30
16 45
8 64
18 99
0 62
6 73
6 4
17 10
18 61
8 70
5 30
23 87
0 69
28 45
1 38
24 87
24 70
16 3
25 40
6 100
16 53
14 28
18 85
16 85
13 8
21 7
5 15
29 42
13 87
18 36
21 25
19 34
29 14
4 12
22 42
29 29
1 52
26 44
23 100
3 10
25 87
28 21
2 75
21 38
13 10
26 64
12 11
13 95
3 46
17 67
7 80
30 82
2 44
16 87
8 98
