100
14 72
8 85
21 43
17 22
29 33
24 94
13 83
2 94
0 69
9 32
14 44
1 79
4 17
9 10
8 86
23 76
3 20
25 40
5 95
22 70
13 42
22 94
27 98
25 36
1 42
3 85
25 39
4 100
16 32
6 73
23 76
2 82
23 99
25 38
3 52
30 4
27 86
1 29
0 17
4 95
20 5
28 81
11 84
28 81
12 71
10 65
5 94
19 1
19 11
11 41
18 18
13 94
22 33
13 59
0 6
16 2
26 42
10 28
12 44
9 84
20 68
12 24
3 5
15 6
2 2
4 20
7 8
3 42
30 42
18 85
25 99
4 86
10 54
18 13
13 4
7 80
14 3
24 83
29 98
3 97
4 97
12 97
9 75
14 60
2 48
7 66
13 88
17 57
29 81
7 25
8 12
17 93
22 28
12 13
27 58
0 19
8 55
21 56
29 81
0 52
22 41
9 48
27 81
10 35
29 67
22 8
3 13
30 35
14 69
16 95
4 9
14 56
9 81
4 85
3 89
21 91
2 25
30 83
19 49
11 65
18 48
28 87
10 72
15 38
30 12
4 4
7 81
19 91
27 38
30 84
6 36
6 49
6 9
14 72
17 11
28 52
12 29
10 58
3 77
13 63
1 54
28 38
23 49
0 59
0 29
16 34
6 84
3 14
3 99
1 91
5 18
25 37
24 42
4 14
17 3
19 85
25 35
25 23
30 90
10 57
2 88
3 57
27 71
16 27
16 26
4 98
2 1
15 87
19 28
29 91
16 61
17 6
29 98
4 34
1 42
1 88
14 94
15 67
30 51
23 30
1 92
8 47
25 70
1 58
12 97
17 92
7 14
27 19
24 56
10 85
4 50
23 56
12 3
26 40
24 69
14 99
29 36
16 11
19 16
5 59
25 17
7 7
13 14
7 34
15 86
19 31
4 55
23 91
21 39
2 24
25 37
26 59
4 17
8 78
23 98
6 12
4 29
26 58
27 13
19 100
25 68
12 78
24 67
18 47
16 62
13 91
19 73
0 62
30 14
22 38
19 97
26 41
3 90
29 91
29 9
27 39
13 87
4 12
25 31
19 97
2 68
30 36
6 34
22 95
2 55
8 34
5 94
12 74
23 83
4 70
16 64
27 20
13 61
15 56
15 10
23 37
7 65
10 53
0 32
12 46
6 3
19 16
9 80
2 4
10 90
26 9
24 2
13 41
20 74
15 49
26 33
26 71
26 1
22 29
26 80
25 6
14 13
6 84
17 18
5 34
9 98
9 11
19 59
23 32
10 75
3 20
18 34
19 20
28 68
10 97
18 8
17 86
22 72
16 51
4 31
5 62
25 49
26 65
16 89
20 71
23 44
7 59
3 39
24 100
11 48
24 24
28 1
20 47
8 32
14 86
15 74
25 26
21 8
18 57
9 87
20 56
25 24
14 81
10 63
3 99
25 67
9 57
2 75
28 81
8 52
18 3
19 13
28 36
30 2
24 20
12 41
5 45
28 47
5 87
30 53
17 13
9 29
13 61
9 61
6 72
1 48
6 100
28 62
7 36
1 33
20 55
22 77
26 69
0 85
1 44
3 19
15 23
2 48
21 45
30 31
15 49
29 12
26 61
25 81
8 73
17 98
19 70
11 79
2 30
11 94
0 17
14 27
3 96
4 99
25 7
23 9
15 95
17 90
0 93
3 56
18 67
17 7
11 18
16 1
27 56
28 19
18 95
4 76
16 33
17 19
20 82
4 76
19 78
5 64
1 88
1 55
15 82
28 69
5 70
29 91
12 4
3 29
12 38
10 69
29 2
27 58
3 45
28 39
6 4
18 89
6 70
20 75
5 52
11 27
15 20
24 93
30 5
30 73
14 35
15 3
11 6
12 74
13 98
3 12
11 43
30 16
18 67
6 52
21 55
24 19
12 86
22 21
3 99
23 13
28 99
15 100
9 55
1 60
19 40
20 74
18 91
10 46
5 8
9 86
15 60
12 68
30 99
22 21
10 38
3 84
9 20
18 77
22 35
1 65
12 56
28 79
2 15
0 98
30 20
2 74
27 38
11 25
17 56
27 14
12 88
20 13
0 98
4 48
16 56
24 51
8 88
25 45
22 26
21 86
3 9
3 73
0 94
9 63
13 21
4 56
0 66
6 81
14 51
9 73
22 66
7 89
8 83
27 73
20 48
9 10
2 43
7 18
2 2
5 37
15 93
12 5
16 18
23 50
20 13
8 97
6 29
6 60
0 27
24 100
18 9
7 57
27 15
10 11
1 85
6 95
8 40
21 73
30 95
9 26
24 99
21 89
9 25
3 42
6 71
3 90
19 7
8 43
20 46
3 59
29 18
10 67
10 33
23 10
3 88
0 33
19 62
14 75
15 12
2 62
4 48
24 44
6 38
22 86
16 26
12 26
28 78
22 1
5 64
11 37
8 36
1 85
2 12
12 12
24 28
19 73
29 51
10 68
6 62
24 42
29 8
21 34
15 16
16 3
10 99
14 49
26 87
14 41
22 23
23 95
3 13
17 48
30 74
25 88
27 26
26 22
8 70
9 67
8 33
29 25
2 100
29 73
16 23
13 86
29 14
0 44
2 25
30 38
4 28
28 46
18 62
9 78
16 94
7 10
11 20
21 20
19 77
4 42
15 6
3 65
27 24
15 99
28 10
18 36
30 82
12 55
1 98
13 9
14 6
24 99
13 88
9 57
13 99
27 79
13 39
2 89
21 72
3 78
25 18
24 16
16 97
17 53
4 32
28 12
4 21
18 33
16 44
28 80
7 55
20 7
28 86
24 53
4 20
4 100
13 55
12 91
13 6
12 87
24 81
29 29
12 45
3 32
5 52
28 19
16 66
3 39
4 30
16 61
21 1
1 27
30 73
6 7
3 73
0 2
24 100
17 56
27 73
0 82
1 42
8 93
30 21
10 76
25 62
30 15
27 94
1 46
27 47
15 28
18 82
20 24
8 78
15 44
9 54
9 22
12 22
20 5
24 6
22 78
4 20
13 74
13 45
23 8
1 21
16 98
9 40
4 25
17 37
27 98
23 11
5 47
6 28
6 27
21 60
0 58
8 90
10 73
24 11
26 96
25 47
19 77
5 19
9 93
8 11
25 28
2 89
1 59
16 41
0 22
9 41
1 91
4 46
13 15
18 98
5 35
0 35
1 83
6 8
17 44
24 47
1 29
9 88
1 20
19 35
1 23
23 7
29 85
7 90
6 75
6 92
30 78
5 95
0 26
3 92
16 27
22 59
9 28
4 67
25 71
25 95
25 100
13 33
19 44
2 63
3 74
5 28
0 55
19 90
7 39
7 33
23 62
4 85
14 23
26 91
10 57
0 78
13 71
18 19
15 68
8 96
14 30
28 8
26 12
24 42
16 42
17 29
20 69
15 11
12 75
14 59
14 48
29 48
28 25
27 78
6 32
2 87
29 32
26 68
1 27
12 49
28 96
26 43
8 70
27 32
26 63
25 17
21 30
6 46
19 28
0 79
27 74
1 11
28 77
3 43
16 75
20 53
9 50
8 66
17 79
23 60
10 53
29 56
4 52
27 4
17 44
25 7
20 84
11 70
24 3
26 96
15 12
14 80
16 86
15 3
30 26
16 23
17 95
13 90
7 29
0 86
15 76
2 92
3 11
25 9
7 89
13 7
1 30
2 14
16 95
18 41
1 27
17 20
5 15
12 77
8 24
19 37
29 87
24 45
22 66
25 74
2 80
11 86
24 35
8 39
0 65
8 14
10 90
15 52
8 21
25 93
9 75
16 22
17 45
18 30
11 54
24 21
18 41
21 4
22 15
13 88
28 72
2 15
10 34
9 3
5 84
13 87
1 36
11 15
2 98
25 66
19 28
22 54
10 72
3 91
9 14
26 88
25 6
12 63
10 75
5 13
16 14
27 30
2 49
28 37
2 67
13 73
15 77
13 71
13 4
1 38
27 75
15 13
2 28
0 22
27 12
27 56
19 62
17 30
2 55
21 89
8 38
3 51
6 89
19 11
29 1
25 59
20 41
30 1
3 80
0 1
13 97
13 27
0 1
20 55
30 32
26 4
5 68
30 20
17 39
28 41
23 96
17 25
16 32
14 76
27 8
10 32
17 81
24 70
18 36
29 46
28 24
29 47
7 36
20 84
5 7
10 65
11 17
30 58
13 27
4 37
19 37
11 25
7 59
14 8
4 89
7 100
0 1
16 52
22 36
2 67
7 82
30 65
12 50
0 10
26 42
16 14
3 22
28 35
27 95
9 16
1 29
27 27
7 2
22 27
12 46
3 53
14 25
7 47
26 44
16 89
22 13
21 44
15 64
0 42
28 20
8 10
10 83
11 31
6 82
10 56
30 10
25 32
9 63
20 45
25 57
27 50
20 84
2 59
4 69
21 88
30 57
4 62
30 37
5 10
17 34
17 18
5 94
3 74
28 65
13 18
6 94
5 47
25 98
30 83
1 27
18 16
13 48
26 54
8 26
21 74
21 75
15 22
16 55
21 70
4 1
24 98
19 37
11 18
5 77
4 84
6 10
1 89
2 7
6 32
17 34
16 48
5 1
5 81
15 10
6 49
1 63
30 43
13 78
17 44
30 40
17 44
23 48
5 70
18 97
14 24
9 23
20 37
6 41
4 88
11 1
14 40
18 23
17 23
8 35
24 25
6 9
16 17
1 63
13 42
1 27
29 78
15 48
20 18
30 13
21 60
5 9
8 41
21 4
14 9
16 4
5 5
28 49
20 31
26 95
8 26
14 43
29 44
13 42
11 61
22 1
22 76
3 3
28 39
2 61
2 83
22 10
22 57
8 99
24 96
13 4
28 8
30 49
23 54
22 67
8 6
24 94
27 32
0 90
24 56
13 26
28 90
19 7
9 33
24 97
25 72
30 94
9 27
2 89
18 30
6 3
16 31
20 90
3 86
18 46
14 95
14 86
4 67
3 44
13 85
24 33
22 75
2 49
10 98
5 57
4 51
13 4
23 84
21 72
10 21
28 90
28 31
8 18
8 54
17 77
3 6
12 69
6 97
18 63
3 36
0 71
21 56
2 34
15 10
21 60
7 42
13 13
29 53
24 73
2 8
6 49
17 62
5 78
6 76
23 14
9 13
3 47
17 29
30 65
10 27
22 84
16 88
2 75
28 77
29 6
28 82
19 91
5 46
12 92
17 35
7 78
3 83
12 25
9 74
13 73
7 18
23 62
13 31
23 34
0 73
9 76
14 89
7 12
6 66
10 73
25 49
12 48
18 20
4 10
4 6
15 96
22 37
28 90
1 61
5 24
9 26
29 66
5 46
11 63
14 79
13 8
14 75
18 21
15 79
28 63
1 98
23 9
23 85
27 43
2 10
20 71
6 2
2 87
16 8
26 47
8 40
6 6
18 33
24 29
3 53
4 87
23 83
16 2
11 15
14 11
16 56
5 67
30 58
23 15
21 14
4 54
6 64
0 67
3 13
4 6
26 98
17 77
8 4
6 93
30 12
6 62
28 2
2 80
7 20
1 76
17 89
10 23
18 35
26 60
3 26
7 1
4 62
21 29
9 60
13 82
7 66
11 94
27 46
17 91
8 48
17 47
1 34
26 14
8 92
24 66
10 93
6 65
10 53
15 88
28 97
28 42
30 78
4 6
21 22
1 72
27 45
3 22
8 20
29 95
2 36
9 52
15 9
12 84
26 13
5 21
6 44
28 44
9 30
20 42
30 35
9 43
15 18
29 95
0 83
23 67
29 9
17 96
6 79
1 44
25 28
17 78
8 45
19 17
7 73
12 46
6 62
29 59
28 6
17 2
13 25
19 49
23 41
26 38
13 78
21 23
3 56
24 18
17 73
27 36
9 95
23 47
21 91
11 60
6 8
16 7
24 77
3 28
1 29
17 23
30 63
11 99
29 54
22 78
4 84
27 32
29 70
5 13
29 2
30 13
26 67
0 32
30 25
2 10
15 36
5 21
11 65
15 27
8 66
0 67
11 64
9 70
15 64
5 10
7 31
22 61
22 42
23 18
27 47
17 54
10 52
12 94
29 1
15 58
2 9
15 97
27 44
17 17
26 48
24 26
1 21
9 90
18 92
4 91
2 79
29 97
27 10
27 34
11 42
21 96
11 65
29 15
0 73
17 29
13 64
4 71
2 42
1 64
16 13
14 35
15 52
18 80
12 53
4 66
6 92
16 6
23 66
25 37
16 64
12 89
24 96
25 72
15 56
4 24
19 66
25 46
21 94
9 88
15 97
14 85
6 59
14 73
18 7
6 57
5 2
21 69
13 42
27 91
3 89
0 72
7 63
29 47
19 6
5 89
2 97
4 79
3 20
2 24
13 36
26 4
19 49
21 42
6 79
7 25
26 29
27 35
11 50
24 68
16 4
6 39
11 79
23 44
25 92
24 49
17 5
19 10
15 40
7 16
24 61
30 23
27 81
26 18
28 93
26 87
12 25
15 71
1 97
4 22
16 35
1 71
1 91
14 85
10 60
30 41
25 73
27 68
26 37
13 25
11 35
15 48
22 30
25 12
22 62
9 9
25 85
29 38
10 86
16 21
28 61
21 4
9 77
12 19
9 87
11 41
26 93
0 49
14 48
0 21
28 70
22 66
25 9
27 14
19 97
1 100
20 24
21 45
22 18
25 88
1 65
8 66
6 10
14 55
28 17
10 55
27 8
19 35
16 20
0 31
24 1
26 22
11 87
16 73
20 58
15 74
24 68
13 33
20 16
20 89
2 64
23 17
12 99
28 80
13 100
30 26
3 94
5 40
30 7
11 23
21 90
15 69
0 20
27 68
8 78
9 95
20 71
28 45
1 88
0 4
10 38
17 73
5 99
8 2
18 33
29 17
26 80
1 62
6 65
15 78
15 1
22 66
29 39
2 61
30 63
27 73
27 9
19 80
28 36
0 55
21 87
21 8
10 15
29 80
28 1
19 86
20 58
5 52
2 17
4 73
2 41
13 31
16 17
10 40
9 48
13 79
1 13
9 56
20 69
17 38
26 25
17 61
12 20
29 23
21 44
29 79
6 29
7 35
30 30
16 7
17 89
15 32
0 28
5 51
18 40
20 46
24 5
24 43
13 95
22 47
27 53
11 6
1 8
30 34
27 90
29 100
25 35
24 79
21 7
1 26
24 87
15 25
3 92
6 29
21 99
22 58
17 23
25 53
20 94
18 27
7 43
28 51
9 17
4 27
11 42
7 2
18 78
5 7
8 43
12 86
0 54
16 27
0 16
9 91
18 71
10 1
15 69
4 40
8 52
21 77
11 60
8 55
7 6
12 14
7 50
11 85
10 33
17 61
18 72
2 43
22 85
3 89
23 51
10 70
16 2
24 7
20 56
1 49
11 30
22 40
21 26
25 16
17 44
6 89
8 4
17 86
16 84
13 18
8 94
6 14
26 94
23 86
0 75
13 79
6 85
8 28
26 97
5 53
30 72
4 64
12 95
1 14
11 7
17 30
23 75
18 2
21 8
19 26
11 15
3 49
6 45
15 24
5 1
17 59
10 23
10 4
16 41
9 24
3 22
23 40
16 66
8 86
24 18
25 7
24 33
28 7
15 99
19 58
14 64
2 55
30 78
9 79
29 27
18 24
20 27
15 63
24 24
12 12
16 8
25 5
18 32
9 4
21 6
12 41
18 59
19 43
27 4
23 48
8 92
20 12
22 84
18 70
30 66
5 16
27 6
7 38
5 30
23 49
15 68
13 10
5 66
22 16
21 66
5 11
11 98
10 84
10 66
27 9
21 43
2 96
17 17
8 96
5 30
12 61
29 82
12 30
15 67
2 37
24 47
4 77
7 42
18 5
25 7
17 98
21 65
7 26
26 42
9 31
11 49
27 51
28 71
1 73
22 98
27 2
15 86
13 46
21 17
4 47
2 53
17 82
5 66
5 65
8 32
6 56
10 79
30 22
6 22
8 59
24 77
25 30
20 10
8 12
20 43
17 80
29 67
16 63
0 34
28 86
6 5
20 29
12 2
26 95
26 62
9 89
5 91
0 30
16 97
22 78
6 39
5 7
8 13
0 31
10 84
7 96
0 99
4 73
29 65
2 2
28 65
15 82
10 87
16 67
20 85
15 23
22 94
12 99
20 68
4 99
6 5
22 100
15 78
24 43
25 60
6 53
10 100
6 42
29 29
19 33
5 17
19 57
12 43
15 100
30 99
12 93
29 56
1 5
10 6
18 91
6 76
25 7
26 15
23 22
14 15
26 77
22 76
10 12
19 62
16 67
13 80
13 67
11 74
25 79
20 87
24 18
30 33
15 78
26 66
20 67
16 74
11 39
8 15
24 85
16 5
17 60
20 6
2 15
0 18
18 16
30 16
14 45
12 55
12 50
25 29
15 47
29 42
1 59
20 40
4 90
6 83
8 4
24 13
9 5
28 64
28 7
26 22
16 41
10 10
2 42
8 19
8 93
5 66
16 78
13 93
21 93
10 53
13 4
22 79
18 38
25 30
1 11
25 63
9 36
15 16
12 55
26 84
15 99
0 39
6 74
2 26
15 8
6 21
13 99
11 3
23 17
29 73
27 92
13 86
27 46
27 1
29 54
24 62
0 77
15 49
11 24
26 11
29 8
12 83
14 87
27 55
12 19
22 19
12 34
16 68
14 76
11 77
2 37
25 60
9 80
18 18
30 80
1 26
11 22
10 63
11 43
18 73
17 70
5 68
20 94
14 84
8 58
0 86
16 46
6 40
11 44
20 64
27 27
19 50
3 5
12 82
28 64
23 28
4 67
13 27
19 20
27 52
7 48
2 51
0 21
24 87
16 78
23 96
20 7
13 19
0 19
24 80
4 4
19 66
1 6
29 38
17 57
21 20
3 71
26 38
28 57
0 58
17 31
1 69
29 78
20 59
5 18
30 35
1 69
0 38
25 6
0 27
26 65
22 86
5 47
14 65
16 94
28 52
9 44
23 22
16 96
24 31
1 87
22 51
20 50
19 7
16 72
15 4
3 16
3 22
10 99
9 87
7 10
4 28
2 4
8 61
25 49
28 97
22 14
5 46
24 55
10 26
11 21
16 82
10 19
3 27
2 57
19 59
30 58
27 1
0 28
27 85
26 1
0 97
23 64
16 97
11 48
29 100
3 87
12 30
27 61
26 61
15 91
13 82
11 86
17 23
3 74
9 34
0 21
2 46
9 73
22 69
6 84
10 12
15 45
8 27
9 35
13 66
16 79
12 11
20 30
27 87
1 77
30 10
11 39
27 18
16 8
23 12
8 83
14 70
10 62
23 46
10 13
14 89
14 12
15 38
22 62
1 85
8 21
29 96
1 11
7 100
22 97
9 95
3 30
30 51
25 46
4 89
11 60
17 65
3 7
1 22
11 4
18 14
15 91
16 65
29 20
20 68
13 98
26 57
6 15
27 39
2 70
12 79
12 86
29 74
17 62
16 29
17 28
24 36
27 11
24 95
28 69
29 23
10 80
27 82
19 94
27 37
21 25
13 13
11 87
12 84
13 5
25 13
19 72
3 21
26 69
13 56
7 75
18 56
13 47
24 33
0 41
18 44
30 81
10 69
24 15
4 48
10 44
23 79
7 10
9 14
5 36
24 76
22 92
3 15
1 11
6 4
29 98
18 28
7 32
26 8
26 2
24 14
30 37
18 97
2 19
23 53
23 74
30 8
5 74
17 31
24 56
16 63
17 1
28 64
17 11
30 76
27 85
18 32
18 61
16 27
0 1
16 97
6 44
29 92
19 22
16 24
22 1
5 59
9 36
5 18
18 48
18 84
6 50
24 89
21 84
23 71
12 24
9 18
6 51
27 55
22 51
1 7
16 97
15 83
22 5
3 95
27 72
25 97
11 11
29 98
21 35
21 85
8 91
30 84
3 56
0 92
27 37
17 75
20 31
25 59
14 67
19 59
13 51
20 60
0 35
3 16
1 90
20 38
0 45
23 89
2 94
20 29
18 63
23 7
28 55
17 3
19 84
9 24
20 95
4 70
3 64
9 6
3 32
14 19
12 83
17 57
26 23
16 67
0 73
1 3
2 43
16 45
15 58
15 38
22 28
24 49
28 10
14 3
24 98
14 67
16 99
7 69
17 85
8 70
19 13
24 43
18 1
18 52
1 78
28 55
28 76
27 89
6 15
14 80
25 96
2 25
27 63
7 80
26 2
22 6
11 69
17 30
7 16
7 74
12 26
19 52
15 71
26 23
18 37
17 37
22 50
2 50
21 3
15 63
21 44
8 38
19 77
2 23
12 99
27 13
9 99
14 68
29 63
23 14
7 9
6 56
5 3
18 99
17 93
1 32
30 34
10 43
25 45
21 75
29 55
20 33
28 38
4 65
11 30
15 31
22 18
5 98
27 64
28 23
11 9
15 31
15 23
16 69
27 76
10 96
30 40
11 42
8 90
5 61
22 76
23 80
15 78
29 90
22 1
25 21
10 16
25 64
28 28
20 34
17 53
25 62
14 15
2 24
8 90
6 84
14 55
11 45
4 70
11 100
10 3
2 82
11 75
12 71
3 42
7 3
8 45
0 87
21 50
16 9
0 51
6 77
22 68
17 43
27 85
14 40
8 19
7 41
23 70
24 88
28 51
19 4
8 97
25 44
22 89
22 8
11 43
23 13
8 59
12 83
29 65
8 34
9 86
13 53
27 41
11 43
19 21
4 94
9 62
18 71
11 93
18 4
29 52
2 19
11 33
5 23
13 37
30 16
6 35
9 47
0 47
30 43
8 37
0 21
29 23
15 57
25 74
11 46
30 93
8 80
16 35
13 58
4 82
4 50
17 19
3 46
3 38
27 78
26 60
27 57
25 35
10 63
18 59
22 100
28 9
23 23
20 2
29 26
24 84
13 90
28 77
18 12
17 94
26 33
17 66
1 30
7 90
9 93
5 29
1 92
3 83
15 61
13 19
13 50
1 28
2 99
29 18
11 18
2 9
21 53
17 28
1 36
6 31
26 86
9 55
24 86
7 39
3 81
22 86
15 99
30 88
3 46
1 44
7 32
7 53
10 99
19 93
1 76
17 84
26 29
19 6
22 7
3 44
17 18
9 37
29 52
30 83
21 8
14 14
11 44
25 98
12 60
4 31
28 83
0 95
15 81
16 6
10 34
16 85
17 93
13 61
8 6
22 37
22 48
19 5
1 70
8 9
19 79
3 77
19 96
9 12
6 28
21 2
10 29
25 20
13 88
13 65
0 35
3 84
5 28
26 56
8 76
26 97
13 22
26 72
27 30
25 62
10 76
23 11
6 42
23 41
29 55
13 47
25 70
2 70
3 50
17 76
6 34
14 95
13 42
0 80
17 25
7 48
29 62
10 45
25 18
23 49
6 28
13 60
6 19
27 91
12 56
2 66
20 72
9 10
23 99
26 41
26 82
17 4
3 1
13 20
2 78
14 7
25 60
12 3
15 35
5 14
16 7
17 95
5 5
22 23
25 77
28 93
10 30
5 59
9 24
25 62
14 76
17 32
30 35
27 90
14 28
10 75
1 80
11 86
19 5
13 84
7 41
21 15
28 53
8 92
10 46
24 95
5 42
11 42
23 63
18 43
17 1
21 32
10 3
30 94
3 61
3 100
20 1
13 55
24 38
18 67
2 75
24 66
27 64
14 15
8 96
16 81
28 25
20 56
15 96
19 54
12 74
8 57
23 4
30 85
11 48
8 52
4 82
26 8
29 28
26 37
15 96
28 5
25 83
29 63
15 22
4 84
24 84
7 4
2 46
15 34
10 23
4 14
16 5
0 93
21 33
21 46
24 4
27 30
3 44
18 96
24 31
16 60
23 18
14 32
24 41
1 41
15 47
30 21
15 38
17 81
9 34
23 23
23 41
29 41
0 75
23 54
26 36
2 9
9 93
9 42
22 26
29 45
4 46
29 19
23 13
1 90
18 40
6 51
2 30
15 53
28 95
8 44
21 10
20 52
15 95
0 92
4 37
6 86
19 30
17 76
20 23
12 98
5 12
0 82
20 86
12 18
11 90
12 48
6 38
27 18
1 34
25 31
29 89
13 80
22 15
22 43
1 88
19 5
19 37
22 88
26 26
6 82
9 37
8 20
15 31
19 72
11 19
25 56
25 80
18 35
12 71
19 41
29 94
22 70
21 49
22 50
3 39
19 15
20 1
29 17
12 81
8 82
16 71
3 13
16 4
0 28
15 3
15 21
0 80
21 1
3 68
23 47
30 98
20 100
30 68
28 24
2 60
11 57
12 6
15 33
16 94
12 70
17 2
6 66
25 35
20 79
14 92
30 74
24 60
11 94
21 7
8 90
12 7
3 63
23 25
7 81
5 33
19 55
14 48
1 31
4 23
19 58
14 39
7 56
12 21
24 60
30 26
26 85
14 48
23 16
13 74
15 15
25 11
5 50
12 80
11 9
0 45
12 49
18 9
6 14
17 19
7 42
16 38
6 61
18 84
30 88
24 5
6 7
0 28
1 33
20 57
8 61
24 28
15 50
14 48
12 17
8 2
10 65
21 75
19 67
2 81
30 3
1 16
21 81
6 9
8 13
4 43
9 26
12 2
5 67
0 57
13 45
26 86
20 38
22 72
16 36
26 27
10 85
20 85
4 49
13 22
6 99
5 57
14 1
20 11
22 24
12 76
20 58
3 87
2 87
25 46
18 6
17 22
2 42
5 4
28 66
16 17
11 44
25 42
8 22
20 82
13 81
2 21
9 61
29 42
19 41
6 16
24 68
0 74
30 24
5 48
24 23
7 47
23 68
22 90
22 28
8 3
4 43
12 34
1 42
17 44
18 92
27 62
24 30
14 38
12 68
0 66
22 81
23 36
10 28
20 39
0 7
29 53
5 58
18 19
10 41
11 67
2 79
5 15
26 17
5 73
1 76
6 11
8 75
24 46
3 5
24 12
0 98
5 63
23 20
16 7
19 82
15 11
23 79
12 22
15 62
17 67
10 19
11 94
5 99
6 86
25 35
2 58
22 72
15 47
8 69
18 73
8 44
5 24
16 32
11 58
19 88
26 70
7 33
4 38
30 66
15 37
21 85
0 44
30 80
9 44
4 98
13 79
12 68
20 79
1 98
2 19
8 62
16 3
2 59
16 19
9 65
1 20
28 39
3 54
15 15
15 44
15 46
21 88
26 16
5 95
0 100
19 35
17 35
14 47
20 72
16 83
23 6
13 9
27 90
26 75
12 26
27 13
6 90
23 29
8 47
14 59
2 50
1 41
7 44
21 8
26 9
20 48
6 89
7 2
4 64
1 28
4 89
12 54
8 31
20 37
30 40
24 37
1 83
8 82
26 19
15 28
2 3
27 26
4 60
1 14
19 22
2 54
7 72
20 84
7 59
26 21
27 56
11 96
19 73
7 29
25 18
27 63
7 74
24 62
10 70
7 17
13 79
29 76
30 76
0 10
0 18
11 14
28 82
17 4
30 86
5 98
28 11
5 97
1 37
20 73
16 60
3 67
19 9
4 50
19 24
7 82
8 57
26 83
9 46
16 4
17 73
24 65
10 47
13 55
24 18
19 22
8 44
28 49
26 33
14 26
7 98
9 34
15 23
8 59
16 35
8 91
20 39
29 68
29 11
7 92
5 43
21 17
24 98
12 36
0 44
25 42
25 39
4 71
22 14
28 69
17 32
24 2
10 52
20 29
16 28
3 79
9 48
15 2
0 50
29 95
26 44
10 20
28 21
23 85
11 30
5 61
23 56
24 18
17 5
11 95
21 28
14 10
5 19
13 19
12 20
0 22
16 82
20 81
2 41
29 49
27 3
26 39
1 91
4 90
20 66
3 23
18 43
13 13
14 91
20 28
21 83
26 47
18 41
28 76
2 36
3 49
24 52
28 30
28 60
27 36
19 1
0 80
22 14
24 87
12 38
17 30
8 31
14 20
3 80
12 80
20 2
29 73
22 2
25 33
20 16
26 5
2 60
27 16
9 3
20 37
28 82
3 88
17 11
8 47
0 80
4 1
30 28
21 53
9 56
5 75
2 7
27 37
7 62
18 91
18 39
16 42
3 98
29 26
21 79
12 28
10 37
29 42
22 23
27 89
5 53
2 8
9 100
27 97
13 69
20 15
16 71
28 23
28 3
2 10
13 44
15 14
26 7
4 74
25 27
9 54
6 9
24 55
29 46
29 84
8 28
3 65
21 34
30 76
25 58
21 42
22 84
1 39
1 50
23 45
22 65
25 9
25 93
0 100
17 53
19 63
12 60
14 100
29 62
18 70
29 52
20 82
8 77
14 87
24 52
13 84
20 89
30 96
11 5
9 48
3 53
1 85
18 21
25 31
3 32
29 65
29 69
9 52
21 28
1 1
11 69
22 80
19 3
13 11
13 31
30 60
25 87
8 95
19 64
16 43
16 86
30 52
19 27
6 31
23 74
28 64
7 65
21 46
17 94
7 97
30 16
22 53
15 69
24 35
2 20
22 16
13 15
16 37
13 27
10 18
29 96
0 39
18 92
18 15
19 93
13 98
2 87
13 94
24 57
30 58
15 85
29 8
22 83
6 47
18 18
17 2
5 76
27 49
24 28
1 30
27 89
12 24
15 63
7 11
21 67
12 53
18 3
20 53
4 46
2 41
13 85
10 37
24 15
19 64
13 10
7 40
23 76
22 15
8 96
29 2
20 7
3 75
5 72
5 56
2 2
23 37
15 27
18 19
22 89
27 63
11 60
11 67
26 46
19 50
18 71
4 54
18 7
3 22
7 44
2 75
19 39
4 60
4 11
1 27
25 81
28 83
13 58
29 65
19 1
10 95
20 68
24 88
20 5
11 5
26 17
5 86
26 10
28 21
0 13
9 48
14 60
14 79
13 86
23 74
20 14
9 3
16 3
27 62
25 41
25 44
5 81
25 80
21 83
6 84
18 54
8 26
6 71
8 45
5 83
20 52
24 98
9 26
29 83
3 57
22 90
30 23
10 42
27 9
27 27
16 17
20 40
3 16
26 77
8 72
8 46
2 76
10 35
4 72
6 2
5 3
0 47
27 72
16 2
14 28
4 51
22 98
1 32
17 85
18 53
26 73
4 56
16 31
26 56
13 65
18 92
27 80
6 12
11 75
3 70
10 3
16 83
28 62
27 22
8 22
6 33
24 88
10 17
4 55
24 63
13 60
20 41
12 72
19 93
28 67
27 14
7 16
10 18
6 29
1 9
3 90
16 99
0 14
22 94
21 80
6 16
13 7
10 44
11 64
9 75
7 31
9 7
3 75
29 21
25 6
3 29
28 76
22 93
11 17
28 95
20 19
24 54
19 75
26 85
24 67
4 38
24 85
6 42
6 89
12 58
10 78
5 73
13 17
2 48
10 25
6 11
30 52
11 51
16 45
7 99
26 96
13 94
21 39
4 84
16 17
0 84
26 80
28 83
27 8
27 82
25 66
11 60
3 11
10 21
22 47
0 8
30 58
15 29
22 55
0 41
10 52
19 30
21 56
5 90
8 45
0 13
14 65
3 63
20 85
11 4
21 85
9 61
10 33
3 93
1 89
12 22
26 97
1 56
16 2
18 63
10 37
25 93
3 61
7 1
27 8
29 30
20 12
23 3
15 99
15 42
3 92
28 76
14 23
2 31
3 11
25 41
1 10
16 100
22 14
10 71
30 100
21 85
15 30
20 89
13 28
7 32
22 92
0 91
28 16
30 61
11 21
10 74
5 26
20 12
4 74
1 55
11 84
10 74
20 12
8 68
17 12
22 100
0 80
19 29
13 76
11 97
27 17
23 57
1 1
16 95
24 27
12 57
27 64
9 62
18 91
11 76
16 59
4 6
7 87
9 14
11 12
0 20
7 88
23 41
30 67
25 12
13 44
27 100
3 87
12 27
30 57
23 19
18 52
7 82
25 3
24 12
19 57
12 24
3 79
29 32
24 28
18 95
1 80
17 87
21 35
12 3
28 83
9 38
17 42
17 40
2 62
8 61
19 4
20 5
21 36
23 100
0 52
13 12
7 100
24 27
22 23
16 43
29 95
21 66
15 35
25 65
19 87
29 10
14 21
23 31
14 54
0 77
22 74
3 20
9 61
10 88
14 84
27 56
21 50
26 27
4 93
30 77
12 87
15 24
15 78
23 26
5 78
8 57
15 36
26 48
28 48
14 69
30 43
29 33
23 18
29 58
18 31
1 55
21 6
18 99
2 15
13 19
8 17
2 34
13 49
13 33
6 57
11 72
29 78
26 57
0 68
23 7
21 55
14 13
27 72
14 18
17 70
4 63
28 93
18 96
18 80
27 47
25 37
14 75
6 95
30 11
26 74
2 60
23 97
22 8
6 49
9 82
11 77
21 55
5 77
5 3
24 22
25 68
9 5
9 18
7 53
30 23
10 8
26 6
10 25
4 28
21 14
3 99
2 30
15 60
23 10
20 14
28 90
15 51
22 43
10 57
24 74
11 78
30 15
26 50
1 29
30 10
0 94
9 88
28 21
4 2
3 74
9 39
6 9
22 65
11 32
0 18
24 39
15 8
21 77
9 40
10 49
17 64
0 38
8 63
1 94
18 95
27 60
6 51
13 54
11 23
27 98
2 87
28 31
22 55
24 79
8 69
9 41
15 31
2 69
27 75
12 10
10 83
1 62
13 23
5 23
4 21
28 24
22 64
12 53
9 71
25 72
12 94
12 90
4 34
8 42
23 48
0 91
28 51
23 96
0 14
9 7
8 59
4 93
25 81
25 35
19 47
12 26
20 4
15 98
2 16
20 96
22 6
6 7
19 62
3 63
11 51
30 27
26 34
28 88
22 35
14 99
0 72
16 38
22 26
29 87
25 60
22 32
10 6
1 8
20 6
6 92
17 26
6 7
27 36
14 75
25 36
1 82
28 95
27 58
8 42
24 98
21 69
12 83
29 40
2 49
3 67
21 95
1 36
11 84
8 24
23 33
0 32
3 90
25 40
30 58
22 33
8 10
8 44
17 73
30 87
23 32
16 50
6 93
27 42
18 76
14 54
5 34
30 44
20 42
0 92
3 11
6 50
5 48
2 79
14 61
13 48
1 19
13 5
12 45
10 26
19 21
7 44
22 83
27 21
28 79
9 15
0 32
17 52
11 90
2 44
8 38
22 76
28 51
0 51
10 42
11 71
25 41
23 19
22 13
15 41
18 85
24 95
3 31
25 84
21 39
30 66
9 83
23 41
17 75
22 13
10 40
24 73
10 88
7 17
10 73
17 53
24 1
13 13
12 17
24 52
11 21
18 28
7 73
6 71
23 22
2 88
1 24
2 32
20 50
19 60
4 50
25 73
0 63
0 91
0 47
8 86
7 43
13 10
30 5
26 40
8 75
19 43
28 17
13 97
28 24
20 38
4 64
0 56
19 74
5 57
14 74
15 57
18 36
3 23
17 50
29 30
22 41
30 44
26 55
30 34
20 79
27 65
15 18
7 57
8 88
27 46
23 95
2 47
13 59
9 46
8 9
17 14
8 28
4 15
18 97
25 30
11 23
5 52
24 99
20 11
1 95
20 67
11 40
5 14
12 52
27 4
11 69
28 85
27 100
30 77
21 4
5 53
19 78
14 55
12 38
19 76
22 23
26 36
24 30
4 72
9 47
8 40
22 90
19 39
0 25
22 99
14 76
24 29
13 73
4 63
1 27
21 77
28 28
8 68
17 13
3 58
5 97
14 78
1 42
3 59
9 21
22 46
10 87
30 90
20 83
28 62
18 18
30 20
15 73
3 53
9 25
30 91
28 77
3 53
20 23
17 87
29 62
0 78
11 99
3 22
11 98
28 86
20 71
30 35
25 70
8 67
18 99
13 6
7 12
25 45
17 59
5 80
25 68
18 61
29 90
0 32
8 84
17 89
27 52
8 34
27 4
6 64
7 60
27 22
20 86
18 90
0 11
17 93
21 38
5 22
6 52
26 82
18 56
30 64
12 79
0 51
0 89
23 89
19 97
12 13
24 92
13 39
15 19
6 64
9 45
24 61
21 65
20 67
13 81
28 41
22 82
7 4
4 74
11 83
22 79
23 41
17 3
5 2
10 10
3 7
6 53
18 47
26 44
23 91
6 33
22 50
12 46
26 24
2 74
25 85
27 12
20 30
6 56
2 24
17 100
18 63
19 75
20 53
13 15
1 96
7 78
9 77
25 76
20 18
4 23
13 64
23 25
16 31
10 46
2 67
13 94
1 42
13 29
25 18
19 29
18 79
19 32
20 15
19 14
8 96
9 56
25 76
15 59
15 67
7 43
28 9
22 45
5 48
29 95
3 94
17 41
4 81
28 74
15 70
17 42
0 77
3 79
13 9
30 60
6 11
8 17
1 21
3 68
22 72
25 94
26 56
30 79
5 81
2 71
10 10
3 56
21 64
11 31
16 7
28 26
21 5
27 47
13 49
0 40
15 28
0 39
0 88
22 7
11 94
23 6
5 76
7 60
24 78
14 93
5 86
8 97
30 36
19 29
18 61
7 35
29 85
4 93
0 43
0 88
25 19
10 33
9 47
13 76
20 42
23 3
25 95
11 74
17 45
23 87
12 16
8 68
22 91
23 22
24 40
5 59
13 62
22 9
3 18
14 60
28 96
0 31
25 60
19 94
4 65
15 71
21 44
6 39
7 48
25 25
8 87
6 55
10 23
17 26
30 20
20 44
8 5
8 82
18 19
11 84
28 46
5 94
29 43
26 99
28 30
26 78
5 56
19 27
27 55
16 97
24 17
7 21
7 95
1 23
23 43
28 96
15 23
5 21
7 84
23 84
1 61
4 11
19 49
13 71
25 64
1 3
18 29
7 97
27 30
20 66
10 78
7 52
1 88
15 95
22 38
2 13
22 41
15 67
20 59
8 50
17 40
7 15
5 57
17 97
22 96
24 8
26 73
18 63
2 97
2 26
5 74
17 95
16 71
17 62
24 40
1 22
30 92
27 26
30 82
3 46
3 6
27 75
20 97
19 96
30 62
23 32
12 51
8 38
28 75
6 94
10 51
0 36
30 39
11 60
24 59
15 71
11 41
30 89
8 5
11 19
8 77
15 58
14 36
13 83
1 13
25 14
1 78
17 51
28 50
20 17
12 86
30 82
4 78
2 51
0 51
23 18
17 54
9 45
30 14
9 76
5 79
2 98
28 24
2 98
27 84
28 76
1 32
5 74
26 66
16 79
25 72
26 12
0 72
19 94
15 80
22 25
21 68
13 27
27 98
29 24
22 88
6 88
17 41
13 2
23 50
4 86
16 28
13 70
23 9
16 78
25 57
12 30
5 37
9 85
9 29
23 98
9 48
12 76
19 60
8 83
8 68
18 67
2 43
6 18
12 71
7 56
24 18
8 20
27 48
10 31
7 40
30 38
18 36
19 4
12 55
11 14
3 36
30 86
0 50
21 74
12 64
12 6
23 2
14 66
20 77
2 83
3 59
4 39
29 51
3 98
24 62
10 78
15 94
0 87
3 24
7 14
12 80
2 3
20 95
20 98
17 31
29 75
4 45
20 94
27 51
15 74
25 37
21 96
14 44
28 21
12 31
19 36
24 26
21 9
7 6
22 77
17 66
17 48
6 3
12 1
13 63
30 56
20 4
10 6
5 63
30 52
4 90
15 96
1 11
10 45
5 21
1 67
5 73
25 19
7 86
27 44
6 20
23 86
8 83
24 54
20 80
5 93
10 100
17 47
25 42
6 48
18 31
15 7
18 81
1 45
0 15
12 94
0 60
26 60
5 56
26 10
9 26
2 26
9 5
19 41
3 33
9 32
28 94
1 24
28 55
22 89
30 90
18 69
24 17
22 29
25 53
10 25
22 56
3 41
21 19
7 89
10 82
7 17
1 24
29 25
13 89
9 98
21 65
16 40
17 56
12 62
18 82
24 91
25 22
9 20
24 93
26 61
2 25
30 1
21 45
16 9
2 94
12 42
0 40
3 92
13 41
24 70
2 35
14 89
6 58
5 98
0 36
3 83
24 44
24 100
14 1
30 48
1 48
4 30
29 18
16 39
14 7
18 36
16 6
1 32
26 52
13 98
26 20
16 67
23 80
0 13
13 29
16 2
30 27
30 73
4 34
19 76
9 49
30 24
23 17
0 62
2 82
11 47
1 47
27 47
28 21
23 26
5 93
16 38
27 30
0 22
1 92
9 58
0 27
8 76
9 24
2 54
1 24
5 52
10 80
18 27
23 34
11 96
4 85
23 20
14 91
4 68
21 15
16 52
29 11
2 22
14 55
3 80
30 89
17 20
18 13
8 20
26 94
14 26
28 33
6 31
9 97
10 2
1 70
8 14
2 22
18 72
15 78
26 20
27 33
22 55
7 42
21 34
30 54
4 67
29 49
20 14
11 35
8 37
20 24
3 1
14 58
29 15
22 73
4 83
26 55
11 86
2 46
2 59
16 57
12 46
19 100
2 91
20 9
9 81
12 2
1 20
1 76
9 40
28 34
19 44
29 95
26 73
15 88
1 100
15 53
7 67
9 23
26 68
3 96
7 88
27 38
9 44
4 5
28 93
29 48
20 85
19 43
0 95
26 71
29 78
0 51
0 54
18 36
3 44
29 69
16 57
25 82
17 74
1 79
15 58
29 67
4 85
7 27
13 68
7 100
16 81
4 92
30 65
4 51
28 29
8 3
23 89
7 60
19 34
19 60
28 68
15 36
26 80
4 18
1 77
2 76
26 2
1 10
25 24
6 9
16 2
25 98
7 13
29 39
14 54
27 92
23 87
28 90
16 92
12 22
21 36
8 98
2 4
19 58
15 71
12 73
1 34
23 29
8 87
17 83
10 27
6 26
13 68
9 14
17 3
24 62
13 69
23 78
17 97
7 90
7 83
30 22
11 85
3 11
9 88
15 4
17 48
19 76
20 88
28 48
23 50
20 40
24 80
18 52
7 21
10 80
7 97
13 14
23 49
2 56
25 23
2 63
23 9
4 89
23 43
26 31
28 19
23 6
22 24
26 81
23 13
22 86
5 1
3 24
4 87
0 74
27 30
8 48
19 98
9 30
19 3
12 43
27 55
18 33
28 11
13 87
28 70
15 44
23 94
30 52
8 54
16 37
3 56
23 84
29 90
22 15
30 52
1 12
28 76
10 87
22 31
10 1
3 18
1 63
3 38
6 91
28 36
21 50
14 2
23 2
26 30
10 43
14 73
28 48
5 60
25 10
1 65
25 78
17 26
25 17
25 26
21 99
0 88
6 34
15 64
29 100
7 16
13 73
23 3
23 3
13 64
28 33
12 14
23 92
27 63
16 5
25 71
4 71
27 11
22 15
22 27
14 62
24 22
3 78
17 70
3 93
15 47
5 6
2 23
6 90
13 10
22 1
11 23
19 47
14 60
14 59
3 19
30 82
3 88
15 98
20 45
11 48
5 27
13 67
7 4
17 48
21 61
16 2
29 77
6 88
5 77
20 63
15 3
13 53
4 9
2 3
3 69
21 12
21 9
17 39
29 52
3 71
17 25
20 9
16 5
9 90
3 9
22 43
12 37
19 28
23 76
25 60
5 2
7 23
8 79
27 20
6 96
4 28
16 3
1 86
0 28
27 1
1 32
8 60
25 41
13 37
19 96
27 100
14 30
13 74
8 89
29 39
12 48
21 53
27 4
5 31
28 21
8 66
22 41
5 35
9 4
2 57
15 20
30 21
17 82
17 21
4 54
23 78
19 98
8 43
8 84
6 53
29 13
15 96
29 49
9 34
2 25
2 8
11 14
17 23
22 54
8 3
26 17
4 56
2 44
20 47
0 97
15 97
25 43
19 83
14 88
18 53
9 73
21 6
20 81
26 7
16 50
24 41
23 33
14 46
25 92
21 22
27 97
1 93
17 9
24 49
4 20
23 36
5 7
28 68
12 91
14 96
27 12
10 10
3 94
30 100
27 100
28 14
23 85
12 87
9 35
10 20
11 68
12 24
4 27
19 82
21 51
20 82
9 9
20 95
16 5
10 26
11 86
8 40
5 57
24 75
30 91
0 83
26 38
28 67
10 8
17 62
19 47
28 34
3 9
10 5
1 60
8 50
22 68
6 75
11 10
30 32
12 77
23 9
8 3
22 81
15 29
4 88
0 8
7 60
11 64
6 68
13 88
13 27
15 98
3 8
23 75
8 24
24 7
13 32
17 65
8 76
26 27
27 88
13 85
1 50
26 37
16 96
4 83
7 57
15 68
9 18
15 87
16 89
4 44
21 91
26 72
7 40
5 83
7 55
20 33
25 67
24 75
25 71
21 97
17 49
14 46
17 13
8 88
16 20
15 1
5 23
28 45
4 99
28 26
9 13
11 23
4 6
28 50
24 94
1 75
21 45
10 33
12 86
22 29
19 61
19 22
4 79
21 51
19 62
8 37
23 11
4 61
16 34
12 81
19 42
4 87
23 67
13 29
6 23
6 47
7 10
13 13
18 1
7 86
23 30
22 18
30 33
17 7
25 37
10 27
4 73
29 71
13 33
15 59
11 27
6 29
17 75
16 36
24 96
4 68
3 67
7 53
21 29
18 7
21 88
19 35
4 90
9 83
25 23
6 86
28 67
11 63
11 49
26 13
17 13
14 90
24 83
22 48
13 12
1 91
9 63
27 39
21 47
26 53
6 6
1 49
15 35
12 60
8 6
20 29
19 72
22 11
21 30
24 63
23 1
10 37
6 18
20 73
0 86
20 42
1 53
22 60
29 52
20 90
4 66
11 6
11 23
3 86
16 39
19 31
9 8
3 36
18 58
0 84
24 13
7 42
3 33
2 1
14 2
28 30
1 5
23 68
22 29
12 80
9 13
15 37
16 8
28 54
26 27
26 26
29 13
15 100
23 50
25 80
28 51
18 2
21 85
18 13
2 60
23 93
13 63
20 42
4 68
17 35
9 62
19 35
24 47
22 47
21 40
3 8
27 79
20 22
14 61
24 72
16 8
21 50
10 47
20 66
19 63
2 31
4 23
1 76
9 24
22 9
22 62
16 21
1 93
26 53
17 60
25 75
6 92
22 89
10 100
15 39
5 72
28 21
14 20
21 26
10 46
16 4
27 78
4 82
28 7
8 64
11 62
22 100
8 96
28 89
26 70
21 32
20 8
28 34
30 97
7 99
26 20
14 92
9 62
25 55
27 86
21 17
19 54
13 2
20 82
25 1
15 11
24 7
19 44
5 98
6 83
5 95
8 67
26 88
30 92
14 29
28 43
21 28
6 95
18 98
16 92
18 27
8 88
30 29
29 37
22 26
6 45
0 52
24 48
4 38
12 58
18 60
9 93
15 93
26 93
30 78
13 10
8 66
26 88
20 53
10 87
5 98
30 35
18 5
0 34
13 77
16 48
28 50
13 85
19 45
12 5
21 22
5 96
29 100
15 78
22 73
0 87
27 45
13 34
12 83
7 57
1 55
27 76
5 75
0 84
8 4
9 49
6 97
4 4
1 7
25 93
11 97
3 10
29 66
14 13
19 18
2 52
19 92
0 66
22 72
17 23
0 68
18 63
10 77
0 91
5 71
30 86
5 82
17 94
30 10
20 66
30 60
27 7
27 71
23 87
28 61
9 27
26 50
21 72
22 40
4 82
19 68
19 35
28 98
8 18
27 49
22 16
11 26
28 98
9 95
12 65
12 64
21 29
8 28
3 15
16 6
20 98
19 72
1 27
6 17
7 90
27 75
3 39
22 45
6 12
28 41
15 100
26 88
8 39
15 50
28 82
7 72
19 3
21 27
22 45
29 8
18 55
21 66
11 69
23 35
7 71
24 92
4 6
11 46
26 32
13 97
26 57
19 96
8 71
23 59
4 100
9 78
2 49
11 46
27 12
25 26
27 53
18 6
3 75
1 42
11 97
7 75
17 72
3 8
24 40
23 84
30 51
15 6
16 36
25 74
24 64
2 59
14 47
5 77
9 27
25 11
16 56
25 63
21 21
18 10
4 3
25 92
23 77
6 16
25 37
0 57
5 69
11 67
29 92
7 62
19 32
11 52
29 87
19 25
20 75
18 78
13 30
21 34
19 46
21 37
23 70
14 87
12 71
27 3
7 21
22 79
1 57
20 78
1 11
23 36
22 65
20 31
21 52
22 8
9 15
15 25
6 14
14 64
9 56
15 61
20 81
14 3
12 13
10 40
20 61
15 43
4 75
18 50
30 28
12 88
19 64
24 41
0 74
20 13
0 27
0 15
9 54
3 98
24 54
21 99
21 100
22 32
6 58
6 87
29 94
3 58
20 23
18 6
20 1
3 52
25 6
1 56
21 85
10 85
3 93
12 6
14 60
16 46
1 56
9 85
2 78
25 45
9 86
21 64
7 39
5 39
14 79
19 30
18 95
10 37
1 32
26 1
20 19
2 81
4 88
11 54
7 50
17 81
0 56
17 4
21 65
25 1
9 12
28 72
17 40
22 12
6 94
17 83
0 98
1 82
14 46
28 76
8 95
4 14
21 41
25 81
27 69
18 45
15 7
3 27
15 25
25 72
14 47
4 13
14 14
9 33
12 48
21 31
22 55
0 33
12 74
26 43
29 61
5 100
24 93
9 5
6 74
30 35
10 98
1 47
6 7
21 1
1 29
29 29
13 59
3 93
9 60
6 70
25 58
25 76
10 28
24 89
3 72
5 70
15 48
28 3
20 41
14 73
20 61
21 13
29 64
14 14
4 9
22 60
1 79
15 48
16 90
14 33
17 51
13 64
11 34
28 68
0 77
13 88
5 78
8 28
8 30
6 97
23 67
8 99
22 27
11 4
2 12
22 16
6 50
29 43
8 90
8 30
20 56
5 26
5 73
24 31
27 37
21 69
30 74
5 37
14 31
6 13
23 8
21 53
24 81
25 17
9 33
30 21
1 27
29 45
26 8
28 29
4 64
6 71
13 51
13 48
4 40
6 33
9 21
17 13
26 25
7 11
1 34
17 67
16 62
29 56
2 22
17 90
16 57
30 43
12 40
27 90
6 93
6 79
19 13
11 70
28 21
19 34
21 92
4 46
25 42
30 8
28 1
29 69
6 27
1 97
23 76
26 100
27 15
15 91
8 81
9 21
3 18
8 77
18 33
0 100
21 39
18 3
21 61
24 28
25 27
26 71
26 22
17 2
14 36
24 2
22 39
8 71
13 51
12 33
5 41
5 81
12 75
17 31
12 20
28 20
26 35
25 21
25 61
6 67
17 19
21 64
19 73
8 56
24 51
7 43
21 13
0 2
7 1
19 44
25 4
28 93
14 72
16 83
23 83
19 66
7 25
11 3
8 83
26 100
8 63
12 53
15 84
3 38
27 63
17 16
15 41
29 73
23 44
24 100
27 25
5 57
0 7
28 82
12 5
15 67
25 44
14 43
28 90
30 46
24 70
20 9
7 9
24 33
9 84
15 21
26 23
17 18
14 53
30 96
0 6
5 51
17 44
3 68
12 48
30 91
25 32
17 34
1 7
19 98
22 31
17 93
4 82
15 8
19 30
27 58
19 70
16 22
2 23
5 21
11 24
25 68
30 37
12 54
11 3
8 15
1 85
8 55
8 84
30 98
25 85
29 73
6 52
6 18
4 3
14 62
11 94
21 76
26 97
17 87
11 39
15 12
7 79
28 45
25 78
25 36
9 85
1 11
10 80
24 19
29 70
2 100
27 4
18 95
26 35
10 16
25 69
19 87
15 64
25 1
10 23
30 53
15 33
15 35
30 40
30 72
13 33
20 27
10 92
19 63
13 56
29 16
18 57
14 65
28 40
19 47
6 93
27 38
9 26
12 20
27 46
3 29
13 72
30 85
21 38
7 83
25 80
8 86
27 78
0 43
28 100
30 49
24 64
29 31
8 49
21 56
7 99
5 21
23 58
20 91
24 4
20 48
11 6
0 12
6 87
7 34
27 69
6 60
7 95
3 53
3 38
21 15
1 26
7 36
21 33
11 27
18 64
30 93
14 13
3 38
28 68
1 57
2 18
7 22
25 100
28 1
4 96
26 76
19 86
20 31
13 37
29 31
11 8
28 52
20 75
0 42
1 29
20 90
6 30
4 49
11 44
9 22
27 42
8 12
14 55
26 16
0 60
14 26
9 34
3 88
21 76
27 96
21 59
3 74
14 5
13 28
10 11
7 55
27 90
10 16
4 1
23 86
10 7
11 31
30 14
25 4
2 49
13 49
12 26
25 65
7 76
18 87
2 76
30 82
6 95
22 68
17 2
23 16
18 78
15 51
5 27
7 24
28 29
23 76
0 84
19 50
19 39
7 80
3 40
5 35
3 58
27 100
25 60
24 17
0 67
27 51
22 84
24 69
7 92
20 82
22 94
15 66
15 82
12 83
23 82
4 7
22 62
7 19
24 82
27 5
9 2
10 92
5 64
0 4
6 67
10 33
2 87
30 97
7 78
24 93
3 34
30 51
20 20
21 71
22 41
21 25
26 96
10 74
16 69
28 6
21 20
20 29
7 37
23 53
14 20
21 70
15 94
19 82
9 54
14 96
0 58
23 57
1 58
27 79
23 82
11 45
3 61
25 94
21 50
22 54
14 32
29 6
27 56
23 84
26 71
13 89
4 33
20 10
29 90
25 62
19 94
9 69
28 70
25 72
6 87
19 97
0 19
6 6
19 42
5 69
19 19
4 75
23 22
18 23
6 73
23 98
10 95
0 3
5 30
20 26
5 55
26 26
0 34
5 85
26 77
16 8
24 8
20 79
29 64
23 9
23 71
12 89
3 84
16 33
29 22
15 39
13 49
21 54
25 15
12 15
28 37
19 91
1 83
26 70
10 50
27 6
2 21
10 79
0 67
5 65
8 10
11 81
2 28
16 1
0 52
14 5
1 34
27 1
11 28
2 16
8 30
30 80
27 18
28 88
7 62
9 34
11 31
9 36
25 51
15 83
24 79
19 94
2 53
10 50
13 28
25 81
23 20
10 66
30 16
12 84
18 4
5 27
29 38
15 15
20 40
5 20
8 1
28 9
23 23
13 18
23 89
17 94
14 96
18 92
0 46
29 46
19 62
12 63
2 55
28 98
23 1
11 40
0 77
0 47
11 46
20 10
2 91
21 74
1 29
8 72
20 27
15 22
2 21
12 57
30 59
14 52
17 50
26 29
17 98
12 45
19 5
22 54
9 2
13 7
22 65
28 78
20 48
28 65
30 82
12 7
29 23
4 29
17 59
10 30
10 63
19 18
28 95
30 8
26 62
8 83
8 2
22 36
11 89
23 61
0 66
12 43
9 56
10 30
17 59
17 94
12 80
0 64
26 83
28 99
15 50
5 38
8 60
30 29
18 30
29 80
24 37
24 39
8 10
13 33
2 66
21 31
27 57
12 47
23 45
13 60
30 37
27 48
16 18
23 66
23 16
18 28
20 70
8 23
30 100
29 56
8 25
15 64
30 93
30 4
1 29
24 57
21 13
5 59
6 47
0 38
2 56
20 47
17 86
22 38
7 94
21 49
23 25
24 69
17 12
10 21
20 24
21 56
26 80
3 37
29 86
21 82
12 13
5 78
15 75
0 38
26 100
10 44
2 87
23 49
26 15
23 96
14 30
17 98
13 94
16 27
23 9
0 70
13 87
15 98
2 3
22 39
22 86
4 93
21 5
12 59
21 64
19 57
5 13
6 96
14 56
28 57
7 58
19 54
20 99
10 40
30 93
3 50
4 84
22 3
12 49
15 74
8 29
4 50
14 64
7 62
23 64
20 11
9 60
17 52
18 9
9 70
18 92
26 52
17 51
5 9
14 44
18 10
23 7
19 42
12 75
23 25
23 98
7 100
19 45
1 22
6 61
26 82
11 84
18 56
6 86
2 55
22 88
23 74
25 49
24 75
23 31
12 93
25 11
13 78
22 87
12 67
27 20
28 61
11 58
17 71
4 19
29 48
18 68
8 58
22 20
27 29
6 68
15 62
20 69
30 86
20 68
25 94
2 61
19 24
10 56
16 61
23 16
4 5
16 44
15 4
28 1
6 97
8 49
26 60
20 54
20 85
26 99
7 35
27 65
4 46
27 52
15 42
18 63
28 13
24 35
23 17
14 56
19 19
12 36
8 22
4 89
1 41
27 97
2 14
27 23
25 84
23 50
1 98
9 68
21 87
4 5
22 41
8 51
2 53
8 98
10 7
3 81
8 35
11 19
8 97
11 8
1 85
24 54
11 85
2 91
18 32
28 78
12 65
10 37
23 14
17 61
1 1
22 65
29 68
6 64
7 53
7 29
17 32
26 48
22 37
2 42
0 21
30 25
29 15
2 5
12 96
18 42
18 13
19 56
4 79
10 24
1 14
25 36
0 69
22 74
29 74
30 29
29 64
11 71
27 57
2 71
28 65
23 4
14 66
4 56
15 73
4 78
12 63
14 60
4 41
8 21
26 1
29 39
20 97
21 66
24 85
22 12
28 20
16 57
10 47
28 31
23 67
4 69
7 30
12 23
29 46
0 93
19 55
1 67
22 6
21 5
9 76
23 50
23 79
29 87
7 63
3 42
20 65
27 37
9 4
21 49
8 26
9 2
22 85
20 13
9 24
15 99
10 12
21 90
3 86
20 62
10 39
9 37
1 32
30 72
29 7
4 2
1 75
25 55
13 87
9 69
16 48
23 6
6 71
21 53
7 75
7 1
28 25
30 78
6 70
9 21
2 25
11 15
14 18
26 96
11 79
10 4
6 66
18 75
23 6
4 18
0 86
3 60
14 26
4 81
19 19
11 77
16 84
7 53
29 26
23 38
14 32
12 40
8 20
10 13
10 78
7 28
18 24
19 77
29 95
14 70
2 97
15 5
10 14
13 25
6 97
13 26
12 22
26 64
1 49
14 32
20 81
26 40
19 57
30 70
7 55
4 63
18 75
11 29
2 29
28 39
27 70
1 14
5 91
1 48
10 6
6 20
11 91
3 49
9 93
9 37
21 2
9 23
8 35
24 59
11 61
7 15
20 49
26 57
27 9
27 98
25 13
24 69
1 90
22 56
15 5
29 54
4 25
16 77
27 31
16 35
19 52
20 11
1 19
20 25
15 80
16 80
0 9
17 79
5 16
15 85
28 34
11 31
8 30
10 87
25 19
4 10
26 27
29 60
9 65
20 11
30 40
17 5
9 50
5 71
26 15
29 74
20 73
0 32
9 47
27 88
12 63
3 71
19 27
27 37
20 55
21 16
20 88
9 74
18 34
6 93
19 25
9 98
28 49
21 92
12 50
27 5
23 6
20 34
28 95
24 59
16 46
20 85
14 93
28 98
8 93
1 64
2 65
23 85
9 86
27 10
6 59
9 55
26 76
29 43
27 57
3 42
24 17
24 97
26 37
14 64
13 10
2 38
11 3
28 79
16 3
5 8
13 22
10 2
28 65
23 7
22 70
30 90
18 36
16 67
23 69
4 20
20 56
10 33
21 82
16 21
29 20
28 25
27 90
20 52
8 15
17 98
5 3
5 42
8 100
3 76
14 100
15 53
11 99
20 51
3 75
0 4
21 26
21 53
16 100
29 26
13 70
9 22
20 52
26 86
20 70
6 7
23 86
19 30
11 49
17 78
23 3
4 88
12 37
16 75
20 91
28 56
12 88
20 45
19 47
20 38
7 60
6 43
16 37
27 79
26 2
17 89
6 71
24 90
3 100
21 52
25 8
8 96
26 37
13 8
21 83
29 61
27 72
29 65
1 63
6 34
12 51
1 1
28 8
24 99
17 52
6 89
20 23
20 39
7 73
20 20
15 63
15 92
17 20
15 79
26 97
3 100
17 18
27 46
27 44
4 48
9 56
14 41
16 83
29 44
24 75
29 81
13 42
11 4
7 52
7 38
27 94
5 8
8 18
1 79
22 89
19 49
1 92
17 20
11 88
3 14
0 45
26 43
12 67
21 42
17 58
3 91
20 96
30 14
30 1
6 88
9 45
11 73
18 82
17 86
6 55
28 60
3 52
14 42
28 55
17 58
17 28
18 73
20 100
16 20
16 22
0 4
4 11
9 98
25 29
21 20
29 32
14 29
15 7
15 79
26 58
4 61
8 51
11 91
25 44
20 23
25 8
4 12
7 24
8 72
13 23
8 16
19 5
8 40
21 2
13 53
30 26
11 82
21 89
7 48
6 59
16 76
7 7
29 91
30 7
24 100
7 1
17 93
28 44
7 92
21 53
21 52
26 11
14 79
15 78
12 6
13 87
5 58
3 48
28 39
21 82
25 49
22 93
1 12
4 21
2 83
2 93
8 98
18 78
5 24
14 33
2 55
23 79
16 9
3 6
18 49
17 95
18 21
22 18
14 59
26 81
13 17
23 2
3 25
0 71
1 15
8 25
8 21
15 79
17 37
22 60
13 73
29 8
11 48
18 35
13 44
15 99
15 5
28 25
26 60
29 42
15 82
1 18
12 38
21 74
5 45
13 88
27 70
30 28
10 64
25 77
3 54
1 43
8 15
14 3
4 99
14 58
7 87
17 31
7 27
14 84
21 6
14 21
17 87
27 1
7 6
22 87
24 36
27 48
5 55
3 95
9 76
30 9
6 75
4 18
24 49
9 1
6 59
21 2
28 96
6 73
4 42
23 25
24 48
5 35
18 97
1 65
20 31
16 13
23 58
4 48
27 30
9 17
24 85
27 31
29 10
11 89
23 46
30 52
12 63
21 53
15 56
21 39
24 71
27 22
23 86
24 85
4 62
28 63
5 13
4 92
27 18
4 24
7 43
6 25
4 55
24 74
28 45
5 2
6 18
9 82
28 23
29 69
5 93
27 25
10 15
3 59
20 16
26 13
3 57
10 43
10 61
17 81
14 61
15 94
1 75
17 40
16 35
10 88
13 4
28 72
11 4
30 84
13 2
3 41
28 24
30 8
6 52
16 32
30 97
14 62
27 21
15 53
27 68
15 85
29 5
11 11
23 28
24 23
17 22
20 84
30 70
11 11
16 29
13 20
20 60
0 90
8 38
1 23
12 48
6 90
19 57
27 3
2 88
23 48
12 50
14 62
7 8
1 56
10 71
27 11
26 9
9 49
2 80
15 41
12 66
27 82
5 56
22 68
13 19
22 83
16 59
15 2
30 10
8 2
6 12
13 49
9 97
20 97
28 59
24 83
20 30
10 53
26 59
11 5
12 96
1 19
0 68
5 7
23 63
28 60
6 9
4 9
22 39
2 34
26 6
0 89
2 5
7 23
14 19
2 19
10 36
20 78
8 83
27 20
2 87
11 100
14 97
24 4
7 8
22 1
6 27
14 11
23 50
21 100
23 99
17 83
16 9
18 72
1 68
28 52
28 65
30 98
7 69
25 3
30 81
13 27
2 12
20 61
7 79
25 24
26 24
23 54
1 61
25 70
6 22
30 27
28 80
30 100
11 68
3 49
13 84
28 12
4 49
25 12
8 45
18 49
11 51
2 28
7 14
24 86
13 6
7 54
26 28
18 92
9 53
19 54
3 89
28 84
20 93
30 25
20 14
12 26
6 10
18 27
3 46
5 96
23 33
1 74
24 62
4 6
0 18
28 52
17 42
7 46
8 97
16 46
26 41
20 77
1 39
25 98
13 13
6 21
5 32
26 33
2 43
27 70
21 8
29 62
6 61
12 21
13 59
14 20
17 59
14 39
21 41
1 1
3 96
0 36
20 91
6 30
22 20
11 51
21 44
20 3
8 56
15 58
27 47
1 72
16 23
22 92
4 81
7 53
28 83
14 46
20 37
20 7
11 74
10 32
14 84
24 86
7 40
21 14
18 23
24 19
12 6
14 37
13 70
20 49
22 41
13 36
18 35
24 8
15 55
21 90
15 83
15 86
3 35
9 17
7 21
14 97
12 83
26 51
28 91
6 19
20 14
13 71
15 37
6 97
0 33
16 5
16 45
22 91
5 29
26 32
10 41
23 28
25 63
18 41
11 88
2 90
9 75
12 16
24 23
17 51
1 39
29 65
17 94
29 38
7 92
3 91
22 21
23 32
12 31
5 90
11 44
30 16
1 95
1 38
8 100
28 11
24 47
21 75
1 75
17 74
24 16
2 86
4 52
2 74
2 13
19 39
18 67
26 9
24 39
13 77
29 30
14 17
23 3
16 88
13 67
25 37
30 9
10 70
11 20
24 39
16 1
18 23
9 23
17 64
13 96
11 85
20 9
19 90
30 23
20 92
18 50
19 61
20 93
30 89
22 75
0 19
7 62
11 55
28 10
21 19
25 43
29 28
10 52
2 72
10 98
14 100
6 61
12 58
18 79
2 28
13 18
30 86
26 17
2 40
22 2
21 13
6 31
30 23
3 89
28 84
20 22
27 50
16 66
26 89
17 61
25 50
6 82
7 87
21 15
27 42
5 15
30 9
24 8
11 17
16 2
29 31
16 93
9 49
5 3
19 61
15 70
29 88
24 3
17 37
28 94
8 14
7 91
30 20
28 79
6 100
19 11
29 47
4 75
15 19
30 36
28 82
2 39
13 86
10 49
15 58
14 88
21 92
26 34
19 41
27 85
26 29
17 24
4 56
29 85
23 60
12 40
17 3
1 31
23 99
21 93
28 60
5 32
9 98
0 57
5 54
13 16
20 72
26 7
9 34
26 79
24 39
13 4
6 93
4 38
9 67
11 1
20 70
1 54
2 53
18 62
9 63
29 69
22 16
1 40
8 65
7 55
10 90
25 62
25 57
27 41
30 33
21 92
11 33
1 69
2 88
19 58
6 10
25 99
9 59
14 4
19 61
4 1
17 7
8 63
26 6
20 74
29 42
12 26
7 66
2 45
27 100
23 46
13 3
17 21
17 27
25 83
21 7
7 86
5 40
21 74
4 17
4 40
12 73
30 16
18 30
18 46
27 67
19 50
22 100
14 39
12 76
8 85
10 3
30 77
13 15
24 20
0 29
28 45
15 82
13 90
24 74
18 42
26 13
8 23
16 30
21 67
22 39
30 30
11 12
11 99
21 69
26 3
28 39
20 29
4 46
27 34
13 18
6 61
27 73
23 20
15 39
29 70
25 40
28 80
4 45
19 56
29 47
12 20
20 48
5 21
3 32
26 60
26 97
2 8
20 81
15 11
13 59
28 60
21 13
1 4
18 38
23 22
5 61
9 24
30 40
13 100
17 8
22 18
8 60
29 64
2 67
9 70
22 61
1 15
9 35
21 8
9 94
5 78
21 2
20 50
7 28
10 35
0 2
8 21
8 58
7 51
24 2
9 12
27 34
23 44
29 27
19 30
15 51
27 35
1 40
15 88
29 76
12 39
0 79
20 62
23 73
16 42
23 14
2 56
7 44
12 34
7 4
4 96
28 28
8 95
8 92
8 74
25 81
25 61
5 48
17 64
0 98
28 53
3 4
12 77
19 71
24 100
14 57
12 60
24 38
13 3
6 25
25 99
14 97
4 53
13 73
19 3
8 67
21 66
21 4
16 92
1 87
0 8
12 59
8 89
21 90
19 73
18 36
11 20
15 5
18 49
9 3
10 51
12 59
12 39
15 46
21 20
3 34
10 39
21 3
29 58
27 34
21 17
28 98
0 19
26 38
19 5
3 47
19 3
16 2
27 70
21 71
24 10
22 69
23 53
4 60
22 84
4 31
6 64
9 61
3 65
3 7
7 27
3 90
7 33
18 39
9 2
17 5
19 40
10 11
19 97
7 92
18 73
26 51
6 98
19 59
10 73
13 23
23 49
9 99
16 3
2 28
24 12
12 54
8 7
21 98
2 67
12 35
22 60
9 90
30 44
21 7
21 94
6 46
28 14
29 2
23 46
17 55
28 1
4 53
3 95
29 26
19 19
27 89
2 17
11 47
2 88
2 77
27 86
0 82
24 12
25 11
3 14
5 47
21 70
16 50
1 2
5 16
28 69
9 84
0 93
1 60
25 75
16 89
3 36
16 9
21 88
2 74
8 83
21 24
26 75
21 89
20 78
18 29
1 48
21 31
0 81
16 34
20 68
17 95
26 33
18 2
7 23
28 43
14 25
1 69
23 13
7 80
23 73
7 66
19 26
28 98
18 84
22 93
24 73
20 59
18 66
14 92
13 75
20 51
14 68
27 83
24 66
1 89
2 53
25 52
28 83
22 16
28 43
26 97
29 32
3 2
22 6
6 5
22 3
24 31
4 37
3 31
29 4
12 26
17 22
5 13
2 58
10 64
13 56
7 96
14 49
12 28
3 71
20 61
8 87
23 85
14 36
18 56
27 48
28 98
29 53
19 96
30 31
30 6
17 49
0 94
13 79
21 48
3 6
21 16
22 63
18 90
16 72
0 76
16 87
1 13
27 45
19 15
21 9
15 58
4 29
23 29
0 79
15 33
14 31
25 55
18 75
7 85
23 9
9 64
19 51
26 32
23 72
5 21
28 33
14 33
5 70
16 45
3 60
21 64
7 2
18 20
3 8
8 80
30 8
8 96
1 81
4 6
1 30
10 61
2 20
1 47
6 24
20 26
27 13
23 95
29 14
29 51
12 68
7 37
28 71
26 28
16 85
16 77
4 5
11 92
8 78
25 3
1 17
16 34
15 52
6 28
27 28
24 18
14 23
26 96
26 9
10 43
5 35
27 24
30 31
1 62
2 65
1 90
17 2
9 21
4 83
4 45
24 14
7 29
15 31
24 37
2 68
3 12
18 10
3 91
23 37
28 80
16 42
16 48
14 89
25 99
10 26
14 46
25 10
10 93
12 74
18 51
25 95
22 22
4 71
26 8
17 95
24 93
26 14
5 38
22 40
7 77
11 21
3 44
18 16
20 68
23 2
11 91
14 6
28 100
29 84
22 49
22 6
8 94
11 67
4 81
19 97
25 94
21 38
19 79
10 88
16 12
25 100
1 68
10 46
3 28
24 62
18 23
29 42
0 97
13 48
21 27
27 72
10 21
11 38
26 49
20 12
3 55
14 16
22 36
15 83
7 77
11 22
14 64
2 18
7 37
6 4
6 35
20 3
5 79
3 30
4 67
4 20
13 75
30 42
20 72
4 1
8 87
6 2
16 1
9 10
28 74
29 35
29 87
3 45
29 57
4 59
14 76
22 78
29 52
29 20
25 58
11 80
28 23
17 43
25 72
28 39
26 58
24 94
30 81
10 43
3 52
3 97
25 9
21 1
9 14
5 39
26 52
1 13
24 31
28 100
24 86
15 38
6 72
23 64
20 98
22 19
4 57
12 49
17 82
20 59
0 22
18 72
17 68
10 10
17 25
19 51
9 80
24 28
3 1
2 75
19 92
17 18
15 58
3 33
12 29
15 85
1 50
8 51
30 16
25 77
10 69
2 33
12 66
6 37
10 77
3 4
24 43
28 88
22 39
8 62
2 21
10 70
16 65
17 81
18 73
6 23
24 33
12 26
9 80
20 99
11 74
6 35
2 90
17 93
21 77
7 86
26 41
10 36
17 73
8 74
30 75
20 16
9 90
5 68
0 57
4 96
25 9
21 35
6 89
26 79
14 7
1 65
9 78
9 23
15 40
16 87
25 67
21 52
7 48
9 88
1 69
0 30
1 88
1 66
3 40
11 14
26 19
13 90
30 7
19 26
28 68
30 51
29 72
25 69
20 39
8 64
7 75
30 90
14 5
9 35
25 87
13 25
3 19
0 47
24 17
5 4
17 3
25 27
15 7
22 61
2 94
19 79
12 32
22 20
15 92
25 80
23 9
18 21
7 64
3 90
12 45
25 51
17 38
27 28
13 95
6 85
29 2
19 27
23 56
10 43
18 44
7 71
3 92
14 74
0 13
16 7
8 8
8 39
26 58
2 66
3 79
10 54
18 19
15 50
22 76
15 96
11 83
22 53
2 45
16 81
4 80
11 80
15 11
5 57
7 65
6 77
10 74
10 92
10 94
13 36
21 20
22 21
22 31
19 39
14 13
2 15
29 93
3 79
26 38
19 9
0 75
2 13
5 31
14 65
23 57
5 62
17 41
26 63
13 63
23 88
11 59
11 37
14 58
0 57
14 54
30 34
29 40
24 83
10 45
27 29
13 53
7 12
13 66
23 18
23 43
11 47
7 71
11 17
26 86
26 91
13 70
26 11
15 51
11 34
24 88
7 95
15 4
19 51
22 83
23 92
8 70
11 50
23 98
14 66
1 17
14 35
16 12
14 47
13 19
0 6
15 36
6 70
13 73
28 48
1 5
12 56
25 74
12 36
30 46
3 42
22 47
13 40
14 65
29 58
30 16
3 11
25 21
25 92
27 40
22 8
29 97
25 52
7 27
9 34
7 96
15 21
18 62
14 49
20 73
23 71
13 84
0 100
30 37
4 9
24 20
13 14
15 74
21 78
11 81
0 47
14 41
22 46
23 22
4 96
14 49
14 96
8 100
5 49
28 51
23 63
19 15
19 36
9 38
22 45
12 95
12 83
9 6
18 74
23 16
1 72
29 54
5 38
26 31
25 26
16 79
23 44
9 80
24 99
9 5
14 7
30 54
1 15
2 88
18 29
3 53
10 73
20 57
17 50
4 13
16 64
15 67
5 72
0 78
26 87
7 99
25 33
16 51
5 47
24 64
2 50
10 11
21 77
14 97
18 79
8 51
29 23
0 86
0 70
27 82
7 39
1 2
12 10
19 15
21 45
11 57
24 20
29 13
11 46
29 80
5 30
29 37
29 1
17 30
1 13
13 58
0 92
12 34
15 36
30 31
21 94
30 17
14 32
12 57
18 89
12 47
3 73
22 31
19 27
21 69
9 6
17 49
25 97
22 38
19 52
8 96
30 61
11 78
0 72
23 13
29 55
29 12
5 4
0 24
13 79
5 93
26 89
16 13
29 80
4 92
23 57
2 13
30 58
16 4
20 14
27 40
15 29
13 62
0 32
21 12
28 40
8 37
18 14
1 36
26 78
3 83
12 46
26 54
10 84
24 2
18 97
20 13
17 80
4 30
29 85
2 71
7 66
21 69
10 28
4 80
8 18
28 49
0 82
18 63
3 61
28 11
4 42
11 32
24 19
1 34
7 8
15 78
7 34
11 4
23 6
28 78
25 6
12 48
1 51
19 16
8 94
28 46
26 4
14 28
21 32
10 73
18 72
29 14
27 21
16 40
0 72
1 49
26 43
4 72
21 24
11 12
26 1
18 99
0 15
19 58
11 4
9 96
23 65
7 37
24 59
27 66
10 8
1 27
1 10
28 7
19 97
22 80
8 68
15 17
20 63
0 97
14 71
0 86
8 51
4 35
30 41
12 12
9 41
1 73
20 88
27 81
18 46
12 16
6 81
8 38
16 80
15 88
25 99
7 81
2 55
10 88
20 64
27 1
7 73
1 94
18 13
5 56
18 45
10 80
27 64
16 30
9 92
20 1
11 22
8 40
14 61
19 56
6 51
10 89
28 12
30 25
6 7
25 34
4 36
8 11
14 65
17 56
22 93
30 50
0 51
6 3
25 95
21 64
23 85
0 9
18 15
21 84
26 5
23 70
20 73
12 31
8 23
2 72
11 78
2 88
1 87
22 47
24 75
7 14
7 80
19 8
8 44
5 55
25 62
18 80
26 68
19 82
7 75
4 62
1 68
19 76
20 66
6 77
14 92
7 17
3 16
3 78
19 13
18 65
8 93
1 38
14 36
29 7
29 85
27 93
26 9
7 43
30 32
28 86
22 34
2 58
23 22
4 14
9 70
7 61
19 82
7 19
29 12
4 44
28 96
26 53
26 79
26 93
8 42
20 94
26 15
14 90
13 98
8 100
6 82
9 68
8 14
1 87
22 46
7 23
24 47
15 30
16 65
2 34
4 4
18 96
22 49
11 61
7 47
17 21
5 80
29 5
19 50
16 39
15 31
22 42
24 37
4 19
2 19
21 23
6 43
8 13
29 77
7 64
2 46
14 93
18 81
26 62
30 5
15 9
8 29
13 40
25 70
6 88
0 54
10 77
30 70
4 16
6 46
20 4
17 75
14 54
22 45
29 86
3 41
0 74
1 1
7 80
9 44
6 46
7 61
15 53
29 88
13 33
17 40
6 77
29 32
24 32
19 39
17 84
29 59
18 75
0 92
29 17
23 27
5 82
17 13
19 75
4 6
2 88
19 63
6 94
13 97
27 62
1 91
25 98
0 73
12 57
18 12
9 26
3 66
6 20
12 57
9 33
18 35
1 82
13 41
9 95
12 11
9 18
2 87
12 26
15 68
29 12
28 8
30 28
15 57
16 23
1 94
28 39
24 42
17 60
4 31
15 16
11 98
23 58
17 75
12 67
12 90
3 64
28 98
19 82
5 75
30 88
6 54
7 89
24 22
23 73
12 28
13 2
0 20
2 67
12 61
23 17
2 22
9 52
25 3
3 24
7 42
7 87
14 33
15 13
17 17
25 30
17 84
24 25
18 19
29 77
18 8
15 2
10 36
14 79
23 9
22 39
1 66
17 35
29 58
1 83
5 18
14 18
26 96
22 44
9 92
30 73
8 3
0 58
13 97
10 18
24 61
1 51
26 48
24 78
8 39
25 32
26 9
11 3
7 60
3 11
5 15
5 27
11 99
16 68
27 34
16 13
17 16
24 45
6 70
18 94
13 63
26 12
24 79
27 19
9 49
12 87
0 53
30 79
18 65
2 11
12 14
2 38
16 91
27 68
3 14
21 41
14 40
17 18
0 58
7 6
10 1
27 60
4 1
3 37
4 14
13 46
9 3
30 91
4 17
23 48
5 82
18 54
15 83
20 79
21 67
27 17
29 95
25 85
20 35
19 3
8 95
7 60
6 79
28 74
5 21
24 70
29 29
12 54
11 89
14 62
14 79
9 95
14 77
20 11
9 56
27 20
3 38
24 51
10 12
29 87
11 17
17 25
29 57
23 97
17 90
12 88
26 89
23 40
19 19
9 52
4 83
28 35
7 85
24 46
4 37
27 81
17 18
22 56
14 4
18 83
3 54
2 52
20 52
7 26
26 97
27 81
30 48
3 59
15 28
17 98
8 42
8 98
12 39
26 67
14 11
6 3
6 60
10 64
23 2
13 86
18 60
15 52
2 4
29 65
10 27
3 47
23 87
9 7
18 58
2 7
21 82
24 37
19 80
5 95
28 63
11 24
1 63
21 66
1 77
12 35
18 72
13 77
3 4
9 36
12 22
23 21
6 53
13 89
23 95
14 33
21 50
6 78
21 95
9 16
8 71
28 1
13 73
17 50
3 24
14 67
22 1
15 6
15 2
1 86
9 50
8 89
22 72
6 91
12 100
15 95
26 21
24 79
5 74
25 25
1 23
21 17
28 98
3 88
14 34
0 8
2 64
19 74
6 2
10 83
28 30
2 68
0 17
20 62
0 32
2 7
15 87
1 98
27 32
7 54
12 28
4 79
23 52
2 71
27 17
6 58
12 98
13 39
28 83
5 56
18 34
1 30
22 84
19 97
2 15
27 71
19 99
21 87
1 32
12 62
30 82
9 46
17 13
26 61
15 75
10 33
27 24
17 77
6 84
6 22
11 34
8 65
6 94
11 21
23 72
3 15
0 19
5 46
23 61
4 29
5 33
22 43
23 44
16 60
3 40
11 9
6 38
21 37
7 34
11 86
7 11
28 27
21 97
17 36
9 44
14 84
10 79
24 11
7 57
22 67
3 51
8 81
9 20
18 4
23 14
3 82
0 89
9 55
8 84
22 59
8 39
28 8
0 10
14 18
20 30
16 83
7 21
7 45
12 77
15 94
26 94
12 67
18 56
30 61
3 94
25 92
0 36
18 62
18 33
16 85
15 77
25 25
25 34
14 31
28 58
8 3
6 74
29 32
21 2
22 54
28 92
14 99
29 5
14 59
1 22
29 4
17 60
8 90
9 5
23 42
21 58
9 37
16 2
24 54
22 98
10 60
3 30
17 70
4 97
8 70
0 32
17 83
8 43
3 47
8 94
15 7
2 50
19 39
17 78
30 75
30 56
27 18
5 76
27 12
23 91
23 9
5 19
5 87
5 17
15 75
11 29
1 84
5 25
4 59
5 32
25 72
1 68
16 70
12 61
11 53
19 17
8 34
17 20
5 32
23 37
5 14
13 45
18 20
26 66
3 97
2 44
8 49
9 96
2 78
20 33
4 37
18 30
2 50
15 42
13 14
0 8
11 22
18 62
11 91
28 5
17 60
5 85
27 90
22 47
25 66
14 97
14 19
24 24
8 98
16 36
15 46
22 25
23 50
6 35
27 36
16 2
7 35
22 73
11 98
10 23
3 26
24 55
18 14
9 27
21 3
13 77
24 23
15 98
3 20
7 74
18 22
26 80
9 68
3 66
5 66
3 7
8 59
18 56
17 29
24 83
2 72
0 24
11 38
22 21
27 14
6 31
21 37
16 89
30 49
24 88
30 44
30 6
28 21
0 82
20 95
23 95
16 60
19 10
22 11
23 29
14 96
6 65
10 39
6 32
12 71
7 44
11 76
6 47
10 96
8 29
16 23
16 53
25 23
4 17
13 45
22 71
7 34
21 82
27 13
16 52
21 91
7 75
26 61
13 14
9 20
8 88
29 41
15 19
11 21
0 87
2 5
30 38
18 16
21 34
10 28
1 81
29 24
26 34
8 91
14 54
12 33
5 92
23 10
23 58
27 37
23 36
24 40
11 19
16 68
30 80
20 27
11 16
28 44
1 34
25 80
4 12
14 99
28 92
12 44
29 17
12 98
26 38
29 46
1 92
30 26
27 95
29 30
15 94
25 13
5 64
28 9
0 61
3 6
7 85
28 31
6 97
20 61
30 57
2 34
13 49
24 14
6 71
29 31
13 100
19 33
20 70
30 19
4 1
24 49
29 30
4 98
4 92
7 52
4 47
0 42
20 100
26 34
14 85
12 27
12 15
6 9
16 35
14 32
5 96
23 2
1 98
11 90
15 32
15 83
9 29
3 99
21 77
11 100
27 80
9 85
7 52
3 65
27 8
24 17
4 13
23 71
30 52
30 67
15 68
29 28
29 86
13 51
21 76
28 28
4 67
12 88
6 4
11 29
17 3
18 67
22 53
9 28
18 92
9 34
1 1
24 85
15 56
24 47
17 57
15 30
25 73
20 77
21 65
29 37
2 13
29 46
15 72
17 85
24 92
14 68
9 25
10 61
13 85
25 48
28 16
12 86
10 66
13 74
4 28
5 15
24 21
22 63
7 65
15 58
19 34
28 83
28 79
17 84
3 43
29 92
19 14
5 63
6 12
23 35
23 32
17 48
22 76
15 58
3 99
13 73
11 69
3 43
22 35
13 65
8 44
18 7
22 88
17 1
22 47
13 80
24 15
0 88
7 42
16 60
24 62
15 25
14 13
7 90
7 97
23 60
15 86
17 59
11 66
12 84
15 12
12 90
6 55
0 69
3 16
2 14
25 8
1 95
23 77
20 94
15 69
21 81
6 81
30 33
8 10
17 97
12 91
2 36
13 63
27 62
19 15
15 86
9 42
16 40
1 62
10 5
13 10
21 74
7 2
1 90
22 75
30 32
4 45
23 4
16 17
21 44
10 100
18 95
29 26
20 82
18 86
4 52
24 58
3 17
11 2
28 16
7 49
24 81
20 3
18 16
25 24
19 66
29 45
3 19
12 52
18 17
5 1
8 27
19 4
20 68
4 18
15 54
29 68
10 47
20 11
20 96
26 57
11 30
5 84
29 49
10 76
21 75
30 25
5 54
9 85
12 26
16 31
5 47
19 39
23 42
3 5
14 4
27 81
8 99
9 28
9 28
17 76
21 15
27 39
1 52
18 64
12 9
14 30
23 33
22 98
30 84
2 65
26 28
19 36
13 23
24 7
30 67
5 89
10 28
25 68
27 83
19 56
20 11
21 87
10 15
21 89
22 78
30 71
0 65
25 29
9 24
30 61
19 20
17 15
26 28
13 2
23 80
25 91
14 22
9 25
25 20
4 72
26 84
25 93
8 100
19 54
6 70
13 3
28 15
7 85
8 64
14 1
26 84
6 96
21 38
26 89
17 56
7 96
12 82
6 8
7 6
7 48
29 51
29 100
30 44
20 77
14 6
19 14
24 39
12 36
20 8
20 51
4 45
7 75
27 26
18 35
12 33
2 62
18 61
18 99
14 39
22 99
15 27
18 34
29 8
19 45
17 58
12 63
9 52
21 87
8 2
7 31
27 3
14 52
16 27
1 69
4 92
3 5
8 51
10 42
10 32
22 36
10 72
14 2
6 94
15 79
18 90
2 73
16 93
28 51
17 83
8 80
3 85
19 59
17 46
2 37
20 38
13 93
0 41
10 58
4 74
16 30
0 11
19 19
14 7
28 86
9 92
19 46
28 50
5 73
11 11
19 41
18 13
24 36
17 92
4 72
15 57
30 3
0 29
6 44
16 8
15 70
11 90
26 66
9 37
23 57
28 100
22 51
26 75
18 7
12 33
11 41
9 7
12 19
4 40
12 1
3 23
14 79
2 58
18 41
29 80
8 71
16 71
29 69
3 54
10 34
26 31
3 60
2 34
18 22
4 13
20 30
19 83
25 95
17 10
16 74
14 34
15 90
26 44
3 80
1 65
30 28
16 46
0 57
15 10
25 99
19 100
15 40
17 29
7 14
25 65
17 21
13 36
12 32
17 90
22 56
19 3
7 9
22 2
4 60
15 1
0 94
9 31
21 99
12 51
6 38
5 50
0 87
23 87
9 35
3 2
29 57
20 96
20 100
6 98
24 84
5 27
5 84
29 52
26 33
23 8
30 90
25 13
20 75
28 57
24 93
20 23
17 28
2 3
18 31
13 57
4 92
14 17
2 11
12 78
16 32
2 1
3 75
27 76
21 12
4 4
8 54
8 3
23 26
6 68
23 14
0 100
21 14
17 99
9 83
14 76
26 38
16 97
19 59
4 50
1 61
27 22
6 7
11 81
11 4
1 67
20 28
3 82
0 97
20 69
23 72
16 16
26 47
7 76
15 84
7 94
12 95
17 20
7 83
29 10
22 60
24 78
14 40
6 5
26 53
6 38
15 46
10 38
5 27
0 1
22 18
16 3
8 57
14 95
23 43
20 2
18 20
19 89
5 48
24 80
17 71
0 99
25 54
13 99
2 94
8 85
7 98
25 23
20 92
9 66
8 84
9 74
7 1
27 56
18 67
14 16
12 81
19 97
23 43
21 64
15 38
16 23
4 15
24 53
17 25
9 65
25 43
30 23
2 15
4 4
12 56
7 6
15 95
19 52
22 78
11 60
16 26
12 92
27 5
17 27
21 98
14 10
5 31
11 99
7 4
25 13
28 65
18 89
2 13
7 29
23 59
9 73
24 1
28 58
7 17
6 98
22 6
21 17
23 15
5 72
2 58
4 39
14 84
0 2
10 54
15 83
26 92
11 52
29 60
10 1
25 58
17 79
25 93
22 84
24 40
17 17
29 23
30 74
9 67
30 68
20 4
15 80
23 32
26 43
24 20
4 29
13 96
17 65
8 29
15 29
25 50
23 14
4 23
0 57
27 100
29 82
11 31
16 69
19 43
21 82
3 67
10 11
13 12
10 35
28 25
20 25
29 36
21 54
27 76
21 27
16 65
3 13
26 72
5 44
25 30
6 42
28 36
14 26
17 38
1 12
7 60
2 80
11 73
15 36
19 31
9 53
29 31
13 21
27 98
18 31
5 76
18 30
27 56
19 5
13 39
30 33
5 21
24 36
6 66
3 92
15 52
2 14
20 57
10 96
20 87
25 43
6 20
10 29
24 41
26 81
28 71
2 27
11 77
4 75
12 50
5 2
23 83
15 85
30 62
20 95
29 86
29 91
25 11
26 20
11 6
21 39
11 35
21 19
15 31
24 97
5 52
12 51
9 3
19 56
9 68
24 92
29 16
2 94
14 84
3 79
2 76
25 16
11 63
6 33
2 81
23 39
16 66
11 57
19 57
24 1
1 24
23 86
1 74
20 72
20 79
2 83
29 56
30 24
30 76
9 27
24 99
1 28
15 13
3 98
21 28
30 29
6 84
16 93
25 70
18 20
5 18
27 85
0 70
20 26
7 50
10 1
26 42
27 75
16 13
1 99
5 29
0 58
26 57
19 61
18 94
9 91
16 14
1 52
29 2
21 34
13 22
5 63
18 29
4 26
14 52
11 7
16 67
11 19
5 56
7 11
11 80
14 10
30 74
23 7
21 7
8 67
3 39
15 87
11 95
29 50
3 88
1 28
19 24
24 77
26 12
13 87
1 85
7 88
7 28
5 13
28 15
30 15
8 58
5 17
28 39
4 6
7 84
25 3
2 14
13 38
28 48
27 95
21 90
23 89
30 86
5 88
16 73
6 4
20 98
7 27
19 91
17 17
0 11
7 16
19 23
24 28
15 39
19 65
30 81
28 92
2 70
16 42
20 73
1 39
10 59
15 75
14 33
17 19
4 68
27 51
1 23
13 90
10 54
15 84
24 63
26 3
23 66
20 54
30 81
12 75
8 84
20 83
26 78
28 97
16 94
12 81
16 8
24 82
2 94
16 6
13 99
13 45
16 52
14 79
13 70
29 45
9 74
3 32
27 86
15 3
8 84
22 69
23 63
10 4
3 20
2 90
21 78
4 30
12 39
20 86
0 95
8 32
20 99
18 69
20 63
18 34
18 62
12 74
24 92
17 67
13 52
30 34
22 90
8 6
25 75
2 92
25 70
19 1
29 58
18 2
27 52
21 84
9 3
7 69
5 4
14 63
6 3
20 7
5 68
9 13
30 51
8 46
24 64
10 38
25 21
11 19
24 89
8 95
23 67
17 39
24 31
6 82
7 13
19 24
11 36
6 50
10 37
26 15
3 12
13 45
18 5
14 18
1 22
25 34
16 21
14 40
27 82
12 100
23 2
9 84
17 40
12 14
24 13
28 50
3 86
20 92
25 26
9 60
3 19
29 83
2 23
9 3
13 71
6 66
23 46
24 6
18 45
7 74
26 82
22 34
29 8
22 79
26 9
18 84
18 92
1 9
24 61
4 91
1 3
4 48
16 69
11 52
4 11
9 5
23 56
10 53
13 100
22 55
24 91
3 60
19 92
28 53
19 3
1 81
17 15
18 19
0 32
21 53
8 32
2 15
15 6
11 99
6 17
14 88
19 60
7 26
12 25
23 14
0 94
1 97
13 30
28 12
22 17
21 62
10 72
16 88
14 79
15 7
27 7
9 87
3 93
24 26
11 87
16 5
29 6
23 59
4 47
7 56
20 31
26 53
27 16
30 80
0 36
14 67
22 65
4 27
27 72
7 26
22 48
5 65
10 95
30 69
22 76
12 47
5 16
12 50
7 89
17 26
17 61
14 64
5 17
18 14
12 36
13 45
2 47
3 29
6 93
8 71
8 87
22 27
0 45
9 79
12 30
24 64
29 2
10 11
15 9
22 42
21 89
9 51
9 5
11 30
6 71
25 96
1 35
22 80
1 75
10 41
5 86
30 51
20 95
5 5
1 79
12 92
12 98
2 67
16 61
9 28
15 29
29 74
4 56
19 10
28 79
5 6
15 28
2 3
25 13
13 4
3 17
5 70
8 76
5 45
27 21
23 35
12 67
6 90
23 68
26 84
13 68
28 39
4 16
0 91
30 57
2 64
10 85
8 29
23 75
22 100
4 54
28 62
14 96
1 83
21 89
11 16
25 13
26 80
4 99
12 67
6 8
10 30
3 48
2 90
30 61
16 52
18 86
3 44
14 61
25 7
30 24
7 8
30 73
8 92
6 91
25 83
8 91
10 36
17 46
3 51
16 82
3 76
8 43
5 7
2 64
8 46
13 29
5 52
2 84
8 80
12 55
25 29
8 80
22 59
25 69
0 66
11 4
20 45
28 9
7 35
28 91
22 55
20 95
24 52
12 31
13 74
11 12
4 86
7 51
22 42
25 53
3 90
13 66
10 25
25 37
18 7
1 70
26 60
13 42
30 15
23 10
24 33
1 67
15 64
1 98
14 58
2 7
11 11
6 75
14 2
6 22
25 31
16 66
3 55
15 81
24 64
15 43
16 87
10 52
4 35
3 45
28 72
6 85
5 88
8 5
12 36
19 64
6 1
3 23
21 80
28 28
14 98
3 78
27 74
21 87
24 96
15 14
10 70
26 91
22 3
4 11
17 63
25 54
23 39
8 12
5 93
14 72
2 56
8 15
26 12
25 75
12 81
18 16
7 28
28 49
15 16
30 86
18 77
21 85
8 63
28 2
8 13
1 38
14 47
3 24
3 23
5 35
18 30
15 2
29 12
22 21
5 16
16 65
18 49
21 3
6 1
6 94
2 95
10 88
14 66
8 53
2 31
11 73
14 13
4 92
11 69
0 59
10 23
12 48
20 48
8 43
25 92
23 54
1 53
21 31
11 15
11 76
28 10
0 94
6 40
8 14
12 20
20 94
14 87
29 69
11 62
15 89
23 100
17 79
9 55
4 62
7 82
6 90
8 12
10 93
22 35
10 8
9 69
2 89
9 92
4 13
27 81
26 43
7 55
7 7
11 14
15 33
12 53
23 53
16 9
27 37
22 75
28 73
12 19
22 99
0 44
21 56
18 17
2 2
4 92
16 39
17 4
26 61
14 58
28 84
10 24
6 89
0 3
4 24
30 53
5 28
16 5
0 43
7 82
14 95
10 43
13 64
0 35
23 51
9 34
11 72
1 84
29 67
0 4
23 20
29 52
7 60
16 28
19 79
21 42
18 72
18 21
26 48
30 70
26 29
14 49
21 43
27 47
27 23
14 27
10 42
23 30
22 61
4 31
8 93
7 4
18 31
8 4
10 96
22 24
17 41
15 26
21 76
17 98
3 98
17 77
20 23
14 25
29 42
10 80
24 44
12 89
24 71
20 63
3 29
26 55
26 55
1 27
18 30
7 59
10 40
16 36
16 89
26 29
8 51
10 13
8 5
17 85
30 46
8 58
16 95
27 11
21 46
1 85
11 25
16 48
21 27
4 30
20 71
24 14
19 93
21 88
17 62
10 5
2 5
26 73
17 98
25 96
22 19
4 36
26 21
6 91
29 32
21 16
17 59
5 14
9 73
30 32
8 17
3 26
16 37
0 79
6 32
1 56
14 62
17 28
24 98
21 8
9 55
6 89
6 7
2 5
19 91
18 67
9 31
21 60
4 99
29 74
29 34
16 22
22 44
17 30
14 46
29 84
26 54
10 95
3 61
23 79
23 88
19 42
28 86
24 67
26 5
14 55
21 80
0 61
8 13
16 1
27 25
25 27
6 97
20 39
9 21
22 25
2 94
16 45
12 2
25 20
28 57
18 51
21 84
5 71
9 12
18 34
1 78
17 7
16 25
15 50
16 1
16 45
30 15
4 5
9 36
10 21
25 60
7 56
4 92
25 93
29 11
28 19
21 87
5 62
24 52
12 10
21 17
22 26
2 11
2 26
18 20
30 5
4 18
11 52
20 73
0 57
30 24
16 61
3 30
10 82
4 86
22 56
24 23
20 55
2 93
16 43
26 88
0 20
28 61
27 70
19 68
4 46
16 4
19 97
30 49
1 94
11 11
10 36
12 63
12 33
12 1
6 97
23 75
2 81
1 13
6 37
1 41
21 68
22 30
26 61
11 40
12 38
14 70
26 54
10 61
2 37
26 52
9 54
13 64
13 97
13 80
22 43
0 12
23 95
16 46
7 76
3 79
0 84
25 48
19 30
30 95
25 41
17 93
16 64
10 47
17 29
3 33
7 28
25 31
13 85
8 12
1 54
23 23
5 10
25 72
7 92
25 42
20 35
27 50
30 24
1 43
16 42
26 98
7 91
23 70
26 41
28 58
22 21
3 15
18 96
15 30
21 45
21 52
15 44
3 58
19 34
2 95
29 13
17 83
2 88
21 26
27 82
24 6
11 91
16 87
6 37
28 62
11 65
24 61
26 17
12 56
7 86
1 68
29 3
11 74
29 7
14 36
29 60
30 58
21 72
5 19
25 34
4 77
6 76
15 8
30 42
6 4
16 20
30 3
29 63
9 6
16 41
28 95
13 97
18 1
14 47
0 52
25 69
19 53
28 61
26 54
11 40
19 63
0 91
20 56
30 5
2 50
15 71
17 31
30 10
21 53
28 98
2 90
21 84
30 10
17 7
22 72
8 58
12 12
22 18
5 49
19 46
24 93
8 49
2 39
7 92
5 28
3 44
19 67
17 21
21 20
0 46
19 69
7 44
15 99
23 45
12 36
17 27
24 19
11 12
2 55
24 68
28 56
20 45
24 47
21 97
4 65
20 36
13 74
20 38
29 45
28 72
25 89
23 23
9 31
9 55
4 3
19 68
30 32
9 25
14 4
24 4
2 80
3 68
15 79
14 47
8 26
1 59
3 96
11 53
4 23
12 35
0 23
2 62
18 15
27 3
24 11
1 68
3 90
5 60
9 17
21 29
3 84
20 36
3 93
23 82
22 17
27 13
30 41
19 26
0 73
4 25
19 27
16 6
7 78
10 58
16 85
15 60
8 95
5 19
8 26
24 32
27 28
9 73
12 35
4 84
0 98
25 21
28 100
14 68
30 22
17 61
4 82
15 2
11 21
29 85
20 69
22 13
0 44
10 38
15 41
4 10
23 71
28 7
26 13
20 94
12 74
23 32
5 14
16 5
23 93
29 26
9 95
17 42
11 35
24 37
20 10
5 94
7 37
2 37
21 95
23 82
14 60
0 12
2 25
9 65
20 60
26 85
18 86
20 56
24 88
1 95
30 24
27 34
14 42
14 21
19 53
3 54
7 52
25 8
25 26
22 25
24 17
10 46
22 8
12 84
17 26
22 37
18 64
13 35
6 82
26 38
21 35
14 39
10 3
14 68
30 80
9 30
1 94
1 46
26 45
29 26
7 91
17 96
17 11
2 22
19 57
14 66
5 54
6 80
2 18
28 65
6 33
1 16
24 18
14 98
21 65
14 16
14 5
5 42
16 1
17 30
23 76
12 100
4 85
15 43
12 91
14 68
23 79
14 6
0 44
14 3
25 33
0 85
23 43
6 44
15 67
3 59
3 61
10 67
28 53
12 61
15 48
27 86
6 18
12 12
16 58
15 43
8 81
10 39
20 84
17 88
29 21
28 32
9 90
2 5
16 58
26 28
13 98
0 45
8 88
0 25
16 12
1 19
10 30
20 37
9 43
21 18
28 69
3 8
29 63
17 35
30 65
8 20
19 29
30 14
1 32
16 7
3 19
24 79
6 17
15 99
3 92
26 98
22 88
4 45
3 83
15 91
27 34
16 69
25 12
3 10
14 59
4 12
21 52
15 89
27 58
1 66
2 14
11 25
1 94
27 61
10 68
2 7
5 39
23 54
4 77
18 38
10 19
20 47
6 86
14 68
8 93
10 66
4 12
1 80
8 53
24 92
5 26
29 74
7 39
22 33
27 62
4 17
22 78
1 23
10 71
24 86
6 49
0 17
24 6
11 54
1 72
9 10
14 53
30 14
16 79
25 94
9 65
30 20
8 27
21 59
21 8
8 58
21 39
22 96
16 92
12 28
29 45
0 31
17 50
3 85
2 62
2 66
22 74
8 79
24 72
8 35
23 6
18 57
13 85
17 52
13 39
27 60
22 17
6 9
1 86
4 28
1 38
18 84
21 85
0 84
9 67
16 19
14 88
6 72
29 67
11 38
25 59
30 20
13 100
4 44
3 85
30 26
21 58
13 68
1 74
27 96
11 93
0 1
30 32
12 19
16 29
3 22
9 31
23 5
8 96
4 92
16 50
22 44
20 95
25 70
25 92
17 62
28 84
14 13
23 66
28 18
10 71
29 71
19 6
2 100
6 98
0 7
27 33
1 68
24 57
14 73
1 54
30 24
3 24
13 27
25 44
20 61
13 11
7 68
4 62
15 100
7 68
26 42
4 67
7 70
12 97
12 35
11 83
29 70
24 72
30 30
10 57
13 92
21 83
25 77
3 14
6 2
6 21
27 29
0 33
19 49
2 12
18 42
13 65
15 63
29 46
11 51
11 79
21 85
20 34
10 21
16 32
1 100
12 81
6 94
26 92
8 93
8 86
3 72
13 29
23 52
4 40
21 96
24 43
29 13
11 31
6 63
6 74
2 4
19 2
1 71
9 78
20 68
0 20
11 93
29 10
4 66
16 19
10 41
20 59
15 53
18 59
21 49
22 5
25 48
19 96
12 64
20 56
9 44
1 51
3 6
28 50
29 17
30 11
28 63
19 90
19 19
27 97
3 97
0 69
24 13
13 11
25 2
23 54
29 25
12 13
10 40
8 83
25 86
17 47
28 17
29 73
16 100
30 26
7 80
15 8
15 80
15 53
8 61
25 57
13 2
19 50
24 32
2 46
26 65
5 77
21 60
20 55
3 27
27 52
21 50
30 41
21 3
22 41
30 72
3 22
1 76
22 48
14 48
21 17
21 9
21 67
23 35
13 86
22 19
21 50
0 61
27 19
28 52
14 16
17 91
14 35
24 12
10 25
5 58
8 69
10 41
26 10
9 28
28 55
19 62
27 8
18 2
29 15
22 23
4 58
16 64
19 41
7 11
8 25
3 3
14 94
25 81
28 23
14 51
23 87
27 69
18 39
23 78
10 69
17 81
20 19
22 4
16 45
13 17
21 77
29 22
8 81
14 29
7 15
7 85
8 60
16 76
22 21
30 62
26 17
23 97
12 75
1 70
27 70
10 70
8 7
17 50
17 49
5 76
17 78
15 89
2 75
6 18
28 20
20 42
18 5
23 4
21 10
26 16
21 78
7 47
14 66
1 28
3 64
7 67
30 18
9 51
30 13
0 71
22 47
11 29
17 23
13 5
25 86
9 43
20 23
4 60
8 97
15 26
8 56
4 83
9 73
2 96
27 1
30 38
27 42
28 90
28 98
17 23
9 32
10 87
19 63
3 17
27 32
6 60
14 93
3 20
3 2
22 99
2 48
21 97
10 53
22 85
24 57
20 77
15 16
0 28
13 91
25 94
8 96
22 45
14 65
22 55
4 64
7 65
2 64
24 12
6 30
29 64
4 97
0 16
20 79
21 54
12 11
2 51
24 27
5 57
2 72
30 86
27 45
15 55
2 80
21 91
24 9
14 43
3 21
3 11
9 58
12 51
24 59
9 6
4 62
29 7
6 64
24 20
10 57
24 39
9 32
0 27
17 27
14 99
11 30
7 20
24 65
21 98
4 36
18 34
2 2
19 11
25 38
20 89
9 42
14 50
2 38
6 87
24 77
5 39
25 1
24 80
6 39
19 92
22 8
19 76
27 84
21 11
20 35
13 31
18 4
1 48
3 86
3 35
21 58
14 42
12 40
10 63
18 66
9 87
23 93
0 52
12 42
5 28
2 6
2 44
20 63
30 7
26 82
8 33
6 2
29 57
17 2
19 61
1 2
3 29
2 94
12 54
29 2
26 70
19 55
26 76
8 50
4 17
28 89
3 57
19 54
15 55
5 77
6 76
19 89
0 47
29 10
13 55
29 69
30 76
26 53
25 65
5 69
25 43
28 41
10 98
21 16
14 96
9 85
11 42
0 96
20 97
5 59
14 31
22 1
25 27
10 66
26 79
0 1
8 83
26 92
19 41
20 60
9 52
21 5
27 92
21 80
9 17
20 8
7 52
0 91
16 66
10 25
3 58
5 1
19 85
10 13
16 32
7 42
2 44
30 32
0 76
21 64
8 56
1 31
14 2
12 34
28 56
10 57
14 24
26 25
14 85
30 21
22 63
10 54
20 58
28 21
8 67
5 26
12 53
16 90
21 85
24 30
22 33
5 84
25 29
1 35
7 8
17 62
18 66
0 49
25 50
5 41
24 36
4 81
22 82
7 74
21 69
3 72
27 9
21 31
26 22
16 28
17 77
24 53
1 85
27 26
13 49
19 81
21 67
12 29
30 32
15 83
22 97
1 18
10 18
5 50
8 78
16 58
9 75
4 6
19 79
13 59
0 37
17 59
2 23
17 14
14 92
14 6
18 63
24 15
10 90
8 24
21 96
0 57
26 96
24 94
16 54
21 38
23 22
1 34
20 73
10 73
7 55
11 29
23 7
29 33
1 19
19 53
18 61
27 8
23 54
7 82
15 54
22 44
20 64
17 22
28 69
15 99
19 72
0 28
3 40
29 27
19 49
20 34
1 68
24 97
15 49
19 83
24 3
19 55
24 68
6 89
6 37
15 88
10 96
19 13
21 1
10 80
7 71
19 89
14 51
2 59
23 87
13 9
4 80
8 45
5 90
5 33
23 62
13 11
7 66
6 73
10 17
7 91
21 38
28 33
17 74
11 17
3 4
11 22
3 6
10 35
24 18
25 3
6 11
22 78
19 60
23 76
8 13
2 88
22 73
5 67
24 99
4 9
1 32
19 9
25 41
9 64
18 27
10 27
10 78
4 98
23 12
23 42
20 23
29 42
0 44
12 56
9 11
27 4
3 42
0 76
19 20
27 67
0 68
3 47
6 13
1 24
29 44
9 18
12 3
25 4
17 50
26 28
8 93
4 12
6 37
17 47
23 73
16 14
11 39
0 81
25 38
6 14
15 22
30 80
18 36
16 5
30 89
10 43
30 17
28 10
30 55
30 5
28 51
0 29
23 91
22 46
24 13
11 93
4 94
10 17
26 26
25 43
20 60
22 80
26 40
24 57
25 78
15 68
7 84
23 37
20 88
25 68
25 36
23 7
6 85
30 74
6 63
25 90
22 65
26 97
8 86
21 89
11 43
12 100
27 59
5 4
9 85
15 50
14 32
2 77
7 83
4 85
23 96
1 79
29 31
28 18
18 64
23 41
21 66
25 64
4 79
6 78
7 52
1 16
2 5
0 14
25 13
30 4
28 57
21 50
0 89
3 60
27 13
17 23
21 63
29 99
4 53
2 17
22 3
18 79
10 80
12 2
6 55
8 27
14 81
0 1
24 92
12 32
6 18
17 32
5 92
0 99
28 34
13 11
5 71
25 9
8 50
19 74
1 81
24 57
15 55
1 40
18 81
5 90
5 58
29 84
13 64
23 42
29 47
26 60
0 36
13 74
17 55
12 54
10 54
20 28
21 25
1 45
15 43
8 17
14 78
19 63
21 26
30 68
7 94
9 15
10 86
26 33
14 48
23 22
21 15
5 7
6 13
14 81
3 97
30 69
17 24
6 63
27 30
23 87
22 44
21 33
6 87
1 50
12 81
29 11
6 19
10 74
18 95
18 64
23 41
26 14
23 62
12 24
10 69
17 34
3 70
15 80
22 75
10 87
3 64
6 43
22 53
11 22
18 80
1 86
7 24
5 71
15 100
29 73
3 88
14 75
14 58
8 76
12 96
0 86
18 21
6 7
8 21
4 26
0 96
7 12
21 69
20 73
6 76
21 75
10 86
2 86
19 81
28 23
10 32
19 91
2 84
4 8
5 77
7 70
1 52
23 6
13 30
17 19
24 48
19 55
27 13
0 60
0 74
27 79
11 58
9 55
12 23
18 33
11 74
25 96
14 7
15 10
23 58
9 78
17 76
15 55
23 16
29 12
23 92
29 68
18 93
17 60
28 43
0 64
9 83
5 1
13 82
5 67
11 86
30 25
2 12
15 92
26 1
20 41
20 83
17 55
27 83
9 57
14 32
5 30
5 58
14 7
29 70
26 41
9 57
21 29
11 22
25 81
23 40
28 26
9 13
7 45
14 1
21 66
14 40
7 49
28 91
24 54
28 92
29 48
29 6
21 90
6 79
29 86
4 54
27 22
4 89
16 69
18 15
6 88
7 62
4 13
22 69
25 89
26 42
9 4
28 23
24 79
13 94
12 26
10 80
5 79
26 83
30 97
24 56
19 41
23 61
26 39
17 31
6 99
1 99
6 23
6 19
17 79
27 21
19 30
29 17
19 56
3 35
4 50
7 22
0 24
25 55
12 49
20 98
14 32
17 26
21 72
23 84
29 67
25 25
13 56
14 66
12 28
18 49
23 69
4 71
21 38
23 85
30 52
12 3
21 15
0 71
20 45
23 34
13 9
15 1
24 18
16 2
28 2
19 8
20 31
18 88
5 80
20 94
25 71
3 99
15 87
29 89
25 100
11 32
1 63
16 74
20 58
11 93
13 94
22 48
4 62
27 71
30 9
25 50
20 83
1 59
9 35
23 83
4 29
9 28
9 66
21 78
7 12
3 24
10 59
26 98
10 63
29 87
17 51
2 69
7 7
9 69
12 96
30 71
0 46
15 10
17 20
10 9
8 19
13 75
1 41
9 64
6 41
11 57
14 58
20 94
3 66
16 35
12 6
18 53
30 62
10 26
4 66
23 53
4 13
22 78
0 1
9 59
25 36
14 93
17 20
28 26
5 61
10 31
1 35
26 5
26 75
18 84
3 12
17 34
0 83
2 35
24 12
21 84
28 58
12 29
25 90
21 30
2 80
29 72
17 31
11 31
10 16
20 85
15 30
26 85
18 33
8 45
14 12
0 30
17 5
13 16
6 94
21 3
22 8
23 64
24 81
23 99
6 77
18 92
30 39
14 62
18 1
13 61
27 23
24 39
3 33
19 56
18 93
20 30
20 4
6 35
10 62
15 2
1 48
10 61
22 20
14 44
20 17
6 75
15 28
10 75
29 92
29 51
26 29
15 44
11 65
12 50
29 92
16 66
19 30
10 28
11 46
18 30
10 35
1 87
24 84
27 20
15 15
25 27
3 21
26 76
1 53
24 1
8 79
5 6
22 86
19 9
10 97
24 97
27 6
30 94
27 31
19 70
14 62
0 74
2 62
26 44
10 57
5 26
6 99
23 70
1 48
20 62
29 24
9 35
22 11
10 18
11 17
25 44
8 66
14 95
29 5
20 34
26 42
10 65
6 13
11 40
16 33
26 33
22 87
24 2
11 45
18 45
17 17
27 56
25 73
14 18
4 6
22 81
30 28
29 76
13 14
17 68
1 62
27 84
18 72
18 12
29 83
30 11
8 95
19 8
19 77
15 26
30 99
27 31
5 63
20 26
13 49
17 22
5 11
3 3
19 84
27 19
3 55
22 30
21 70
20 52
18 72
1 54
7 76
21 52
23 65
29 56
16 20
9 18
2 83
27 58
15 22
3 69
14 80
10 34
2 5
12 72
8 13
29 48
19 47
11 35
5 43
19 8
15 79
17 35
13 33
24 11
23 48
9 48
18 95
14 48
28 55
29 38
18 88
30 71
16 5
15 11
23 77
2 69
30 19
10 15
18 77
2 96
21 92
24 26
10 99
12 30
26 22
17 69
19 99
12 41
10 25
22 44
11 32
11 21
30 78
20 30
23 55
19 78
8 10
5 88
24 11
28 29
18 8
9 40
0 54
20 95
30 81
11 4
9 72
19 64
13 10
26 56
16 95
1 45
0 68
3 56
29 77
22 45
25 59
15 42
9 44
21 84
23 49
2 24
20 64
23 90
8 89
17 80
9 30
9 83
25 98
7 76
17 38
5 24
7 36
23 87
24 52
17 39
15 85
30 83
21 68
18 36
2 4
16 99
26 3
27 42
22 15
25 68
4 30
11 80
7 43
7 36
9 98
7 9
23 91
2 36
16 63
20 47
23 6
12 41
16 28
30 21
30 90
28 29
6 7
3 7
28 62
14 57
1 15
24 82
23 70
13 26
5 15
3 20
22 20
19 60
12 97
19 34
13 88
29 58
14 80
24 54
27 60
7 24
0 83
30 55
6 58
7 88
5 33
8 73
9 27
27 86
12 43
6 67
5 15
9 98
9 58
7 1
17 34
1 24
5 19
12 10
27 98
4 49
18 47
3 100
11 94
25 14
7 23
13 6
21 84
12 58
13 84
3 21
10 66
3 52
18 15
27 85
4 3
18 22
20 8
10 65
16 60
15 60
11 17
1 26
3 48
7 93
28 4
30 91
13 5
5 55
27 75
27 58
1 68
7 31
3 90
23 23
11 98
9 7
14 80
0 3
12 67
29 22
6 45
7 20
11 41
0 79
1 60
22 33
19 78
1 36
10 87
10 66
21 18
22 60
14 10
8 47
28 91
0 5
30 47
24 71
30 95
13 79
17 71
23 16
11 86
29 99
18 22
0 46
24 51
8 77
9 42
3 76
28 4
26 6
29 10
27 88
30 35
25 66
9 25
23 43
12 48
21 12
10 46
16 54
23 71
6 38
16 46
2 78
6 80
1 11
13 97
11 20
0 54
4 100
23 42
7 89
7 27
23 98
20 28
3 89
10 88
14 52
16 24
10 44
5 29
5 67
24 34
21 67
18 65
17 82
24 60
29 27
24 94
18 84
14 55
30 80
29 19
4 92
16 28
25 33
4 10
26 74
22 31
18 77
30 67
8 61
27 49
11 79
10 47
20 1
18 56
16 87
19 47
29 46
2 32
1 14
10 53
2 43
22 2
27 84
23 38
4 71
16 57
6 63
26 33
1 86
29 86
2 76
10 60
10 66
25 62
14 95
12 74
26 96
9 59
21 51
7 63
15 26
7 30
28 60
16 74
16 69
30 6
5 38
10 73
4 80
5 77
8 83
22 46
14 1
21 38
23 17
3 33
18 11
5 100
30 92
28 2
20 8
7 10
14 35
25 33
9 94
11 22
30 48
11 95
21 43
20 48
5 5
21 100
6 91
27 67
18 92
18 97
25 11
16 62
17 5
19 79
22 83
15 69
15 30
13 36
12 100
23 89
11 42
14 55
21 94
22 97
26 30
4 38
8 60
17 50
20 87
27 23
16 27
30 66
5 32
28 55
29 31
15 92
23 5
0 66
18 9
26 6
11 9
27 84
27 42
23 69
3 7
17 39
5 77
20 35
17 34
0 24
24 78
24 95
17 59
9 65
30 100
14 81
24 18
29 29
20 44
26 11
12 41
10 89
24 29
16 3
8 33
9 71
1 93
24 13
6 31
8 73
16 89
17 77
15 71
9 51
27 61
3 43
17 40
0 36
9 93
0 29
17 85
17 53
26 38
22 90
2 54
20 10
4 21
0 25
28 7
23 39
0 67
24 40
14 92
3 82
28 29
4 54
25 55
16 45
28 20
12 80
22 79
11 88
24 93
3 9
0 97
21 80
14 94
27 55
9 97
29 32
29 68
5 24
26 40
20 33
17 96
18 93
22 76
28 17
16 90
1 96
15 84
7 39
2 41
16 73
24 8
24 66
22 20
20 39
25 1
13 59
10 45
24 71
30 53
6 66
19 97
1 9
9 63
24 70
6 46
5 67
14 88
11 40
20 82
12 23
23 63
12 88
14 79
1 35
20 42
29 20
25 1
1 71
22 27
22 49
16 56
11 20
5 61
13 70
11 77
21 74
3 26
6 82
5 75
4 42
23 50
27 51
24 94
1 99
2 10
10 52
18 45
14 81
5 70
27 8
26 71
0 82
2 52
20 27
27 37
15 22
22 6
25 71
2 96
16 95
25 90
13 80
8 20
27 59
30 39
8 29
29 56
26 95
29 28
15 71
29 19
20 62
22 77
21 41
30 48
16 74
13 14
21 11
24 61
16 15
1 59
17 25
18 17
3 46
26 51
1 53
16 30
17 24
1 5
12 89
11 22
19 69
5 73
2 35
23 7
6 12
24 68
17 7
16 52
23 98
12 47
