100
0 95
6 23
7 20
25 7
19 61
27 12
26 53
1 32
11 34
3 70
13 11
23 67
20 5
8 34
13 67
5 7
4 72
2 72
4 94
24 32
5 28
20 55
3 27
4 21
12 14
11 21
3 19
21 27
5 24
14 85
13 70
6 21
30 86
0 27
24 3
1 29
3 62
4 17
12 18
13 91
23 68
4 15
7 53
22 74
21 86
14 41
29 46
12 41
27 68
1 31
20 86
27 20
21 65
4 53
25 27
6 56
24 68
11 49
19 96
3 82
16 93
2 14
22 9
4 80
14 53
6 4
18 12
11 76
15 99
17 90
4 45
21 27
19 44
6 70
1 33
13 39
25 58
24 76
29 34
24 46
11 83
0 47
28 68
8 20
26 21
15 63
8 33
27 36
11 68
26 80
21 40
4 75
28 6
19 49
19 63
14 73
17 13
8 94
7 65
25 9
22 17
0 57
26 91
13 40
8 57
2 40
6 43
11 57
7 52
22 40
14 57
26 1
17 75
27 12
4 38
13 58
28 66
8 1
0 71
21 60
22 56
2 76
13 33
15 96
13 99
21 88
12 38
6 49
20 95
11 96
5 80
24 88
28 97
23 64
5 92
7 21
23 32
30 95
28 31
17 14
10 53
27 70
22 83
8 81
12 63
8 60
25 95
21 12
19 75
18 47
23 73
27 98
13 44
3 88
2 89
13 68
28 53
18 64
26 50
4 17
1 25
16 63
2 16
21 63
20 89
24 59
27 93
26 29
0 25
24 3
27 56
17 54
29 18
22 75
7 89
30 32
9 12
10 50
8 27
9 100
11 38
13 90
23 22
28 95
1 68
13 25
16 86
30 97
10 75
26 26
18 9
7 66
1 36
9 58
16 92
24 2
29 5
24 25
17 32
17 44
30 58
22 24
23 11
7 8
2 77
28 93
3 55
5 52
18 61
21 10
0 85
17 3
6 65
28 82
20 96
29 23
17 26
15 100
18 94
22 4
19 9
21 84
22 91
3 53
13 38
17 83
1 64
14 96
13 53
3 70
14 73
0 97
14 36
22 68
26 89
9 100
9 89
11 21
22 16
19 60
22 85
6 68
28 58
14 68
14 75
4 64
22 79
26 37
15 100
29 89
24 90
30 95
25 99
23 32
7 7
25 97
16 41
19 84
16 74
10 1
20 33
19 22
21 87
30 8
14 29
28 44
8 100
19 96
2 34
29 15
15 85
27 31
16 100
7 11
13 72
13 5
27 59
26 82
26 21
28 98
8 82
21 26
12 64
13 6
11 60
9 99
28 52
14 49
29 56
21 21
3 53
13 43
22 56
28 87
0 6
7 72
8 37
27 66
16 51
24 5
4 13
3 24
0 90
1 66
18 7
4 64
27 34
28 70
26 6
10 90
21 94
27 81
9 75
12 3
19 3
3 5
17 50
16 16
15 65
9 75
22 48
3 91
23 33
27 10
7 15
30 71
29 45
30 60
25 99
21 40
0 51
0 8
23 82
30 90
2 11
0 10
6 15
10 38
18 44
3 50
25 61
13 70
2 91
29 94
14 82
18 75
20 78
17 83
18 27
1 77
19 100
4 36
30 64
10 84
5 77
1 7
12 27
10 56
17 85
26 28
11 15
24 61
0 94
29 72
20 31
21 100
6 90
4 21
27 96
8 53
26 12
2 26
10 69
5 26
10 12
11 95
15 67
18 72
18 19
26 58
24 59
26 8
2 49
12 5
27 49
8 21
30 81
28 20
12 1
29 13
23 51
17 81
4 47
12 20
18 22
15 10
4 80
17 83
9 94
4 31
3 95
3 35
17 40
15 22
25 90
1 39
8 3
4 96
19 30
25 72
29 59
18 98
5 15
25 65
27 59
14 38
6 75
2 52
26 50
24 52
28 44
2 49
6 57
9 62
19 9
1 48
10 23
6 66
29 63
29 51
6 26
2 57
0 39
4 59
4 29
12 1
4 97
24 20
12 100
9 46
26 6
24 49
14 2
28 16
28 58
7 66
9 28
6 32
6 49
19 55
23 25
27 27
0 76
6 31
28 41
3 56
7 20
20 57
24 71
10 41
18 5
19 32
14 85
3 34
0 49
6 32
18 94
15 48
30 21
8 28
30 52
24 21
24 24
22 72
14 31
17 44
12 41
1 99
18 33
4 18
19 26
22 47
2 73
24 83
14 5
0 35
27 24
17 79
26 23
8 61
3 16
12 87
15 31
18 72
15 58
28 77
13 83
12 14
12 65
25 17
15 87
10 60
19 15
25 25
8 37
18 88
16 59
14 32
26 61
29 56
7 77
19 41
21 61
25 37
15 87
19 11
5 9
9 71
20 1
2 45
20 63
16 38
9 90
0 99
6 77
12 43
20 78
17 6
6 50
1 36
0 2
7 15
3 1
8 41
27 15
4 2
16 20
11 41
16 88
19 13
2 99
24 92
17 61
15 91
30 57
1 23
9 93
11 45
13 16
25 99
17 70
3 28
19 41
16 83
22 10
23 55
11 35
9 6
15 66
17 4
25 61
24 88
2 39
8 15
14 25
29 93
12 34
28 76
29 14
15 73
10 64
0 95
25 8
13 38
7 36
24 3
27 13
0 86
14 68
16 91
11 57
29 77
4 65
29 76
4 32
27 24
0 59
2 11
29 81
1 39
26 91
20 90
14 74
30 30
29 89
28 1
11 83
5 89
16 92
26 88
15 47
6 48
3 32
12 67
20 52
23 13
2 95
6 87
16 40
11 38
0 88
7 76
27 81
16 67
30 23
20 43
4 17
11 98
30 64
2 89
1 7
22 97
15 92
27 89
24 87
12 33
29 57
19 82
14 56
21 7
20 50
9 31
1 1
13 78
2 91
26 44
13 8
10 35
12 66
16 44
1 99
1 7
29 36
23 19
19 58
7 91
24 20
16 55
7 13
3 10
24 17
16 27
23 38
9 63
11 36
3 44
13 61
8 60
8 46
18 34
29 73
0 33
12 57
25 58
11 45
24 82
2 7
11 63
12 33
23 41
0 87
22 34
4 84
18 22
18 90
0 67
27 64
29 91
9 79
10 57
17 70
13 28
28 91
21 46
20 91
19 25
3 90
19 5
25 87
18 7
6 26
10 58
1 8
5 28
12 100
28 95
25 83
7 57
24 30
9 49
28 12
11 93
6 93
24 86
23 98
17 2
8 87
30 64
5 92
26 21
4 34
25 62
2 62
15 41
14 40
18 23
11 67
28 27
0 75
10 15
17 62
5 25
13 89
13 58
1 17
8 75
2 14
24 23
24 13
5 1
9 88
11 11
13 37
20 41
21 83
8 83
23 44
27 85
6 68
1 87
30 7
11 70
11 32
13 95
30 16
9 74
24 74
27 54
13 94
14 94
4 77
12 62
0 62
29 10
10 64
2 46
21 12
15 67
26 7
11 83
10 44
19 60
9 16
29 82
24 67
3 11
5 86
23 89
12 72
30 35
0 6
25 4
11 6
20 99
11 75
18 8
19 13
29 4
11 39
29 61
12 79
16 50
11 53
23 24
5 51
1 76
14 4
21 19
30 56
1 40
9 71
26 4
20 71
9 31
28 73
28 16
24 19
5 85
1 66
26 28
7 25
20 41
9 23
0 32
23 58
17 60
14 20
24 71
25 35
12 51
6 19
14 73
4 44
21 38
12 19
26 55
15 35
20 32
17 63
17 67
24 34
20 93
26 6
21 54
3 39
25 31
4 52
23 5
29 88
18 86
11 33
13 74
12 26
28 94
30 36
26 75
24 11
27 31
30 1
6 33
8 51
1 72
4 30
29 47
2 59
19 35
21 89
17 20
22 21
27 70
25 52
25 16
17 99
28 6
0 44
30 59
3 79
13 28
6 69
16 42
18 15
5 79
29 91
6 33
23 46
6 43
0 46
8 56
29 8
22 77
11 30
2 11
0 10
9 47
10 92
22 58
4 63
10 33
11 70
29 61
0 76
9 50
19 10
22 74
19 51
20 74
6 93
16 49
15 8
14 18
20 4
15 6
21 81
16 76
9 88
14 27
6 90
11 78
22 53
21 39
28 75
24 93
28 7
23 32
2 61
11 95
18 46
21 1
28 26
5 8
30 34
13 43
11 60
14 69
17 26
29 88
1 49
18 9
25 29
4 20
11 37
22 54
17 84
29 25
14 22
16 72
17 70
27 67
16 81
7 25
22 34
25 8
13 64
17 35
7 65
9 24
6 25
15 75
5 31
24 65
25 21
28 68
6 47
23 45
2 77
19 43
15 1
8 37
8 80
6 71
20 40
18 3
16 79
16 63
6 98
28 30
0 67
8 82
24 73
4 39
2 15
2 34
30 36
28 42
17 28
30 48
11 30
22 92
12 66
18 5
24 91
3 38
1 63
5 9
11 15
15 41
9 64
22 97
5 91
3 47
0 60
8 21
12 98
5 53
17 53
23 80
7 60
29 32
23 7
16 29
17 68
9 67
30 59
20 36
8 74
1 11
10 80
10 49
15 6
18 42
26 30
12 39
25 50
8 63
19 41
14 51
16 16
14 82
3 45
4 45
1 96
26 33
20 91
13 66
18 21
27 75
5 57
21 81
8 63
5 64
26 52
4 60
14 43
10 85
3 4
5 5
30 54
5 13
23 8
28 99
20 76
6 90
6 21
11 74
2 86
12 98
20 37
26 78
20 27
24 13
14 40
20 99
18 70
0 63
30 75
7 10
11 72
13 17
16 23
10 63
30 41
21 17
13 19
22 91
16 22
6 23
19 53
6 5
28 33
2 45
30 99
13 87
2 93
0 7
11 59
7 32
11 6
17 24
23 49
10 88
19 50
2 20
26 48
13 56
23 43
12 38
8 91
18 61
23 13
30 1
19 3
22 95
13 36
16 89
16 43
7 3
12 12
5 76
10 63
24 31
14 8
15 81
11 77
24 7
27 23
9 53
23 85
24 89
24 95
13 60
0 18
28 25
12 29
3 37
17 55
22 88
8 53
12 1
14 32
19 21
3 25
29 94
27 66
30 27
23 12
4 78
27 17
26 10
26 60
15 93
28 2
15 95
20 81
8 59
26 13
29 56
8 60
19 30
6 77
8 84
11 10
11 10
9 98
29 17
3 65
22 7
1 84
28 100
19 91
17 60
16 86
5 63
3 60
5 97
17 23
20 98
3 22
24 29
29 42
4 84
7 35
11 9
19 44
10 15
10 18
21 63
16 13
7 89
0 48
27 34
17 15
24 90
29 55
0 24
22 80
17 27
21 39
8 45
0 61
24 82
15 28
24 86
2 54
14 96
8 65
13 13
1 57
1 93
3 76
25 8
9 57
15 45
3 53
25 87
20 55
24 60
21 43
19 27
13 97
8 46
16 88
10 29
13 64
0 100
30 22
13 71
16 26
11 98
9 19
9 20
13 99
30 70
28 13
15 85
6 41
7 22
9 2
19 15
2 60
10 31
17 5
4 32
27 57
23 98
23 45
1 26
4 76
16 56
14 77
4 76
16 40
15 13
14 75
22 68
27 46
12 45
2 100
7 87
0 52
25 21
7 97
8 30
13 60
20 77
9 2
20 32
29 100
1 97
15 52
19 29
15 61
12 13
22 59
19 44
27 89
4 9
18 76
15 31
24 81
12 71
11 44
13 24
29 75
11 87
6 90
7 12
13 30
7 42
23 61
8 68
29 61
18 50
7 29
6 15
15 53
3 6
18 75
21 22
20 32
20 39
8 47
27 37
6 1
7 20
29 19
21 62
28 67
12 23
3 65
17 76
19 14
24 85
22 54
2 57
18 38
9 66
0 52
30 47
9 77
22 94
24 78
18 37
3 28
19 90
2 38
10 49
1 44
24 4
9 98
3 37
19 23
2 82
1 23
8 86
5 93
11 27
1 61
6 1
12 36
21 47
18 68
24 22
25 4
28 46
24 27
25 65
23 73
30 61
7 59
23 61
24 2
10 92
14 35
28 55
0 44
25 30
1 50
22 93
26 8
5 40
9 19
16 48
0 28
1 25
16 55
25 52
22 61
4 37
27 16
24 41
25 32
19 16
15 98
12 99
13 84
25 83
16 85
18 48
23 44
25 42
25 82
19 55
2 37
1 6
22 57
12 86
2 10
11 66
21 97
8 19
8 10
3 27
3 87
22 10
23 21
11 72
4 83
6 16
28 25
24 85
21 16
11 66
4 80
26 14
25 16
15 59
6 1
24 81
30 14
19 90
16 21
23 99
22 24
28 80
16 10
20 20
25 27
18 73
4 51
5 60
22 14
0 7
15 31
6 72
24 99
12 45
20 80
28 1
14 36
25 59
28 91
20 71
26 10
30 22
3 71
26 22
27 56
6 84
15 21
28 29
29 36
26 23
1 20
19 48
0 12
30 47
12 71
5 27
9 73
13 10
30 8
25 13
10 10
13 75
17 17
21 89
10 19
0 99
10 22
29 6
23 41
16 17
4 82
18 1
3 51
29 23
0 44
7 23
2 38
28 49
15 85
2 41
5 84
9 53
19 36
30 71
28 4
8 54
7 63
14 37
20 82
5 13
27 8
17 2
5 94
18 30
3 44
21 92
4 21
14 85
3 20
17 79
20 18
21 15
27 66
20 80
8 98
22 81
9 15
6 33
17 26
17 73
13 22
12 70
30 9
0 37
20 94
27 7
4 60
15 32
29 61
28 47
12 76
0 36
16 53
13 44
15 7
29 75
12 70
11 24
0 38
24 25
2 23
16 17
7 7
21 28
28 8
9 92
13 25
0 90
18 90
7 93
0 90
26 85
16 20
23 59
7 14
7 47
24 25
10 5
16 65
12 29
22 8
25 83
29 75
29 99
27 54
12 7
20 97
22 53
22 83
29 77
19 45
5 53
3 68
11 87
12 19
24 13
0 66
8 26
7 67
6 61
17 58
17 56
14 51
6 38
12 24
6 92
5 52
12 54
20 56
10 11
9 81
14 83
12 34
0 13
12 39
21 64
4 44
20 12
25 96
8 1
25 98
12 15
15 15
10 18
12 89
12 20
3 99
3 68
11 34
6 43
4 72
15 87
11 80
20 46
26 83
11 13
3 30
27 11
15 86
19 6
20 87
13 77
21 19
19 42
20 10
17 24
19 9
28 41
18 70
11 99
5 99
6 92
23 87
21 32
19 68
2 34
13 15
9 53
4 23
26 19
28 72
18 21
13 97
7 16
4 25
19 96
1 98
26 50
20 7
13 53
9 86
5 64
29 25
23 6
18 67
25 20
12 36
22 12
4 40
14 5
3 40
14 82
16 3
26 77
28 65
11 91
27 84
27 24
10 34
1 8
30 16
23 35
4 80
0 31
10 2
25 88
24 69
24 73
27 54
29 71
12 10
17 58
29 44
25 35
11 85
0 87
8 96
10 56
0 94
1 63
14 96
14 20
27 91
0 83
10 25
3 55
3 44
15 12
14 24
19 94
23 35
19 36
20 2
17 57
17 20
7 66
8 1
27 26
24 14
30 33
29 60
2 87
28 99
18 63
10 68
21 33
20 50
5 73
28 87
25 92
19 38
24 22
21 30
20 53
20 12
10 10
25 99
27 67
1 64
17 26
20 89
16 45
26 98
7 65
12 6
7 42
13 16
22 58
26 2
12 3
26 68
0 37
15 98
20 58
17 39
22 49
8 39
3 8
9 95
24 2
12 43
7 70
7 54
21 74
14 9
20 60
28 3
15 36
3 59
22 81
7 79
6 78
28 60
25 26
22 17
23 65
19 22
4 40
15 90
13 15
23 53
27 50
7 35
10 70
15 9
10 87
2 13
20 30
15 1
3 88
6 21
5 68
28 78
13 40
17 60
15 86
30 30
26 53
14 47
29 32
22 40
29 78
21 69
12 59
25 39
11 17
28 46
9 53
29 57
15 58
9 22
1 25
10 72
3 21
28 90
30 90
7 73
5 39
18 19
23 80
6 6
17 75
2 88
21 33
29 70
17 69
5 55
5 41
18 34
25 79
23 18
28 31
7 94
6 17
26 100
7 59
15 85
25 33
17 65
17 96
17 7
22 67
29 36
3 22
5 1
26 26
20 60
12 13
8 11
6 73
1 28
23 95
1 43
18 4
11 43
14 43
7 87
27 93
19 90
4 21
24 50
7 31
21 9
27 1
23 70
4 92
29 96
3 21
21 72
17 81
11 91
6 11
19 19
28 48
30 42
12 51
12 35
10 77
17 62
30 99
6 29
25 46
1 41
5 26
3 63
18 87
1 77
17 97
26 9
30 48
5 47
19 84
16 56
2 33
10 5
2 23
11 100
10 22
27 21
10 51
8 54
22 75
3 7
22 34
25 28
9 18
10 52
26 100
27 29
8 1
23 45
26 10
15 76
30 72
5 74
8 34
1 84
19 40
27 39
13 63
19 1
12 82
9 54
27 82
0 82
6 61
15 46
25 40
6 39
22 58
14 72
12 62
28 84
1 43
27 85
22 8
10 57
7 1
10 80
8 93
11 84
17 29
15 73
15 38
20 33
29 2
7 15
4 47
27 15
3 16
10 66
2 62
27 56
3 33
22 88
0 59
8 41
13 99
8 47
0 6
17 86
23 71
29 36
25 88
29 69
3 1
16 14
14 51
3 75
17 58
21 83
20 56
23 11
9 18
12 46
10 6
6 14
2 80
30 82
5 16
30 47
25 37
9 95
11 4
4 28
17 7
12 32
17 18
7 44
15 77
14 77
30 10
15 53
9 78
3 32
21 92
7 62
17 94
24 55
0 44
27 8
16 34
9 9
7 92
5 11
18 72
29 30
7 38
23 24
30 40
23 89
24 37
2 41
16 44
4 93
14 92
23 8
19 29
9 26
13 49
16 88
29 24
29 18
10 34
21 71
11 68
2 56
3 90
0 25
25 62
1 34
15 36
27 78
30 71
5 86
27 72
15 49
18 4
11 12
22 34
8 55
25 28
5 83
16 52
0 60
5 57
29 7
4 48
9 88
7 16
9 91
16 41
13 74
10 90
8 80
14 52
19 91
12 56
23 96
8 85
3 73
6 44
24 49
24 74
7 33
21 91
18 35
29 10
2 93
19 12
6 93
11 74
19 43
12 12
11 33
25 97
9 82
10 56
26 17
20 22
26 15
3 41
7 77
12 63
24 73
5 86
22 75
10 85
6 6
28 27
11 63
15 31
3 52
12 66
26 50
24 83
20 62
19 26
8 10
20 24
23 71
23 97
29 78
10 97
17 36
11 100
24 10
30 59
27 25
22 87
21 76
1 11
20 36
23 81
4 16
11 85
17 71
29 100
10 84
2 65
14 39
13 11
15 95
6 82
22 13
25 86
27 78
15 93
12 81
27 99
16 15
23 52
25 72
18 51
24 74
23 64
29 54
7 74
7 53
14 81
21 35
3 2
1 2
25 2
3 36
7 60
11 90
18 93
5 76
7 3
25 8
5 5
21 29
24 98
22 14
8 15
20 97
7 22
17 61
12 55
23 60
15 89
2 29
11 5
17 99
25 56
28 72
22 74
16 49
25 59
17 14
25 20
25 15
4 53
8 55
13 56
29 56
11 87
18 74
28 44
8 81
19 87
5 22
30 69
0 97
12 88
25 99
24 79
13 29
0 27
8 57
29 62
24 7
25 29
2 55
26 61
15 18
28 67
22 41
22 63
4 48
9 97
27 71
29 29
3 99
17 100
4 76
4 81
19 18
6 60
2 34
23 62
17 61
1 83
1 46
13 14
18 68
0 100
25 86
5 22
27 70
24 6
25 35
6 16
13 8
25 69
2 6
23 6
0 94
0 21
25 56
0 26
11 16
1 3
22 73
8 36
14 86
27 27
18 14
22 37
6 58
21 72
8 73
0 27
10 82
1 76
6 100
5 41
3 82
26 47
25 57
30 12
7 72
25 78
29 98
29 20
24 8
14 42
19 16
7 35
24 64
21 94
23 93
0 95
11 75
19 89
1 84
7 29
3 33
19 4
29 88
8 15
7 35
28 52
13 28
24 46
23 58
4 22
26 8
25 5
14 83
24 31
24 29
13 9
15 96
25 72
24 22
7 22
4 71
19 50
6 66
22 6
1 46
4 10
15 94
10 66
14 85
18 75
1 4
9 91
30 75
29 52
18 100
9 20
25 56
2 66
20 23
11 55
15 47
0 55
13 16
19 1
21 48
12 7
5 19
19 97
24 56
30 51
28 80
30 79
18 30
4 48
6 39
28 82
15 9
10 64
11 48
17 34
0 23
6 34
17 24
11 18
18 65
8 69
15 26
14 51
19 57
8 5
28 34
9 5
24 13
11 23
12 55
11 90
20 34
2 19
19 60
29 81
8 77
15 3
8 54
7 60
25 77
27 14
16 23
4 88
1 25
10 65
22 5
2 97
24 5
5 21
29 60
11 54
6 16
24 26
10 8
30 73
20 10
11 79
6 97
30 2
11 10
14 35
12 40
5 34
8 20
12 33
12 86
25 55
7 8
20 18
19 42
5 97
28 17
13 28
2 31
12 70
19 2
17 17
26 52
16 79
9 13
18 53
6 2
14 63
18 25
9 10
0 56
18 58
29 82
30 60
6 95
1 86
4 77
11 82
2 57
9 17
0 36
9 21
5 41
12 77
11 4
4 12
13 18
8 27
26 83
11 57
12 48
2 83
13 8
3 57
13 13
16 21
24 31
16 89
8 27
5 40
0 6
20 66
7 93
9 53
25 78
17 79
27 30
21 21
9 13
6 30
21 34
11 96
14 81
28 36
0 30
17 27
21 52
10 73
8 93
11 58
26 93
6 27
18 34
28 14
3 97
11 41
12 38
7 66
13 83
23 20
15 27
11 93
0 42
5 10
30 41
0 15
15 5
30 82
6 71
12 65
24 69
21 4
19 53
17 96
9 90
2 65
12 70
11 92
11 10
18 27
14 97
10 53
8 39
20 71
27 89
25 37
28 85
27 56
16 10
5 92
13 42
9 22
18 10
5 63
4 89
4 22
21 49
21 96
3 8
28 23
30 42
5 53
15 35
14 11
24 58
25 88
25 53
3 99
16 54
15 21
0 62
1 92
30 66
0 54
30 6
10 29
17 16
17 61
9 2
23 70
18 55
10 74
28 53
8 77
3 29
23 90
26 59
4 4
20 64
4 31
29 17
5 24
23 26
21 12
15 82
5 80
7 62
7 50
15 48
27 22
24 30
19 44
3 79
16 33
16 75
16 69
23 16
3 61
5 53
22 20
13 76
18 35
12 60
16 13
25 74
28 1
28 53
3 46
0 82
10 30
23 87
13 60
18 38
22 88
26 81
14 85
26 22
0 32
3 59
2 77
23 79
10 73
25 92
30 99
6 38
26 31
12 57
25 5
29 48
18 6
7 21
21 7
19 42
0 23
24 27
22 93
19 87
17 68
25 66
26 59
15 84
25 42
8 4
3 32
3 42
14 15
17 64
4 65
12 38
25 41
21 43
29 90
2 27
11 68
15 58
6 70
5 47
3 66
12 85
24 77
19 9
26 57
28 32
0 85
23 15
14 31
12 61
30 57
5 91
4 42
3 17
22 100
13 73
29 66
18 42
4 82
18 32
3 3
13 25
27 89
15 43
11 37
3 25
0 15
11 50
26 45
26 56
0 10
1 43
16 60
14 87
17 65
18 31
4 27
1 64
11 73
21 40
8 96
1 50
23 13
5 80
1 20
13 27
9 11
23 89
4 27
0 56
26 19
14 94
14 31
27 42
16 40
25 74
5 9
14 50
18 33
24 54
8 81
8 15
11 45
28 100
20 92
19 47
7 84
6 33
27 93
11 14
16 87
7 12
17 26
0 91
16 63
23 13
24 9
4 42
24 15
12 51
18 84
25 73
3 58
11 91
0 38
24 27
25 27
0 27
28 14
14 12
14 66
25 59
29 63
7 32
20 72
26 9
1 2
9 58
15 86
12 38
8 24
7 74
26 7
10 56
5 56
13 73
21 85
19 60
27 25
8 47
0 46
14 34
16 94
9 29
20 64
4 2
9 32
24 61
16 99
6 27
27 60
16 53
14 8
24 38
10 81
28 53
8 47
26 29
22 29
21 86
1 9
4 48
22 100
14 59
25 62
12 89
25 2
12 24
13 29
1 29
19 94
19 96
23 96
0 79
5 30
14 16
9 66
1 91
11 34
26 26
6 89
2 64
26 40
25 98
2 22
7 59
27 44
1 79
14 16
30 46
21 79
1 27
22 2
16 50
10 1
5 76
15 31
7 63
25 34
10 3
21 94
2 62
13 71
21 2
27 35
15 57
17 90
16 19
26 73
7 36
25 66
27 82
25 63
17 16
13 31
23 17
4 16
22 96
4 31
3 10
14 8
7 87
18 88
2 22
25 31
25 14
21 71
8 20
1 76
5 56
9 56
15 9
16 82
27 89
28 98
3 44
21 56
18 95
2 67
28 37
30 85
14 45
4 18
22 47
14 47
9 39
21 16
14 74
16 22
5 28
7 84
30 22
17 66
2 62
20 79
5 99
30 75
26 14
12 10
3 70
5 54
19 96
17 65
5 87
17 25
8 91
22 48
12 97
11 39
0 80
30 79
17 81
30 25
4 87
21 88
19 73
6 56
18 94
19 90
1 94
28 95
29 9
22 69
21 51
7 88
18 12
14 100
14 23
26 22
12 50
26 83
22 18
25 88
15 6
30 7
13 72
18 62
23 81
25 55
4 98
20 80
20 17
4 87
25 69
14 26
20 55
25 46
0 95
7 95
21 19
6 55
15 70
0 24
21 84
1 15
26 16
3 16
5 60
3 18
14 60
26 80
21 3
18 63
20 52
4 26
21 28
5 20
15 23
23 43
9 59
9 53
15 90
26 28
20 29
24 95
19 26
29 39
28 38
25 42
23 32
17 63
27 80
19 68
1 57
13 70
24 23
1 52
4 23
23 13
18 87
17 24
14 83
1 12
30 31
1 49
16 16
2 49
29 72
11 48
26 28
22 37
5 78
6 64
15 98
21 42
27 42
19 25
2 34
28 98
30 86
8 51
4 31
3 74
4 9
6 1
9 67
5 95
24 13
1 24
18 34
11 83
28 97
29 40
24 61
6 22
29 79
30 92
9 4
2 40
14 70
24 16
22 91
20 10
2 52
14 40
10 38
1 12
0 50
11 67
27 56
17 31
30 90
19 66
19 10
18 72
29 25
8 1
1 32
24 32
2 47
0 50
22 74
10 37
28 15
27 71
15 20
20 7
25 86
9 32
0 26
20 86
2 88
27 35
28 98
20 63
30 15
20 36
9 87
8 59
15 4
29 45
21 68
6 26
27 1
2 29
27 45
14 38
15 70
26 20
20 40
19 6
4 14
29 60
25 29
27 28
25 5
29 60
10 79
6 95
12 60
28 83
25 39
21 69
8 56
24 72
22 28
18 14
12 57
0 6
29 65
22 91
5 28
27 74
22 53
2 72
26 65
24 93
8 53
20 78
16 72
7 98
27 15
25 3
20 36
28 51
21 28
28 31
19 45
15 81
11 46
26 86
19 43
2 84
26 48
30 52
12 43
19 22
2 70
2 44
17 53
1 84
10 41
4 61
13 36
10 97
11 99
15 37
21 70
23 49
26 49
0 68
10 97
15 74
23 84
9 100
18 17
26 42
16 96
5 14
15 3
19 25
28 70
25 68
13 6
27 41
8 39
27 2
7 13
3 70
14 7
16 55
18 19
9 16
15 76
11 94
0 79
26 4
3 50
8 16
7 15
5 1
25 74
10 30
30 71
18 30
12 9
2 22
25 84
3 62
5 71
25 18
3 64
5 23
12 69
1 95
24 56
22 26
1 1
28 42
18 23
16 57
12 61
24 30
21 22
22 90
15 28
29 90
30 96
11 33
3 42
14 23
16 81
5 20
0 47
13 26
28 26
23 14
7 45
13 42
5 45
1 33
8 56
24 72
17 25
8 61
30 89
17 77
19 81
30 47
16 2
24 52
18 34
9 23
14 7
15 41
23 48
28 3
6 74
27 57
21 82
27 2
17 22
17 75
3 26
29 15
14 25
8 53
10 57
6 57
9 90
8 33
14 91
20 12
1 13
19 79
6 74
26 75
7 48
21 25
7 100
27 97
4 74
26 57
0 86
14 47
5 88
0 45
23 56
7 93
4 76
27 75
3 31
1 19
8 58
17 15
14 71
20 75
28 7
1 81
18 75
8 41
14 13
11 89
3 9
17 44
17 56
18 75
18 91
25 43
3 92
14 52
14 30
21 90
6 87
25 4
5 100
17 71
1 97
21 5
21 34
8 76
11 57
30 72
6 38
8 37
15 18
28 85
5 70
2 70
17 71
6 6
28 85
16 12
11 30
30 58
24 51
23 34
20 29
0 95
10 13
2 13
15 60
12 54
7 61
14 23
15 16
3 85
14 53
18 95
8 7
1 68
8 71
14 97
29 60
21 57
6 30
2 66
16 3
5 19
20 47
24 67
13 8
0 93
0 10
15 25
19 28
0 39
19 91
25 43
18 26
11 61
9 42
13 73
7 16
0 91
8 60
27 88
2 74
19 41
4 11
25 88
15 31
17 93
6 27
0 90
13 83
13 10
19 85
11 46
19 100
22 29
10 1
29 95
29 37
8 39
27 61
26 7
24 87
3 16
21 80
3 76
1 93
30 93
21 18
23 5
20 87
7 92
13 75
25 72
30 36
6 78
9 8
24 36
10 1
21 2
19 99
18 23
23 83
11 91
19 22
1 1
11 75
12 38
16 67
26 42
17 30
8 71
2 68
5 48
28 84
7 74
20 27
8 16
24 53
2 91
25 21
3 93
23 78
0 94
1 83
21 55
10 22
6 36
1 69
18 44
26 91
28 3
26 59
0 1
24 35
19 53
22 26
6 43
28 34
28 84
8 72
23 82
17 3
25 34
18 71
25 87
15 94
27 19
0 12
27 14
7 95
22 29
14 77
19 31
23 38
2 10
17 41
28 81
14 66
13 23
9 17
30 96
4 82
24 21
16 80
26 65
24 38
9 78
10 98
29 39
15 65
24 90
20 98
28 97
4 69
17 84
30 22
30 15
27 71
9 30
3 95
11 40
6 67
9 100
5 23
23 77
8 26
19 94
11 56
17 80
8 95
21 81
9 62
21 55
7 15
15 6
26 55
8 96
23 12
29 14
22 9
4 13
21 50
13 40
29 33
19 6
27 21
22 54
12 81
1 95
27 97
9 43
25 99
28 69
0 38
30 87
30 20
14 14
0 44
30 73
6 41
22 98
5 5
22 57
22 7
0 53
29 27
10 64
19 37
23 73
12 79
5 89
22 25
7 35
5 57
4 59
1 65
11 71
17 1
26 29
28 67
0 39
2 77
8 86
22 73
29 12
8 7
15 26
6 86
2 58
6 48
20 32
24 86
19 37
19 68
2 1
4 88
18 68
18 28
25 59
27 82
18 8
30 28
29 98
1 75
28 44
24 70
16 77
23 34
24 37
15 83
2 99
30 11
14 83
2 58
27 44
9 45
22 12
27 17
23 98
11 56
23 73
21 54
7 26
17 46
12 65
22 54
28 61
10 50
9 48
18 60
24 37
20 67
26 80
9 19
25 35
0 14
9 26
10 58
25 80
0 54
16 20
10 35
0 51
29 29
10 88
20 21
0 95
12 28
9 4
19 98
21 43
14 80
24 78
13 67
8 58
9 12
5 24
24 36
26 91
5 93
22 62
10 68
9 60
7 1
7 60
17 76
19 15
14 54
24 60
17 3
5 18
13 49
21 70
19 30
20 47
15 24
22 96
11 96
24 84
10 48
28 46
26 94
16 50
9 89
23 83
11 67
12 76
10 53
20 72
23 98
9 28
21 48
15 58
13 86
15 41
26 15
6 79
15 37
9 49
23 87
21 79
30 10
29 46
0 83
24 25
26 13
23 86
16 61
26 40
27 89
17 100
20 68
8 38
2 30
23 48
15 1
15 65
17 39
29 45
30 52
24 56
2 68
17 100
13 2
23 48
3 16
1 58
19 47
18 59
25 79
15 89
13 58
27 7
25 11
28 99
1 51
15 54
23 10
1 36
19 81
14 89
9 43
19 20
22 74
16 4
23 87
25 10
10 95
29 24
20 18
9 78
11 38
28 100
26 40
1 62
6 80
8 39
0 31
22 83
5 34
13 87
22 61
19 36
22 95
26 73
8 79
23 17
4 37
18 75
1 21
2 72
0 59
0 95
9 96
28 22
5 51
11 79
22 53
11 21
19 2
22 3
15 58
22 14
26 80
10 17
28 48
14 6
10 97
28 8
26 8
9 33
1 99
12 2
20 95
0 51
8 38
14 22
28 34
18 76
28 91
27 92
19 85
27 15
30 48
5 71
7 32
24 72
9 70
24 7
9 67
6 77
13 53
25 88
24 69
13 10
19 68
15 84
20 56
5 42
28 77
5 52
5 93
5 30
18 99
4 99
27 13
19 81
8 17
24 3
9 60
25 13
14 79
1 83
20 95
26 47
24 54
7 15
7 48
30 42
30 75
2 27
28 62
8 68
25 77
7 19
0 51
27 56
13 76
19 51
29 62
6 16
27 80
18 64
30 20
4 43
3 41
24 15
10 41
3 17
3 82
3 97
0 68
8 13
28 13
3 90
27 41
6 71
30 3
14 85
30 71
14 98
27 5
1 89
2 32
27 82
21 46
22 14
25 96
22 48
6 46
0 4
26 95
6 96
16 29
21 20
17 39
18 88
17 2
10 69
15 94
8 73
0 21
6 25
1 73
3 20
17 34
20 19
3 40
14 98
22 81
5 15
28 34
30 10
18 40
8 81
14 13
30 83
17 69
1 72
17 21
22 50
26 62
8 54
22 26
8 32
10 74
28 71
14 23
18 64
22 33
13 18
9 31
21 93
16 64
22 22
19 28
3 45
18 11
30 16
20 95
0 53
13 21
25 70
23 80
16 94
12 94
26 9
8 26
20 78
3 62
8 100
8 28
20 31
9 94
3 5
0 93
18 27
6 18
13 36
22 59
7 8
29 14
29 61
22 16
27 93
11 62
3 49
18 65
3 18
29 87
21 19
20 97
13 43
21 34
8 11
18 47
13 37
6 64
2 94
14 91
11 47
27 10
24 46
27 25
14 37
18 66
20 76
8 38
15 14
24 39
14 38
27 7
29 99
4 37
30 99
1 22
10 48
14 55
15 4
7 82
10 86
15 39
28 89
24 57
29 93
30 51
2 12
26 76
16 51
23 53
29 84
9 14
3 64
23 96
1 37
15 93
2 91
22 29
29 2
9 61
22 33
21 2
22 1
10 100
14 6
3 15
7 8
6 54
9 70
24 90
2 82
17 19
25 57
26 30
4 60
19 83
5 51
6 1
4 60
24 24
11 65
25 63
27 74
28 77
14 40
24 49
1 61
28 78
11 89
10 29
27 12
18 93
7 51
20 90
0 40
1 2
14 57
23 86
6 39
7 95
6 59
18 73
22 93
1 76
1 32
12 18
11 95
1 98
19 48
21 22
13 20
11 56
17 46
16 12
3 80
6 6
20 36
6 88
15 6
9 14
12 93
24 78
27 44
7 17
19 76
7 15
14 54
8 53
4 36
8 53
15 51
27 76
2 92
29 69
25 31
26 92
24 31
2 96
29 14
2 27
17 28
14 66
1 74
25 38
23 91
23 66
9 84
2 43
23 25
14 99
19 11
6 53
3 30
18 47
7 66
21 23
28 70
29 77
3 91
18 22
26 75
1 65
9 92
11 13
16 40
6 74
1 9
23 22
29 86
27 64
25 41
1 22
30 1
11 82
2 74
25 82
10 81
0 80
29 72
29 76
16 32
0 74
5 4
30 45
5 32
24 20
15 65
1 32
21 36
28 78
29 2
28 45
16 62
14 69
26 47
25 4
10 53
25 71
28 19
9 46
16 14
22 77
30 65
11 26
0 96
2 75
7 47
10 46
19 24
27 69
10 92
18 42
17 13
29 5
4 62
20 15
20 51
19 13
22 95
0 77
5 11
15 46
29 56
1 61
0 45
2 84
19 52
18 4
12 74
21 24
11 90
9 19
16 84
26 93
30 16
15 75
5 22
19 23
1 17
4 3
7 56
22 15
4 86
20 76
7 22
14 100
15 99
8 29
17 34
9 16
22 61
21 45
23 21
28 59
1 90
28 65
12 22
2 85
17 26
27 30
2 22
15 24
11 100
1 63
10 44
0 10
1 69
20 38
7 86
6 79
22 55
6 82
23 77
4 62
16 5
4 71
23 40
12 75
16 7
20 51
23 19
20 10
9 92
3 2
23 19
11 38
25 3
21 47
12 75
14 33
21 45
23 66
13 66
8 95
6 32
26 70
23 85
22 82
7 14
4 68
28 6
0 21
26 25
2 96
7 73
11 12
5 76
13 28
15 81
19 31
16 88
25 16
21 71
13 68
4 40
19 49
16 6
16 67
26 80
20 95
28 81
12 43
1 37
4 48
11 1
6 12
24 29
16 73
18 24
26 68
13 68
19 64
3 92
14 72
6 35
9 55
19 92
13 94
5 17
19 10
9 45
2 36
25 86
4 79
6 89
2 84
23 3
28 68
18 63
17 65
4 95
27 33
24 53
10 87
1 63
24 74
23 45
10 21
14 81
6 21
26 11
7 39
23 83
26 47
10 60
0 7
13 87
26 37
25 3
3 22
4 99
30 98
21 8
17 97
26 36
4 66
8 85
10 96
9 35
18 79
17 35
9 61
25 86
7 44
12 39
7 58
14 17
20 14
13 70
11 89
11 84
18 19
19 89
30 69
2 63
13 80
19 30
0 27
20 13
0 62
15 27
13 3
10 63
20 70
16 49
13 69
8 10
21 73
22 75
21 61
20 90
26 68
10 20
14 56
8 16
2 16
26 79
30 15
28 38
28 53
29 63
16 39
0 30
25 78
24 48
12 50
2 81
14 86
10 62
18 39
20 28
3 7
11 24
21 52
11 7
10 15
21 48
24 57
16 34
16 69
7 68
21 79
6 65
29 52
19 23
1 51
22 32
14 3
1 11
3 92
26 36
13 84
4 90
24 47
15 74
30 65
28 23
24 62
19 92
27 33
23 23
27 6
12 31
9 16
5 90
8 87
2 27
29 43
15 17
26 81
12 70
5 85
25 68
17 47
8 44
29 29
23 22
8 81
9 34
10 28
14 84
5 41
20 56
5 33
15 93
29 29
16 74
6 36
2 48
6 52
6 99
23 56
30 56
2 43
23 28
25 59
8 70
25 94
1 76
4 90
25 39
3 1
27 68
14 20
7 19
3 16
1 99
29 58
20 53
13 3
9 47
7 49
28 45
5 22
7 12
0 67
9 67
5 8
19 71
10 77
3 32
27 47
15 25
21 8
13 22
11 96
9 43
3 2
19 26
4 91
28 21
4 89
16 78
6 34
21 91
26 11
3 37
20 39
4 3
22 18
9 55
10 67
6 92
11 94
28 42
11 77
24 45
10 95
28 24
24 88
7 83
14 97
27 62
27 55
27 43
25 45
0 1
7 63
14 3
11 64
9 79
30 90
11 64
10 38
9 22
26 67
3 100
26 36
20 70
0 6
23 48
17 41
11 31
28 59
11 42
2 66
28 12
12 91
27 40
14 72
14 73
30 65
6 25
10 89
23 13
13 100
10 47
14 26
14 15
2 22
12 18
20 96
14 67
7 87
27 44
8 19
7 97
26 83
12 54
30 97
20 24
29 99
17 50
15 49
0 46
11 87
17 79
3 28
1 11
13 33
24 44
27 9
28 30
29 3
14 42
1 54
6 73
21 73
25 42
2 76
22 35
4 6
8 15
23 11
21 59
9 36
4 42
28 88
21 92
7 76
8 93
20 70
0 40
30 89
15 68
8 8
23 37
7 26
21 4
20 10
3 6
23 71
16 15
9 38
25 7
15 2
13 20
11 54
27 37
3 80
27 83
5 32
26 51
27 51
12 13
8 99
25 43
10 8
2 88
14 5
7 1
19 60
1 29
9 97
30 33
20 14
25 25
4 40
25 97
1 28
0 93
11 42
14 92
4 24
7 17
12 37
16 46
5 54
1 11
12 41
26 16
11 85
20 35
28 65
12 52
30 2
19 23
9 45
4 1
5 11
20 33
0 14
17 14
6 83
15 77
0 89
27 42
27 97
11 38
24 14
26 66
26 32
4 30
29 51
24 51
12 33
24 37
20 54
12 11
22 64
21 45
4 35
9 39
22 97
19 90
3 14
11 72
12 30
28 69
22 67
0 57
25 56
13 97
7 25
1 4
18 21
15 74
26 67
2 71
3 98
2 90
5 52
26 13
26 23
18 12
29 93
12 60
26 29
30 62
13 76
12 98
12 20
16 18
16 16
13 25
12 14
16 18
10 74
4 57
20 47
28 54
15 58
23 50
29 40
0 87
28 74
19 58
10 32
3 79
30 97
9 68
27 11
15 25
17 86
21 62
0 3
16 33
0 19
7 33
9 63
19 48
18 19
21 37
21 10
13 18
9 91
25 51
2 56
3 96
0 48
13 16
9 79
16 34
23 63
13 88
30 36
12 99
6 13
8 94
24 96
1 94
6 13
6 32
17 59
25 96
14 94
23 97
26 29
18 86
21 53
8 85
0 29
16 32
2 75
20 85
26 8
13 63
17 52
11 3
0 21
3 57
18 9
28 58
15 90
1 26
15 69
29 2
14 37
14 2
28 33
2 98
24 6
10 11
16 47
18 54
23 79
12 76
12 41
6 97
4 45
12 77
21 76
19 23
27 99
16 74
17 28
17 98
19 25
9 26
7 55
5 13
8 49
7 99
9 36
19 44
11 37
1 31
13 87
18 18
19 62
21 55
18 9
15 44
16 15
28 30
3 91
24 12
23 25
13 68
26 80
16 66
24 78
25 81
11 58
23 61
17 11
6 42
16 49
27 23
1 48
18 36
26 44
15 29
29 1
22 14
11 100
28 19
3 32
29 81
27 21
22 75
19 28
7 69
2 22
0 68
2 82
4 25
28 6
29 47
20 77
8 22
13 41
23 36
9 78
22 10
8 73
24 99
27 62
18 67
10 44
26 3
0 94
13 37
15 60
15 35
8 79
27 6
8 14
1 64
20 5
9 61
23 56
1 39
9 41
28 52
8 2
20 74
30 57
20 29
15 30
11 36
1 29
9 5
11 20
29 3
12 50
25 84
7 75
1 98
27 45
5 65
23 5
10 86
13 26
16 55
1 71
20 79
17 38
17 49
13 33
19 100
12 17
17 64
30 97
23 18
15 66
12 35
4 83
4 61
6 73
4 18
26 8
1 37
19 96
30 89
5 70
29 69
1 93
16 63
0 55
11 42
10 82
6 96
4 8
10 51
27 20
2 84
30 36
1 10
22 72
19 36
27 50
8 14
22 77
20 8
15 42
29 81
4 11
12 49
28 26
29 64
8 89
8 7
7 4
14 85
9 16
27 4
4 10
29 100
13 97
23 70
30 46
2 100
27 38
17 34
10 59
14 77
0 15
20 85
18 29
28 8
5 29
17 35
25 72
6 65
29 31
17 3
20 3
5 34
13 31
1 45
7 83
10 85
30 7
12 10
20 94
6 15
24 35
6 37
11 73
3 28
3 71
11 65
23 53
5 47
5 44
27 62
29 11
7 10
11 71
26 16
3 58
1 3
22 82
17 26
3 26
7 73
9 52
16 59
5 38
28 68
15 48
3 15
27 8
28 11
20 83
7 43
1 6
23 93
12 9
4 41
14 35
3 50
9 45
3 76
20 61
26 79
20 81
28 95
2 59
16 23
27 4
7 60
27 47
21 15
21 31
18 57
20 23
2 52
12 14
30 41
17 10
0 100
14 78
8 66
28 95
23 19
19 72
29 12
16 16
22 19
7 86
5 50
29 95
26 43
18 60
30 56
16 14
18 31
21 5
5 11
13 46
21 29
24 2
1 43
4 88
30 96
29 32
20 11
13 93
4 40
30 100
26 36
6 37
22 35
15 70
24 84
0 5
10 33
21 62
14 23
14 25
19 75
12 20
0 74
0 51
11 73
4 71
3 37
28 11
13 53
30 44
24 78
17 13
26 73
3 34
14 82
9 45
17 38
8 37
12 62
30 88
0 85
28 77
16 50
12 26
18 18
20 18
19 12
20 61
5 31
28 44
11 37
0 42
23 49
23 67
21 47
25 37
22 5
17 100
1 35
8 40
0 76
12 28
2 16
0 100
25 69
7 73
6 75
13 48
12 25
19 62
26 57
23 73
21 57
14 4
17 80
5 53
27 46
3 57
4 84
29 67
20 24
2 35
11 85
18 2
27 79
28 91
6 57
5 12
2 74
2 91
5 4
8 96
11 5
0 51
21 3
6 84
10 52
21 76
22 22
1 17
18 63
5 81
19 36
17 67
15 2
29 75
9 8
17 52
28 94
16 46
30 22
4 31
8 63
1 79
7 65
15 84
19 53
28 74
29 70
16 75
3 37
14 97
7 25
12 1
2 97
8 2
1 28
13 90
5 72
0 91
16 13
16 54
11 42
6 15
15 4
20 88
17 63
5 38
30 72
1 30
24 59
22 79
12 21
14 89
27 71
25 35
17 56
11 55
29 54
30 25
30 13
9 5
9 36
4 21
30 19
2 24
5 18
26 7
26 82
22 29
28 55
28 43
7 54
13 43
7 41
9 37
16 87
28 1
4 12
21 13
21 86
27 34
3 87
25 33
8 5
28 44
7 80
25 86
1 48
1 49
14 89
9 17
20 79
9 88
14 58
28 34
28 93
11 8
17 87
15 79
13 86
9 15
12 99
0 48
17 39
30 13
11 11
10 20
29 80
0 22
3 42
0 22
16 29
28 60
18 57
4 47
16 61
11 64
12 84
17 12
18 78
13 91
14 6
26 17
28 66
2 28
4 10
20 81
12 44
12 70
8 42
29 66
20 28
5 1
18 42
7 97
4 21
27 70
21 8
6 27
24 10
4 52
19 66
11 32
15 17
25 98
9 99
27 31
7 95
23 68
7 81
17 44
20 65
4 2
3 82
30 65
9 89
0 75
28 72
14 83
1 32
26 3
5 87
27 88
26 91
17 65
15 98
15 52
29 40
10 62
14 39
9 70
13 71
15 49
30 59
25 93
5 47
29 37
23 53
2 53
29 1
4 37
19 87
19 82
9 5
18 63
11 18
24 48
10 29
18 76
9 59
2 2
28 94
18 59
6 19
14 63
10 71
15 97
24 86
27 57
4 20
17 82
11 24
14 10
0 6
30 89
21 44
1 65
6 13
11 52
23 50
0 27
4 59
26 4
30 50
18 83
21 91
13 30
16 13
0 39
15 20
2 87
12 78
22 83
10 39
30 1
5 29
23 81
29 69
26 81
4 18
15 20
15 39
6 94
4 67
11 45
12 87
10 59
30 74
25 6
14 14
25 84
16 98
25 89
24 67
15 43
30 5
18 34
26 94
29 81
11 44
24 44
13 64
13 41
26 66
10 69
6 39
26 67
24 75
9 71
1 44
17 30
10 38
17 53
6 81
25 72
26 85
4 6
1 5
15 2
27 86
22 44
19 53
6 93
24 61
30 22
18 58
14 27
30 21
7 86
13 59
9 67
13 84
3 48
5 71
4 36
17 83
23 12
14 18
23 96
3 97
12 86
28 31
15 4
29 38
30 90
17 35
10 22
26 44
8 84
1 47
29 62
10 11
3 30
26 52
11 73
22 37
9 4
21 46
12 48
8 80
25 70
25 84
16 56
0 56
8 88
27 89
29 91
27 67
11 95
28 70
17 24
22 97
15 90
13 96
29 66
19 84
26 38
4 70
8 78
0 79
0 67
16 5
29 81
24 62
15 40
23 25
4 18
14 72
17 87
1 77
11 79
6 86
25 34
17 32
13 43
14 92
25 28
23 99
1 13
24 95
20 10
24 31
19 3
6 48
1 12
30 94
21 21
7 32
9 47
26 42
5 98
16 64
1 51
0 85
5 95
8 31
18 81
27 28
28 18
16 56
24 28
28 30
19 89
17 96
24 40
16 23
6 23
18 43
21 8
0 74
23 41
11 34
28 79
25 54
8 6
29 58
16 79
1 92
12 19
19 94
9 84
21 49
12 45
7 11
11 9
14 68
8 32
24 71
12 19
28 18
29 55
6 64
24 70
5 31
13 23
29 70
4 3
13 66
6 63
28 51
28 53
16 51
17 18
14 83
3 98
27 16
16 51
2 12
14 25
26 50
1 81
20 26
8 37
8 90
24 73
22 27
15 87
26 34
13 93
19 64
26 81
25 3
27 29
6 26
13 63
24 58
9 45
28 15
2 14
18 81
13 46
23 53
9 26
9 93
21 82
22 21
22 30
25 2
26 13
7 94
24 11
5 60
21 25
0 49
19 21
25 43
2 50
4 76
10 23
26 80
2 12
11 95
6 73
14 53
16 55
21 13
11 48
29 57
30 48
24 62
0 29
29 88
0 50
8 91
0 14
2 84
2 60
22 69
2 75
4 12
6 83
10 25
26 33
21 41
11 84
5 71
8 11
5 65
3 88
25 50
20 32
4 75
4 38
11 4
1 95
1 19
8 32
6 72
2 63
16 21
28 87
27 7
22 62
10 60
17 86
13 17
1 3
2 7
27 3
27 16
22 65
27 10
17 47
15 52
7 21
15 99
5 22
23 48
4 53
17 92
22 39
26 52
30 25
13 98
6 97
8 39
15 26
2 47
4 67
1 80
24 31
20 28
8 49
7 2
25 95
30 69
3 11
2 57
19 87
0 5
3 69
5 18
22 51
5 56
24 90
20 45
9 96
21 39
14 89
29 89
25 40
7 48
6 23
13 25
15 42
13 9
1 48
14 60
10 1
11 21
16 9
17 31
28 4
30 26
7 39
23 7
29 42
21 95
10 99
23 79
4 74
30 71
14 99
2 3
25 77
27 60
30 97
14 36
16 13
10 90
16 92
12 91
23 33
0 76
24 4
17 54
2 29
10 15
26 12
15 3
22 94
0 82
26 42
6 9
11 80
13 54
1 76
25 15
6 46
8 66
16 37
24 9
30 52
0 48
30 41
21 30
14 68
13 11
12 65
21 98
5 26
9 32
2 39
8 48
6 8
30 24
2 59
10 23
23 31
19 41
22 72
17 94
5 6
11 80
19 65
27 45
5 90
5 99
3 83
26 81
8 75
22 44
3 22
20 58
22 54
14 93
21 1
30 77
19 57
17 10
8 68
24 61
22 42
1 19
27 58
2 62
16 73
2 92
28 42
0 59
5 43
0 27
7 21
14 49
12 18
6 13
4 32
24 61
11 93
1 5
7 19
23 94
25 16
11 74
15 43
27 64
24 25
15 63
9 14
20 63
13 36
25 45
17 16
30 25
17 33
26 63
7 23
18 60
2 11
2 76
5 69
4 8
19 94
23 77
23 63
2 83
14 85
4 23
0 53
21 65
29 74
4 36
23 22
19 54
2 76
0 39
27 51
14 89
1 63
9 20
26 71
24 12
21 55
22 5
5 82
24 67
9 82
16 59
9 38
23 50
7 55
5 84
6 70
16 85
13 57
15 61
4 95
29 15
28 84
20 5
18 43
6 93
4 49
4 53
14 17
14 9
19 70
29 92
18 5
13 32
25 77
26 22
30 85
18 70
23 35
0 28
10 51
24 100
0 35
0 27
26 17
7 94
30 37
25 3
18 27
15 21
5 50
16 57
4 93
9 16
0 54
8 54
8 64
27 34
15 12
2 21
5 86
23 12
18 81
1 77
15 30
4 100
22 44
20 100
10 69
12 96
14 15
14 16
23 93
28 95
11 60
4 33
20 65
9 66
27 69
7 9
14 32
18 73
23 54
22 69
12 56
0 62
23 100
17 29
3 30
7 84
16 18
8 30
4 84
28 78
1 70
20 81
25 80
21 63
30 61
25 99
9 46
8 82
12 21
25 10
24 87
29 81
11 96
15 79
9 66
27 53
7 40
14 83
22 30
26 52
6 74
26 34
1 21
3 56
0 62
18 68
30 69
11 52
28 1
16 5
8 87
13 48
8 64
10 81
11 13
4 12
28 74
26 24
8 32
4 12
28 100
25 61
29 47
10 48
2 45
8 80
22 83
11 94
29 83
14 91
13 67
16 38
14 7
0 65
27 43
15 28
25 83
11 8
28 26
25 71
22 60
15 27
20 18
0 70
17 54
30 35
27 10
12 32
9 100
9 86
10 45
15 54
21 100
21 67
29 69
14 25
7 83
30 73
19 26
26 89
8 57
5 28
10 75
10 94
28 30
18 83
4 38
27 59
9 60
13 26
26 18
14 39
22 26
12 56
10 36
7 14
28 77
21 88
11 40
23 64
29 41
16 95
2 39
0 30
2 27
19 7
24 76
3 7
5 24
26 15
13 2
21 72
22 55
28 51
10 81
12 12
0 43
26 24
20 66
14 7
25 72
0 97
23 12
8 80
29 16
20 59
15 74
3 68
4 20
11 43
8 19
6 80
16 33
28 73
10 34
14 20
13 70
2 93
9 3
16 98
18 63
13 55
22 24
16 60
18 79
27 25
20 36
28 11
22 43
25 74
1 1
15 77
25 22
16 67
2 68
11 58
0 90
28 46
24 16
14 88
27 65
13 13
25 50
5 3
26 13
11 5
20 37
14 90
22 90
15 70
9 17
4 14
5 90
11 94
22 69
6 87
22 89
22 20
13 83
9 12
19 55
6 61
21 90
11 90
2 54
25 26
12 79
18 44
19 45
10 88
13 33
0 27
5 47
2 67
11 79
22 79
18 35
21 30
10 40
17 48
24 66
2 78
5 66
30 100
2 12
13 24
17 20
29 32
10 18
0 62
12 35
9 11
12 82
15 64
29 46
3 7
4 83
24 71
18 44
17 84
13 19
23 18
3 58
6 30
30 36
26 93
16 86
1 53
3 53
0 19
29 51
26 13
27 63
21 45
17 88
16 18
25 50
28 87
26 88
27 12
12 73
4 28
4 73
5 54
20 37
21 23
21 46
17 67
2 57
13 75
7 61
23 21
21 36
9 1
30 80
18 94
7 48
20 24
5 84
8 15
0 58
14 13
24 86
9 50
0 56
28 79
13 100
3 7
22 68
25 65
14 25
28 47
29 88
2 87
11 4
7 76
2 46
13 45
15 25
0 7
15 64
24 86
6 7
16 10
1 91
25 53
1 53
4 94
13 55
22 24
24 31
6 81
14 91
21 91
27 52
30 80
24 61
23 8
9 69
0 81
9 83
7 96
3 18
19 66
23 66
10 78
5 57
4 92
20 59
11 91
0 64
6 64
20 69
18 4
30 53
4 39
6 21
3 18
25 17
24 28
4 8
7 86
16 6
22 45
5 54
15 46
8 20
19 31
17 74
15 32
10 86
12 26
9 18
14 54
19 80
9 54
25 40
23 32
25 40
1 35
23 73
17 7
1 87
26 36
13 1
16 7
5 13
2 41
30 48
17 29
28 34
18 84
5 85
6 13
25 83
30 18
1 91
1 41
3 99
6 64
20 82
19 53
10 67
2 16
12 81
3 7
8 87
15 45
29 30
13 36
22 63
24 57
6 77
7 92
10 77
17 88
23 97
30 66
26 95
13 48
14 1
7 26
16 77
4 99
0 54
30 21
16 50
5 6
22 85
29 50
14 10
27 59
30 87
24 21
10 28
14 20
13 20
12 75
19 35
13 46
18 50
24 53
20 85
20 17
10 10
18 95
15 71
5 54
6 18
11 86
10 90
9 31
7 11
14 75
11 28
2 16
25 87
18 21
0 4
6 86
16 39
30 61
15 89
20 28
23 90
28 44
8 79
30 31
9 33
6 62
27 59
10 34
25 67
4 39
29 24
26 67
11 24
27 16
5 90
4 72
9 80
25 90
16 60
25 40
28 56
30 38
18 55
19 27
10 92
19 27
22 60
7 77
22 15
0 59
0 52
9 57
14 15
3 41
28 26
8 71
4 96
6 39
25 24
18 7
2 3
24 95
27 43
6 51
8 83
0 14
3 63
28 64
10 71
1 14
23 4
5 57
0 19
27 49
26 67
25 23
1 41
29 54
26 65
11 8
4 42
11 76
15 70
6 54
10 3
11 38
15 56
9 53
9 77
30 50
14 49
18 19
15 18
11 95
9 91
30 62
13 25
6 71
15 4
13 91
4 5
18 41
17 64
20 75
22 4
24 55
5 10
5 34
8 29
25 68
26 73
15 11
20 96
29 89
29 18
25 75
7 64
0 21
19 18
1 46
4 14
26 66
10 55
15 49
28 93
26 85
0 21
17 7
27 48
4 46
13 82
12 10
28 96
15 19
15 88
22 95
15 73
3 57
14 68
19 24
1 22
15 10
2 1
6 75
26 64
24 35
22 60
16 26
21 27
18 47
28 7
6 71
2 37
0 66
11 27
15 68
11 13
2 92
3 7
3 6
7 99
26 81
1 19
5 52
18 76
28 21
3 47
28 61
19 13
15 55
26 43
8 12
17 9
26 97
23 32
13 31
5 50
13 81
5 36
26 94
11 96
2 93
4 5
2 25
9 5
21 51
22 34
30 55
19 37
19 24
11 66
11 2
26 30
5 84
7 85
6 80
7 6
12 9
25 84
6 58
18 84
11 88
5 48
6 97
16 28
20 94
27 4
13 7
0 40
17 57
24 4
24 63
24 58
15 97
30 77
17 97
9 76
18 23
1 70
3 28
15 75
14 28
10 1
17 63
18 80
16 3
10 46
11 6
3 75
12 25
3 60
17 86
29 11
2 17
29 68
21 82
17 56
14 11
2 72
22 45
4 48
24 31
22 47
22 91
4 18
9 77
12 96
18 18
19 17
6 35
6 39
21 63
19 13
12 98
6 75
13 71
2 86
17 14
14 47
10 58
18 52
6 34
22 53
16 80
27 69
14 33
3 57
23 37
17 39
14 82
22 91
20 48
5 66
3 33
15 18
12 11
3 43
21 20
8 61
15 25
2 76
17 21
0 54
26 4
28 74
11 33
12 79
8 6
25 26
27 76
18 40
22 97
15 99
22 77
29 79
29 51
29 54
23 65
7 18
7 67
20 54
19 21
23 24
15 29
4 23
5 37
11 25
21 51
13 81
13 31
19 12
0 91
22 63
0 42
23 28
28 84
27 99
12 40
6 54
1 23
14 73
21 24
29 87
7 94
19 40
22 76
0 96
28 26
22 94
21 95
18 59
15 93
25 1
19 38
14 41
16 82
26 29
8 13
13 4
0 16
23 93
7 66
5 57
29 14
12 90
8 93
22 63
5 2
28 40
24 4
5 49
1 43
23 44
23 43
29 7
28 7
16 84
14 16
18 64
20 43
21 64
25 34
0 55
5 38
4 70
27 99
15 29
26 100
20 25
17 48
23 63
21 93
25 91
3 9
30 61
15 58
22 38
26 11
30 99
19 89
20 84
2 28
17 48
25 94
19 92
20 79
30 69
20 95
4 70
11 93
20 45
11 50
25 29
14 33
30 40
21 16
15 13
10 52
9 7
1 15
17 1
20 14
10 43
12 71
24 84
11 59
14 60
16 27
19 56
3 64
6 98
20 99
19 9
17 77
14 7
26 71
3 40
27 46
0 74
1 74
29 74
0 37
26 26
15 28
18 68
0 36
3 60
26 92
28 12
20 78
30 85
27 32
18 84
0 55
7 72
5 12
23 70
2 45
0 54
20 95
5 57
24 15
17 38
22 66
5 35
11 7
26 11
12 36
9 44
21 58
1 3
23 47
7 24
9 21
13 8
30 90
19 16
14 5
0 100
4 97
17 71
14 76
15 31
29 20
6 37
9 71
10 96
25 88
21 53
28 79
26 4
26 27
6 51
28 58
24 29
13 12
13 13
12 95
4 73
4 23
24 88
5 87
20 85
23 31
8 59
7 51
10 67
18 28
20 49
9 55
26 48
9 57
10 52
21 34
8 98
23 56
0 57
29 10
6 55
22 62
27 96
19 88
4 5
13 45
6 24
13 30
23 42
2 5
18 58
30 27
16 16
3 67
8 6
19 4
0 71
25 74
6 36
17 80
20 94
15 38
14 9
13 76
17 46
12 47
14 27
15 70
16 94
5 77
16 4
15 93
11 48
14 48
30 54
6 78
12 99
17 24
1 46
14 64
29 58
25 2
8 83
7 64
15 52
11 49
20 72
21 60
30 26
29 61
5 66
6 58
10 46
0 2
9 54
20 13
23 70
3 97
1 18
19 64
26 59
6 17
18 5
19 76
9 19
5 18
29 99
11 34
8 25
16 91
23 96
5 50
23 21
19 20
10 72
8 64
13 3
16 33
22 7
24 84
16 46
1 91
13 20
15 58
19 87
25 29
13 89
15 45
6 91
10 47
23 36
3 36
10 82
18 26
7 13
14 27
25 40
9 67
29 12
8 75
28 95
14 21
20 62
3 38
20 24
11 22
3 22
18 53
18 43
23 67
10 3
25 32
4 36
12 16
15 18
25 54
4 40
14 5
26 97
22 60
6 29
28 43
20 27
27 33
29 62
5 74
2 44
24 95
24 41
23 42
11 15
3 83
30 92
15 4
20 5
21 68
1 100
20 68
26 87
21 60
12 46
17 89
27 4
13 75
4 29
2 39
30 89
11 57
24 67
26 60
17 77
11 87
26 99
21 22
23 58
12 8
2 91
4 21
12 99
0 43
30 90
16 5
9 87
14 55
29 42
24 86
11 19
3 81
2 56
5 57
11 67
24 4
6 41
26 6
10 13
11 34
11 14
0 79
12 62
8 77
2 15
27 52
2 84
1 19
24 96
6 5
21 9
21 97
19 33
3 4
16 29
29 99
6 66
26 16
4 44
20 54
30 97
12 61
16 2
18 30
0 99
11 29
9 46
15 49
20 36
4 5
26 67
1 58
16 16
10 96
26 93
0 87
9 56
10 68
8 89
0 49
10 24
10 50
13 13
30 95
1 88
15 66
28 11
26 94
13 46
5 96
26 26
2 24
4 10
14 81
11 49
15 7
3 84
28 85
14 39
15 17
12 30
16 27
3 16
11 14
17 92
26 6
19 68
30 6
4 30
18 36
1 13
12 26
8 23
11 89
27 95
4 92
6 68
0 2
6 86
22 93
1 60
5 86
6 70
1 25
3 73
5 43
20 70
6 88
25 71
1 32
1 3
30 63
1 86
15 23
7 20
12 34
24 51
0 30
5 91
26 9
11 28
17 34
26 49
22 75
12 28
11 99
2 33
1 40
9 12
1 11
0 45
18 79
21 4
2 14
24 44
16 94
24 28
19 27
11 1
4 27
15 99
24 23
8 27
27 8
16 50
23 43
25 8
17 61
3 90
2 84
29 61
8 24
18 26
16 17
19 40
5 74
30 75
15 3
10 37
1 25
2 58
30 23
3 49
2 42
12 94
27 61
22 10
22 92
30 96
17 83
2 40
9 97
21 48
26 71
23 28
24 63
29 72
7 15
21 38
14 92
10 64
12 12
2 39
0 74
18 38
9 32
16 8
27 74
21 61
28 98
11 64
6 24
28 97
17 49
4 87
2 72
21 4
24 79
16 9
16 16
30 43
20 32
15 29
30 37
20 82
15 15
13 48
10 91
18 99
12 83
8 49
8 78
15 16
8 70
11 8
8 46
3 82
15 54
17 86
21 89
10 83
17 94
9 84
25 24
8 78
1 81
25 29
25 21
29 100
27 74
21 53
15 78
12 97
29 3
23 31
28 80
17 92
10 15
3 9
15 94
16 13
18 41
30 64
22 48
9 52
12 72
25 46
12 8
25 100
13 76
8 15
6 16
17 9
1 42
11 9
7 86
22 12
10 19
27 66
24 93
20 53
12 60
8 44
0 66
9 67
30 41
10 87
23 19
7 47
11 39
13 42
30 31
15 80
11 36
21 7
29 99
5 20
13 23
16 9
10 90
21 61
16 29
14 75
28 36
28 83
19 45
28 6
13 85
2 74
20 46
18 86
28 74
18 99
12 97
29 24
11 84
16 45
13 79
11 81
17 79
21 36
4 61
30 45
28 1
27 40
10 1
29 19
6 53
12 72
30 56
14 7
30 80
16 98
4 21
19 73
10 69
19 67
23 68
10 78
21 82
17 57
10 42
4 25
17 49
6 18
21 71
18 87
13 52
29 90
23 87
22 58
2 24
6 99
20 16
7 40
13 9
1 43
17 63
12 18
16 29
29 92
3 6
29 89
7 31
9 28
3 26
27 77
27 59
3 80
18 36
11 14
19 23
22 16
7 13
7 24
30 48
17 38
14 36
29 9
2 93
30 2
0 46
12 59
13 44
10 18
18 85
20 66
24 15
10 41
25 82
20 6
9 71
26 24
15 69
10 32
9 82
25 59
13 14
18 76
3 36
15 85
29 22
20 53
28 74
6 10
21 54
30 30
9 11
6 31
11 71
30 71
15 90
12 23
0 91
0 94
15 59
24 40
15 41
18 31
11 82
25 37
9 5
14 84
2 44
4 37
7 92
7 29
24 96
15 29
30 13
18 26
18 45
21 82
29 100
10 21
19 80
5 38
5 76
18 55
9 69
9 78
24 14
27 19
16 28
28 32
11 49
10 51
7 45
25 7
15 43
13 92
5 4
9 9
28 67
0 28
6 54
25 90
24 34
20 26
27 22
3 58
12 21
5 66
3 78
10 29
3 11
29 48
16 29
24 13
4 18
4 48
0 56
23 55
12 76
16 58
15 23
23 75
4 22
24 81
11 30
28 50
5 23
30 42
17 99
8 9
26 15
30 51
24 70
0 95
10 8
6 13
14 33
7 22
5 38
20 97
15 100
23 79
9 96
18 70
4 77
15 1
4 1
19 48
1 17
14 9
17 22
9 85
16 2
22 82
28 77
22 62
23 46
1 94
12 89
24 48
15 54
12 81
30 1
8 61
18 78
20 81
13 99
7 55
23 65
22 50
15 18
27 99
29 24
8 83
2 72
7 25
25 18
9 25
0 80
28 72
15 34
15 98
9 95
29 77
7 18
17 26
15 29
8 15
23 82
15 91
0 76
3 92
26 98
7 94
20 37
2 13
22 7
18 18
24 99
9 72
13 65
2 11
1 17
4 37
13 52
25 18
19 67
27 3
30 35
13 78
4 11
12 77
15 53
3 65
5 32
2 47
13 25
7 17
0 58
0 11
16 34
29 79
7 13
12 90
9 19
7 64
8 42
19 29
19 9
2 1
1 1
13 74
29 87
6 83
19 5
5 33
26 42
2 24
2 79
22 96
28 8
3 77
17 52
0 53
4 70
29 39
16 96
12 90
4 92
14 30
20 47
14 5
3 3
11 38
10 55
1 3
3 71
9 92
11 89
9 36
1 7
26 32
26 85
30 86
3 81
16 74
24 8
1 15
11 73
27 97
28 28
5 14
10 81
13 90
27 41
7 61
5 42
15 13
18 35
17 96
8 27
29 24
23 43
25 24
21 43
26 16
3 87
30 46
28 56
10 49
9 4
3 6
29 51
4 56
19 29
14 34
8 2
10 95
4 54
7 88
3 48
2 80
3 67
5 91
0 4
7 66
24 95
28 24
2 100
22 49
23 16
7 46
12 86
22 15
21 39
3 71
5 96
8 29
26 81
10 42
18 89
15 80
29 14
26 97
16 52
13 37
14 28
26 30
29 94
15 4
3 57
17 8
20 55
13 4
18 14
4 75
29 9
23 3
25 85
11 17
5 89
22 22
8 42
6 64
13 97
23 29
11 93
21 63
5 11
27 97
6 75
15 83
13 55
20 92
8 74
27 64
21 78
26 2
14 43
12 36
26 98
9 11
27 96
1 51
12 34
2 41
10 11
16 77
24 5
3 57
27 29
30 37
16 55
15 46
4 15
14 92
21 73
16 74
14 75
2 76
0 64
27 36
24 55
22 52
1 24
20 41
14 8
14 4
16 83
20 5
3 85
13 46
1 90
9 23
17 64
1 83
14 48
19 87
24 48
19 49
12 47
10 59
5 84
8 60
12 54
11 24
27 31
22 24
22 56
20 61
8 91
0 86
30 73
15 99
16 68
10 32
21 4
19 2
0 64
21 47
27 51
0 64
11 38
1 7
25 35
27 43
15 30
3 50
24 78
16 96
27 25
25 93
10 6
22 9
0 30
17 63
25 91
5 87
18 72
0 39
1 95
14 82
1 99
14 63
8 30
23 63
6 64
5 76
10 72
4 83
27 15
21 3
18 8
9 35
16 88
8 7
11 19
4 77
2 34
20 60
30 52
17 38
2 82
5 14
14 68
17 85
22 50
10 44
26 83
30 37
1 25
25 75
7 22
5 98
5 46
10 8
15 90
24 32
16 19
4 83
1 72
26 41
14 18
13 91
6 45
29 39
16 57
0 96
13 10
4 58
17 77
1 57
3 1
24 78
0 36
10 26
21 68
0 4
12 22
0 23
7 89
14 80
4 48
7 7
20 22
30 94
10 22
18 52
18 78
21 98
5 51
27 40
22 11
26 1
12 27
2 98
6 99
11 76
27 50
6 82
10 33
20 21
10 82
20 49
11 78
14 70
8 75
6 80
30 55
9 71
25 35
1 23
8 45
26 49
13 88
25 53
20 75
20 1
15 47
0 3
13 16
30 60
7 46
16 42
14 90
14 3
30 80
14 16
25 90
20 73
26 81
0 95
20 99
12 92
13 99
30 99
16 71
3 15
29 87
10 78
22 53
7 65
0 42
14 6
6 77
3 35
5 55
16 26
8 56
29 36
10 10
7 100
16 72
26 11
12 57
29 2
25 99
10 88
15 62
3 74
29 15
18 79
22 11
27 45
21 12
11 94
17 91
1 76
30 91
28 85
1 13
8 94
17 25
10 10
29 63
25 2
3 54
6 36
9 50
17 69
15 89
18 97
11 81
1 16
3 36
12 94
3 37
17 78
30 46
26 96
23 97
11 39
5 32
28 63
13 78
2 42
29 70
16 78
12 54
24 94
22 15
10 63
22 100
4 95
5 17
30 44
24 90
11 17
28 88
11 37
6 15
18 23
2 30
25 17
19 19
14 70
26 19
17 92
27 61
15 67
1 7
17 67
14 52
25 98
12 43
5 57
14 68
24 55
18 25
2 23
19 68
24 81
6 68
22 92
12 58
8 83
25 70
26 22
23 87
23 48
1 5
27 36
26 23
11 1
1 88
19 9
7 19
22 51
15 29
10 7
25 92
22 95
3 67
23 63
24 43
19 47
0 8
29 67
1 20
15 46
5 25
0 97
24 77
12 50
22 26
25 23
12 79
9 85
7 28
17 66
6 22
22 48
3 43
23 8
6 56
18 77
26 47
4 96
22 3
2 50
16 8
3 98
20 42
28 93
15 78
18 82
21 22
30 80
9 85
21 4
6 75
27 14
12 25
13 76
11 74
7 23
19 85
21 54
9 88
9 89
25 90
14 100
5 87
0 96
6 14
5 47
22 37
21 66
1 32
19 13
15 53
1 21
8 53
7 42
6 98
22 65
26 35
13 11
15 1
8 13
22 8
3 83
9 59
7 79
20 35
8 5
13 53
29 42
2 35
26 90
0 65
29 19
17 88
17 91
30 32
10 53
20 95
2 89
9 41
17 88
30 96
3 45
16 65
17 5
18 14
18 66
23 97
0 57
20 53
10 8
10 75
4 95
11 15
5 5
2 89
22 51
21 29
21 96
6 53
25 19
18 27
14 39
2 14
5 52
22 71
22 75
0 94
18 92
7 61
20 50
22 20
10 35
11 46
2 71
22 67
22 4
7 24
21 74
3 64
17 67
21 47
9 36
3 23
15 8
27 32
24 81
26 63
9 24
5 12
29 94
21 55
23 59
1 39
1 9
14 1
10 25
10 32
10 56
3 20
28 70
27 1
0 80
9 89
23 60
7 2
4 47
1 91
27 11
23 29
24 16
13 26
16 56
5 83
21 80
10 58
25 93
2 63
16 31
13 27
25 54
18 100
25 71
25 68
11 85
8 49
30 2
5 95
4 92
28 24
4 1
10 6
7 26
22 25
0 90
19 95
12 71
25 96
21 35
22 30
23 8
3 19
9 40
8 18
2 49
6 7
9 65
27 33
10 96
23 14
20 70
29 1
23 68
21 44
17 37
17 19
21 58
5 71
8 85
10 13
15 18
29 57
13 68
29 54
2 22
14 63
18 55
7 30
3 54
15 64
22 97
21 18
2 76
12 50
13 34
10 73
19 76
18 60
27 34
11 90
12 7
0 76
27 21
6 27
13 11
26 38
0 50
6 43
12 17
27 70
20 79
0 91
22 7
0 100
26 72
11 91
12 10
30 54
13 47
20 91
8 43
4 86
27 61
10 76
14 19
14 90
7 73
23 23
7 78
3 77
7 1
8 47
21 81
28 49
27 43
19 27
24 66
28 29
0 74
1 7
2 88
23 23
4 42
24 46
10 45
24 75
26 54
13 54
6 55
2 23
19 10
10 99
4 99
3 61
11 16
18 70
29 24
0 23
16 94
11 61
17 47
1 6
14 33
13 2
19 51
8 12
6 25
5 59
11 65
18 20
19 30
30 81
25 71
26 67
2 73
12 36
26 66
18 37
23 41
22 48
25 68
7 47
11 17
12 91
16 49
30 51
4 12
24 96
6 49
27 92
23 91
15 56
11 80
26 81
17 94
26 88
16 84
3 68
5 43
11 44
20 29
2 29
16 13
22 62
27 31
0 55
2 44
0 46
3 72
24 88
7 19
13 14
25 6
12 78
10 89
7 82
19 2
21 63
11 36
21 19
14 98
22 20
5 97
24 85
23 49
1 32
5 71
13 54
25 43
13 33
2 99
14 33
11 36
7 84
22 15
25 90
9 74
18 87
23 74
3 38
20 97
6 80
19 10
2 93
14 73
14 15
7 27
0 55
14 8
25 95
18 63
1 37
6 18
13 97
5 54
4 76
2 61
3 3
12 31
10 90
9 2
15 60
22 63
22 98
17 15
11 16
18 69
11 41
9 84
30 95
13 31
11 48
7 64
6 36
20 34
9 21
5 91
23 2
25 91
19 99
4 87
20 27
18 14
20 98
1 18
15 40
14 61
5 67
6 71
18 37
13 72
29 79
20 85
3 69
13 9
12 88
18 57
25 85
23 27
15 22
17 22
8 83
7 52
8 43
15 32
27 92
21 74
8 27
22 19
5 3
4 81
5 73
10 77
28 60
28 87
6 64
29 18
21 70
17 57
0 39
2 61
12 60
0 98
1 41
12 97
28 77
17 63
28 55
21 59
13 66
20 11
23 83
27 44
9 62
4 12
7 27
1 95
28 75
25 61
3 82
27 49
27 39
0 91
17 89
16 2
6 3
22 89
5 74
30 73
0 74
30 17
27 5
3 66
8 72
5 73
3 67
24 48
23 57
29 48
23 87
2 13
4 95
5 84
13 64
26 41
6 25
18 97
30 94
21 68
23 35
9 29
1 59
13 42
7 59
16 87
16 44
6 81
22 57
26 11
15 61
5 16
16 49
9 12
29 52
27 8
30 29
24 14
14 81
17 53
25 23
18 95
30 26
3 78
2 84
14 30
2 59
4 80
25 83
23 60
0 30
15 49
15 55
8 57
25 68
20 99
1 36
4 37
12 74
4 24
13 96
17 40
10 16
0 60
0 87
14 11
21 98
11 6
19 68
13 13
8 16
29 7
14 44
24 14
30 78
19 9
4 68
5 85
18 26
21 29
17 83
18 48
7 78
29 58
23 68
4 78
5 33
17 46
5 71
8 1
29 61
11 21
30 62
15 75
1 2
13 70
18 53
28 42
21 28
16 21
1 9
15 88
5 1
30 53
27 22
0 11
26 71
23 57
14 6
22 12
29 31
4 52
26 87
16 33
24 52
11 89
5 77
7 30
16 16
14 48
3 78
29 95
19 54
13 28
8 94
22 44
27 77
0 3
10 6
20 35
29 45
25 69
20 7
10 37
30 72
19 9
18 4
0 77
1 1
13 4
28 8
5 83
8 4
27 20
12 65
16 37
16 75
9 41
20 63
21 15
7 9
5 44
30 99
26 8
24 10
10 100
5 98
28 92
5 88
15 13
7 54
20 54
20 72
14 21
9 69
17 99
13 28
4 93
29 42
24 93
14 41
15 45
3 36
12 9
28 45
4 28
17 49
26 13
22 32
12 68
11 78
30 13
1 81
23 73
12 28
5 33
3 95
20 30
16 26
12 38
30 73
15 67
30 47
16 18
30 15
30 6
19 92
9 97
10 63
14 69
25 68
30 67
9 76
21 6
27 75
21 89
17 54
16 65
13 20
30 20
7 47
19 55
5 82
26 73
17 50
30 80
29 11
23 70
13 50
2 46
2 35
27 55
6 12
17 80
25 40
29 30
16 26
8 50
8 20
19 59
29 63
16 79
8 27
1 18
29 89
9 54
20 67
29 85
12 93
6 78
7 92
10 53
24 8
0 62
12 32
1 99
18 32
1 29
17 95
17 88
20 78
15 72
17 86
6 57
12 68
20 98
1 12
14 21
2 25
13 29
4 34
14 88
3 26
24 13
3 4
2 84
4 52
2 55
27 14
14 82
0 56
18 23
16 29
26 86
29 46
28 73
8 4
28 25
0 34
8 69
24 92
11 36
29 64
22 65
13 14
2 30
20 28
21 58
16 48
17 23
26 76
5 88
5 83
11 33
15 57
24 39
29 62
5 69
1 22
1 94
19 36
8 79
14 70
1 68
2 50
25 62
0 75
0 50
19 30
5 83
11 30
4 64
23 16
5 53
4 1
5 77
22 30
9 21
26 86
16 72
30 10
14 8
13 5
26 54
23 70
11 51
10 15
7 38
13 65
10 31
16 22
23 97
30 100
0 42
22 42
28 23
22 54
28 80
3 60
16 34
27 44
9 80
1 99
11 17
24 20
12 83
2 73
22 24
11 62
2 98
16 6
16 77
28 79
9 61
18 30
1 21
14 63
22 67
16 1
3 56
28 28
12 26
29 94
30 78
4 97
3 65
7 12
0 44
17 75
16 36
28 90
30 83
24 7
3 90
26 99
7 64
3 7
5 80
24 85
3 71
26 82
13 26
28 53
19 45
27 69
8 64
8 69
24 20
24 38
19 37
12 23
26 27
1 18
25 89
14 76
6 1
10 76
26 99
15 91
15 31
28 87
30 70
30 3
15 25
7 51
4 94
8 76
23 69
9 74
29 81
15 35
21 55
30 19
8 39
30 15
21 93
5 100
27 68
28 44
11 40
23 68
7 60
28 26
16 100
27 7
7 26
19 65
24 81
18 45
30 18
28 76
10 26
29 2
23 70
29 26
8 29
17 38
6 65
3 12
2 29
8 82
2 92
0 13
26 55
22 92
27 68
7 68
24 40
11 70
18 65
4 6
17 46
25 77
7 56
18 39
22 30
29 57
24 5
3 48
6 80
20 93
29 82
18 31
19 55
21 36
7 73
18 64
25 38
28 58
0 69
11 84
19 30
15 77
23 67
4 96
9 11
5 4
8 34
11 52
15 46
3 34
5 94
14 82
7 88
30 62
14 40
0 7
17 86
5 10
13 8
10 55
21 22
24 60
15 79
4 27
15 46
0 1
26 83
28 95
25 63
15 60
29 64
23 55
12 58
21 56
11 89
19 95
30 76
1 83
15 81
22 10
18 21
25 14
14 23
22 95
2 66
26 85
5 70
19 56
30 82
0 64
10 82
18 22
4 82
15 12
2 4
19 76
19 54
11 74
27 87
15 20
13 70
4 15
25 12
16 58
19 54
28 52
21 2
5 6
6 48
28 1
7 47
20 91
18 83
25 100
25 18
5 12
25 29
8 62
23 11
20 25
11 10
0 66
21 65
19 61
8 95
18 20
13 46
15 88
29 20
1 99
19 57
2 73
24 19
23 19
16 29
10 90
8 11
25 96
9 49
1 35
8 78
17 80
22 86
9 5
27 78
29 84
4 89
19 24
10 36
4 78
18 19
3 4
18 9
5 9
11 8
18 63
2 48
25 10
17 72
8 57
9 39
16 13
30 75
7 23
20 39
28 12
21 69
24 14
22 2
21 91
24 20
5 93
3 95
27 48
9 8
10 40
12 87
2 72
11 36
9 96
13 36
18 19
26 40
10 39
6 4
11 69
11 5
26 71
22 72
17 17
26 44
19 78
23 90
18 21
2 37
9 63
0 70
0 87
9 9
12 15
11 65
14 41
6 29
20 39
29 71
0 54
10 10
23 91
30 99
18 59
9 87
17 9
6 28
14 79
12 28
26 77
26 86
25 63
16 54
0 1
28 98
2 42
2 70
0 31
10 51
10 88
16 16
13 95
23 82
19 28
25 52
13 2
25 88
0 73
8 36
13 61
27 54
29 58
20 73
26 96
26 53
8 35
28 33
29 50
30 8
24 84
20 43
14 26
11 69
12 78
4 31
13 32
13 57
4 6
21 53
23 30
4 13
19 6
29 64
30 20
23 23
18 42
21 87
20 94
21 41
2 57
3 39
17 71
16 69
10 55
16 6
5 6
2 60
6 16
10 2
13 51
0 13
21 82
7 52
29 31
29 15
19 39
4 28
10 96
6 4
8 88
7 26
29 65
23 69
13 46
1 35
9 47
0 14
8 13
21 71
9 51
14 98
16 1
20 68
8 42
16 7
25 27
24 50
24 94
7 69
13 67
10 96
0 82
17 25
9 59
29 28
25 5
18 81
3 90
10 4
6 66
5 35
1 59
21 77
22 35
16 65
16 80
30 2
1 35
26 94
8 26
4 73
22 49
5 1
24 30
23 52
30 27
15 69
7 20
14 23
4 13
13 22
18 2
12 24
20 17
4 41
4 12
13 44
30 19
3 30
12 23
17 13
27 33
21 99
26 31
28 68
3 54
24 36
8 73
0 65
15 32
28 83
8 16
23 22
18 29
26 30
11 54
11 93
17 7
13 76
12 17
24 27
20 4
24 14
24 38
16 81
29 22
5 11
22 12
25 69
28 79
2 74
27 72
28 2
29 74
12 67
9 69
24 77
1 37
30 87
6 92
19 7
8 88
0 32
29 44
17 29
17 56
19 27
11 62
24 7
28 65
17 20
2 22
23 32
7 9
9 94
28 37
25 55
1 53
1 32
7 46
24 82
24 6
24 95
14 25
1 5
17 67
12 3
14 15
13 60
23 74
2 83
7 53
30 76
2 59
24 19
9 27
9 85
9 37
15 68
0 5
22 11
4 63
7 12
17 78
20 77
9 35
15 98
7 81
8 38
6 22
6 92
10 25
2 82
5 35
1 62
6 90
27 6
22 83
2 11
30 36
3 54
17 88
15 8
5 26
13 95
10 78
7 15
2 8
14 79
1 39
21 3
21 88
19 71
21 92
3 50
0 72
17 97
6 81
18 34
15 12
2 84
9 4
21 60
19 72
16 25
18 34
26 58
16 98
27 90
29 18
0 91
4 31
24 41
10 38
13 58
11 10
7 40
14 19
10 27
21 42
0 55
6 84
2 19
19 65
2 89
13 1
19 2
3 52
5 27
13 41
27 18
22 81
16 37
13 3
26 45
28 17
13 38
11 81
0 65
9 27
27 52
22 37
19 15
5 15
23 35
29 74
23 48
11 19
16 23
18 4
27 39
25 14
17 7
7 9
20 32
30 76
20 46
15 42
11 10
30 15
7 80
13 12
7 1
0 100
21 52
21 1
22 50
15 40
26 26
17 17
29 84
12 43
22 90
0 7
24 92
18 34
19 9
10 19
20 83
18 82
6 55
9 32
1 93
24 51
19 97
17 38
6 59
19 77
0 24
5 41
24 14
24 13
30 11
18 36
7 8
21 48
7 55
24 95
27 55
6 87
15 8
20 69
4 69
2 96
1 31
19 17
26 46
2 20
8 61
30 15
12 85
10 23
3 38
19 90
24 9
20 80
7 14
23 88
18 78
5 39
1 89
27 66
13 54
19 47
17 73
22 46
29 92
24 64
20 70
9 24
4 98
22 98
16 10
26 76
4 76
9 63
12 68
15 85
16 20
17 63
6 9
26 34
18 22
18 34
28 95
7 44
10 89
17 32
25 2
10 39
0 61
9 34
29 60
25 35
4 53
1 68
9 48
26 81
16 5
26 30
7 94
25 72
1 8
9 32
26 21
27 68
24 81
27 89
16 15
14 33
15 7
27 59
6 52
29 99
8 72
6 69
16 100
2 67
9 29
22 14
23 77
26 40
2 9
12 56
17 39
18 43
12 19
24 46
7 8
12 64
5 28
24 35
13 75
6 40
26 94
13 84
13 60
9 61
27 76
29 70
9 80
9 28
14 70
24 83
14 41
18 56
30 69
13 39
18 24
24 47
0 66
20 54
9 90
15 5
19 98
10 50
15 65
30 55
6 75
17 45
27 10
18 16
4 27
0 4
1 98
10 62
10 51
19 3
26 71
12 35
1 69
27 3
7 1
27 61
10 11
21 64
28 65
8 18
6 74
25 52
2 62
2 13
13 97
0 51
17 81
26 3
25 17
11 13
7 3
6 20
5 36
0 92
1 62
4 7
3 37
6 55
8 68
8 11
5 24
5 72
18 89
12 70
15 81
25 79
6 35
27 16
15 63
11 90
21 73
10 10
17 1
22 78
22 17
17 79
16 10
24 34
19 1
19 41
29 64
17 40
21 43
1 19
15 8
25 42
13 72
23 20
4 75
12 17
6 51
29 56
19 43
3 28
21 95
4 86
0 25
1 46
7 93
5 91
3 2
3 62
27 80
2 27
20 31
7 23
28 63
24 98
0 24
15 64
10 90
10 29
10 45
21 70
14 53
16 22
26 14
5 83
25 17
20 69
25 75
18 27
5 48
19 22
3 94
20 8
28 63
29 81
16 79
30 15
19 62
17 57
22 77
9 63
9 88
19 2
20 6
14 80
4 89
15 59
5 48
21 50
5 94
23 87
0 94
2 34
0 5
6 62
12 73
7 60
5 84
27 58
16 22
30 61
19 57
22 34
14 15
15 54
25 62
15 6
6 3
8 84
1 77
24 30
7 48
24 61
19 93
19 88
11 53
2 13
9 38
23 95
24 18
20 17
10 12
1 91
20 46
23 9
29 48
5 97
6 40
14 11
26 80
6 44
16 40
13 31
15 72
11 60
21 83
12 74
10 59
29 87
9 18
6 89
5 46
27 13
23 49
25 44
13 83
28 28
27 78
5 8
1 78
3 92
24 59
21 12
27 49
20 88
23 7
13 100
7 26
10 42
21 37
2 71
15 30
22 17
26 58
7 42
19 65
16 4
23 42
15 38
3 46
8 2
20 63
1 55
3 32
30 5
11 49
10 98
24 80
1 3
18 74
29 76
0 19
28 67
1 35
3 75
8 56
21 53
26 3
30 13
9 80
11 88
5 27
7 49
23 59
23 40
19 63
26 30
27 25
7 25
6 3
11 46
2 71
14 100
24 52
15 9
5 40
0 29
0 79
15 27
21 8
26 61
24 34
26 68
9 47
13 2
11 66
17 33
19 83
15 18
0 97
15 46
19 42
25 76
11 38
2 33
4 26
25 47
23 89
25 4
19 39
4 50
5 61
11 66
14 23
6 44
17 25
19 36
27 74
4 40
18 35
10 23
30 19
6 99
2 100
25 24
5 90
3 18
24 67
5 76
25 90
0 62
21 80
23 13
7 98
8 86
2 52
19 83
12 34
22 50
2 35
17 82
23 93
28 68
14 51
21 3
5 20
26 89
22 88
4 96
5 78
4 82
8 19
30 54
6 38
2 92
21 65
7 50
16 81
12 18
10 71
2 56
3 8
14 42
4 55
1 94
9 92
3 63
0 20
26 92
18 71
1 87
25 49
8 31
1 73
22 25
25 91
28 56
26 52
1 28
4 3
28 18
12 83
19 92
10 20
28 8
14 18
8 21
21 58
29 50
26 10
22 23
24 24
14 99
10 66
12 25
2 63
18 63
1 15
4 21
7 7
8 80
22 88
11 83
6 57
7 12
30 57
17 1
22 4
30 15
10 61
0 85
17 4
25 24
24 24
24 9
6 47
7 54
17 2
30 3
16 6
9 21
9 21
26 2
3 12
7 93
9 40
20 50
9 98
10 34
13 58
29 91
28 30
3 38
20 85
30 47
0 78
13 95
17 15
23 44
10 53
29 7
20 4
11 91
21 6
0 55
4 25
29 12
18 33
9 14
13 52
20 37
26 56
29 12
19 97
22 65
15 48
22 31
2 61
20 58
6 98
0 53
12 20
5 98
20 79
17 75
17 75
27 77
26 66
28 64
19 28
24 16
2 41
29 32
6 72
28 70
17 15
24 99
12 53
25 26
29 66
5 16
23 85
21 16
18 6
5 42
17 59
27 56
0 65
13 70
24 81
26 29
27 35
27 8
9 43
3 6
13 46
0 50
23 73
25 85
7 44
15 77
11 51
14 35
29 61
19 48
9 66
11 3
28 87
7 9
8 26
8 55
22 80
15 91
15 21
2 46
24 40
24 52
26 15
5 15
29 90
9 2
6 22
7 40
4 1
20 95
26 32
24 41
27 58
8 32
21 54
17 60
6 22
18 35
5 72
16 94
4 30
7 32
29 4
30 59
3 45
25 14
30 97
11 53
15 79
10 21
11 58
16 38
25 19
14 30
13 18
28 19
17 82
24 12
26 9
19 30
20 89
16 80
23 54
9 48
11 91
25 16
22 40
1 7
6 67
6 74
22 86
8 59
23 33
19 81
9 43
14 42
11 52
19 87
14 99
15 51
5 80
13 70
12 74
4 31
4 48
14 97
5 31
30 44
0 86
17 64
15 83
22 76
6 39
23 13
13 70
15 8
1 54
9 11
4 66
27 67
6 93
13 78
1 56
24 41
10 54
4 42
13 74
10 26
24 87
29 23
5 45
13 28
3 5
17 92
25 45
4 37
2 71
24 71
9 100
5 19
4 75
23 65
14 57
2 42
24 78
20 64
6 47
2 50
24 12
16 22
22 2
20 81
29 95
11 55
12 99
5 60
9 97
9 26
26 89
3 45
30 91
11 64
6 96
9 13
24 29
10 72
26 91
2 37
3 43
3 77
19 74
22 6
27 99
12 58
22 64
11 58
8 40
24 27
18 90
23 84
15 33
30 74
4 68
8 5
16 15
24 29
9 41
0 74
4 6
5 49
25 76
20 17
20 49
29 97
11 85
8 73
15 52
30 96
25 36
10 7
10 63
8 71
22 55
21 66
13 26
2 30
5 7
12 59
25 46
10 67
11 35
20 48
13 28
25 81
28 6
4 80
14 75
13 6
30 81
4 61
10 12
20 17
25 4
30 58
11 15
29 10
0 100
1 48
2 13
26 64
22 43
5 34
10 24
18 73
1 83
16 27
10 31
15 58
9 7
2 87
14 47
1 90
16 30
16 81
24 77
10 56
2 91
8 60
12 29
24 38
30 6
25 85
28 66
18 40
24 63
20 43
17 98
0 22
28 64
17 94
0 11
4 61
15 58
22 86
12 27
26 58
12 47
27 100
28 70
19 74
22 17
17 55
14 43
16 6
17 69
4 18
28 45
28 15
16 40
2 64
12 21
16 44
29 18
23 99
11 79
4 15
5 82
1 32
21 61
19 68
6 81
24 71
7 65
20 79
16 6
7 88
23 6
24 77
18 65
0 77
21 15
15 38
12 68
12 4
7 81
15 3
4 41
27 20
17 40
6 24
22 54
18 76
23 24
26 51
21 53
18 54
17 63
3 89
3 36
22 22
14 10
27 84
24 20
27 24
16 64
24 60
14 77
2 25
7 33
10 97
29 62
4 39
20 57
0 54
22 12
1 21
9 95
15 18
27 24
15 19
13 42
10 91
12 52
30 90
7 92
3 72
9 56
3 53
11 81
15 15
15 13
8 80
19 52
30 33
9 40
12 38
10 19
10 66
21 51
2 36
25 81
23 23
25 53
0 40
22 73
19 6
12 38
23 18
1 41
14 14
22 100
11 1
27 63
23 98
29 17
19 39
4 47
10 80
0 92
3 93
1 7
1 36
19 8
27 22
27 37
19 81
29 37
3 5
7 53
14 18
11 16
23 33
15 91
7 70
28 56
3 5
24 4
28 78
13 40
26 79
5 69
9 54
8 68
22 1
9 31
28 30
16 75
20 74
14 74
26 69
10 25
2 32
22 8
12 49
24 30
4 29
4 61
4 86
5 90
30 76
14 43
0 87
16 38
28 24
24 62
25 16
26 12
27 77
26 23
29 3
25 76
13 10
28 53
13 2
8 51
24 17
19 96
27 12
3 27
2 76
8 17
27 40
30 57
18 90
28 95
4 40
16 81
7 26
21 13
9 18
29 45
28 17
23 15
12 96
12 46
23 11
0 30
22 17
20 49
23 2
29 63
14 47
20 25
17 66
22 3
14 8
19 37
14 83
19 71
22 33
29 57
20 31
11 49
10 75
7 99
14 34
26 26
13 61
14 59
20 5
15 81
12 11
2 33
21 75
19 23
23 69
14 57
14 49
21 13
1 53
16 64
2 5
26 23
8 44
21 15
28 86
23 52
30 36
22 73
22 25
26 48
24 84
4 96
17 20
11 97
16 29
2 82
15 91
24 49
14 3
10 5
27 29
18 22
16 98
7 47
9 71
29 84
1 66
10 17
10 17
17 71
27 45
30 68
11 34
3 10
19 18
21 51
2 68
27 59
3 70
30 92
1 31
8 80
28 27
13 54
28 65
16 3
25 80
9 68
25 77
1 66
22 10
3 52
21 52
27 6
5 51
28 88
8 3
3 52
8 33
18 24
0 24
23 4
25 60
4 70
3 88
18 17
29 54
5 78
8 88
5 2
9 35
9 52
21 41
8 99
16 74
13 13
1 37
29 21
25 67
2 39
24 50
21 98
23 47
29 1
22 37
14 71
15 55
24 20
9 38
24 9
7 33
30 45
28 4
17 28
5 36
24 60
16 36
1 21
14 71
24 40
27 86
17 45
8 11
26 32
6 81
24 67
29 49
21 66
21 98
27 17
24 3
15 70
23 20
3 11
8 50
11 80
18 4
5 54
15 88
10 44
7 24
15 24
18 62
18 69
4 82
2 76
2 96
27 85
8 37
25 34
2 93
5 37
29 94
18 36
19 45
24 21
21 45
11 72
16 61
21 87
13 85
19 43
8 83
8 37
29 40
13 94
14 91
5 12
5 35
9 66
15 94
9 62
10 83
4 83
11 42
9 61
21 88
26 61
17 89
28 88
19 93
8 95
10 23
4 14
6 100
28 5
4 38
25 88
12 41
20 41
6 17
23 29
29 60
7 64
6 49
18 24
21 38
30 13
7 75
19 63
8 95
5 24
1 49
6 92
22 80
7 13
6 71
17 68
5 86
17 44
0 83
7 90
30 20
3 13
20 29
12 81
9 81
13 58
14 65
9 93
24 86
8 54
8 4
28 54
0 81
28 16
2 51
11 55
12 29
9 21
7 64
17 30
14 74
1 84
23 67
19 74
9 44
22 17
3 22
18 74
13 27
28 72
12 75
18 92
1 12
30 23
18 90
7 8
10 53
4 32
8 71
29 42
25 47
15 8
0 40
26 91
25 44
19 30
30 60
30 7
20 100
18 56
8 52
13 25
9 82
18 8
10 95
15 48
25 80
1 85
29 20
8 23
12 94
18 50
0 29
16 62
25 56
0 73
4 74
22 1
20 36
14 4
26 42
25 25
11 80
27 89
30 89
12 41
6 5
23 82
16 61
18 88
4 71
4 56
16 98
26 18
28 12
12 100
28 44
7 6
18 67
21 59
26 81
30 98
19 89
28 95
2 99
20 72
1 34
6 98
23 42
12 36
25 32
16 5
16 36
28 28
23 73
1 64
18 38
21 30
13 86
4 20
14 29
6 70
10 19
6 93
26 2
9 76
16 63
7 77
13 78
19 18
26 76
6 84
26 57
15 23
0 4
27 54
17 45
24 39
18 42
4 93
13 45
0 63
8 76
17 5
21 68
20 13
1 44
9 45
16 79
15 34
23 36
21 77
28 37
18 37
2 78
7 3
14 77
1 66
23 77
3 38
7 57
27 30
23 28
16 82
4 90
7 53
17 97
0 45
7 56
20 69
26 10
30 88
21 4
19 45
30 80
18 24
27 83
3 12
2 19
26 25
16 60
16 19
21 98
14 44
2 49
13 29
13 76
12 21
7 87
27 30
1 6
29 69
17 41
5 71
10 90
14 88
19 82
21 45
1 65
11 9
10 47
5 24
11 36
28 100
12 21
28 4
7 33
5 64
4 53
17 51
19 30
11 37
8 97
30 95
9 43
17 100
7 15
26 40
8 55
0 86
27 100
14 73
1 61
23 60
7 94
0 34
0 73
14 20
26 99
13 92
13 81
24 56
30 99
27 65
18 16
21 1
11 98
6 73
1 38
6 40
16 24
12 21
2 5
17 57
24 67
29 49
3 80
16 35
6 57
7 43
22 90
2 37
15 54
30 21
17 86
21 24
15 7
5 13
18 37
13 7
14 54
30 96
4 84
9 14
17 81
11 77
4 20
14 27
7 15
1 37
5 79
27 9
25 80
14 73
14 32
25 13
19 9
21 10
4 92
15 24
2 44
26 80
8 12
1 59
9 99
26 95
9 57
21 30
21 97
6 16
21 36
11 11
8 60
28 95
3 78
19 66
28 19
18 83
3 39
14 4
4 72
11 79
9 45
22 1
26 58
5 59
21 13
20 5
9 68
6 11
10 46
11 46
9 11
1 77
16 72
24 68
28 94
15 41
28 100
13 28
8 85
25 89
28 100
21 80
8 23
30 47
22 69
21 91
13 41
8 50
11 68
30 73
26 39
14 42
22 17
11 89
9 6
24 38
7 2
20 41
24 32
3 11
2 34
22 9
27 20
23 70
8 90
7 37
22 11
22 68
16 54
20 69
14 62
7 98
21 42
29 72
25 32
13 21
2 30
28 60
20 36
22 87
13 78
16 93
4 83
9 49
18 26
7 76
3 3
27 43
23 34
11 95
18 5
12 65
13 39
4 49
7 78
4 38
29 89
11 74
2 99
14 1
24 76
14 3
25 55
7 60
3 95
15 21
16 56
23 92
1 78
9 27
30 76
0 48
20 18
24 26
22 3
20 100
13 24
21 88
0 69
8 54
25 40
27 69
22 22
22 5
23 65
25 17
28 20
22 13
17 74
29 73
27 66
18 58
16 79
25 36
12 32
18 23
27 58
17 98
18 84
5 59
2 2
25 90
10 7
15 82
17 69
15 36
11 69
28 58
10 74
26 10
2 54
1 30
12 55
13 38
20 96
27 47
24 3
17 22
25 3
21 77
25 26
15 17
9 85
7 88
2 36
1 28
7 98
1 9
13 68
21 65
0 12
11 63
4 76
29 25
14 17
1 54
21 72
27 79
0 38
2 55
15 81
20 49
12 44
16 11
22 69
13 59
24 70
11 41
0 46
0 22
25 39
11 45
30 41
2 4
13 67
11 22
22 99
2 22
27 45
23 24
28 27
19 5
10 27
9 67
9 84
13 85
9 90
18 19
3 8
11 100
23 3
2 88
25 66
8 57
3 43
20 64
25 75
23 75
27 64
29 91
5 39
16 96
20 49
0 71
17 53
10 92
17 2
19 57
15 20
25 91
24 64
4 6
0 76
6 9
23 64
26 14
24 13
17 18
24 100
16 2
27 30
3 68
27 90
19 21
5 24
17 42
0 15
2 56
3 82
20 40
20 68
1 38
2 44
21 67
22 1
8 82
5 60
22 14
22 5
24 99
13 86
15 50
27 17
28 26
21 87
0 34
11 43
27 6
0 67
21 52
21 24
11 86
24 43
2 89
15 69
0 43
11 33
23 52
30 78
17 78
26 35
4 45
26 67
3 70
5 75
14 54
25 39
4 8
14 59
23 35
30 16
1 18
30 57
8 15
8 1
17 43
0 14
2 38
2 42
14 6
7 13
9 21
0 64
3 59
22 21
24 75
28 31
23 20
5 19
26 42
6 24
12 67
13 9
14 13
0 86
7 49
23 9
12 44
25 53
21 18
28 51
14 49
13 29
1 10
5 4
29 65
17 70
13 55
22 23
5 35
29 23
9 8
15 89
15 58
27 9
22 38
16 9
14 67
28 71
16 62
23 44
10 3
7 52
14 78
29 16
12 88
16 16
18 37
3 10
18 42
17 40
1 87
10 98
4 39
4 50
22 30
18 43
10 77
21 23
5 100
26 43
17 100
9 13
6 29
15 34
0 8
16 66
18 6
8 12
24 17
26 41
6 71
25 40
20 99
18 33
25 98
5 7
6 71
21 35
0 52
2 41
25 72
2 91
9 87
16 38
26 67
27 90
7 92
12 27
3 68
4 44
25 83
0 79
10 16
16 70
8 56
16 39
27 8
7 32
10 52
8 44
13 68
21 94
1 74
13 27
0 97
18 95
28 89
26 67
29 11
28 58
22 27
0 91
21 37
1 64
12 8
27 59
7 11
21 26
11 15
22 83
5 86
25 56
1 39
9 77
7 81
21 96
7 75
12 39
16 22
24 1
8 87
19 9
24 45
1 11
25 50
30 15
13 77
27 58
24 61
23 29
13 16
5 38
19 85
17 93
7 51
7 35
6 46
2 9
22 37
9 59
19 80
9 93
26 86
16 16
0 43
1 95
19 35
17 73
0 34
25 38
10 87
8 67
25 22
8 46
1 18
29 34
13 22
26 38
25 30
28 74
9 37
16 7
2 97
0 21
24 14
4 52
8 97
22 93
21 17
11 2
19 29
4 68
0 16
3 34
9 54
17 33
7 11
13 76
5 23
3 7
23 79
29 12
28 55
12 68
29 96
29 95
4 19
24 77
25 67
28 19
0 40
4 12
22 89
5 17
11 97
11 49
15 9
18 39
11 79
25 68
26 8
19 81
2 91
20 26
15 96
14 69
28 19
21 61
2 88
4 88
20 18
5 91
25 4
8 33
8 85
22 7
7 48
2 86
27 38
29 87
30 49
29 52
12 72
30 18
24 71
29 9
25 67
28 84
4 83
24 33
6 92
10 32
3 85
2 67
5 48
6 21
4 98
2 12
26 85
6 15
14 34
23 82
17 62
4 89
15 86
6 20
18 76
15 46
28 71
26 24
22 20
19 82
6 76
5 55
14 93
19 100
0 4
28 23
5 12
25 7
12 34
29 57
16 89
21 93
0 51
24 46
27 97
18 46
28 31
20 99
0 46
16 76
21 61
9 26
25 14
26 69
25 94
20 79
14 83
11 94
11 100
15 2
3 98
5 3
18 79
9 50
26 40
14 80
30 20
7 31
6 21
27 4
9 29
22 48
4 100
10 9
21 12
14 64
26 42
18 82
14 83
17 80
27 18
25 51
8 64
1 57
20 3
19 51
1 13
11 40
24 64
27 40
13 37
17 90
6 14
25 84
2 6
18 100
24 79
7 43
22 27
17 30
0 53
23 37
25 98
12 75
5 73
29 83
2 85
14 19
15 13
20 41
4 31
22 40
2 90
10 99
25 62
30 78
16 97
6 52
0 77
27 6
24 98
21 31
18 5
0 78
25 97
8 90
28 32
23 4
13 15
10 91
17 99
21 41
16 99
11 94
12 59
19 47
26 71
14 86
13 38
21 67
6 60
21 78
11 16
14 47
0 86
10 73
17 38
13 74
4 65
0 27
1 32
4 98
11 93
17 52
5 36
11 86
0 67
16 100
12 48
10 95
6 12
25 66
28 99
5 35
27 24
13 9
8 45
12 37
25 9
7 79
24 45
9 50
5 84
10 25
10 21
23 80
18 56
14 5
24 61
13 49
19 75
17 25
3 54
2 8
0 27
15 16
18 11
25 65
28 70
1 30
10 64
11 21
3 39
7 36
12 34
11 76
1 87
26 51
6 72
21 78
20 68
2 16
30 68
13 89
7 78
18 5
14 91
29 81
10 100
30 46
26 8
20 75
10 48
12 75
3 22
13 87
23 55
7 26
17 21
7 96
29 30
15 81
27 30
15 1
23 42
24 12
11 22
6 10
11 1
23 58
6 38
8 85
5 53
23 44
24 11
13 74
23 9
24 59
10 47
7 39
13 99
24 64
3 72
27 61
6 3
1 34
16 86
22 89
15 59
0 80
27 41
28 40
0 52
20 65
15 86
30 77
14 12
12 64
4 100
26 14
17 7
4 92
28 71
18 32
29 100
8 32
16 100
25 53
17 35
23 82
23 74
8 30
30 92
19 60
29 2
14 95
29 3
12 75
10 57
22 49
0 51
15 54
24 32
24 25
15 86
25 15
25 93
16 37
5 53
8 96
2 98
28 16
22 18
18 14
29 92
25 51
1 15
4 38
27 47
27 70
8 74
14 13
30 27
15 90
22 50
28 25
12 96
30 42
2 45
12 22
30 25
3 12
20 61
25 10
14 83
11 15
23 78
24 24
4 19
5 21
11 65
17 4
16 41
28 52
17 11
27 22
3 88
6 15
16 66
0 38
28 21
12 75
0 63
24 11
8 30
16 54
0 44
30 64
20 65
1 82
22 31
30 49
6 86
27 74
8 96
18 13
3 30
27 91
16 32
2 22
25 46
29 3
15 20
20 22
17 46
1 22
9 9
15 49
16 95
30 80
26 3
3 10
18 14
21 100
24 60
25 24
12 69
12 8
24 40
0 98
24 7
21 31
2 77
9 96
30 51
19 76
1 5
28 27
19 15
27 89
1 87
0 60
28 84
1 28
0 82
8 30
2 78
2 81
17 25
17 45
22 58
28 63
27 21
24 20
0 49
18 85
17 87
24 1
12 16
25 42
16 14
19 7
20 45
10 81
29 16
1 16
22 99
27 91
21 43
12 90
18 48
4 23
2 10
25 45
8 17
26 29
8 70
3 41
10 30
21 18
25 83
3 76
11 24
7 45
21 42
9 17
23 48
13 40
5 13
0 67
8 42
11 77
14 43
13 2
14 36
24 62
9 93
27 61
3 87
15 63
16 76
13 11
15 72
0 86
0 41
22 15
15 71
17 27
15 88
5 18
1 91
2 56
19 74
6 47
13 35
24 24
14 80
27 48
8 36
5 54
18 3
22 35
30 53
20 92
22 81
30 16
18 70
30 16
19 47
24 16
17 67
6 92
23 24
18 49
2 49
16 5
10 49
13 93
17 81
29 29
13 65
15 14
6 62
18 92
30 38
12 74
21 36
16 79
20 24
16 32
9 4
25 41
6 3
30 45
26 37
5 63
14 36
20 52
1 79
29 21
14 52
1 17
0 32
24 93
11 51
25 44
22 41
1 71
28 31
11 56
2 98
18 49
28 54
26 33
21 50
14 26
19 92
30 63
2 49
4 12
18 1
27 29
14 29
10 51
0 84
27 75
12 54
12 49
21 82
6 44
14 2
17 85
6 38
12 93
26 92
3 35
23 53
6 77
18 25
26 77
19 46
9 16
24 92
12 96
22 88
25 33
14 88
2 75
25 20
23 6
10 15
8 8
30 74
20 20
14 55
23 98
18 33
25 51
8 20
4 52
30 80
20 12
10 64
28 75
17 85
8 42
5 95
9 17
2 32
16 26
13 52
13 15
0 18
17 49
25 44
6 17
20 78
14 83
13 53
15 29
7 7
20 86
19 86
16 40
6 42
6 57
12 89
25 68
15 3
12 26
9 85
15 32
26 44
25 57
5 29
26 8
12 33
23 37
15 11
29 9
17 67
11 60
5 54
16 59
28 19
1 67
13 26
23 2
11 63
29 58
28 39
9 10
18 60
1 84
7 84
9 55
29 71
22 57
23 86
13 40
16 60
20 89
3 39
10 49
18 49
23 5
6 52
9 83
22 7
23 67
30 58
19 99
18 79
15 79
1 11
26 79
7 42
26 12
12 52
1 47
3 61
7 25
26 45
1 48
4 88
23 10
9 94
5 29
30 74
18 98
1 15
6 96
19 90
11 38
25 78
1 50
22 97
0 44
15 15
10 60
0 40
20 69
1 84
24 67
25 10
26 28
9 96
21 79
3 69
21 26
11 48
19 57
4 64
9 5
2 36
30 85
9 43
18 48
5 88
1 28
20 8
0 78
16 96
5 94
29 12
1 71
29 80
12 8
12 91
22 98
9 64
11 81
13 21
5 64
1 8
9 38
30 4
19 25
29 100
19 58
18 80
4 42
16 88
30 82
17 20
2 70
8 85
13 95
13 71
1 81
23 19
14 87
24 75
20 97
16 100
15 6
18 70
12 34
11 9
17 25
5 53
6 10
12 53
5 61
1 53
13 54
6 32
24 4
10 7
29 57
18 24
28 85
20 86
24 35
28 36
5 99
8 97
28 72
29 47
22 5
14 56
10 2
19 68
27 95
27 31
16 7
24 31
4 61
23 16
13 91
11 75
18 36
22 5
4 27
15 83
23 84
8 7
29 71
16 18
18 22
19 54
20 92
20 64
5 90
2 87
0 32
9 35
20 37
22 79
12 63
13 86
5 5
23 20
19 21
7 27
10 29
29 74
6 41
20 34
16 70
27 100
18 45
26 34
8 41
9 97
8 53
25 25
6 13
29 87
11 33
28 58
17 7
28 38
11 11
5 22
14 47
16 26
13 74
21 13
11 81
26 10
30 43
6 75
22 73
30 34
27 9
4 90
4 88
24 4
19 71
3 33
23 87
23 90
8 26
24 51
2 77
13 47
9 2
3 11
29 37
21 59
28 9
23 35
14 50
5 72
28 85
20 44
26 96
8 21
22 96
19 8
26 3
25 8
1 74
7 68
30 70
11 26
16 74
28 49
11 97
8 63
17 74
29 96
23 19
24 52
12 32
27 54
12 44
9 38
29 77
15 68
27 47
2 78
1 36
6 85
28 72
21 94
13 46
13 35
21 63
2 66
13 74
16 7
2 45
2 14
15 92
1 39
0 6
7 81
22 69
2 76
30 56
27 18
6 42
17 29
13 1
16 69
5 16
9 79
4 12
13 23
7 96
4 44
17 92
30 53
11 89
14 57
19 67
10 61
3 76
21 60
7 46
1 66
22 20
20 20
22 75
18 3
20 93
16 59
22 9
23 93
15 23
29 43
3 74
19 29
24 31
28 16
20 62
28 58
21 8
0 15
9 28
9 12
16 51
23 94
29 71
18 81
4 98
15 21
23 29
17 49
1 79
26 29
24 8
27 65
14 3
8 15
14 74
5 74
6 46
22 74
10 97
6 13
13 49
8 91
9 96
5 79
16 24
10 38
13 64
11 82
24 10
24 52
13 79
22 18
12 77
22 88
8 80
27 9
5 5
20 10
13 74
0 17
16 55
19 37
15 33
29 53
30 29
14 26
27 67
9 46
6 72
18 67
16 89
19 72
28 75
19 86
23 22
16 6
7 44
19 79
25 83
15 50
12 84
18 97
30 8
9 35
11 35
7 24
16 15
27 22
6 69
18 13
13 53
8 49
20 24
1 75
30 55
30 51
18 46
1 82
5 21
25 50
7 6
13 83
8 66
0 66
25 69
14 99
11 85
15 12
28 99
0 51
5 33
7 56
8 36
29 61
15 31
11 59
0 7
0 62
5 55
20 63
16 83
17 68
16 83
18 35
17 23
8 58
1 38
28 51
1 77
18 23
26 86
27 82
0 73
1 60
19 40
23 25
22 54
14 12
3 12
3 59
16 55
14 28
26 78
16 22
14 17
20 6
10 47
26 63
7 5
30 84
27 2
30 14
24 90
22 49
9 5
22 57
4 89
30 38
8 87
14 20
7 38
25 67
21 87
16 82
23 9
1 39
23 49
9 74
8 28
6 34
12 93
7 91
3 50
5 100
20 54
21 72
21 6
15 15
11 91
11 12
25 43
0 12
9 99
30 14
22 25
9 54
16 23
26 88
16 2
24 1
19 45
12 77
29 86
10 2
10 78
8 29
18 17
28 85
10 44
14 63
13 97
21 82
6 79
1 55
11 60
8 57
29 40
29 41
3 97
25 99
30 62
10 56
29 61
1 43
9 22
22 62
21 66
10 34
10 73
28 95
12 98
1 78
16 85
15 2
12 82
26 71
23 49
10 86
30 31
23 55
20 45
24 61
12 46
18 88
22 92
0 33
9 2
14 86
0 48
16 17
9 4
25 99
21 57
11 26
8 65
2 35
28 28
1 79
3 36
29 37
22 20
7 30
4 58
12 1
3 9
0 59
20 82
18 38
1 15
25 91
28 88
17 21
13 66
19 7
20 5
12 33
10 4
18 39
13 100
12 52
4 34
27 75
16 11
25 74
2 34
10 93
3 7
23 71
11 14
21 91
12 41
3 1
26 16
30 38
7 99
24 49
15 24
11 26
2 81
29 37
5 4
13 32
7 62
16 65
1 11
18 7
30 70
6 100
2 82
5 81
19 36
8 23
3 87
24 90
30 54
11 82
24 80
12 52
19 69
28 47
28 40
5 57
27 22
14 50
20 88
27 2
16 87
13 55
16 86
8 98
8 47
18 36
20 13
1 89
29 72
22 13
0 17
28 72
9 29
15 58
29 56
7 9
9 96
25 40
26 24
23 97
2 40
3 24
24 57
0 20
29 31
0 68
22 63
24 76
13 18
18 3
20 10
25 20
22 36
12 75
8 18
13 8
20 44
22 34
2 26
23 41
12 25
28 67
9 94
8 14
7 26
8 47
4 37
14 10
27 17
2 53
10 78
15 99
4 17
21 26
19 13
29 41
9 3
15 95
8 92
29 15
18 100
20 70
22 27
12 77
16 27
0 57
17 14
22 60
10 86
15 61
18 73
10 22
9 71
2 39
23 75
13 80
13 88
26 79
11 34
20 37
4 8
3 82
16 31
19 50
3 89
25 43
17 64
21 97
23 33
8 57
7 53
24 50
25 54
16 5
27 92
6 65
3 67
13 53
8 83
30 46
27 32
6 40
21 3
5 50
27 76
23 35
20 75
15 95
9 80
25 23
10 68
25 20
7 64
8 4
25 90
2 8
1 37
7 90
30 26
13 56
25 52
11 97
15 18
5 77
9 75
30 8
13 61
13 41
4 60
13 90
11 32
3 56
9 83
8 95
30 70
14 58
7 82
24 93
18 29
21 26
1 43
7 9
10 21
14 64
2 31
12 18
19 53
29 46
18 37
9 16
15 37
16 45
9 54
4 62
20 60
29 94
2 34
2 18
12 90
8 81
18 77
22 27
15 51
12 70
9 72
14 99
3 72
21 84
21 36
6 30
11 68
24 80
19 48
10 25
28 6
10 14
2 3
23 41
21 44
2 85
15 16
23 34
19 82
15 28
23 34
19 70
15 37
17 29
30 97
10 60
24 44
14 36
26 15
1 25
22 62
9 8
11 30
16 6
16 26
17 89
17 99
16 42
18 91
21 74
11 74
14 14
13 63
11 77
18 15
9 68
27 90
13 51
10 84
17 46
7 73
21 24
12 5
29 20
14 3
6 80
9 4
22 2
29 33
8 85
2 34
9 53
18 38
16 31
16 77
27 52
13 93
13 88
22 69
8 96
23 22
7 46
3 81
25 51
18 60
26 99
11 24
26 92
9 58
3 78
29 32
9 59
17 86
14 98
7 4
9 18
18 7
26 1
27 41
23 19
0 76
17 86
30 32
13 30
6 80
16 61
0 26
28 7
20 49
26 72
11 4
9 84
20 100
11 47
14 74
3 19
17 54
22 30
12 99
