100
7 26
29 11
8 9
8 52
27 55
7 64
10 39
14 27
27 45
29 58
1 66
13 19
15 22
5 28
22 6
14 20
30 86
21 46
3 62
20 97
9 13
20 80
7 56
0 92
6 87
2 91
27 27
15 68
18 58
2 97
3 90
15 98
30 38
27 21
0 23
28 90
1 40
29 19
23 85
19 35
6 14
25 22
26 99
19 64
11 87
20 99
17 59
22 85
20 71
18 80
4 70
28 83
4 100
17 68
3 20
18 87
4 92
23 96
6 53
30 71
25 78
29 5
14 26
5 35
1 26
29 13
14 49
30 58
21 86
20 34
21 90
27 65
24 81
2 95
19 12
30 44
2 75
26 73
6 97
28 40
30 46
12 35
1 60
29 97
21 10
14 31
26 8
24 24
22 9
15 99
13 81
26 23
6 58
29 24
6 26
7 23
22 84
2 12
16 11
21 69
14 16
6 39
22 79
4 33
19 11
29 18
19 59
24 81
16 20
21 58
12 7
23 1
8 36
30 30
6 21
24 51
5 61
3 98
10 10
2 62
0 18
13 89
1 17
22 43
21 76
4 73
11 16
20 83
16 98
18 28
6 44
1 21
23 43
9 53
27 85
14 21
25 93
7 9
10 87
4 24
14 8
10 52
20 41
24 99
11 21
27 86
22 1
7 54
4 68
14 41
18 20
18 43
18 11
22 32
13 93
8 83
1 27
17 38
11 54
30 95
18 54
30 57
25 47
26 77
14 61
10 94
8 2
7 25
3 4
20 58
24 5
22 99
16 62
14 67
3 96
17 33
18 92
10 7
15 52
13 21
11 18
20 20
6 73
22 79
13 46
13 2
12 7
21 43
18 86
30 87
16 1
12 10
25 69
9 38
27 4
22 70
22 42
7 88
19 33
24 24
15 3
12 72
28 13
13 98
23 16
3 25
22 73
22 9
5 43
28 10
7 19
13 25
9 46
26 38
25 83
27 99
0 48
6 92
12 50
26 84
26 65
9 92
17 88
14 6
26 35
10 89
3 92
16 97
24 14
12 99
20 96
25 74
14 18
15 14
12 63
10 57
5 37
19 12
28 44
23 13
15 97
8 78
15 63
30 14
12 44
15 87
19 39
29 89
5 12
14 60
19 86
29 74
18 76
11 81
12 37
6 86
23 85
22 56
8 22
30 1
22 14
2 77
3 12
19 6
19 27
26 24
26 89
27 18
5 44
4 34
14 46
22 82
14 81
0 68
10 71
7 67
18 88
25 11
8 69
21 58
7 50
4 69
13 92
12 57
14 19
14 64
4 46
24 74
22 67
11 78
3 62
22 76
9 62
17 84
9 22
4 95
18 81
26 72
26 74
9 70
1 22
11 61
28 43
12 91
9 14
27 78
24 49
19 30
17 14
13 85
14 99
29 25
8 26
27 6
8 51
11 65
14 37
10 21
2 36
3 30
11 51
1 98
15 62
16 98
17 30
6 90
21 47
24 77
27 2
3 52
15 11
25 69
29 6
6 81
15 14
7 53
6 68
14 91
9 44
23 26
21 20
3 100
12 43
14 63
7 76
8 25
8 8
30 87
25 8
5 32
26 28
6 86
7 34
5 28
12 21
0 60
15 50
8 2
11 33
17 66
26 74
26 25
13 39
14 73
27 52
2 73
1 66
2 83
10 72
28 28
23 17
27 20
27 94
26 5
19 35
14 30
18 89
28 43
3 79
21 66
15 88
28 42
30 78
7 85
5 42
7 64
1 47
23 96
30 1
29 15
24 12
6 1
4 50
20 8
21 38
20 77
29 78
18 15
4 12
4 29
23 61
27 21
30 59
25 27
14 100
5 18
14 50
8 12
20 12
6 28
17 71
7 73
24 34
1 9
20 86
11 91
12 72
12 91
13 84
23 70
20 98
23 46
17 77
23 28
3 93
5 56
8 93
10 97
21 57
30 12
11 58
22 31
17 60
17 11
27 88
8 84
5 15
17 23
17 20
2 93
14 72
3 19
27 89
8 53
29 88
14 37
17 73
12 25
10 68
21 88
24 79
20 38
4 69
22 10
9 10
23 72
11 9
3 26
12 9
30 20
23 77
18 28
30 37
25 39
7 23
1 64
14 71
13 55
20 80
6 76
19 41
17 18
22 47
26 38
6 62
24 63
24 28
18 78
9 26
21 96
19 10
12 88
4 38
30 43
10 3
7 62
25 41
21 28
8 5
8 44
19 10
8 47
25 31
24 49
11 72
9 34
1 26
15 64
18 64
6 98
0 26
23 22
11 13
5 94
17 65
9 33
12 31
6 68
9 29
6 33
9 15
4 52
16 46
13 69
3 94
30 45
6 19
30 37
7 86
4 1
27 31
16 31
4 35
21 34
21 30
27 43
5 2
12 81
12 35
2 74
27 74
9 7
2 85
9 94
28 87
28 92
1 60
5 90
11 5
2 96
1 64
26 22
17 83
7 31
20 21
3 52
28 30
26 83
10 89
6 19
7 49
9 66
15 76
9 18
10 17
23 49
14 73
12 20
21 86
27 91
8 14
1 90
8 91
30 73
4 22
9 65
19 85
15 13
25 77
0 23
29 75
0 70
12 57
14 23
19 75
14 8
0 61
3 56
15 72
11 96
8 61
24 3
1 8
18 2
18 81
10 55
0 22
29 86
8 66
23 61
0 50
4 97
18 47
21 20
25 95
22 65
25 83
6 97
10 53
8 30
4 83
20 14
19 38
30 29
24 30
28 38
29 1
24 27
2 90
13 18
26 85
28 43
26 81
10 8
18 31
5 25
0 23
26 36
30 22
30 8
8 58
18 17
27 40
8 73
28 82
15 66
11 8
23 93
7 40
20 70
4 96
15 47
2 25
26 96
17 51
24 13
26 47
21 55
17 21
18 93
8 42
15 94
10 79
21 84
26 6
10 89
2 84
13 54
4 10
10 29
15 17
5 2
12 49
10 6
12 9
7 22
28 31
2 2
24 47
5 95
18 48
20 47
6 28
17 99
16 100
0 8
9 1
22 48
11 93
18 32
26 48
29 8
14 43
11 33
1 90
8 3
16 24
16 6
24 57
27 28
24 83
23 16
7 69
26 54
0 86
2 84
26 47
23 33
27 2
7 59
4 27
12 7
2 86
30 12
2 20
3 1
8 41
25 54
0 12
1 23
14 77
29 81
13 99
19 69
22 61
7 32
17 73
0 5
13 43
9 41
6 9
3 66
18 59
9 67
9 52
9 50
13 34
5 82
12 36
17 89
0 99
9 5
10 14
27 42
2 38
27 34
0 61
9 85
19 11
6 49
14 53
23 61
5 9
2 69
9 11
10 1
17 6
17 82
23 39
0 73
26 63
3 53
0 29
18 27
10 68
15 77
8 71
18 64
26 3
0 86
18 96
10 21
0 38
14 67
12 77
28 31
14 83
11 68
4 70
30 34
21 46
14 64
26 50
0 33
30 60
23 41
24 3
0 59
12 24
12 17
2 36
25 71
19 38
3 94
22 19
5 24
20 95
30 75
30 98
10 41
28 47
23 26
25 98
26 37
5 37
24 78
25 5
17 35
30 12
21 41
15 47
1 78
22 2
25 73
17 82
24 17
5 56
22 47
21 73
4 85
21 91
18 10
0 85
29 69
8 6
8 76
29 40
29 57
0 43
20 45
11 8
25 54
4 91
11 80
20 39
19 59
17 97
11 96
26 12
1 98
18 75
2 94
19 58
6 15
28 76
26 80
3 98
22 15
8 89
6 97
1 29
23 83
23 36
5 65
8 24
29 41
0 52
9 54
30 5
8 45
27 10
13 82
0 84
30 13
7 26
14 36
15 87
6 29
17 39
19 25
2 50
25 79
15 13
29 9
29 59
10 25
18 33
0 56
22 92
26 16
21 40
5 5
2 37
23 35
27 3
29 64
6 42
15 59
18 20
12 65
18 26
10 29
8 18
29 83
29 72
12 77
23 15
11 49
22 73
10 66
3 42
18 53
5 12
0 9
1 24
30 42
2 77
24 93
23 43
3 6
16 40
2 95
16 84
23 3
27 46
21 26
6 80
21 63
5 14
10 95
22 50
29 41
27 20
11 93
7 61
8 80
11 34
12 25
30 24
12 62
10 88
26 60
11 26
28 56
8 46
8 82
0 65
27 51
15 41
14 78
21 54
23 88
0 85
23 47
13 60
26 97
2 44
4 69
4 29
6 34
24 46
27 8
30 95
26 56
5 28
25 63
17 81
10 78
4 56
27 77
29 35
22 75
28 35
22 80
24 60
12 40
5 8
7 2
30 32
0 49
14 88
22 66
8 1
12 28
8 36
22 30
30 68
0 74
4 58
7 62
24 29
25 65
12 28
7 57
1 27
2 27
17 40
29 18
6 31
5 19
26 21
6 1
12 26
25 50
23 80
6 92
29 72
1 95
13 60
22 70
20 15
8 97
18 66
10 72
30 63
5 96
14 8
19 25
9 69
23 22
14 29
14 78
16 11
27 82
17 19
12 27
23 63
6 20
30 83
8 31
27 13
3 59
14 52
11 71
24 85
4 94
26 43
8 67
21 71
20 96
7 18
30 39
30 79
22 88
12 51
21 86
7 44
2 19
29 30
29 18
26 34
12 66
25 96
11 27
26 7
28 2
27 12
24 100
22 6
7 64
25 65
4 77
9 42
5 51
22 66
4 5
22 74
19 6
0 52
7 70
2 92
12 42
15 70
11 37
11 61
9 67
0 99
6 56
18 90
20 26
1 45
29 71
8 11
23 7
5 67
16 78
7 74
8 93
0 85
19 85
26 39
12 82
12 9
26 85
0 86
4 68
18 1
17 44
30 99
12 54
0 22
18 9
0 61
27 3
25 26
1 96
22 96
28 18
4 87
15 58
12 58
2 29
14 83
24 36
10 24
5 23
9 70
30 94
21 52
3 60
25 40
27 14
10 39
22 39
13 56
29 52
27 67
10 37
4 47
17 75
24 34
27 40
15 48
9 44
2 44
1 46
8 82
14 62
12 8
0 38
8 43
14 64
0 4
0 88
12 10
14 2
13 63
15 23
4 12
15 5
2 1
4 79
13 73
27 87
12 75
18 6
25 2
21 17
17 74
23 90
12 59
29 57
1 27
17 59
20 3
25 67
10 17
18 39
25 61
30 40
23 71
1 30
4 2
0 18
3 24
22 88
25 25
12 11
0 60
6 53
30 81
11 94
5 96
22 2
18 100
5 18
6 1
27 77
30 89
20 38
5 66
4 23
9 65
15 42
2 99
20 22
17 17
13 91
26 61
12 60
11 6
20 90
24 46
22 73
7 30
17 80
29 3
24 75
4 7
9 63
8 54
25 47
15 38
29 70
2 14
15 88
0 54
27 37
5 69
8 55
10 41
3 51
5 50
13 48
6 30
6 19
4 79
9 84
5 63
20 34
10 69
2 15
21 92
16 57
9 45
22 36
20 69
21 87
1 76
5 92
30 41
23 66
29 95
15 41
28 57
17 11
30 25
1 83
26 26
26 76
25 93
11 80
15 1
26 57
21 79
5 19
23 62
9 16
2 86
29 10
20 21
22 53
14 38
24 7
15 54
12 63
12 74
0 48
30 4
29 37
9 65
24 59
25 68
5 21
17 18
6 33
15 10
6 100
0 52
7 21
12 83
19 98
21 88
28 64
27 74
3 10
11 10
3 59
2 11
29 94
13 30
22 13
19 66
3 61
16 95
21 45
6 40
18 66
22 96
15 64
27 44
17 95
16 11
28 34
8 59
6 10
9 94
25 40
13 61
27 58
25 10
16 83
30 32
10 67
16 85
4 58
7 10
12 61
20 35
5 77
12 93
16 48
22 39
20 72
12 80
10 52
2 10
4 34
27 98
1 67
11 25
13 17
22 89
11 62
30 74
24 71
15 68
30 58
27 29
13 92
12 40
29 42
9 29
28 51
8 35
20 68
0 63
3 100
6 8
25 14
5 100
26 23
4 25
16 57
21 63
10 95
7 50
7 29
6 41
0 64
20 6
28 36
27 36
8 47
9 14
30 22
11 70
22 18
20 41
28 68
22 13
5 49
19 84
17 82
3 55
19 56
0 82
14 34
18 15
8 73
4 1
2 90
13 95
23 44
6 79
9 90
25 98
10 11
15 36
26 64
15 28
4 40
26 48
8 16
12 30
4 58
0 77
20 46
20 50
20 55
19 3
2 15
17 19
1 3
26 25
16 14
15 47
17 35
6 27
19 30
19 43
29 73
10 86
23 94
20 13
0 51
2 70
17 92
27 13
14 24
21 91
29 1
14 53
21 2
0 53
17 58
16 100
5 79
26 6
19 43
20 74
1 68
5 19
1 62
24 28
25 10
3 75
18 48
8 28
27 21
28 21
10 34
8 29
22 85
1 74
6 36
19 18
1 58
12 72
9 16
24 63
24 31
16 4
20 13
23 59
25 2
25 76
1 21
4 68
27 86
10 93
2 76
9 54
1 51
4 39
10 84
25 71
20 28
22 10
16 36
1 12
7 31
0 9
3 53
4 39
25 51
22 8
3 55
0 16
11 67
10 73
18 71
5 9
7 83
2 25
20 17
29 56
2 47
11 11
28 29
20 45
22 21
9 63
17 66
23 83
16 65
3 80
27 86
14 67
2 16
25 48
18 8
15 25
29 29
2 64
24 65
17 71
8 46
13 12
7 79
5 70
30 96
0 89
6 31
22 52
22 67
14 37
6 52
4 38
3 39
26 53
27 78
26 75
10 66
25 52
17 12
15 24
12 59
20 25
29 87
24 80
3 19
28 56
28 3
13 93
14 56
28 45
0 60
3 46
4 94
14 37
18 44
2 85
19 1
29 94
6 84
22 33
5 96
6 97
21 90
24 32
7 59
27 51
20 15
11 100
4 16
13 33
21 98
27 26
19 35
29 80
26 30
12 67
6 61
12 52
6 99
23 86
15 57
22 50
0 84
17 98
9 25
5 72
24 6
19 53
29 90
26 98
30 49
21 52
21 26
27 36
18 73
8 2
0 16
6 70
17 17
10 9
14 50
21 89
1 89
2 67
3 96
12 68
28 51
8 35
9 21
26 75
25 54
13 24
19 8
20 14
26 40
12 97
1 98
29 17
9 71
19 95
1 97
25 97
14 54
10 25
18 67
13 27
18 63
30 57
18 19
2 29
19 51
22 69
23 11
17 38
10 32
10 34
8 39
5 2
10 68
30 12
20 46
7 2
16 23
12 44
8 54
15 15
24 34
6 71
7 21
30 86
21 78
22 86
11 72
9 26
3 64
10 93
1 7
1 78
2 29
17 16
14 9
2 11
29 56
12 98
5 5
0 9
4 43
11 14
25 54
12 29
26 41
5 65
1 59
24 31
0 43
23 66
3 4
18 41
30 19
3 25
24 56
13 85
9 70
27 85
22 90
0 67
29 88
18 35
16 1
1 75
3 1
10 46
20 83
24 9
16 36
1 70
26 92
8 64
24 81
12 22
7 88
27 49
30 96
29 76
15 7
17 18
20 13
29 15
27 42
24 19
28 6
7 72
1 8
22 42
29 73
8 9
0 37
3 59
28 20
29 26
11 23
24 35
29 98
18 84
13 90
29 94
18 40
16 3
2 30
6 61
14 98
19 62
14 14
9 59
11 15
14 94
15 76
20 21
23 56
10 42
0 18
12 97
23 67
7 43
14 1
10 38
2 2
12 24
18 77
2 67
22 33
16 66
1 72
27 12
29 35
20 89
0 11
25 80
0 95
15 78
18 17
13 50
21 54
13 93
14 65
6 24
1 56
6 38
22 9
19 92
14 42
17 58
0 6
23 72
15 5
20 44
23 52
24 19
3 63
1 98
18 31
30 59
20 50
11 93
2 90
1 23
14 52
2 44
10 87
8 65
2 85
3 94
15 38
13 64
7 64
26 97
14 94
24 88
4 51
19 65
17 93
0 86
14 65
5 35
29 1
17 92
17 59
28 95
28 6
23 83
16 4
27 73
26 69
6 96
6 43
20 55
4 80
7 9
18 28
12 52
23 86
12 54
16 12
4 13
2 10
27 24
27 50
26 8
29 10
30 40
24 51
8 25
4 39
23 35
11 31
8 82
6 48
14 52
23 9
22 7
18 14
8 10
9 10
13 3
20 76
7 97
29 64
30 84
15 94
24 94
6 79
29 59
2 85
15 82
22 73
15 79
26 43
24 91
17 22
12 76
0 46
13 58
3 30
15 91
11 48
0 81
22 65
19 14
11 97
15 93
23 95
11 79
17 12
13 10
12 81
0 19
26 64
11 19
20 20
0 43
2 97
14 27
25 88
3 35
22 99
20 21
28 12
11 36
8 53
19 22
8 48
15 31
28 90
24 94
23 95
20 22
30 67
13 81
30 87
26 38
0 7
28 1
8 76
1 24
4 57
12 79
12 63
25 78
18 29
14 1
6 30
2 25
1 18
3 55
0 67
25 92
28 31
2 48
2 81
27 39
13 21
25 15
25 65
26 78
5 98
24 96
13 68
5 14
18 82
29 95
22 7
25 55
13 72
19 79
16 46
4 9
26 9
8 94
17 97
24 58
21 10
28 8
26 46
4 5
4 26
0 96
2 90
12 85
27 58
12 67
5 90
26 80
4 29
8 68
29 4
11 18
25 43
18 18
24 74
24 66
20 12
7 82
2 71
29 44
13 76
27 88
19 93
1 96
7 49
7 2
4 81
9 100
24 83
28 29
14 100
0 8
8 80
14 34
2 93
6 30
29 24
8 78
18 30
15 91
18 82
11 88
21 12
21 1
7 74
25 95
4 67
6 52
19 64
27 32
8 53
28 87
17 3
10 36
11 25
11 68
19 43
23 26
7 93
24 19
26 47
11 51
3 7
11 87
20 15
4 51
23 74
3 95
6 31
30 35
18 45
4 54
26 74
4 10
10 67
19 30
25 13
12 47
14 20
27 72
12 83
15 89
0 13
3 10
16 48
3 23
25 28
10 91
23 17
8 28
12 88
10 8
30 78
7 87
30 91
25 80
25 41
9 14
8 28
2 83
2 57
22 63
27 93
30 36
13 31
7 89
7 83
12 100
3 7
28 50
25 28
21 33
12 79
30 64
19 37
19 74
19 78
22 79
20 62
26 61
8 58
19 57
9 12
3 79
21 57
11 13
0 78
1 74
28 73
0 83
27 90
29 55
13 86
16 43
7 96
11 82
26 11
10 88
24 8
8 77
15 44
30 9
2 76
29 66
15 83
13 73
17 2
29 64
22 37
29 87
21 2
4 18
15 5
10 48
0 82
13 14
13 1
20 17
12 73
24 86
0 59
10 99
18 78
22 30
29 8
21 13
27 57
5 13
29 26
2 6
30 85
6 82
7 16
20 91
4 52
6 100
0 23
4 2
13 6
5 79
4 43
17 9
25 94
26 74
7 83
5 35
29 60
26 92
12 73
3 43
6 80
12 32
13 52
10 45
24 30
12 14
6 50
30 18
9 49
28 8
3 94
14 93
30 97
17 36
7 59
2 91
21 26
21 66
5 44
16 21
14 72
26 79
15 59
18 78
28 31
19 75
25 39
2 24
7 5
13 59
0 16
16 72
24 96
15 32
14 8
20 15
28 19
24 93
9 7
19 78
6 30
4 70
19 90
11 70
7 32
1 36
24 57
5 18
8 78
13 73
14 93
19 42
26 88
1 46
8 11
13 33
20 37
19 36
22 56
24 75
9 16
5 1
17 21
5 10
4 1
25 55
9 38
28 11
15 54
5 18
7 100
1 50
8 12
14 74
19 39
5 10
23 77
7 15
0 21
15 52
6 6
19 57
15 76
14 2
8 94
14 83
28 15
11 93
4 10
20 85
1 58
25 9
30 92
5 12
28 31
2 36
27 79
0 4
23 35
28 90
5 48
20 10
30 1
4 54
10 94
29 42
0 59
22 85
17 64
10 67
9 15
16 86
30 24
3 42
12 33
1 2
24 67
5 87
21 50
18 4
17 24
13 70
14 97
13 6
1 19
8 71
17 58
11 61
7 68
20 21
22 86
10 67
18 92
20 88
18 57
1 12
4 91
15 45
3 95
7 76
3 32
4 20
25 88
17 73
16 77
10 38
6 27
15 93
20 8
20 30
13 5
5 51
14 14
19 74
21 82
5 66
4 87
7 19
27 49
30 85
29 75
7 42
23 86
2 46
2 30
17 40
24 21
24 21
6 27
25 61
17 47
17 2
17 48
22 36
9 48
18 45
19 48
16 71
4 66
26 86
1 22
4 72
15 47
9 7
11 21
25 19
15 26
30 17
3 43
21 97
28 39
1 72
16 10
10 15
13 16
22 57
5 100
21 70
25 40
28 37
19 69
8 14
1 50
30 34
20 98
14 39
16 85
6 44
19 20
9 60
20 75
19 77
17 14
16 14
28 4
28 43
2 38
16 94
24 33
11 49
17 77
11 34
5 33
23 59
2 37
15 90
14 5
23 63
4 12
18 56
25 57
29 85
15 38
3 96
8 83
6 30
29 39
30 90
0 6
29 86
19 59
16 69
19 58
5 47
23 28
13 88
5 47
17 68
4 1
29 91
20 16
4 64
13 65
26 88
18 83
5 85
20 1
19 30
30 15
30 32
30 42
8 71
18 79
27 70
2 39
30 3
24 82
17 17
13 51
4 16
19 95
28 88
16 68
14 44
8 46
24 63
21 29
30 80
14 79
11 57
0 54
8 78
30 96
3 53
8 86
2 76
1 61
19 90
26 84
20 18
12 62
26 72
24 1
9 75
10 19
1 54
0 15
27 84
28 69
22 62
29 95
24 64
29 89
15 6
7 72
29 89
21 83
18 8
19 89
24 13
20 79
9 43
14 98
29 20
7 7
23 70
4 8
16 56
2 44
18 91
21 55
27 76
26 48
26 47
12 67
12 72
15 100
23 21
27 60
29 97
22 50
22 8
5 29
14 61
27 12
23 89
19 63
12 31
22 55
4 31
26 34
28 24
17 45
11 41
23 59
13 28
6 87
30 11
7 74
28 57
26 25
17 20
12 52
20 42
13 90
7 41
2 87
15 5
5 15
14 49
14 38
13 78
9 69
26 2
27 31
25 39
13 34
10 30
19 25
11 15
2 92
9 24
23 25
25 74
26 98
9 98
29 63
25 22
3 35
7 46
9 86
15 23
10 67
25 50
7 39
25 41
20 62
28 60
8 13
16 71
25 23
14 67
5 54
16 64
6 62
5 80
14 65
24 28
2 27
15 20
27 7
27 71
4 80
20 19
21 67
7 41
6 83
3 5
8 61
15 45
25 34
2 78
8 76
11 49
4 51
13 33
22 62
22 80
25 31
14 59
18 65
12 74
8 37
3 1
27 3
25 32
5 46
26 43
16 97
22 18
12 40
30 93
15 71
16 42
14 51
5 11
0 4
25 38
30 72
14 83
26 87
15 26
19 11
5 41
0 9
15 89
0 77
6 80
25 64
15 76
23 99
12 27
18 71
24 11
15 8
8 58
4 41
2 67
13 79
24 99
16 64
12 47
14 29
14 25
16 1
28 68
13 75
23 93
2 62
7 84
8 84
9 95
26 48
19 73
22 10
23 82
17 42
9 20
26 65
16 50
2 89
29 17
24 59
2 43
17 54
29 24
19 93
22 86
4 23
3 40
26 54
16 26
26 86
10 14
20 40
14 48
13 94
20 28
19 53
26 49
12 2
0 56
24 70
13 21
15 96
1 15
19 2
7 73
1 72
29 71
29 15
11 19
8 93
12 6
6 60
22 96
18 56
30 82
11 95
26 76
21 51
21 54
15 48
5 47
1 64
9 24
13 68
30 64
7 20
26 98
3 98
17 46
22 98
4 75
22 24
19 100
28 88
16 27
17 47
11 82
13 81
22 69
3 90
13 63
22 9
26 50
10 94
7 35
10 65
7 48
12 53
19 83
29 18
11 65
22 98
16 86
15 61
15 14
0 65
9 42
10 51
4 1
28 36
17 86
12 76
9 24
22 22
5 21
12 73
7 76
22 59
17 100
19 60
15 51
9 98
20 28
12 28
10 27
11 84
3 1
14 23
6 89
0 9
26 88
30 47
6 20
16 64
17 94
23 23
7 41
24 30
13 15
21 64
25 67
22 18
23 77
1 26
6 49
20 17
28 69
18 24
3 19
11 74
1 46
27 96
7 18
0 51
5 69
2 30
25 42
11 4
3 75
25 78
0 55
7 51
8 71
26 29
12 84
24 91
24 32
21 69
12 24
18 59
17 10
2 48
14 64
3 84
14 60
6 60
20 58
20 47
17 15
21 19
11 86
21 31
24 99
18 99
29 10
12 55
16 14
21 12
8 57
19 9
15 67
0 18
0 94
2 65
0 50
9 56
1 81
26 87
14 59
21 38
19 31
10 96
12 17
6 81
26 28
18 94
9 96
9 76
23 44
3 97
10 22
29 56
12 97
22 79
4 66
1 79
25 28
11 87
11 38
9 98
23 11
7 38
28 68
5 59
16 64
6 13
0 18
21 60
25 73
14 42
27 50
18 62
14 52
2 38
19 38
17 82
0 25
0 93
2 59
12 17
18 44
23 17
17 100
5 81
9 65
3 80
29 39
0 1
7 60
24 50
15 58
30 21
5 87
7 91
23 25
1 86
27 39
16 11
28 80
24 13
10 68
17 80
4 67
15 71
26 38
29 21
21 49
23 4
10 68
20 2
2 16
19 89
10 60
14 8
5 1
10 87
27 16
7 94
7 82
7 36
30 80
23 68
29 32
2 46
23 2
25 27
14 21
29 8
24 35
7 49
2 71
24 84
13 4
16 17
4 3
4 100
2 76
25 78
18 51
1 97
27 74
27 50
5 50
12 41
12 85
4 22
3 45
26 75
11 33
17 3
4 74
4 46
3 94
4 10
7 88
30 27
15 54
10 95
15 89
25 48
16 46
4 24
0 60
9 7
12 21
5 51
4 91
8 54
8 22
17 61
18 13
1 75
6 63
12 95
12 25
15 27
24 100
1 2
12 34
0 52
21 7
7 76
6 88
9 84
13 49
21 78
16 25
20 65
19 58
13 83
13 87
5 78
6 6
24 33
28 60
7 84
2 4
11 54
3 75
19 61
21 75
14 12
13 48
30 28
14 2
2 87
2 91
3 26
25 14
23 94
22 10
25 41
1 64
8 32
8 26
30 70
22 11
15 22
13 6
22 1
28 60
23 38
26 76
6 78
14 6
25 99
24 84
24 10
23 20
9 43
22 89
22 35
2 61
3 82
19 30
5 26
22 6
13 82
26 53
17 46
11 24
22 100
17 91
0 82
18 34
10 38
3 2
2 14
16 44
26 100
20 66
5 20
7 36
13 40
26 71
5 81
16 4
29 71
23 35
28 1
13 15
21 80
27 52
19 10
22 49
10 45
20 60
17 69
18 28
1 21
10 48
2 23
7 99
9 32
23 95
0 4
28 20
29 42
4 98
8 48
15 55
11 57
17 25
19 40
5 23
4 58
27 63
14 95
0 47
14 23
22 4
23 99
26 48
3 64
23 64
19 24
20 48
22 2
8 41
28 72
19 72
19 39
12 62
23 74
3 91
25 21
0 8
17 36
5 85
11 14
11 97
16 62
15 6
8 19
16 79
13 13
8 3
8 29
28 92
3 89
30 17
21 79
23 53
23 34
1 8
21 94
16 87
26 30
10 75
15 100
13 73
13 50
0 78
11 74
4 24
4 56
20 65
23 21
26 3
6 23
24 87
7 98
10 69
25 73
3 39
7 51
20 11
10 3
5 20
24 28
12 95
17 8
7 71
30 83
9 47
24 53
14 51
22 26
19 12
8 68
30 23
4 86
17 99
15 43
23 63
13 33
12 88
2 58
5 12
22 87
26 3
2 50
0 30
19 45
24 7
28 17
5 68
7 80
3 9
18 12
15 2
27 89
22 81
25 45
1 70
2 21
22 93
13 71
21 1
27 32
28 70
13 51
29 38
22 62
30 95
24 55
16 44
0 57
16 82
0 15
29 4
29 36
8 57
18 6
5 97
6 38
16 61
4 86
2 3
6 37
8 81
14 40
22 43
5 51
0 94
2 67
27 99
5 35
20 68
13 69
2 64
29 52
8 63
24 39
8 16
7 87
8 68
28 40
13 71
9 52
21 50
27 90
24 38
11 79
9 55
9 31
3 4
16 9
7 90
22 50
5 41
4 44
16 46
20 61
16 58
17 49
10 41
28 100
10 80
29 26
5 25
12 93
25 14
30 60
30 84
9 35
21 51
13 62
17 98
11 19
26 39
18 96
26 76
25 35
14 63
0 41
11 4
14 1
21 81
26 37
25 75
21 77
26 88
1 34
9 45
29 69
4 33
21 26
3 17
27 18
13 25
3 26
28 88
3 54
1 40
15 21
30 14
2 16
10 38
6 70
21 69
21 91
1 32
4 73
26 59
26 39
12 90
25 27
12 10
13 47
8 77
28 11
3 13
7 46
30 35
24 3
24 66
16 4
29 14
27 37
8 29
2 91
1 64
5 13
6 88
10 82
1 12
24 52
3 88
24 3
16 85
1 95
12 10
23 31
21 40
8 69
22 74
27 1
20 62
11 22
20 12
4 64
26 66
27 81
19 97
24 17
16 99
7 83
20 5
15 41
27 82
11 45
4 25
28 82
9 98
9 86
30 48
22 79
14 85
4 34
13 47
6 84
10 61
29 52
8 17
10 52
19 17
21 14
1 1
2 1
1 61
1 69
24 37
5 45
4 96
23 1
22 70
17 38
26 33
7 98
29 98
12 94
20 20
20 78
28 9
30 90
14 35
21 89
20 2
4 16
19 15
8 95
10 64
17 15
11 19
21 10
6 30
3 100
1 18
23 46
22 91
3 34
9 97
23 42
4 49
16 69
2 11
4 43
22 22
3 2
23 66
17 56
29 13
15 98
3 93
25 9
26 79
12 9
30 77
9 72
3 65
8 41
5 63
17 92
21 72
14 54
20 69
27 86
23 49
30 33
0 53
11 68
12 22
16 44
9 26
4 74
0 41
27 73
27 63
2 4
25 95
27 73
21 2
2 39
2 34
17 60
4 86
13 46
21 43
24 50
25 7
30 75
0 3
26 3
30 54
18 22
0 95
23 21
13 64
27 15
20 17
22 64
28 29
6 81
16 27
30 6
11 99
27 17
18 43
26 43
18 18
27 68
13 28
0 6
26 9
5 41
25 59
11 44
0 47
19 5
6 77
0 36
11 36
2 84
8 66
22 27
2 92
18 48
7 47
21 41
27 94
22 68
29 69
17 54
28 70
10 47
1 90
26 88
3 44
24 100
25 28
15 30
4 39
10 99
1 84
18 21
0 69
21 23
21 19
9 25
16 12
25 4
8 31
21 91
19 89
4 56
14 61
8 98
11 88
12 24
16 60
5 66
3 86
12 90
14 82
24 3
18 92
0 78
0 21
2 99
28 80
13 16
4 27
4 7
24 96
12 98
10 22
4 94
23 46
26 64
6 52
1 59
8 8
25 97
15 38
18 34
26 100
27 62
13 19
17 2
19 44
21 83
28 38
3 49
22 28
14 19
8 7
20 44
19 12
25 11
21 48
5 76
7 36
27 82
13 71
22 80
25 57
17 2
14 87
12 55
27 90
19 93
15 16
5 41
28 87
22 87
16 62
1 40
19 12
27 74
12 19
14 83
5 67
5 26
11 30
23 94
17 46
10 61
2 90
24 85
7 75
20 34
29 67
5 59
8 34
30 40
25 61
18 24
15 82
16 55
3 98
15 5
28 28
0 61
6 67
30 96
21 8
2 24
4 23
30 52
2 95
27 100
3 11
5 76
27 24
14 33
17 48
15 36
13 96
7 97
7 20
29 90
29 3
20 93
9 68
21 14
22 18
3 43
15 41
5 82
9 5
9 31
1 93
12 94
7 71
22 13
12 77
11 3
7 60
2 93
22 81
3 100
29 54
4 13
18 39
13 7
0 79
25 35
16 58
18 5
2 55
18 20
4 40
3 92
10 38
14 95
2 16
20 50
30 79
7 78
30 77
16 17
2 63
22 10
10 12
7 78
21 90
23 82
18 46
21 79
15 69
4 5
19 93
9 64
29 54
7 4
29 43
22 8
16 5
3 75
21 39
12 87
16 91
4 48
26 34
18 64
15 9
18 100
6 29
22 96
14 20
24 40
10 68
25 71
0 76
5 84
29 68
0 34
29 92
12 24
11 37
25 10
8 40
24 78
9 79
27 2
17 37
21 22
10 4
21 43
20 34
17 13
1 70
18 76
26 15
3 73
29 9
14 79
25 64
20 40
25 73
14 40
29 69
4 66
10 97
9 37
28 39
1 14
18 29
10 35
5 77
11 74
20 98
13 74
11 25
8 62
14 50
12 41
11 8
14 28
19 2
10 77
19 6
5 75
17 83
12 38
23 84
28 18
27 37
5 66
2 42
1 61
18 46
19 93
3 95
24 31
27 1
8 33
26 65
28 79
5 35
18 66
29 56
27 67
26 8
30 58
4 99
23 15
28 27
17 71
9 44
0 78
16 13
28 57
7 9
11 54
23 43
18 75
15 89
17 39
7 27
26 25
6 9
21 28
12 99
12 66
10 53
6 29
6 59
10 69
3 94
29 7
22 35
27 82
3 92
9 52
1 12
20 57
14 46
8 42
21 71
5 8
26 5
30 70
18 87
30 19
1 5
9 21
28 20
28 32
5 15
1 49
17 24
14 10
18 90
0 46
17 92
10 49
13 22
25 60
10 77
7 1
8 3
21 46
29 56
19 13
15 68
12 52
24 71
27 7
11 46
12 24
4 27
9 42
22 9
17 97
29 77
13 14
11 40
22 64
3 61
17 38
30 23
16 47
2 10
8 63
19 37
8 15
11 14
9 25
2 79
5 22
4 55
5 83
0 58
20 53
21 78
24 63
7 1
26 49
11 19
27 69
29 51
27 24
17 5
2 4
9 10
4 42
16 79
3 13
20 32
14 23
26 65
13 19
16 13
20 58
25 64
16 34
24 87
1 1
18 19
25 38
8 61
4 75
16 10
15 30
12 83
26 72
29 80
2 38
18 41
15 61
21 10
15 81
17 26
9 67
3 93
25 10
4 80
28 58
14 3
4 87
18 13
7 6
14 23
20 22
24 83
8 86
28 35
23 33
14 90
11 10
15 95
4 68
19 67
8 4
24 52
9 91
19 23
22 88
25 91
1 52
27 77
14 59
9 84
24 14
0 29
25 67
3 28
9 46
8 81
25 43
16 50
23 44
28 20
5 56
14 59
5 55
24 21
18 56
15 84
14 40
16 63
4 24
11 50
24 80
3 74
24 24
27 64
27 96
27 12
21 69
4 91
6 16
0 88
23 49
29 14
8 13
23 97
3 26
14 48
7 87
8 80
30 79
16 30
0 16
16 76
28 33
4 68
6 38
21 10
25 3
28 93
10 6
26 40
27 79
8 51
5 23
26 25
3 75
7 45
21 14
14 74
20 86
11 72
9 23
5 57
27 78
10 83
13 82
26 36
7 91
21 19
29 13
14 85
8 22
14 22
17 53
0 18
24 51
3 66
21 79
24 47
26 100
30 76
24 14
23 8
15 94
7 84
29 74
22 84
13 49
6 28
26 97
21 87
20 31
18 12
17 50
30 85
9 30
10 58
23 86
29 97
0 56
1 36
12 76
21 26
9 46
17 11
21 28
12 37
19 25
6 11
23 8
8 32
22 66
17 42
19 81
16 9
19 67
17 77
25 98
15 82
21 66
23 46
15 50
28 71
7 51
8 57
23 78
16 24
21 80
27 34
12 5
10 24
23 67
3 49
16 94
6 62
0 34
16 89
25 44
15 62
11 76
11 100
10 96
30 75
27 45
4 44
19 79
27 12
30 73
2 70
15 33
2 73
30 80
2 71
2 93
26 34
22 58
3 31
27 76
17 56
20 24
20 62
25 7
18 42
23 31
7 4
18 38
30 59
27 63
2 51
10 71
1 37
7 54
26 97
9 100
13 28
15 31
26 79
7 65
25 75
7 12
6 56
6 63
17 53
2 8
27 57
18 61
12 81
10 44
25 51
6 82
5 1
26 67
13 70
4 55
17 80
16 39
14 10
25 80
24 74
7 93
9 17
14 83
8 87
21 33
20 63
5 46
24 95
8 80
11 24
12 98
19 13
20 11
9 53
10 54
0 33
12 31
5 53
0 85
11 41
5 10
2 59
21 12
13 20
9 55
1 22
30 86
18 84
17 65
17 37
16 56
16 36
25 60
25 33
15 52
17 11
0 40
5 43
24 41
22 10
3 36
16 58
27 11
0 10
26 10
19 23
17 8
28 41
3 47
16 59
3 90
23 73
27 55
4 35
10 28
13 64
26 39
11 32
27 19
11 98
4 27
25 76
16 28
16 27
5 59
27 12
15 38
20 13
16 50
22 78
6 35
3 24
21 93
18 50
1 65
18 42
25 94
10 36
25 93
29 77
13 86
25 30
3 100
22 32
5 84
16 35
6 5
9 20
25 77
4 73
16 68
11 21
20 60
28 61
26 72
1 68
9 16
16 75
5 21
13 32
10 33
5 78
4 74
12 49
28 18
2 68
26 21
3 73
9 23
13 1
23 28
28 36
20 35
28 86
8 98
24 35
7 34
20 25
22 27
5 11
4 26
17 84
30 71
16 13
10 25
7 3
10 61
7 66
3 16
7 33
26 35
6 65
13 19
4 33
28 69
4 69
9 35
19 21
8 76
5 91
1 16
11 72
19 61
16 22
2 13
22 53
16 75
15 10
8 7
15 54
24 67
8 99
5 87
9 9
17 35
27 20
2 36
13 16
15 94
1 27
4 70
15 43
21 87
10 25
14 89
2 33
24 97
13 40
1 3
15 62
17 35
30 8
29 86
16 22
11 19
18 30
1 68
3 68
16 63
1 49
24 71
0 18
6 89
12 59
29 57
29 1
1 43
12 89
1 23
13 73
27 15
17 89
20 34
4 14
21 47
9 88
11 100
0 57
17 27
8 5
24 77
1 51
4 75
24 63
1 73
20 22
22 95
22 37
30 2
28 67
3 69
1 87
17 53
28 67
20 60
1 24
23 16
30 60
7 26
2 45
18 78
17 1
30 30
27 99
20 18
26 96
20 11
16 2
3 54
12 19
6 35
16 91
10 85
8 82
12 47
26 57
13 40
15 79
8 56
21 64
24 83
2 34
27 20
15 44
2 50
13 64
1 68
20 28
25 7
9 80
11 76
19 72
5 5
6 58
2 34
15 75
14 53
30 44
23 81
18 4
20 20
3 46
2 7
4 73
10 62
0 21
9 40
25 94
7 91
8 57
16 96
21 87
11 92
30 29
4 56
29 20
15 81
4 79
21 34
13 87
4 73
30 52
11 31
16 53
25 48
30 68
13 1
3 35
25 96
3 65
27 38
29 18
11 89
1 81
19 95
22 56
30 6
20 35
12 97
22 66
5 64
12 67
14 74
13 49
0 60
29 84
24 64
23 19
9 57
5 62
11 77
14 77
30 51
8 64
28 92
12 48
25 41
24 40
27 32
16 30
12 70
27 64
8 88
20 46
15 27
12 62
27 68
9 61
7 20
30 51
9 26
20 3
8 95
11 15
4 95
23 10
9 69
17 35
30 25
22 83
25 49
16 40
20 100
10 33
23 42
14 92
21 25
22 34
2 20
30 51
13 27
1 48
2 94
15 47
27 66
9 65
30 85
30 17
14 39
18 84
5 23
10 16
26 61
7 32
30 44
4 6
8 95
13 95
8 80
23 39
18 86
18 26
30 59
22 70
3 10
18 95
11 72
15 31
16 20
5 29
3 76
2 39
15 21
0 25
14 9
4 83
17 13
9 95
5 52
20 96
18 19
0 31
16 34
28 75
30 14
7 25
16 32
22 11
4 55
6 57
11 74
30 53
18 98
3 58
19 11
16 52
20 30
28 81
20 69
30 36
13 27
25 43
6 78
1 29
20 80
1 78
19 18
14 98
10 20
7 49
19 17
24 53
1 82
13 91
6 76
2 5
22 82
3 99
1 71
9 75
25 87
15 11
25 25
23 79
30 15
14 62
30 100
2 80
20 96
1 51
13 50
2 91
24 51
21 21
1 56
3 78
13 35
12 90
6 60
28 83
6 66
21 1
3 90
20 63
1 26
20 55
4 95
0 48
6 75
21 94
3 44
16 71
23 3
15 29
15 46
18 47
0 19
13 67
29 98
21 84
26 86
23 31
30 1
10 38
29 11
13 66
12 72
2 99
19 6
8 89
1 20
20 64
16 94
25 69
12 87
12 98
15 16
0 10
8 34
23 13
22 45
21 74
30 38
5 91
20 11
30 85
1 28
16 29
10 63
11 74
5 93
15 25
18 26
8 1
15 74
18 2
23 44
0 39
11 91
20 85
27 30
13 28
18 77
2 60
5 33
30 97
20 49
4 91
22 11
12 1
4 15
11 67
1 48
20 51
11 87
7 26
11 79
26 37
14 63
20 19
27 36
17 39
8 71
11 41
22 29
21 29
7 50
20 25
19 67
22 74
14 19
12 69
9 61
15 27
18 94
9 93
9 23
14 43
18 54
23 56
7 42
8 7
19 80
0 22
16 57
6 55
26 16
0 34
24 48
10 76
6 83
28 23
12 89
17 8
18 45
0 49
8 58
18 72
23 13
16 99
20 20
21 44
8 2
23 21
4 26
30 50
9 2
6 30
13 64
11 42
1 91
23 51
21 59
19 56
5 72
1 10
3 7
26 48
26 42
14 13
13 77
12 51
5 89
14 16
12 59
30 100
28 82
7 51
3 17
26 92
5 20
27 53
23 25
26 33
23 63
29 47
26 39
6 32
12 17
21 85
9 1
26 86
21 81
12 39
28 61
20 57
7 68
21 89
27 84
5 100
15 31
8 31
2 10
19 86
29 78
11 34
12 3
5 48
10 85
10 52
10 84
20 88
21 85
22 66
3 69
15 80
3 96
18 38
23 64
29 73
23 40
4 5
27 61
5 35
7 35
24 85
25 45
23 28
5 18
18 2
4 99
14 53
29 42
16 24
16 86
6 23
21 33
25 71
9 21
30 5
25 22
7 52
4 13
27 84
22 21
17 78
15 88
12 40
20 50
8 51
9 95
18 40
20 16
18 88
7 79
11 35
6 2
7 28
9 33
10 79
2 43
29 29
19 9
2 84
2 36
18 98
27 90
27 53
4 50
16 76
29 4
17 78
26 93
7 16
2 48
17 53
6 95
24 33
22 23
7 55
23 60
11 73
12 19
18 14
6 11
23 6
13 8
1 37
14 95
1 46
25 58
7 39
8 99
19 25
1 31
30 23
0 73
1 51
21 11
7 22
3 25
2 54
13 67
3 72
27 48
4 14
29 82
3 33
24 13
27 88
28 96
3 34
17 35
30 98
28 69
0 83
13 98
3 73
25 96
21 52
27 61
16 45
3 38
3 35
14 72
22 82
9 33
7 90
6 14
28 15
1 76
2 83
24 10
25 32
11 47
28 59
12 77
21 82
20 2
4 10
0 79
25 67
0 61
17 53
5 70
9 32
2 56
22 42
20 65
10 88
27 15
24 62
0 34
2 2
29 82
18 85
3 47
18 59
8 83
4 67
21 83
26 18
17 82
4 89
6 71
11 14
12 89
4 100
11 5
10 88
12 67
27 94
2 86
8 10
30 48
3 100
27 2
9 71
21 94
20 26
6 70
2 7
0 84
13 92
29 65
20 72
0 95
6 51
22 29
21 7
15 43
5 81
23 96
28 45
2 25
19 5
22 61
3 9
26 55
7 60
11 16
19 4
6 42
28 98
3 38
20 1
25 93
16 36
4 51
2 62
3 70
12 59
29 53
18 28
29 98
20 70
16 51
18 12
22 51
14 64
0 95
21 15
22 44
4 28
16 64
25 67
3 94
1 27
4 44
14 40
18 67
10 31
4 38
0 16
13 73
9 75
20 31
0 66
29 28
27 77
4 56
22 28
7 24
21 44
13 18
15 22
17 26
14 98
25 82
13 20
23 93
5 96
1 56
20 55
24 19
15 78
24 2
3 46
5 55
19 70
1 3
0 37
24 24
27 12
11 68
3 62
12 66
27 14
10 63
14 57
9 91
20 9
24 55
5 8
14 19
4 63
11 15
13 38
25 62
18 52
15 92
2 84
18 91
1 88
22 78
6 37
5 40
29 49
21 8
23 71
9 45
5 25
27 83
1 84
10 89
25 70
13 94
18 86
15 48
7 30
3 60
2 84
27 6
8 32
11 59
20 53
11 45
28 19
22 80
19 64
5 100
15 7
29 90
16 35
5 97
18 60
15 1
18 38
30 65
5 52
28 5
15 31
28 12
22 59
14 62
3 45
4 46
17 25
30 66
9 64
14 71
1 56
6 49
28 77
25 35
11 57
20 83
6 49
25 60
22 88
25 32
28 94
10 59
21 75
25 33
10 59
29 86
26 39
4 21
19 84
7 8
12 80
23 48
28 72
26 79
16 36
19 71
21 65
26 92
11 88
12 53
13 8
15 14
2 28
5 14
15 49
21 79
7 28
12 44
1 90
10 88
10 56
5 94
8 66
3 28
5 75
25 63
0 31
29 66
11 67
2 16
30 50
14 96
0 24
7 51
10 17
30 50
22 10
28 56
5 41
24 95
23 53
6 1
17 35
18 1
10 28
11 76
26 2
23 90
5 60
11 95
0 42
9 39
8 78
3 55
18 16
23 97
27 35
6 3
6 20
19 77
10 14
8 24
9 76
24 57
1 61
13 94
20 81
20 6
8 5
16 71
21 12
26 10
27 89
20 7
4 39
30 53
13 48
22 77
13 61
30 36
18 71
12 76
19 42
30 48
27 16
15 38
15 20
2 36
18 10
1 59
12 32
23 99
0 95
16 12
12 81
29 97
30 96
2 74
30 29
15 96
4 46
22 7
1 10
4 27
13 39
7 77
30 40
1 31
3 25
6 70
6 40
19 98
23 72
9 24
30 31
12 68
28 22
5 71
30 77
22 70
16 35
3 46
16 84
12 53
28 37
24 12
12 79
12 4
14 3
4 70
8 81
8 73
23 27
14 64
20 17
13 61
1 46
0 41
25 27
5 36
26 88
0 53
30 52
4 1
2 46
14 75
21 1
26 29
25 14
3 64
2 90
29 79
16 99
0 6
1 25
24 5
26 35
15 3
4 94
14 73
8 37
19 60
3 38
23 68
13 60
20 35
2 73
26 31
23 51
11 15
16 71
25 63
8 79
24 22
26 37
20 10
0 72
20 83
18 9
5 35
14 95
28 94
23 53
11 60
15 43
13 25
19 12
3 71
2 65
27 90
20 73
11 93
20 45
24 41
7 4
24 13
19 56
2 84
29 71
6 31
9 50
4 14
8 50
6 86
23 96
17 16
25 43
27 39
14 32
14 47
19 14
12 46
21 83
13 98
16 53
21 44
17 32
16 48
30 22
3 49
30 27
8 65
7 39
26 73
10 34
7 36
5 50
8 2
3 78
9 85
26 49
5 35
13 97
11 12
16 47
12 43
15 94
0 10
10 48
0 8
26 48
20 91
6 37
5 21
22 4
1 82
15 8
7 12
24 1
22 97
0 75
15 81
30 79
27 29
20 97
7 75
23 85
19 7
6 27
17 15
1 83
19 51
30 21
3 21
28 43
26 46
13 34
0 61
30 39
6 33
27 22
2 83
8 28
15 17
3 48
3 11
25 33
25 19
27 7
17 29
26 30
19 1
17 49
13 19
8 2
26 5
17 98
2 14
2 7
25 54
16 57
28 23
5 78
11 81
27 98
8 50
16 60
7 25
14 10
5 40
29 6
25 39
21 21
12 9
26 10
25 11
26 83
12 96
28 74
29 57
12 94
5 29
5 28
11 24
22 32
6 16
1 82
5 92
12 34
0 84
14 97
25 1
22 81
20 67
16 2
3 69
26 29
13 30
21 66
18 24
9 7
23 54
19 59
16 33
26 28
27 62
11 44
11 56
30 45
0 53
20 37
25 41
30 45
14 62
6 35
0 46
12 65
23 9
15 98
26 89
17 11
18 83
25 48
16 9
12 54
17 62
6 2
24 30
13 4
0 62
14 16
6 32
20 26
28 48
10 87
6 90
12 53
10 89
14 19
23 1
1 5
17 65
17 90
6 91
19 44
17 70
23 49
5 92
12 5
4 53
9 46
22 56
29 25
19 26
9 49
0 37
3 49
4 75
30 60
29 46
6 77
26 86
2 53
3 85
14 35
21 94
24 6
23 14
8 18
9 53
8 87
20 98
13 69
10 91
2 90
13 44
20 41
18 26
0 20
22 33
22 2
21 94
12 78
9 95
5 92
6 82
13 91
23 11
25 6
12 1
14 25
18 6
6 17
9 79
10 70
14 69
13 46
8 55
25 37
9 48
15 37
1 96
16 100
13 71
10 2
29 10
27 87
3 46
26 83
16 70
19 13
21 83
2 94
23 100
26 49
25 76
14 5
27 100
17 55
27 91
27 18
8 73
4 16
8 21
8 38
9 94
28 57
1 45
30 23
30 6
18 86
4 83
20 94
19 11
9 4
22 59
29 14
28 23
25 3
24 22
21 95
2 93
28 13
10 62
19 43
14 6
21 99
4 15
5 29
10 56
11 88
22 32
29 70
9 77
16 4
26 13
28 28
24 50
17 31
28 6
3 32
29 86
12 81
20 29
15 41
11 13
26 75
27 75
22 76
4 88
11 90
22 15
26 98
13 43
2 3
10 67
22 78
2 92
25 9
14 90
1 52
6 50
13 84
20 60
0 59
29 29
29 63
4 31
16 98
20 20
9 19
18 99
9 82
16 42
20 19
4 42
10 21
17 69
4 61
11 6
0 6
27 12
29 55
5 9
10 24
22 25
3 90
0 86
28 52
23 77
3 15
23 22
24 18
28 89
27 55
15 92
26 94
29 72
22 56
14 40
13 72
29 78
20 30
0 81
6 8
1 2
28 27
21 25
18 46
8 62
24 1
10 75
27 32
0 79
21 10
10 67
30 24
8 68
1 57
2 8
20 55
12 27
2 28
26 49
15 1
18 44
8 33
18 32
27 11
13 4
0 59
25 17
8 37
23 77
6 71
1 29
28 84
17 49
14 27
9 42
30 47
18 73
10 97
23 92
28 47
19 34
12 66
28 60
3 43
2 17
27 4
22 28
12 39
22 63
8 60
27 14
25 91
25 15
13 72
12 67
11 93
17 95
17 15
14 14
25 20
14 20
21 84
29 99
27 30
15 13
23 6
2 27
26 7
20 31
19 25
17 94
5 24
8 46
20 16
19 77
22 80
20 37
30 63
19 85
17 45
8 39
11 82
10 5
9 52
0 52
14 41
23 40
21 40
6 13
10 13
26 51
13 69
7 13
14 48
24 27
2 98
4 35
25 17
18 71
10 92
27 32
6 92
21 37
26 32
2 27
10 97
12 34
27 95
12 83
28 34
12 97
11 41
17 26
1 34
3 88
30 40
23 20
15 97
0 95
18 83
27 48
28 99
12 5
26 95
3 77
17 94
8 44
12 93
26 39
29 100
6 2
4 63
11 51
9 23
23 95
14 30
29 31
17 82
29 19
25 57
25 19
8 24
29 57
4 68
15 65
12 86
20 28
11 39
17 46
27 33
23 66
14 45
8 74
7 6
17 90
8 1
7 39
12 88
14 25
17 75
14 100
12 28
20 24
7 13
26 91
22 79
18 3
11 14
4 75
23 36
8 39
12 57
30 76
19 28
25 90
21 82
8 52
25 36
11 37
12 68
20 57
9 53
1 48
4 14
19 49
21 78
3 56
4 70
28 46
11 58
3 53
1 83
4 56
19 12
23 75
21 27
17 92
22 76
27 63
17 61
27 60
15 79
19 3
11 59
23 60
13 99
19 12
0 81
2 74
25 38
7 99
0 83
1 3
21 74
23 29
5 64
6 10
8 66
29 36
0 20
16 57
19 79
4 94
3 59
20 14
13 87
26 20
26 21
19 19
11 14
1 23
21 77
8 51
16 57
11 62
24 13
10 45
8 85
20 6
9 48
6 43
2 81
6 15
11 38
5 73
25 79
22 73
21 60
12 78
22 91
27 70
15 91
26 76
6 24
16 33
21 37
27 60
24 23
8 55
6 92
0 77
12 77
11 8
1 26
8 24
6 34
11 28
5 70
9 44
24 91
22 60
25 43
25 88
4 44
18 76
16 34
29 88
11 88
18 100
17 48
7 83
17 10
22 99
5 63
26 75
8 52
21 91
29 37
30 64
16 100
24 48
24 27
19 87
29 92
3 96
7 8
20 34
22 4
16 50
2 44
14 57
3 89
1 66
3 75
2 9
5 39
3 84
22 15
13 42
25 18
2 90
5 32
12 31
26 45
2 91
28 69
2 86
26 7
15 91
1 94
18 53
10 76
26 32
4 88
10 81
13 55
17 11
18 81
20 55
12 39
18 13
27 19
27 51
24 45
3 43
15 74
30 37
10 19
26 23
4 32
23 23
20 50
2 49
4 49
13 21
0 63
25 53
8 13
23 95
16 88
3 84
27 76
14 30
8 69
9 37
20 76
11 64
26 61
6 73
26 96
25 15
30 17
12 47
5 75
3 67
7 49
5 77
11 24
14 89
14 35
28 75
9 65
10 63
13 97
11 73
17 23
2 44
16 54
16 63
16 80
1 24
0 72
9 54
20 35
10 2
5 33
20 37
22 8
14 80
26 72
5 92
16 9
3 2
25 84
6 94
4 56
16 40
9 5
21 81
12 96
4 50
29 88
20 22
18 45
2 2
27 6
20 73
1 65
30 23
6 5
16 60
5 100
5 45
13 70
3 65
19 73
2 81
26 43
0 68
12 37
9 91
17 28
12 26
8 14
7 68
1 17
0 6
2 15
18 93
6 53
6 39
6 72
14 74
20 82
16 35
6 85
0 35
9 38
15 96
15 84
15 12
10 26
21 26
21 73
0 97
16 78
9 9
1 65
13 68
30 98
15 38
6 57
2 54
19 41
13 45
1 14
9 96
5 62
25 64
1 26
28 50
5 62
18 2
30 71
25 80
9 27
4 40
18 49
4 14
7 52
16 35
30 43
16 36
26 37
12 89
27 65
12 72
2 72
3 57
23 1
12 38
0 64
19 5
26 43
7 45
13 62
1 26
30 54
21 46
7 73
0 47
28 87
29 14
11 94
29 30
22 13
12 35
18 86
5 26
5 47
2 63
13 37
26 79
8 29
18 41
24 78
14 39
17 56
19 77
11 44
23 12
30 53
20 63
7 64
11 74
11 56
25 17
6 41
13 15
23 26
12 15
13 65
21 55
9 31
8 21
2 37
30 66
19 71
7 25
13 60
10 83
20 36
10 15
26 12
17 66
5 75
29 64
10 33
27 49
30 84
29 31
6 33
24 95
12 83
29 60
16 88
2 9
17 28
24 99
1 21
8 94
30 59
1 13
18 78
26 91
1 88
18 84
6 25
28 75
20 58
5 97
17 53
5 100
3 95
25 94
4 6
14 81
30 53
9 46
17 31
13 72
18 77
17 92
18 71
7 12
29 94
15 85
16 72
8 13
22 27
18 9
26 11
11 12
18 37
26 88
23 62
21 81
6 80
6 15
13 37
17 30
27 74
9 95
26 4
12 43
8 15
19 16
4 90
7 64
3 37
8 85
25 45
1 71
14 82
25 66
15 47
15 5
30 37
29 57
25 44
6 87
17 54
0 19
20 20
2 24
24 20
17 43
25 55
2 57
7 62
28 32
21 36
6 62
14 77
14 46
3 43
7 71
10 87
30 92
17 79
30 5
13 12
20 20
9 55
22 90
21 3
27 51
15 79
19 85
22 58
9 91
27 83
6 85
11 53
18 100
28 35
16 76
8 24
12 44
28 26
20 24
9 42
14 74
5 97
20 3
10 25
14 51
24 32
6 94
21 39
25 62
20 98
5 71
24 13
29 47
9 93
9 49
11 38
7 89
14 90
18 26
17 11
20 45
26 100
16 89
23 28
24 25
0 57
19 31
3 4
8 27
11 71
15 48
6 87
29 61
12 59
30 48
14 58
17 46
7 41
12 50
24 92
9 87
14 35
5 72
15 73
30 51
19 1
24 24
6 45
5 63
13 43
3 48
27 5
8 15
19 53
30 6
16 11
30 86
27 85
6 50
18 42
1 5
22 75
28 61
1 85
29 70
18 87
27 14
7 32
29 93
19 61
20 60
5 53
19 10
20 27
6 48
5 63
25 6
12 7
6 79
22 1
26 98
3 74
2 22
29 53
20 74
20 89
5 4
16 29
6 70
14 43
17 51
23 12
23 90
27 68
29 3
0 18
30 49
8 84
27 14
4 44
25 84
7 4
24 86
25 34
30 79
17 22
24 88
21 75
27 49
22 25
8 59
24 1
9 22
27 70
24 30
26 90
17 30
20 32
18 69
2 77
20 89
6 70
14 98
30 11
28 47
27 62
1 88
2 23
3 61
27 34
20 88
7 43
4 8
17 52
12 56
0 49
27 30
11 49
8 92
27 54
6 92
9 15
3 98
19 75
24 18
10 39
14 87
18 10
28 42
22 69
19 79
26 18
17 99
20 9
17 76
23 21
18 80
21 51
6 61
13 32
3 30
12 99
8 93
8 45
23 88
10 86
3 53
3 55
17 90
26 79
14 87
0 3
22 27
27 75
16 51
16 72
2 32
2 67
12 75
0 21
28 55
13 9
27 6
27 31
23 87
14 69
27 59
16 62
19 50
27 3
3 5
7 72
1 22
6 92
24 95
3 88
21 40
29 74
18 61
25 95
4 49
26 70
16 82
13 55
20 57
8 84
11 60
15 33
11 8
18 46
19 35
16 87
13 91
17 63
4 9
10 17
21 88
0 32
30 56
13 43
19 13
10 32
7 48
15 10
28 13
30 9
2 35
2 78
27 79
27 22
0 8
30 50
19 100
15 57
5 8
7 69
14 91
8 52
16 51
6 54
15 73
4 97
16 10
30 17
7 58
4 28
6 21
3 42
13 96
8 91
13 57
5 3
13 49
16 10
11 56
26 74
28 4
0 64
15 85
10 53
3 67
21 4
28 26
2 13
19 77
23 76
19 75
15 36
4 93
26 6
1 24
8 84
21 14
14 66
3 8
11 30
17 78
22 64
9 29
0 63
13 44
20 47
16 55
25 97
28 21
14 50
23 25
5 4
5 64
29 66
10 53
25 70
21 30
23 35
19 15
22 76
21 18
21 100
17 23
10 58
28 13
6 63
0 72
8 13
26 58
28 39
8 75
21 43
19 36
7 10
17 5
13 9
29 31
0 22
2 47
6 10
3 87
17 28
3 67
3 75
4 44
27 11
21 67
19 12
17 40
26 15
14 69
11 51
10 58
1 33
24 71
25 20
8 33
30 83
19 62
13 98
24 6
12 31
3 73
17 55
15 86
22 58
15 49
13 82
23 46
1 99
20 20
29 65
10 7
23 71
3 99
24 86
29 65
16 9
10 66
3 95
23 60
13 49
10 37
11 23
0 22
9 97
13 88
6 5
9 99
24 20
5 99
8 91
6 41
26 2
24 79
18 9
1 60
13 10
26 93
24 53
16 39
29 32
1 66
23 81
20 48
7 40
15 11
5 47
13 49
1 47
18 67
17 6
13 23
10 42
26 78
15 31
21 13
19 13
18 83
26 9
16 22
30 39
11 36
30 74
6 67
20 100
29 44
19 18
4 46
24 23
7 13
8 75
21 46
17 57
23 91
25 36
16 29
29 92
16 3
7 99
11 80
3 85
8 44
27 25
22 4
16 72
12 1
6 90
3 68
9 71
2 87
1 98
2 8
26 61
7 18
6 37
24 47
9 61
10 88
6 57
2 7
28 42
11 66
16 75
19 86
15 7
21 67
13 50
9 98
27 52
5 25
25 43
1 90
23 12
10 100
14 39
20 77
8 30
12 62
2 30
27 22
1 49
11 45
10 34
25 18
18 67
28 25
4 98
30 82
3 57
19 40
5 64
5 63
6 3
8 99
17 26
4 8
30 33
29 11
5 12
10 85
6 12
14 9
12 8
30 39
14 45
24 21
25 37
25 20
6 9
21 22
11 100
10 31
30 1
8 98
1 68
3 15
6 83
11 65
19 75
17 10
24 27
15 97
11 12
30 2
27 35
21 88
27 26
7 5
11 80
5 18
16 50
21 92
24 14
27 60
29 81
18 86
14 49
16 69
7 54
4 55
23 17
23 53
23 42
21 51
22 51
21 90
14 12
27 26
10 70
4 60
30 92
0 51
28 17
21 100
26 33
15 99
9 37
21 67
4 79
7 14
4 60
30 32
24 54
7 67
20 35
25 51
30 45
30 74
24 38
23 84
2 81
4 51
2 72
21 55
25 16
19 42
21 93
3 75
20 86
29 36
9 55
11 99
18 46
16 9
0 70
29 64
26 18
27 90
15 48
18 75
18 75
7 86
11 8
4 79
7 44
3 83
22 99
23 34
30 98
26 92
26 25
13 3
27 96
26 82
18 32
28 70
9 34
16 66
12 45
18 7
12 67
20 44
8 41
28 32
30 76
4 100
2 28
10 62
7 4
17 78
29 5
3 69
25 78
26 83
8 33
19 70
6 20
10 97
18 75
16 22
6 93
27 44
12 90
5 36
18 8
0 33
28 57
27 74
25 96
0 81
25 81
29 72
9 85
10 95
23 7
19 87
26 87
10 73
21 26
8 62
26 69
3 39
26 82
18 21
5 1
9 76
14 19
17 24
24 94
3 55
14 88
21 45
10 72
30 45
5 69
19 45
14 82
15 62
22 65
16 16
21 23
13 57
15 74
13 79
16 81
29 54
4 92
17 53
14 99
20 34
9 79
23 46
23 67
19 33
4 28
13 57
23 53
11 84
30 6
10 69
6 38
20 56
29 89
15 17
2 39
1 16
16 44
2 5
0 26
12 85
12 14
18 60
15 6
11 69
12 27
12 94
3 25
3 5
28 32
1 96
12 77
1 92
3 55
29 51
12 65
19 53
23 25
6 23
14 68
0 47
16 39
14 99
4 10
27 74
6 45
5 33
24 20
13 98
23 3
7 90
15 74
6 80
4 63
14 95
16 43
23 25
21 95
29 6
18 99
5 38
28 85
18 3
4 91
14 97
1 99
18 20
11 94
10 87
22 32
4 51
4 52
27 52
4 1
21 62
21 78
30 14
22 42
14 14
1 43
21 68
11 96
16 12
4 65
3 87
16 73
1 96
5 60
13 74
18 96
17 85
1 37
17 60
24 92
25 59
26 42
27 24
15 31
0 50
10 79
10 29
19 37
10 50
22 16
10 97
2 99
22 69
1 27
20 81
8 14
28 82
12 85
2 19
1 87
3 20
20 45
10 4
28 30
27 48
26 43
18 95
19 30
4 18
12 56
30 81
20 97
25 59
19 39
11 91
25 53
1 13
19 30
12 35
12 92
19 63
9 11
10 35
6 18
13 26
13 96
19 24
4 17
28 36
15 43
25 36
7 55
25 9
2 50
14 46
24 42
18 91
1 72
4 8
14 21
9 17
6 97
24 87
28 97
3 28
4 3
18 7
21 67
26 13
25 46
24 100
14 91
28 72
2 10
7 22
13 13
17 87
13 50
26 22
16 45
16 68
0 98
22 38
23 14
6 2
14 94
27 52
28 22
4 14
17 89
1 11
10 40
16 25
10 12
27 42
11 74
26 81
2 87
11 17
30 21
0 39
11 45
18 51
29 32
14 5
6 10
15 72
11 60
8 52
26 61
26 91
10 9
3 85
15 53
29 36
26 57
25 77
28 67
7 71
26 63
15 77
16 90
2 56
26 21
29 41
30 93
10 19
1 39
28 47
30 77
1 83
19 69
1 3
14 7
18 74
26 18
2 53
4 97
28 33
22 33
8 29
25 89
14 41
23 73
3 30
28 5
27 88
23 91
20 19
6 33
23 7
13 48
27 44
7 50
9 54
6 72
30 46
3 95
5 2
5 5
28 80
19 78
0 74
4 99
11 80
25 86
8 72
20 36
13 69
10 77
17 100
3 73
4 56
6 74
8 3
14 33
25 8
24 79
13 15
17 5
2 27
9 41
14 33
20 16
0 57
5 43
2 60
3 39
1 46
12 89
10 80
23 78
21 48
28 41
8 55
5 20
12 44
11 28
30 21
16 64
15 28
19 65
21 67
30 61
23 10
24 85
17 57
16 12
17 44
26 97
4 92
13 73
30 91
1 65
22 99
16 22
18 68
24 56
9 19
10 26
29 13
28 76
19 76
9 75
24 61
18 25
13 33
24 30
21 98
12 93
23 42
18 10
23 47
11 46
20 33
17 91
11 56
8 95
12 85
25 72
5 76
3 59
7 46
22 50
18 8
4 99
3 79
26 28
18 1
4 11
3 26
22 8
14 3
26 71
25 64
22 29
8 50
23 53
4 92
8 4
14 3
10 41
9 21
7 38
14 85
27 52
10 22
7 19
12 72
16 49
23 91
4 39
10 35
14 39
26 97
10 76
15 66
9 28
3 90
7 61
22 91
10 22
3 31
4 41
14 4
30 69
4 62
8 52
4 98
16 45
22 77
14 16
8 93
1 35
10 81
15 34
19 85
2 68
22 8
18 90
27 28
22 97
23 95
3 62
26 67
20 11
12 45
24 66
30 17
1 53
30 42
25 96
11 86
7 83
18 7
7 91
10 75
2 32
21 12
22 99
30 44
13 49
16 38
28 74
18 87
25 24
2 70
18 76
5 11
19 72
27 82
26 99
9 4
18 33
22 4
4 60
14 13
3 68
26 4
29 17
0 60
23 13
24 15
3 5
22 29
8 85
11 60
28 53
30 26
9 29
15 4
13 97
10 11
24 96
28 82
11 14
14 10
20 64
30 42
27 76
23 6
26 79
19 100
12 50
13 77
10 68
10 54
1 80
4 6
2 68
19 20
12 76
20 49
20 90
6 62
9 93
22 78
12 18
0 10
17 100
29 8
14 16
5 66
19 69
26 28
11 70
5 51
24 86
18 56
20 87
16 89
4 65
16 61
10 52
3 97
24 50
22 65
8 22
4 3
18 29
8 9
19 49
27 68
3 88
5 1
3 53
20 67
15 31
27 28
26 92
28 84
30 54
3 12
25 32
11 92
14 88
16 17
7 95
13 80
28 24
13 35
21 10
18 3
5 98
19 40
2 94
11 35
19 76
29 85
0 77
14 92
4 34
4 82
8 76
25 6
23 57
21 82
7 81
5 84
3 10
2 91
20 38
28 9
6 65
26 64
13 58
1 76
11 47
2 18
4 56
14 60
20 46
21 7
13 78
5 92
27 8
23 80
4 49
6 42
13 85
18 52
25 48
21 75
10 74
30 52
18 25
2 49
18 78
10 1
18 87
27 82
30 95
21 50
30 84
9 39
26 37
14 98
18 41
18 61
7 1
15 35
28 90
15 64
28 71
17 20
24 69
25 32
3 4
0 52
30 17
30 14
10 8
27 74
9 82
22 56
4 53
21 60
28 53
28 56
22 58
15 15
14 56
14 82
0 71
16 99
5 72
7 47
30 11
10 28
22 14
16 13
2 19
11 7
21 32
0 49
21 56
27 85
13 49
18 15
23 27
19 75
25 27
17 98
21 84
1 50
25 46
15 55
26 44
9 88
30 8
6 92
20 78
11 69
28 73
3 48
23 82
13 1
3 28
22 4
8 11
10 95
28 81
13 53
11 72
8 14
3 88
30 95
15 95
27 26
8 92
0 8
0 55
15 3
0 96
20 72
11 46
18 43
28 84
27 14
26 89
7 25
22 19
17 39
17 5
12 97
23 46
19 56
20 81
6 87
28 75
12 9
14 69
12 68
10 45
29 35
20 85
16 83
18 55
12 11
17 12
25 70
21 73
25 1
24 65
29 37
12 41
29 40
7 44
15 27
17 20
0 84
26 35
0 11
21 94
30 83
10 81
13 56
30 70
21 15
14 100
14 47
19 8
17 72
9 4
12 13
16 100
30 4
4 58
16 100
24 85
23 18
25 21
29 3
16 33
25 23
13 39
13 48
12 83
28 29
10 65
7 25
22 85
13 78
15 59
15 28
9 15
17 36
18 40
30 78
13 50
16 40
21 56
10 15
1 50
21 47
20 47
14 65
10 79
11 21
8 78
17 42
30 62
6 97
12 100
29 20
9 69
8 20
18 29
6 2
27 84
18 92
11 47
5 47
14 81
2 95
15 83
15 31
22 22
13 5
19 2
13 80
8 82
29 15
3 2
8 73
0 5
4 59
22 28
3 12
0 15
12 90
17 6
18 27
26 11
11 94
18 39
3 46
25 25
29 33
4 5
17 19
12 23
16 6
10 48
2 26
23 67
5 8
29 66
22 32
10 96
12 81
15 60
9 1
17 83
8 21
29 88
13 53
14 98
10 2
22 54
20 55
22 66
27 67
26 27
13 55
3 76
20 69
13 75
21 58
12 60
5 73
6 63
14 53
24 94
29 49
16 27
19 89
27 5
14 80
14 35
4 63
19 62
2 86
19 38
19 32
14 22
14 43
4 90
8 46
29 91
8 91
17 98
3 14
18 30
7 68
26 72
4 8
30 27
24 48
15 86
10 29
17 97
22 72
27 79
6 37
15 37
6 17
22 59
13 11
13 87
24 1
5 55
30 21
15 52
7 65
10 48
24 37
12 12
14 10
20 96
20 16
3 27
14 18
16 32
11 69
2 92
7 6
20 43
5 45
19 67
24 50
20 97
0 81
5 3
20 44
21 49
30 21
19 96
24 77
17 38
1 69
11 15
6 58
1 75
21 87
23 75
19 4
28 6
11 32
15 27
13 63
11 68
13 35
19 51
5 62
3 42
1 99
6 99
17 99
3 9
22 47
26 41
25 76
25 69
20 99
22 87
10 10
15 92
2 11
28 49
24 24
29 98
18 51
22 99
28 5
2 35
21 81
30 9
26 99
23 93
13 9
7 99
17 16
7 23
18 19
4 7
2 56
24 19
11 23
26 87
1 63
11 34
25 54
3 11
26 75
23 37
11 46
9 21
2 39
11 76
16 38
29 59
13 88
6 69
24 47
7 49
30 10
27 98
29 40
2 81
20 100
21 13
27 52
15 55
8 22
4 98
29 2
14 79
23 83
15 87
2 55
17 86
22 86
7 67
25 49
17 42
3 71
17 97
18 43
3 23
2 46
4 73
16 88
25 95
14 67
11 2
14 58
18 51
29 52
2 19
5 79
17 61
27 56
3 8
3 47
27 34
29 7
25 42
11 78
17 15
0 29
26 95
1 61
15 58
19 74
23 26
8 92
6 9
1 79
25 40
12 81
2 95
18 67
3 15
3 38
0 83
2 28
22 50
4 42
8 31
5 52
0 39
6 21
26 74
10 56
19 2
13 100
16 62
7 89
27 21
0 6
24 10
1 82
15 14
27 71
2 90
21 12
6 3
1 48
10 47
2 40
17 100
23 10
20 62
6 94
16 34
25 50
22 69
27 10
5 25
18 70
24 13
24 71
0 77
28 50
8 77
11 20
14 38
24 67
30 15
29 27
16 20
2 91
27 99
18 1
12 81
26 76
1 86
1 36
4 1
17 66
11 42
13 22
26 58
26 10
21 16
18 50
11 5
27 5
25 24
29 11
15 35
0 79
13 8
12 48
24 83
4 75
7 87
30 42
3 35
20 38
1 3
1 67
23 62
15 41
16 85
9 88
11 83
26 1
6 59
7 26
6 40
23 70
9 18
27 94
10 64
14 77
24 4
27 80
11 35
19 25
22 99
22 100
14 29
11 91
30 8
3 15
1 48
8 73
17 31
2 49
26 15
16 54
1 55
28 28
21 86
21 54
9 70
27 16
6 71
8 88
26 63
5 100
29 45
11 17
21 46
18 96
25 19
19 97
1 34
7 53
22 9
9 32
8 6
18 38
15 80
30 2
9 53
26 71
9 4
15 53
25 8
24 74
14 97
14 24
13 1
19 39
4 88
17 82
0 52
20 23
19 61
7 20
4 32
6 51
13 100
6 72
24 10
7 57
24 21
24 13
9 73
11 58
23 33
15 38
20 95
27 24
5 24
6 4
4 91
22 58
27 8
28 55
1 37
19 41
3 54
30 32
14 93
18 89
21 16
17 20
12 22
0 61
15 92
28 16
21 74
3 32
9 26
17 53
0 81
14 100
2 32
13 43
19 97
29 43
28 75
24 28
21 69
29 75
1 51
18 96
25 44
20 15
8 83
11 32
19 58
8 34
2 56
3 14
9 9
8 66
4 26
7 91
25 93
10 88
3 30
8 28
3 30
3 93
20 7
19 53
8 60
5 68
17 98
16 13
13 69
13 31
22 18
19 94
25 93
24 9
20 30
27 60
22 72
25 88
26 96
10 95
6 24
8 52
27 24
10 97
12 19
6 29
8 86
11 83
24 68
13 84
8 63
23 88
10 46
14 28
30 81
10 73
18 78
7 73
1 80
2 18
15 56
28 70
10 46
18 62
10 76
0 30
27 5
28 47
23 65
25 39
14 58
20 82
14 68
16 97
23 1
28 7
19 80
26 21
26 18
25 74
1 80
26 3
4 80
15 49
15 10
15 27
2 63
6 20
24 53
0 28
13 17
26 34
21 49
6 86
18 10
5 30
5 72
11 52
29 32
5 30
13 46
22 70
29 66
30 46
25 7
16 66
26 97
26 15
8 7
4 52
26 15
13 96
14 57
1 9
30 42
18 25
28 57
22 15
25 23
27 70
17 78
0 67
15 96
25 68
29 79
17 21
21 10
12 37
22 2
19 37
30 72
16 88
28 26
30 34
25 20
16 54
23 43
5 33
0 100
6 94
1 28
23 54
30 23
29 44
2 21
27 70
7 41
0 5
11 23
23 72
5 88
2 98
23 78
18 84
5 32
23 12
15 40
8 94
10 2
11 71
12 72
26 69
6 36
19 58
27 41
25 90
29 95
30 14
27 6
16 53
25 34
19 10
7 5
0 89
18 70
4 32
23 15
21 97
5 57
2 67
17 61
30 49
18 16
2 71
29 17
22 10
24 64
18 73
30 39
23 62
5 22
10 54
23 49
7 22
1 76
7 9
8 90
22 33
21 37
24 18
23 13
30 37
0 83
1 2
11 26
2 58
11 76
24 99
23 23
9 79
4 40
27 100
3 90
9 72
15 36
22 52
12 36
14 8
27 3
1 31
5 71
24 87
15 72
30 95
3 87
8 81
27 38
6 42
23 68
20 15
22 100
4 16
19 83
12 56
21 10
29 92
7 23
17 83
9 2
0 13
24 4
9 15
2 18
17 23
5 68
5 9
23 69
15 28
15 91
12 49
22 41
17 15
8 9
8 19
30 87
1 13
0 41
12 97
16 86
10 91
19 51
8 35
17 25
2 73
18 11
2 28
15 75
9 18
4 65
15 27
14 96
24 98
2 30
5 13
26 12
19 81
9 54
2 25
22 87
24 73
7 57
2 56
6 10
26 49
7 38
9 35
20 27
18 9
6 73
18 58
20 53
12 62
26 36
28 29
4 72
29 48
7 76
1 22
27 99
4 52
17 29
15 56
11 53
22 92
10 6
22 83
2 33
29 18
0 6
26 7
22 38
8 23
15 83
11 99
8 94
11 57
4 90
7 24
22 66
16 22
17 3
6 90
3 76
1 90
6 27
9 38
21 1
14 35
13 47
10 91
2 77
3 6
14 72
24 32
25 89
2 81
30 68
24 10
8 73
13 91
5 99
8 10
22 99
5 39
28 2
1 80
1 41
4 66
15 10
15 14
20 67
30 4
15 95
29 15
4 76
14 32
26 91
21 61
6 92
7 80
16 32
29 50
13 92
13 44
4 40
9 84
12 51
7 9
11 33
21 93
21 81
2 49
16 93
25 8
3 46
18 96
6 42
5 4
22 88
23 63
1 33
8 40
8 54
28 30
25 85
5 50
26 48
20 50
27 39
3 32
5 29
0 15
27 37
2 79
21 96
26 78
17 8
11 71
28 4
30 100
0 74
7 89
15 61
4 81
2 53
9 91
23 25
11 15
16 30
15 85
15 32
6 17
24 87
20 69
15 49
29 2
24 4
8 67
19 91
20 22
21 16
24 50
6 42
0 90
20 17
11 10
30 13
19 80
14 52
18 92
21 40
4 14
0 87
15 6
9 80
21 67
2 95
26 32
21 58
10 64
26 65
20 13
23 17
9 41
8 48
21 100
19 94
30 29
16 74
18 21
28 25
16 36
5 78
11 23
27 63
15 76
12 44
18 70
7 92
16 62
21 64
22 67
23 70
27 47
17 57
5 92
14 10
1 49
27 71
30 74
3 18
20 28
30 40
25 30
11 94
21 89
21 27
14 10
0 43
29 81
8 97
26 98
15 63
7 49
14 24
24 35
29 55
5 68
7 89
26 39
28 39
22 6
17 93
26 57
7 58
17 1
12 26
6 74
24 4
2 60
15 25
6 75
21 34
2 65
4 17
19 22
28 95
20 9
10 76
24 92
8 2
17 8
23 19
6 71
12 55
18 22
3 46
19 67
22 41
21 33
30 35
22 73
17 62
27 38
16 18
4 32
6 13
14 36
11 5
28 78
17 71
23 53
1 44
26 76
12 45
15 10
12 2
5 73
5 21
13 45
30 61
3 9
18 45
2 42
2 66
3 40
18 57
12 45
8 75
0 40
19 88
22 24
4 51
8 32
29 3
8 8
9 99
15 77
1 4
17 41
16 15
13 8
20 1
0 81
5 63
6 48
17 90
24 15
15 66
11 12
7 72
29 56
19 50
1 73
12 86
5 69
27 90
9 36
18 15
2 37
8 49
24 75
22 83
29 24
17 12
0 77
30 83
1 60
23 57
1 92
23 7
25 94
27 72
5 94
10 96
15 86
5 54
7 89
0 82
29 23
18 78
14 75
22 3
28 62
21 2
24 13
11 60
8 51
23 70
14 64
6 32
3 16
24 72
19 45
1 30
29 69
25 34
12 56
24 21
20 79
26 96
15 23
11 72
10 26
30 2
0 91
23 2
8 93
13 41
30 45
8 85
18 91
12 45
7 65
20 34
1 97
9 17
16 57
23 60
25 69
28 29
27 83
28 37
9 7
16 27
17 89
15 25
22 79
24 8
14 15
21 78
9 11
20 92
22 88
17 52
15 29
6 8
6 75
10 25
14 80
27 8
4 68
30 68
25 100
1 49
16 67
4 75
25 40
21 69
5 13
21 20
29 26
7 55
25 38
4 55
4 2
7 53
0 57
9 38
17 42
17 16
11 37
24 6
22 76
28 56
28 51
2 18
5 70
28 50
25 58
16 73
23 22
10 89
11 38
6 84
30 25
28 60
5 45
17 68
17 75
24 20
2 74
11 70
28 42
14 73
9 2
16 29
21 71
16 89
3 67
16 19
4 24
16 7
8 45
1 64
6 53
16 76
12 33
0 78
27 67
4 33
26 27
19 95
3 83
17 36
9 91
8 37
7 59
22 75
3 47
4 100
18 42
12 45
22 38
8 73
18 10
9 100
27 8
29 63
2 7
6 29
29 99
11 24
22 87
14 60
4 58
18 34
0 36
10 28
2 75
23 63
10 56
1 62
2 8
2 62
14 13
30 78
20 34
0 60
13 66
27 19
0 29
8 43
22 70
23 82
6 43
23 96
1 68
0 61
22 17
26 61
25 26
4 63
23 30
1 33
12 61
6 19
0 79
27 42
26 66
26 85
14 12
0 33
25 32
2 32
30 21
1 7
13 29
21 60
23 4
18 100
27 59
10 92
11 78
11 2
19 35
4 8
17 91
5 45
12 90
12 2
24 22
2 75
23 69
8 83
15 6
16 52
7 89
20 13
21 90
6 61
23 73
11 10
24 52
18 60
17 27
11 99
3 50
0 48
16 57
7 84
7 74
20 45
7 73
20 19
20 53
6 83
24 99
28 36
27 25
30 80
21 6
11 41
27 30
15 30
7 94
13 34
28 70
5 63
13 61
19 13
16 72
9 3
29 39
10 98
11 50
7 73
24 53
17 79
0 31
14 90
0 9
12 86
4 76
4 44
1 4
25 57
4 60
3 50
19 14
5 83
12 45
6 65
7 38
9 84
27 60
1 37
19 36
23 10
14 3
3 21
16 47
5 27
8 39
2 65
21 28
27 74
20 86
9 55
12 62
12 61
12 69
4 40
1 86
3 31
18 58
7 27
14 73
9 65
13 9
20 94
15 72
28 5
30 15
23 68
1 32
27 13
0 66
9 14
14 31
10 17
24 18
11 28
14 69
26 58
3 97
2 65
11 34
23 94
2 28
16 60
15 61
30 61
6 79
7 58
14 94
14 56
26 38
3 45
16 68
11 64
5 64
28 74
27 32
10 22
26 18
19 94
25 41
3 66
20 40
21 12
25 3
0 38
12 67
14 48
27 50
27 11
6 26
7 68
5 5
8 79
14 32
28 8
19 70
2 51
29 66
27 69
4 58
10 23
30 60
19 5
27 47
9 35
12 83
8 67
15 42
28 85
17 65
21 71
16 15
2 81
24 98
12 71
8 30
18 99
20 57
6 99
4 1
8 20
27 14
3 29
23 56
21 32
3 88
10 75
15 81
0 49
26 97
19 47
24 51
12 48
11 35
9 46
20 80
4 16
3 77
8 5
25 23
8 59
24 79
4 8
30 60
27 76
15 83
3 9
14 32
6 42
28 48
5 6
25 75
11 22
16 76
18 54
6 83
14 78
15 15
0 65
22 57
9 88
5 61
15 70
25 90
2 15
22 50
1 52
7 22
10 34
1 85
25 21
19 3
13 18
20 26
5 47
16 72
11 93
20 4
4 53
19 84
17 42
24 15
1 54
17 83
22 28
23 66
27 36
13 8
26 1
29 78
13 23
26 10
28 91
5 56
22 88
16 88
0 16
18 82
5 41
14 5
30 80
5 62
2 87
7 23
13 62
20 85
26 39
18 71
20 92
18 89
8 56
11 5
1 56
23 83
23 15
9 96
26 28
15 72
23 86
0 35
11 31
10 4
25 87
20 12
4 59
23 8
25 44
30 60
0 13
28 46
17 49
10 45
18 75
8 68
26 40
5 76
11 67
1 82
1 23
8 45
16 93
28 5
7 32
11 22
6 23
5 32
15 19
29 89
5 40
11 40
19 57
7 80
11 22
1 74
10 19
26 6
29 65
0 56
16 92
9 92
8 93
28 74
5 33
27 100
27 79
9 64
23 35
2 75
18 30
24 1
9 5
14 35
14 76
4 89
27 6
12 27
3 62
29 75
17 19
13 58
23 27
17 54
0 51
12 50
19 71
29 93
11 66
7 33
8 69
19 76
17 9
12 81
30 15
18 22
8 58
11 22
18 91
11 25
0 42
15 44
4 67
26 56
7 36
29 87
28 42
11 11
3 72
2 51
6 72
15 92
12 92
15 23
14 85
0 82
27 90
29 26
20 86
22 73
20 99
22 59
10 67
0 13
27 22
20 66
1 54
0 6
23 23
19 62
22 75
17 52
26 86
13 62
10 39
1 94
16 85
26 25
16 17
25 90
16 8
14 78
2 89
4 78
11 50
11 49
28 12
25 96
8 13
27 84
15 94
22 92
5 93
8 18
24 12
9 6
13 15
1 39
20 19
8 27
4 51
10 5
24 38
29 21
29 60
29 53
10 40
28 16
11 67
7 6
22 23
4 95
0 67
0 38
3 45
30 51
6 71
25 21
2 53
26 76
6 95
5 64
13 2
2 64
26 3
12 15
1 66
0 21
2 80
9 85
4 53
14 31
13 43
3 95
29 75
3 8
26 83
5 81
6 34
29 23
7 82
20 13
4 88
8 43
23 65
14 28
3 94
1 96
9 76
23 43
16 28
30 65
10 96
27 39
27 12
19 31
4 32
11 87
5 71
16 27
20 30
12 1
16 47
26 78
5 95
26 33
11 77
0 100
22 40
5 94
29 9
27 58
14 59
26 98
23 17
26 39
12 63
7 50
4 13
23 26
2 42
16 57
6 70
10 7
11 10
15 62
13 14
26 67
25 13
16 53
21 73
12 71
21 77
28 51
22 71
0 64
21 66
25 95
12 21
13 39
5 85
2 37
15 12
15 51
22 53
0 97
3 82
29 29
11 28
23 81
25 12
0 32
28 40
20 68
12 50
5 55
9 24
6 37
7 100
18 6
28 2
23 35
10 99
0 30
27 27
3 45
2 35
22 25
0 35
7 71
29 41
5 38
26 30
7 51
12 54
2 4
11 62
6 62
6 7
18 5
21 49
18 83
7 86
5 16
3 65
15 1
17 32
16 48
14 68
5 5
5 89
27 75
4 81
3 88
2 62
14 47
24 97
14 63
7 88
4 44
1 61
18 18
4 5
16 40
29 43
7 72
11 97
19 19
5 70
14 97
6 77
20 25
5 15
29 24
18 86
10 9
12 45
6 58
30 79
24 75
27 74
16 85
26 47
12 84
26 24
9 61
8 88
27 7
3 37
13 92
17 33
26 81
11 27
15 37
0 35
14 57
18 57
29 92
6 53
18 3
15 6
28 88
19 80
11 92
4 24
5 26
25 83
22 38
12 90
10 63
6 48
8 60
12 47
20 76
16 27
27 59
10 75
11 85
3 71
26 36
18 19
12 85
1 80
15 73
13 14
13 6
8 3
15 60
9 95
12 39
4 3
21 15
7 87
17 23
27 52
0 51
26 36
21 23
27 2
10 33
1 20
30 31
28 31
17 83
29 19
22 72
14 12
22 6
18 87
28 28
4 88
12 52
1 4
2 70
2 36
17 92
0 25
9 76
22 55
12 44
18 23
11 7
13 32
19 66
4 94
20 40
15 18
29 84
26 10
27 55
12 66
13 41
0 81
27 10
27 90
6 3
4 24
5 94
29 12
2 14
11 37
28 89
10 29
5 6
8 26
24 35
22 82
10 19
29 18
25 16
10 96
23 67
5 70
22 4
6 38
20 4
11 30
1 52
22 27
7 72
3 95
26 8
11 10
8 87
6 69
23 75
7 32
8 62
9 65
28 74
9 61
17 23
21 99
11 88
20 33
17 59
26 68
22 55
2 54
2 14
4 5
1 18
12 6
19 20
16 29
24 14
1 69
23 80
0 57
13 73
9 96
2 9
12 61
13 62
0 10
9 81
15 11
16 80
6 4
29 66
28 42
26 50
19 10
26 63
17 47
11 46
16 34
4 70
0 36
18 39
13 93
21 78
10 6
0 2
28 49
24 38
19 85
18 16
7 37
30 71
7 83
0 62
29 72
14 43
24 38
23 37
21 86
13 14
26 37
17 62
16 79
29 75
24 63
14 20
8 24
29 53
28 45
1 47
14 15
19 65
15 80
14 60
8 85
30 41
5 36
12 29
19 99
11 100
24 28
29 87
26 23
4 43
4 96
19 35
10 82
23 63
5 12
14 87
4 79
12 61
6 38
8 61
15 94
23 8
10 23
0 33
5 26
16 69
12 8
0 22
12 99
23 89
16 92
19 87
29 12
27 20
11 26
7 56
19 8
22 51
13 7
19 59
22 20
23 53
6 4
29 31
18 21
21 63
2 8
21 55
6 14
24 35
14 55
30 24
4 78
25 35
0 53
4 78
18 60
28 22
1 39
11 89
24 57
2 91
14 38
14 20
21 53
28 10
0 58
7 92
11 96
13 52
20 9
0 7
30 72
17 45
23 16
13 35
8 13
11 77
20 74
5 77
2 50
24 33
29 92
2 61
1 100
10 26
11 92
12 39
24 54
8 13
29 12
19 99
21 14
10 96
17 18
28 18
19 39
4 40
30 6
26 38
9 17
16 19
13 36
20 56
20 62
25 38
8 79
29 74
23 93
19 99
6 90
15 83
28 75
29 38
30 52
15 65
25 35
27 92
19 85
30 49
19 78
14 83
19 71
22 60
30 42
16 32
14 16
21 5
23 41
29 12
1 11
10 19
29 41
20 42
8 41
11 8
20 38
17 90
5 43
2 75
8 91
20 91
10 24
25 8
8 37
6 86
8 45
7 46
6 33
19 97
29 92
25 65
2 32
14 66
15 29
29 86
26 14
27 15
14 50
20 45
18 50
22 29
9 47
11 75
9 99
7 10
30 94
19 11
16 10
3 9
4 16
15 54
5 42
29 18
15 23
6 93
6 61
1 87
17 1
8 9
18 19
8 52
6 70
0 24
26 98
1 96
23 18
1 47
2 15
30 27
6 44
26 86
30 87
15 65
30 41
8 6
9 48
1 45
22 36
0 52
25 80
29 5
28 53
0 89
23 75
30 6
30 85
20 76
11 9
17 88
28 6
12 98
8 18
22 15
7 76
7 5
18 23
11 91
25 32
2 65
1 25
1 3
16 65
21 6
26 75
1 10
22 4
5 32
17 66
27 64
23 79
3 68
27 37
6 71
10 57
20 51
18 38
2 44
17 65
24 77
12 70
11 66
15 7
25 66
9 56
10 65
0 96
3 18
6 73
3 60
18 59
17 57
24 78
3 33
20 65
16 7
6 31
8 35
24 23
14 27
23 1
7 52
15 81
12 80
18 12
1 89
6 38
1 68
27 54
12 77
16 1
22 59
7 17
10 69
19 26
6 28
3 90
7 35
14 94
24 68
11 3
26 74
9 44
25 68
12 22
6 4
11 54
25 82
12 8
16 34
5 6
11 5
14 70
1 66
29 6
14 68
26 6
6 10
18 99
23 64
5 32
10 29
8 75
30 14
4 34
4 51
0 45
21 65
10 22
13 46
19 28
14 41
2 30
24 95
27 56
4 23
0 94
29 51
29 4
3 77
12 41
16 39
0 54
5 64
1 37
12 21
4 17
30 47
21 75
11 12
23 31
26 71
10 51
27 10
7 48
11 16
1 70
20 86
0 16
5 92
12 37
10 79
14 54
8 22
19 51
1 67
0 77
11 81
21 26
21 70
21 34
15 96
18 41
6 84
26 38
14 44
25 64
7 35
9 14
19 37
12 53
12 44
1 94
13 88
10 9
29 49
21 54
1 62
10 4
28 58
25 61
24 51
28 33
22 74
0 20
8 22
25 67
14 23
0 91
19 61
10 61
13 72
13 98
6 38
30 50
3 12
3 27
12 32
15 6
14 86
2 71
1 80
15 96
16 98
21 48
11 51
24 41
29 7
16 17
2 35
7 62
6 23
1 47
17 49
28 74
15 60
15 78
15 28
16 71
1 87
22 92
7 12
7 2
17 43
6 2
23 92
8 34
9 31
20 41
1 76
11 19
21 78
14 40
25 50
7 77
23 27
21 85
1 13
28 22
24 52
29 20
2 14
10 76
3 74
27 21
7 47
27 50
26 42
10 81
24 79
24 16
8 51
30 54
19 10
19 79
0 42
15 53
0 19
8 43
6 95
24 18
2 71
1 75
18 96
16 39
28 46
2 23
8 84
1 18
0 53
17 26
16 18
23 47
2 54
6 68
9 35
28 25
29 87
13 27
5 83
16 12
9 99
25 19
4 47
12 71
11 69
27 8
24 85
24 26
18 59
1 25
3 100
1 92
21 100
14 57
30 78
5 31
22 45
15 3
0 25
6 19
15 5
24 20
28 81
17 27
5 39
0 90
13 73
9 78
12 85
14 13
14 79
6 82
11 57
28 71
2 78
12 37
13 50
29 64
30 46
22 27
20 73
26 42
18 23
18 58
6 10
15 38
22 64
2 19
4 70
7 57
16 14
20 56
12 73
1 2
23 47
21 30
15 84
6 25
2 36
25 38
28 13
11 45
14 61
1 35
3 51
6 82
0 8
20 42
9 81
13 28
15 15
2 82
24 71
4 75
8 4
20 12
11 59
1 52
17 32
26 77
11 45
22 75
5 98
24 55
11 23
25 43
14 28
29 52
18 13
0 52
17 71
24 55
3 55
21 39
26 75
17 98
22 3
11 98
17 26
22 58
16 98
10 29
27 62
2 57
19 12
29 19
21 19
2 54
22 16
26 75
8 72
23 20
26 98
29 60
6 16
21 87
30 62
19 97
24 27
13 83
6 74
0 27
28 97
0 26
30 94
20 7
17 67
21 36
13 47
6 32
29 49
20 20
15 36
23 57
7 76
5 55
27 71
3 36
0 25
2 54
3 40
7 93
18 63
25 91
3 34
14 20
19 81
17 37
14 88
3 42
1 5
7 82
15 18
3 49
12 84
21 55
7 4
19 85
0 98
11 28
15 77
18 79
13 34
14 27
30 90
18 55
7 17
8 60
6 4
24 70
27 72
24 8
3 46
17 31
18 19
6 40
0 76
24 90
4 40
6 86
28 50
22 1
11 94
21 46
24 2
1 76
24 28
25 5
18 38
12 46
22 62
12 30
25 27
20 62
15 98
27 19
26 91
17 34
3 58
5 78
6 53
11 81
26 19
22 52
28 45
16 85
9 26
27 68
24 31
14 57
23 10
26 54
19 100
11 56
8 91
17 60
19 74
2 2
1 88
26 81
23 92
8 63
0 68
4 92
0 73
18 52
8 43
15 56
16 19
23 1
2 73
29 38
20 94
3 68
18 84
10 14
2 88
13 6
6 23
30 61
2 16
22 46
6 76
25 45
13 98
19 71
3 45
30 73
11 70
5 95
1 7
19 4
20 8
28 88
1 39
5 6
22 38
18 31
28 18
7 82
1 54
12 11
17 44
6 9
28 48
17 31
9 34
18 89
19 3
27 46
12 37
2 7
10 73
21 46
26 23
19 4
29 80
15 94
14 67
11 50
3 35
26 59
21 61
4 51
5 41
12 71
2 19
6 1
16 1
3 63
29 22
2 33
2 52
29 34
16 36
9 20
28 65
10 70
18 16
13 63
18 16
25 53
11 84
3 40
22 32
11 72
2 9
17 54
23 72
13 92
15 100
7 55
5 81
5 1
12 100
10 51
22 21
23 74
8 37
1 64
21 72
18 28
10 7
29 35
24 87
29 65
3 3
10 97
19 17
19 56
21 60
17 28
30 41
9 63
18 17
1 93
13 77
22 83
5 96
23 98
24 87
0 64
1 23
14 85
12 66
16 64
0 24
22 5
20 33
23 30
0 83
1 68
1 20
12 57
14 8
4 2
13 29
7 1
1 18
26 23
21 77
10 100
25 46
7 27
16 92
15 91
20 25
5 59
5 36
20 38
26 7
16 50
4 76
29 89
6 15
17 75
26 21
0 93
1 82
30 2
7 57
0 77
11 67
7 91
10 86
30 1
13 38
29 12
27 91
4 28
4 3
16 9
7 49
1 56
5 78
26 19
16 61
16 39
15 81
10 81
22 18
18 68
15 66
23 44
11 87
19 22
21 77
15 81
26 53
18 90
26 29
26 82
23 1
29 69
28 92
21 84
21 34
22 85
12 5
27 55
17 9
24 82
25 11
14 50
5 49
4 75
6 21
29 72
1 2
28 43
3 59
25 21
19 51
22 37
17 67
15 92
10 92
12 6
13 67
29 66
24 8
19 46
15 29
28 27
1 90
7 13
29 7
29 29
28 10
4 20
23 5
16 35
16 11
29 97
8 24
8 66
13 51
7 86
28 59
20 41
25 58
1 26
6 87
9 89
23 93
6 13
4 25
8 81
12 51
26 28
26 32
13 63
22 2
27 9
5 39
23 45
12 98
26 93
28 62
2 64
16 52
3 81
17 29
20 6
11 27
24 23
26 2
16 21
29 42
9 16
5 25
6 86
25 26
28 11
1 100
4 85
21 60
2 94
4 49
3 28
23 83
18 80
18 15
17 28
11 95
9 94
29 38
15 98
2 4
8 39
15 58
6 96
20 82
18 70
3 6
0 98
12 93
24 9
12 12
25 28
14 6
23 58
26 68
11 75
1 49
15 68
11 2
24 96
28 2
8 28
17 86
24 69
23 33
1 37
18 100
9 53
16 3
21 62
13 27
27 13
0 78
26 36
14 43
29 60
29 34
18 6
4 56
7 72
15 1
7 95
16 10
12 73
28 34
7 24
19 64
12 80
26 80
17 32
3 33
26 4
29 77
16 73
28 33
16 52
14 12
10 81
12 3
29 73
4 34
15 55
17 56
24 7
18 3
15 69
21 5
12 3
5 18
22 17
12 20
11 100
0 15
24 50
7 26
4 81
27 32
7 31
17 69
17 32
10 39
28 29
6 43
15 14
3 2
3 9
19 50
11 50
17 63
26 93
23 98
23 61
28 44
12 49
6 50
1 50
12 58
2 14
28 49
8 4
13 82
0 76
9 39
23 24
12 48
29 28
1 47
8 33
7 33
28 62
8 60
29 27
23 47
24 35
28 10
4 36
3 47
14 9
19 50
14 98
13 29
11 49
1 93
1 53
5 66
7 74
13 41
4 85
20 78
11 63
12 96
10 86
17 75
7 93
7 29
8 47
9 75
29 22
8 99
20 79
19 27
11 88
5 97
10 9
5 10
6 40
10 5
16 57
15 16
5 53
21 54
17 54
15 29
8 34
19 97
10 51
30 76
3 72
17 10
8 13
23 32
30 85
27 65
17 24
12 23
15 97
20 2
6 38
22 88
12 12
4 95
5 38
14 93
9 80
9 30
21 54
12 3
11 33
30 46
28 27
27 46
10 10
13 46
20 2
29 50
18 94
7 54
11 97
26 74
19 80
16 95
27 14
5 46
1 10
8 26
30 59
22 37
17 55
27 36
29 92
15 90
9 90
21 50
24 55
4 31
19 98
28 5
0 33
10 53
21 56
28 34
6 64
22 81
21 29
4 51
27 95
28 66
30 37
26 46
0 16
20 53
12 61
17 64
2 26
4 94
30 41
4 29
28 93
30 29
7 70
24 15
18 94
8 48
8 15
0 91
23 54
2 50
20 47
12 19
17 6
6 29
5 12
14 31
6 30
1 45
2 21
24 33
22 27
7 16
1 47
0 69
14 29
19 75
23 60
23 17
29 66
1 56
17 5
22 53
22 24
7 90
12 44
16 51
24 55
18 54
11 80
11 66
15 28
6 50
5 84
26 8
4 59
29 60
7 3
13 31
7 14
3 93
0 5
16 22
26 27
29 42
6 50
3 62
24 11
10 46
1 49
8 69
14 93
29 41
20 67
3 20
19 1
8 28
11 21
25 50
2 35
5 40
28 63
3 37
12 59
30 35
4 75
13 34
23 95
9 95
28 50
1 25
19 57
12 25
1 10
11 86
27 41
25 84
17 8
27 93
30 82
28 84
6 16
5 25
5 9
21 12
19 72
10 70
14 63
26 52
16 40
3 80
20 91
22 50
19 30
14 46
5 42
10 9
2 72
18 59
24 64
14 83
28 71
16 84
10 6
2 90
0 73
10 3
0 67
14 25
23 65
12 80
20 36
15 25
18 60
26 43
5 16
1 83
13 63
13 98
11 60
26 44
7 35
9 83
21 44
11 20
23 44
15 94
4 11
14 69
7 12
19 19
19 32
15 51
11 12
16 76
28 31
10 8
25 22
17 42
14 10
30 96
11 87
6 75
14 48
8 82
12 11
2 94
5 77
22 26
9 78
24 57
10 18
15 15
5 75
25 18
26 94
8 19
29 79
0 29
20 34
0 43
0 45
16 29
29 41
11 98
7 39
26 87
2 23
20 49
22 43
22 93
20 72
29 83
2 67
20 40
27 26
10 70
30 27
5 24
20 75
14 93
21 11
10 5
30 63
9 80
23 50
21 26
14 58
10 72
15 98
10 14
4 17
11 62
15 70
26 98
0 99
12 88
3 6
7 67
3 72
15 84
14 34
23 30
0 19
25 83
23 79
4 62
27 41
8 69
2 25
2 11
0 76
6 18
14 57
4 21
4 97
17 20
24 23
17 39
14 66
0 57
16 9
25 42
12 24
13 28
27 16
13 27
18 9
2 93
17 80
12 77
6 92
14 15
2 34
25 27
7 83
11 55
4 94
20 19
29 95
17 76
22 65
9 24
5 83
12 92
19 30
22 1
18 24
19 67
1 29
1 35
23 38
2 36
14 63
6 78
8 39
6 97
9 57
29 64
30 28
29 93
0 41
17 80
12 2
15 48
18 87
12 11
27 35
23 70
16 1
10 95
19 26
15 14
30 27
0 7
5 74
4 79
7 10
19 9
4 41
17 31
12 42
1 70
27 86
13 58
27 98
9 30
4 10
15 78
4 47
0 98
7 82
6 14
6 8
10 21
24 43
10 82
24 84
13 5
13 90
19 92
28 89
9 66
24 34
1 16
23 93
24 11
19 44
28 96
22 83
24 47
18 99
2 6
20 31
0 79
14 41
12 61
6 95
5 97
16 57
7 42
13 39
0 70
23 18
25 69
1 54
15 53
9 64
22 22
28 38
14 30
14 27
14 40
7 25
7 60
29 16
7 72
29 23
1 57
4 64
9 34
6 100
21 73
27 25
12 90
0 61
26 60
20 70
20 56
29 87
29 55
18 46
24 25
3 2
10 13
11 77
30 30
19 7
12 8
19 7
16 78
6 85
12 52
17 42
19 99
15 16
2 13
0 72
14 28
20 8
17 55
9 55
27 62
0 25
6 96
1 22
10 92
20 73
22 91
22 15
11 83
26 52
4 1
20 71
26 94
9 62
28 22
13 28
23 4
7 88
17 12
27 6
5 32
16 57
8 73
2 41
9 99
16 83
10 72
18 1
6 8
19 15
29 28
10 85
0 17
13 84
5 42
9 96
6 36
20 54
28 55
23 26
14 71
2 30
26 69
16 66
9 25
25 6
20 24
28 36
18 56
0 70
19 30
4 38
18 95
26 25
15 21
14 82
12 17
29 37
19 7
16 22
27 91
22 52
26 99
4 98
24 70
22 79
10 48
0 23
16 18
4 97
23 41
28 47
20 51
27 10
5 85
18 32
24 79
29 21
14 25
0 2
19 67
5 10
17 44
2 59
1 84
14 60
22 13
15 76
18 45
23 6
21 94
15 74
25 64
3 55
18 55
6 6
14 51
19 1
9 98
2 49
0 36
21 46
14 48
7 79
25 50
10 30
8 43
17 56
6 96
14 63
20 64
24 13
9 72
19 96
28 55
19 87
9 31
5 58
28 4
14 22
16 23
13 93
4 66
19 15
4 10
15 59
21 47
7 2
1 93
18 7
3 11
18 2
11 7
17 80
6 94
8 17
30 99
15 31
30 100
29 20
12 50
14 62
30 89
15 40
25 85
24 67
7 69
1 20
11 77
23 80
7 46
14 38
21 79
13 35
0 99
7 83
26 79
26 100
24 2
18 1
20 56
16 78
25 31
1 28
23 57
18 46
16 56
29 14
7 32
27 72
11 82
23 74
25 75
9 17
29 16
6 40
26 37
6 52
5 83
24 93
24 98
4 81
26 78
21 75
27 59
27 81
24 53
13 67
23 53
17 39
11 55
25 32
7 16
0 32
23 64
29 6
8 9
0 74
16 12
1 34
7 85
0 66
12 91
30 85
19 63
21 71
29 100
20 68
8 16
27 31
23 54
8 55
25 71
28 27
10 18
17 76
26 10
7 82
16 87
29 24
8 92
1 19
28 13
20 44
19 63
4 22
28 6
24 89
5 46
1 21
16 9
18 40
1 1
15 68
8 76
7 72
17 35
12 38
24 46
8 40
9 48
21 20
21 55
24 19
19 75
1 61
4 99
29 36
9 97
13 89
18 27
7 100
19 92
7 67
5 98
2 42
11 64
1 20
1 16
29 92
26 49
9 18
8 30
22 35
23 62
1 21
13 24
10 34
30 58
24 57
5 20
29 3
13 23
20 31
9 50
22 66
20 26
24 62
12 85
1 65
0 22
10 82
11 69
0 35
21 58
12 98
10 34
10 51
22 51
3 4
4 51
16 38
4 7
10 27
19 70
5 14
26 70
0 11
6 3
25 34
14 24
25 81
17 34
2 28
30 80
9 75
11 74
30 78
25 66
6 20
15 21
2 75
5 40
3 100
17 86
0 23
30 29
0 55
12 38
3 10
20 91
8 32
6 6
14 56
20 24
3 57
1 52
3 88
8 86
8 27
3 40
27 56
16 78
16 51
22 6
23 13
1 14
12 22
1 13
12 13
28 17
2 56
3 56
12 44
12 22
11 85
18 57
11 19
12 27
29 54
20 97
15 77
7 22
13 56
13 71
14 32
5 64
25 10
16 35
22 17
0 9
10 85
18 81
5 97
13 34
0 35
8 30
3 73
16 71
9 92
22 53
14 89
18 82
0 22
2 54
10 14
6 39
4 14
18 65
30 21
22 11
10 12
15 36
5 62
25 54
24 89
13 3
12 27
19 2
23 27
0 1
24 89
0 12
8 95
13 86
9 11
14 51
20 26
19 27
22 64
18 9
0 95
29 78
13 74
27 63
20 34
6 13
13 14
21 77
23 68
14 84
22 59
24 38
14 41
19 90
13 29
17 49
3 38
23 43
0 41
12 58
6 51
23 2
13 39
2 69
0 84
5 17
5 26
0 49
12 22
21 70
11 29
5 49
3 81
28 29
24 65
10 53
21 69
23 2
5 74
25 93
7 67
14 33
1 53
12 98
23 34
28 46
17 85
11 61
28 19
0 83
13 26
12 33
27 55
21 55
11 50
26 3
26 62
26 89
20 64
16 43
17 58
19 10
21 16
0 61
0 90
30 65
0 58
27 6
8 41
4 58
26 49
15 33
17 100
29 56
25 92
18 71
24 23
26 27
22 98
9 76
11 22
7 73
11 69
15 36
18 1
6 26
25 92
25 53
18 85
27 11
23 65
28 24
0 59
26 39
29 27
10 39
20 33
4 50
15 50
5 52
12 55
23 7
22 33
5 100
11 28
0 38
15 92
13 82
19 64
16 95
9 98
26 35
24 42
23 86
21 89
5 20
21 85
10 1
11 7
15 47
13 56
28 25
19 35
27 59
17 87
17 18
17 35
3 6
20 60
10 70
25 85
25 41
11 34
26 9
4 56
0 4
5 22
13 96
21 2
3 82
7 12
10 24
25 92
28 86
22 34
15 95
12 37
17 1
0 66
4 2
4 1
0 92
22 75
2 49
0 7
28 16
13 10
29 7
27 26
0 30
17 49
1 51
9 55
28 31
20 40
23 73
3 53
6 80
16 65
15 26
26 15
4 63
30 64
24 92
7 78
23 74
28 82
24 36
29 93
1 73
4 45
11 5
28 6
8 18
25 65
11 75
17 87
15 90
10 39
17 16
3 87
15 11
25 74
19 61
21 3
18 21
7 69
0 97
10 98
11 88
4 63
5 99
11 79
30 27
18 93
2 58
22 25
16 80
4 29
23 85
2 82
14 96
22 16
19 93
20 74
8 58
0 88
26 38
15 33
23 50
3 37
11 49
29 37
10 38
22 42
22 22
5 85
16 51
11 5
6 58
25 98
15 13
14 77
12 23
1 14
18 70
28 84
1 66
4 24
16 56
28 24
14 45
8 55
4 49
12 14
4 3
4 95
2 21
19 86
20 65
19 11
14 19
15 11
17 54
3 86
18 53
0 62
2 40
24 61
11 17
18 54
21 30
19 75
4 96
18 47
0 64
16 30
12 15
24 41
28 81
8 86
27 27
26 7
10 94
16 25
18 22
23 4
30 64
7 95
30 26
6 68
1 24
28 71
22 48
21 94
9 6
23 9
30 38
4 75
16 49
0 94
13 55
8 32
14 70
15 6
18 34
20 95
7 17
7 15
7 83
22 51
17 61
10 37
17 80
7 11
21 77
4 57
10 84
2 92
2 39
8 23
12 99
16 30
1 50
0 20
30 65
6 65
14 32
27 26
1 53
12 16
19 73
12 39
1 45
3 56
14 77
10 45
12 11
21 66
15 99
6 10
30 69
4 36
12 59
10 97
30 95
27 89
19 21
1 5
7 65
26 68
18 38
16 69
11 32
1 85
30 47
12 18
4 45
3 37
10 49
9 31
25 68
30 65
28 33
13 17
29 28
26 78
9 77
17 77
8 41
26 1
22 90
28 11
9 84
27 60
27 12
14 73
28 47
7 46
2 73
4 69
23 23
25 91
8 80
9 63
9 83
15 75
20 94
9 75
15 71
17 11
23 27
26 33
14 64
10 81
14 32
16 78
6 69
30 76
27 44
30 39
16 78
5 5
28 56
28 29
9 74
22 58
13 49
21 47
11 31
4 39
3 4
5 77
7 1
10 85
21 90
22 81
20 80
21 49
5 6
20 69
23 76
25 33
30 52
24 99
4 63
1 74
6 6
10 83
30 42
10 43
10 30
3 7
21 61
6 59
8 95
21 2
10 77
11 90
9 71
18 87
0 77
8 13
0 89
29 41
2 53
27 48
25 39
23 14
4 9
28 58
14 19
25 94
18 12
14 48
20 72
18 15
26 30
16 94
22 97
30 44
1 11
1 15
25 2
28 89
3 55
26 97
16 37
6 46
27 77
11 5
19 3
30 13
27 35
16 40
2 63
28 92
8 53
10 8
26 9
19 98
14 92
2 47
22 24
10 68
0 26
17 98
16 56
3 42
6 20
30 89
6 11
26 13
29 54
3 26
0 70
22 89
7 6
10 39
0 25
25 64
29 38
19 97
9 42
10 67
5 12
22 79
13 86
17 3
23 59
10 94
14 52
4 63
18 29
5 60
7 35
0 60
10 56
10 89
13 4
14 20
16 91
14 34
26 78
1 76
28 7
4 82
17 60
1 51
8 72
11 23
17 38
3 7
0 38
10 32
12 69
4 68
24 2
27 55
16 38
27 75
17 22
17 5
19 63
26 63
10 40
8 17
20 31
14 50
27 69
29 87
1 87
7 46
9 82
3 21
28 67
29 42
27 8
18 36
22 26
28 82
0 79
11 66
29 81
4 58
16 8
12 20
2 9
26 74
19 100
21 64
27 99
18 64
18 81
11 6
19 23
9 25
27 10
5 84
13 46
24 98
20 58
30 90
9 74
2 63
17 61
13 30
6 1
29 46
28 60
4 95
7 29
28 95
18 27
27 14
20 63
11 89
8 53
21 95
7 2
4 49
23 81
11 62
16 67
26 18
0 32
19 79
17 64
19 40
9 73
17 67
10 35
4 35
30 9
18 55
21 84
28 83
5 89
8 26
18 95
24 91
17 55
0 34
25 46
6 49
6 20
1 100
8 86
28 72
24 39
25 89
2 100
2 47
1 13
6 51
23 59
30 55
9 8
18 27
21 45
26 88
30 6
10 31
23 65
7 45
22 24
6 93
28 59
29 83
4 49
20 43
23 47
26 31
9 19
5 29
1 51
14 24
14 99
28 33
18 40
20 4
18 24
11 68
24 86
5 74
10 13
1 67
13 39
26 99
17 62
16 64
7 100
25 44
21 40
14 88
15 55
23 89
5 22
26 43
29 31
14 93
2 10
16 46
24 92
12 70
23 84
12 68
4 40
8 57
19 44
8 10
5 93
5 92
19 42
26 17
16 88
7 79
27 94
4 8
10 49
2 60
24 65
2 75
9 62
7 70
0 58
12 93
16 100
16 70
26 40
18 40
4 57
30 94
11 88
23 37
20 27
29 37
30 74
20 89
22 46
7 65
1 44
0 92
22 28
14 42
22 76
12 92
20 29
16 95
6 37
29 28
2 72
29 84
5 61
24 32
11 1
2 98
0 97
20 63
6 79
20 71
13 3
6 15
2 86
9 78
27 9
7 30
6 66
15 67
19 15
3 92
24 17
9 71
6 61
2 86
14 85
22 85
18 70
0 78
3 43
6 88
8 92
23 49
17 4
7 36
16 33
28 87
22 71
0 86
23 66
5 44
7 67
15 42
3 32
22 32
26 88
18 56
3 72
25 21
20 37
4 100
13 45
16 51
5 92
18 33
4 95
17 52
12 27
0 40
2 14
18 12
23 15
26 63
16 73
13 34
7 4
26 13
27 13
6 42
11 7
13 52
27 86
6 15
12 6
3 72
19 11
16 59
5 60
23 24
28 22
12 93
22 55
20 39
20 5
22 3
0 46
26 59
9 17
20 5
30 99
6 65
19 14
4 32
7 95
18 46
14 28
4 42
15 20
12 42
19 68
6 55
12 59
11 36
12 55
14 9
14 22
4 50
10 76
22 30
7 38
16 33
10 21
24 15
30 69
3 66
4 98
23 48
1 7
3 29
23 18
14 88
22 87
20 99
26 67
23 20
19 3
24 61
18 60
19 46
13 10
26 44
30 86
6 7
18 100
12 79
17 98
7 88
1 97
29 26
25 6
30 3
16 56
25 60
6 70
8 29
1 27
22 29
26 1
27 71
28 3
0 59
13 75
9 83
2 82
26 43
30 94
11 52
14 13
2 93
0 99
28 79
3 97
20 85
2 85
19 55
19 62
3 17
2 99
27 99
25 87
30 83
30 25
22 55
22 16
24 56
9 44
22 49
1 67
29 84
8 4
10 32
29 53
22 5
2 22
14 24
6 55
0 69
1 64
0 4
2 92
30 68
22 72
16 8
10 29
26 97
5 70
17 81
25 56
25 29
10 49
27 63
29 31
14 27
17 72
6 59
26 85
2 44
19 42
1 51
4 99
25 86
12 17
27 42
0 94
5 30
14 98
25 12
28 98
20 48
13 22
2 63
11 41
5 86
0 89
8 61
12 75
24 73
6 74
29 26
5 5
0 74
22 91
18 92
28 24
22 96
22 27
14 87
12 78
25 3
27 60
17 49
13 73
25 9
22 12
30 84
18 22
20 99
22 41
24 92
0 27
8 74
1 42
21 87
29 24
1 66
29 47
4 94
19 24
0 38
20 15
19 1
22 40
8 6
16 20
18 90
6 37
30 7
22 95
20 76
28 26
30 25
26 38
2 80
29 18
18 61
26 54
9 24
5 25
16 46
11 24
23 95
24 62
22 43
30 67
26 34
15 40
23 89
10 88
16 17
13 33
28 50
11 59
15 30
4 31
5 5
1 89
8 97
23 72
9 45
1 96
26 61
26 23
29 73
16 96
25 74
15 41
3 40
0 52
13 4
7 28
22 12
2 82
28 76
13 32
16 6
24 85
14 58
23 17
8 70
29 100
27 37
6 32
30 16
24 46
30 18
15 83
15 24
22 15
22 24
9 78
14 77
7 58
15 28
2 43
16 75
25 90
24 47
1 58
1 50
27 38
7 82
0 63
14 23
23 4
28 91
2 37
6 18
10 12
26 20
20 46
27 15
19 90
13 79
15 16
25 3
16 63
17 28
12 28
18 27
3 3
27 68
17 2
27 91
10 94
7 36
11 50
23 55
9 86
29 34
1 59
19 29
11 2
27 56
14 64
12 52
1 78
22 13
20 24
13 41
25 43
19 38
7 61
12 86
18 43
6 40
17 18
28 61
29 69
17 95
29 33
19 15
28 25
19 13
13 27
11 7
0 1
26 32
26 80
19 10
9 74
30 34
15 100
22 79
3 4
18 70
12 93
13 57
24 89
8 42
11 51
26 80
8 8
23 56
16 61
29 77
26 71
25 82
18 50
16 54
7 79
19 67
21 56
12 83
12 95
17 6
11 97
2 90
4 38
20 62
27 28
11 79
13 94
27 38
12 76
18 22
13 22
11 59
10 8
20 81
22 82
7 61
0 83
19 97
11 48
18 6
18 31
29 73
6 11
2 28
9 27
14 95
27 64
26 90
20 48
7 30
24 27
7 20
13 10
30 39
11 28
21 67
1 50
