100
15 91
16 68
24 10
16 67
10 62
4 25
11 92
23 93
21 62
16 56
14 1
19 87
20 26
25 79
24 64
6 9
11 34
17 75
24 18
19 14
26 5
1 37
27 8
28 68
15 25
0 43
9 7
10 10
23 20
1 97
10 13
0 41
4 3
19 22
22 35
20 94
9 7
21 4
27 69
14 31
17 55
10 40
1 64
1 30
23 87
5 81
28 14
11 100
14 36
14 48
9 46
12 77
6 50
7 45
24 4
5 84
14 41
17 32
20 99
10 53
27 49
25 37
29 86
23 56
27 50
5 97
16 44
12 4
1 51
27 85
6 64
29 59
26 53
30 39
3 29
16 7
23 24
23 50
11 99
2 68
20 36
21 56
0 29
13 40
24 80
11 84
29 10
6 70
27 89
3 62
20 37
19 81
25 18
14 87
1 93
3 17
13 44
5 100
24 32
17 39
1 84
23 69
2 4
23 57
29 65
20 31
18 86
17 55
22 33
23 26
4 50
5 19
25 39
21 37
6 97
11 19
16 94
23 28
7 39
7 75
12 6
17 70
15 11
2 21
16 67
26 40
8 72
12 72
7 43
3 58
14 19
3 17
10 80
0 90
6 59
27 40
21 95
0 46
7 16
13 46
0 3
5 16
8 57
26 87
6 33
24 32
22 56
26 21
5 16
10 19
4 68
21 5
13 67
26 2
0 38
19 26
0 20
8 78
1 96
9 32
2 67
21 17
28 18
29 13
20 77
8 37
29 89
23 85
22 91
8 20
30 89
2 63
3 80
8 45
9 84
26 83
29 71
17 67
12 56
6 7
30 75
12 6
24 19
9 96
20 87
12 50
7 15
1 51
12 41
9 9
7 83
24 4
14 27
18 70
1 88
1 92
19 81
11 89
26 61
18 66
4 18
18 33
27 18
19 88
17 86
20 59
25 2
17 48
26 30
16 39
6 4
13 90
12 41
15 90
9 41
12 1
16 42
22 58
4 94
25 1
19 42
23 95
3 53
13 98
3 29
29 23
4 34
25 8
23 61
29 87
29 94
9 96
20 96
11 57
3 47
28 13
23 16
28 20
16 31
26 65
1 9
15 4
29 43
27 14
1 36
17 33
4 54
19 94
30 36
26 42
18 1
25 83
13 7
19 38
27 16
14 5
6 91
30 38
6 21
7 26
19 51
0 1
15 79
16 76
1 77
21 73
12 98
20 78
28 1
6 92
8 55
24 53
10 32
11 42
29 60
13 62
17 63
18 36
27 37
9 93
18 88
27 35
21 49
21 42
21 28
19 30
19 50
19 23
10 14
16 96
30 10
30 58
9 99
1 78
29 3
9 39
27 5
21 99
17 32
17 93
4 98
11 94
12 64
5 36
24 31
28 60
19 3
18 84
25 94
0 17
16 47
24 10
16 44
14 17
9 73
7 33
13 25
16 9
26 11
5 76
24 37
26 97
10 5
11 55
13 60
16 25
14 71
29 62
19 34
8 93
19 26
26 71
4 13
15 38
22 39
25 34
19 35
20 73
20 73
4 33
1 56
13 32
26 28
4 72
16 7
10 17
21 75
30 27
9 44
12 97
2 95
5 97
8 88
21 7
27 34
3 66
8 37
27 20
10 23
5 18
25 35
13 9
1 22
12 42
7 33
26 9
30 14
25 35
18 41
10 3
24 57
19 2
13 21
25 25
20 78
4 87
23 96
26 41
7 84
11 76
5 15
0 16
11 95
3 30
26 99
14 74
18 10
27 96
6 23
26 13
20 19
14 42
6 12
1 84
1 29
13 56
13 44
24 73
29 47
27 24
6 34
22 11
6 8
14 51
7 59
8 28
29 85
9 46
25 82
27 98
14 10
21 62
20 21
13 53
22 39
10 72
27 78
1 95
4 59
26 51
30 53
29 67
21 64
8 57
25 57
10 8
17 82
27 32
7 39
16 92
14 93
8 43
8 69
27 48
22 40
1 6
6 34
24 65
8 29
22 43
24 71
3 49
16 24
11 72
19 59
15 40
20 60
17 21
9 96
18 21
23 92
13 94
12 15
21 97
20 12
30 41
27 92
13 93
13 87
26 12
23 18
11 95
20 75
10 81
8 37
25 45
29 66
24 87
23 59
11 26
9 33
5 50
24 25
28 12
24 96
21 55
24 61
6 52
0 68
30 29
18 13
0 89
8 55
2 47
7 26
7 38
29 36
27 69
5 30
26 93
23 89
21 40
18 88
27 69
15 73
10 84
29 98
17 25
18 30
6 35
9 1
19 70
2 84
7 10
8 23
27 72
11 71
22 53
27 87
16 72
11 26
9 33
4 60
5 93
14 53
4 30
22 6
18 38
19 46
30 63
19 51
0 2
10 60
1 57
5 10
19 26
14 93
23 52
18 100
20 32
23 67
9 79
0 32
12 15
22 29
4 91
8 55
5 18
19 38
10 66
30 30
19 99
6 85
20 18
14 94
6 53
21 19
28 77
16 11
29 78
6 16
10 52
28 2
9 66
7 39
0 2
23 67
7 39
1 83
11 13
24 3
10 86
10 59
29 67
17 27
23 25
18 53
22 73
3 88
27 50
10 70
30 88
26 94
27 93
8 13
2 61
19 86
3 25
25 73
19 99
7 54
11 64
8 53
0 98
6 27
24 21
10 94
20 87
14 12
1 33
8 49
22 44
6 76
15 50
23 49
21 65
9 60
0 80
15 100
12 59
2 21
1 47
8 4
3 77
16 22
24 59
14 26
10 22
6 65
6 3
3 85
0 79
24 32
6 43
15 91
26 52
19 96
27 75
12 38
17 51
0 15
14 64
11 15
1 52
20 28
12 15
2 5
0 49
10 42
7 19
26 43
12 11
8 85
12 54
22 47
0 66
8 36
27 65
18 4
11 37
2 97
17 42
0 62
2 31
22 98
27 91
17 85
21 24
0 58
25 41
24 97
20 9
16 36
24 46
27 15
25 61
16 97
1 72
27 7
1 93
17 27
29 85
26 27
9 74
6 31
1 74
16 7
1 93
30 53
2 81
8 63
30 38
23 53
29 99
23 42
21 57
3 44
26 49
14 37
20 56
9 63
4 69
18 89
9 84
17 38
6 65
7 91
11 12
23 15
13 97
23 75
1 39
21 1
6 67
5 98
2 19
25 80
15 61
8 82
20 52
27 1
8 99
24 73
21 57
26 20
11 100
5 24
19 60
25 48
5 62
13 53
24 95
27 82
24 26
17 85
4 78
15 49
21 2
9 73
19 87
20 100
25 31
21 91
2 46
3 17
7 85
11 64
20 40
29 99
30 67
7 17
4 81
5 28
12 8
0 82
27 39
17 56
29 25
27 49
15 85
23 38
10 76
11 75
27 86
26 35
10 98
10 1
15 57
27 71
30 17
18 57
5 35
6 31
16 75
27 6
9 89
16 23
22 86
5 79
21 57
25 64
4 16
22 75
26 14
26 80
10 45
30 30
7 73
20 20
13 33
12 73
25 86
23 17
25 94
6 67
18 6
17 31
2 44
14 99
1 58
5 66
24 19
1 64
22 90
7 95
0 41
27 98
16 48
12 38
23 92
13 93
30 44
20 85
5 86
0 26
12 1
29 47
25 12
22 58
2 76
13 73
23 95
29 43
1 72
12 55
17 85
4 38
22 79
8 100
26 63
3 90
15 64
1 64
23 2
8 67
27 3
6 22
10 65
5 44
15 62
21 10
17 5
21 55
10 42
9 48
21 2
19 86
28 41
15 97
30 27
17 83
27 90
7 36
21 15
19 82
2 60
21 92
0 88
23 23
30 61
9 60
19 66
18 73
14 3
4 65
16 76
8 95
4 92
18 83
27 74
25 4
10 79
5 30
19 13
27 44
9 5
4 18
14 45
11 72
10 99
0 63
18 7
24 93
13 72
7 12
28 24
27 27
2 57
7 80
22 21
2 10
7 41
11 10
25 17
22 86
25 6
16 69
9 99
0 31
26 69
8 77
2 74
20 37
15 73
12 47
10 97
25 21
26 60
9 28
3 63
3 99
21 49
3 75
4 73
29 31
28 23
21 38
15 23
0 78
8 62
27 76
2 75
12 70
26 83
13 93
24 4
5 40
29 49
2 15
6 57
13 48
10 51
14 48
2 17
2 99
8 97
23 21
16 19
14 19
22 46
24 99
13 69
9 50
0 87
13 73
4 35
11 24
25 65
5 45
19 80
24 95
24 83
27 18
2 88
19 61
14 74
1 45
18 58
14 37
8 32
21 39
6 20
23 14
3 34
14 27
24 6
12 92
0 30
9 97
27 21
12 27
18 67
18 78
18 3
23 11
19 81
4 4
28 90
26 64
25 66
29 48
17 22
12 2
16 67
18 60
11 36
19 79
5 69
4 47
11 28
18 98
23 10
22 49
0 9
5 94
29 63
3 3
8 3
22 53
14 68
27 64
16 70
2 1
26 20
13 11
15 80
2 6
15 5
23 86
7 50
9 22
5 73
11 76
8 39
9 32
7 44
7 20
29 6
18 79
18 67
1 7
12 8
28 98
6 80
1 74
6 35
16 79
30 39
20 8
22 63
27 42
13 65
7 94
17 1
22 54
30 74
12 98
0 97
13 49
24 69
21 53
25 89
16 42
14 6
29 20
17 86
4 17
30 49
22 63
3 51
23 27
17 16
14 21
19 91
12 28
21 79
2 91
10 88
25 59
0 6
19 69
18 14
21 24
17 59
29 25
19 39
4 82
10 73
23 24
20 13
6 85
12 50
27 77
29 65
18 82
0 3
30 15
18 8
4 69
14 44
14 69
12 43
20 37
23 49
28 87
28 35
2 23
19 34
28 10
8 9
7 65
15 86
16 43
10 48
6 32
13 51
22 66
15 82
5 67
15 25
10 71
26 50
16 32
27 41
15 18
28 51
3 78
6 100
10 95
1 47
30 46
0 93
0 58
25 51
25 100
1 41
21 21
6 9
19 53
8 75
11 11
25 11
9 63
14 67
15 30
24 62
20 90
6 83
7 22
20 71
28 93
7 53
26 68
30 30
19 3
4 89
21 10
3 66
19 40
5 5
30 90
1 49
29 38
22 20
23 28
2 12
15 77
1 37
30 71
14 22
4 94
12 28
26 73
0 92
12 82
14 47
10 56
9 35
2 61
28 16
2 94
29 77
12 21
10 15
24 23
9 46
5 15
18 71
6 60
4 71
20 42
9 70
21 97
14 27
5 2
12 33
17 96
19 50
0 2
25 70
12 48
20 75
23 91
12 12
29 74
23 80
3 46
13 91
13 43
9 92
15 76
16 86
27 1
14 88
0 59
6 87
11 24
17 64
30 90
15 21
7 70
17 29
17 44
28 100
4 19
27 66
26 38
9 18
13 11
1 7
15 95
5 73
21 25
0 79
8 97
7 2
13 44
8 71
28 68
11 99
4 67
11 29
4 73
8 45
16 42
1 12
15 51
9 25
4 67
17 70
11 20
5 42
8 18
26 14
6 30
27 88
3 5
2 19
12 91
26 96
25 93
14 19
11 75
18 23
30 62
12 45
15 49
4 75
1 14
28 28
18 78
20 31
15 97
16 54
25 67
24 46
7 27
11 42
29 26
19 11
21 71
30 54
22 25
8 83
15 4
23 36
29 79
27 54
12 25
11 50
19 87
28 98
28 45
23 78
16 11
30 14
13 70
8 23
26 52
23 45
26 17
2 88
12 91
8 72
23 62
14 24
22 76
8 17
28 4
2 22
20 22
5 35
0 91
17 6
12 57
6 59
19 98
6 5
26 24
5 4
18 71
13 23
1 61
26 83
4 19
16 95
5 22
27 78
15 67
6 24
23 76
4 71
17 6
4 51
23 82
10 28
20 2
19 1
20 29
28 48
14 9
22 95
13 3
30 85
19 97
19 23
27 73
0 1
3 76
6 33
5 62
20 85
5 36
19 86
13 87
30 40
1 23
3 49
17 78
7 21
4 58
23 66
5 23
13 70
8 15
11 32
4 97
0 28
20 79
19 27
0 39
7 65
7 86
3 42
1 2
13 100
7 35
3 12
2 23
6 62
23 33
5 91
7 26
23 45
6 74
26 88
9 11
29 69
14 80
15 94
18 91
5 14
14 49
20 86
13 69
12 4
13 70
23 13
3 91
29 92
17 77
2 19
9 41
4 33
23 69
6 33
5 91
3 9
17 3
1 37
24 57
21 3
7 99
11 8
26 53
21 30
14 99
11 28
6 26
18 46
6 17
9 9
18 77
11 22
6 46
27 28
5 60
5 36
6 52
5 61
24 29
0 41
20 83
18 98
8 22
14 38
23 4
28 22
22 23
11 15
8 81
16 44
26 6
26 13
19 6
0 47
14 83
19 76
19 61
7 56
21 69
6 28
30 97
30 86
20 75
11 23
26 66
12 28
24 26
8 55
26 96
26 16
3 41
6 77
3 28
7 97
5 53
16 92
16 93
0 7
11 62
5 77
28 52
10 32
20 15
30 39
25 96
14 87
9 16
10 38
5 74
10 13
16 54
24 66
26 57
7 26
12 30
7 60
11 94
11 97
16 48
3 83
3 15
26 90
30 74
5 9
9 70
15 2
20 3
19 78
1 38
17 41
30 84
17 25
9 40
10 7
2 21
27 62
28 14
18 34
23 14
30 1
27 23
10 54
17 75
17 9
17 43
25 14
1 72
2 77
4 15
2 89
25 78
16 36
30 31
20 37
10 73
6 40
28 58
13 75
29 71
17 7
21 20
10 51
25 15
0 74
11 66
12 84
19 51
24 50
4 27
15 94
30 18
30 72
17 46
7 98
24 46
1 27
24 57
19 23
17 50
12 50
15 97
21 56
9 58
29 37
10 21
22 68
5 81
10 94
29 11
5 40
18 50
18 47
14 41
15 91
24 69
25 49
15 81
25 14
13 32
19 26
20 26
12 34
28 22
22 34
26 41
18 97
13 50
28 49
9 50
17 15
17 20
10 85
22 8
8 42
12 58
1 79
26 2
11 27
21 58
22 37
20 12
29 86
25 85
2 58
8 39
13 96
21 19
24 12
26 6
13 33
19 95
23 1
25 58
19 13
20 88
22 17
3 37
15 59
21 32
28 93
20 44
15 67
29 32
24 25
13 93
2 95
24 50
0 69
7 38
20 75
12 80
28 75
25 39
29 34
5 67
24 74
15 100
1 44
22 64
0 64
11 27
20 64
3 35
16 63
2 61
7 76
6 71
4 53
18 57
25 73
23 39
11 37
25 50
15 37
19 51
28 68
27 82
9 13
19 68
8 54
16 63
18 89
21 99
0 20
29 19
2 29
12 21
20 96
30 52
21 12
27 58
0 64
12 82
13 86
28 59
30 26
19 70
7 88
27 6
30 50
30 47
17 100
29 9
23 3
26 24
23 10
13 56
0 94
22 58
19 9
28 40
15 55
29 87
0 82
10 58
24 32
7 10
20 80
24 1
5 21
2 80
11 89
16 86
4 11
14 12
3 38
6 2
19 77
16 86
26 70
19 10
5 20
1 63
16 6
26 58
3 92
24 98
18 10
0 21
22 63
29 40
9 16
6 70
12 55
30 70
21 74
7 69
28 93
8 38
12 70
0 96
22 58
9 14
29 7
13 24
22 88
25 19
8 35
20 17
24 1
19 38
22 56
2 55
13 52
29 65
13 88
19 93
20 50
18 24
17 19
23 80
29 37
20 26
23 62
27 8
29 29
17 57
28 78
27 51
17 28
17 57
25 68
5 91
0 46
18 7
22 24
28 23
18 76
25 92
22 41
9 91
3 10
4 76
28 23
22 97
14 63
17 67
18 53
26 40
6 75
8 10
22 81
22 21
27 37
23 26
4 64
18 93
11 7
7 70
15 74
7 87
27 27
26 31
7 87
9 47
14 14
14 83
22 11
23 42
22 86
3 41
5 62
16 91
21 15
15 48
15 59
16 87
6 44
3 91
3 40
1 61
9 30
20 60
0 57
23 19
7 40
18 51
6 21
14 41
13 20
17 11
21 79
30 8
17 22
4 10
20 37
16 69
29 56
19 26
2 44
18 30
26 68
3 80
19 69
6 19
23 53
28 50
23 25
21 60
17 14
20 90
18 13
4 76
23 9
6 63
8 80
30 79
8 82
14 86
3 28
7 66
7 52
10 7
2 60
2 20
26 71
11 63
10 15
14 82
8 69
27 93
3 66
7 34
0 77
9 79
10 34
17 15
23 84
30 82
30 33
19 52
17 21
29 18
19 2
3 75
21 66
21 7
9 12
18 69
7 31
22 3
19 89
2 21
28 86
20 96
17 99
22 34
11 40
26 74
26 46
7 17
13 84
1 7
19 23
19 82
14 100
7 19
22 78
11 69
14 63
15 58
20 60
27 51
8 81
28 11
20 93
30 60
7 71
16 54
11 51
26 76
25 68
10 59
10 16
30 27
19 7
27 7
7 57
23 90
23 12
23 2
16 72
21 98
30 32
2 78
12 67
16 62
12 88
26 32
22 57
3 40
26 11
0 82
22 13
9 99
15 49
12 26
0 91
23 27
6 98
21 67
16 85
16 60
0 51
29 56
9 36
4 38
27 5
10 24
25 42
26 53
24 2
1 97
27 27
20 63
7 53
22 20
23 81
11 27
9 30
2 36
20 22
0 100
13 57
5 38
27 80
27 75
5 83
20 5
5 63
28 14
29 12
19 58
22 62
25 23
3 12
2 67
0 72
17 97
19 18
24 69
4 31
11 63
3 76
12 23
4 69
10 54
5 2
7 37
19 41
8 57
3 40
5 59
15 86
20 14
17 54
28 27
27 62
4 8
16 43
27 64
13 27
15 58
23 20
29 36
24 100
12 30
17 48
0 92
2 79
15 84
18 85
18 83
19 93
18 58
3 64
4 48
17 32
2 83
8 33
2 6
10 64
26 89
18 18
6 78
30 26
11 56
19 13
13 20
23 39
26 21
1 22
25 5
7 74
23 50
14 4
10 86
17 26
16 82
2 86
27 88
19 78
19 62
28 84
10 14
15 69
13 60
15 48
25 20
23 28
18 64
15 13
2 27
26 72
22 51
2 40
22 69
20 28
17 92
18 37
17 20
9 67
15 14
17 36
11 44
0 33
25 45
26 65
13 17
15 99
26 61
29 85
22 67
29 88
7 10
27 35
16 64
1 47
6 77
18 20
8 61
27 90
22 70
4 35
11 32
17 48
2 21
16 13
28 23
19 24
16 59
14 59
1 89
8 76
26 12
4 15
11 28
9 83
1 62
23 59
18 92
13 64
17 59
28 85
23 42
9 83
30 79
23 55
3 7
12 94
16 48
3 10
22 44
20 49
2 11
29 78
7 16
8 60
20 85
2 51
19 4
15 92
3 2
0 92
14 10
10 2
11 84
17 2
0 19
16 68
9 100
2 55
6 1
5 55
23 7
13 52
24 83
28 91
9 72
1 49
19 3
12 95
17 78
17 40
18 54
0 79
4 35
18 91
17 95
30 36
25 96
1 15
19 30
3 55
5 49
19 22
21 93
7 81
2 74
10 4
29 99
9 90
11 89
0 99
9 74
12 3
14 93
28 18
30 86
12 27
0 73
10 48
2 96
22 81
8 42
9 27
4 47
27 53
28 81
18 84
24 6
23 53
4 18
23 11
17 19
23 1
23 40
15 30
11 79
9 36
29 57
19 9
20 16
8 60
9 80
9 78
7 99
27 48
3 22
27 80
14 54
27 85
5 96
19 37
17 39
6 11
18 46
14 63
16 58
21 7
21 92
24 39
0 46
24 70
19 5
18 21
28 47
2 19
30 24
16 26
3 28
21 82
1 49
11 11
0 66
11 94
3 58
28 92
8 50
14 20
10 79
4 59
5 97
30 2
29 36
4 46
7 54
16 73
6 89
11 51
24 63
30 23
25 53
27 82
30 15
23 23
18 65
27 95
30 34
22 95
5 68
6 97
17 35
3 55
28 98
17 12
10 53
2 8
23 59
17 48
24 92
25 58
25 35
17 75
5 70
18 56
25 57
22 67
22 84
21 3
25 60
4 1
11 50
18 73
30 67
15 97
30 4
4 59
29 38
25 11
17 16
6 30
7 41
10 79
10 62
5 65
22 20
13 98
3 25
5 57
24 94
24 49
15 69
10 81
13 57
7 45
11 55
21 96
15 87
14 97
3 34
11 85
29 96
18 69
4 15
14 29
17 73
2 14
26 49
28 37
12 31
23 67
10 1
19 46
26 24
15 12
28 99
7 86
29 11
2 60
12 93
19 14
29 93
0 86
1 86
12 6
17 90
15 100
26 72
0 84
6 20
0 12
16 48
8 46
18 7
20 90
29 100
3 98
29 93
11 96
16 83
4 28
18 73
28 6
25 71
21 43
8 86
29 47
2 90
27 86
14 80
11 86
30 63
2 57
21 95
15 68
18 18
14 95
3 60
26 74
4 37
21 6
8 13
16 89
27 71
3 50
23 6
6 96
24 71
0 57
22 88
29 72
10 100
6 10
1 12
23 56
2 80
23 74
26 11
17 61
27 29
4 34
6 6
13 10
8 88
6 45
7 72
22 38
22 35
14 52
11 22
5 47
14 90
6 6
22 55
15 98
19 41
8 57
16 61
16 17
30 56
19 95
28 50
3 76
21 95
14 21
12 75
1 18
4 58
25 29
1 26
28 20
7 90
0 12
23 29
6 54
25 60
7 50
10 13
28 40
9 69
30 53
25 43
5 88
11 33
26 96
11 84
6 17
7 46
14 13
2 18
12 2
22 46
25 31
21 89
3 16
20 11
21 88
4 37
13 88
4 90
25 33
19 76
28 20
15 76
4 74
9 14
16 95
21 70
24 18
30 39
3 73
2 18
3 36
6 80
0 84
8 68
4 91
1 42
10 39
6 40
13 74
15 80
15 92
27 13
24 52
18 35
15 7
1 37
16 28
10 23
3 92
3 38
14 71
28 80
17 49
9 17
10 11
23 5
14 95
22 38
15 40
27 81
5 22
30 58
14 84
0 59
23 22
21 50
30 53
17 92
16 43
17 56
30 71
21 74
23 55
1 64
23 53
29 96
18 59
21 59
21 94
14 42
20 89
6 6
3 41
12 44
0 94
0 37
27 45
2 87
1 6
17 91
0 11
14 69
3 74
28 84
25 29
13 55
13 4
24 50
2 69
15 16
18 77
6 91
7 57
26 1
10 23
3 83
19 56
23 15
1 71
29 45
24 39
16 22
12 73
7 46
10 79
29 93
13 75
4 4
14 53
12 58
30 13
13 46
3 60
26 33
1 70
24 86
16 53
5 13
3 56
17 88
11 37
27 94
1 19
12 74
0 69
12 24
16 98
23 31
28 69
3 4
28 42
29 12
13 91
19 88
19 16
0 14
8 44
8 81
14 17
15 29
22 88
15 62
30 41
27 36
27 58
9 8
6 28
22 29
26 60
3 50
6 77
27 48
27 37
5 88
16 59
19 72
0 68
14 96
15 54
26 94
9 61
25 44
24 3
27 60
7 18
17 87
10 21
17 80
29 63
10 84
27 57
13 24
10 15
3 99
1 25
16 60
5 79
24 100
3 99
15 96
22 80
29 18
10 21
3 62
13 91
27 8
8 49
11 31
0 22
9 41
4 83
7 14
19 29
16 62
27 100
11 20
21 87
19 53
21 3
17 87
12 32
4 3
1 9
23 25
18 71
28 82
21 21
15 87
15 14
26 68
14 21
16 51
17 66
29 78
11 38
8 47
10 21
6 62
8 25
27 35
6 66
16 75
15 35
6 45
13 21
14 28
25 26
6 3
12 51
22 35
0 24
6 16
4 27
11 72
3 28
12 53
13 27
27 94
22 94
25 69
10 51
20 16
19 4
1 30
30 90
12 21
19 82
25 79
3 40
30 10
10 36
5 13
19 55
22 42
1 50
28 3
15 76
30 40
7 43
19 72
15 94
6 68
22 44
9 85
27 87
28 2
15 72
28 38
12 51
1 75
24 73
18 26
3 97
20 86
2 71
2 85
17 18
15 58
3 19
21 22
19 74
0 18
29 88
12 49
1 94
1 79
28 18
7 79
22 27
14 54
4 44
13 14
15 20
27 54
15 61
29 24
0 56
28 60
24 40
2 51
27 79
24 23
13 89
8 35
27 36
20 80
13 68
24 3
5 9
28 63
3 97
13 51
27 45
30 62
23 70
7 55
28 8
2 46
19 44
23 86
23 28
21 15
24 32
10 74
2 7
27 100
12 31
13 4
16 35
16 70
22 85
6 51
16 32
18 31
22 60
4 40
28 84
28 75
2 65
24 8
11 63
22 71
8 44
13 14
17 11
17 19
21 85
3 44
22 22
17 8
4 70
12 68
20 39
8 39
13 37
1 30
20 59
18 75
27 99
12 14
30 75
10 9
12 54
14 78
1 53
5 64
9 82
6 4
6 81
2 86
13 66
7 48
26 15
27 62
5 70
5 77
27 57
23 74
24 33
1 20
14 9
30 58
29 32
24 63
7 50
30 37
20 2
6 87
9 98
28 42
11 81
29 28
26 93
19 37
11 86
24 78
20 19
16 14
19 18
18 77
11 31
16 38
18 3
0 38
10 17
6 70
15 64
23 29
22 94
17 66
28 28
23 100
0 65
11 36
30 21
1 89
8 98
6 38
6 52
9 44
25 2
15 15
5 66
5 6
23 25
20 88
22 25
28 8
0 76
9 48
21 48
29 44
10 98
9 14
20 52
10 79
12 45
10 13
18 14
1 100
19 39
0 92
28 94
9 52
6 2
3 99
14 43
10 80
11 38
11 30
11 41
21 31
16 99
1 4
25 22
2 64
13 86
9 91
19 96
1 87
20 67
30 76
24 47
18 93
11 54
10 71
13 38
22 4
23 87
12 42
24 13
27 98
26 39
1 31
3 67
30 47
9 99
3 96
11 68
6 42
20 87
12 91
23 55
2 23
8 35
21 77
28 57
11 13
0 41
29 95
9 51
5 9
3 6
16 18
2 9
15 43
6 60
24 64
4 8
13 65
26 80
28 89
9 97
6 33
15 60
19 28
30 29
18 14
26 11
14 28
26 64
17 22
22 93
28 26
30 43
28 38
28 61
15 69
29 30
18 11
13 16
13 43
6 82
30 38
22 10
9 42
1 44
19 71
27 86
22 24
10 20
7 98
25 57
1 20
18 71
24 28
7 50
26 77
24 55
22 26
1 53
2 11
10 36
18 68
13 76
21 1
3 20
10 90
21 49
2 93
6 11
20 88
23 46
7 94
22 46
17 24
18 13
6 78
11 100
17 25
7 77
17 42
13 2
22 20
22 76
16 77
15 63
29 54
23 52
23 47
14 94
19 45
22 8
19 54
11 82
20 76
26 13
6 52
0 87
30 69
24 24
30 56
26 45
3 39
29 10
1 20
5 34
13 4
24 28
23 63
24 24
24 95
21 15
13 76
16 5
19 91
20 74
13 33
30 45
8 36
13 81
23 55
27 23
9 22
12 8
12 98
7 46
8 15
13 15
14 98
1 54
10 64
30 45
8 39
17 6
26 6
8 88
8 72
29 92
7 93
21 17
22 37
13 18
24 74
27 6
9 44
17 82
23 27
11 10
26 2
29 34
6 55
18 28
14 24
7 63
17 50
29 34
1 5
7 63
24 25
17 37
7 4
20 37
15 9
0 69
6 90
5 43
19 47
10 69
23 43
27 85
30 84
12 1
2 87
20 31
20 5
16 36
29 58
29 89
13 17
28 88
17 69
20 64
30 8
29 67
3 32
12 8
3 62
27 38
10 46
20 63
17 57
22 97
6 33
29 1
9 38
25 91
25 6
0 93
28 46
11 20
8 12
13 99
23 26
7 53
9 35
17 49
1 18
11 85
20 64
11 76
18 69
8 85
0 5
30 10
16 4
19 36
8 88
11 64
12 41
25 100
1 71
25 10
18 4
17 7
23 5
10 60
12 70
27 62
2 68
2 70
9 66
12 83
13 95
20 21
30 88
20 31
12 31
21 52
25 13
22 14
3 49
3 25
4 7
8 94
22 20
28 14
30 11
2 6
5 64
21 11
4 37
22 84
14 73
24 85
18 18
21 30
26 21
2 54
26 43
16 12
7 99
28 66
27 100
16 10
12 64
24 10
4 90
6 90
28 12
22 22
24 54
20 12
2 87
3 59
17 31
20 58
19 83
22 26
0 49
17 18
2 87
4 39
3 49
20 89
0 49
14 19
21 56
17 58
19 32
12 41
27 15
27 96
9 52
6 61
10 83
20 60
2 3
10 27
20 35
4 27
15 61
22 41
9 31
15 21
7 19
15 29
6 33
0 13
7 13
0 8
12 70
13 24
24 50
20 25
13 78
29 31
24 80
13 49
22 25
22 81
30 16
17 27
21 23
5 28
7 8
13 51
17 47
12 61
17 39
13 10
20 18
16 96
26 13
2 46
16 60
5 8
18 96
1 70
8 30
15 82
4 93
22 65
16 37
15 56
30 2
22 25
23 12
12 82
16 79
16 10
2 22
24 83
2 70
17 48
11 53
5 40
16 77
4 33
24 69
3 33
16 3
1 48
4 9
19 84
25 97
19 33
18 24
22 62
7 17
11 67
29 7
14 60
22 99
11 12
14 31
9 12
15 60
24 100
29 27
5 14
2 10
15 20
21 92
2 93
2 5
26 31
11 67
15 33
19 72
6 77
5 16
17 70
15 98
15 38
4 72
8 12
4 95
25 54
7 26
11 4
4 28
16 84
20 24
4 1
28 38
16 12
0 14
21 4
1 23
6 46
25 85
21 85
25 72
29 72
22 88
7 41
17 11
5 35
21 14
22 77
10 74
8 58
24 82
4 78
29 2
20 31
14 19
28 70
20 25
17 54
20 40
7 37
8 84
10 12
27 60
6 95
6 43
9 66
14 47
29 94
15 60
1 86
2 79
7 67
16 48
5 15
19 56
29 89
28 95
28 70
5 13
25 95
29 97
14 6
6 33
26 50
7 72
11 92
14 95
10 87
19 4
10 13
23 63
3 31
6 64
18 91
6 20
3 47
18 39
14 8
24 93
24 48
11 78
14 74
18 80
29 56
26 79
0 93
9 94
24 2
8 35
21 37
30 32
18 97
23 70
5 91
4 54
4 72
3 30
28 6
1 11
8 4
10 42
10 91
6 11
26 78
0 43
30 12
27 97
16 55
23 91
27 97
30 59
26 44
11 97
22 40
11 30
20 33
12 68
2 9
9 74
22 48
15 3
0 44
8 43
24 84
25 36
8 55
3 43
5 5
18 90
17 4
30 95
3 99
10 96
14 82
4 75
26 31
25 80
4 4
26 33
23 98
30 43
13 72
19 87
9 79
17 49
18 14
10 64
18 25
0 56
21 70
29 34
24 38
1 43
5 90
7 80
18 100
15 64
1 7
20 69
12 33
2 14
15 18
18 67
25 54
10 53
1 37
0 77
24 31
6 78
24 21
26 9
9 51
18 7
25 1
1 70
14 9
10 72
15 59
24 27
23 47
14 86
5 34
25 18
8 34
20 34
13 45
4 7
27 9
19 38
28 49
0 89
24 8
15 62
24 9
17 17
5 50
12 8
7 88
19 56
25 29
26 94
28 45
10 71
9 18
9 94
5 84
8 35
9 44
12 22
25 55
5 58
20 94
26 56
17 61
29 81
22 1
19 1
1 98
2 23
27 14
19 82
9 11
29 72
16 13
1 99
17 84
18 66
1 93
6 98
30 70
11 26
9 67
10 4
6 50
4 89
26 57
2 99
16 75
14 15
20 84
21 26
2 3
24 44
11 40
1 17
24 48
11 78
26 69
20 10
29 92
13 70
6 43
10 72
22 31
15 43
2 68
17 48
11 44
11 45
26 70
4 50
25 14
25 32
25 41
25 18
28 27
5 17
13 36
24 98
23 13
29 54
21 72
14 14
8 3
9 84
4 39
1 58
9 44
13 11
10 10
7 24
12 18
17 97
7 15
25 58
15 64
26 23
28 89
25 39
11 45
10 71
9 55
3 51
14 21
18 28
0 41
8 30
19 32
8 98
2 77
24 3
16 83
25 1
0 67
29 88
12 95
30 4
30 8
8 74
24 92
13 27
13 73
8 90
16 96
23 18
23 1
28 18
13 56
8 43
0 70
6 5
16 70
5 6
19 15
19 84
27 17
2 94
19 28
5 95
19 55
1 87
18 94
0 4
6 40
23 71
4 85
4 29
2 64
7 71
27 48
7 32
10 90
7 28
9 52
24 3
0 87
29 68
6 43
14 53
8 43
4 61
27 66
6 58
16 48
20 53
14 45
22 2
17 88
20 79
27 95
0 51
28 13
17 30
14 34
8 8
27 90
0 24
0 25
5 35
29 81
2 27
10 70
25 97
16 79
5 59
8 6
1 55
13 9
24 40
12 46
23 49
5 64
16 67
8 49
26 21
2 4
24 33
17 1
11 47
17 55
24 63
13 88
5 67
21 32
8 30
19 7
14 7
3 23
3 80
27 16
17 72
19 42
12 81
29 21
5 28
5 96
26 95
23 49
24 56
30 91
13 8
29 3
3 3
25 75
8 90
28 75
14 87
13 11
27 77
16 65
18 97
23 48
5 11
11 43
22 21
1 16
7 14
30 43
8 85
24 68
29 55
0 67
25 4
5 5
23 7
28 54
9 36
4 9
0 94
16 75
26 67
17 14
12 89
21 25
29 50
17 96
8 45
22 65
16 71
28 70
3 100
23 30
19 76
25 95
9 80
24 72
6 80
4 15
28 53
16 23
9 35
19 72
12 9
5 55
8 13
22 98
24 87
12 17
13 49
28 46
1 14
19 85
3 86
4 31
2 66
3 9
18 17
29 51
3 22
24 70
14 35
11 17
2 97
30 61
15 70
11 89
9 46
10 80
9 40
16 33
4 43
15 52
28 74
7 43
12 65
24 68
10 78
2 41
20 5
10 57
1 74
8 97
1 74
30 36
15 59
9 17
9 91
19 60
21 93
2 48
20 74
8 26
23 24
8 46
16 3
15 95
4 13
24 55
25 9
10 43
20 27
14 54
4 51
1 59
30 65
16 72
10 42
14 80
10 89
3 31
18 52
22 16
23 78
16 71
6 87
1 58
11 19
23 8
14 88
19 48
4 73
29 90
26 40
28 82
3 77
28 51
28 48
9 83
17 6
29 49
26 3
19 23
1 77
12 64
6 47
5 28
27 61
17 68
19 71
22 92
15 5
30 62
17 77
27 82
3 87
22 41
5 10
16 87
25 33
23 96
1 85
28 40
2 46
12 46
3 62
29 60
5 1
28 27
8 56
25 60
12 14
0 91
27 85
11 20
28 6
1 61
16 74
29 48
26 68
27 29
20 30
10 97
11 8
13 34
20 26
8 93
10 97
16 11
14 87
21 93
18 69
20 97
3 92
4 27
22 75
17 9
11 11
14 27
6 64
19 33
10 13
8 95
5 95
13 8
16 32
3 51
26 17
29 29
26 4
24 43
15 91
20 75
20 56
7 67
16 68
19 26
3 19
29 34
25 89
20 84
0 36
23 95
16 30
16 86
24 38
7 81
0 77
19 75
0 70
8 40
26 47
4 40
7 65
8 2
20 45
2 82
7 76
11 32
27 77
27 15
27 75
30 24
15 6
30 54
18 22
13 32
6 95
5 64
20 85
20 4
6 88
8 59
21 11
27 96
19 88
25 65
30 77
22 26
13 21
2 6
25 35
23 62
17 54
26 59
11 10
1 92
4 57
11 78
14 37
27 54
14 35
16 12
13 90
20 33
22 78
17 43
2 59
26 45
14 54
8 61
25 36
19 10
15 81
28 91
3 84
21 3
9 76
28 67
1 26
24 19
14 17
29 81
20 51
22 20
18 24
12 47
22 53
18 1
28 9
13 96
24 13
18 86
9 27
4 63
27 42
19 53
0 85
26 18
26 58
0 22
2 49
10 74
7 62
22 97
0 53
6 47
0 42
0 29
15 42
27 37
5 52
15 39
15 64
28 9
23 77
20 63
10 43
29 97
8 19
2 20
16 42
26 34
28 87
28 41
7 68
25 96
28 47
7 59
12 7
19 85
25 41
1 38
28 80
30 94
25 74
21 92
11 4
8 61
18 57
25 58
4 47
27 68
25 92
29 87
14 71
26 88
7 18
28 70
29 52
25 26
18 39
16 11
5 96
4 14
21 47
23 68
19 33
0 71
1 11
20 46
7 20
13 32
30 20
18 6
23 69
6 22
28 3
16 48
13 61
3 11
4 70
0 9
4 75
17 46
6 19
24 16
30 68
27 50
23 23
8 70
7 100
21 73
10 37
0 44
0 84
20 99
16 54
4 47
5 86
27 17
1 26
22 76
17 32
30 93
29 33
13 27
26 30
19 39
8 48
30 91
2 67
16 72
27 23
5 9
2 37
2 16
14 14
22 72
2 7
5 14
2 79
28 7
1 68
19 51
30 58
5 50
3 12
9 44
29 71
14 8
16 1
12 56
14 43
17 52
11 70
3 86
8 63
7 25
19 92
25 87
1 77
2 37
7 3
9 75
25 13
18 47
9 17
10 45
9 16
6 41
18 15
13 66
19 35
21 62
25 83
10 62
25 61
7 66
24 73
24 76
23 8
16 76
2 6
14 55
28 90
23 84
8 17
0 1
0 39
28 78
11 33
8 32
26 7
0 60
18 21
19 58
21 90
5 44
13 5
26 14
25 71
30 40
6 58
18 10
9 39
11 86
11 49
22 28
3 21
7 94
20 74
6 16
9 42
24 18
6 49
19 88
13 2
27 96
15 74
17 4
25 15
11 21
27 25
25 11
8 83
1 96
11 26
0 66
16 6
18 9
22 6
22 21
30 76
13 3
9 7
18 80
22 30
3 67
15 70
8 96
8 59
26 79
16 91
15 70
8 29
21 7
23 83
7 20
21 45
6 81
16 26
0 40
18 81
15 65
3 1
25 85
18 75
15 82
13 91
23 16
3 37
26 43
23 64
22 3
20 5
10 91
27 38
16 16
1 13
28 68
22 62
11 88
16 40
19 28
19 79
11 37
7 27
10 14
14 65
19 29
6 47
22 21
17 13
10 33
23 39
0 14
9 12
18 80
9 5
25 85
0 74
4 70
5 58
12 46
17 5
9 63
22 75
30 28
29 29
24 16
28 5
6 74
13 37
30 97
26 59
16 51
17 56
29 68
4 34
4 60
30 61
5 58
14 66
10 70
15 13
9 15
24 29
30 48
20 18
0 33
13 89
9 9
26 29
29 16
24 83
28 32
29 26
9 98
1 27
9 35
9 10
24 79
16 42
5 97
9 7
5 1
12 65
30 31
14 4
26 13
12 71
28 5
16 6
11 40
17 99
24 65
30 62
14 51
10 41
23 65
25 64
0 98
22 83
4 54
9 37
13 31
18 47
19 15
12 2
6 72
12 13
11 51
29 68
22 84
19 82
18 68
23 54
11 94
7 1
17 65
17 98
24 31
14 82
21 42
0 23
27 73
13 56
29 14
30 62
26 68
22 34
19 40
30 13
4 5
1 89
8 44
16 95
4 96
19 11
7 12
4 39
6 13
14 100
8 33
25 89
8 97
15 76
2 30
20 82
12 63
11 14
6 9
29 19
25 11
1 29
2 93
7 70
7 89
27 35
16 40
28 99
22 65
2 52
26 16
3 49
19 72
24 66
11 87
5 70
19 76
18 21
8 28
17 12
29 98
20 45
4 93
19 83
0 8
23 99
13 3
23 35
26 72
30 45
10 86
22 54
0 70
8 53
3 35
19 2
17 35
17 34
20 71
7 36
22 49
2 27
24 31
5 59
19 62
7 23
17 90
19 39
21 51
0 22
22 73
0 21
19 68
3 23
13 86
20 72
11 89
23 10
20 11
12 93
15 45
0 9
18 57
27 75
14 63
1 59
25 40
5 42
21 55
3 43
29 71
13 82
15 100
3 3
27 30
12 100
17 98
20 87
19 93
23 100
6 86
19 74
14 71
2 58
25 80
20 45
4 43
4 74
15 19
3 36
21 78
8 55
20 16
15 64
28 22
2 40
15 41
21 4
0 77
23 98
29 82
26 11
5 87
13 38
10 51
16 100
19 96
27 40
12 91
28 51
24 48
1 18
23 88
2 98
21 96
23 49
10 41
20 84
26 43
0 20
25 99
10 10
14 42
23 84
1 6
18 72
9 31
3 28
11 28
18 18
15 34
25 67
30 93
30 2
10 5
26 72
11 43
14 38
8 97
26 6
8 85
24 47
6 64
2 2
29 12
4 93
17 17
29 14
0 19
15 99
7 3
17 59
29 71
6 8
2 36
27 84
9 66
0 90
4 59
17 47
21 25
3 20
0 61
26 19
28 36
0 50
29 92
28 21
4 47
22 97
0 78
5 17
10 23
13 41
29 24
7 12
0 24
29 72
20 68
12 13
28 37
1 24
26 65
5 28
17 56
11 60
3 37
13 100
12 22
29 91
29 9
4 1
28 11
11 81
28 61
12 4
8 36
16 33
12 96
22 9
2 56
12 84
7 64
13 75
12 90
12 48
11 60
6 58
28 89
10 19
12 39
22 83
11 26
8 60
23 75
0 69
26 84
4 37
29 83
18 22
30 13
10 15
4 100
5 73
21 68
18 34
12 23
22 25
8 96
3 72
29 25
8 13
23 58
11 5
10 56
10 90
11 73
22 27
8 50
15 39
19 34
18 99
7 9
2 24
5 89
14 8
4 39
16 74
4 29
6 43
25 6
28 37
3 18
29 92
16 37
10 1
11 92
5 83
16 100
7 65
17 40
15 36
17 12
5 41
7 9
27 54
18 33
1 98
6 33
1 27
26 23
6 21
4 90
13 5
18 97
8 58
0 1
11 60
25 74
5 61
28 76
15 7
6 47
27 84
6 5
9 35
24 36
1 17
18 43
21 20
18 6
23 36
9 22
29 73
14 24
2 62
25 38
28 56
13 3
26 100
4 45
7 27
24 32
24 89
16 64
29 97
30 13
30 26
27 15
11 73
7 66
26 46
20 25
30 28
25 17
2 11
12 35
25 40
11 41
15 100
25 1
13 50
20 25
5 53
12 16
24 16
11 17
5 59
30 52
5 44
19 51
30 64
8 61
29 60
27 79
4 79
30 5
26 38
18 51
13 46
30 56
29 47
10 87
1 31
2 80
0 58
6 77
8 28
13 40
9 18
29 74
19 29
20 3
3 79
0 31
13 63
0 38
17 18
25 17
27 3
23 53
21 82
17 24
1 36
25 10
1 55
29 18
28 18
6 48
1 13
17 64
28 65
18 58
3 69
10 44
21 33
18 4
30 61
19 2
5 13
29 43
17 86
19 49
11 94
19 27
2 17
13 41
20 72
14 66
15 38
28 19
0 99
15 94
14 36
7 52
5 22
16 89
8 67
21 72
7 81
8 9
10 19
6 96
24 41
24 100
9 37
25 45
12 79
2 9
25 39
27 42
23 29
7 88
8 85
6 2
25 18
27 98
13 57
27 40
19 3
28 17
6 39
8 67
2 76
8 29
4 42
1 88
4 67
1 13
18 99
27 27
25 100
6 47
3 37
8 47
18 10
0 30
24 84
21 27
4 72
12 96
11 91
26 52
16 6
16 73
18 35
24 20
28 64
28 23
5 43
27 9
27 20
25 98
15 18
25 35
1 59
17 34
29 58
26 21
15 4
12 4
30 63
8 61
10 28
3 67
3 77
23 60
13 20
15 44
5 49
15 58
28 44
16 98
6 75
11 19
16 61
24 73
17 64
6 82
22 64
0 86
10 11
18 32
16 91
6 68
26 70
26 69
22 50
4 95
6 83
8 52
29 94
20 85
26 27
19 44
13 17
14 33
19 59
20 57
12 43
29 40
24 66
22 8
3 21
4 47
26 51
2 18
9 72
5 100
22 4
21 86
16 63
9 49
29 59
27 19
20 38
20 62
11 40
24 64
2 60
1 90
21 34
6 99
26 61
9 29
29 49
4 4
28 82
3 74
29 19
23 8
17 42
0 76
23 63
3 64
13 80
23 29
22 1
8 43
29 62
30 19
19 46
5 54
8 27
16 66
30 90
16 20
22 59
24 8
9 53
8 75
6 16
11 78
17 68
9 88
4 57
29 50
16 12
28 6
23 57
25 46
25 46
24 85
0 17
6 81
14 84
14 33
1 44
16 97
9 38
2 14
25 22
3 54
30 31
22 10
8 80
24 23
14 5
2 25
5 89
20 25
2 16
16 55
1 23
5 34
4 23
17 44
2 21
19 18
28 2
2 41
4 94
29 26
17 88
9 79
19 16
4 15
14 57
11 21
6 59
23 38
26 33
11 57
19 57
2 57
17 90
14 40
27 47
10 20
28 37
13 22
4 57
26 46
25 15
17 83
10 27
0 71
6 83
28 10
20 86
5 85
21 16
5 45
26 46
16 55
22 40
11 22
22 94
7 96
12 80
8 62
3 58
5 39
7 2
15 44
1 28
8 72
18 80
22 27
15 55
2 81
5 22
20 40
19 72
19 70
28 22
23 66
27 48
17 57
16 29
25 100
30 7
29 86
18 79
10 12
2 49
18 58
22 3
26 82
9 83
14 9
11 99
8 46
30 5
8 35
25 73
30 31
4 8
8 13
29 100
10 4
24 95
28 29
26 33
11 96
4 50
30 83
7 7
10 43
13 53
24 83
10 61
16 71
27 82
2 7
18 55
7 74
0 46
25 2
29 39
28 96
18 70
14 57
11 30
17 64
25 97
28 51
3 81
14 49
3 88
14 38
24 25
23 60
26 34
16 33
25 33
12 89
15 14
0 42
9 91
20 63
22 22
26 24
16 1
8 98
12 86
9 24
14 1
26 38
3 24
21 64
15 84
3 62
3 51
21 23
3 39
14 73
15 47
20 21
21 2
12 55
19 32
29 36
20 56
6 47
4 25
30 80
20 75
16 62
15 72
16 84
4 26
29 38
18 31
22 72
1 27
24 52
3 91
20 72
14 71
10 8
11 78
6 7
22 26
17 94
23 55
20 31
8 94
6 77
6 79
5 74
12 72
2 6
15 52
29 75
10 72
29 50
9 51
18 55
15 94
22 77
10 80
19 16
20 43
12 16
22 9
13 4
6 40
20 20
3 43
28 5
16 69
27 90
4 18
11 55
20 13
21 12
13 98
19 31
25 40
2 89
4 21
9 31
24 42
24 13
18 80
15 7
2 85
27 9
18 54
4 14
15 15
3 52
4 20
26 1
15 42
20 43
11 66
0 7
16 34
12 3
20 10
3 12
17 15
20 42
5 11
28 80
10 8
14 36
13 54
18 62
27 45
13 40
26 24
18 27
20 61
30 33
4 98
16 72
30 60
20 61
25 98
5 85
9 55
24 59
3 24
3 48
23 29
13 85
30 31
10 88
10 35
7 49
4 81
4 88
3 42
10 65
6 32
5 24
7 31
18 38
23 23
10 59
19 55
4 87
10 72
16 78
14 99
17 72
21 34
22 94
26 60
23 49
9 17
4 24
0 93
3 35
29 19
12 96
29 76
16 92
9 84
24 71
14 71
4 39
3 47
20 78
6 73
23 93
25 78
4 12
29 72
16 49
24 4
27 93
27 40
17 36
26 23
5 46
16 30
25 41
0 73
15 69
21 93
28 46
2 9
14 4
28 46
11 20
7 19
8 90
15 98
22 60
24 19
30 21
11 5
7 16
23 19
28 89
15 100
2 57
22 13
29 48
11 48
7 17
29 95
19 19
17 98
1 46
7 13
27 19
25 84
30 69
20 76
1 88
0 29
6 64
18 44
30 52
30 79
0 98
18 13
27 39
15 61
18 28
5 19
16 40
29 14
15 57
3 44
18 66
26 71
1 89
30 72
17 90
4 69
23 86
10 95
1 62
24 33
16 84
18 49
1 78
18 31
15 71
13 76
28 90
2 25
27 61
29 5
10 82
14 20
30 71
17 50
7 32
2 82
24 54
11 89
26 7
4 46
15 68
14 88
1 29
10 41
14 89
26 82
27 77
4 49
12 46
5 44
6 33
30 6
4 64
1 73
17 72
3 64
17 69
21 90
14 24
5 19
22 13
28 78
7 18
13 73
11 40
14 99
27 12
17 59
4 64
29 4
28 32
3 52
2 32
25 20
12 56
9 47
7 76
10 2
29 32
25 41
30 25
28 36
30 52
7 3
6 38
25 64
18 18
6 36
9 13
11 90
8 99
6 76
13 19
22 63
28 70
25 64
30 96
20 29
28 88
6 36
7 66
6 75
3 30
9 30
5 60
16 49
7 54
27 21
13 2
25 20
21 79
9 13
23 77
13 29
27 63
2 70
26 65
20 9
12 20
19 73
12 8
9 47
5 59
8 41
17 70
4 70
13 93
27 91
24 14
12 13
9 32
30 51
7 30
14 100
0 26
16 79
2 39
19 3
15 30
3 62
1 12
29 95
6 23
6 60
18 17
7 69
5 51
18 56
0 50
19 66
1 23
23 19
23 33
5 37
5 4
24 47
5 23
25 84
17 33
28 47
16 1
10 22
24 30
3 32
19 91
18 60
19 32
2 95
2 6
9 30
18 5
7 74
26 93
18 32
8 63
30 64
3 70
22 34
1 96
12 40
26 1
0 40
13 89
24 81
11 9
17 41
27 77
19 49
19 5
6 25
7 70
4 78
30 6
11 69
16 16
28 9
13 93
23 39
10 29
9 24
17 31
11 15
16 75
30 86
0 35
0 98
26 93
30 54
4 50
30 80
7 21
6 68
19 84
22 90
17 26
0 74
18 62
16 20
6 63
14 94
13 62
6 71
20 77
4 33
26 64
25 10
6 76
20 42
16 95
13 33
5 57
6 68
30 1
26 48
19 29
27 74
28 60
10 74
7 19
5 44
20 11
17 52
18 80
25 93
12 30
4 24
5 52
18 54
20 5
14 50
18 64
18 33
3 16
23 30
13 40
4 23
9 12
8 38
25 81
8 56
5 34
18 16
6 15
10 100
10 53
30 12
14 73
12 21
23 5
8 57
20 40
22 56
24 48
12 44
11 76
18 31
13 57
1 18
12 18
21 29
20 73
24 35
4 99
15 84
25 1
13 96
30 62
27 49
3 9
1 22
27 18
23 25
10 33
0 10
14 98
27 27
10 23
25 98
13 21
24 5
9 81
20 86
18 79
12 2
28 72
24 99
10 46
16 53
17 93
26 44
19 4
30 78
15 63
5 75
7 90
27 100
11 11
28 21
3 15
8 30
19 32
29 75
1 14
8 50
0 27
27 96
30 85
8 85
10 37
16 58
23 47
2 78
15 49
30 25
8 76
8 44
28 85
11 85
20 83
13 17
3 40
29 44
12 15
3 78
30 25
26 57
25 54
0 36
28 97
30 20
27 51
4 11
7 62
22 27
12 22
29 68
27 28
9 5
7 51
23 94
19 47
27 91
18 52
21 17
30 3
25 22
3 60
28 65
18 55
7 74
20 13
10 79
10 80
7 38
16 3
15 67
6 94
22 19
20 81
11 8
24 2
13 11
3 2
9 29
7 42
20 88
18 13
16 22
26 7
6 34
22 86
0 35
14 31
25 35
9 16
5 22
30 47
15 31
26 22
4 84
28 93
25 57
21 73
1 8
28 26
1 48
12 6
10 59
13 70
3 21
23 25
3 15
5 30
28 79
8 27
16 28
9 2
25 47
2 76
5 6
18 25
0 96
6 11
17 44
26 28
10 80
10 87
2 97
13 88
5 30
8 85
3 85
0 42
27 69
29 51
23 7
3 76
5 99
23 75
28 18
28 67
2 68
7 15
29 59
0 26
14 40
23 29
23 39
11 89
30 29
18 54
21 24
15 98
7 8
7 90
6 89
9 22
19 99
10 31
23 27
3 44
1 85
6 61
29 67
20 80
12 6
15 78
15 8
26 33
27 82
30 50
9 14
1 99
29 45
24 1
5 15
14 21
16 77
5 38
24 11
5 44
12 57
17 92
21 66
0 1
29 20
3 63
2 70
25 69
0 60
5 37
15 73
11 17
15 34
0 85
2 98
7 43
22 84
24 29
6 69
22 28
17 25
25 7
30 98
12 68
26 82
9 100
5 62
11 86
23 28
1 27
6 5
27 34
15 94
29 78
7 76
13 75
6 8
9 81
21 80
11 78
24 89
30 70
20 92
23 1
19 38
22 98
12 50
23 81
7 51
0 79
25 29
9 71
27 22
28 57
1 53
10 67
19 62
2 63
29 79
30 76
7 13
6 68
7 54
1 54
3 76
26 56
16 48
17 27
4 11
14 28
10 52
14 40
6 22
0 93
11 15
2 34
6 35
7 20
20 84
23 52
22 92
5 23
17 31
8 8
16 8
15 35
28 63
14 47
29 14
7 79
23 17
25 70
25 96
3 22
27 11
11 91
2 51
19 94
12 53
18 84
14 23
23 92
1 75
9 64
3 27
16 9
8 57
27 47
20 93
25 66
28 84
21 67
17 30
10 97
28 42
29 45
6 94
13 5
15 67
13 89
8 71
13 13
10 9
20 44
30 1
12 77
22 17
2 60
28 76
23 28
25 64
4 69
23 20
18 9
3 91
11 39
16 42
24 70
29 40
2 95
28 52
6 28
5 57
11 22
22 97
3 54
25 8
19 45
25 28
3 91
13 4
14 100
30 24
4 68
26 44
15 78
1 97
24 93
15 70
24 70
25 48
3 2
26 29
23 20
16 8
25 2
2 25
4 84
7 32
30 27
26 7
28 64
9 44
16 1
26 61
28 12
27 60
23 76
18 69
6 78
23 32
5 4
26 68
7 62
19 57
25 4
18 87
28 41
21 70
18 37
14 29
8 14
15 35
21 5
18 70
23 73
16 31
10 38
10 79
9 34
1 68
21 70
19 28
21 40
19 73
20 25
30 11
7 99
21 75
24 74
2 17
10 11
27 88
14 34
22 18
6 71
11 25
11 39
15 54
20 56
17 99
28 24
12 3
27 17
0 72
17 46
18 8
29 2
30 4
10 84
1 84
1 83
17 56
8 22
1 44
4 86
3 64
23 90
12 80
0 77
17 13
25 22
7 27
26 23
11 6
30 52
19 92
25 28
17 54
23 93
8 16
28 72
30 35
1 12
25 29
14 3
26 85
15 19
14 23
30 37
3 62
13 99
30 65
5 49
11 50
1 17
2 29
11 73
24 20
2 93
13 79
0 3
22 29
4 58
11 8
16 60
21 24
21 54
14 27
29 82
16 94
13 85
24 95
1 59
2 94
22 7
1 11
19 26
18 63
14 87
13 49
16 71
11 81
18 96
0 90
17 13
28 26
3 90
5 9
23 50
14 63
30 82
24 63
13 33
0 52
10 70
10 92
27 94
4 42
29 15
2 95
9 58
7 67
8 55
6 39
21 95
5 31
26 59
27 45
5 27
6 71
7 36
12 12
11 8
3 63
6 16
28 12
20 66
17 96
23 23
9 48
11 34
3 20
1 89
27 61
19 3
0 80
9 18
22 47
18 15
6 64
27 100
12 80
22 48
27 89
12 38
25 39
9 4
10 45
20 53
27 25
18 37
9 50
18 55
12 82
20 34
25 90
12 1
7 4
21 2
23 22
3 79
5 70
4 73
0 24
12 78
7 16
1 81
11 5
16 24
24 74
12 39
1 72
7 31
20 76
0 72
7 21
25 30
17 54
9 41
30 66
13 51
26 65
19 100
8 63
25 24
10 44
10 82
4 96
30 52
3 62
28 18
20 28
17 52
5 67
21 70
9 96
21 71
5 14
27 85
0 5
29 10
3 34
11 89
7 40
27 18
12 8
28 22
27 22
28 41
20 2
22 16
23 35
11 8
10 76
6 66
12 58
0 30
2 24
23 87
26 93
12 1
24 79
3 18
29 20
11 42
20 41
3 55
3 41
29 39
12 98
1 9
21 73
27 88
12 92
9 2
22 51
9 21
27 60
8 26
22 94
0 52
12 53
2 82
5 11
29 85
11 44
30 23
24 66
9 95
1 20
15 60
21 49
4 29
2 26
17 37
30 15
28 10
14 40
26 55
9 91
16 81
12 67
2 43
3 54
6 73
19 37
10 51
3 27
1 55
2 53
25 2
24 87
22 37
4 25
6 69
8 45
30 29
19 89
3 35
5 76
29 86
1 35
10 20
30 81
10 75
27 66
22 73
26 12
9 58
4 94
23 5
12 12
17 30
25 72
13 41
6 37
10 85
6 31
5 28
27 23
15 53
20 37
25 38
28 46
30 5
13 40
20 23
0 81
26 10
1 24
5 41
8 57
4 51
15 6
20 21
2 7
5 58
22 14
23 56
28 34
2 20
25 16
20 72
7 72
17 77
9 77
29 47
9 24
25 27
8 80
24 30
25 86
17 6
2 2
14 49
17 2
20 89
3 97
21 79
16 15
5 16
10 96
4 24
6 52
1 71
14 47
20 56
7 94
17 62
12 15
30 43
28 65
1 10
11 13
22 78
0 10
7 85
20 60
27 94
30 60
18 43
28 91
26 37
8 25
0 53
28 20
18 47
28 79
30 33
24 19
12 55
15 4
25 77
5 20
25 50
0 32
30 16
26 25
16 18
26 38
2 25
17 41
27 78
7 14
6 85
29 84
19 75
21 81
17 94
1 24
8 5
17 76
19 12
19 28
23 89
25 37
19 95
8 39
1 71
8 29
24 43
8 57
18 14
27 94
18 100
8 36
6 77
28 26
29 76
21 58
9 77
10 60
4 11
20 40
12 43
19 27
24 33
14 77
25 14
12 100
5 26
0 40
28 53
18 83
13 4
3 70
15 45
25 97
5 12
3 82
23 26
25 68
21 24
20 28
11 82
1 10
2 58
0 85
15 8
13 1
8 82
2 20
27 18
1 97
8 67
29 24
11 51
30 93
23 53
24 7
28 52
8 13
7 25
3 35
13 85
24 44
23 100
7 80
29 89
13 74
6 21
13 28
10 6
16 66
29 73
22 84
15 61
2 22
26 69
11 13
11 29
22 55
1 57
27 37
13 91
23 28
19 39
11 100
2 76
8 75
7 93
6 73
8 31
13 94
2 45
23 67
12 12
24 4
30 94
9 37
7 27
29 66
10 92
4 4
24 2
30 43
19 34
28 77
3 66
25 53
4 29
8 72
22 25
3 77
29 67
25 51
9 46
26 60
19 96
22 8
8 46
6 91
14 32
10 84
20 28
17 22
8 69
30 89
11 54
22 22
13 11
17 74
18 43
9 58
7 35
16 30
23 3
25 65
17 31
22 59
3 92
0 7
1 58
26 56
2 55
5 93
24 71
20 95
27 80
1 36
5 26
0 22
12 82
19 84
24 94
18 71
17 37
15 94
0 40
7 80
3 92
12 99
11 2
29 62
26 99
12 13
11 28
14 50
17 87
13 69
11 31
16 52
23 26
30 38
15 87
3 34
26 52
14 80
25 51
6 9
13 80
9 50
20 14
12 89
13 22
11 55
30 93
28 95
18 52
22 79
26 13
24 18
11 25
14 7
25 17
12 36
3 39
17 40
12 99
18 95
8 95
1 12
8 24
6 26
15 91
4 54
27 80
6 99
23 27
7 88
14 75
21 42
7 59
18 55
21 42
9 54
8 76
10 63
5 54
3 91
20 77
16 41
0 20
20 11
15 21
19 64
29 33
10 97
27 27
20 5
28 30
23 52
11 24
6 11
21 22
7 54
7 65
27 44
25 97
24 29
30 83
19 51
2 69
13 6
26 74
20 78
22 17
1 44
3 12
6 100
14 69
14 21
9 34
7 85
5 12
8 6
25 13
24 92
20 67
27 40
1 89
4 42
19 49
19 25
3 61
19 38
29 88
13 15
10 57
2 42
13 45
7 63
7 96
10 15
11 36
16 78
0 86
29 55
9 33
21 73
4 32
12 20
27 10
22 3
25 33
24 20
1 7
30 12
16 64
12 65
23 21
6 27
16 89
4 39
29 66
22 12
8 55
15 25
16 96
5 44
27 21
28 95
18 25
8 47
4 74
19 85
6 95
24 6
25 72
13 41
21 84
12 100
11 41
16 74
13 83
30 36
22 50
30 88
21 74
21 100
2 23
19 7
27 90
24 18
3 59
11 6
25 40
11 38
5 44
16 75
2 20
14 99
16 40
29 72
29 52
21 71
26 64
19 70
11 11
22 23
12 53
5 28
9 56
20 23
18 30
17 33
28 71
28 40
21 51
17 93
25 66
9 13
15 36
20 81
27 89
2 79
23 35
4 56
15 51
23 13
15 83
14 6
23 52
23 24
1 20
25 18
17 40
30 64
25 82
7 6
1 4
21 37
28 25
0 36
11 95
28 93
5 41
17 98
7 49
11 95
16 71
1 9
19 97
17 4
8 66
13 68
8 44
6 50
0 10
14 82
14 31
2 12
11 44
4 66
13 56
17 47
4 2
17 70
28 25
26 83
17 16
16 27
19 66
17 84
3 99
0 6
20 15
1 18
30 18
21 73
12 25
24 15
19 31
27 86
16 87
30 23
12 47
12 83
5 68
10 16
27 6
14 48
4 27
12 28
12 90
16 62
18 4
0 15
0 31
12 52
24 23
21 9
4 61
2 80
6 28
12 58
16 74
4 97
17 7
19 56
17 87
11 9
24 84
30 59
5 89
1 24
5 1
1 3
3 31
0 44
22 15
22 5
3 94
13 57
18 44
16 56
14 54
0 18
28 27
24 8
17 67
26 51
29 51
21 27
14 2
14 84
11 30
13 25
20 65
29 16
28 49
23 75
20 65
2 66
8 79
14 47
18 79
3 80
3 93
11 65
22 43
26 87
13 84
22 13
19 58
14 7
17 100
15 25
16 51
6 85
20 36
14 51
2 45
0 23
13 16
9 41
12 55
24 37
25 39
6 28
9 67
19 75
1 44
8 85
4 66
8 44
28 23
7 39
9 4
18 78
18 63
28 100
9 36
15 77
9 54
20 62
29 40
20 84
24 52
9 46
3 57
10 27
7 58
11 34
10 30
17 40
15 42
6 87
27 87
26 97
22 31
12 94
3 19
23 47
21 81
26 24
7 43
24 72
2 39
10 87
15 46
28 77
14 58
2 36
7 77
26 41
18 29
15 77
5 12
15 54
26 83
15 41
13 69
1 37
20 84
18 89
15 21
23 24
0 54
4 2
2 26
14 40
9 21
5 83
30 5
29 47
27 70
9 51
4 30
19 53
23 11
25 98
28 92
18 97
26 96
25 47
9 54
6 100
25 98
7 71
1 6
7 50
5 8
22 90
19 72
7 60
29 21
25 63
17 71
12 18
14 23
0 16
29 56
4 34
24 52
23 25
9 55
23 97
5 27
25 24
25 45
10 87
10 23
2 90
1 86
13 66
8 85
5 54
29 80
23 41
21 64
17 99
15 80
11 86
17 16
4 92
28 66
25 73
17 74
30 45
19 66
11 85
15 60
7 100
24 17
27 84
20 46
26 26
23 38
16 92
23 84
9 70
3 24
14 23
17 69
29 11
23 17
5 69
26 63
7 23
1 34
30 79
13 94
6 45
16 92
3 16
4 66
17 93
24 4
29 73
4 69
25 100
8 28
5 59
11 9
22 81
20 1
17 65
19 25
30 77
19 31
19 32
26 67
1 46
3 20
17 42
24 14
1 41
23 47
3 6
0 93
7 23
24 54
16 22
0 78
0 14
14 21
14 25
16 24
13 69
19 83
5 45
12 86
18 35
27 52
21 50
19 5
8 97
17 55
21 32
16 33
17 79
1 25
2 16
25 85
23 41
2 99
25 62
24 66
16 35
24 57
20 6
11 18
13 77
9 79
11 19
18 78
4 31
23 76
30 73
18 21
30 39
13 56
25 41
18 61
27 89
22 19
22 6
8 59
12 37
12 19
15 2
21 62
2 47
30 48
17 74
14 96
16 95
7 17
4 37
3 75
16 63
4 57
20 48
16 97
10 79
3 1
27 70
18 91
4 32
24 68
21 47
7 63
8 63
20 92
20 73
12 46
1 97
19 89
25 34
19 24
18 58
7 40
27 82
20 45
4 12
10 2
4 77
29 49
10 62
20 17
17 91
18 50
21 53
6 4
6 42
19 88
0 28
9 3
28 28
10 61
16 47
17 84
18 69
24 44
21 23
1 85
15 4
25 31
15 12
8 1
16 8
30 55
22 12
5 79
30 4
4 59
11 7
13 59
24 29
9 54
6 13
13 13
22 62
12 55
29 5
3 90
25 7
18 64
20 52
27 80
27 41
21 93
29 69
17 40
15 43
6 53
7 54
13 54
14 34
19 37
12 6
5 30
14 87
1 8
24 93
17 19
23 18
8 35
20 85
22 31
9 91
21 2
25 78
17 94
21 76
12 79
16 80
10 96
6 2
0 31
5 6
11 46
9 51
23 5
14 3
25 3
18 14
24 100
16 54
16 27
8 26
22 23
12 43
15 24
12 70
19 18
3 15
18 97
12 63
19 79
28 47
0 8
18 36
29 69
8 16
12 74
18 39
22 93
11 90
22 86
9 31
21 5
10 32
20 84
21 61
27 32
21 83
19 25
26 46
26 54
13 63
16 81
15 52
15 68
27 59
27 89
25 73
26 41
2 68
4 21
18 4
27 59
14 91
7 77
15 71
1 76
5 25
23 57
8 31
15 4
0 84
21 51
23 30
5 14
24 70
16 73
29 68
20 78
3 46
27 97
22 39
10 8
3 76
6 94
3 84
9 78
7 26
19 78
21 73
22 28
13 58
20 80
8 84
7 38
10 13
23 96
9 68
25 100
10 19
28 47
4 2
7 73
7 60
4 29
11 92
16 75
7 85
16 15
25 79
17 60
24 62
30 11
8 46
5 6
5 50
10 65
1 15
9 95
1 72
25 20
8 7
21 95
7 7
29 69
19 99
14 87
9 50
20 95
14 75
24 78
24 88
9 56
10 11
4 93
15 50
22 69
30 81
23 41
6 44
3 91
29 95
6 4
3 29
30 3
12 60
0 5
27 1
2 97
25 43
20 7
27 58
6 45
22 36
13 86
17 10
4 12
14 55
28 34
23 73
2 45
17 95
20 86
17 6
29 2
26 19
3 81
30 80
23 48
30 69
6 7
5 52
26 4
12 65
7 16
25 79
24 91
11 36
20 56
10 58
17 67
29 22
17 71
23 4
19 70
20 49
21 49
21 51
29 61
13 2
17 83
15 54
4 11
14 90
8 27
15 47
26 27
16 91
30 32
20 55
11 49
12 80
19 33
5 97
8 70
29 7
16 31
8 72
5 84
30 81
10 77
18 37
0 58
21 40
9 85
8 62
9 34
3 29
28 92
20 20
2 99
0 87
14 19
21 6
2 98
1 86
0 15
6 79
19 32
5 3
6 27
5 89
22 15
10 46
27 17
25 24
5 44
11 99
4 74
0 50
22 71
11 31
26 22
18 9
21 23
12 68
7 32
5 88
30 86
18 30
0 97
1 71
26 49
1 4
17 85
5 67
14 70
21 99
29 3
3 59
27 97
13 92
26 64
13 11
10 77
13 32
17 21
23 83
20 91
12 63
14 2
17 96
0 89
2 95
12 34
6 83
18 42
2 48
10 56
20 26
14 47
9 98
16 19
28 70
13 84
15 31
13 9
11 69
24 82
18 92
9 94
5 66
4 8
17 86
21 3
20 34
22 59
8 83
29 53
17 29
4 77
25 81
10 43
11 15
26 12
11 10
3 63
25 30
10 71
19 96
22 4
0 94
30 17
12 59
23 42
6 80
5 28
3 66
18 78
30 51
28 33
2 83
14 36
14 37
17 6
6 61
1 11
2 73
10 92
3 65
17 5
2 43
7 84
18 73
22 88
19 53
28 54
27 19
19 78
28 37
26 92
21 63
18 88
13 51
26 38
1 5
16 4
29 19
17 16
13 45
23 62
18 67
27 32
17 23
18 93
0 16
24 96
30 90
5 61
27 58
7 53
14 34
2 15
3 93
26 15
9 40
8 90
7 68
8 39
2 12
26 41
2 90
23 57
23 40
6 20
3 20
5 9
29 1
18 30
3 15
8 13
21 28
5 30
3 64
4 43
25 9
18 40
14 22
13 73
23 38
22 71
29 11
15 95
20 6
21 16
7 63
25 36
8 92
14 67
29 34
28 4
4 98
13 36
10 93
17 76
2 72
26 11
8 15
9 82
9 64
19 88
23 41
29 51
8 44
20 61
28 91
1 4
26 85
6 98
0 1
5 36
14 69
17 47
10 35
16 46
1 1
29 71
15 59
21 14
6 33
9 9
25 61
11 62
7 91
29 10
25 97
8 43
14 41
28 40
20 43
12 20
14 77
23 45
17 72
9 17
28 63
22 21
18 44
1 91
15 16
7 50
4 61
13 19
2 11
28 29
17 31
9 81
5 4
24 46
13 98
10 64
6 76
4 33
0 27
10 65
1 31
11 87
21 67
23 3
6 87
5 31
2 54
28 17
23 9
2 83
3 88
0 47
30 88
14 58
2 71
19 62
12 100
27 4
24 94
18 47
19 32
28 95
18 67
5 28
29 74
19 23
21 55
1 59
11 11
0 8
7 86
6 25
9 71
29 19
0 53
15 13
0 32
19 66
7 77
15 76
9 64
11 62
15 17
26 96
24 17
17 53
0 97
4 75
25 35
21 62
9 97
11 34
29 96
2 29
21 74
29 11
13 85
16 51
9 3
10 20
24 11
6 13
2 99
6 22
1 53
7 45
22 30
30 67
28 11
17 72
18 35
26 59
15 22
14 16
19 91
21 89
13 13
22 27
10 79
18 94
19 42
21 44
14 20
19 13
17 3
1 43
14 72
26 81
12 38
14 49
19 77
30 92
3 30
15 69
21 84
7 76
27 43
22 99
30 85
2 75
23 25
8 70
15 28
25 63
29 22
9 71
13 76
29 9
14 1
23 63
29 91
6 2
14 8
11 11
27 27
23 95
19 34
18 78
27 91
23 18
22 94
10 58
6 66
17 58
2 79
17 37
27 15
4 5
3 57
22 10
5 100
13 64
24 65
10 99
25 93
19 86
2 51
20 40
2 27
22 92
28 57
10 27
25 80
11 10
28 26
17 8
7 38
30 88
30 96
5 89
28 72
17 22
27 79
15 78
17 64
24 49
19 29
2 97
9 99
7 75
26 12
20 18
10 25
27 7
24 69
20 21
13 50
16 58
15 45
25 49
2 22
26 3
2 77
10 54
15 27
4 14
6 88
15 92
6 55
26 34
11 42
3 36
0 5
12 66
19 73
13 79
9 2
13 36
17 42
3 13
8 91
18 11
29 40
27 22
13 51
19 43
4 16
5 43
12 65
1 35
13 66
3 27
29 56
28 100
18 99
7 93
24 67
23 67
21 75
23 6
22 31
27 59
30 30
17 60
19 30
5 58
18 29
30 26
21 53
22 66
19 31
19 28
11 69
20 39
5 2
25 44
4 49
2 31
12 61
12 29
25 50
5 85
30 9
0 14
10 75
20 63
30 51
26 34
12 76
10 67
17 51
5 91
24 69
29 4
7 75
16 51
4 7
20 58
15 54
5 17
30 8
22 86
2 100
29 33
20 72
11 74
24 72
7 88
25 60
18 78
5 77
4 50
8 43
27 18
14 92
5 100
5 96
26 17
8 13
22 7
26 51
12 59
17 27
23 94
16 28
13 81
16 35
19 31
22 99
22 95
5 88
8 77
23 18
7 4
2 54
18 93
3 20
1 12
14 92
4 70
1 92
14 63
1 30
30 54
23 44
12 78
1 8
3 57
4 97
15 8
28 11
22 100
15 58
23 53
28 88
22 17
24 19
17 60
30 13
7 91
24 56
26 100
0 32
1 10
12 65
4 92
28 99
12 21
11 96
11 66
20 8
18 78
20 54
19 49
3 34
19 96
29 87
23 81
17 51
27 64
2 36
20 36
27 24
3 59
6 55
5 90
30 79
3 91
18 6
24 99
16 6
11 72
18 37
10 6
0 52
18 80
29 84
5 24
30 31
9 23
13 19
16 10
7 31
23 22
24 13
30 71
20 66
29 54
3 20
12 18
29 79
14 59
24 77
19 85
17 36
15 66
18 29
15 75
16 29
5 92
16 1
30 6
30 75
8 39
30 85
18 15
25 76
28 36
12 43
9 1
26 57
29 31
17 92
20 97
30 96
16 85
27 5
13 9
11 71
20 14
24 16
19 81
5 13
20 74
16 72
21 57
19 57
24 24
2 46
28 87
14 2
4 95
0 12
29 97
1 52
20 68
22 30
6 75
27 92
11 33
21 1
1 22
15 52
26 97
30 36
15 86
1 48
27 52
13 35
7 51
6 9
8 48
0 38
25 2
12 83
0 47
27 61
29 40
29 85
16 3
10 42
1 10
18 39
25 52
20 12
22 22
13 85
30 79
15 55
3 37
29 23
20 88
24 31
16 4
20 92
14 88
0 14
13 34
4 12
30 4
22 88
4 27
15 86
16 72
4 88
16 30
10 42
11 91
22 60
24 13
20 63
25 59
15 75
14 57
29 4
14 85
15 57
5 59
24 13
9 73
29 32
18 78
2 5
10 15
22 55
0 56
24 5
26 99
15 18
8 45
13 67
10 38
21 83
4 19
10 70
14 49
19 9
7 89
21 62
8 25
28 71
10 42
26 81
17 63
14 44
24 12
13 42
2 87
2 71
0 95
12 53
18 83
5 50
12 66
1 4
11 93
17 34
19 80
23 31
16 52
23 91
26 61
5 79
22 9
14 98
22 52
6 80
3 14
2 33
26 39
5 18
13 33
27 9
20 39
13 31
9 85
10 2
17 12
8 99
9 21
10 92
25 4
7 51
26 41
23 1
27 42
12 10
10 95
17 6
15 100
23 81
4 54
8 67
19 3
5 77
28 84
26 32
6 16
17 5
23 30
23 94
6 58
2 50
5 87
16 79
21 2
11 44
23 92
15 49
13 16
7 82
18 89
30 98
3 27
20 4
10 71
23 31
9 5
20 32
18 52
28 6
29 85
6 75
10 19
11 2
7 90
8 100
16 45
8 87
16 77
21 3
2 44
24 15
1 68
25 53
15 97
6 98
5 97
29 8
21 73
23 85
12 40
13 79
10 58
15 79
16 74
30 13
27 94
24 49
10 31
11 77
30 41
29 95
11 74
25 93
20 12
3 71
23 18
10 17
14 44
23 85
13 38
29 12
15 79
29 74
0 39
2 75
28 15
27 54
22 84
27 77
13 53
7 90
26 1
1 26
7 81
10 82
7 98
22 28
29 67
9 11
11 6
22 48
3 1
9 98
13 28
4 12
26 5
7 41
6 15
19 85
18 56
14 47
24 67
8 4
15 5
7 61
26 8
6 75
4 39
25 43
17 2
8 3
25 71
12 36
29 30
1 88
20 6
0 83
8 37
25 93
27 93
16 66
22 18
6 40
20 39
3 47
30 76
4 20
23 48
5 55
7 95
10 72
0 7
27 97
13 94
24 13
30 83
10 71
12 97
6 99
30 85
17 71
21 11
24 27
8 52
21 81
23 83
19 31
18 39
4 80
15 23
20 9
9 64
0 8
10 9
6 7
27 13
0 12
5 78
18 84
27 17
3 48
4 83
9 79
27 92
25 37
13 56
4 1
1 9
18 74
7 80
10 71
21 100
10 43
16 53
3 41
0 29
15 52
7 67
25 58
21 81
1 19
23 26
16 42
9 2
5 3
2 29
19 74
4 55
26 34
24 44
26 100
9 56
20 7
29 38
16 85
5 61
14 50
12 57
7 15
23 82
1 95
19 100
25 90
5 11
21 75
11 11
11 33
6 98
25 98
10 29
11 52
4 16
3 86
6 84
24 38
26 52
13 65
17 27
11 52
18 59
11 64
9 45
6 71
28 94
5 63
27 43
19 95
9 13
8 80
3 18
28 73
17 21
26 85
29 95
25 8
5 77
5 35
0 83
14 19
11 26
1 63
15 40
12 85
8 27
30 1
16 54
21 69
16 9
21 95
9 33
24 51
5 58
5 9
5 48
8 94
2 55
15 19
30 45
0 78
17 92
4 43
27 80
13 65
1 70
2 28
5 77
30 29
6 9
19 37
13 77
25 84
26 2
24 43
20 59
28 91
5 86
21 1
16 37
19 10
4 37
24 5
22 26
29 68
21 56
29 2
7 77
4 86
9 32
10 39
14 73
7 9
6 98
12 73
20 68
16 69
6 51
28 33
27 68
1 71
2 4
15 8
0 52
22 12
17 88
25 93
16 59
29 97
16 66
11 31
1 69
14 39
23 34
19 83
28 23
23 27
12 5
10 66
4 1
11 52
15 67
8 3
12 29
14 4
11 74
15 55
15 32
8 35
7 32
28 91
16 69
13 72
26 2
27 71
12 83
25 12
15 2
13 38
0 81
29 41
24 8
13 4
16 6
28 29
27 86
7 38
20 47
29 41
8 48
26 24
19 70
3 7
19 66
19 20
14 53
19 97
18 17
14 8
10 10
0 40
26 2
0 50
22 11
3 18
9 39
16 25
6 51
30 3
14 68
28 12
30 76
19 46
30 67
28 17
15 18
5 88
15 39
19 3
0 42
5 74
4 43
0 5
14 70
30 84
12 36
28 4
2 7
1 21
16 22
20 61
3 93
1 72
25 18
8 15
1 59
25 29
11 63
18 47
17 77
15 96
6 48
23 27
10 38
17 82
6 91
3 56
26 66
18 76
8 20
10 24
18 5
2 14
7 1
11 67
27 5
1 93
15 10
9 8
29 48
20 41
26 95
23 45
4 13
1 19
2 83
19 21
17 70
16 90
24 86
19 80
20 87
15 82
14 31
21 52
9 49
14 56
20 57
0 64
17 6
24 60
22 12
17 99
8 25
30 86
1 14
14 89
21 31
28 38
17 4
10 10
3 77
13 55
25 22
2 90
13 71
4 22
2 96
5 18
3 31
14 26
17 5
23 61
30 22
7 33
13 53
9 43
30 56
23 62
12 8
24 45
25 58
16 79
17 45
6 3
5 33
1 53
24 44
6 9
13 5
22 39
16 4
7 86
20 69
17 91
7 69
28 11
2 23
27 51
8 62
27 95
26 35
27 31
0 59
29 25
1 2
12 61
14 85
25 80
24 93
30 44
16 69
8 98
18 8
23 9
16 80
28 7
9 25
3 44
5 90
24 48
22 49
24 58
7 13
14 87
14 84
9 36
6 39
2 33
25 95
13 47
17 37
1 60
10 75
1 8
12 89
18 28
18 10
5 37
1 48
5 55
6 14
10 94
7 87
6 73
2 88
19 22
26 94
13 77
5 19
14 49
8 68
15 30
25 51
29 90
25 11
21 20
2 84
12 89
12 16
12 46
15 92
16 31
25 87
2 45
5 69
5 98
22 77
18 82
18 97
21 45
2 55
23 36
6 95
2 49
24 9
18 3
24 92
6 33
4 29
6 45
15 22
19 34
22 30
1 44
17 14
21 91
22 40
16 42
2 32
7 54
23 66
11 49
4 100
5 7
12 87
10 15
25 1
28 14
2 86
21 72
30 30
9 58
25 67
2 89
13 6
15 8
22 87
23 33
26 4
12 85
9 3
22 24
4 8
4 69
8 42
26 67
27 55
22 79
5 19
23 40
2 62
17 9
24 39
20 70
27 81
23 31
5 31
15 35
0 59
16 80
16 72
6 19
11 57
13 17
12 12
9 20
10 91
29 84
18 92
1 38
3 39
21 35
0 68
2 83
21 12
8 30
13 16
4 90
26 94
3 94
29 20
2 61
28 71
20 9
15 81
23 61
1 56
4 2
0 2
24 81
10 11
0 10
2 72
27 10
14 66
1 97
6 82
9 22
24 33
30 8
19 65
2 100
27 33
27 27
28 15
9 70
5 3
29 16
27 11
9 91
27 16
20 95
0 91
21 28
6 79
1 28
26 72
25 65
3 90
12 67
28 5
13 9
15 57
3 30
23 92
9 64
25 24
7 53
28 61
2 68
15 54
2 84
5 98
28 77
16 13
19 76
21 36
10 20
18 49
19 9
3 87
6 20
23 26
16 49
30 30
24 65
30 19
22 57
8 77
20 54
4 73
8 40
21 36
16 90
0 77
19 17
2 92
2 66
4 95
23 77
27 46
14 74
28 87
2 81
6 88
0 83
4 43
25 74
2 22
27 65
21 100
21 63
28 34
9 98
6 60
15 18
16 22
9 62
6 36
10 81
5 60
29 75
5 30
26 96
16 8
1 70
7 78
26 85
4 43
15 18
7 53
7 7
3 88
30 76
2 23
1 56
25 20
2 100
7 39
9 99
3 81
17 16
27 64
27 70
16 42
14 89
2 24
14 25
5 5
20 20
26 14
28 24
14 23
18 58
2 61
29 46
15 81
2 60
21 25
14 81
23 76
4 68
0 95
14 100
23 89
8 85
7 29
13 43
10 26
13 74
19 31
25 79
3 10
28 45
9 69
30 34
25 25
21 77
18 12
19 30
23 35
14 90
8 38
4 74
0 20
11 29
9 35
8 97
2 51
27 36
0 19
14 47
21 54
17 4
28 8
11 5
10 13
12 96
13 100
22 100
4 85
1 37
12 31
27 16
25 96
26 47
29 65
19 43
16 93
30 13
7 2
12 90
27 37
9 54
3 79
9 57
15 60
8 66
10 62
22 64
15 19
17 95
15 97
28 89
14 59
1 93
12 95
29 33
24 21
19 95
5 76
27 97
9 65
21 3
28 54
3 34
25 51
0 93
13 98
0 48
22 42
1 54
1 61
25 52
20 100
26 78
21 23
1 77
0 39
28 60
5 54
16 12
2 74
29 78
7 74
19 18
28 27
11 13
1 25
25 85
26 11
11 27
0 72
24 17
11 71
2 58
12 75
1 36
5 4
24 40
24 43
27 26
0 61
10 66
21 85
25 71
26 21
11 45
22 41
2 81
30 51
4 78
8 60
10 90
13 34
7 50
7 98
10 98
11 36
28 87
21 75
20 89
21 82
5 10
29 74
2 56
23 50
16 78
24 6
11 44
18 57
18 14
9 48
10 85
27 32
16 84
17 96
10 77
21 60
25 42
25 52
26 39
26 45
8 83
29 75
28 49
9 38
1 99
3 2
12 76
9 23
0 9
15 97
2 96
0 64
9 28
13 14
21 25
28 77
19 98
12 30
21 45
25 31
16 39
22 54
1 98
15 31
3 75
16 71
24 77
21 29
29 6
15 2
11 11
19 3
17 38
20 85
2 98
7 15
24 46
7 31
12 59
5 10
14 16
15 12
12 20
8 80
17 16
5 54
7 6
1 11
21 96
22 41
27 72
9 26
27 96
19 26
1 34
3 100
29 7
19 17
0 48
20 52
7 94
3 24
12 72
18 61
15 34
19 5
20 17
10 88
26 48
28 83
8 66
10 14
27 39
15 7
26 15
27 44
25 39
20 35
5 25
12 66
11 94
1 45
28 5
0 73
27 14
13 73
5 75
25 31
23 65
3 7
24 92
18 54
17 19
22 29
19 14
19 73
16 97
16 16
3 2
22 90
29 14
18 69
1 90
26 57
21 27
12 13
20 20
17 79
16 15
4 92
11 66
10 13
24 33
1 20
9 46
18 40
14 67
10 56
14 60
19 22
0 93
29 51
16 32
25 47
17 31
6 27
18 77
9 47
18 79
11 55
7 7
6 95
25 58
16 38
23 10
10 7
26 2
1 59
6 61
11 59
24 31
1 14
10 78
18 25
0 18
11 32
23 61
15 79
13 27
17 87
7 55
22 4
7 82
13 17
3 59
18 91
27 21
23 3
19 44
8 14
5 26
3 27
29 71
19 85
29 43
28 61
6 89
8 3
17 28
26 87
8 46
13 26
6 6
26 22
21 11
11 16
19 49
12 41
5 83
22 11
24 78
27 19
28 24
8 90
27 78
8 67
3 13
17 90
26 96
13 81
12 76
20 69
25 83
19 72
0 38
13 27
9 30
2 33
25 55
24 13
13 100
23 44
10 61
23 85
13 80
7 68
23 21
22 22
2 62
22 23
29 89
0 58
12 66
0 91
27 38
21 14
25 7
12 46
20 60
30 61
22 54
27 57
1 92
15 25
7 39
26 80
29 45
15 96
1 87
27 24
4 78
14 97
23 95
4 97
24 71
11 89
4 65
3 58
30 47
11 9
22 87
20 49
0 68
6 27
30 16
19 41
14 37
3 49
22 10
17 44
11 20
5 95
2 1
28 31
26 84
1 46
22 55
19 97
8 88
22 2
29 29
1 23
21 51
21 60
8 99
7 66
6 35
3 42
4 38
25 61
22 76
12 89
19 54
10 76
11 55
2 83
16 76
10 41
14 87
15 18
4 73
14 52
17 5
16 7
25 28
2 6
10 9
12 73
10 69
12 83
2 25
9 81
13 73
8 16
16 27
28 96
28 2
11 54
10 26
22 51
2 9
29 78
1 45
29 11
26 88
8 28
14 63
21 100
20 65
26 79
22 79
15 38
27 29
19 18
30 79
14 66
8 48
12 31
12 1
22 53
6 55
24 84
12 57
14 65
1 96
29 44
3 45
2 24
6 22
0 58
23 39
26 40
7 94
14 21
26 72
12 83
29 37
12 74
1 74
20 93
28 94
17 93
8 48
1 55
11 97
2 19
3 67
5 37
19 43
0 17
8 99
6 42
4 38
10 88
20 93
7 10
17 95
20 66
26 10
13 92
5 97
25 67
8 78
29 95
14 35
18 38
16 59
17 15
30 64
23 7
20 86
14 25
5 71
23 88
24 88
14 35
28 96
0 99
3 96
19 34
28 89
28 44
15 31
24 51
15 30
10 6
13 95
1 77
16 33
4 70
11 42
2 16
22 2
9 90
15 38
27 96
4 17
22 9
18 90
6 43
5 87
4 49
9 43
29 4
20 31
21 45
19 79
12 77
21 20
1 5
5 39
1 60
2 42
16 12
22 88
1 47
12 86
3 13
14 74
23 71
22 85
25 98
18 96
11 1
8 53
28 11
9 60
29 76
29 64
29 67
0 42
21 45
20 75
10 90
12 88
30 24
21 47
18 69
10 43
3 20
15 72
19 79
4 79
13 83
7 56
22 3
15 34
29 32
21 75
3 75
22 63
28 93
29 38
2 46
14 94
4 2
11 82
11 86
10 47
22 21
25 48
21 33
16 53
30 6
25 35
7 31
26 90
29 96
17 62
6 57
7 84
20 23
30 21
10 54
15 3
9 51
30 73
23 80
13 6
17 79
27 57
8 81
29 85
13 60
6 90
15 6
29 84
13 86
11 53
17 5
11 58
16 15
30 64
4 97
18 61
30 57
11 70
27 36
9 2
19 17
24 24
5 65
10 74
6 8
28 19
10 25
26 81
28 73
24 74
11 3
26 13
9 37
2 86
6 55
29 1
18 7
10 50
11 29
1 61
13 98
24 29
24 28
4 48
20 73
7 17
13 30
6 10
17 60
10 66
3 78
0 1
17 48
18 84
14 6
13 11
18 31
2 16
25 27
29 82
21 1
27 6
16 81
9 13
16 70
18 25
10 80
15 2
19 97
23 43
19 23
30 18
7 30
21 52
7 68
19 15
9 25
0 87
5 91
24 6
17 8
26 1
17 56
26 67
0 49
5 82
24 1
20 35
6 47
6 85
16 30
5 3
12 33
30 8
25 70
26 49
15 64
6 7
28 70
27 77
29 5
11 52
23 58
10 28
24 43
5 60
6 99
14 86
2 49
8 28
10 9
12 21
11 31
25 81
29 22
29 55
24 25
9 19
10 17
13 68
9 79
19 2
10 15
29 45
25 45
30 71
23 24
22 82
21 95
2 19
9 44
14 18
25 41
29 33
16 82
21 33
27 77
6 78
8 51
5 47
5 7
16 73
5 9
10 13
15 90
1 55
25 24
25 54
10 14
21 39
8 73
16 5
12 64
4 72
10 4
0 33
12 67
4 38
0 17
19 75
1 3
3 86
8 28
13 54
27 47
23 78
7 67
3 16
6 7
27 100
20 72
21 98
28 27
25 13
23 61
14 18
22 7
26 73
13 58
4 37
0 76
9 13
28 100
1 21
23 34
28 21
1 81
22 42
7 24
25 5
23 49
18 57
6 34
6 39
10 13
18 10
16 88
15 84
6 31
12 78
14 100
11 12
22 37
14 79
28 63
4 29
29 81
11 7
2 43
23 26
26 97
0 23
11 35
5 31
27 99
4 83
3 38
2 86
0 54
30 67
12 98
25 15
11 92
4 58
22 67
8 60
7 94
13 74
24 67
27 55
18 44
28 10
22 82
24 39
24 64
7 23
28 91
7 11
30 10
12 43
29 36
21 13
7 2
19 89
9 8
30 62
25 26
26 65
30 6
17 72
3 99
16 88
7 60
1 76
9 38
4 81
0 22
20 11
27 61
2 57
16 52
20 53
16 13
30 19
24 47
30 15
15 31
26 69
3 86
9 59
26 99
12 64
25 9
21 83
12 71
11 59
21 54
2 11
5 82
2 37
26 86
9 23
24 16
1 72
16 6
21 79
4 33
30 62
7 20
18 75
19 63
11 16
5 67
2 88
7 77
11 26
5 94
13 6
20 66
13 80
12 32
27 75
24 71
21 73
11 12
30 76
3 18
7 63
11 9
28 10
23 80
6 16
30 77
20 71
13 12
18 3
29 49
3 98
30 57
19 68
20 37
20 59
10 25
16 41
30 53
17 30
18 36
20 59
16 62
3 19
14 39
13 47
30 100
3 14
4 9
15 39
2 79
3 68
19 47
0 21
2 1
12 65
1 63
11 94
20 97
13 28
11 15
12 54
20 55
3 39
22 53
2 15
6 66
22 22
22 44
1 26
20 2
5 99
13 3
29 93
26 75
20 13
1 36
28 37
9 2
29 85
3 80
24 23
8 63
19 20
7 51
4 76
5 69
9 97
16 77
23 35
10 63
12 36
20 66
3 85
1 61
22 49
11 23
11 30
1 53
0 83
0 95
6 23
24 37
4 1
3 55
20 87
19 57
30 59
28 83
11 86
18 66
1 58
12 57
23 85
20 48
13 78
1 66
7 44
26 88
3 76
26 61
0 60
19 45
0 21
19 73
23 50
20 21
7 86
27 76
22 26
7 72
16 83
14 47
3 97
19 18
14 62
26 92
12 34
7 36
29 80
8 63
12 92
26 66
26 75
27 91
11 48
6 50
21 69
17 29
29 86
6 75
29 99
11 65
25 94
0 23
24 54
20 39
7 37
19 31
27 59
11 60
4 53
0 19
14 89
17 70
30 51
3 71
13 13
1 14
19 48
7 30
13 59
10 31
18 18
2 73
1 39
15 33
11 88
18 33
27 96
27 62
24 21
15 86
3 58
20 59
11 90
11 30
18 23
5 57
10 16
20 40
4 87
6 90
11 53
22 89
11 15
0 60
23 94
12 36
28 12
10 1
26 30
19 19
25 35
8 55
14 39
16 88
1 48
0 40
19 94
30 94
22 26
16 80
28 64
21 73
24 15
7 8
7 79
11 23
3 84
9 68
25 100
6 63
27 1
12 98
1 32
21 45
21 66
7 93
10 1
12 98
25 54
0 76
18 73
28 79
29 88
2 66
6 43
30 11
16 21
20 99
18 69
26 31
19 31
12 11
14 96
18 61
29 29
30 34
21 31
2 87
28 46
14 20
23 74
22 98
24 18
18 45
21 82
19 97
12 8
28 41
1 37
10 98
1 64
26 88
24 5
18 33
24 70
27 32
24 67
11 47
26 5
21 62
15 20
9 15
15 96
12 80
22 97
20 56
4 54
2 22
21 2
20 37
9 59
19 18
27 79
4 54
2 92
28 3
18 94
7 97
9 68
16 15
30 76
22 54
28 83
24 1
15 39
30 100
2 14
7 78
20 35
10 88
15 23
3 3
21 33
10 10
24 27
6 4
8 76
1 11
13 31
18 11
21 36
24 12
11 8
29 9
24 95
17 82
9 19
14 28
26 85
19 13
6 34
5 59
6 1
13 41
28 7
29 46
16 81
30 42
5 75
21 56
27 20
28 96
26 44
11 2
22 33
30 30
2 5
21 16
16 75
19 85
24 20
15 23
17 90
3 56
0 94
29 30
4 62
14 39
3 21
15 50
2 42
22 80
27 57
12 53
26 14
23 72
7 2
22 59
0 49
1 43
12 76
6 56
12 5
3 65
26 63
7 88
1 70
28 41
4 27
11 64
25 53
13 92
24 79
11 15
28 18
24 11
28 64
23 82
25 24
9 82
21 58
26 85
25 66
17 9
8 13
5 52
26 17
0 4
17 13
8 37
27 50
3 17
14 72
7 25
24 70
13 62
17 91
1 60
4 65
6 69
21 47
23 51
20 91
18 11
5 93
13 45
2 7
16 1
8 21
18 86
10 43
17 73
6 44
9 21
0 21
14 3
24 53
29 73
17 39
11 17
22 93
4 99
17 90
22 13
12 70
24 97
16 61
17 57
5 67
21 1
27 35
20 63
4 11
11 38
13 48
18 100
1 29
11 13
10 68
6 64
23 34
30 83
22 100
30 55
13 30
9 73
11 7
15 2
12 35
25 35
7 38
10 7
26 31
6 97
16 28
28 57
8 10
12 50
14 58
2 42
3 91
16 11
24 22
4 19
17 3
25 71
8 34
4 79
19 100
7 97
3 86
30 98
27 17
12 97
29 8
10 24
28 58
30 1
5 4
23 77
18 47
27 40
19 21
23 36
12 78
28 91
17 51
21 35
27 7
20 86
27 10
8 94
28 77
21 88
27 16
16 73
27 23
23 67
18 54
12 65
14 23
14 45
8 56
0 48
9 36
29 59
28 24
30 88
28 30
24 40
11 8
2 58
24 13
4 1
23 26
15 11
3 64
22 100
24 18
0 81
28 53
0 23
0 88
8 74
4 47
7 47
25 23
14 6
8 36
7 61
4 73
4 3
4 55
14 52
11 84
19 7
15 60
17 74
15 44
28 84
17 98
24 79
5 2
22 46
13 39
26 15
21 91
18 75
18 14
27 11
9 67
4 92
18 90
26 20
23 20
20 95
4 13
15 75
5 43
11 1
29 34
18 87
5 90
14 14
18 99
24 12
15 52
16 30
15 83
14 50
5 55
12 37
12 35
4 92
8 53
0 54
14 1
7 45
29 45
30 53
27 75
14 30
7 52
30 46
21 44
21 18
22 34
4 8
23 93
21 95
12 10
17 61
15 97
13 59
17 81
0 7
20 74
11 24
16 17
27 46
21 61
25 70
28 33
26 98
12 30
6 27
21 55
29 2
19 75
7 2
19 65
24 14
29 29
28 24
6 44
6 81
25 45
10 29
25 28
14 90
15 53
25 22
2 80
26 17
23 76
11 73
6 67
19 60
8 93
3 63
6 3
25 21
10 74
9 94
21 90
5 70
27 73
21 53
25 28
10 96
3 15
10 91
30 31
2 60
15 95
12 62
17 2
2 37
2 37
27 58
16 91
3 19
9 83
18 76
21 79
16 7
30 28
20 52
24 49
30 91
20 86
29 16
6 62
10 22
22 93
22 12
27 96
14 96
11 5
3 43
5 72
0 95
22 85
29 60
8 37
25 92
24 40
21 41
6 10
4 85
24 46
10 57
5 67
24 91
14 12
29 26
9 98
30 62
9 85
23 76
17 84
28 39
20 37
19 93
29 64
10 5
2 5
20 80
19 98
26 62
2 27
9 82
19 20
2 7
0 15
13 76
23 8
17 56
20 40
22 60
3 44
30 84
16 70
11 31
11 5
6 37
27 72
26 80
13 66
28 30
27 36
20 21
28 43
15 43
12 62
5 68
22 9
28 60
17 89
23 91
19 65
10 69
26 74
12 49
22 14
16 6
16 72
5 95
11 97
5 98
12 33
17 11
8 46
9 24
2 49
27 91
7 25
11 66
30 79
1 75
20 57
0 72
5 89
17 97
10 18
13 71
23 40
12 87
27 61
2 68
19 64
13 51
14 66
14 53
1 77
0 34
9 76
15 38
4 55
18 40
26 44
20 56
27 22
6 40
9 95
23 56
10 17
15 51
23 89
15 51
4 62
21 50
1 5
15 89
24 66
29 99
8 58
5 22
24 75
12 15
13 22
17 93
0 1
15 20
6 15
29 49
14 53
19 88
18 81
20 19
10 18
13 33
1 74
0 33
24 39
19 6
12 68
14 75
6 38
23 48
6 41
9 28
23 37
14 45
15 11
30 62
15 45
22 65
27 41
23 75
24 72
13 90
20 25
9 75
25 65
6 17
27 36
16 91
15 7
1 92
0 96
14 71
28 14
22 21
17 71
15 91
27 56
25 33
13 49
13 65
18 72
13 56
1 38
14 98
30 20
22 57
23 61
6 77
27 42
17 82
13 62
5 43
23 46
17 17
16 27
23 18
2 11
25 92
25 61
13 96
18 78
26 40
5 20
14 27
25 69
20 86
16 61
24 91
22 25
24 32
22 48
30 97
0 70
5 84
4 88
25 15
4 27
20 38
23 93
6 90
21 97
17 29
16 15
19 19
25 24
7 15
6 95
21 78
12 74
23 17
6 92
2 36
11 68
9 31
14 58
3 84
30 76
2 12
14 86
6 33
23 45
22 95
23 40
12 67
1 84
10 39
1 95
7 27
3 85
27 14
16 64
4 85
20 12
28 11
14 9
1 85
11 57
20 28
27 22
27 11
12 62
14 73
21 34
18 62
17 63
0 80
5 63
25 43
2 9
1 21
19 8
26 65
30 73
8 46
28 84
14 40
9 42
28 67
14 83
4 54
27 14
6 82
14 21
21 4
23 63
15 72
21 66
21 25
12 51
23 54
2 94
2 41
30 52
13 89
14 15
0 81
0 15
25 69
27 40
8 19
2 71
21 66
21 14
16 8
24 81
2 88
5 30
24 56
13 44
2 64
27 7
12 37
25 46
21 68
16 22
22 94
8 14
9 83
20 8
27 91
24 73
22 78
25 55
13 27
26 92
16 96
0 76
19 95
18 50
18 95
3 21
4 54
30 4
19 68
20 80
10 4
0 97
14 4
23 72
11 77
28 46
17 67
28 72
25 78
25 22
23 2
10 94
11 24
25 23
13 98
16 75
16 43
12 14
14 28
12 4
19 43
27 98
7 74
29 23
17 42
9 7
24 40
13 42
17 64
5 82
24 90
27 18
27 93
0 10
27 78
0 81
16 59
17 9
10 69
8 12
20 1
17 33
29 88
9 72
28 23
29 39
20 75
16 92
2 43
1 55
0 42
23 12
8 51
4 94
7 50
20 76
2 98
4 42
19 74
19 76
26 84
27 41
14 10
18 84
28 15
29 69
17 3
30 56
4 56
0 47
8 78
15 1
11 76
8 96
9 30
8 5
11 16
10 80
25 99
24 77
22 92
2 68
13 5
25 30
17 72
15 91
18 73
10 72
27 23
2 63
17 13
5 60
21 6
5 72
14 53
17 2
14 78
8 66
28 62
24 77
9 21
15 100
5 15
17 27
4 97
26 15
16 18
22 82
15 10
8 2
20 8
7 56
28 92
11 59
6 43
4 32
22 56
30 13
26 50
4 53
5 64
18 36
15 45
6 67
17 46
23 9
9 88
1 94
28 92
16 93
15 28
12 88
13 100
8 78
25 94
26 59
20 52
8 99
1 5
23 76
30 84
3 10
8 31
26 83
6 46
23 54
24 8
9 20
27 70
13 37
12 17
21 24
6 82
15 3
21 74
9 98
8 51
4 53
3 25
21 16
5 84
8 13
14 79
29 30
26 83
14 4
12 94
14 36
28 17
6 7
23 52
19 90
6 46
22 47
3 93
8 81
4 84
3 15
20 71
15 74
10 77
10 17
0 65
29 32
11 88
8 46
24 99
22 66
17 92
24 51
8 42
23 62
27 42
27 69
25 82
7 28
4 62
11 61
16 15
12 94
24 19
14 81
6 63
28 20
11 38
15 22
16 85
9 21
2 93
11 73
4 94
12 51
10 41
12 35
11 74
30 3
6 18
16 74
7 92
9 88
7 65
2 28
15 33
7 33
13 100
7 74
18 76
14 42
2 91
23 96
4 42
27 41
23 58
22 47
22 72
22 15
7 84
2 75
11 56
0 1
2 15
14 66
13 4
17 87
2 64
15 15
22 17
8 59
9 33
8 23
15 59
29 5
30 2
1 5
21 72
2 58
17 51
30 96
10 56
18 46
17 62
21 11
4 34
2 1
17 84
13 77
20 10
3 97
29 66
10 79
28 29
22 65
2 85
18 56
22 9
28 76
14 21
8 3
5 62
11 16
1 59
25 5
4 90
24 93
7 80
29 9
6 57
0 23
16 82
26 92
5 41
30 33
16 83
30 7
27 37
6 89
24 73
7 38
16 96
16 56
2 6
30 87
12 11
10 75
13 44
24 81
3 24
4 63
14 81
3 6
0 93
3 43
0 96
6 50
10 66
9 91
21 2
13 3
21 34
18 46
26 98
15 12
0 52
5 94
19 35
7 58
8 83
0 75
10 33
11 88
26 98
4 81
6 61
10 22
15 70
18 88
5 44
24 20
21 20
0 4
22 38
14 10
20 91
22 72
15 71
5 11
7 79
22 80
13 21
10 12
0 48
10 95
7 55
20 13
21 54
23 21
0 30
15 52
0 17
24 31
14 100
3 29
28 68
6 48
15 43
13 86
0 44
29 89
26 59
1 31
28 84
25 72
15 70
27 10
2 15
12 57
15 10
10 5
24 86
29 96
18 79
0 72
2 25
1 73
29 31
4 46
9 57
1 70
11 30
19 63
6 11
28 90
1 8
24 53
25 43
20 26
21 9
4 87
24 56
25 83
23 42
13 84
16 19
6 100
21 72
23 49
0 56
11 65
11 82
8 51
19 87
15 14
10 44
8 80
24 90
15 2
24 52
18 97
2 30
26 40
13 63
1 30
29 66
28 16
6 68
7 91
28 38
29 65
9 60
1 28
29 63
19 70
26 58
10 54
18 23
14 21
6 11
6 6
6 86
23 57
29 24
13 85
7 23
18 72
0 46
5 63
7 48
17 57
22 62
18 85
20 20
30 50
22 4
27 34
15 8
4 31
8 42
12 89
22 74
24 90
15 84
9 8
26 87
30 85
25 96
12 19
6 45
12 24
22 91
0 88
21 49
5 43
9 56
13 64
22 2
28 85
13 42
30 83
8 89
15 49
26 3
22 41
24 50
23 1
24 59
23 62
0 67
0 51
9 63
18 33
13 77
16 33
8 29
18 55
24 22
6 94
13 91
13 11
5 43
3 91
0 31
7 52
3 82
29 62
26 74
21 72
8 72
7 72
19 91
15 97
10 70
8 76
29 4
26 22
30 40
19 59
4 27
1 48
26 10
17 93
24 32
7 22
25 50
6 10
0 13
6 43
10 34
26 41
15 24
15 1
14 7
27 86
11 7
4 34
4 82
25 34
23 44
1 77
6 41
7 32
20 96
11 80
3 81
0 18
19 32
23 94
8 4
28 76
17 29
15 81
26 91
11 18
19 10
2 77
1 62
18 21
23 91
0 61
26 10
22 24
25 19
20 99
13 15
28 37
8 87
6 96
14 20
3 63
9 7
9 67
14 4
3 31
30 70
5 33
20 85
6 57
14 92
0 4
18 13
15 52
14 77
4 36
20 35
27 44
2 93
7 96
21 89
10 65
8 72
28 36
13 47
30 20
29 49
14 15
1 71
18 7
20 73
6 95
23 46
17 89
17 76
16 57
2 82
9 21
22 26
23 13
22 38
26 88
24 52
9 79
4 96
14 55
15 69
26 24
26 93
2 43
3 53
9 97
7 73
10 15
21 64
27 50
21 16
3 66
11 96
29 16
9 4
27 59
3 34
12 100
23 69
2 80
12 77
30 24
21 95
16 63
18 17
22 48
14 74
20 15
14 64
26 39
1 40
17 19
5 31
11 78
13 9
5 47
16 42
1 94
25 30
14 43
22 43
11 88
15 22
12 74
25 63
26 13
4 91
25 34
17 93
9 76
25 40
25 100
19 91
16 42
17 18
29 52
28 79
12 90
17 56
29 52
30 18
25 2
20 75
27 38
22 60
11 89
2 25
6 82
12 16
29 4
6 59
16 8
16 98
4 56
13 38
27 60
21 89
10 75
3 19
12 69
8 43
0 62
22 71
5 24
1 74
26 98
14 30
0 19
26 6
28 17
20 88
20 80
1 1
18 84
16 10
0 61
3 94
21 50
24 44
25 78
0 34
19 84
18 45
10 32
28 70
20 82
25 10
1 55
21 7
9 36
27 6
5 55
2 3
4 93
27 80
27 100
24 29
1 20
1 22
6 72
20 76
8 94
20 96
9 13
23 98
5 47
21 50
24 34
10 42
2 51
23 100
24 92
7 31
27 94
20 77
14 88
21 70
3 37
27 94
11 38
8 19
20 71
22 34
27 49
29 69
20 30
20 28
13 2
5 34
27 62
24 78
3 83
21 59
3 76
26 58
4 70
27 9
9 51
8 35
23 6
4 20
24 58
29 67
29 51
16 37
6 82
7 23
23 61
22 75
13 41
4 90
5 89
2 96
27 62
17 76
6 16
21 42
20 1
20 14
0 60
25 49
27 85
21 33
11 67
30 12
2 11
22 35
30 18
21 96
16 73
13 4
24 30
4 7
16 72
14 10
7 71
15 5
4 8
2 43
10 68
22 78
2 30
25 83
9 42
26 66
19 47
4 67
30 60
27 63
3 95
6 8
12 70
30 41
29 49
29 23
28 77
11 78
24 38
2 45
21 48
10 83
5 50
21 80
0 8
23 19
26 10
5 63
20 9
30 62
9 70
20 62
16 50
4 52
22 74
7 92
7 29
30 42
17 36
21 92
12 22
11 84
13 18
3 56
20 79
26 31
8 52
16 67
28 2
3 52
8 100
24 39
26 70
9 88
26 30
20 68
17 50
12 16
25 96
30 45
23 46
18 66
23 88
20 97
5 10
4 19
29 40
6 41
18 29
30 22
10 20
20 91
29 12
2 67
10 100
22 82
20 23
13 97
29 10
5 54
11 58
3 59
16 68
6 100
1 80
17 35
18 70
5 54
30 95
20 72
2 75
14 80
13 90
1 26
15 38
26 69
15 80
20 9
19 1
12 83
5 35
12 94
9 52
20 6
19 51
9 73
27 2
17 20
5 55
7 13
17 48
19 70
14 70
1 56
7 18
5 25
10 46
20 18
16 23
30 66
7 93
26 26
12 99
18 93
2 88
23 83
25 56
12 26
6 89
7 56
29 3
26 93
30 70
18 77
10 59
25 43
0 55
16 99
3 95
29 23
11 60
18 40
6 76
30 95
30 79
18 31
17 49
4 62
20 75
6 66
11 49
21 39
20 21
16 57
28 31
22 66
8 22
9 58
0 75
4 1
30 83
28 10
18 47
24 12
13 47
8 96
7 3
17 47
24 14
2 37
1 56
0 47
6 35
11 86
27 20
19 89
17 74
1 35
18 43
19 60
3 49
5 1
1 51
8 64
28 8
18 50
21 20
18 85
28 7
22 40
13 14
2 76
0 32
26 67
8 76
5 46
25 48
9 60
3 93
7 18
7 91
15 1
18 37
13 74
25 44
23 78
26 26
18 26
16 57
28 67
11 8
10 17
7 54
27 79
10 10
13 59
17 11
0 53
21 37
13 60
28 34
16 52
30 93
21 41
9 27
24 33
1 53
7 77
14 96
22 48
7 30
11 51
6 73
29 44
19 88
13 77
9 39
13 68
8 34
16 59
5 100
27 43
24 12
20 29
29 22
14 15
20 61
11 32
10 19
29 32
21 8
17 91
30 68
6 17
13 17
30 87
9 86
17 75
6 57
26 36
16 96
24 15
14 43
11 61
29 48
6 79
19 1
25 41
17 29
9 55
2 69
14 86
16 88
19 17
22 9
28 65
4 68
24 93
7 48
28 18
24 61
3 22
1 14
3 82
4 91
13 89
16 66
27 26
1 39
6 9
3 87
30 4
2 97
9 38
30 81
6 99
0 5
1 24
24 62
17 19
2 2
27 16
19 21
29 20
5 70
16 6
2 8
8 88
25 23
30 2
6 17
30 11
19 16
23 76
6 33
6 48
16 88
21 79
1 9
19 79
6 39
5 11
16 30
9 37
30 81
3 38
7 54
6 99
24 95
26 48
25 1
5 76
27 33
24 6
6 54
11 40
25 52
3 65
19 100
13 17
3 95
8 91
2 1
10 70
4 66
22 9
9 10
11 24
21 77
21 80
7 82
9 69
13 18
1 65
22 28
28 66
23 3
30 63
23 89
27 30
6 11
1 8
30 59
21 60
21 81
21 38
6 42
15 42
13 31
22 67
28 73
14 95
4 80
18 57
22 56
29 57
2 12
13 45
1 30
28 98
7 73
30 73
19 26
14 20
22 78
24 46
9 14
14 95
29 4
29 19
9 92
11 69
24 77
29 48
16 40
24 18
2 52
1 47
8 50
16 71
20 46
17 63
10 65
18 11
16 2
4 96
14 28
7 19
20 5
5 17
17 37
22 49
24 90
27 10
11 16
16 80
26 13
6 91
19 50
10 77
3 49
14 65
30 83
13 81
28 72
23 49
22 44
17 55
16 23
13 70
21 98
0 16
4 56
28 32
23 41
26 43
1 73
20 91
6 96
5 96
9 68
13 6
10 59
17 94
13 36
11 36
14 27
25 51
22 20
16 5
30 35
9 100
15 92
28 54
14 82
19 59
1 97
21 73
20 36
24 3
17 92
30 44
18 27
11 69
3 71
22 62
4 86
28 76
3 80
18 58
22 69
3 19
13 69
16 23
6 94
3 60
2 64
19 53
22 30
15 6
13 58
16 13
26 27
24 97
17 4
1 56
4 98
5 13
30 97
30 66
20 3
7 35
26 21
11 79
7 45
2 69
17 91
7 2
29 49
2 25
22 21
25 55
21 98
7 7
4 72
26 15
18 61
1 5
2 71
1 79
26 31
30 83
22 97
3 35
21 34
21 97
2 70
20 98
16 62
25 12
29 86
25 18
8 65
5 71
12 3
14 26
6 14
20 50
0 97
30 59
30 33
18 23
26 92
10 13
1 85
17 16
0 77
4 4
13 77
25 61
29 73
25 99
3 20
4 52
20 2
10 18
21 61
14 33
16 83
16 53
17 80
22 36
22 16
5 56
3 68
0 7
10 64
18 83
22 100
3 18
19 21
18 32
4 50
11 27
25 99
15 85
19 33
3 65
16 77
13 42
3 38
6 1
4 71
5 54
18 74
1 29
23 13
26 6
18 7
20 32
9 4
22 27
4 64
9 72
30 24
18 13
28 55
19 1
30 37
15 22
0 27
21 80
30 41
10 54
2 57
0 94
29 71
3 49
5 18
20 25
29 99
16 98
3 52
10 32
26 2
2 40
27 91
24 48
2 70
8 14
29 10
19 70
3 99
13 57
28 6
14 34
22 74
24 96
12 69
6 68
22 43
28 10
1 49
6 6
4 48
21 89
26 10
27 34
3 15
7 35
5 89
23 36
9 98
20 17
13 5
3 10
29 100
16 15
20 5
29 75
3 4
22 4
5 76
29 48
12 13
20 19
1 95
25 72
11 56
0 56
16 14
17 51
21 46
12 27
30 63
27 63
5 22
4 54
10 8
24 4
18 18
30 19
3 31
14 42
30 77
6 41
13 23
21 27
13 15
6 32
8 22
8 39
7 69
1 26
0 94
20 94
5 89
16 80
20 97
0 26
0 54
18 57
19 78
4 4
0 78
21 73
4 45
24 53
15 40
20 50
25 62
4 23
0 95
23 24
18 83
5 80
30 56
3 65
18 65
25 63
5 3
30 63
5 60
5 13
27 12
12 17
20 24
5 46
12 90
20 81
1 39
18 22
3 51
15 60
18 27
30 24
19 89
21 100
3 15
25 7
29 48
7 79
9 52
25 7
22 47
1 75
27 8
28 65
11 15
15 16
7 31
14 46
19 20
9 50
3 5
6 53
29 88
19 100
22 13
1 47
2 19
8 14
7 63
29 51
17 16
11 13
27 86
17 27
27 83
24 59
7 67
3 6
18 88
26 21
23 4
22 45
22 25
5 90
2 2
6 71
18 48
1 72
12 26
21 26
15 64
26 16
27 71
13 88
13 6
18 33
22 56
29 100
23 42
3 73
3 18
6 53
25 43
23 98
2 46
20 63
0 77
1 25
4 63
7 1
27 4
21 85
8 17
28 89
3 28
9 96
11 6
7 5
25 5
11 61
28 77
1 83
25 28
28 97
6 91
13 53
11 16
1 12
7 54
1 1
6 41
20 56
25 24
24 98
11 76
11 40
24 52
5 86
14 71
17 98
20 23
22 41
19 32
6 50
18 43
21 56
0 86
16 23
24 1
26 75
15 18
6 73
1 17
1 93
25 31
29 73
22 54
1 55
4 58
11 82
22 52
9 45
30 31
28 7
30 71
30 19
10 12
9 28
23 66
28 86
0 97
24 81
12 16
28 34
7 7
28 68
22 32
6 86
3 2
0 30
2 42
1 14
1 83
6 37
2 7
25 21
8 80
25 32
7 41
27 88
8 61
14 17
24 49
29 50
28 72
4 86
28 79
28 99
18 73
19 23
17 21
26 52
0 28
30 10
6 68
16 12
10 24
1 19
3 39
14 96
28 32
17 65
18 66
27 84
9 85
5 9
11 92
13 100
8 42
13 96
13 14
0 85
29 94
20 16
13 100
3 53
30 11
5 41
10 35
8 83
18 57
4 81
6 56
10 26
11 10
30 6
21 57
15 79
4 13
24 6
19 42
22 76
17 51
13 59
11 89
24 17
11 21
19 60
23 39
1 15
21 4
9 21
23 88
5 12
5 22
15 10
15 28
5 23
23 76
3 100
4 31
30 91
3 63
18 16
9 13
24 38
6 45
23 88
25 21
5 32
12 4
26 80
12 1
28 64
27 91
26 9
24 40
0 55
14 86
0 36
20 63
8 88
10 79
16 87
21 49
22 85
13 86
19 38
22 61
13 15
8 24
21 16
19 9
25 32
25 98
20 93
0 28
15 30
2 50
27 68
6 31
12 73
30 33
29 99
22 27
12 15
10 25
8 62
22 76
27 82
10 32
7 25
3 85
9 74
24 32
29 15
29 99
30 3
30 19
24 29
23 88
18 24
0 43
2 67
4 24
18 88
27 77
4 71
11 15
22 60
3 80
17 64
10 71
5 100
15 4
30 91
10 9
28 80
7 5
26 57
21 36
7 75
30 97
23 14
3 14
19 31
28 52
10 47
24 31
26 50
29 38
12 34
17 44
3 90
16 90
9 1
3 32
16 93
11 29
29 5
15 6
1 60
23 98
7 20
29 96
28 37
24 77
11 76
21 23
29 14
8 5
7 64
26 76
2 62
6 13
3 28
28 29
19 30
10 98
22 58
14 69
27 42
19 61
26 76
0 47
29 10
29 38
25 54
0 44
20 16
10 28
26 55
25 23
14 16
14 89
9 34
19 74
19 84
20 44
18 70
10 82
16 49
21 10
18 29
0 9
13 25
7 73
5 34
2 31
7 77
27 41
13 80
16 63
26 65
27 28
3 54
5 49
25 93
15 18
24 34
27 5
26 56
3 9
7 39
13 37
18 35
30 15
27 39
19 29
23 62
20 49
8 24
17 5
18 29
11 89
11 59
2 47
21 83
14 45
2 81
