100
12 89
25 51
25 18
6 86
3 92
16 89
4 83
0 21
17 42
8 17
5 87
21 100
6 20
16 44
7 69
19 11
15 35
18 90
4 26
16 94
12 43
10 68
1 65
30 2
16 75
16 71
9 81
15 58
20 49
10 97
19 98
21 70
21 75
13 15
7 25
8 44
21 19
3 11
9 83
24 5
17 6
15 80
0 66
21 31
27 59
30 68
16 92
5 73
18 100
23 22
13 50
13 28
3 47
15 99
22 16
8 36
11 46
24 87
20 7
2 40
11 91
24 9
4 70
25 51
1 91
18 94
14 6
5 35
2 12
19 28
23 53
30 57
14 41
20 65
19 37
12 42
28 83
11 35
3 99
25 16
13 89
5 100
23 93
2 27
29 47
14 95
20 45
9 42
0 80
21 65
0 51
28 59
19 14
5 4
1 50
0 76
5 44
5 1
13 84
25 53
3 79
22 69
21 1
5 82
10 13
27 68
18 7
18 1
27 58
15 81
7 87
15 57
1 64
19 38
5 6
19 66
1 68
11 38
20 36
23 98
8 100
19 39
19 23
17 48
8 50
4 1
6 34
23 8
30 80
20 74
26 91
2 81
20 98
27 66
2 13
2 46
12 55
1 89
0 19
27 47
20 89
21 83
3 97
0 8
26 99
5 88
29 42
28 21
24 72
2 46
16 56
14 65
22 96
11 60
17 4
14 20
11 64
30 50
20 100
4 45
22 95
14 61
20 5
11 83
29 33
12 71
16 86
16 48
19 35
26 65
15 31
20 41
7 45
23 17
23 6
0 52
23 67
8 98
3 1
12 89
8 37
23 74
30 25
13 32
3 27
9 5
18 43
9 27
24 92
2 35
25 8
15 5
10 27
16 24
21 100
26 5
23 60
22 95
5 8
20 83
23 51
10 41
12 1
5 66
4 97
4 3
14 28
13 94
5 42
23 85
0 42
22 24
23 37
13 80
28 53
23 52
0 24
5 95
18 1
0 6
1 71
18 18
27 55
30 45
6 65
16 19
2 53
0 55
24 82
2 83
19 43
23 2
9 99
10 17
26 50
0 66
4 71
9 42
10 72
16 69
26 100
19 89
23 36
15 13
23 15
29 92
6 65
20 34
12 44
14 51
13 13
14 19
16 51
22 59
9 87
30 86
16 97
22 26
7 71
12 25
19 38
13 52
0 90
22 53
12 92
10 71
12 48
18 23
7 84
9 3
0 91
7 77
12 87
9 28
15 24
24 82
10 34
5 21
28 71
2 83
29 84
0 96
6 62
28 71
2 34
8 4
17 82
13 20
13 6
19 45
8 21
29 2
4 71
30 33
30 29
30 32
7 54
0 37
1 86
5 77
2 2
1 9
21 36
2 49
24 69
7 7
29 76
17 50
19 55
14 44
18 28
19 18
17 31
30 19
3 11
9 52
25 30
28 88
7 55
3 61
28 20
25 61
15 97
6 49
26 77
7 6
23 60
30 83
4 83
9 14
9 61
10 64
8 85
21 41
24 34
10 18
15 49
26 79
5 92
4 39
9 5
17 69
16 100
24 27
19 80
5 8
1 62
3 68
16 32
2 38
28 6
23 33
4 54
21 70
0 60
27 68
5 26
13 40
28 60
9 85
6 82
3 32
24 32
2 46
18 69
20 70
7 9
10 5
19 100
28 47
15 49
21 97
3 45
25 71
15 25
22 22
19 35
13 95
16 96
6 1
18 23
9 13
27 97
27 30
27 67
13 69
29 2
9 78
19 94
0 2
7 32
4 48
9 1
8 59
9 60
2 38
1 77
24 32
17 89
13 91
11 70
9 14
2 20
28 95
24 64
4 33
15 86
22 19
11 69
18 84
25 71
2 58
25 84
24 43
24 34
8 100
4 14
20 68
7 27
9 20
25 52
15 81
26 54
1 36
6 25
13 89
21 47
25 2
17 90
9 32
10 63
17 67
20 6
2 20
17 56
29 86
14 18
11 42
6 83
30 54
15 69
25 63
22 39
3 77
25 100
16 84
18 62
9 36
29 61
18 55
20 66
27 37
2 89
5 84
27 24
9 36
16 92
3 33
14 19
30 16
23 4
22 80
23 24
6 91
25 31
7 63
6 89
4 43
19 78
25 18
19 76
30 46
4 13
7 93
2 98
12 99
5 14
2 61
0 92
15 83
4 68
5 36
10 74
6 58
15 12
11 8
9 65
6 6
14 52
0 75
18 49
23 44
18 27
3 58
18 98
30 71
22 77
29 13
28 68
17 11
0 8
4 54
17 50
10 45
27 82
5 82
27 93
5 61
0 86
13 25
29 97
28 92
2 18
2 49
28 78
24 70
3 91
16 71
26 27
24 82
3 52
14 18
22 83
21 51
20 49
2 67
1 97
7 31
20 83
9 94
26 6
27 7
19 98
7 35
2 37
3 19
28 80
16 22
26 20
0 66
24 72
0 90
17 65
26 38
28 68
2 37
1 62
14 66
13 53
24 57
5 51
14 68
21 48
26 21
9 36
0 60
29 73
30 65
14 2
10 7
9 96
18 95
25 84
16 37
13 48
11 63
20 33
28 21
14 47
12 27
18 51
13 38
20 87
1 37
24 47
15 20
7 63
0 87
11 58
2 48
18 34
18 11
1 22
6 22
26 44
26 5
11 25
16 91
16 84
9 32
13 85
8 57
1 26
29 57
27 99
19 29
3 3
28 4
19 16
25 35
29 88
25 24
30 84
16 55
3 9
30 4
18 12
30 71
17 26
12 51
1 63
8 81
23 53
19 96
6 82
29 21
20 36
2 4
14 19
5 48
29 8
10 41
17 37
24 100
1 45
30 4
24 84
30 38
23 20
25 74
10 93
29 90
12 71
21 22
23 68
29 58
10 96
30 17
8 52
21 14
21 10
22 13
5 71
7 79
6 8
28 33
5 90
18 3
12 14
26 45
0 90
18 60
2 27
18 59
11 14
4 89
17 67
22 69
28 62
15 90
20 97
10 86
23 100
11 71
16 5
25 26
8 38
0 86
9 57
23 58
23 88
29 32
10 23
17 70
7 79
20 15
24 14
21 4
16 69
4 69
23 82
27 74
6 10
1 79
2 83
3 74
5 41
27 36
18 41
7 81
2 17
21 70
30 89
26 11
23 1
29 77
7 70
30 91
30 59
29 26
20 78
29 100
19 55
4 99
12 76
9 84
1 40
16 59
2 35
27 89
8 45
7 9
3 53
20 8
20 24
15 2
17 62
2 39
4 43
19 54
25 73
20 8
21 96
30 99
1 71
28 6
21 79
19 19
14 84
23 30
16 59
26 17
10 14
2 96
4 35
29 53
19 37
8 97
18 48
7 14
12 25
21 60
24 92
17 97
2 100
24 99
2 92
8 5
4 94
18 46
27 72
27 96
6 33
19 17
20 91
27 34
13 24
2 39
15 27
14 72
5 4
14 90
3 8
8 57
26 67
0 13
20 45
22 69
23 61
22 81
2 33
0 30
18 48
0 5
19 2
16 1
27 28
25 51
25 58
7 73
20 60
1 21
26 37
3 14
14 60
16 87
13 77
9 24
26 44
29 8
17 97
17 42
22 11
12 55
30 50
1 64
27 50
0 74
20 73
14 45
0 61
7 71
22 42
7 59
29 29
11 40
6 37
17 46
3 82
14 10
2 90
12 24
22 14
4 99
9 67
12 38
21 92
10 3
22 74
10 63
3 87
19 26
21 14
7 44
6 47
29 35
18 57
2 92
20 49
1 73
21 27
10 1
18 28
10 89
13 32
6 82
16 21
13 68
5 98
12 81
26 10
25 22
21 90
1 30
28 56
13 95
7 79
29 40
3 26
5 34
24 51
13 38
11 48
12 23
7 13
30 63
26 2
22 36
0 30
15 30
12 30
15 77
16 48
19 21
8 58
9 12
2 93
22 49
30 98
26 78
12 63
2 92
17 9
2 22
0 85
15 14
14 44
9 81
5 76
5 19
9 38
2 93
30 71
4 63
24 36
20 40
4 28
7 31
26 61
16 38
2 19
30 9
7 88
19 30
30 18
8 98
24 16
6 46
21 76
21 64
4 64
12 28
17 44
16 86
22 99
28 7
22 28
10 50
25 59
21 17
3 85
2 38
7 92
24 53
6 67
22 99
4 59
22 80
3 74
7 91
6 81
15 95
17 2
21 79
19 98
7 56
21 27
20 96
26 14
6 46
12 18
20 13
19 64
21 4
27 64
26 72
29 48
21 71
25 8
17 63
13 5
23 46
17 19
6 40
16 47
20 75
14 16
3 3
12 53
2 36
8 5
9 86
26 86
16 42
29 85
8 35
3 12
27 20
26 40
21 80
17 14
29 39
25 75
26 27
19 30
4 92
10 27
21 5
28 32
18 11
14 71
24 8
0 8
29 60
17 56
21 55
16 43
3 3
10 44
4 46
17 27
24 29
12 94
12 4
21 57
2 44
23 31
17 57
30 53
7 30
13 21
14 43
27 61
5 11
23 68
29 75
27 2
28 10
1 38
11 18
20 32
7 77
11 54
24 90
7 32
19 60
20 23
21 79
13 93
6 48
28 7
25 66
30 1
11 69
7 95
15 10
30 53
8 2
30 86
10 84
3 27
16 49
0 18
28 95
17 88
24 22
15 68
15 66
7 62
30 2
21 68
14 44
11 17
30 5
8 50
11 58
4 46
5 54
10 86
15 5
27 22
12 7
4 80
27 61
25 78
27 42
29 76
17 64
0 64
25 56
2 5
11 92
3 55
30 20
11 44
30 46
13 54
1 69
2 21
20 16
16 41
20 10
30 57
22 92
1 69
28 10
4 8
26 55
15 31
28 65
18 1
12 80
7 65
22 46
12 3
25 32
23 31
22 27
14 88
19 51
22 45
25 86
26 54
24 76
12 37
6 79
16 5
18 47
14 73
22 32
2 53
26 75
13 59
27 16
15 13
28 53
30 30
7 96
15 37
8 24
4 68
4 15
24 45
22 6
6 27
11 12
0 20
13 90
21 44
22 3
13 95
25 72
17 5
15 86
5 79
2 56
0 90
13 70
15 35
24 15
15 61
14 39
16 80
10 39
3 71
30 54
2 84
29 15
2 13
10 4
7 51
13 99
21 62
4 21
27 42
24 51
24 71
1 95
20 89
19 8
3 1
17 92
24 82
7 10
26 86
11 39
0 92
16 79
9 11
10 45
4 75
22 49
20 88
23 35
0 67
8 64
21 12
26 78
20 40
13 5
19 89
2 37
25 75
30 20
0 82
11 34
1 10
5 15
11 14
17 72
26 38
16 27
8 86
6 53
8 6
2 98
30 4
1 91
24 61
16 22
29 5
12 63
29 59
1 55
14 42
28 75
1 69
24 76
3 40
6 7
24 30
6 38
12 67
11 70
25 98
28 11
23 76
12 14
24 11
0 5
28 42
14 52
15 15
6 40
3 21
21 14
0 90
27 17
3 64
2 75
10 57
1 11
0 39
3 38
18 35
27 40
14 71
27 78
8 24
3 34
6 70
20 12
18 60
9 59
14 63
28 100
17 56
19 76
21 49
30 41
24 38
10 66
6 69
10 53
21 51
11 68
0 8
4 60
18 68
8 20
24 96
8 52
19 3
4 79
14 81
20 62
8 37
14 48
8 50
14 80
22 14
25 23
22 15
2 66
18 22
5 31
17 49
6 74
17 69
0 8
11 77
1 46
13 13
11 17
23 13
30 25
12 63
18 67
5 69
26 99
10 71
28 93
15 68
30 9
7 100
3 63
4 87
1 37
2 29
24 6
1 11
22 79
6 78
0 33
28 16
16 92
18 90
12 44
17 27
25 100
24 60
15 33
13 52
9 74
1 92
10 20
8 88
5 33
14 100
16 20
18 77
0 19
29 28
6 87
25 27
15 28
22 54
11 5
21 39
3 77
23 45
3 33
9 21
22 69
23 7
11 57
22 19
11 43
6 31
20 20
30 52
9 56
25 65
24 62
21 26
11 63
26 43
26 22
6 90
17 38
21 55
26 57
8 37
17 94
30 11
5 97
27 19
9 27
0 91
4 74
21 13
13 31
1 67
0 65
13 15
14 54
17 6
20 29
24 69
28 36
30 94
15 81
27 66
14 38
12 27
23 3
14 59
26 42
29 66
8 48
5 93
12 64
19 5
30 74
3 85
9 13
3 65
9 19
12 23
3 47
19 84
25 16
13 24
2 97
17 55
21 86
23 63
7 77
8 80
14 6
10 80
22 10
3 40
0 49
18 35
3 74
18 41
28 46
9 76
4 51
14 46
12 24
27 33
5 100
11 8
21 45
15 6
12 48
17 85
1 70
24 15
1 1
6 47
12 26
5 51
28 14
30 19
21 48
7 86
18 94
7 92
15 12
28 17
0 89
12 52
26 41
8 20
21 3
27 86
25 62
7 98
1 48
8 24
14 5
19 78
14 17
28 84
3 46
22 52
17 51
27 67
21 62
7 17
22 15
5 71
9 41
27 1
14 19
28 18
22 100
16 12
27 68
6 92
29 73
12 67
11 50
20 68
18 44
9 85
23 15
30 91
17 8
8 85
22 62
23 58
10 78
3 75
24 47
4 92
6 66
9 12
17 23
21 99
0 21
27 69
8 73
29 70
28 94
14 11
4 63
26 53
26 31
29 49
29 73
13 58
14 65
27 49
22 41
21 96
23 32
30 37
6 20
11 45
24 3
0 66
5 88
14 58
19 22
1 90
29 90
11 28
8 13
14 97
9 59
0 50
28 16
2 7
24 83
1 19
8 96
4 24
29 26
22 21
7 95
30 79
4 98
11 67
13 80
11 96
7 8
26 25
16 86
29 66
10 19
28 57
19 21
0 97
19 16
26 77
25 70
8 36
26 79
0 27
8 67
7 61
14 12
25 36
7 50
30 67
3 29
27 69
30 22
4 88
0 85
5 72
19 88
25 36
15 35
11 26
22 79
21 9
23 62
21 44
12 76
16 91
30 59
22 52
15 85
20 22
20 6
20 69
19 81
2 37
12 1
15 71
1 63
0 41
26 89
25 74
26 79
20 42
0 31
26 61
7 3
20 87
22 26
29 70
19 88
12 34
29 7
23 57
12 10
27 66
2 44
7 46
21 7
20 83
19 71
13 5
23 51
3 36
17 70
20 92
20 87
20 17
0 86
22 28
24 96
24 97
0 49
14 23
11 87
11 41
7 82
23 65
7 51
16 33
29 59
6 8
29 64
20 34
8 76
0 81
9 53
16 66
22 25
26 82
26 73
4 37
22 93
30 25
23 71
8 14
1 42
9 42
2 91
27 81
22 74
18 88
30 74
17 14
24 89
5 31
28 7
30 59
21 77
17 57
1 24
6 70
20 58
5 17
4 77
8 65
16 15
14 18
10 20
10 67
25 57
19 77
16 38
9 12
9 19
25 27
15 31
9 15
21 1
10 83
17 34
5 88
20 33
9 36
11 28
11 83
13 81
26 20
30 74
18 50
17 98
14 68
13 25
25 26
10 14
6 61
25 19
25 46
6 88
9 24
5 4
2 98
26 26
14 87
1 28
2 57
0 73
14 96
24 28
29 17
23 13
19 18
14 60
4 43
12 45
7 8
4 50
9 27
17 61
13 10
24 80
9 62
28 41
23 57
7 40
23 86
7 27
8 62
25 61
14 100
7 43
14 74
15 19
20 51
0 50
15 97
7 23
7 87
2 98
5 26
28 99
10 73
11 79
2 51
17 95
16 61
29 44
29 14
8 34
1 88
24 70
25 52
7 74
12 100
29 67
10 59
20 26
24 85
16 32
29 72
5 21
29 58
7 16
7 97
9 88
2 34
8 5
7 74
27 83
22 17
10 24
3 10
9 68
27 87
25 92
0 54
13 81
7 38
3 68
22 60
17 3
9 43
15 57
15 27
19 17
23 86
29 51
12 62
27 26
12 43
17 13
11 78
12 42
14 8
26 58
5 47
18 95
2 62
12 33
2 22
11 21
9 6
12 83
16 54
0 20
18 8
24 68
28 93
22 78
11 93
20 46
26 31
11 55
23 88
18 50
19 86
9 69
24 33
29 81
12 37
4 41
28 18
9 80
16 16
18 62
19 43
22 63
20 99
16 54
15 1
20 92
22 13
14 31
2 83
16 38
11 47
25 69
14 29
3 70
22 18
16 7
0 45
18 20
28 67
19 66
25 9
0 63
16 38
29 27
12 1
20 54
29 73
11 47
29 13
27 49
10 22
30 66
26 5
30 86
21 82
27 43
10 40
14 12
16 4
20 76
5 5
7 28
25 17
1 89
5 23
13 50
23 67
18 92
17 47
27 41
24 73
7 83
17 71
25 50
6 67
19 23
28 29
15 51
5 34
25 85
23 67
11 12
11 71
0 96
15 93
16 23
23 16
27 3
14 39
24 6
29 69
13 11
22 36
27 10
28 16
20 18
28 57
2 84
15 90
22 79
11 96
26 6
23 10
4 36
9 89
5 57
26 40
26 39
1 82
0 12
13 69
26 29
2 68
17 35
21 56
24 63
0 6
6 21
11 27
20 16
21 80
29 65
6 66
0 7
10 79
13 67
8 41
29 40
8 46
19 37
21 29
6 68
24 83
24 85
14 5
27 79
3 57
22 99
5 30
0 51
23 21
4 86
4 48
30 15
21 74
22 88
19 67
3 87
3 57
22 35
28 16
18 53
10 57
10 67
14 20
14 85
25 81
20 36
3 10
15 81
13 89
5 28
7 36
2 53
22 100
28 8
20 19
7 32
8 88
23 31
9 72
27 90
4 17
21 6
27 69
29 39
27 40
3 93
19 97
23 29
2 36
8 50
3 52
19 8
26 29
25 82
9 29
30 81
17 24
3 80
29 10
25 23
22 77
27 86
18 3
7 48
16 14
26 19
29 75
20 62
6 65
8 82
3 26
8 86
5 9
5 81
18 40
18 59
25 48
21 78
3 52
28 85
25 55
30 18
21 20
19 70
26 28
12 32
10 81
21 73
29 99
25 73
14 98
27 34
18 70
10 15
13 54
2 71
2 46
7 100
19 12
0 75
28 42
22 64
27 18
1 63
27 63
1 97
16 94
27 86
0 3
30 36
10 58
5 61
18 50
21 25
20 72
18 59
24 3
20 97
24 38
26 36
28 45
9 42
15 95
9 47
27 85
7 17
25 11
10 30
3 43
20 79
27 11
1 29
13 5
9 6
22 13
16 68
10 67
2 9
10 10
16 22
20 90
6 23
8 83
24 48
26 23
9 41
0 95
24 67
12 53
16 89
9 18
22 9
16 40
19 24
6 23
11 3
6 68
2 16
23 67
5 22
4 79
13 78
0 82
24 74
27 67
0 16
18 60
13 40
30 35
10 1
5 63
6 50
27 2
11 4
0 49
25 60
23 9
17 91
19 90
3 30
16 22
2 72
8 38
13 11
17 88
11 78
7 41
5 32
19 25
22 79
2 79
7 43
0 48
10 71
22 36
8 45
1 94
9 37
11 65
15 98
27 6
16 3
9 4
17 6
30 6
10 73
26 71
6 38
30 42
8 77
30 7
18 24
30 56
26 55
14 55
8 26
11 76
24 30
12 22
7 96
6 9
10 53
20 11
4 28
2 51
29 94
13 68
25 62
20 74
22 54
24 53
23 97
4 87
0 77
30 8
25 65
1 42
25 50
17 29
2 44
16 13
5 88
13 72
18 92
11 83
24 96
16 26
25 61
8 73
14 26
7 55
23 62
7 41
29 40
10 99
16 38
26 41
30 88
4 8
27 28
0 65
2 5
19 31
27 82
20 82
25 91
6 12
1 99
0 42
27 79
7 27
9 95
10 30
18 40
19 78
3 76
10 48
11 50
3 3
12 92
17 66
27 61
24 48
24 17
1 28
16 84
4 16
19 95
22 82
22 13
27 37
3 74
6 48
24 24
13 67
0 38
2 62
25 90
29 95
22 7
11 68
2 94
13 91
24 59
20 30
17 21
23 61
0 81
17 9
10 61
24 52
15 43
0 39
6 89
16 96
11 21
15 36
29 46
15 50
4 44
24 14
11 90
23 99
0 38
6 80
18 58
14 21
14 100
24 3
23 58
9 33
1 14
28 6
22 8
5 32
17 69
24 71
26 62
22 1
7 17
1 19
9 24
8 8
20 8
6 88
22 30
28 25
30 72
17 89
16 54
7 99
18 82
20 45
19 73
6 93
7 71
11 92
29 25
12 80
3 63
12 35
27 87
17 72
27 31
3 92
6 19
16 68
14 71
27 76
23 74
11 99
11 40
0 4
2 46
13 53
16 47
18 4
4 95
13 30
30 65
1 6
8 83
29 22
23 60
26 60
15 58
10 38
14 42
10 17
13 17
9 96
22 35
24 26
0 99
11 68
21 100
1 69
15 40
3 30
22 43
3 62
3 68
11 23
3 47
4 37
0 97
21 32
2 37
3 12
14 75
6 73
29 25
6 92
24 70
14 98
14 89
10 34
16 79
16 66
9 78
21 16
1 56
11 59
18 27
17 36
5 45
2 50
1 41
10 97
7 15
20 53
1 35
10 63
23 93
11 12
23 12
8 51
22 58
3 54
7 97
3 18
30 4
14 55
6 49
30 17
29 78
18 95
21 59
13 21
17 81
4 16
4 17
20 95
22 91
17 11
26 81
9 57
29 18
24 91
28 91
2 2
16 65
5 38
19 65
13 33
10 72
14 22
9 27
4 3
12 40
14 22
3 90
30 59
8 78
4 8
30 90
18 92
29 72
15 40
20 59
3 98
15 23
3 58
17 57
4 63
18 66
4 10
12 48
5 41
23 95
24 52
16 32
16 88
26 70
8 69
19 7
1 24
17 8
18 75
1 80
3 40
4 1
16 49
13 56
4 40
12 74
16 83
25 70
11 10
15 23
14 21
4 76
11 43
0 64
6 7
21 57
16 94
17 3
10 92
16 24
24 68
29 17
29 92
5 99
14 16
25 15
14 88
3 64
21 41
24 48
15 6
22 27
8 89
7 34
26 66
12 5
2 5
28 67
15 83
1 3
13 43
6 85
27 58
13 16
22 14
17 96
10 19
16 75
0 64
22 23
23 50
29 15
2 48
27 28
3 94
19 59
19 2
3 54
14 69
13 82
1 8
18 38
3 69
7 59
14 27
26 4
12 79
15 64
17 27
18 96
7 5
8 95
18 55
9 48
14 1
20 46
27 16
20 11
10 82
19 45
4 65
2 87
1 32
26 19
12 44
1 4
30 45
14 60
20 57
7 8
0 77
19 16
10 43
3 70
28 29
30 3
29 24
1 35
9 61
13 38
21 73
15 38
11 87
14 77
15 30
5 35
4 92
27 85
4 77
23 30
4 16
15 84
29 17
0 100
28 30
18 91
8 74
23 18
25 54
5 69
19 44
20 95
1 14
18 27
28 40
2 57
5 28
13 89
11 97
4 21
23 31
22 92
30 1
0 45
11 18
7 44
10 15
26 54
7 96
2 15
29 48
5 40
12 44
2 79
15 99
9 90
20 76
2 32
10 95
15 87
27 6
16 99
5 87
0 81
30 5
8 32
14 21
27 7
12 33
3 13
19 47
3 76
13 87
2 3
6 99
5 55
30 19
10 37
11 51
2 54
2 49
3 73
5 91
21 40
29 7
5 92
1 31
13 4
3 14
4 66
25 52
11 29
7 3
20 57
18 26
27 25
28 59
29 20
29 33
7 55
7 10
16 10
28 33
6 32
11 81
20 54
20 85
29 27
22 97
22 24
26 73
20 18
2 93
17 40
8 68
10 15
8 43
12 72
23 35
3 32
10 60
12 46
14 59
18 43
4 82
12 9
12 61
2 10
10 95
2 75
15 75
18 53
24 53
26 96
5 54
8 98
21 85
20 62
14 35
28 76
4 52
18 56
29 82
13 43
21 90
21 86
5 57
24 73
20 2
8 87
30 31
3 75
7 38
26 71
26 88
5 30
28 22
16 80
9 79
30 79
17 96
3 70
14 80
1 68
17 10
2 95
27 31
29 68
19 91
12 36
18 6
20 73
2 61
30 100
21 18
0 54
8 90
7 9
22 100
29 72
12 90
14 67
5 72
19 97
17 72
30 19
29 15
19 96
28 15
13 88
28 41
2 72
17 100
22 90
16 73
20 86
19 38
7 97
12 31
20 6
19 96
16 11
9 36
24 69
18 50
0 61
16 90
19 24
4 76
12 54
16 60
0 68
16 6
9 58
20 90
10 42
27 82
28 91
12 44
21 89
19 92
20 21
24 4
28 86
21 24
14 25
25 46
3 18
4 92
26 8
3 29
26 82
30 31
2 35
30 61
11 21
29 55
24 30
13 49
16 92
14 32
22 64
6 63
1 1
1 81
18 33
13 82
18 20
9 16
26 7
8 52
19 40
15 65
19 66
1 65
22 55
13 3
10 43
3 94
28 69
20 10
4 2
15 10
4 74
1 27
19 82
3 26
23 15
8 34
5 1
28 76
23 30
24 54
13 56
18 75
16 71
25 15
0 86
19 52
21 23
2 94
10 54
0 65
13 73
26 71
26 7
17 21
3 7
10 42
15 1
27 78
13 91
16 93
18 79
1 99
20 58
10 47
15 33
27 46
9 84
7 17
1 68
30 76
18 32
15 89
4 71
22 49
20 79
27 13
26 1
18 59
30 16
18 66
11 12
22 10
3 97
2 82
13 23
29 94
24 72
10 90
7 82
10 27
17 1
23 20
13 12
19 16
16 78
24 78
15 56
20 47
6 36
24 95
5 82
30 31
10 22
1 55
11 2
18 92
12 79
3 7
27 8
3 83
0 24
5 33
6 38
20 71
29 64
27 61
3 36
5 73
13 24
23 85
10 1
29 59
9 59
9 64
23 75
24 91
4 93
17 80
17 19
27 26
14 18
23 81
29 69
6 32
17 67
6 93
16 80
11 64
12 47
10 30
5 86
11 50
13 20
22 85
14 21
29 33
24 28
27 21
10 16
8 67
24 94
13 73
17 33
23 67
29 78
12 40
26 19
8 14
24 69
10 28
5 68
28 90
29 67
17 74
3 73
24 49
30 72
19 44
30 71
25 59
9 64
1 62
17 76
8 5
23 85
22 14
8 64
7 79
30 31
26 4
15 45
10 21
25 73
16 94
2 98
13 16
10 97
27 80
16 79
13 6
0 77
18 44
9 6
12 95
1 31
30 100
26 39
1 57
14 67
12 72
3 67
5 41
24 87
14 38
5 22
21 16
5 81
29 31
28 39
11 47
30 8
30 87
5 95
11 42
2 86
4 43
7 70
2 62
11 67
24 75
26 93
8 50
16 18
15 80
21 1
14 6
19 76
24 98
4 15
18 86
5 24
3 12
21 4
12 51
11 56
19 89
20 70
23 38
18 82
3 88
24 99
27 30
19 34
1 97
19 42
17 58
9 17
5 2
19 95
5 73
22 73
13 89
20 39
9 46
20 69
14 92
30 9
5 100
17 8
23 22
13 29
20 80
23 84
30 72
3 96
24 40
13 44
16 61
26 41
16 7
10 82
28 42
23 9
7 9
10 6
15 40
16 20
5 56
6 48
18 97
1 24
9 75
14 77
1 7
0 14
26 66
11 35
17 26
0 65
14 59
18 13
10 20
25 17
6 79
11 34
9 34
27 85
13 8
7 44
1 61
12 59
8 69
17 65
13 55
20 87
29 35
20 89
23 11
5 21
7 83
20 93
2 73
5 47
21 83
15 100
29 24
13 29
8 65
15 85
20 36
20 54
12 39
28 81
24 9
20 12
13 36
9 23
17 88
5 73
25 3
1 46
26 64
18 78
26 17
6 50
6 8
6 81
10 27
19 66
7 97
16 43
0 99
28 86
12 16
16 22
7 71
22 43
17 19
23 3
23 83
9 16
25 15
21 40
6 35
3 39
30 48
24 66
10 50
5 85
3 87
6 95
10 97
0 54
24 12
30 32
29 3
17 26
8 48
27 52
13 85
0 43
2 96
21 34
6 76
13 75
13 1
1 38
19 62
13 52
12 5
15 84
12 21
2 84
24 81
5 74
21 47
10 83
14 19
1 39
15 52
14 97
28 30
23 53
23 51
3 63
4 66
5 45
6 40
15 28
15 25
30 60
14 35
10 89
21 56
4 12
24 43
20 41
20 34
15 62
29 21
9 63
12 54
5 66
13 42
30 45
8 39
0 51
10 3
29 73
6 50
14 99
8 68
23 11
0 27
22 76
19 2
3 59
13 42
19 58
7 98
13 30
10 50
24 36
10 83
9 89
17 11
16 11
19 13
14 42
5 83
4 49
11 53
3 38
10 30
4 93
1 14
17 31
8 89
30 90
15 86
2 18
6 29
15 35
21 60
8 60
21 43
23 25
14 26
10 36
3 28
28 91
11 32
17 37
0 41
8 37
16 69
7 96
30 34
18 38
3 51
29 92
5 86
21 52
29 34
1 55
22 25
7 36
26 69
12 93
29 93
26 32
17 39
26 38
11 92
18 83
28 63
14 55
7 17
29 51
21 15
2 17
24 2
1 71
11 5
13 34
0 50
14 9
3 69
19 57
12 59
6 18
14 20
17 3
24 6
11 15
22 52
28 48
10 7
0 23
2 15
24 86
21 34
18 62
6 95
17 31
15 1
1 4
3 49
28 64
6 89
21 4
4 23
13 67
22 11
12 14
5 2
14 98
23 84
14 20
13 69
28 84
9 10
10 90
24 6
2 66
21 54
21 86
28 26
9 54
6 47
14 57
5 89
15 27
11 92
2 47
16 20
19 43
30 87
1 2
13 46
27 66
24 70
7 63
13 35
17 10
20 25
15 8
28 30
19 62
30 15
10 28
28 22
8 25
29 85
7 95
15 94
10 97
18 10
8 19
23 76
30 49
3 26
15 15
13 32
24 5
8 16
6 52
15 80
6 55
0 40
9 55
24 49
13 52
21 92
18 94
29 85
14 34
3 66
29 78
13 2
11 80
6 82
8 97
12 31
26 4
10 9
27 36
13 47
0 83
21 8
12 73
20 89
27 41
28 22
15 85
28 88
22 93
29 89
28 82
8 59
20 51
6 12
13 31
12 12
20 53
3 54
23 40
27 16
23 67
20 20
25 27
20 36
14 2
24 39
29 84
14 61
16 13
24 73
20 83
8 71
25 49
14 22
23 90
6 52
3 39
18 43
28 84
29 49
15 15
22 98
11 17
19 89
15 17
16 55
19 80
14 28
10 73
7 55
13 100
14 72
9 28
11 22
5 88
19 49
5 65
17 99
1 69
26 56
4 67
18 93
23 61
24 8
19 91
5 55
19 3
9 87
21 95
3 19
5 46
3 100
5 27
29 23
26 25
30 67
9 64
6 29
7 79
7 23
10 74
8 45
28 12
28 1
30 55
22 21
1 80
24 68
9 38
11 8
19 39
5 31
14 85
6 60
24 63
19 35
15 43
6 82
5 63
22 88
4 69
18 80
12 61
20 68
14 22
17 83
17 96
19 20
0 8
6 59
6 12
28 50
21 96
19 93
28 62
28 59
27 58
28 56
16 45
1 85
18 62
30 90
18 65
8 2
29 61
15 39
25 46
16 47
2 27
21 43
25 36
8 49
10 31
15 50
5 51
9 90
30 84
4 18
20 96
21 21
0 32
13 99
27 62
10 14
4 54
25 72
7 4
19 4
27 51
5 12
22 100
19 20
7 34
3 85
10 2
24 78
2 45
6 96
23 91
25 79
25 1
22 48
17 67
19 70
12 11
12 91
7 100
13 81
5 33
10 37
30 43
14 27
3 5
10 57
15 4
5 74
19 72
22 47
16 12
28 100
9 19
7 92
4 73
4 24
13 43
15 69
7 92
10 1
6 3
13 12
24 16
28 1
0 87
5 88
30 83
24 22
8 34
12 7
13 63
16 67
3 34
12 82
11 24
26 100
0 82
6 83
9 37
9 54
21 14
10 98
0 71
10 52
1 60
16 58
18 11
7 76
9 72
24 63
15 21
30 78
22 99
20 96
30 89
23 87
24 59
19 56
16 73
20 17
8 31
19 75
17 45
22 80
15 91
10 76
26 47
12 22
26 8
17 22
12 70
2 45
8 23
19 4
12 92
30 18
20 20
1 58
14 98
24 32
28 96
2 65
7 22
22 88
5 94
25 29
24 41
23 70
30 55
23 6
21 92
3 53
8 45
10 13
1 58
19 57
3 74
12 25
14 91
30 26
13 19
2 60
4 70
7 13
10 49
8 62
12 36
27 72
23 36
12 43
23 92
11 37
23 31
23 89
12 74
19 81
24 57
17 30
2 73
19 62
11 33
29 26
15 19
9 36
4 14
0 89
10 19
0 57
26 97
25 1
14 35
13 100
4 65
25 100
4 24
23 34
14 57
29 100
13 4
13 41
18 2
21 92
3 82
29 84
3 15
24 45
8 80
27 40
14 82
12 99
9 19
10 51
10 4
11 95
6 61
26 83
21 38
6 39
9 68
24 2
12 26
19 17
7 63
16 93
15 78
25 13
13 76
24 50
0 66
17 58
0 11
4 53
12 54
14 64
12 59
22 25
11 49
24 30
13 27
5 68
29 37
9 75
18 88
25 2
30 78
4 49
29 66
22 61
20 75
15 15
8 96
21 34
11 22
25 84
21 83
3 21
23 66
18 69
23 69
25 42
6 76
10 70
15 90
25 17
29 19
5 4
16 53
25 81
30 5
15 16
1 21
5 36
19 85
23 67
12 17
20 7
4 6
25 44
4 55
30 87
7 53
28 56
27 6
19 60
3 94
19 52
18 52
18 97
2 29
4 25
20 82
26 14
28 7
25 73
12 21
1 56
6 49
6 11
6 90
16 42
4 60
28 28
6 20
24 20
16 46
17 42
12 10
16 66
2 86
24 16
10 10
22 66
23 23
8 28
21 67
24 34
23 38
11 50
17 2
22 15
27 13
20 98
18 46
2 95
1 22
22 46
30 58
20 7
27 69
6 63
15 33
9 64
14 15
11 86
10 64
23 33
23 61
7 48
16 46
13 13
19 80
27 86
27 61
28 30
14 89
26 82
14 89
11 27
22 3
11 2
20 64
17 16
22 50
2 45
14 14
27 34
18 74
4 15
10 7
24 64
22 14
29 20
7 67
20 24
20 80
23 54
14 48
26 78
23 53
3 92
20 23
2 14
4 98
0 32
26 88
25 61
26 79
14 62
30 62
1 97
27 63
18 91
22 84
28 47
19 1
1 78
7 39
21 68
11 75
8 40
9 38
11 63
7 90
6 72
25 40
4 28
0 66
25 30
30 78
4 91
10 6
6 62
22 17
3 45
21 17
0 94
12 76
5 44
28 94
28 4
15 4
27 30
16 69
27 56
29 78
2 4
2 65
18 83
6 88
6 70
10 36
15 80
17 53
30 27
30 86
19 63
19 89
23 5
5 25
1 11
29 38
7 76
29 57
20 42
22 96
4 76
0 6
24 20
18 64
5 24
24 81
2 5
9 63
30 87
23 59
28 28
5 53
22 56
12 98
6 48
9 21
18 42
10 61
0 14
11 37
0 49
13 53
29 16
1 66
16 34
23 38
5 59
29 86
11 31
28 74
1 29
26 74
6 86
3 2
5 95
4 60
6 69
18 86
21 68
13 59
13 68
16 25
13 63
26 81
8 38
3 1
12 69
29 62
26 91
18 34
20 31
26 70
18 91
2 55
27 95
14 53
16 46
21 89
14 3
24 28
6 94
20 18
21 87
25 71
28 88
25 22
8 46
11 79
4 63
10 41
15 44
18 80
0 69
27 63
28 64
26 82
17 63
18 55
28 14
3 77
4 91
23 18
20 65
8 18
8 6
27 33
3 99
27 97
17 16
12 60
25 90
21 43
2 66
3 66
27 78
29 89
2 15
24 70
13 25
15 64
5 82
23 44
1 58
6 11
16 37
0 60
12 3
4 19
13 4
10 35
5 52
23 51
22 96
21 8
17 18
5 29
23 13
29 30
3 31
27 70
5 22
10 22
7 14
28 56
5 2
28 49
8 8
1 87
1 79
10 48
22 23
22 7
17 98
1 4
20 11
30 24
17 10
28 78
13 26
13 100
22 16
7 41
18 39
22 93
4 36
27 20
27 59
14 66
15 87
7 61
27 92
4 5
15 13
3 52
13 77
28 92
24 72
27 67
10 19
26 59
3 12
21 13
14 37
6 20
7 19
13 34
29 44
12 54
1 51
4 48
25 11
5 54
25 28
10 21
13 31
27 61
26 66
16 77
7 81
0 100
4 40
15 22
9 13
16 10
25 48
15 8
19 12
14 87
24 58
6 84
5 73
13 47
8 42
20 53
3 76
17 61
30 78
24 19
24 37
15 80
17 86
7 34
27 70
2 89
18 63
10 88
22 42
2 41
7 54
0 22
3 25
26 17
10 50
4 84
16 83
16 61
28 41
11 53
29 9
26 64
1 69
28 78
6 92
26 79
8 11
11 29
20 63
18 41
14 82
4 56
20 52
12 74
2 39
5 85
7 38
29 50
4 64
26 1
8 53
9 11
5 85
29 41
1 58
16 98
12 71
29 24
6 90
16 99
5 18
8 94
6 41
10 87
9 39
4 66
3 75
3 75
23 18
21 35
25 14
15 48
16 5
23 38
10 90
18 75
3 36
6 30
16 64
29 69
20 85
29 28
22 45
4 19
29 5
26 88
26 5
24 40
16 67
17 2
28 64
22 37
29 62
15 46
12 21
10 23
0 56
26 77
26 49
8 82
21 40
16 57
13 68
19 53
16 45
5 81
22 95
17 11
11 58
4 19
0 21
29 73
4 35
30 48
20 20
15 3
7 23
11 20
29 46
21 21
10 38
9 76
15 72
25 54
0 93
25 5
29 29
30 6
2 34
26 14
24 53
25 55
6 36
30 58
13 5
27 20
13 38
5 8
29 35
29 11
23 75
2 31
11 11
5 95
5 96
16 92
14 93
3 49
19 82
19 54
21 75
16 83
21 84
15 49
28 64
11 1
6 29
5 80
6 87
18 25
20 31
19 29
25 6
8 76
29 53
6 33
30 27
2 83
24 29
28 78
19 26
11 61
24 70
0 39
7 10
2 90
30 63
14 67
27 93
29 95
5 83
26 64
5 67
15 43
22 94
0 54
8 14
17 76
13 59
15 83
14 49
17 72
30 28
30 88
10 42
9 38
12 85
27 17
7 97
3 15
4 43
15 41
19 32
14 13
27 72
3 83
14 12
22 76
27 56
18 68
26 17
4 5
2 79
11 41
1 12
6 41
20 81
14 13
16 2
2 48
23 66
28 43
2 19
13 13
23 65
5 37
26 30
20 3
24 10
8 28
20 19
6 52
27 94
22 79
5 43
30 80
14 45
12 95
5 73
16 31
7 12
30 1
23 16
26 98
11 77
5 33
21 92
24 95
21 24
27 37
22 63
15 93
28 35
30 10
26 11
9 94
14 54
8 23
22 47
6 41
28 9
3 42
18 28
24 90
8 52
17 79
15 70
13 17
16 76
6 53
2 25
10 53
9 65
4 38
20 90
29 70
29 79
22 72
28 71
26 36
8 18
4 76
23 21
7 27
10 44
24 63
3 46
7 9
9 9
7 23
7 76
5 8
0 29
3 31
14 73
18 66
13 100
2 81
29 15
19 46
6 77
7 38
8 42
7 88
28 32
3 56
1 37
26 3
29 52
15 80
16 77
2 45
7 76
28 82
10 80
11 11
11 43
17 14
18 47
15 42
3 77
23 28
21 37
17 11
16 41
5 21
7 21
6 92
4 39
21 14
4 75
0 5
18 82
28 48
23 26
0 42
5 66
8 77
2 7
30 18
8 87
18 12
20 70
28 56
6 93
6 84
15 69
28 54
5 61
9 73
14 45
26 20
30 74
11 27
21 58
25 71
22 8
9 89
23 86
7 87
13 94
19 71
21 43
7 48
26 89
29 88
9 53
7 37
9 14
21 99
10 75
1 90
24 48
25 60
21 16
0 12
12 19
21 64
13 16
24 4
1 98
19 60
9 88
10 50
2 78
0 6
22 45
22 20
13 29
11 23
4 73
17 39
11 35
14 98
7 45
3 13
24 4
11 86
11 44
12 95
9 49
11 34
16 29
19 47
2 20
30 75
1 47
19 27
24 71
17 10
8 1
9 97
18 63
10 87
13 74
21 51
13 89
5 58
3 56
24 11
23 44
18 53
19 17
13 66
14 6
12 72
20 73
5 33
22 50
7 61
27 84
15 21
11 17
21 48
12 35
8 96
29 16
3 42
7 61
4 85
24 26
1 38
27 2
20 2
4 53
18 81
22 20
25 45
27 85
8 85
17 61
11 42
20 55
1 5
26 48
4 75
21 4
5 91
22 86
24 51
15 94
9 80
27 57
17 74
14 22
29 82
6 2
18 76
30 6
8 44
21 41
8 29
14 91
16 9
28 57
7 35
11 11
2 43
15 31
23 40
7 33
28 71
29 43
15 88
20 58
4 30
16 37
22 51
7 12
0 44
26 53
24 87
30 34
14 58
4 21
11 99
26 87
26 71
2 17
21 25
24 4
0 97
16 99
11 52
29 25
7 22
3 72
30 35
29 9
15 59
7 3
2 90
12 48
16 79
2 14
3 83
15 28
26 69
19 20
7 47
29 95
8 22
25 92
2 6
8 8
15 14
9 73
1 31
27 43
29 77
28 67
24 91
6 5
23 15
9 41
2 44
28 44
30 2
26 13
15 32
16 13
25 81
18 94
22 29
26 35
24 27
16 1
15 73
0 75
25 63
21 93
5 70
21 89
11 74
14 43
9 16
3 28
24 73
29 88
23 55
24 50
9 35
14 92
11 1
4 97
8 34
30 43
21 86
13 79
16 96
1 55
3 62
21 92
26 48
19 83
4 95
10 83
3 16
26 74
14 34
16 26
21 69
26 11
26 36
19 82
16 14
21 6
14 4
2 19
1 54
15 27
1 47
25 49
26 57
9 88
13 85
8 61
30 21
21 97
23 95
28 68
18 80
4 54
0 83
6 80
17 8
21 75
19 51
13 79
17 33
10 69
17 35
20 10
21 12
4 95
15 44
12 62
16 90
2 29
16 31
6 22
1 65
29 85
26 13
18 60
25 84
11 84
7 66
8 31
3 2
12 29
5 23
14 28
1 94
3 58
2 42
15 68
20 41
21 69
20 97
12 93
16 6
24 48
18 31
13 57
0 6
3 24
0 51
22 61
23 1
4 99
15 43
15 69
2 52
8 57
29 80
17 29
9 56
8 31
20 14
9 59
14 79
6 90
14 9
0 61
11 59
24 55
5 78
17 5
12 8
11 91
6 72
19 95
16 77
18 61
17 97
19 59
13 7
8 10
2 25
28 53
29 79
14 42
16 18
19 88
21 81
21 74
25 67
6 56
8 65
24 26
14 20
16 16
5 26
5 57
1 51
3 1
5 39
24 22
19 16
16 93
20 93
9 34
18 76
20 62
17 66
29 65
13 39
4 28
11 82
20 35
8 34
3 9
19 100
7 6
17 28
13 32
2 86
3 37
27 64
7 28
5 94
3 14
7 85
3 30
25 28
27 18
21 69
26 3
19 11
28 27
4 32
11 65
27 28
0 8
0 42
14 40
3 14
18 74
26 42
14 21
14 80
18 60
13 22
18 88
14 18
10 38
19 72
19 52
15 12
17 76
26 22
2 57
25 80
29 79
24 32
10 20
19 36
4 43
18 67
26 11
6 64
3 9
26 13
15 57
15 29
11 63
5 21
0 74
7 58
17 68
25 32
14 97
4 33
21 95
28 60
4 14
11 15
26 7
7 20
25 73
26 77
27 54
30 45
15 25
19 16
23 93
20 71
11 21
27 28
2 43
29 44
23 2
27 28
2 75
1 79
28 40
26 52
6 98
9 81
6 19
30 31
17 28
15 69
15 59
20 86
16 9
23 74
19 45
25 84
30 19
1 61
22 10
15 69
8 45
22 4
10 6
14 29
9 80
23 74
10 39
0 23
19 55
17 41
12 26
15 28
7 22
10 34
30 36
17 17
5 84
2 25
18 17
8 78
25 21
25 90
23 82
0 15
22 86
10 35
17 73
16 95
7 70
10 33
23 4
14 76
20 70
18 61
17 52
2 1
11 9
2 12
20 46
4 82
22 33
18 90
27 24
13 29
14 43
14 88
24 82
23 83
9 63
23 39
22 80
18 37
0 32
17 52
17 71
28 47
23 25
18 5
10 2
30 87
20 15
11 14
12 22
15 94
9 5
5 29
23 79
0 73
10 8
1 15
15 92
9 60
30 33
16 22
21 27
21 84
7 1
4 12
9 15
17 27
0 29
3 7
26 53
0 63
30 5
7 97
23 17
12 15
7 8
3 1
4 7
15 47
8 92
24 5
19 47
14 46
12 63
4 78
22 31
18 86
15 96
12 59
4 1
27 17
7 76
26 42
25 71
29 24
16 53
22 5
8 35
22 80
21 78
12 60
29 45
4 41
8 16
19 99
2 80
22 77
3 18
30 71
25 87
21 6
26 83
21 22
23 93
18 9
4 82
13 37
8 40
11 57
21 11
12 51
7 95
22 38
16 50
26 59
11 87
8 19
18 82
26 57
13 66
3 72
20 61
18 54
7 82
7 37
30 37
17 70
6 65
19 1
18 29
9 92
21 46
27 27
24 7
8 60
5 13
12 63
1 78
19 51
19 34
4 11
21 15
23 31
3 91
8 42
2 69
17 87
8 12
12 25
11 57
13 44
25 82
15 86
22 59
2 31
1 18
10 61
9 24
25 75
7 33
17 22
8 21
13 88
3 49
10 88
9 77
13 88
18 52
20 55
19 23
11 20
21 81
22 63
4 39
4 65
2 49
2 76
0 75
6 62
8 91
8 28
14 97
24 86
17 87
19 43
22 20
10 95
28 7
15 75
15 94
19 99
25 27
2 11
13 8
19 66
26 17
7 25
14 52
23 20
23 27
4 99
14 89
20 84
26 93
16 6
23 45
22 3
8 41
14 20
25 8
14 66
13 45
25 84
8 37
13 29
24 53
28 53
24 6
0 55
20 88
15 99
15 24
28 81
0 16
14 59
2 86
29 51
4 26
28 47
15 60
28 88
30 16
7 21
12 6
19 99
27 94
6 59
3 88
12 49
16 63
29 69
11 60
19 17
5 6
29 37
17 51
11 81
26 67
6 97
18 86
5 37
14 97
20 78
30 50
6 6
8 76
9 14
27 6
20 97
21 32
15 61
6 61
19 23
3 50
18 14
17 71
0 67
11 42
23 69
16 65
24 78
24 25
28 72
30 44
18 35
20 94
7 9
6 46
24 50
4 36
26 68
2 5
29 90
21 42
25 77
30 30
23 7
5 25
17 3
15 71
22 42
3 86
7 50
23 88
15 20
25 37
16 91
25 15
10 87
28 46
25 10
6 37
2 29
9 47
3 56
15 51
28 55
20 20
27 6
16 64
15 72
8 71
9 23
6 33
17 44
17 25
26 79
16 38
4 38
24 88
14 81
23 9
21 67
28 83
14 41
21 54
25 2
6 11
6 41
10 14
17 12
3 99
21 93
19 35
20 26
24 9
11 47
29 42
8 23
9 34
12 60
11 30
11 89
6 26
22 54
13 35
2 43
5 17
22 10
4 93
14 67
8 75
17 65
4 14
28 38
17 65
18 39
21 49
14 93
5 9
9 12
3 34
13 6
20 34
2 87
17 55
22 31
5 42
25 10
22 27
1 11
28 55
6 45
9 19
16 29
19 32
21 35
24 23
7 37
5 53
27 52
22 23
9 26
11 35
30 69
15 93
8 99
7 36
9 9
28 33
14 25
27 16
0 9
16 96
26 43
13 90
23 83
27 35
15 97
5 71
11 100
6 64
18 80
11 17
13 63
17 57
12 36
13 10
23 65
2 32
22 19
18 52
10 78
0 16
5 64
14 100
15 28
8 20
9 74
19 6
21 21
13 66
27 99
1 73
27 15
18 44
1 21
22 38
21 72
1 84
25 77
23 9
17 40
11 89
10 64
6 33
29 77
15 41
15 45
23 16
23 21
23 72
24 94
12 51
20 94
8 48
2 83
13 55
20 66
19 100
1 17
24 90
27 79
3 3
26 47
23 48
2 52
13 63
26 91
3 99
13 73
25 80
24 61
26 25
11 40
13 84
21 62
19 75
21 64
21 23
8 92
22 22
10 37
21 38
6 10
6 28
24 13
3 79
1 67
20 69
12 38
4 45
11 70
3 90
1 49
10 31
9 82
26 45
9 74
14 2
16 55
27 80
10 62
13 81
25 99
6 73
7 39
27 74
17 9
1 99
5 96
12 60
24 11
24 49
2 28
9 65
24 18
20 75
6 17
27 63
18 10
10 10
4 57
24 90
14 91
4 70
14 79
20 87
15 95
10 88
4 76
26 12
20 97
4 2
26 60
21 96
7 46
8 41
30 14
5 53
28 89
8 52
14 99
3 84
8 56
29 8
24 1
28 40
28 37
15 91
27 68
25 61
27 12
19 92
2 46
18 11
13 7
3 96
1 26
19 76
17 16
17 60
1 95
0 99
30 49
30 45
28 46
3 96
25 68
12 95
12 62
14 3
20 96
27 31
13 77
9 1
26 43
7 88
7 61
4 17
15 55
23 12
17 2
27 62
14 71
16 82
25 70
19 100
29 15
10 46
7 78
19 48
6 34
12 10
27 54
17 14
25 72
25 73
19 2
12 43
9 15
20 10
11 84
18 37
23 99
6 49
29 71
16 42
30 7
21 40
18 25
14 7
0 40
2 8
18 7
13 10
5 83
24 86
12 96
0 2
15 62
4 94
12 68
9 54
19 16
22 88
8 83
10 57
3 36
5 48
11 38
24 22
30 46
0 60
19 64
6 100
7 68
30 45
10 31
8 9
3 85
1 98
13 51
2 60
4 41
1 86
4 69
3 79
6 92
30 79
18 86
5 44
6 20
23 53
5 30
2 85
7 93
24 31
16 58
29 16
18 97
18 56
14 79
17 99
19 67
18 61
12 96
13 69
0 45
29 81
1 28
2 75
4 21
1 90
5 50
16 66
11 80
4 80
7 37
15 100
22 60
22 39
7 69
27 54
2 36
26 19
9 22
22 74
21 49
3 17
19 20
27 94
2 77
21 42
3 85
17 33
0 76
7 71
19 52
14 55
17 87
18 83
25 98
30 85
30 26
25 52
10 95
11 39
22 34
10 97
1 83
6 84
8 26
20 60
4 69
1 54
1 56
29 25
8 23
0 80
10 19
30 80
14 75
24 38
16 63
8 24
23 82
1 88
21 83
19 31
23 27
30 60
14 76
28 30
22 70
10 6
10 82
20 69
14 22
20 11
8 87
27 70
8 84
16 15
30 49
15 70
8 51
21 7
22 51
9 47
11 14
29 18
11 1
24 15
9 54
24 94
21 53
26 83
2 1
21 30
7 20
26 14
8 28
17 51
29 17
7 89
15 4
6 16
7 65
27 11
28 39
0 35
5 26
13 94
0 15
23 79
12 53
25 19
4 61
26 28
11 12
22 92
15 9
18 86
0 30
9 32
2 24
15 71
20 28
8 77
14 32
14 11
1 66
21 23
15 88
7 59
21 39
13 70
8 49
30 53
5 48
11 5
6 1
22 93
19 52
10 96
4 57
30 99
1 13
23 28
21 31
17 89
4 45
1 86
8 19
30 44
25 59
2 19
4 76
2 88
22 89
21 30
22 9
17 10
21 95
30 46
13 61
0 33
8 65
25 70
23 15
1 64
10 74
10 31
6 2
25 39
26 83
29 86
12 61
23 82
14 63
3 97
24 11
30 63
10 80
27 87
28 25
12 21
6 16
27 52
4 77
17 47
2 27
17 4
25 31
13 55
28 21
23 9
27 81
22 39
5 38
10 95
19 86
14 42
22 60
26 92
10 70
0 96
18 29
11 86
2 11
18 18
23 18
3 93
9 75
17 31
6 68
11 73
27 37
20 11
8 66
7 13
24 48
12 79
21 51
13 48
14 42
29 91
27 42
24 33
2 80
7 53
8 26
16 99
10 68
26 58
23 16
25 84
30 16
16 56
28 3
5 24
26 97
30 89
10 85
12 40
22 89
24 92
2 84
28 42
0 83
19 4
28 97
2 60
3 15
27 93
7 72
24 21
22 69
12 14
29 11
29 3
29 55
5 5
0 2
30 77
25 58
27 95
15 35
29 66
13 66
10 22
1 85
0 64
16 25
5 36
22 65
9 58
13 38
12 86
25 54
9 25
26 14
11 23
21 47
20 67
25 86
8 27
10 36
4 68
8 16
17 73
2 11
18 30
28 10
29 57
29 47
20 24
2 79
29 11
15 34
23 16
14 87
11 22
13 65
28 34
3 86
10 7
12 39
5 81
6 89
12 57
23 76
23 98
17 44
13 12
12 10
11 90
25 13
0 5
30 67
25 8
15 74
0 4
27 26
20 72
6 6
22 92
22 96
9 40
28 49
0 8
6 16
2 53
5 38
15 53
10 82
11 62
17 32
22 38
22 98
19 88
18 21
21 17
10 30
8 21
15 9
24 86
18 22
18 44
15 93
30 92
26 1
23 44
8 98
18 21
1 5
2 23
9 98
18 79
23 22
14 45
20 29
26 11
10 95
21 70
22 21
14 64
7 55
26 61
8 65
21 84
24 94
22 41
19 76
13 96
30 47
3 26
10 75
3 67
23 75
27 53
30 28
22 100
14 88
20 26
5 15
22 27
13 36
26 85
21 16
3 95
20 93
22 50
26 66
22 93
26 21
26 26
5 24
29 83
1 64
7 44
1 93
0 14
13 41
29 39
21 2
0 84
10 20
20 40
24 96
28 51
10 31
22 69
27 42
24 28
14 43
12 27
29 64
4 57
25 49
18 81
4 82
9 79
29 25
6 73
29 57
24 93
19 90
20 29
21 53
21 93
21 7
22 38
25 43
1 45
28 1
30 84
2 58
13 8
20 81
15 84
28 38
22 58
21 22
14 77
1 100
30 92
26 76
17 39
23 41
12 60
17 61
7 51
11 44
11 9
7 9
30 26
17 79
24 83
16 21
25 44
13 99
16 18
16 59
26 3
8 34
15 77
28 59
19 34
22 10
11 53
17 58
13 78
21 84
27 75
29 16
9 99
26 45
17 42
23 17
8 98
4 62
23 89
14 62
8 54
20 74
17 19
26 28
4 14
19 11
27 71
8 80
9 58
24 8
26 18
29 66
0 46
16 34
3 63
8 66
9 43
23 92
5 58
23 64
26 73
6 12
7 58
28 69
30 70
10 32
5 37
29 73
20 86
22 82
23 68
8 31
11 98
19 25
22 39
19 33
8 8
8 18
11 15
7 78
18 26
7 45
25 98
8 16
25 99
5 85
22 86
20 19
15 14
28 49
19 60
10 22
19 89
8 32
7 74
3 90
24 3
19 48
4 94
10 91
28 31
29 93
10 55
18 61
3 58
20 1
8 4
6 28
5 79
21 72
24 20
0 98
1 92
7 99
15 22
13 3
14 65
15 49
11 32
26 22
4 64
6 23
19 40
16 1
25 65
20 36
15 72
9 67
24 68
12 59
16 99
12 39
5 82
23 57
9 29
6 49
21 27
17 99
27 90
16 66
9 39
15 91
17 42
18 66
30 35
7 87
2 68
25 72
12 58
18 67
15 33
28 35
20 42
8 64
25 93
24 95
11 21
29 61
20 82
25 39
19 28
7 88
28 18
0 72
18 65
22 99
24 97
26 77
24 75
9 62
21 83
25 58
10 7
26 65
3 64
9 89
6 67
14 81
10 3
0 11
4 17
29 16
20 14
0 71
13 76
14 26
16 67
19 65
27 74
28 69
26 94
27 10
26 36
27 43
3 81
8 44
13 40
29 42
24 76
1 43
0 82
2 33
7 57
15 90
11 55
9 23
4 84
28 16
21 100
15 78
24 31
6 17
2 100
15 64
3 9
7 39
6 88
15 85
15 19
29 43
7 29
5 91
14 12
30 70
23 17
18 41
14 11
30 68
27 75
4 97
2 70
9 82
20 76
4 94
6 28
5 48
25 7
19 72
20 87
30 73
19 80
6 81
6 31
15 66
15 41
5 100
8 5
17 22
29 13
20 32
22 94
12 62
15 79
26 24
27 78
27 77
1 51
0 64
19 65
14 4
15 30
1 80
30 97
9 37
22 14
9 24
2 22
22 45
12 53
18 10
5 35
0 40
23 24
13 90
1 10
30 80
5 33
14 8
11 7
9 73
30 81
9 22
17 97
13 100
30 13
0 78
7 38
26 13
26 78
14 89
8 82
9 24
13 29
5 59
11 17
30 75
23 43
20 22
28 96
8 59
19 22
17 55
12 16
5 100
18 51
0 25
23 3
28 14
11 66
7 78
0 38
8 78
4 69
25 49
24 55
22 42
12 8
28 47
24 50
11 47
14 26
21 97
0 86
15 50
8 93
10 57
25 60
23 73
25 86
16 26
30 88
25 6
9 69
26 72
22 99
23 14
11 95
6 16
15 30
22 51
3 35
20 94
28 10
15 69
30 74
0 3
22 57
0 21
23 83
15 77
4 88
1 60
21 48
0 94
0 29
7 55
5 85
14 41
17 84
17 43
10 21
30 97
23 40
4 67
7 6
8 4
26 68
18 13
15 91
2 78
15 15
5 26
8 32
12 15
29 22
17 96
22 90
25 26
15 48
13 28
15 62
16 66
7 26
30 10
11 56
30 100
13 27
0 10
22 51
10 53
28 30
5 66
18 40
2 14
21 37
22 89
28 73
17 50
29 64
20 15
1 73
21 80
18 90
17 50
23 66
15 64
16 13
24 55
6 81
0 55
0 75
24 44
30 94
18 89
10 11
25 84
1 51
15 35
8 75
0 67
3 70
1 29
5 33
20 80
2 61
10 31
25 39
20 18
30 96
30 62
21 8
22 32
11 75
2 74
19 19
29 68
6 29
16 31
7 40
4 45
25 32
0 4
2 70
1 30
1 34
0 37
11 97
14 61
10 26
6 30
2 78
1 24
24 55
22 92
2 55
9 80
24 5
1 89
3 75
13 88
15 84
4 33
11 69
12 15
14 71
20 15
9 46
18 96
13 76
19 3
18 42
26 86
8 54
28 17
3 69
24 25
25 76
8 97
8 10
9 40
21 22
30 73
17 94
10 77
11 52
24 94
5 64
7 11
9 80
6 51
0 67
2 39
29 8
11 75
13 91
27 41
9 53
19 13
7 80
11 21
18 4
30 3
18 50
7 48
10 78
3 39
8 16
7 24
24 15
16 5
17 9
13 13
11 53
19 29
23 74
10 76
3 50
12 62
19 91
1 64
11 88
19 58
8 57
14 91
17 77
8 8
23 25
1 4
7 60
28 41
9 46
29 81
8 20
24 39
0 3
14 11
19 31
21 53
14 35
15 81
22 57
23 79
4 60
16 26
11 15
17 17
17 60
8 53
4 63
15 51
1 1
4 15
30 88
3 57
22 36
28 97
3 16
10 92
26 83
23 11
5 1
1 31
15 19
30 53
14 99
29 9
30 34
18 45
13 95
1 54
0 33
1 29
7 25
11 90
6 63
12 17
26 13
26 34
2 71
26 79
6 29
29 9
9 21
1 50
27 44
3 27
25 55
8 53
14 57
3 46
29 52
10 34
30 83
29 20
24 10
25 54
18 9
8 22
16 93
14 54
23 20
28 87
22 90
2 38
27 77
12 49
1 8
12 76
25 32
14 2
24 6
6 32
27 22
27 20
12 38
21 67
19 9
7 24
30 22
28 32
0 35
11 51
8 75
20 34
11 67
25 53
27 54
10 8
7 21
26 5
19 75
19 61
3 3
14 23
24 38
22 34
28 96
21 47
2 62
20 80
29 54
0 22
22 70
13 23
19 45
7 65
6 73
27 54
22 38
22 84
23 71
2 2
22 20
19 74
25 65
21 7
17 99
16 83
13 80
8 62
19 65
28 98
11 15
19 37
11 26
24 89
11 34
12 1
6 6
7 43
10 54
7 60
25 36
21 74
1 86
13 100
22 79
28 47
6 57
29 63
19 29
22 65
22 43
16 72
9 51
24 66
22 100
19 52
27 21
11 31
19 89
8 59
29 54
30 79
23 41
21 66
25 1
1 43
20 4
4 24
7 13
3 45
9 68
18 3
10 46
12 49
29 31
8 88
9 17
18 32
11 20
4 70
25 20
26 30
14 88
25 68
26 75
13 20
11 32
1 78
15 59
25 18
7 9
3 95
23 77
30 58
30 25
11 79
9 92
8 23
2 23
19 11
1 8
21 86
28 6
4 59
4 86
18 52
15 40
6 66
6 67
1 95
4 44
3 80
13 29
8 90
17 2
23 91
14 37
25 1
26 84
6 14
18 57
25 83
20 39
28 75
2 81
18 17
19 50
28 64
1 73
6 42
22 40
11 40
16 15
24 4
17 83
30 31
15 75
21 81
6 62
26 73
2 70
23 50
11 65
30 90
11 72
14 18
29 54
0 11
30 30
1 28
1 95
28 94
28 98
27 90
22 84
29 56
9 92
13 47
5 16
30 79
21 86
24 10
7 76
8 57
12 1
12 55
29 13
18 89
13 74
16 27
12 93
3 28
3 96
10 61
18 41
17 9
16 65
13 27
8 49
3 68
23 96
12 100
4 93
13 32
21 14
18 7
15 3
11 26
15 29
26 41
17 92
0 54
15 84
0 55
24 60
14 27
8 55
27 71
11 41
24 34
14 97
16 8
0 75
8 86
1 32
6 80
7 42
5 21
23 95
22 2
18 32
20 36
14 80
4 35
8 45
22 84
5 49
17 25
29 1
24 15
0 7
13 53
27 79
25 26
20 70
28 92
14 59
26 53
7 75
28 12
11 36
0 19
2 30
4 63
6 29
25 89
17 8
28 2
6 78
29 81
15 64
29 100
2 26
27 55
12 32
12 32
19 99
14 40
1 18
2 86
7 45
9 10
30 46
2 32
19 41
12 48
25 78
9 89
19 95
7 82
7 13
13 54
12 67
10 61
13 60
23 5
30 54
2 79
8 44
9 60
1 9
16 8
30 86
1 25
20 67
28 18
24 16
16 94
18 38
12 30
10 97
11 82
28 99
3 99
29 64
30 1
10 44
1 82
27 14
6 79
2 60
20 63
28 50
7 57
29 1
10 38
27 12
6 58
19 34
24 26
12 24
7 39
21 25
13 64
4 99
10 33
3 48
0 30
18 90
24 31
16 26
20 68
22 15
11 48
9 57
8 60
0 75
26 10
6 19
20 22
24 10
14 59
7 100
20 74
16 29
5 79
18 6
13 93
4 79
9 53
22 91
30 2
21 51
30 76
11 53
26 38
13 83
29 25
25 30
28 50
19 41
23 29
0 77
27 37
4 25
28 30
28 5
7 56
7 57
27 62
26 60
21 49
11 70
23 59
1 16
28 12
7 37
16 93
20 34
12 31
8 13
25 52
19 70
28 80
2 16
9 94
6 32
3 32
18 52
28 86
0 31
18 67
15 29
13 98
7 71
8 63
23 92
12 45
5 11
13 31
17 27
16 54
15 88
16 51
1 88
3 5
19 16
0 29
1 1
20 21
5 67
13 70
5 50
18 90
26 92
9 78
3 9
19 91
2 61
30 46
19 24
11 19
22 22
24 81
17 65
2 56
9 93
23 44
9 13
1 28
5 2
21 3
29 86
29 36
8 49
6 97
25 90
26 29
19 11
15 53
24 95
14 80
4 95
28 52
24 1
20 35
7 89
4 88
29 71
22 92
21 38
8 54
11 93
10 42
16 20
23 4
9 39
21 31
19 46
3 80
12 97
29 98
4 55
1 30
28 90
21 87
11 37
8 4
5 88
11 6
12 13
6 80
10 93
29 33
15 99
14 32
27 94
12 56
6 46
14 2
16 100
16 45
21 10
14 90
15 39
28 79
21 94
8 75
17 96
19 34
21 97
26 54
1 85
5 50
17 33
12 24
20 55
19 15
27 29
7 73
26 79
30 19
29 77
28 31
0 35
29 19
24 91
1 91
7 13
24 48
28 52
23 90
22 81
10 51
4 63
23 76
14 62
30 92
13 62
25 92
14 91
21 46
19 65
17 76
6 68
10 35
29 25
6 29
19 93
7 28
26 88
24 56
0 63
22 69
6 51
4 40
0 59
6 99
25 92
9 36
25 5
28 53
10 74
12 100
21 51
29 55
22 3
18 50
30 100
21 13
19 55
30 74
27 28
18 65
27 12
5 27
2 16
9 12
14 43
1 47
22 93
24 14
19 1
10 70
6 78
11 74
11 45
23 78
4 85
8 51
21 23
15 62
28 71
18 83
13 1
21 13
6 61
25 86
6 93
18 22
27 98
22 96
17 88
10 54
18 95
30 55
19 96
20 63
10 42
11 95
25 80
5 44
23 7
21 25
24 95
27 98
25 7
17 9
10 78
20 40
16 16
22 67
28 16
8 66
11 8
9 60
9 22
1 12
16 88
11 94
16 56
26 11
11 58
28 26
13 70
25 72
9 52
10 3
30 27
2 15
15 50
27 95
9 96
1 95
10 63
11 36
15 97
15 12
12 84
14 53
3 5
7 41
10 77
9 57
21 29
29 13
21 3
27 28
4 84
11 88
21 21
6 95
0 95
8 49
26 21
11 76
7 44
28 34
19 17
16 25
25 30
5 38
17 93
17 85
11 35
23 30
23 33
28 94
17 91
8 55
16 95
17 88
21 78
30 50
1 14
9 91
15 4
6 73
28 92
10 54
4 18
17 52
19 46
27 43
11 83
13 32
14 44
17 20
29 25
5 31
17 80
4 16
4 61
13 55
19 56
29 27
20 52
1 4
22 62
7 85
0 83
18 66
26 46
21 6
16 41
25 1
6 13
3 74
29 69
22 92
7 32
29 85
11 15
30 68
24 69
23 61
5 63
23 12
6 23
27 71
27 74
23 41
7 7
18 54
19 94
25 76
30 42
29 82
3 29
15 15
3 25
24 22
14 60
8 35
0 41
23 86
21 3
2 88
13 91
5 34
29 4
6 18
12 100
20 22
6 32
14 94
18 86
8 6
0 36
14 45
14 47
27 48
28 42
27 79
24 93
30 87
1 53
25 72
9 59
24 90
2 36
20 84
3 43
27 34
7 79
17 4
28 34
20 46
5 68
26 77
20 62
5 25
16 1
5 82
9 64
11 73
18 73
14 18
13 32
10 61
9 84
13 25
5 8
29 27
9 44
15 33
8 20
19 48
16 63
0 47
4 28
16 49
18 98
13 100
29 7
13 45
29 56
0 66
21 38
12 5
11 32
3 82
15 42
14 96
30 91
11 9
30 56
23 16
23 49
24 45
14 41
29 100
17 47
5 74
19 78
22 32
20 29
28 46
3 36
0 43
16 7
8 88
26 71
28 67
5 22
23 96
2 70
12 83
19 12
20 36
25 92
28 48
21 94
10 89
5 54
13 97
23 55
4 86
1 34
1 13
3 26
27 40
24 39
13 4
10 29
11 49
0 99
25 37
22 31
15 37
8 64
23 71
6 44
26 49
30 31
10 22
22 99
18 20
29 75
25 63
24 86
15 1
3 88
29 78
20 76
27 99
26 76
8 61
18 30
27 79
12 20
13 10
26 86
13 16
11 13
22 3
29 52
2 45
19 47
26 36
2 100
3 19
21 34
19 87
15 89
22 9
15 47
20 24
18 18
12 27
8 97
2 78
18 45
12 59
29 18
18 20
6 83
23 12
25 100
0 68
7 49
0 70
12 3
6 42
20 32
13 52
8 71
8 97
18 92
9 68
22 26
4 66
1 11
1 9
5 4
13 27
8 63
19 5
11 20
12 74
4 10
5 94
28 6
5 8
9 7
0 83
7 45
27 52
7 86
8 15
12 88
14 94
29 39
18 81
30 49
5 94
24 79
23 60
29 57
2 11
11 9
11 71
10 68
16 79
27 42
29 43
15 96
12 48
23 7
6 57
18 75
9 60
14 83
9 35
26 46
25 81
27 98
8 26
25 14
9 28
13 35
4 78
28 9
18 24
15 44
4 19
29 60
7 30
1 78
26 6
8 49
2 54
19 77
20 86
4 2
13 10
25 41
26 10
1 3
11 70
3 65
2 23
9 95
8 97
25 26
0 22
27 60
16 71
19 74
12 53
4 19
0 86
24 21
9 12
27 98
0 83
28 48
3 52
1 54
23 72
4 23
6 90
22 91
0 23
14 10
26 63
6 76
4 54
19 53
28 60
14 21
26 9
1 50
30 11
10 91
7 74
28 53
26 35
24 20
18 34
4 37
25 78
14 2
16 37
16 19
19 96
18 72
16 99
6 51
23 60
1 43
20 7
12 95
17 25
5 21
9 88
8 49
16 4
26 54
24 50
6 48
16 36
9 6
27 72
18 61
0 92
25 95
5 13
3 2
29 91
8 93
14 10
24 65
8 87
14 50
28 13
12 26
14 72
22 76
13 70
16 32
5 94
21 3
15 59
28 36
11 72
0 16
27 16
9 2
15 30
9 58
2 31
28 87
10 91
27 71
29 35
1 87
19 51
25 1
19 1
11 2
26 7
20 100
12 88
29 30
3 85
23 84
30 51
30 17
29 16
2 69
20 7
9 30
25 73
10 41
28 7
3 71
19 33
11 73
28 63
6 12
0 46
2 29
7 69
26 36
2 8
12 52
9 93
23 54
27 84
28 33
20 31
19 78
13 93
25 37
20 72
11 43
30 96
8 65
28 83
13 74
10 13
3 45
4 9
18 55
10 15
9 60
2 22
26 14
18 28
20 46
29 88
2 20
20 21
9 24
1 33
19 40
2 9
16 75
18 57
13 51
5 35
6 67
25 45
26 74
5 86
2 21
3 96
1 4
20 64
3 75
21 72
7 46
12 3
4 71
29 6
1 94
11 46
25 11
23 86
29 1
30 67
17 46
5 52
22 1
21 99
3 90
29 8
30 84
7 16
26 97
11 18
8 2
1 54
22 48
22 7
11 80
7 78
15 55
8 24
9 71
24 71
5 70
28 56
8 63
23 4
24 31
1 91
28 83
1 7
27 15
25 61
18 40
21 38
15 6
12 83
30 84
18 61
7 85
1 20
15 14
8 28
9 98
8 26
16 65
6 40
18 82
10 10
2 83
5 24
11 51
9 79
12 19
3 72
1 88
27 73
30 58
11 30
14 34
23 76
10 24
27 99
20 96
30 9
2 65
11 12
19 100
15 61
8 81
22 92
17 11
2 22
10 2
25 70
10 74
5 97
6 22
2 40
29 96
21 78
18 74
10 68
15 36
10 61
22 44
21 27
22 6
2 68
26 26
13 18
18 2
2 79
7 14
16 53
16 82
9 39
28 80
11 64
10 95
7 96
12 36
23 17
27 60
19 51
27 61
25 71
8 21
22 57
27 76
17 60
29 11
30 38
11 77
10 44
6 52
24 63
7 4
14 11
9 29
9 48
11 67
15 52
30 14
9 63
16 50
1 6
21 73
18 58
28 3
16 51
18 19
28 91
27 14
27 14
0 27
30 16
6 68
2 41
7 90
22 88
24 74
9 65
7 19
1 12
17 45
30 51
17 82
7 63
23 41
19 77
5 10
19 78
0 57
27 14
20 24
5 17
6 8
23 22
11 22
30 92
6 34
9 36
11 51
25 99
25 11
30 35
26 17
16 66
22 24
12 41
23 7
3 77
16 80
11 69
6 63
21 69
22 44
3 40
4 89
13 14
25 90
27 96
13 89
23 23
30 76
10 16
13 97
16 25
22 23
4 36
18 65
1 33
28 65
6 23
10 25
10 66
4 52
12 3
20 83
10 90
26 44
6 98
26 45
28 32
23 10
11 20
12 79
13 47
22 9
18 3
18 5
7 55
21 18
0 78
3 83
1 88
19 66
25 81
6 86
29 4
16 30
18 76
29 48
4 1
6 25
4 10
13 54
2 4
19 6
16 7
4 44
2 94
11 5
14 75
14 50
15 28
25 63
27 77
0 25
29 68
17 56
17 43
24 47
17 47
14 90
9 12
8 17
2 35
28 69
9 59
5 91
6 61
29 45
10 18
14 49
29 55
4 25
7 39
28 43
2 57
8 49
26 67
17 70
26 91
25 32
12 94
19 30
22 83
3 54
8 70
6 5
9 5
18 34
18 26
28 64
3 84
3 1
30 4
23 67
4 83
13 79
12 88
16 62
16 59
11 80
21 83
26 14
16 78
11 56
3 77
1 25
19 91
21 79
6 6
23 51
14 24
22 91
3 58
2 78
0 2
26 95
12 70
18 17
5 27
26 98
11 55
24 22
15 73
27 71
30 10
30 20
17 49
3 20
27 87
18 12
12 28
30 11
18 100
23 68
11 80
23 47
6 95
5 40
7 57
18 24
2 46
27 7
8 42
30 7
11 89
28 30
8 64
26 72
5 2
7 6
24 42
29 65
11 5
2 7
1 81
29 95
17 97
2 84
5 58
6 99
0 49
22 62
7 64
29 64
23 11
0 98
13 58
21 40
23 66
8 29
27 20
19 91
28 14
2 24
16 54
5 52
17 100
17 92
28 25
7 72
14 25
24 17
29 96
27 87
20 99
14 75
14 50
22 45
8 55
6 83
20 2
19 70
20 21
9 31
9 67
19 53
5 58
5 18
22 56
29 73
22 41
28 13
8 35
18 58
10 67
27 37
22 61
16 76
23 53
24 31
21 9
21 97
25 18
28 20
13 64
22 67
13 81
21 57
21 62
1 41
0 56
24 21
4 45
12 19
2 100
28 1
12 67
10 56
23 58
5 92
17 15
2 30
16 57
19 18
12 39
11 51
8 17
20 56
26 30
9 2
2 8
8 51
15 55
22 51
0 59
30 49
28 25
16 68
3 51
0 56
21 4
11 47
30 43
25 51
30 74
21 83
10 87
19 83
4 4
1 38
11 37
16 44
30 40
11 96
10 79
20 68
11 31
29 56
15 57
1 83
8 73
16 48
1 53
16 82
28 85
7 50
6 60
30 18
14 70
28 19
2 33
11 6
20 22
19 63
29 74
18 70
15 52
14 93
29 63
16 24
6 47
21 20
26 3
11 17
12 93
6 13
24 76
13 1
21 65
1 16
25 61
17 77
25 79
3 40
20 19
5 29
12 79
5 69
2 6
14 63
19 70
24 2
20 28
14 48
22 39
12 55
5 1
26 55
29 46
25 33
16 96
24 28
8 81
18 20
26 94
9 57
3 54
26 57
18 57
25 91
9 34
7 50
23 40
25 78
19 75
17 48
11 75
0 56
7 81
18 11
6 45
11 53
20 46
2 81
17 21
13 70
22 45
21 21
6 95
8 71
22 29
20 69
12 90
11 88
14 39
15 78
17 68
26 16
17 51
5 26
15 76
5 56
27 74
17 50
29 22
26 82
26 39
25 45
4 26
7 37
28 23
14 62
6 79
2 91
18 52
24 15
7 44
9 24
15 27
27 11
6 46
17 96
30 92
30 41
15 26
27 35
26 43
10 60
26 91
0 75
22 44
28 73
15 17
30 90
5 25
22 6
5 79
21 80
27 60
23 5
2 12
9 16
3 2
25 81
25 28
11 54
14 25
19 11
1 20
5 64
2 72
28 13
2 8
23 10
16 67
4 22
22 47
30 34
27 10
19 41
14 63
6 86
19 62
22 67
0 39
23 30
15 100
9 42
25 18
29 56
11 53
27 25
7 59
20 72
22 12
21 50
14 14
1 66
21 93
16 50
11 71
5 73
6 23
28 34
12 45
19 73
18 53
13 89
30 2
13 88
26 72
18 21
6 49
29 15
5 88
6 25
20 71
20 49
27 54
2 92
3 48
15 89
9 39
5 55
23 99
9 13
0 70
19 34
16 70
26 29
14 99
6 33
14 93
5 89
5 15
29 61
19 29
18 5
26 2
24 72
8 63
21 89
30 7
2 89
29 92
2 21
9 100
8 27
23 75
9 21
21 92
26 70
3 5
10 65
24 88
30 75
8 10
11 64
6 98
30 28
19 55
25 44
4 7
29 98
26 4
27 41
14 38
19 98
5 25
2 60
14 87
20 44
17 77
0 27
20 64
27 66
17 83
11 4
14 64
6 42
6 46
15 2
25 72
18 64
15 91
12 40
11 33
17 66
4 94
6 16
20 86
23 48
30 40
9 81
27 36
20 3
14 20
7 51
7 22
29 31
17 100
23 88
17 47
22 85
30 79
10 60
28 5
11 2
0 89
9 65
21 16
29 85
11 52
8 10
14 20
9 49
1 20
27 27
1 71
27 98
7 35
13 79
3 70
12 89
17 36
25 48
28 39
14 60
12 62
27 53
13 88
9 27
24 50
10 2
16 8
30 32
7 9
10 21
16 25
0 33
1 52
1 69
22 32
13 1
23 3
21 50
8 60
5 42
19 64
23 51
5 52
6 52
18 71
4 83
12 82
25 3
20 49
27 9
16 98
26 31
25 25
0 44
0 99
15 58
17 30
17 79
8 35
10 24
5 79
16 15
16 92
10 75
0 39
23 39
27 46
23 97
23 88
11 76
30 55
27 89
18 65
17 55
14 15
11 55
3 12
22 46
7 54
21 82
9 25
16 87
11 51
7 9
0 51
10 41
25 58
3 96
3 98
19 56
23 22
5 67
24 85
9 94
30 71
18 38
27 51
5 63
15 26
4 74
26 15
20 96
0 84
15 29
9 31
27 67
30 22
3 70
23 28
26 85
10 1
13 65
18 31
10 53
25 23
20 20
6 38
6 80
22 78
25 91
15 25
30 12
10 60
25 9
1 16
19 25
21 22
28 51
9 17
29 33
21 96
27 17
4 26
19 25
27 70
22 100
24 96
30 81
17 92
23 99
29 17
8 90
27 56
1 50
6 9
25 8
28 66
1 51
5 58
8 73
16 98
14 71
17 49
8 77
10 42
24 65
21 6
10 6
12 22
28 39
4 16
11 78
30 45
14 38
3 76
13 43
1 9
9 75
11 82
20 14
10 25
1 40
11 18
8 53
5 48
26 7
18 91
28 61
8 62
16 60
19 84
25 5
27 21
22 57
24 83
9 95
17 10
30 17
26 76
21 93
8 53
27 17
4 94
15 59
19 45
25 21
11 61
18 88
11 1
6 45
9 64
13 67
25 10
14 90
26 100
25 85
18 18
29 81
8 14
15 9
7 43
7 36
24 94
21 70
9 13
1 31
22 97
15 78
8 53
17 78
29 69
24 57
20 17
13 78
1 42
3 72
28 25
17 18
14 91
28 54
27 80
14 71
6 10
20 66
13 5
5 77
16 25
24 99
28 46
20 40
13 49
29 67
8 68
28 53
30 39
21 5
23 76
21 76
16 12
23 30
15 40
8 3
20 100
17 73
9 49
17 43
8 51
7 13
27 42
2 60
18 12
7 23
29 51
18 1
17 29
27 12
10 55
12 26
14 88
17 35
8 12
6 54
19 82
8 47
0 14
28 60
5 21
18 77
21 53
19 13
21 96
17 43
10 82
27 86
15 42
18 16
1 48
9 47
5 69
11 30
12 32
17 89
17 2
11 32
29 59
18 52
21 33
19 15
21 89
29 95
11 91
9 99
29 90
6 80
5 64
7 61
27 3
13 17
22 67
8 44
6 10
22 96
8 34
19 86
30 95
15 49
14 57
28 74
10 37
25 70
26 55
21 95
13 27
4 40
0 63
7 20
21 79
12 41
9 35
14 53
12 10
9 59
7 85
1 84
2 34
5 60
27 84
1 66
7 19
2 35
14 47
0 91
23 31
9 65
12 89
11 49
18 37
12 82
24 88
16 61
20 64
23 2
15 75
15 91
24 86
1 78
27 39
23 35
8 71
23 96
8 12
14 9
11 40
26 98
19 66
8 37
9 3
18 69
30 93
1 45
4 9
20 66
13 8
23 4
19 28
11 50
23 15
19 80
9 9
27 2
14 25
27 31
17 26
5 98
23 34
14 73
18 10
23 1
5 89
26 29
16 54
22 50
2 46
17 64
11 46
24 94
22 16
23 71
16 70
20 89
13 74
10 43
10 73
8 57
29 7
2 41
17 43
28 59
8 80
15 70
14 36
11 58
26 30
0 13
25 81
24 13
16 24
0 42
20 71
5 55
11 36
15 10
10 91
28 34
11 33
24 55
17 88
12 8
17 16
16 33
28 55
7 92
27 71
30 69
2 76
21 77
16 44
25 16
12 29
6 90
30 81
2 14
19 6
3 51
0 39
8 91
0 47
23 63
6 4
26 69
15 82
27 81
23 5
21 87
29 40
28 78
22 43
30 27
3 88
23 75
1 13
14 82
30 3
16 80
1 88
30 24
8 83
26 81
12 91
16 97
6 32
26 54
15 67
29 24
7 34
18 76
24 49
7 59
23 55
18 98
5 57
20 38
12 28
20 66
13 1
21 86
26 5
19 62
13 99
19 41
3 18
29 23
27 89
1 67
18 93
25 17
0 12
1 96
11 61
22 52
11 83
15 38
2 89
3 94
9 18
11 24
1 78
29 30
23 94
23 20
20 90
18 74
11 5
9 81
20 36
8 93
7 62
4 79
12 89
8 19
10 61
6 95
7 15
11 68
8 60
20 23
2 36
2 36
15 91
4 33
5 12
20 78
12 94
6 60
0 53
4 51
19 39
22 76
29 83
30 14
14 42
29 81
29 66
14 44
16 18
15 24
20 99
10 63
14 73
21 28
12 43
14 53
24 23
10 61
19 36
0 29
17 59
29 73
6 45
20 77
8 62
7 61
16 52
15 91
18 79
2 67
17 47
2 55
17 80
5 69
19 62
16 75
7 74
6 71
10 7
17 71
30 56
27 13
12 69
18 81
6 64
21 13
10 26
3 78
22 9
20 97
10 51
29 50
8 78
4 86
1 90
26 62
16 52
8 17
17 3
11 3
4 61
16 87
24 69
17 81
1 11
2 60
23 72
19 26
14 20
17 68
15 26
17 66
23 34
0 10
1 22
30 93
28 59
27 17
19 73
30 33
12 28
10 46
11 25
9 73
19 13
11 94
20 23
15 44
2 38
23 88
1 18
13 68
28 96
13 3
16 75
15 2
22 53
0 27
9 20
25 61
17 59
20 66
14 67
29 34
17 49
8 42
14 22
8 97
20 48
5 99
4 44
29 20
21 91
13 51
23 80
13 36
10 18
1 54
22 45
0 98
3 86
21 83
22 93
5 64
26 29
11 78
28 14
14 72
1 49
22 58
2 25
3 11
9 35
13 76
16 42
28 5
23 69
17 21
12 49
15 47
21 58
17 91
16 56
20 77
24 85
28 17
12 93
10 93
15 14
13 7
22 99
11 52
19 85
7 81
22 62
1 83
29 71
24 12
22 83
14 66
12 33
14 16
24 66
11 80
21 35
1 64
27 61
7 82
30 78
6 50
22 6
8 8
1 7
7 98
23 35
28 16
14 47
9 18
4 77
30 17
14 22
7 78
1 28
26 43
9 93
13 82
13 59
21 28
11 62
13 80
13 2
20 95
6 19
17 91
10 58
4 13
4 25
0 95
1 27
15 7
17 52
16 98
11 99
18 86
7 94
27 40
11 32
28 81
2 23
5 94
8 9
11 34
8 14
6 2
24 68
8 70
20 80
5 76
3 27
12 31
9 1
20 68
14 21
8 27
16 44
8 35
22 77
7 90
8 97
16 71
18 76
11 17
13 2
9 52
4 68
14 28
19 8
7 40
9 94
13 14
1 29
23 66
14 77
15 95
27 1
21 97
20 30
29 67
19 94
3 42
8 5
5 99
2 53
25 68
11 99
3 18
4 73
16 4
13 100
2 39
24 57
1 22
10 30
6 12
21 47
15 55
21 48
4 17
2 41
2 6
25 48
8 16
0 34
7 88
12 67
10 80
10 58
3 32
3 91
9 76
13 16
8 24
1 44
16 8
28 2
15 59
7 64
14 9
20 51
2 28
29 25
14 9
9 97
14 32
10 95
19 19
13 68
23 53
12 37
14 14
25 46
6 48
5 30
14 43
15 98
2 35
24 31
3 32
28 12
4 97
5 94
26 75
14 30
19 41
5 86
11 100
23 60
14 77
5 63
1 71
1 43
24 87
28 16
23 50
28 50
22 74
18 95
18 24
25 40
29 95
19 12
30 88
28 6
5 73
4 71
5 11
28 29
17 85
26 97
4 65
26 66
12 85
25 69
29 14
10 18
27 76
1 71
30 68
19 84
20 76
11 90
3 87
26 69
26 89
1 61
27 6
14 78
1 96
4 27
24 80
28 28
7 64
17 68
21 33
25 38
25 87
3 7
9 56
25 20
25 74
28 98
24 57
26 88
20 62
21 45
23 13
12 98
9 55
16 45
26 64
24 68
24 48
23 20
17 11
23 18
18 20
17 78
11 42
26 76
28 23
3 16
10 17
1 77
11 100
18 12
13 25
2 93
5 98
12 34
10 27
21 56
10 79
24 29
25 69
24 30
28 10
9 55
4 45
19 100
12 9
29 81
12 98
23 39
18 15
19 47
12 13
17 65
15 7
1 61
3 10
23 42
27 52
14 58
0 8
16 6
28 57
16 35
0 7
17 17
19 93
15 43
17 62
26 38
15 81
21 51
24 11
3 37
29 65
2 72
1 94
12 82
27 3
4 42
23 90
23 80
18 24
6 20
6 67
21 32
22 34
12 12
30 48
3 99
25 38
6 80
26 40
19 26
14 58
18 9
5 65
28 54
27 100
9 76
26 95
25 16
15 30
5 50
5 74
19 3
25 59
24 59
16 11
19 71
2 36
20 98
7 90
4 34
18 52
22 71
5 96
9 17
29 27
10 24
9 19
30 49
11 51
14 2
24 41
0 5
18 32
27 1
21 68
16 76
14 95
14 23
25 40
27 56
10 62
17 42
11 21
17 73
13 92
6 18
16 16
21 73
14 68
6 69
9 60
18 84
1 24
30 43
13 18
0 46
16 73
7 93
11 40
3 70
28 93
4 78
0 18
28 64
16 81
26 16
12 10
22 67
27 45
3 21
0 47
29 66
19 72
24 85
12 51
5 72
30 94
18 35
4 68
30 5
3 87
3 57
12 89
8 77
13 1
25 99
24 97
10 71
23 18
1 87
3 86
23 14
20 31
24 4
3 71
10 23
5 37
13 81
14 18
28 68
20 81
23 73
1 54
28 66
0 33
4 67
29 86
13 84
23 57
15 94
14 93
9 6
7 26
29 96
10 13
30 30
1 67
10 93
7 79
23 56
12 18
27 77
29 52
9 11
12 39
30 19
28 45
21 15
4 19
19 15
22 35
19 61
20 70
18 70
15 63
16 70
30 22
28 94
6 100
26 58
29 73
12 66
5 36
11 3
22 18
3 52
12 82
16 95
23 81
11 97
7 21
9 34
14 26
27 66
0 59
10 92
20 31
27 87
28 7
21 40
14 22
26 13
9 95
5 12
20 36
20 28
17 47
26 10
6 99
7 83
29 86
29 58
13 28
25 63
10 40
10 2
17 78
9 50
24 57
8 95
2 6
25 81
10 65
30 89
9 98
17 100
27 21
2 21
3 69
9 49
26 58
27 45
13 17
3 15
14 24
10 81
22 21
15 36
16 95
11 57
3 42
26 45
16 97
0 20
29 28
27 4
11 1
18 32
2 37
13 68
4 36
15 38
14 25
15 57
9 78
4 39
19 63
30 17
25 41
15 1
15 97
23 89
18 41
24 22
16 57
13 30
18 6
28 51
0 45
24 87
27 27
20 80
3 88
13 44
30 79
26 24
29 23
8 12
30 62
3 67
8 3
21 38
30 25
3 32
7 9
15 95
7 52
29 38
1 9
18 83
15 24
1 64
6 75
6 55
14 69
4 8
12 14
9 40
22 31
8 40
6 13
9 78
23 80
15 12
20 63
22 73
18 37
7 88
8 70
12 77
14 90
23 34
10 18
8 43
7 56
13 67
2 87
6 20
30 96
9 80
5 23
3 25
26 58
1 60
10 84
18 99
0 43
10 85
29 78
29 26
15 85
7 96
15 74
18 97
24 16
4 35
9 16
17 16
24 2
22 79
10 66
8 67
29 27
13 34
26 90
24 57
24 32
25 78
5 8
2 30
19 29
27 10
25 72
1 67
24 5
25 55
13 9
7 65
10 2
20 19
19 81
26 22
29 64
27 58
26 73
0 61
24 97
18 68
22 85
20 26
10 60
18 45
24 2
10 82
20 19
1 74
16 20
13 53
13 65
27 37
16 22
0 23
25 3
4 22
14 51
22 5
19 100
11 34
11 74
21 46
18 1
8 25
7 85
6 8
1 2
30 91
12 8
8 13
20 20
26 7
22 25
6 39
13 7
15 83
21 92
0 31
14 1
22 71
2 8
22 17
26 63
16 100
0 14
3 1
8 32
25 79
24 88
15 25
22 24
2 23
27 94
17 92
6 66
22 20
28 28
27 95
20 30
24 13
9 79
1 19
18 93
3 71
17 75
16 46
13 51
17 94
1 71
23 4
27 42
2 15
17 5
18 90
16 75
3 29
27 43
21 20
0 88
13 67
13 40
25 60
3 97
13 94
19 70
24 28
29 18
1 96
5 15
12 51
22 22
6 92
13 71
0 97
13 32
4 70
7 67
6 74
14 94
30 15
4 69
22 81
20 55
15 66
2 94
26 29
7 96
24 37
19 18
17 23
20 23
7 27
29 21
20 75
21 80
24 49
9 2
1 9
17 71
27 15
6 100
8 29
28 32
17 34
4 23
13 70
20 10
12 58
7 77
12 87
10 62
27 81
19 42
4 36
3 56
16 65
14 43
16 11
24 39
22 33
10 4
26 24
4 10
11 34
6 73
16 92
12 10
6 26
22 31
16 72
27 64
3 74
12 77
30 57
28 18
23 44
15 100
12 32
1 78
7 1
2 80
3 89
10 70
2 76
2 99
20 18
15 97
28 84
3 21
3 49
23 76
20 50
7 16
15 97
17 4
28 52
21 21
30 72
1 15
2 40
2 38
23 4
27 35
4 14
9 96
2 34
10 44
15 61
26 42
20 12
17 33
8 16
11 36
7 70
21 37
23 26
14 66
19 80
16 62
20 96
6 36
29 26
13 53
30 37
17 87
12 9
23 1
1 78
16 96
10 12
16 82
5 94
29 40
28 34
22 93
16 68
3 54
26 77
23 38
27 56
5 8
14 26
20 63
22 12
16 72
6 100
11 59
19 2
27 32
19 47
26 87
20 81
10 98
28 19
8 82
1 39
14 8
19 74
5 90
8 44
8 61
4 4
6 82
24 31
17 97
28 75
15 53
0 51
2 57
7 50
22 22
4 97
21 5
4 17
6 29
17 20
19 1
16 12
20 70
1 43
4 4
5 16
4 48
21 50
11 69
25 95
26 99
23 62
13 68
16 99
30 33
23 72
29 98
30 22
0 32
16 5
3 1
23 22
11 35
7 88
23 2
16 24
24 99
27 65
22 90
29 21
16 32
2 71
10 54
21 100
17 45
19 96
5 24
3 51
24 33
8 17
6 93
13 16
21 96
26 16
10 85
4 100
17 46
0 3
28 78
7 98
13 23
3 66
28 11
28 22
6 50
18 10
30 91
15 69
0 69
24 43
28 83
23 38
5 58
16 86
18 10
29 38
23 95
22 96
23 53
21 97
4 36
17 30
11 3
0 82
24 62
22 77
24 62
30 14
27 73
7 8
15 76
24 4
21 20
6 77
16 70
1 37
2 38
15 43
17 99
7 26
19 44
9 44
6 52
8 33
22 2
8 1
19 86
16 51
1 35
1 96
13 22
13 97
29 11
1 100
30 27
4 34
11 7
28 62
27 15
10 58
12 61
8 44
18 21
22 4
21 74
21 8
5 23
11 44
4 42
29 6
14 69
15 31
25 32
26 33
0 83
18 26
30 42
0 54
27 27
27 73
25 22
18 12
5 93
14 26
12 41
2 19
24 18
12 37
13 47
26 12
6 36
9 43
5 6
2 12
24 67
10 80
1 19
2 13
24 49
20 85
13 95
16 25
11 50
9 29
19 78
13 5
22 100
24 73
18 11
1 76
29 60
4 26
5 52
13 11
3 37
30 25
27 67
26 14
8 53
3 84
1 87
1 61
13 85
24 18
24 58
27 12
10 7
21 55
6 58
27 88
6 29
3 75
19 78
4 55
15 93
30 23
29 63
9 78
11 44
27 57
9 76
24 34
24 90
1 76
29 43
0 10
2 57
27 52
26 91
17 86
13 49
3 47
29 12
21 67
28 38
8 46
26 20
9 85
30 53
0 30
9 49
12 6
11 51
13 43
2 65
17 34
29 39
16 74
30 100
22 59
0 9
14 30
7 3
6 29
11 21
26 14
3 30
11 33
13 28
19 81
18 7
6 22
29 64
6 22
14 27
10 81
19 30
25 66
7 85
3 97
27 23
21 86
18 14
20 30
24 7
18 3
15 39
23 85
21 67
5 40
16 64
30 79
28 29
29 84
11 66
25 53
4 4
13 62
18 25
28 99
8 79
2 17
5 19
7 54
1 96
12 8
25 37
3 89
7 23
19 78
10 58
16 97
14 23
2 76
8 59
30 37
5 81
23 68
3 31
2 15
12 89
28 20
26 59
24 49
18 53
16 27
0 41
24 58
20 29
8 75
0 24
4 14
11 42
19 16
5 35
30 16
4 70
4 31
25 83
27 27
20 26
10 27
15 3
2 82
4 76
2 91
14 8
16 55
3 22
19 81
24 36
4 32
20 78
18 28
27 18
28 28
26 29
0 39
3 29
0 3
20 93
22 71
26 96
5 29
13 15
0 79
30 93
17 24
5 74
28 52
23 4
13 48
10 71
29 96
23 58
12 23
2 18
30 51
11 53
25 20
16 68
6 64
29 27
4 88
12 13
23 56
24 71
15 65
5 74
10 61
18 11
18 96
22 68
28 91
0 2
16 44
12 62
4 100
20 93
21 88
9 24
22 32
0 64
0 12
11 34
19 4
22 17
15 81
30 56
14 1
7 91
16 70
18 44
5 86
13 40
1 77
28 8
7 95
24 74
10 29
28 91
29 26
21 91
19 21
24 78
20 25
12 5
1 59
10 83
0 87
29 68
24 93
0 82
15 69
4 88
9 43
19 22
2 73
22 94
0 72
19 7
23 82
18 31
15 39
12 8
20 77
18 90
17 20
2 90
29 23
4 19
20 62
30 33
8 82
11 5
6 60
21 76
19 58
30 92
0 62
5 85
1 70
28 74
7 62
3 48
8 18
2 61
16 43
22 47
29 72
7 87
19 92
24 91
14 41
17 26
27 76
18 13
8 89
30 55
6 62
26 33
0 61
30 18
11 95
3 42
12 78
3 29
7 11
24 10
25 89
29 19
12 1
22 39
20 80
30 10
3 7
27 14
14 77
9 3
10 84
13 32
23 10
17 71
30 22
20 45
8 58
29 49
25 70
6 87
15 67
13 57
27 6
2 19
17 20
15 33
7 4
13 1
8 56
24 60
10 35
4 69
16 93
15 16
7 85
23 69
16 52
11 60
17 44
1 74
7 89
29 10
6 87
5 11
8 26
30 15
18 45
18 85
6 32
0 13
19 16
14 67
19 24
11 96
0 24
12 95
3 23
9 62
20 5
30 46
17 12
24 31
17 22
24 56
22 73
18 81
3 19
19 65
1 58
2 20
9 97
15 28
11 50
2 58
23 40
30 88
24 66
17 93
28 36
7 55
21 80
10 46
19 9
16 10
23 33
13 28
1 52
2 15
29 26
1 61
29 61
14 48
14 51
10 93
16 38
17 46
25 93
20 93
29 83
26 36
9 7
7 70
21 57
19 37
1 43
19 18
25 98
25 23
8 74
23 93
11 89
13 18
7 60
19 63
0 47
30 27
30 22
9 20
2 17
25 92
2 93
12 64
0 70
23 8
0 8
5 65
12 34
12 25
14 81
1 33
0 16
1 1
18 1
28 89
9 45
13 93
16 89
8 63
13 71
0 90
23 74
8 71
9 40
0 90
25 70
21 20
24 84
23 63
18 77
7 33
5 6
15 63
25 95
7 24
10 80
15 8
21 54
20 38
14 11
18 57
0 27
8 28
17 21
1 44
1 79
21 47
14 57
30 13
8 83
6 66
23 17
17 32
12 35
6 79
17 19
28 47
1 73
23 3
15 84
19 46
28 80
12 20
16 60
28 71
15 49
3 65
17 5
0 55
20 88
19 28
4 44
30 94
30 72
28 51
4 24
22 35
0 98
7 22
0 26
14 5
23 53
8 63
29 31
14 83
16 68
2 69
12 47
11 92
1 3
3 83
29 38
4 29
20 95
29 86
7 43
23 33
9 59
17 9
28 72
7 48
19 65
27 30
7 37
11 51
8 66
29 6
22 89
24 21
26 79
2 46
4 15
22 27
27 43
28 33
20 67
25 27
15 50
22 25
15 9
26 55
6 24
7 40
15 45
2 76
10 72
25 84
14 95
21 58
30 75
7 55
8 16
16 55
18 13
4 8
24 3
14 57
20 29
23 89
24 61
4 61
27 34
17 42
15 11
22 92
23 73
21 55
18 20
26 37
29 41
19 4
30 100
6 50
20 62
28 69
12 50
11 46
27 44
6 39
23 47
15 36
29 5
28 90
11 80
17 49
11 17
9 16
14 97
0 72
10 98
23 43
7 32
15 89
0 34
22 76
7 36
2 28
25 61
3 5
15 99
14 56
4 22
18 53
21 42
25 3
14 80
18 79
2 14
25 69
30 80
6 3
26 23
8 75
17 10
24 8
4 83
18 26
2 88
24 53
1 60
5 62
14 96
0 3
27 53
16 16
19 24
4 77
23 12
1 69
10 60
29 18
11 43
28 86
0 84
1 69
7 48
23 51
19 5
12 54
12 97
10 23
14 91
14 98
3 70
16 38
6 31
3 87
29 66
12 59
8 58
26 68
16 29
9 76
28 93
17 73
11 11
15 42
4 71
18 95
16 49
2 67
16 44
19 45
30 68
13 16
28 19
16 73
12 24
10 54
14 95
6 1
2 64
3 36
6 85
30 72
29 56
8 14
10 57
4 84
25 64
5 70
23 35
17 12
7 55
7 35
23 76
0 93
9 61
3 42
4 96
22 11
6 56
5 83
17 83
9 29
11 83
9 28
8 76
23 63
17 97
14 52
10 69
24 64
27 74
28 16
24 42
0 58
15 90
11 27
8 75
16 39
19 20
24 88
20 38
29 88
6 100
2 97
9 41
1 28
17 47
25 40
2 35
4 35
12 29
15 27
3 83
4 21
20 74
12 25
24 98
12 58
20 78
26 16
9 54
11 12
1 43
10 6
14 20
10 44
28 49
21 38
27 40
9 27
19 52
6 27
5 82
1 47
29 81
2 76
25 46
7 3
8 95
17 90
21 20
1 96
19 24
1 75
22 57
11 8
4 78
10 58
25 58
15 41
19 91
27 42
12 44
25 65
13 6
6 46
13 26
17 63
28 6
13 86
22 39
6 74
19 86
15 56
17 38
1 3
2 82
1 59
17 33
23 61
26 82
1 57
0 72
24 45
26 86
15 13
28 16
2 78
5 60
0 68
7 22
28 26
15 59
16 10
7 77
17 71
30 37
10 99
6 25
25 3
0 73
28 46
9 26
15 68
2 19
13 77
12 8
23 10
24 9
6 44
29 87
21 88
6 68
14 66
2 43
23 30
4 19
21 36
28 96
14 68
3 21
4 92
25 59
20 49
2 25
25 82
13 30
18 76
5 32
9 36
1 89
2 26
12 81
13 45
11 14
24 70
23 55
12 88
11 57
23 11
26 79
23 5
29 75
17 6
28 7
29 58
29 74
17 14
0 13
27 63
2 38
28 16
0 70
26 18
25 24
3 21
11 9
14 10
1 45
26 52
15 51
8 22
16 48
7 63
7 39
24 82
12 21
1 36
2 37
28 53
29 27
17 43
22 26
11 66
26 72
25 74
8 17
24 42
19 13
18 97
10 9
6 27
13 56
8 20
7 67
23 26
13 13
12 10
1 16
20 51
30 63
7 36
18 76
25 22
3 50
15 67
25 86
27 27
22 71
20 84
21 62
16 25
3 98
7 13
26 47
6 19
19 72
18 85
1 27
11 2
1 93
24 90
6 22
12 24
21 86
22 9
1 82
19 17
6 8
27 81
13 28
0 28
25 57
6 48
29 71
3 46
10 33
26 52
29 99
18 31
22 75
16 100
21 25
23 12
27 23
7 91
11 48
29 59
6 83
29 96
25 13
7 99
21 73
8 74
23 18
30 48
4 50
17 19
3 13
26 48
11 84
1 2
30 23
15 40
6 94
11 36
20 41
15 83
26 78
17 37
23 81
1 52
25 88
18 4
17 44
21 79
18 27
23 17
3 50
30 61
21 94
11 68
18 46
20 92
22 81
20 80
30 43
3 43
8 39
28 3
23 94
20 34
0 22
29 3
7 15
5 94
15 80
29 52
21 30
19 48
15 61
30 75
7 80
7 57
8 61
21 65
28 89
23 57
5 33
23 1
7 68
10 34
6 27
27 37
17 70
9 51
18 63
28 5
15 64
18 51
5 81
6 84
21 33
15 74
3 97
15 78
9 23
2 53
28 18
17 76
6 47
27 75
29 69
13 78
24 43
24 48
27 61
8 28
29 3
23 86
27 40
20 77
7 14
21 79
21 15
21 38
9 91
25 36
11 5
0 90
8 32
11 89
0 84
23 67
23 80
8 58
4 82
12 91
27 82
22 11
13 52
1 19
14 11
0 82
15 90
7 35
27 81
19 67
2 88
24 86
1 92
26 49
19 60
8 50
26 47
30 89
1 41
16 11
9 83
14 59
27 46
7 6
12 92
6 65
12 16
22 26
29 69
25 91
3 77
29 2
23 74
26 77
23 88
4 10
3 54
6 18
5 45
2 90
26 73
23 33
17 92
26 27
15 68
8 81
14 87
19 44
17 56
1 39
23 15
14 40
4 5
11 25
30 11
24 95
25 79
9 11
27 8
8 31
30 91
22 83
26 63
2 60
4 10
19 14
2 13
18 74
10 21
13 20
20 2
23 26
1 40
30 68
14 26
8 17
8 2
21 22
8 85
27 47
8 62
17 95
15 72
29 3
22 58
6 99
26 87
15 19
6 12
0 51
23 18
5 43
15 95
18 15
20 15
11 91
21 71
2 9
15 23
18 27
3 39
29 60
15 33
0 97
2 13
15 73
22 35
27 61
15 14
14 22
23 76
29 61
6 45
17 19
17 22
4 21
7 97
16 53
4 82
10 68
13 88
11 58
21 61
5 58
25 57
30 5
27 4
14 8
21 29
30 4
26 76
0 67
6 90
25 26
10 60
7 70
24 94
6 17
15 21
9 41
8 70
8 92
24 23
30 79
19 5
27 21
7 94
2 36
10 16
29 35
5 7
28 79
11 31
18 91
3 41
29 71
24 17
24 69
25 82
6 98
13 82
11 67
4 18
15 34
9 34
4 83
27 6
15 77
12 72
22 100
16 53
10 43
28 46
7 81
1 14
17 54
16 65
22 44
18 92
9 37
28 51
8 77
19 33
24 25
7 61
29 53
30 60
18 32
3 90
16 97
2 60
1 56
1 30
2 90
29 3
11 60
12 80
1 89
20 49
22 89
2 68
3 97
17 37
4 43
21 69
13 46
0 26
9 22
17 58
2 59
11 20
6 44
30 70
6 11
4 7
4 42
27 80
0 9
11 41
23 35
10 91
19 6
19 22
0 48
27 40
21 9
13 95
23 52
12 86
17 19
15 50
28 62
11 9
29 91
18 54
5 88
24 23
12 91
3 31
30 68
19 28
13 97
30 88
24 26
13 51
6 71
27 71
7 56
3 97
15 74
7 82
19 12
26 12
3 87
7 65
3 33
9 12
19 55
13 30
4 67
21 26
14 96
22 22
5 97
21 45
29 54
14 59
27 47
13 76
29 62
6 85
2 46
7 75
4 51
25 63
27 25
12 38
4 29
28 52
17 62
6 41
4 56
22 46
9 18
10 39
25 45
17 32
25 33
15 29
14 96
6 53
26 54
8 76
1 3
2 82
8 26
27 65
28 67
26 45
15 10
7 9
8 34
24 71
16 81
25 22
9 65
25 51
22 72
27 27
5 28
19 4
22 64
29 19
21 14
6 76
8 59
5 34
12 84
6 81
19 46
10 71
10 63
12 82
18 2
16 44
25 64
9 76
7 93
1 77
1 87
16 90
27 59
12 86
24 94
8 69
6 96
2 39
6 58
4 55
0 93
17 69
22 79
26 48
11 10
29 7
10 19
12 64
28 18
21 32
1 42
28 35
7 13
27 100
8 57
10 91
25 91
13 63
4 47
25 36
19 66
1 48
9 89
12 72
20 18
1 70
15 91
12 86
20 72
28 67
28 3
11 21
4 62
21 48
9 52
13 22
29 5
7 88
2 52
18 5
9 69
7 82
27 18
4 95
4 82
17 15
20 19
20 97
29 75
30 93
19 5
11 58
8 27
23 97
7 95
14 38
14 53
12 7
16 76
9 45
28 26
30 30
8 46
28 18
23 100
15 60
22 17
15 90
27 54
26 92
17 41
6 37
21 11
13 73
12 15
4 96
2 58
29 78
23 47
30 72
0 62
6 79
21 16
1 27
7 83
4 63
16 41
6 20
5 86
25 77
20 16
23 100
14 98
13 31
0 51
3 40
21 48
6 88
30 9
1 14
18 47
18 5
25 5
1 14
9 40
24 85
26 52
14 31
27 1
6 87
22 28
23 17
5 1
15 52
25 23
17 21
20 9
6 14
17 85
24 28
30 72
24 81
21 48
18 29
21 26
20 51
13 66
14 70
25 18
2 23
5 19
13 25
4 67
8 18
26 87
17 54
15 92
3 52
30 51
22 72
7 45
8 96
10 32
29 11
2 9
21 17
16 67
9 72
22 83
6 58
26 71
11 1
29 28
20 3
4 26
19 21
7 55
8 84
28 42
20 19
14 70
21 17
7 21
16 10
29 80
17 93
22 21
12 87
7 29
27 45
16 5
24 7
11 65
21 32
11 41
18 87
16 81
30 36
3 46
0 47
20 46
19 80
30 97
12 35
19 64
5 72
26 10
6 6
3 63
5 54
7 85
23 34
13 30
21 15
19 62
11 40
0 67
18 2
25 14
14 8
24 22
13 33
15 15
30 43
0 36
1 19
2 100
14 16
17 8
1 53
3 66
17 35
2 60
4 55
8 71
21 61
22 39
1 82
22 74
11 81
4 80
15 7
27 15
5 29
18 88
7 42
19 25
16 4
5 12
8 46
25 43
14 96
6 5
9 12
6 16
22 34
23 88
14 91
25 50
5 70
30 87
1 34
9 21
25 69
27 60
0 48
20 1
11 50
28 78
16 16
25 89
0 25
23 88
24 6
1 21
23 24
17 99
19 42
17 44
9 6
20 80
4 1
22 52
23 75
24 54
17 58
24 79
1 60
8 45
20 99
13 67
1 1
4 75
19 90
2 66
12 17
23 4
28 85
15 5
1 94
28 88
11 32
3 40
13 37
14 80
26 60
19 62
28 77
7 45
24 86
27 76
23 93
13 94
15 90
25 53
23 57
15 20
20 73
9 90
24 67
0 93
4 77
14 58
5 36
26 7
7 21
24 34
29 41
5 45
6 58
10 2
6 1
30 43
23 44
0 42
11 16
3 59
7 24
22 9
15 99
13 83
10 1
13 1
3 81
26 39
18 46
3 37
17 5
30 96
24 26
17 15
10 32
15 82
1 32
4 90
29 40
0 23
14 59
9 97
15 68
13 97
10 85
28 52
6 35
23 14
28 79
17 81
24 22
12 65
12 59
23 29
26 24
13 31
23 24
24 69
24 29
28 56
2 41
25 82
22 17
9 31
15 13
14 63
30 52
23 73
18 9
19 33
27 97
9 71
11 39
8 25
0 67
12 51
0 87
9 40
21 69
27 96
4 24
11 85
13 77
24 46
30 6
24 26
23 17
18 89
8 28
0 20
18 90
24 11
1 20
0 3
11 42
23 88
7 8
14 95
2 16
18 72
23 93
6 15
11 12
16 12
18 67
16 49
3 94
30 62
4 59
15 21
22 69
17 100
5 75
22 99
4 7
30 74
14 18
26 4
21 28
30 46
19 70
10 9
14 78
25 93
29 70
15 8
6 85
9 31
30 89
1 55
0 52
13 37
20 56
0 40
2 3
27 19
24 80
12 6
11 10
28 98
10 31
20 12
5 59
5 83
20 83
17 2
20 29
26 5
16 40
4 16
20 8
26 51
5 88
24 28
17 32
25 27
28 13
14 19
29 44
17 6
13 71
25 70
17 66
22 8
27 92
15 97
7 1
9 51
8 99
6 19
28 33
23 63
4 9
6 37
7 71
2 91
8 66
10 33
7 24
1 67
6 76
22 79
2 12
8 99
23 15
6 5
13 41
2 81
6 80
5 42
6 6
14 86
6 63
13 61
17 97
15 89
10 21
11 9
27 8
25 48
9 11
1 96
3 47
29 41
11 86
21 48
7 86
26 52
4 54
19 26
25 61
30 83
25 47
5 18
0 98
30 65
29 15
19 75
25 50
18 49
1 76
28 10
22 58
13 67
13 20
5 31
16 95
4 61
11 83
12 1
27 68
20 85
28 56
15 57
20 24
14 18
30 73
6 8
16 46
0 79
9 29
24 98
12 42
25 82
15 18
14 45
6 70
22 40
12 39
20 65
14 83
12 91
12 95
3 77
17 86
25 70
1 46
22 64
25 45
29 21
13 33
7 42
1 83
13 86
30 91
23 44
25 66
25 23
13 36
21 79
23 41
21 13
3 42
16 90
21 66
21 40
6 89
21 48
22 55
1 66
3 43
14 77
30 74
10 29
27 28
0 66
2 3
28 50
30 46
15 15
13 33
23 13
24 10
19 5
28 91
19 24
19 58
9 14
0 36
1 16
30 57
4 38
30 64
26 79
21 3
3 25
0 9
4 94
29 79
23 90
27 15
27 66
10 28
10 23
8 82
25 32
5 25
26 84
15 89
5 10
5 15
4 85
27 74
8 24
16 7
27 16
27 99
12 51
20 46
23 12
14 2
20 85
29 49
5 78
0 91
23 90
28 6
14 5
7 100
10 57
6 97
8 55
26 7
10 21
21 92
23 24
7 58
4 16
10 87
23 34
14 61
8 38
19 33
1 86
29 95
13 35
13 59
7 21
20 42
12 15
5 96
14 74
29 79
10 70
13 57
12 72
23 52
6 34
21 75
26 88
11 64
8 41
3 37
14 58
11 5
9 14
8 40
22 64
14 88
24 5
21 27
6 87
26 32
16 4
20 37
23 63
19 91
24 97
28 2
4 47
8 70
30 89
25 49
21 17
12 67
9 25
11 27
24 23
20 25
3 25
25 21
6 49
2 58
18 33
24 19
6 67
0 55
25 39
6 7
26 85
9 94
26 43
21 34
12 85
26 80
15 39
21 36
27 100
0 38
20 4
18 12
23 12
29 60
13 23
11 34
11 1
30 94
23 65
0 42
2 33
16 55
21 11
8 14
1 73
13 37
25 90
7 47
13 74
21 20
0 8
10 60
21 18
9 26
21 28
9 53
6 67
9 96
20 31
13 79
13 60
3 15
0 83
22 18
7 51
9 2
26 85
3 22
18 30
22 31
2 29
28 12
4 97
6 75
17 52
29 63
30 5
1 100
5 43
14 39
20 57
25 84
8 9
15 38
30 93
25 27
13 64
22 61
0 13
17 30
11 76
11 44
16 83
29 4
1 97
7 83
5 5
9 49
22 90
13 42
13 71
27 26
26 6
8 96
22 38
26 29
8 98
15 8
15 20
28 14
7 64
2 80
11 62
9 46
2 48
25 42
10 94
5 57
20 85
16 13
21 36
2 97
2 66
7 58
20 23
8 14
18 52
11 72
20 90
0 98
22 81
2 85
27 44
21 19
6 13
27 21
24 44
27 90
17 93
8 34
4 9
16 85
18 57
2 6
17 7
18 94
16 92
27 77
14 97
8 56
19 39
18 98
24 81
30 75
4 85
17 47
27 53
11 73
27 32
15 52
19 89
22 41
4 51
18 11
23 64
15 52
27 9
29 1
1 67
11 34
10 33
19 3
6 12
19 77
0 62
19 21
30 99
17 34
22 97
0 7
17 14
12 6
17 52
20 17
26 47
2 21
29 98
6 91
16 78
24 2
17 82
5 41
17 48
9 14
6 45
3 22
9 29
0 94
11 88
15 18
0 74
18 41
25 21
9 23
24 36
12 4
2 87
2 50
2 23
11 68
23 100
14 16
25 8
17 61
11 14
13 94
6 1
28 22
0 49
0 91
7 23
20 32
18 45
5 19
30 28
2 12
15 55
12 61
1 41
29 97
7 6
7 82
15 36
3 46
25 96
27 49
0 38
20 5
20 17
16 19
4 31
6 73
26 9
7 62
26 51
26 81
5 44
19 78
5 35
3 72
2 96
19 2
1 42
19 60
26 15
4 21
0 86
2 47
26 62
27 62
5 89
17 79
3 43
26 84
0 2
3 95
25 44
13 17
17 48
28 98
18 2
26 53
12 49
21 70
24 6
16 31
7 32
6 2
23 79
25 78
5 88
9 76
1 7
11 53
14 42
0 19
22 38
16 70
25 86
30 28
26 13
17 89
23 26
29 49
10 69
13 60
19 93
3 15
28 60
3 73
21 78
6 54
11 82
22 57
30 70
14 20
13 41
1 81
0 6
28 17
30 83
11 51
23 23
24 24
21 32
10 28
22 88
26 8
0 52
1 63
13 100
21 8
19 45
29 14
11 71
3 70
27 14
18 75
24 58
7 36
17 47
10 93
19 79
19 100
5 74
27 25
29 8
1 88
2 95
28 98
17 4
19 78
13 32
19 45
29 47
24 93
25 89
3 54
1 86
13 16
7 100
10 62
5 74
15 16
26 76
9 59
28 30
4 3
19 69
30 10
16 11
2 71
5 73
20 66
23 33
21 74
19 36
17 72
10 100
10 93
11 66
0 13
27 91
11 67
3 50
7 84
6 99
13 87
2 20
2 79
30 16
1 4
28 12
2 9
19 54
19 78
21 25
15 62
8 78
17 93
10 55
27 38
14 29
7 6
25 34
1 13
14 66
21 31
9 73
25 64
10 51
22 42
26 56
8 97
12 44
15 73
25 32
6 76
25 31
3 84
29 86
10 43
2 10
22 96
26 97
10 42
17 12
6 58
0 53
13 38
30 75
4 15
1 31
28 17
4 89
22 61
17 95
18 1
26 17
5 37
4 57
26 73
8 54
28 89
21 78
21 88
20 47
10 67
23 48
30 56
1 97
5 23
10 53
20 83
0 98
15 48
16 56
9 70
13 90
5 69
12 83
8 12
0 6
7 66
19 31
20 59
8 58
15 66
24 97
30 75
18 63
18 29
4 28
14 58
3 73
20 60
15 55
5 47
24 26
4 1
29 80
27 43
11 26
20 84
20 99
28 80
1 79
23 67
30 99
10 39
30 93
29 20
22 90
15 92
1 73
4 26
29 93
27 94
18 77
5 34
15 19
6 58
3 6
26 4
16 52
22 64
16 2
7 12
11 20
9 80
28 64
19 59
25 29
1 33
4 74
13 84
21 5
8 98
21 2
0 60
12 36
25 67
22 88
13 89
20 52
17 22
