100
1 80
19 86
23 90
5 16
23 10
1 4
23 37
14 12
23 68
4 96
8 91
9 91
25 20
6 54
19 66
2 56
5 86
3 83
3 79
7 24
13 98
4 32
14 63
2 41
13 57
12 94
12 53
0 3
5 33
26 88
21 12
16 81
4 63
24 96
30 87
7 29
30 4
30 34
27 70
18 15
15 96
22 38
15 34
1 90
4 46
2 35
3 6
5 16
25 62
22 43
26 49
6 99
18 40
19 94
9 60
23 59
12 28
11 51
12 62
19 96
1 57
4 8
13 25
18 97
0 17
7 97
20 69
13 25
23 87
14 8
0 20
19 2
28 90
24 50
29 43
12 91
0 25
7 34
30 21
30 71
6 29
30 16
6 2
1 65
30 36
6 35
18 30
2 83
28 29
3 38
13 17
12 100
30 60
6 62
9 87
2 91
5 64
13 34
5 93
8 22
12 59
12 6
14 94
1 93
13 67
6 21
15 30
8 65
3 20
21 4
25 15
15 16
18 21
11 61
27 23
4 71
16 77
3 43
2 88
26 70
28 45
2 44
24 69
7 92
7 80
4 45
14 72
14 77
14 12
6 32
4 54
7 18
26 94
8 17
9 82
2 4
14 73
3 58
11 67
14 88
5 15
15 92
14 50
10 64
30 89
14 46
28 55
0 45
11 26
13 46
14 76
2 88
8 80
4 61
16 15
25 72
11 89
25 81
10 13
22 45
30 65
26 44
29 26
10 28
16 61
24 55
30 38
16 33
30 90
28 59
19 81
2 91
16 11
5 4
3 70
29 40
19 53
24 94
28 60
4 56
7 36
9 27
4 72
18 20
13 34
17 10
12 10
21 37
26 53
17 67
7 94
28 40
25 95
15 37
2 22
20 49
10 8
30 7
16 51
0 54
18 19
5 45
30 31
28 58
19 80
0 91
20 73
16 28
15 94
3 5
12 50
7 53
1 45
17 88
27 94
24 28
3 81
29 40
27 44
11 94
1 2
25 48
24 84
13 53
27 100
6 29
10 31
22 37
4 81
22 86
23 97
13 38
16 34
28 3
6 9
1 91
3 55
2 38
28 14
6 91
21 61
19 30
19 23
19 51
8 45
5 14
28 40
24 60
10 35
17 33
7 89
16 59
29 52
17 50
3 27
22 10
6 86
7 64
22 62
20 57
8 44
13 93
30 27
26 39
13 83
19 80
24 65
14 45
9 34
17 35
0 56
19 92
13 30
22 27
18 93
16 17
9 28
17 38
8 73
0 37
27 27
9 23
27 93
16 22
29 32
13 63
14 32
22 42
7 5
8 75
16 4
4 7
19 28
28 14
15 87
5 53
28 70
22 75
6 17
28 82
5 63
0 37
7 45
12 49
21 73
26 8
20 58
8 95
30 36
28 7
1 53
22 99
4 29
18 33
17 29
22 28
4 53
22 29
4 84
18 80
21 72
7 56
26 21
29 19
1 50
24 99
18 72
14 20
10 22
17 82
2 6
14 90
26 64
0 41
16 55
5 64
23 96
17 22
16 60
6 27
28 16
17 18
2 49
23 3
26 52
26 81
28 40
28 95
11 29
26 88
17 83
21 77
13 6
21 88
29 93
15 19
17 94
6 29
12 43
18 82
24 30
16 77
4 12
9 98
23 64
30 24
23 75
3 27
17 37
17 53
28 35
2 63
26 77
12 37
28 69
10 30
27 70
22 64
13 50
0 57
1 80
22 26
18 97
18 72
0 14
28 41
29 32
4 85
27 61
4 64
29 6
22 26
25 62
28 43
15 21
21 65
1 75
18 92
3 93
19 75
9 17
26 94
0 98
25 65
29 32
27 56
0 14
2 42
29 62
13 60
15 79
27 11
30 8
23 79
6 36
29 33
3 40
17 57
28 66
23 43
16 88
22 37
19 77
19 73
10 10
29 9
10 87
10 7
0 88
20 46
28 21
17 78
27 81
21 16
18 44
11 88
12 74
8 37
8 42
28 89
23 10
4 25
24 20
7 27
9 86
25 21
10 23
17 47
5 2
23 23
26 1
21 76
20 90
24 26
19 9
29 90
23 71
20 66
21 20
2 34
12 100
8 59
18 97
14 86
6 28
25 29
6 46
20 70
27 56
12 65
19 98
5 88
9 9
27 45
28 21
13 16
30 21
0 29
26 72
6 98
9 58
25 70
21 100
9 3
8 41
6 45
16 70
9 51
25 81
21 27
7 43
2 53
26 99
17 65
27 23
25 16
30 45
9 46
2 68
4 75
2 83
24 90
26 71
9 6
13 44
10 54
15 89
2 24
10 97
20 57
19 96
2 27
27 34
19 42
7 80
6 92
26 63
30 42
18 12
17 39
18 19
21 27
6 23
6 34
12 1
23 48
12 95
8 53
3 18
7 93
3 40
15 65
4 75
25 62
16 85
7 7
11 58
3 68
30 56
2 94
23 53
27 87
2 80
25 60
21 62
26 84
20 84
30 49
14 51
28 37
1 25
27 6
8 25
2 24
3 66
6 82
9 87
10 99
23 78
25 5
0 24
8 95
2 92
11 13
18 19
24 61
22 67
8 61
8 68
8 65
30 84
9 18
19 33
11 65
29 35
21 91
8 8
17 81
13 6
8 100
5 88
11 87
8 28
13 28
4 58
6 30
0 31
20 34
30 51
12 68
4 39
14 21
11 84
1 98
21 68
29 18
12 48
23 79
11 73
19 88
21 84
4 88
14 84
13 35
10 93
7 93
7 49
8 20
15 77
13 86
28 75
19 4
11 40
27 60
2 72
15 70
2 86
27 18
28 52
15 14
15 13
3 71
0 20
17 5
4 79
0 88
7 46
9 9
24 69
23 93
14 75
8 70
1 34
1 55
6 80
4 60
24 50
28 6
18 85
24 39
0 24
19 48
11 86
6 67
10 88
6 68
22 8
2 45
23 4
11 28
20 4
22 85
19 51
18 7
5 22
2 2
11 80
3 19
0 95
13 100
11 1
29 20
10 34
1 14
6 90
15 88
12 3
6 100
15 85
0 50
10 9
9 63
11 47
2 80
24 89
10 99
2 50
6 58
25 76
16 54
22 25
7 18
19 61
8 59
1 54
25 46
8 89
28 46
11 18
28 6
5 28
2 3
26 6
26 58
24 13
12 80
20 39
26 41
17 84
19 88
6 57
15 34
12 64
12 32
8 27
20 60
11 97
23 28
29 54
4 46
14 86
22 71
19 91
5 92
10 1
25 51
26 6
15 9
30 39
26 38
10 71
22 5
29 60
1 3
20 6
10 99
22 84
5 81
25 100
11 48
29 25
16 76
13 54
25 53
27 40
12 29
12 50
12 75
1 50
7 51
17 94
27 10
10 14
10 70
13 76
25 33
2 81
2 30
27 99
15 40
16 49
22 67
21 45
22 48
5 72
30 87
6 79
3 40
15 20
22 41
17 86
25 37
26 54
14 16
3 92
26 64
11 25
24 66
21 65
19 61
23 100
28 14
4 82
19 28
27 48
8 76
5 87
18 78
30 42
14 89
12 47
27 10
24 24
6 100
24 87
2 47
7 89
19 42
1 56
13 34
24 54
21 54
7 49
23 28
0 26
22 96
22 50
30 4
9 85
24 21
0 98
27 87
25 80
4 1
20 14
3 77
18 83
11 24
6 44
11 26
13 52
7 66
6 70
13 32
14 32
15 49
24 35
24 76
11 36
29 99
0 60
1 31
12 29
16 95
25 80
3 47
18 10
30 86
23 34
11 20
18 85
13 3
11 45
3 58
29 46
29 96
25 47
1 33
2 62
29 37
14 18
30 3
22 36
15 83
0 35
11 43
25 5
8 44
22 63
15 3
22 26
15 45
27 78
1 99
24 68
14 18
20 41
15 27
10 10
21 84
9 73
10 44
2 36
23 16
4 67
6 73
27 34
20 36
6 54
26 74
21 97
29 77
15 69
11 80
26 1
18 85
14 92
27 84
17 61
4 59
15 38
10 50
29 13
25 58
1 81
8 14
10 29
28 2
21 26
16 50
1 99
22 48
12 49
3 43
24 40
30 33
3 4
23 20
27 72
22 8
7 1
3 46
29 20
25 65
16 91
9 58
8 87
17 52
27 47
19 65
9 26
29 6
19 51
25 62
30 14
22 93
1 22
16 29
22 95
17 19
2 4
27 59
24 59
14 77
30 46
20 12
7 9
9 72
22 54
14 83
22 63
27 3
12 76
25 17
26 66
24 36
1 87
22 49
29 2
12 69
0 30
4 80
10 20
18 46
15 52
13 62
23 74
15 53
28 46
6 81
28 39
6 98
13 85
9 20
16 12
21 30
24 2
10 52
22 66
21 28
11 2
26 66
16 9
29 20
8 40
27 32
30 52
27 12
8 24
10 85
10 86
30 40
8 60
23 72
5 5
28 19
8 100
22 85
12 25
27 21
5 23
21 69
4 46
25 31
18 20
16 93
18 57
15 76
16 54
24 85
14 11
29 91
17 8
23 78
2 50
18 52
4 95
29 25
30 64
19 69
9 70
10 31
4 86
0 8
9 73
8 57
10 4
11 76
28 89
29 63
29 37
1 58
25 17
0 96
4 8
30 35
27 66
14 18
5 35
26 43
7 51
1 63
12 1
29 97
24 93
29 83
0 94
6 50
21 27
23 9
20 100
25 80
17 21
2 86
20 56
18 49
10 62
25 55
0 80
14 65
21 14
15 89
0 11
7 22
30 46
18 46
30 24
15 27
25 67
10 45
5 95
11 46
19 27
20 27
4 88
24 18
0 42
20 80
23 92
22 52
26 2
1 82
2 74
29 64
16 11
21 88
19 25
7 89
18 18
2 53
4 23
14 44
8 22
13 52
15 74
29 19
16 26
16 11
26 21
22 62
28 4
29 87
13 18
16 63
22 32
18 90
1 12
26 36
17 91
26 52
10 41
11 18
6 96
0 51
15 86
6 56
11 80
9 95
12 98
14 80
7 74
24 88
1 30
24 24
4 50
2 79
11 24
14 54
7 19
7 3
13 37
18 91
15 85
8 95
16 15
4 85
9 58
5 54
4 53
2 30
4 27
25 93
11 75
19 99
13 97
5 9
27 74
8 56
17 39
17 71
4 68
15 68
4 33
20 63
17 35
28 24
29 93
13 60
11 99
5 86
21 30
6 27
6 21
17 91
27 47
9 73
1 50
24 10
19 67
28 84
10 16
24 3
6 43
19 33
28 40
30 33
19 91
10 26
28 31
15 77
29 78
8 89
11 54
18 87
12 9
11 30
8 14
10 72
15 30
5 58
24 69
4 17
25 51
8 6
2 7
18 48
6 50
20 24
2 52
27 12
20 47
8 37
3 29
26 36
30 65
12 79
11 92
20 61
24 62
30 48
18 59
30 25
15 22
30 65
22 96
5 8
6 26
3 20
7 91
26 10
28 42
26 99
20 96
14 60
17 41
27 89
22 96
11 95
30 91
23 60
11 51
19 16
29 28
10 51
7 87
7 86
9 74
21 75
27 79
18 66
19 100
13 67
0 64
30 23
17 58
24 44
9 7
20 60
25 58
27 8
23 11
10 85
28 28
11 74
2 13
27 91
1 57
17 58
16 17
18 99
21 74
13 7
15 82
0 66
19 86
2 45
3 2
9 14
29 99
11 34
19 36
30 76
12 19
21 56
7 63
23 57
3 68
22 4
7 56
3 67
19 55
1 91
26 3
24 29
10 36
9 34
11 23
8 52
29 25
30 47
22 52
15 38
10 49
5 34
14 40
8 23
10 89
10 34
2 38
3 68
8 78
24 87
12 63
4 86
10 2
29 92
3 50
25 23
10 77
12 55
5 68
16 57
17 91
9 47
16 36
26 68
23 56
12 8
11 24
6 27
3 7
30 23
24 84
20 96
8 42
2 36
30 34
23 10
14 56
15 15
17 76
24 59
1 58
26 25
9 16
6 84
19 85
29 47
21 77
8 88
29 7
28 69
29 30
18 93
18 26
26 6
0 75
8 76
10 48
8 74
1 95
18 79
16 56
20 15
8 13
1 53
27 69
9 33
5 65
22 71
3 14
10 53
22 26
14 48
28 74
0 16
3 6
29 69
25 24
16 25
23 18
11 64
3 66
13 19
5 12
14 2
2 10
12 9
23 29
11 90
8 12
28 72
21 94
22 28
9 63
27 45
4 33
12 43
4 13
13 35
22 87
18 34
4 49
9 47
21 7
30 11
2 8
8 12
7 79
3 44
9 88
18 75
2 93
6 27
18 93
7 21
23 72
21 43
17 85
2 16
20 93
23 64
9 5
2 30
13 86
25 43
25 35
19 27
19 7
5 62
11 6
29 97
2 32
23 68
17 57
12 47
22 28
2 89
11 44
11 61
28 73
22 16
22 12
11 100
27 6
0 80
22 50
7 56
9 84
2 37
22 86
8 71
10 3
26 31
15 98
22 18
12 27
17 27
28 24
6 41
7 40
8 89
11 8
21 45
1 41
19 10
13 59
12 44
24 5
0 40
1 49
28 21
20 55
16 12
9 59
25 17
12 75
19 4
8 4
0 1
25 4
14 55
16 65
1 14
19 20
24 88
16 16
0 58
18 95
15 16
23 7
12 73
16 88
21 62
27 24
0 80
5 67
5 2
5 24
8 19
12 90
9 33
20 98
16 79
14 54
2 4
0 82
29 45
24 79
17 39
11 42
15 93
27 94
0 49
3 47
10 70
1 83
10 21
0 52
1 47
6 82
21 6
11 34
8 31
3 58
5 77
1 85
14 29
18 56
13 74
2 31
4 85
24 95
6 91
28 66
21 39
30 78
5 21
13 98
9 25
5 22
30 73
17 95
28 7
20 42
20 64
9 93
1 55
24 42
22 84
28 40
11 10
28 24
13 44
22 64
26 36
13 18
24 78
11 4
15 100
27 65
13 49
15 77
23 54
10 18
12 70
29 57
8 12
16 75
11 98
2 85
17 99
7 53
11 57
6 15
8 43
30 26
7 77
13 81
21 58
3 86
12 58
4 13
13 33
2 64
20 86
4 83
26 92
30 55
6 24
25 39
18 44
1 78
26 90
7 39
17 71
6 1
20 64
6 48
9 71
24 33
13 92
6 56
23 86
13 57
23 69
30 22
10 25
25 67
2 54
9 11
30 3
10 49
1 82
2 84
6 71
9 13
30 10
13 81
27 44
24 32
30 84
22 21
3 77
17 21
5 57
14 9
2 65
26 95
2 19
25 70
5 3
14 63
20 50
6 68
22 63
27 7
7 98
29 46
18 22
9 1
26 67
30 61
30 100
15 76
5 95
4 94
0 35
1 91
14 14
29 62
6 12
21 76
1 82
5 76
25 11
7 48
30 28
5 94
14 42
16 59
29 27
4 39
15 37
1 29
22 80
12 53
19 51
29 16
14 94
22 74
4 44
23 98
28 46
21 22
27 34
3 62
9 100
9 2
6 95
26 80
14 28
3 75
9 33
27 45
29 47
8 34
0 24
21 41
4 47
10 85
0 58
21 74
27 30
25 70
19 64
18 94
24 85
20 28
29 43
13 31
2 99
11 68
13 86
0 36
7 90
16 41
3 40
26 7
28 2
12 34
14 59
25 80
17 65
5 99
0 35
29 65
6 26
20 39
2 86
12 97
9 69
0 11
8 88
10 69
7 16
12 55
30 94
17 69
1 43
15 90
3 10
11 28
30 64
17 79
16 21
4 95
0 92
3 59
13 32
4 100
25 17
11 8
10 59
23 57
24 66
0 97
15 65
8 67
28 26
2 92
27 14
21 79
2 86
14 95
8 12
30 78
27 98
24 18
29 35
1 96
21 88
5 47
28 80
6 1
8 91
4 9
22 14
10 51
30 10
8 82
16 55
6 87
23 24
15 16
5 56
26 67
10 28
12 23
17 44
14 97
23 97
24 22
11 10
5 54
13 54
0 44
12 35
24 70
20 99
17 90
25 47
29 52
12 89
6 11
6 50
20 66
4 33
10 53
30 23
24 86
18 84
19 92
9 31
5 61
1 10
14 41
9 63
15 12
22 21
25 42
12 41
12 26
26 49
10 70
8 92
15 100
19 27
1 99
6 32
3 14
12 18
12 60
15 57
10 73
23 4
0 76
1 79
17 89
16 2
16 43
9 67
11 31
25 100
13 82
7 38
11 9
12 9
28 11
23 34
18 77
4 18
6 47
28 34
7 11
12 9
10 91
15 67
17 28
9 86
1 54
9 48
29 85
26 94
19 93
26 27
25 7
24 83
17 15
13 21
1 54
24 53
26 43
24 61
18 30
4 32
17 62
11 81
30 88
17 3
26 25
10 57
9 4
27 86
16 11
10 34
23 10
12 12
26 82
15 6
11 77
13 96
26 5
3 45
21 34
30 73
23 55
2 64
4 46
0 67
21 23
21 12
7 43
1 57
26 84
30 14
24 16
22 34
28 21
2 26
1 17
7 9
1 20
2 62
26 43
27 68
18 29
21 82
3 95
25 4
30 95
25 75
29 42
14 79
27 57
1 85
18 70
18 15
21 38
18 24
30 95
10 70
26 46
18 3
26 45
10 43
16 10
25 59
6 59
17 34
30 71
11 85
12 82
1 25
0 99
2 59
22 72
6 22
9 72
3 38
10 61
10 11
26 42
12 7
7 47
2 100
6 14
23 71
29 73
4 8
15 65
15 69
25 12
2 61
16 24
14 28
13 94
27 14
29 77
16 67
26 3
28 24
11 14
29 63
5 60
2 78
22 91
3 50
23 9
14 93
16 80
22 20
13 1
14 66
2 41
14 83
27 73
23 93
23 61
23 71
9 27
10 70
0 15
14 4
18 73
22 68
7 22
22 68
23 12
0 20
16 23
4 24
8 45
19 68
23 34
20 69
29 94
0 78
11 92
23 46
5 39
9 6
5 30
5 81
5 81
0 60
30 47
16 94
30 64
17 95
6 18
16 36
26 94
14 9
29 52
9 60
13 4
22 57
2 15
10 48
14 40
10 63
5 55
3 100
22 85
0 42
25 8
24 52
2 48
25 94
23 26
28 43
10 70
13 83
19 30
25 28
26 90
25 72
23 19
18 44
4 22
23 81
15 23
12 34
17 37
19 75
24 69
13 18
15 63
10 37
26 28
10 35
27 74
13 58
13 16
17 3
19 59
2 34
27 73
19 46
11 43
13 69
10 47
21 39
17 87
9 29
24 90
24 60
17 98
4 76
26 28
19 17
15 25
6 12
15 28
30 18
12 98
17 57
6 5
18 58
4 23
30 70
2 98
2 17
3 91
29 44
9 69
26 86
9 15
16 75
0 82
26 78
25 83
16 66
0 55
2 39
12 45
18 20
11 84
21 61
12 96
1 1
5 45
28 8
5 79
2 22
16 70
23 31
16 67
1 72
11 3
24 35
7 25
15 62
2 37
4 53
3 17
1 26
4 4
21 37
21 19
23 53
28 92
0 9
24 30
3 35
24 67
11 93
21 34
20 38
9 13
1 4
3 79
3 37
4 75
15 44
9 86
28 94
25 21
2 70
10 91
2 72
24 52
3 63
0 73
11 99
2 93
15 36
20 43
23 32
7 67
9 99
18 65
15 90
30 88
20 63
7 32
9 84
15 16
5 15
15 38
18 80
25 30
29 11
11 88
22 34
4 12
4 55
18 68
28 48
13 71
5 58
1 80
2 25
27 17
7 44
5 64
2 59
28 82
20 25
12 23
11 9
19 24
15 43
12 31
10 98
13 86
21 20
24 36
12 99
27 15
16 65
17 48
1 70
12 6
25 73
2 95
7 96
1 86
17 31
13 72
8 100
13 9
26 7
6 96
21 33
20 13
26 21
23 56
5 49
1 91
27 47
14 44
10 4
11 40
15 38
17 10
16 16
14 35
1 100
23 7
15 88
4 80
23 19
16 20
4 36
27 4
13 42
0 5
14 92
28 27
15 64
19 17
18 100
7 80
5 92
24 25
11 76
4 28
8 79
0 60
8 21
30 97
14 61
21 30
26 92
4 6
11 80
20 28
1 18
15 84
3 64
9 27
26 31
7 73
9 47
23 4
0 99
26 64
28 64
20 27
1 66
23 22
14 29
9 55
7 17
2 42
3 51
13 44
26 47
21 84
4 81
18 53
19 45
14 43
29 6
14 36
4 91
30 68
21 24
28 25
4 55
2 9
10 51
3 72
23 99
14 27
29 70
23 3
18 58
8 64
25 51
20 91
20 57
18 99
3 5
17 66
28 26
9 15
13 22
18 76
4 21
3 51
0 41
27 75
21 18
5 85
23 36
1 82
26 27
25 27
11 4
14 61
23 99
13 56
17 83
8 16
14 15
10 96
11 97
6 39
26 9
21 82
3 47
21 56
3 58
13 87
26 65
10 3
4 53
8 15
30 59
6 48
3 9
26 18
20 82
14 28
14 76
28 3
15 27
3 1
18 53
28 38
1 83
21 41
13 95
6 22
9 85
26 28
9 12
19 63
18 36
13 41
27 90
22 31
24 53
23 68
1 46
18 26
6 73
21 77
8 12
27 5
26 8
10 15
25 88
25 43
16 33
7 17
30 82
10 86
13 66
3 64
30 77
1 53
14 68
24 81
22 99
19 68
27 57
20 94
2 60
13 5
17 76
12 28
9 58
19 100
7 26
4 27
9 41
5 20
8 62
8 23
12 13
29 2
24 84
27 58
10 37
19 72
5 15
30 12
17 90
14 97
28 93
18 79
19 71
16 64
20 56
14 87
25 17
12 55
24 2
3 2
4 18
13 56
25 84
12 75
1 83
29 8
27 84
30 29
17 58
13 50
18 33
0 97
5 84
24 72
0 92
21 78
29 100
19 62
14 58
26 59
23 61
11 69
9 52
9 2
19 73
14 19
2 7
2 13
26 30
11 2
3 6
21 75
2 42
17 16
22 35
15 39
21 36
16 13
16 44
10 71
18 52
17 39
15 43
11 32
24 70
3 94
11 46
9 36
2 52
10 51
0 23
5 64
29 57
14 32
15 34
11 95
22 33
7 90
21 43
7 46
5 32
7 30
26 43
21 21
8 21
0 46
9 19
8 82
24 30
6 6
30 5
17 59
29 88
4 100
30 82
27 28
28 4
26 98
7 14
9 15
24 33
22 22
18 78
27 45
30 26
17 94
17 57
24 89
2 87
1 2
29 100
4 88
23 20
4 53
27 36
13 33
1 40
7 85
30 80
17 89
12 65
10 55
10 89
5 13
5 69
22 74
21 39
29 39
15 46
12 33
4 38
1 7
10 67
29 68
25 63
4 25
15 86
29 50
22 61
1 77
8 63
11 65
27 5
5 40
30 2
2 54
27 80
22 57
8 75
12 43
11 96
11 18
28 78
30 100
1 71
17 44
23 52
29 7
23 84
15 75
14 50
29 70
12 33
14 26
6 59
23 91
15 67
13 16
4 83
9 61
10 62
3 66
12 93
27 77
28 64
8 48
25 43
29 9
15 42
5 14
22 15
0 22
7 90
4 20
24 61
3 67
27 86
12 95
7 80
15 43
12 20
6 75
30 36
5 8
25 67
19 63
18 34
23 78
13 63
3 47
28 36
25 25
26 20
18 21
28 88
23 90
1 99
30 42
23 17
20 53
23 49
0 57
23 96
5 35
10 93
1 29
3 91
18 11
0 18
22 10
4 36
0 5
1 44
21 27
16 73
10 8
28 99
30 77
8 24
1 39
25 42
15 92
26 36
12 55
26 69
7 6
5 87
1 82
22 18
22 12
11 86
12 27
7 59
6 1
4 75
22 92
16 3
15 44
8 16
30 71
2 91
26 13
28 44
25 42
22 53
29 52
1 47
18 4
25 20
27 47
8 99
0 54
9 80
21 91
20 39
23 6
8 16
29 47
0 84
11 68
12 95
2 86
21 18
24 6
28 38
24 54
5 52
14 93
4 86
14 47
20 34
14 68
14 46
24 98
6 10
26 24
9 62
30 43
25 99
28 62
1 51
22 38
15 49
13 7
0 47
25 70
8 84
2 17
13 40
2 46
17 40
13 96
27 24
3 37
16 44
17 56
25 9
12 66
23 56
7 100
9 65
5 98
29 19
5 2
2 2
24 15
12 46
24 1
29 42
11 31
8 32
0 16
28 65
22 3
8 9
4 29
23 35
23 50
23 82
12 14
1 53
3 37
13 5
11 53
8 68
16 100
7 71
9 54
27 68
21 52
22 19
8 2
21 50
11 93
25 57
3 44
2 60
8 50
28 1
7 44
12 60
22 37
27 53
12 16
11 63
27 79
23 6
5 54
4 86
0 78
22 68
9 44
2 88
11 63
0 17
8 24
0 23
1 75
8 4
23 25
9 92
5 65
0 46
23 56
7 16
16 14
24 29
10 13
1 42
7 12
15 92
9 54
0 45
24 9
3 64
14 56
23 100
14 60
12 83
19 95
29 1
20 31
28 64
24 81
15 2
6 83
15 9
7 58
21 11
19 31
3 37
13 53
14 59
1 38
24 40
26 1
8 34
0 17
1 21
19 17
21 63
1 12
12 28
22 46
22 66
18 24
5 74
12 66
16 97
23 91
11 20
5 32
29 22
25 19
26 59
17 52
18 61
29 84
0 74
13 34
22 84
14 95
11 27
24 76
10 65
29 58
20 95
22 91
7 59
28 81
6 78
18 63
26 51
20 46
14 6
5 95
22 5
17 70
18 97
13 38
1 37
6 20
24 77
27 45
22 51
22 29
27 2
24 55
28 66
7 72
22 3
3 93
5 97
22 1
14 82
19 52
9 35
5 100
5 7
5 90
8 9
26 70
21 79
30 28
29 36
14 85
0 8
12 22
11 27
1 75
28 75
25 24
11 66
28 80
16 92
12 91
4 81
19 94
27 82
8 76
4 44
19 38
8 98
3 21
20 39
0 69
9 47
18 10
11 47
14 72
1 15
0 86
4 37
7 14
13 10
3 71
5 43
6 26
28 5
12 50
3 3
7 73
19 43
15 18
23 25
11 15
25 48
6 36
5 15
26 7
15 85
10 47
4 78
10 65
27 56
13 46
3 79
17 54
2 22
27 1
26 30
18 88
1 10
20 94
3 94
28 34
26 25
9 17
14 52
3 23
7 70
24 55
9 43
10 35
0 86
25 67
15 97
2 38
26 93
3 39
19 21
19 70
23 14
6 6
9 92
2 60
18 84
7 77
5 7
16 3
21 73
15 79
4 33
9 37
2 29
26 78
30 3
19 64
28 1
7 91
9 50
8 51
3 75
29 82
23 55
7 30
16 19
18 62
1 55
11 38
12 70
1 52
29 37
29 22
11 68
5 80
26 1
22 91
5 26
27 94
2 23
19 71
30 43
27 70
16 17
6 22
11 86
13 19
1 9
4 97
28 93
0 57
15 21
25 78
4 80
0 98
1 58
15 23
12 35
4 38
20 10
21 44
30 37
7 63
30 7
20 76
11 99
14 93
1 92
2 100
15 87
25 79
17 9
21 17
25 32
14 40
24 98
19 31
11 75
28 50
19 79
15 17
0 94
26 55
18 65
15 89
1 77
20 74
12 28
27 22
11 37
25 67
8 26
2 21
11 64
27 51
29 92
22 80
20 86
11 31
27 82
28 100
5 3
28 21
3 75
19 54
19 22
27 61
20 69
23 15
20 8
9 20
28 44
12 47
28 75
22 33
29 94
17 86
1 5
10 29
3 80
22 44
8 93
0 33
7 43
19 74
18 78
19 49
30 29
28 27
22 54
15 54
19 81
26 95
15 81
15 72
12 31
21 18
26 3
3 84
28 39
23 35
28 93
3 1
5 99
26 13
11 93
13 67
13 100
24 90
16 38
19 45
6 8
8 56
4 45
27 61
7 9
10 95
22 69
19 76
23 2
19 17
23 47
2 86
15 26
28 4
30 60
20 26
23 56
6 4
30 67
13 84
25 42
19 87
26 91
8 19
7 9
8 63
21 53
11 21
2 47
2 3
27 90
22 82
12 13
16 40
13 57
20 41
17 19
12 77
17 6
7 24
18 73
6 52
12 79
3 33
4 14
15 60
23 6
24 39
28 48
28 34
24 90
12 9
20 48
25 30
15 45
22 35
9 83
5 70
8 62
1 7
0 53
7 54
2 1
13 33
16 55
27 21
4 78
0 35
27 53
3 48
28 63
14 38
13 71
1 71
9 27
1 46
12 98
16 19
30 62
16 59
19 25
11 83
25 39
20 51
9 45
30 63
25 66
23 3
2 96
9 4
23 50
7 53
8 77
13 8
18 61
14 33
2 50
13 95
25 97
17 83
17 25
12 79
6 72
30 81
11 53
3 82
16 70
7 53
19 98
16 88
13 20
12 93
0 72
9 6
21 46
5 7
16 80
24 64
25 37
12 79
21 58
7 43
6 46
13 6
20 59
10 24
21 82
16 17
6 98
25 49
15 32
3 79
20 5
16 44
28 90
14 57
5 22
10 38
5 76
7 1
29 20
6 53
19 69
17 54
18 63
9 47
26 46
11 33
2 39
20 94
6 38
7 17
15 16
20 52
15 97
22 66
4 48
0 48
22 87
25 35
24 17
4 83
8 59
5 20
13 35
23 46
14 43
12 82
9 46
12 78
12 12
11 69
22 2
17 98
30 23
4 92
10 44
25 20
11 24
3 98
9 50
3 31
4 9
4 35
18 78
24 16
14 24
25 14
11 31
17 82
22 2
19 7
0 17
2 56
11 3
13 28
22 6
20 50
12 79
18 96
15 34
12 27
10 76
13 66
21 82
6 100
29 43
6 31
9 16
1 26
11 97
26 36
20 55
12 47
12 24
13 54
13 47
2 36
21 29
9 59
11 61
20 53
24 11
23 10
16 98
12 60
26 2
22 53
28 97
21 5
12 20
5 57
4 24
14 66
9 35
20 19
9 97
30 21
7 26
29 3
24 2
18 3
12 4
26 90
18 80
24 41
27 76
29 52
24 1
3 49
16 8
24 31
6 82
28 45
6 47
9 2
3 63
28 31
2 26
8 66
22 14
30 89
25 12
17 34
0 86
5 8
5 29
29 41
23 62
15 26
2 61
14 92
2 98
21 66
16 59
1 80
27 66
0 54
20 51
20 30
17 12
18 46
24 18
27 10
8 99
23 68
3 5
25 56
19 30
23 48
12 89
28 52
6 69
28 32
28 13
16 10
29 79
5 40
29 38
21 94
1 77
12 51
4 65
4 31
0 6
23 65
12 25
27 11
18 79
27 41
25 36
27 61
26 85
27 68
22 49
30 39
10 40
13 6
25 16
4 72
24 71
19 56
29 22
27 66
1 50
18 25
18 85
0 39
27 5
30 55
4 26
23 13
19 11
8 24
3 64
9 92
10 38
19 1
14 9
10 56
24 52
16 97
15 13
22 73
1 92
18 67
24 80
9 66
26 32
10 13
6 55
4 65
19 28
0 45
21 11
2 11
9 43
24 16
17 40
19 4
21 63
29 28
8 3
16 28
27 17
18 79
8 11
14 16
6 58
1 78
4 56
3 38
26 97
16 98
1 5
10 64
2 17
17 5
0 65
28 33
7 12
22 19
28 4
3 30
26 49
16 46
3 69
11 82
11 68
2 20
16 42
30 40
5 53
8 98
0 38
15 50
24 26
23 81
2 37
22 2
6 57
30 14
3 44
15 50
22 8
17 41
29 56
0 21
27 84
6 93
2 20
13 85
9 99
1 16
2 42
24 66
25 17
30 86
13 32
26 44
22 4
13 66
20 71
22 92
9 22
30 88
29 29
1 4
30 15
26 80
19 62
6 60
0 61
6 53
27 57
3 23
26 46
2 32
12 51
21 77
12 50
29 14
12 60
26 69
10 5
13 8
11 97
30 40
7 95
20 11
9 90
3 37
22 73
14 72
6 44
21 33
22 65
6 47
19 51
17 39
8 63
7 82
29 67
28 94
3 66
23 47
23 66
24 6
30 16
2 25
10 3
30 37
22 41
9 97
0 25
22 40
29 33
30 64
10 24
12 82
9 93
27 40
11 64
3 18
19 68
28 63
25 78
14 93
29 6
24 51
7 23
2 88
29 6
9 39
13 12
17 6
29 38
6 73
2 89
15 15
6 27
7 81
0 79
27 78
25 45
26 18
7 6
28 58
16 93
14 1
11 58
16 94
2 66
28 29
13 72
8 25
22 96
26 44
5 46
20 3
27 36
13 99
13 55
25 50
28 90
3 11
22 42
13 54
4 42
14 30
5 67
28 60
23 38
6 49
14 95
14 7
3 45
9 24
24 22
5 92
11 20
9 29
12 15
0 69
30 38
15 88
16 74
11 28
17 61
12 35
12 17
5 22
29 45
11 10
24 31
2 15
30 13
30 52
6 45
18 36
23 61
3 21
18 14
30 17
22 36
3 55
0 29
15 100
18 38
6 12
29 27
4 55
17 38
29 14
19 74
8 79
7 2
0 16
23 6
8 75
16 98
22 76
0 92
3 34
9 46
16 18
5 41
20 49
17 14
13 76
20 82
13 45
5 66
7 32
9 19
25 92
21 17
21 48
0 96
27 13
2 41
6 56
14 87
7 40
21 5
22 39
19 37
7 12
8 21
9 97
3 83
5 24
3 19
6 79
26 72
20 89
24 54
8 6
3 47
11 30
20 82
17 99
7 85
20 5
12 8
23 1
12 96
10 14
0 77
27 52
27 31
2 5
21 69
26 86
17 18
25 99
3 63
12 32
21 69
6 30
16 8
10 47
16 1
28 91
30 39
26 44
22 88
25 57
28 62
2 72
5 50
5 88
26 94
12 80
8 75
0 82
1 33
16 66
7 42
29 84
29 38
2 95
24 27
2 24
16 31
3 63
12 22
0 41
0 38
26 56
22 13
26 32
14 42
3 8
24 47
24 2
14 83
4 88
1 75
26 4
6 82
7 43
23 53
11 63
9 24
4 34
19 5
1 68
2 26
13 97
13 9
2 55
27 20
19 28
15 20
8 14
9 62
29 25
22 58
0 51
20 97
8 39
25 96
30 47
13 15
19 93
6 2
2 88
1 19
28 54
4 86
23 96
24 92
5 45
24 14
2 8
8 24
19 7
25 56
10 54
3 2
19 51
6 96
24 71
27 40
18 90
27 34
4 15
9 22
8 36
23 95
6 33
23 53
1 4
9 60
6 77
8 4
6 1
13 44
28 60
18 42
30 90
7 59
30 62
22 33
29 26
24 92
12 59
29 25
18 9
18 4
9 54
12 86
21 61
2 68
30 43
22 29
5 77
24 66
12 20
0 41
12 67
10 88
6 44
28 96
15 60
20 23
24 87
7 27
15 78
23 33
2 15
16 70
23 8
9 80
14 64
15 88
24 43
21 97
4 6
2 35
6 70
25 37
11 97
1 71
22 45
16 96
24 84
21 6
10 64
21 22
4 37
6 55
4 38
5 23
8 86
15 49
12 2
1 47
15 26
20 23
14 50
5 70
10 37
22 75
30 64
17 80
13 39
1 68
1 24
17 99
29 89
22 89
4 82
24 89
3 45
20 37
7 50
4 34
21 72
4 30
24 27
0 97
5 72
2 36
7 63
23 15
11 98
29 7
30 72
6 11
24 55
21 4
10 24
3 4
22 59
18 18
11 11
2 21
17 70
15 81
9 53
29 62
20 68
27 99
0 80
13 19
7 79
4 99
19 64
25 56
11 61
2 22
24 28
30 18
12 95
24 60
13 49
25 56
23 44
24 17
18 84
11 90
15 20
18 71
23 17
12 48
2 4
17 84
2 27
3 50
27 9
12 22
4 42
7 90
25 25
30 49
25 70
14 4
14 73
7 97
11 38
7 83
8 89
6 3
13 59
30 45
3 82
22 37
26 78
12 52
29 24
24 62
27 67
4 95
14 1
8 88
8 67
24 91
17 26
19 53
12 27
3 29
24 30
28 46
25 73
19 47
18 52
23 99
8 7
13 6
11 76
20 16
25 90
8 7
24 84
11 53
9 86
13 17
13 10
3 48
2 22
7 76
13 96
1 28
24 6
3 20
0 3
19 59
4 91
20 89
10 38
24 96
29 27
18 42
2 100
1 30
1 13
29 4
15 44
30 34
25 19
12 10
2 43
1 97
15 31
8 54
6 9
22 2
17 48
27 4
10 31
9 15
11 38
5 80
10 84
25 39
23 50
14 48
21 3
18 85
10 69
27 63
6 32
19 23
30 14
23 21
5 10
6 37
24 76
28 49
4 59
20 79
4 52
19 39
1 21
15 18
19 96
3 17
15 64
1 51
5 47
18 77
12 98
24 84
21 84
23 28
8 55
4 94
21 33
6 45
2 55
4 76
25 41
5 63
16 72
30 64
19 58
30 83
0 71
26 19
10 22
26 6
28 15
3 99
19 82
24 39
8 5
10 10
28 21
22 67
7 82
10 91
12 21
9 43
14 61
7 38
18 26
0 91
3 17
27 96
19 62
12 76
12 44
17 26
22 32
25 3
23 4
4 66
0 82
2 54
7 66
19 100
18 76
15 77
1 28
1 80
19 32
29 37
19 1
22 14
24 35
4 66
18 15
1 62
7 3
9 36
15 72
5 97
20 40
20 95
13 7
12 76
25 12
28 97
8 39
24 67
28 87
7 3
28 11
1 44
5 21
6 14
8 11
3 65
6 31
25 78
14 4
25 56
28 79
6 4
9 99
10 53
17 62
17 80
21 43
0 80
29 18
26 91
20 36
9 95
4 74
21 1
5 59
11 76
22 2
4 12
24 82
6 79
6 85
4 11
21 43
1 54
1 33
11 4
26 30
3 26
6 74
14 35
10 6
8 13
28 43
12 41
8 81
12 85
3 26
28 19
9 73
2 14
6 86
22 11
26 26
11 46
30 2
28 31
13 12
12 66
26 42
15 14
4 93
13 25
3 92
13 52
19 8
22 66
17 62
15 2
26 75
2 81
2 66
25 77
14 94
1 74
27 76
19 93
25 38
26 52
5 68
19 14
3 79
1 24
10 34
17 34
22 45
28 33
12 98
21 24
12 39
12 13
28 8
23 16
24 53
25 35
22 93
10 43
14 41
4 40
25 65
19 76
28 87
11 99
19 42
14 46
16 92
3 39
11 79
7 19
23 32
1 3
18 52
26 35
21 79
4 97
27 1
1 74
11 30
5 85
0 58
16 76
22 33
13 72
9 70
10 22
20 18
12 92
29 76
16 33
17 88
29 52
5 74
14 65
18 39
3 32
19 61
4 68
11 11
9 1
4 28
9 10
28 17
25 9
22 35
29 72
23 1
21 83
15 98
17 51
4 31
22 69
7 49
13 18
28 8
9 71
5 22
12 34
19 7
7 5
6 25
24 13
12 25
0 43
0 77
30 42
21 86
20 32
23 30
30 4
6 45
25 61
16 37
9 59
14 83
27 20
0 56
29 11
23 20
1 61
5 34
20 80
29 62
7 47
1 24
19 48
17 11
6 72
23 36
16 91
4 34
29 8
4 54
26 40
4 83
29 29
15 79
0 38
30 57
8 14
20 97
17 81
19 95
14 52
14 18
9 13
22 47
11 1
29 93
28 81
29 6
0 81
20 34
12 4
27 94
29 10
25 11
19 32
16 88
16 97
12 43
20 24
14 50
6 75
23 3
2 9
10 15
21 6
22 72
18 39
10 81
30 29
4 59
13 73
8 32
4 49
22 40
19 36
11 88
29 32
16 36
9 91
14 24
22 47
22 22
27 66
13 71
13 51
27 27
11 73
11 97
7 78
9 20
27 6
22 87
1 55
13 99
5 75
15 23
6 91
26 32
16 33
29 62
23 97
3 49
7 86
20 56
11 25
14 94
4 91
2 89
0 58
14 33
6 12
28 65
30 73
16 87
5 95
6 69
16 8
27 93
20 84
4 29
3 46
24 9
29 75
29 40
13 47
23 44
30 49
28 22
1 64
20 72
6 30
12 92
3 10
5 39
24 47
7 98
4 46
17 90
14 75
27 24
1 79
20 68
16 19
21 54
20 66
13 27
26 91
27 57
16 70
7 11
24 70
22 71
9 42
24 38
8 97
30 8
28 4
8 32
14 83
11 36
28 6
4 28
2 43
21 50
15 24
7 35
16 74
0 39
11 73
25 73
23 30
18 88
15 35
0 17
3 81
4 90
14 19
14 25
8 55
27 27
6 13
9 78
27 7
26 79
20 27
8 18
20 33
22 8
9 96
3 7
6 33
26 1
28 50
3 20
26 93
3 43
9 3
20 41
3 1
7 40
5 58
21 37
2 61
17 36
7 74
9 67
22 26
10 54
14 4
26 48
29 47
0 34
8 64
0 17
13 82
9 41
18 89
15 85
22 69
28 75
19 70
18 29
12 91
25 60
20 49
18 86
16 90
11 47
30 53
25 35
6 56
3 61
30 37
13 76
9 76
18 42
8 27
15 1
6 40
24 95
25 27
25 92
4 45
22 81
2 75
1 76
27 50
22 10
0 23
25 87
12 74
29 23
21 88
13 40
6 87
27 88
27 29
11 30
6 33
17 32
7 100
15 10
21 47
29 98
6 57
27 75
22 89
15 23
30 86
16 39
3 28
8 95
6 49
22 35
29 41
21 10
21 66
18 28
29 43
2 66
25 78
22 74
8 33
15 53
4 75
27 4
22 30
25 50
26 13
15 53
11 25
9 77
25 12
25 76
14 27
28 49
1 42
25 17
23 83
12 84
27 19
0 6
16 79
29 63
14 21
6 26
12 14
13 4
1 59
8 61
6 4
3 76
26 18
5 30
21 100
1 93
15 65
5 30
1 61
11 89
21 64
6 56
12 8
24 45
22 3
7 44
22 30
6 58
14 21
28 18
8 1
19 24
20 49
19 84
2 73
2 87
24 38
18 4
12 70
9 28
2 70
20 23
7 93
3 52
12 30
26 46
21 88
11 41
22 71
8 12
4 19
9 82
4 93
13 30
10 82
7 98
9 67
20 3
15 52
1 37
1 34
22 3
7 80
26 47
10 74
26 19
2 92
21 51
5 50
10 23
4 10
3 8
15 4
3 30
12 68
19 99
29 33
18 49
11 81
27 4
25 93
12 46
24 16
12 37
19 18
25 88
21 94
29 21
22 30
6 16
2 16
26 51
0 64
15 22
10 100
5 25
23 33
3 6
30 95
6 49
1 100
21 8
26 16
25 41
22 37
8 26
24 80
3 28
12 56
25 57
16 94
16 52
0 27
10 73
8 97
18 12
11 7
28 76
18 6
12 23
11 39
18 89
3 76
25 8
14 45
19 52
27 48
11 94
28 33
25 98
23 95
10 51
4 40
23 13
11 67
19 90
4 72
23 47
13 92
19 89
25 79
23 36
20 57
12 93
11 33
19 41
13 4
25 95
28 98
30 83
28 35
2 94
6 78
24 57
23 11
9 41
14 65
21 5
23 77
28 70
2 20
17 62
22 16
21 41
16 68
29 1
22 22
12 79
1 25
2 13
20 31
30 38
10 30
27 39
21 4
1 54
28 47
5 12
12 56
20 13
3 47
30 79
12 100
18 86
25 16
1 13
0 25
14 54
16 75
24 33
4 98
7 4
6 65
17 54
17 83
8 30
12 64
9 70
0 59
22 75
23 70
13 98
1 59
26 12
29 4
15 10
18 52
29 53
1 1
22 64
25 61
13 56
26 75
27 6
4 64
4 92
19 14
12 82
27 61
30 47
5 24
23 3
18 62
10 64
15 95
6 58
22 96
21 44
17 71
12 17
7 66
7 28
5 59
27 11
9 58
3 9
24 29
25 59
17 27
17 22
0 42
25 19
5 32
6 33
28 4
9 86
19 39
3 57
14 90
23 73
23 12
20 13
26 53
12 9
30 19
20 93
12 100
19 7
21 27
17 69
24 57
0 62
4 10
7 92
21 53
11 45
16 93
16 89
23 1
16 47
11 7
20 50
0 2
6 20
6 26
14 8
1 6
24 61
16 71
6 67
11 61
5 70
4 63
26 33
9 82
10 84
29 14
20 29
17 56
9 44
15 67
1 46
29 68
16 60
24 77
11 37
10 90
19 14
19 33
3 55
5 21
13 5
0 34
20 43
9 89
15 78
30 13
6 76
15 7
15 25
20 29
11 27
20 41
9 82
22 44
1 19
11 6
18 70
3 90
8 4
30 14
23 51
21 40
21 10
4 4
13 20
19 98
26 75
15 88
29 2
28 70
30 87
15 67
27 25
25 96
18 65
24 32
9 30
22 4
9 56
7 64
8 47
16 66
2 82
23 25
12 55
23 100
9 70
4 66
3 70
29 75
20 28
4 38
26 78
1 48
23 82
8 90
28 27
20 82
2 66
30 2
13 17
18 71
24 59
18 57
16 15
29 79
25 10
20 24
15 27
24 36
28 64
14 43
4 10
15 5
7 22
30 78
11 57
23 18
30 18
3 90
18 26
11 65
15 22
15 22
15 40
27 100
4 32
10 97
18 66
11 4
23 78
25 50
28 27
8 51
19 1
29 96
13 23
18 37
20 46
3 42
6 71
1 49
8 49
10 16
26 99
27 17
23 59
3 86
26 9
18 24
17 44
7 57
3 88
7 75
28 75
11 56
19 62
26 77
16 89
29 72
26 49
13 89
14 99
13 28
6 7
5 63
16 74
11 15
20 44
26 34
6 31
25 70
16 49
11 11
16 76
13 22
23 80
16 86
20 87
5 33
5 69
14 58
0 97
22 40
20 21
30 98
26 13
2 1
13 52
16 17
23 15
11 6
24 49
9 92
7 10
15 74
18 45
19 53
6 70
0 2
20 22
24 33
8 58
15 91
10 28
8 97
29 44
22 20
10 22
30 12
18 15
12 57
28 23
1 46
13 56
22 30
30 51
3 26
16 88
14 66
29 98
26 28
0 74
19 31
12 60
7 47
14 62
25 90
1 9
13 77
22 87
20 6
6 50
22 93
23 23
5 93
1 62
1 92
26 48
13 14
8 99
7 14
7 73
7 12
4 67
10 35
2 29
4 69
4 66
0 67
7 66
26 26
14 86
22 12
23 5
22 63
13 15
6 12
17 44
23 30
12 68
23 60
28 2
6 96
29 22
7 4
14 45
18 66
7 42
22 53
7 40
24 80
20 3
15 21
6 87
15 74
16 5
1 63
28 69
17 100
1 3
29 35
29 96
26 95
13 91
2 54
14 25
16 56
24 76
5 97
21 4
14 57
5 34
0 24
9 40
24 69
7 20
13 50
13 55
14 35
21 23
10 63
0 45
15 21
29 78
20 27
10 51
14 29
2 18
28 99
21 20
26 16
18 77
14 67
2 31
2 66
0 37
7 92
6 71
22 51
9 66
26 97
26 43
6 13
10 44
8 68
0 50
4 71
20 23
17 32
5 15
9 13
23 47
6 23
15 5
13 90
2 82
2 37
3 16
11 60
6 40
19 52
26 99
12 36
5 83
1 81
13 34
5 15
26 71
26 88
0 55
12 68
12 5
29 28
21 70
7 42
3 58
2 32
6 54
17 78
28 68
12 18
1 25
23 34
15 41
9 82
26 99
17 52
3 28
9 64
14 59
8 62
15 79
27 90
12 5
16 67
6 44
1 73
4 69
15 25
24 7
16 1
5 83
21 34
22 66
24 100
4 83
25 42
2 14
16 39
25 19
27 3
29 78
2 87
11 73
7 92
28 85
4 60
9 23
6 46
22 50
1 65
14 11
26 88
26 26
18 94
15 33
21 23
15 67
27 16
21 35
2 76
6 48
26 83
20 60
9 2
24 15
15 2
30 55
0 50
5 56
14 3
17 17
22 11
20 79
9 36
20 23
27 43
1 96
2 60
27 47
21 48
26 71
12 76
7 13
25 62
22 21
25 86
14 75
29 6
17 51
17 5
12 5
28 93
10 63
15 29
24 75
22 41
9 32
8 72
14 24
22 48
15 41
24 82
16 26
11 81
5 74
5 58
19 90
29 43
20 59
27 32
14 88
11 75
12 51
22 11
10 58
13 1
29 2
21 24
25 12
6 30
13 47
9 99
4 39
16 45
7 58
20 53
16 55
10 89
13 2
29 28
20 27
28 88
1 4
5 29
8 3
22 14
26 36
14 61
28 68
28 1
21 12
24 37
8 67
21 29
9 39
3 58
28 93
24 8
27 37
13 45
8 21
13 18
20 53
3 50
1 9
3 35
0 12
13 79
5 16
19 86
25 72
6 10
24 50
1 61
25 23
3 95
11 24
25 25
13 33
10 93
19 65
24 20
23 5
5 41
8 65
22 51
19 43
10 16
10 69
5 9
10 2
18 16
25 56
8 48
8 88
25 16
25 29
11 41
1 6
20 74
17 53
21 14
13 27
13 85
19 99
24 32
29 16
11 5
21 5
10 66
29 48
18 58
19 81
11 69
9 36
22 92
17 63
28 96
27 28
11 35
25 39
15 15
23 18
25 51
3 74
24 58
1 7
18 14
9 27
28 88
10 32
15 80
7 86
9 100
8 28
30 21
11 48
20 45
6 87
27 75
23 20
0 5
11 51
16 60
18 47
4 19
27 36
14 16
19 51
27 88
28 42
12 78
2 85
16 99
11 70
30 14
8 49
4 54
5 80
17 11
28 61
30 69
29 100
20 100
3 59
24 82
26 18
11 42
30 62
12 78
12 46
19 22
15 45
23 47
3 73
23 37
11 94
23 73
29 97
13 64
21 34
8 85
21 55
23 46
25 45
14 63
28 31
16 5
22 9
23 68
11 23
17 56
5 69
2 7
2 2
1 19
9 6
22 100
9 8
16 45
14 90
13 15
11 76
12 62
10 54
30 98
28 55
25 92
3 93
14 89
16 89
10 30
2 43
30 26
1 69
29 16
28 11
5 4
11 17
9 88
10 60
1 58
16 16
20 66
14 83
5 26
19 42
16 36
26 92
22 1
8 17
25 44
17 32
14 98
29 9
26 4
21 44
24 64
4 11
20 70
21 80
8 94
1 66
17 35
1 48
27 36
7 99
25 27
2 100
6 27
4 12
29 89
13 87
3 90
8 45
9 44
2 29
15 53
11 57
4 8
15 63
9 73
9 44
22 91
10 23
0 64
23 69
30 25
3 65
9 13
4 65
2 27
29 15
1 13
15 83
2 94
19 49
26 47
16 74
11 97
9 11
10 58
19 77
1 66
20 85
4 24
30 81
4 45
24 20
29 79
4 8
14 5
2 87
26 36
0 67
19 64
6 48
19 69
13 20
18 97
29 78
20 24
7 69
2 26
21 78
17 78
14 67
20 10
24 83
21 98
15 42
9 29
0 32
21 19
26 35
27 48
23 54
30 6
15 27
14 74
7 42
9 79
18 61
26 60
12 62
5 50
4 6
4 2
24 76
23 9
16 7
12 73
16 86
24 29
25 75
9 9
3 51
30 16
7 9
22 98
9 39
25 76
10 53
30 25
0 4
27 11
12 42
5 86
5 12
26 84
2 37
3 3
6 44
14 43
14 27
22 93
29 77
18 82
10 66
26 31
22 13
25 57
0 40
14 30
11 58
22 83
16 48
16 36
11 3
9 20
15 67
15 49
14 43
22 38
9 68
29 98
9 39
24 68
26 12
24 26
3 24
13 30
25 89
18 90
2 12
8 86
14 21
6 20
14 29
22 41
23 40
6 81
24 46
13 40
2 5
1 58
24 82
24 31
27 13
26 60
14 16
20 26
17 98
13 99
8 29
11 77
20 56
5 65
27 31
17 97
26 32
19 46
18 1
14 8
10 31
29 50
26 87
16 41
9 59
29 95
13 78
21 76
13 60
14 9
25 51
29 90
15 63
24 29
6 43
2 39
4 56
16 33
28 5
23 34
9 41
27 19
6 81
0 90
2 68
25 6
16 86
1 6
3 13
22 15
8 63
14 43
4 78
17 23
16 91
25 4
8 3
1 25
18 25
14 40
19 86
16 85
2 44
26 44
16 38
1 16
0 42
30 2
4 87
19 70
25 17
29 1
21 21
23 20
25 24
26 82
14 23
4 62
18 98
25 18
7 12
21 42
10 41
8 93
11 18
30 97
0 29
15 71
9 55
17 90
1 73
10 17
27 26
10 41
20 41
22 84
5 55
18 38
25 75
12 24
21 88
5 25
26 7
4 92
21 42
22 52
22 100
23 29
11 23
22 69
25 77
25 52
5 100
21 16
8 90
9 51
4 70
10 17
22 43
6 99
22 73
4 84
22 51
23 68
20 63
11 18
20 97
9 67
12 87
2 77
26 91
13 45
8 71
30 56
2 68
26 78
13 79
26 59
19 96
19 40
4 83
8 70
29 75
1 33
19 2
30 59
9 39
9 95
24 82
11 10
14 94
28 17
5 68
18 69
8 82
24 7
20 23
21 88
7 93
21 88
0 79
20 29
11 31
5 12
3 89
8 87
20 16
6 63
16 83
21 19
6 59
26 11
3 3
7 12
25 95
22 52
7 67
4 51
24 15
8 59
30 55
22 47
18 78
4 54
12 100
23 66
21 37
9 10
6 66
25 15
15 61
21 54
4 95
6 29
24 55
19 98
20 30
11 57
29 97
2 55
2 48
28 60
6 81
25 46
22 68
21 54
15 78
13 65
15 91
3 51
14 51
23 85
24 35
4 72
22 30
23 96
4 79
23 31
5 6
24 70
5 21
24 19
3 54
22 76
24 36
19 75
2 35
19 17
24 67
6 18
14 10
16 29
19 94
16 93
2 7
12 9
24 68
13 43
4 12
6 65
28 9
26 92
20 97
13 51
19 25
8 63
16 18
5 19
22 22
12 90
23 3
29 89
25 23
20 92
9 92
3 85
24 81
18 52
7 25
0 17
18 51
14 51
3 90
14 82
13 51
28 44
18 98
2 64
15 55
28 8
4 25
11 100
20 34
4 68
12 80
12 62
2 15
12 31
14 31
9 72
2 17
15 26
8 74
7 58
14 53
19 71
7 31
10 57
20 35
4 39
8 57
21 48
28 97
12 37
26 70
2 91
23 89
13 78
0 51
14 27
19 16
21 35
0 49
30 60
10 68
17 31
4 27
3 30
3 25
6 99
0 12
7 1
2 91
6 37
25 82
16 61
13 77
30 68
4 30
29 82
1 83
22 90
17 47
11 27
18 74
26 30
2 36
20 24
14 50
9 8
17 82
20 26
23 92
5 75
11 5
26 11
3 100
20 57
11 11
12 30
18 80
11 38
11 64
2 60
8 75
18 58
3 65
22 82
0 7
3 75
4 39
14 97
25 48
8 45
16 68
20 31
2 83
24 61
25 91
12 92
6 50
22 40
24 53
26 11
0 73
9 88
11 40
14 57
20 69
19 51
3 41
13 67
29 25
15 7
23 71
16 9
18 84
10 13
3 52
27 57
16 41
11 13
29 21
24 65
18 27
11 78
18 52
4 44
1 26
16 34
3 84
13 40
4 79
6 20
9 24
1 40
7 57
22 55
21 2
26 42
19 84
11 38
3 71
12 11
23 21
0 61
21 76
11 76
21 20
6 14
9 97
30 63
21 73
19 89
18 17
16 96
20 29
28 77
23 95
29 66
2 75
10 41
1 53
8 38
8 24
5 28
22 45
10 40
15 7
15 77
5 39
8 86
28 90
17 52
18 81
29 65
20 62
12 23
29 46
4 48
21 73
21 7
21 38
24 35
8 84
28 66
16 89
5 18
29 12
15 32
12 96
28 7
10 61
8 44
17 30
20 30
26 53
0 80
28 7
3 56
7 44
18 48
12 24
28 78
6 19
21 33
14 79
4 26
3 56
19 89
23 40
15 32
15 53
30 24
29 25
5 20
9 58
13 59
0 8
24 73
2 39
25 88
9 89
18 82
22 16
3 96
10 67
21 96
18 88
12 16
7 85
28 70
5 67
12 41
6 33
4 65
6 20
6 10
5 12
25 48
26 99
18 42
17 60
24 18
8 92
5 78
20 79
6 25
9 41
9 85
1 24
5 36
22 29
6 67
22 13
12 91
3 84
17 99
11 82
16 17
14 66
21 81
10 43
9 28
25 24
29 47
6 26
26 47
23 41
13 83
16 47
17 29
13 77
27 45
28 45
18 97
0 37
5 42
20 69
9 77
20 33
3 2
20 32
26 31
7 74
29 63
9 35
19 63
14 36
15 61
27 19
20 5
5 93
16 46
22 14
22 82
24 6
8 52
20 90
0 23
7 41
4 90
17 69
9 22
17 35
9 36
7 25
24 74
7 76
30 74
9 99
13 29
14 65
25 32
20 84
19 79
20 39
23 6
9 78
21 15
23 47
7 43
15 57
2 75
22 97
15 30
12 91
2 83
28 6
19 59
0 78
26 91
3 99
12 32
7 89
21 51
12 94
16 90
3 67
12 73
10 34
5 81
21 71
10 33
13 46
9 56
22 14
16 10
30 80
16 7
0 88
3 52
10 13
7 62
13 60
10 61
3 59
11 76
10 27
14 43
9 59
25 84
29 61
28 54
11 68
18 26
26 44
17 50
7 21
19 2
6 72
27 46
27 82
7 33
9 35
1 30
24 32
25 36
1 78
19 96
16 2
8 20
2 4
4 70
18 15
23 52
17 87
6 99
25 10
0 34
25 63
0 24
30 36
6 74
30 20
21 29
14 30
16 12
4 64
10 63
19 39
7 12
22 52
10 67
17 73
10 31
2 97
24 63
22 52
25 89
22 21
21 96
1 27
28 68
13 92
20 93
5 67
23 71
18 82
12 70
1 92
23 27
24 57
14 28
28 79
6 83
4 5
26 33
23 43
2 85
4 25
26 52
26 27
30 15
19 70
22 47
9 68
3 68
29 48
13 55
15 22
2 39
5 2
25 98
30 55
20 34
21 72
29 94
23 40
7 38
19 99
1 65
22 12
25 22
23 64
10 21
23 69
20 12
29 4
6 50
10 46
19 1
11 89
30 50
26 30
22 71
19 20
0 41
30 81
4 78
9 39
13 3
28 10
17 13
27 31
24 87
8 2
15 93
4 49
12 37
23 85
25 75
0 72
15 51
28 16
26 8
28 66
12 88
3 91
9 39
5 87
16 7
2 39
22 30
24 21
11 54
26 14
13 82
24 81
30 81
18 68
19 36
2 15
25 68
8 97
15 96
10 75
23 82
2 64
8 48
29 8
7 88
5 54
7 59
20 56
14 8
20 77
12 17
5 93
16 19
17 94
13 4
8 24
26 95
11 14
8 30
6 58
16 39
13 67
26 88
18 14
9 28
1 91
28 51
3 79
22 63
18 1
13 47
9 95
2 95
1 69
6 21
19 30
9 34
4 99
28 59
16 43
30 55
8 11
4 43
27 88
13 55
24 49
24 32
28 65
0 9
29 54
16 37
7 88
10 90
1 10
14 8
5 96
8 66
25 2
1 75
13 81
12 72
11 96
13 53
6 45
29 47
14 16
28 46
10 43
5 22
30 58
28 48
11 35
14 61
30 100
25 62
0 62
30 51
25 48
9 29
9 61
4 79
0 56
6 73
9 87
22 22
27 1
19 14
6 79
28 90
10 24
18 33
18 96
28 36
16 21
19 90
22 93
24 84
24 65
6 8
9 25
11 13
22 6
29 28
4 93
0 11
23 63
20 9
22 49
17 56
29 58
21 95
4 55
28 77
6 51
7 3
30 4
0 64
14 34
23 38
10 29
5 56
16 78
1 25
24 50
25 91
16 60
27 65
12 22
22 21
5 94
13 86
8 6
15 58
26 75
21 16
23 92
30 20
12 77
2 2
28 56
0 37
28 99
17 50
21 31
4 96
0 41
8 84
6 23
24 61
5 16
20 56
25 54
12 17
22 84
20 27
14 62
22 22
25 50
8 59
26 30
26 73
23 28
29 80
12 10
13 53
4 26
26 63
6 27
13 95
22 69
7 79
5 57
13 20
26 81
30 69
11 67
22 11
26 58
7 39
27 31
8 82
6 41
4 65
11 7
6 80
7 33
6 2
17 88
20 51
21 89
11 85
7 91
18 75
20 62
30 92
15 94
15 24
5 64
29 67
23 18
20 33
29 53
29 49
7 94
26 69
18 61
11 46
20 90
15 43
4 5
23 95
4 55
28 29
9 97
1 26
1 81
10 86
11 4
15 52
1 18
9 75
14 87
6 82
13 19
3 87
8 25
8 18
15 54
19 70
15 75
22 62
30 40
28 20
25 67
30 95
10 34
1 11
19 71
24 78
26 20
20 46
0 64
14 42
4 30
12 32
21 98
19 58
20 40
0 18
28 50
14 32
9 44
12 23
10 66
1 48
19 76
23 29
11 47
16 51
4 40
8 57
6 4
16 32
1 12
13 96
18 35
24 82
6 35
6 98
2 47
8 95
23 80
10 20
16 83
25 42
26 4
28 77
16 34
21 16
5 51
28 49
2 82
15 53
20 1
29 20
30 100
8 71
2 5
1 91
28 4
23 27
25 92
3 6
19 11
4 87
28 7
0 59
7 26
10 66
5 70
13 15
3 3
0 83
17 98
5 63
9 92
27 58
4 66
23 51
4 89
0 2
16 3
19 32
2 13
14 12
1 4
3 97
7 50
7 64
11 15
2 25
12 34
1 13
21 72
14 51
30 80
1 48
17 44
27 100
1 80
19 5
10 34
12 56
28 25
30 49
2 51
12 27
25 69
25 5
21 44
21 78
12 73
2 62
29 93
19 87
27 47
2 25
19 92
24 3
30 58
25 19
19 21
23 21
22 2
30 83
27 77
27 14
17 97
21 64
3 8
2 63
12 89
16 88
30 67
7 68
14 57
23 44
5 28
6 27
22 14
29 60
22 91
24 38
8 60
14 97
19 46
8 77
17 28
7 78
0 21
10 23
1 51
10 53
6 76
26 98
3 14
27 65
14 35
30 40
16 42
28 66
25 7
15 6
28 65
2 7
20 70
7 23
27 84
9 65
14 92
23 81
5 45
12 59
15 92
23 29
6 71
27 84
2 58
10 67
29 27
22 52
27 85
22 37
7 37
13 67
29 59
6 88
24 81
14 51
29 54
0 92
15 66
14 18
2 1
3 62
25 25
26 4
12 62
20 34
8 40
20 73
24 97
22 91
7 71
18 7
2 9
24 57
7 84
30 84
10 100
24 57
12 81
30 2
16 91
2 10
21 97
15 78
6 79
10 11
23 86
18 85
26 55
7 80
4 72
23 25
15 73
29 41
10 96
21 93
10 93
18 56
15 89
12 62
24 58
27 89
29 88
1 66
20 34
5 97
12 70
10 34
6 12
4 40
27 83
17 89
23 52
11 38
27 94
6 70
21 65
20 34
10 88
4 12
26 44
18 80
6 81
1 40
21 61
21 88
16 25
17 71
0 63
3 38
6 30
27 19
28 43
10 71
30 60
12 63
11 37
19 39
21 70
13 10
25 60
6 50
15 53
20 14
6 44
19 55
14 41
22 53
1 16
4 9
1 97
21 16
29 3
25 50
30 31
9 78
6 68
25 68
25 35
5 66
17 68
27 2
8 54
11 33
12 62
8 55
10 94
21 30
25 39
16 26
17 37
1 25
19 2
0 80
20 90
15 86
26 91
1 3
25 1
5 73
0 65
10 63
8 78
25 19
22 41
29 30
2 11
0 35
11 8
10 59
7 42
6 18
19 50
0 78
27 73
11 81
6 6
5 64
9 17
22 8
3 16
22 16
11 80
25 9
7 38
11 42
29 58
30 50
6 77
16 12
1 47
20 61
12 35
3 71
18 78
15 67
11 51
28 85
7 13
21 90
7 21
28 74
9 10
30 58
27 30
25 27
12 18
6 39
6 74
16 95
6 21
16 34
13 72
7 77
24 3
28 36
1 54
20 16
23 58
20 44
19 9
17 63
0 65
30 65
25 80
9 78
10 7
10 27
14 79
29 71
9 21
27 57
22 70
28 80
28 86
5 2
12 2
11 34
29 24
8 32
14 64
6 18
4 9
0 55
3 52
19 41
1 11
8 2
7 52
9 46
28 82
23 6
28 89
18 84
15 29
13 17
8 33
17 9
8 78
2 35
2 33
19 78
8 41
20 22
2 97
1 71
30 56
30 75
7 53
3 67
8 90
10 33
27 98
20 18
19 31
26 66
1 70
19 5
0 87
10 12
8 86
25 4
23 25
9 59
21 40
24 94
28 39
23 33
17 86
25 99
5 78
14 80
6 81
12 20
24 68
9 19
17 93
0 41
13 21
16 30
20 89
25 36
13 52
27 28
5 2
12 52
16 17
30 44
4 63
22 57
8 13
9 67
26 87
9 58
29 29
23 73
22 49
30 37
16 77
22 92
29 88
4 24
20 57
26 17
21 43
17 10
13 92
1 98
30 84
0 69
5 7
14 74
29 89
17 28
12 79
3 36
23 83
30 90
18 44
0 74
9 37
4 33
6 28
1 61
3 63
6 54
24 29
13 34
21 97
15 44
24 89
12 51
22 13
20 23
15 69
16 12
22 22
0 5
11 64
4 22
9 65
6 76
10 54
22 93
9 48
25 6
11 72
24 78
11 53
28 42
9 58
1 28
4 49
13 75
18 12
7 40
19 70
14 3
19 98
21 92
16 69
1 23
3 17
20 42
15 44
15 93
27 30
17 70
7 62
10 15
11 60
15 92
18 97
12 69
15 83
21 4
18 60
24 52
21 12
0 21
22 56
27 63
26 78
19 78
30 12
30 5
3 45
18 5
24 89
30 90
7 56
12 89
15 44
27 72
14 87
24 42
20 84
18 14
22 24
17 16
8 34
19 25
15 38
6 87
4 81
22 52
11 29
4 24
15 73
8 11
14 57
10 50
13 36
30 61
28 66
12 5
12 32
6 30
18 7
0 7
16 11
30 19
19 95
24 56
13 20
16 9
6 32
13 12
1 49
19 21
27 91
22 15
12 65
27 49
26 13
0 38
13 63
24 70
10 34
27 20
10 55
30 9
24 1
8 71
19 57
0 29
17 51
27 88
19 71
24 58
4 67
15 9
6 50
20 47
16 69
15 94
19 36
24 94
24 28
16 23
2 22
20 98
6 91
17 62
16 3
20 71
9 22
4 99
19 60
18 54
3 94
12 42
3 40
4 83
8 61
7 13
5 55
28 63
11 85
13 57
24 94
27 29
11 19
7 38
21 93
0 40
11 78
23 1
11 22
27 6
0 59
25 18
4 60
16 20
23 76
14 1
1 11
3 20
7 71
3 75
27 54
26 13
9 38
2 20
10 56
11 30
5 39
18 15
19 78
6 5
7 56
16 8
10 29
20 100
17 36
3 55
29 1
19 23
16 80
13 64
21 66
9 83
7 73
23 40
18 81
2 25
26 30
14 22
10 58
22 82
10 8
19 69
17 32
29 85
7 80
20 68
13 11
27 84
18 18
16 90
5 16
6 38
24 47
30 24
23 64
1 80
28 20
24 20
17 14
0 40
20 67
29 27
20 16
20 67
14 50
30 41
28 61
20 57
3 28
3 57
8 57
12 11
0 55
3 30
30 64
20 44
23 65
4 71
6 50
8 95
4 22
19 43
19 30
11 1
21 33
27 29
2 33
26 38
14 95
7 43
8 32
19 8
5 84
27 22
22 30
24 20
11 38
20 94
12 72
30 4
23 26
15 57
27 7
5 60
25 79
23 25
2 8
2 31
4 52
28 100
13 3
2 93
7 51
22 29
28 45
4 7
22 52
9 59
0 65
25 52
15 56
20 23
16 3
9 61
30 46
15 41
20 24
8 77
18 76
7 49
18 39
5 87
11 72
2 69
11 5
2 55
5 30
11 3
16 78
17 42
3 8
10 59
16 65
5 67
2 37
24 43
1 61
1 83
0 48
13 33
25 96
17 5
3 92
0 62
7 91
17 59
2 41
11 26
3 72
7 93
10 96
8 73
12 28
30 86
10 96
24 3
26 97
18 19
14 27
15 27
2 2
12 39
28 82
25 6
30 3
18 86
7 48
8 99
27 81
22 30
14 87
5 24
18 7
16 96
20 76
24 22
3 55
0 36
13 76
2 45
21 54
24 81
23 56
10 93
26 100
26 99
26 56
11 40
30 91
21 98
6 44
5 22
2 79
16 38
3 97
25 37
23 59
29 59
6 55
13 60
10 65
7 73
7 13
23 12
3 12
15 60
22 80
2 99
7 20
10 16
10 85
11 15
22 13
20 46
9 5
28 60
0 38
25 89
3 80
30 80
4 98
6 85
24 4
19 57
4 91
0 59
19 66
4 69
25 2
29 94
5 53
12 62
27 20
4 42
22 24
30 3
9 53
30 21
24 69
5 84
29 78
5 17
16 12
23 71
1 1
28 21
2 22
11 65
30 98
7 15
27 35
0 57
27 19
12 99
10 42
24 72
14 79
10 94
1 89
25 46
26 91
13 3
6 42
0 82
18 18
28 75
26 100
15 92
1 59
6 54
18 16
8 22
24 14
17 33
22 9
26 12
10 100
30 55
18 31
20 43
3 5
16 36
29 4
17 64
30 65
19 59
7 11
24 64
30 67
10 2
20 53
12 11
19 67
16 5
13 63
23 55
2 21
21 22
17 78
14 5
30 52
0 40
19 9
21 91
3 59
30 31
8 84
7 31
20 5
18 23
27 43
30 47
8 11
3 68
7 89
6 18
24 86
18 100
21 18
24 36
23 7
3 29
23 37
7 11
19 18
8 90
16 67
2 97
1 98
3 43
21 38
30 36
14 44
15 24
24 27
6 1
0 18
9 82
23 97
10 69
24 16
16 50
1 27
25 19
13 16
2 66
3 61
11 20
23 94
28 80
22 20
17 23
1 88
4 28
19 63
25 20
19 72
7 35
15 10
14 64
12 12
14 76
25 18
26 95
13 48
20 85
1 81
30 73
20 13
6 57
23 55
29 12
3 8
11 96
29 18
22 6
25 8
12 55
27 86
14 59
18 98
12 62
24 82
19 71
27 33
22 22
18 16
13 5
14 76
4 28
3 13
13 31
22 41
29 32
12 7
15 8
23 48
3 20
1 46
25 84
1 81
28 11
22 19
21 78
9 33
29 77
24 63
9 67
14 41
23 83
27 79
26 36
8 27
28 89
1 81
6 7
26 14
22 96
27 53
20 6
15 58
27 54
6 58
3 28
16 56
25 39
0 36
10 20
18 29
27 52
8 32
14 29
19 1
12 85
5 37
0 72
10 20
12 77
1 45
18 18
16 94
14 21
18 26
1 95
4 31
5 47
29 76
1 43
5 38
5 98
21 59
27 43
7 88
27 37
27 44
12 69
11 90
15 25
0 35
11 8
28 83
9 93
12 98
30 82
5 28
25 100
21 65
12 20
21 12
29 94
25 21
16 79
12 99
5 30
26 40
12 4
13 45
29 88
25 89
24 67
26 8
27 47
5 16
17 15
30 83
15 47
8 6
13 26
30 91
15 20
26 71
19 28
25 73
0 2
16 72
17 66
5 12
7 32
15 39
1 33
16 37
11 89
18 10
20 71
26 94
29 74
18 85
4 51
29 19
30 58
30 9
2 28
17 36
15 14
10 21
21 63
19 15
7 43
1 13
28 58
27 23
6 17
0 89
21 62
8 54
10 23
4 60
23 94
19 24
28 68
29 83
5 43
3 77
10 21
23 73
9 74
13 81
30 16
9 24
28 49
20 99
5 72
0 65
9 63
1 43
27 40
28 51
30 2
11 4
28 10
15 96
12 58
11 24
26 63
9 83
27 79
26 30
16 34
17 54
1 2
21 93
22 20
9 74
25 8
8 1
9 79
18 27
28 51
24 20
29 5
29 1
3 34
6 86
19 87
10 85
19 1
16 62
10 10
25 63
15 93
19 72
17 26
28 16
28 83
12 35
5 41
15 99
22 67
12 69
12 62
10 14
28 42
23 59
2 11
26 85
3 91
4 57
13 75
2 99
19 18
23 42
13 5
0 33
26 71
25 73
29 73
9 20
0 77
24 50
20 23
17 66
26 40
19 97
22 50
0 24
13 1
14 65
17 37
30 86
22 30
25 77
22 61
21 83
1 75
11 47
14 63
30 85
15 89
11 40
18 34
8 77
5 20
13 4
20 44
1 74
20 76
22 89
25 60
9 39
10 22
14 12
16 93
25 90
29 79
15 26
14 51
24 47
27 57
28 45
4 52
16 71
17 14
30 26
26 94
14 20
0 87
21 26
4 79
16 77
4 54
29 39
8 25
7 66
15 69
23 57
0 89
29 55
5 97
2 32
8 10
11 43
10 5
7 65
25 71
12 62
11 42
3 85
4 62
25 68
14 44
15 84
2 37
16 34
4 64
21 96
9 6
20 31
21 58
7 28
17 2
16 49
7 41
11 49
3 81
8 4
28 37
12 63
9 37
16 37
17 17
28 9
2 55
3 13
11 25
18 89
16 96
10 14
17 36
28 64
6 66
4 27
22 59
16 72
16 36
0 29
14 72
26 26
17 49
6 79
20 71
14 9
4 67
28 39
30 12
22 73
11 59
18 44
19 85
18 2
22 47
14 62
16 97
25 50
21 71
19 12
5 2
19 99
12 30
0 99
0 59
22 29
12 65
24 41
0 12
15 55
17 23
19 65
16 49
23 35
3 2
12 75
25 82
12 31
20 79
1 80
11 32
29 37
0 47
28 59
15 88
13 81
21 58
27 53
24 23
21 29
17 93
14 82
24 32
3 89
27 90
6 47
12 28
8 41
12 79
29 44
17 51
18 38
9 71
24 70
23 29
17 90
1 71
30 88
24 86
26 64
10 24
8 43
30 26
1 63
3 77
17 32
25 73
9 50
14 12
13 47
12 33
21 58
22 28
28 37
5 69
12 30
20 56
7 88
12 83
12 1
17 84
29 20
30 21
2 61
6 44
20 49
0 26
26 47
17 100
10 46
4 69
9 99
19 93
6 39
13 74
4 70
30 83
3 14
1 81
28 91
24 36
23 83
25 53
12 22
28 37
29 5
29 46
13 12
5 26
17 92
5 48
9 58
20 43
17 77
8 75
0 41
4 89
18 76
10 53
10 83
0 12
17 15
14 54
3 80
26 62
3 20
27 69
20 19
3 35
1 29
9 72
7 30
28 45
28 70
12 15
20 53
14 70
28 92
30 18
8 27
2 75
0 11
22 41
23 62
17 19
4 40
29 37
1 52
3 75
17 85
26 20
7 15
11 54
28 89
28 52
16 15
26 6
5 29
27 51
7 78
23 66
22 33
5 40
6 48
12 82
11 23
24 19
7 87
7 9
3 5
21 42
30 53
30 30
12 77
11 70
8 62
23 42
6 95
13 94
16 38
28 90
25 60
16 6
13 94
10 4
10 83
23 33
28 44
24 55
23 4
1 86
23 36
7 9
14 58
27 59
12 49
23 88
26 23
29 68
6 50
2 71
24 63
6 61
16 32
15 22
25 61
8 78
11 48
15 19
10 59
8 70
30 53
7 21
24 91
4 44
13 13
15 53
6 69
26 64
7 36
4 64
19 92
25 8
29 97
23 43
7 15
12 5
24 56
20 49
28 90
5 61
22 26
1 77
22 83
24 45
13 81
21 71
16 8
29 67
22 55
8 46
24 82
22 60
23 18
6 90
28 31
27 13
17 41
3 93
23 99
14 24
27 17
3 80
25 82
11 38
18 15
30 12
23 66
22 73
25 58
2 54
22 40
3 19
24 43
28 87
23 10
28 57
11 37
26 6
1 59
6 14
16 55
5 20
11 39
18 94
21 41
7 84
15 15
2 91
28 58
7 81
29 55
8 30
29 38
15 63
5 52
11 70
0 30
8 93
1 42
17 9
30 86
21 11
7 90
1 60
17 30
10 95
2 41
27 57
23 4
20 24
18 21
2 29
3 28
29 7
8 91
19 85
9 100
15 98
17 13
4 30
0 54
26 88
12 47
8 50
13 86
2 10
1 5
13 50
5 21
24 41
3 48
11 33
12 51
7 60
15 40
0 95
19 43
4 43
27 55
24 3
17 79
4 78
6 49
9 44
1 9
26 10
12 14
14 68
1 23
4 10
9 90
18 88
14 3
8 59
15 73
2 67
22 22
14 27
18 87
1 52
9 79
2 52
5 32
17 41
9 14
1 89
8 54
22 81
15 21
3 62
19 40
21 79
5 100
21 58
21 79
13 62
26 58
8 100
21 20
10 51
29 88
26 36
12 18
26 75
20 5
26 4
6 69
8 43
19 22
15 47
29 82
9 19
28 5
7 68
23 42
18 37
23 85
20 94
11 17
4 54
24 23
11 8
29 14
28 23
25 31
7 40
29 47
16 94
16 78
3 50
10 37
7 83
20 46
24 49
24 80
9 3
14 23
20 36
9 95
8 1
25 62
16 15
26 99
26 52
23 68
27 100
23 13
2 62
22 63
4 2
10 60
11 93
29 47
8 25
15 84
18 24
30 18
29 28
0 76
12 82
15 27
18 72
25 88
21 10
5 78
3 62
2 29
25 34
7 22
22 74
1 63
14 45
6 87
6 11
18 22
22 12
19 94
8 16
18 17
15 56
0 2
18 58
9 98
25 85
16 70
27 3
1 69
3 91
21 41
25 40
25 48
5 96
25 69
18 45
25 70
22 13
20 11
27 99
17 41
11 10
28 44
15 78
20 5
9 10
27 82
18 96
21 72
22 31
7 41
23 91
19 37
13 56
29 29
22 37
5 92
12 67
10 60
21 95
13 13
4 11
15 46
4 21
25 39
26 100
26 10
5 40
7 27
2 39
18 36
17 63
14 75
3 76
24 32
18 8
17 79
27 10
3 68
27 82
23 3
9 10
19 64
23 98
24 45
8 41
6 81
2 77
7 47
2 88
30 48
15 12
16 38
6 54
8 51
30 66
19 79
10 1
23 64
16 2
8 85
0 54
25 70
22 95
27 23
16 48
22 58
8 23
3 86
14 13
16 45
23 12
5 57
29 65
27 54
15 80
3 25
5 28
5 58
12 31
11 53
18 20
18 63
24 73
8 84
20 69
27 6
20 92
12 4
12 17
3 7
13 88
9 56
29 85
4 77
6 4
5 77
4 9
2 26
9 51
16 51
24 52
30 16
14 8
21 43
15 80
19 59
11 19
18 1
19 57
28 20
6 93
30 12
20 87
23 17
22 12
16 77
2 93
26 5
27 22
29 77
1 45
8 81
23 19
0 71
9 31
26 75
18 5
10 42
26 61
5 58
5 93
30 65
22 6
17 81
21 27
6 33
5 62
23 4
26 100
14 86
18 20
11 99
8 69
10 8
5 20
14 63
23 53
17 95
19 19
1 66
25 38
27 39
3 17
27 84
29 55
17 15
28 8
19 88
16 86
14 80
11 80
25 81
4 41
7 28
0 4
2 75
28 18
26 97
10 99
15 44
18 33
7 5
8 4
13 7
11 52
29 49
4 66
2 79
4 53
22 90
2 37
27 19
27 34
10 10
18 20
24 16
26 16
22 65
24 87
24 28
0 72
26 12
4 71
4 42
27 79
5 36
3 70
16 52
10 31
18 20
20 25
9 54
2 58
2 49
8 81
14 85
15 67
20 15
23 72
14 42
6 4
1 30
26 77
28 30
17 38
19 15
20 62
26 75
5 51
27 19
10 86
2 4
11 30
21 84
9 66
1 96
7 72
14 28
24 13
30 82
23 47
5 73
25 99
27 99
7 72
3 42
9 77
17 35
9 49
25 25
28 69
4 11
29 23
27 8
23 100
4 64
30 90
7 33
4 21
10 8
9 28
23 22
3 27
16 57
30 13
4 70
25 2
7 21
0 29
7 1
23 23
23 54
23 12
8 94
15 33
9 49
5 34
10 73
6 94
14 87
17 85
26 30
14 38
26 21
7 60
27 30
23 79
20 58
30 59
7 73
1 24
11 20
30 83
8 16
26 64
3 38
14 93
8 96
24 25
20 91
22 61
7 87
19 46
22 42
0 76
12 78
10 95
5 86
18 26
7 95
2 66
17 72
4 84
0 60
7 89
1 93
29 5
9 59
0 69
21 65
18 87
27 4
19 3
27 61
11 75
21 33
30 52
30 52
9 41
15 5
24 16
8 82
28 97
27 74
17 2
18 12
25 99
5 47
19 58
16 55
12 77
27 55
20 87
28 87
3 20
30 47
1 7
12 69
29 23
0 79
26 40
10 42
3 37
12 19
3 48
24 26
24 86
1 55
9 63
21 87
12 15
12 55
9 57
21 26
0 75
2 43
17 68
10 44
5 37
24 73
6 16
22 27
29 7
12 96
2 62
11 88
29 12
1 40
6 99
24 26
13 29
9 69
2 76
22 8
23 96
28 20
8 69
4 20
5 16
19 9
7 71
25 63
15 73
13 45
22 98
19 50
5 90
28 92
28 90
21 90
0 12
12 63
0 10
10 41
12 19
16 8
6 71
29 79
0 79
18 10
29 55
25 51
21 51
23 84
19 69
22 35
14 48
6 8
1 4
4 71
3 31
29 19
16 99
2 20
0 68
21 5
1 43
14 24
14 65
21 100
6 34
12 2
13 36
14 7
19 83
29 37
24 53
12 29
7 25
20 31
3 61
0 20
28 22
30 8
26 91
7 28
24 70
8 31
24 30
2 61
16 51
9 67
17 100
24 92
29 8
21 18
9 86
3 56
10 50
12 97
1 43
20 88
15 7
5 22
17 22
25 84
27 51
2 21
1 18
28 90
17 12
9 8
27 34
14 96
30 9
22 94
1 92
17 41
9 49
26 4
15 20
1 91
15 1
24 55
26 94
13 15
30 58
7 98
11 90
21 93
16 86
15 90
8 61
0 32
22 88
5 39
9 20
5 53
7 72
7 61
7 26
8 87
3 31
11 11
2 91
8 59
12 16
0 31
3 42
18 76
5 52
28 35
10 25
22 82
22 7
10 50
30 32
25 53
15 38
14 95
30 69
13 66
20 3
11 7
20 68
30 11
17 43
14 3
30 24
28 11
8 19
3 85
30 91
19 86
13 57
10 27
13 38
28 51
14 55
29 25
16 37
3 37
6 24
7 76
15 38
21 99
22 77
22 23
3 1
2 24
10 17
12 13
12 40
19 20
17 89
18 10
28 34
12 65
29 23
19 61
0 61
21 19
8 52
12 7
17 9
8 68
14 80
22 60
15 26
23 44
29 54
6 12
3 12
11 67
6 65
25 70
5 77
8 68
18 55
19 62
22 80
28 72
15 34
29 43
26 74
13 61
13 2
21 61
8 40
6 3
27 48
16 25
7 39
29 83
8 17
1 89
11 65
3 61
15 11
12 82
8 72
23 67
14 61
17 59
16 72
22 32
23 96
16 67
15 37
27 52
14 32
15 82
5 49
9 11
19 78
20 20
22 88
22 79
10 85
19 88
1 99
14 80
22 18
2 13
14 40
21 34
5 9
26 80
5 90
15 5
14 73
30 89
27 85
20 8
12 19
19 79
11 92
8 73
11 50
10 69
0 94
5 18
23 10
20 23
23 42
20 4
19 10
9 90
20 34
12 77
6 40
2 45
10 15
30 26
13 25
16 80
18 67
19 97
26 29
6 56
20 4
15 19
6 32
3 63
24 59
3 93
0 97
21 34
14 55
15 17
0 99
23 67
7 83
11 20
26 12
10 73
13 82
18 63
26 83
11 74
22 70
10 81
28 96
15 77
13 60
18 25
15 63
7 68
24 8
20 23
27 59
0 2
10 64
25 49
7 89
24 58
17 41
16 10
7 3
9 39
0 53
5 49
0 17
12 56
7 17
17 67
8 89
10 3
16 21
9 59
16 100
23 48
28 53
15 42
13 80
3 9
8 84
10 94
27 45
17 26
18 27
30 61
2 46
7 5
23 36
9 98
8 36
20 98
23 100
7 37
22 38
16 34
11 13
14 14
26 1
21 9
26 60
29 53
16 60
17 8
28 3
26 25
12 82
22 3
11 86
1 26
21 45
0 11
11 70
11 19
7 41
21 91
28 76
3 68
28 79
18 25
25 23
11 68
0 5
5 97
4 53
14 90
22 25
5 42
4 27
11 87
11 23
5 29
14 38
11 87
26 8
29 9
7 82
20 45
9 34
9 26
30 88
0 89
6 67
20 8
5 86
23 2
1 23
10 63
0 52
16 28
28 77
4 100
22 40
23 27
12 47
21 78
22 23
20 43
30 67
16 47
9 11
19 54
10 59
10 67
22 50
13 13
10 78
21 12
15 8
20 95
1 98
7 23
1 53
15 47
29 85
14 10
14 45
4 46
14 23
5 13
8 56
25 11
29 62
12 41
18 58
28 59
10 34
25 56
2 43
1 93
13 17
5 7
12 34
21 9
25 2
4 92
3 96
8 28
3 92
8 47
15 40
30 84
20 99
19 2
13 40
8 58
10 50
6 96
25 73
1 15
16 90
18 61
21 81
1 33
30 27
6 91
13 12
15 13
13 21
12 88
7 35
5 56
0 28
9 69
20 66
7 66
22 26
27 37
24 95
17 70
28 43
10 16
24 60
20 62
22 23
28 18
20 8
22 56
14 80
13 21
3 91
2 48
23 87
19 57
28 9
14 16
12 5
1 33
19 53
3 68
23 54
29 69
20 24
14 59
29 51
17 10
8 47
3 55
22 81
7 95
0 58
12 40
21 9
19 86
17 32
24 44
0 2
6 36
1 76
29 74
14 47
8 75
14 42
9 50
13 25
18 5
25 9
4 50
1 75
18 77
28 92
19 76
23 49
25 51
8 9
15 33
2 36
20 87
15 49
21 34
6 60
5 72
17 65
22 36
5 53
20 65
0 78
26 33
10 59
26 38
7 56
0 12
26 34
26 57
20 64
12 57
18 91
19 56
5 4
3 15
0 11
16 55
12 18
12 90
10 13
11 13
15 53
0 18
27 1
10 22
17 23
15 10
2 86
12 45
1 37
18 59
21 94
9 19
0 11
26 50
16 74
26 61
1 78
6 72
20 5
7 51
19 62
10 57
29 8
17 64
19 2
6 8
21 87
23 29
25 71
17 33
27 92
1 18
6 17
2 89
22 85
30 88
14 94
9 81
22 30
3 96
5 44
18 86
26 70
28 2
25 16
26 75
4 86
19 3
15 60
21 31
0 36
24 82
14 47
9 6
26 12
22 79
11 14
8 83
13 12
0 27
28 23
16 16
17 57
7 5
21 50
7 24
16 85
22 13
10 3
6 55
10 77
0 29
29 11
13 16
12 30
3 75
24 13
17 72
4 18
2 54
24 88
13 93
13 51
8 20
20 10
21 12
15 80
26 88
26 68
23 52
9 9
11 70
2 97
19 28
7 62
4 19
15 77
26 84
16 7
12 72
16 65
3 47
25 90
3 73
2 53
16 3
8 41
7 77
25 18
6 70
22 11
25 82
10 89
1 35
28 100
26 21
23 36
8 25
18 92
14 37
25 34
23 44
22 82
1 47
21 90
8 10
23 99
18 30
3 63
27 15
27 67
4 14
21 69
16 23
17 81
13 25
2 88
4 45
7 87
20 50
22 55
23 49
2 40
25 100
29 51
23 82
17 61
11 43
9 57
17 51
11 48
25 82
9 53
1 88
30 43
2 14
5 26
20 72
25 5
13 98
26 56
27 87
17 57
2 81
15 41
27 58
4 56
4 31
8 69
17 81
20 35
17 53
25 38
7 72
6 45
15 73
4 97
23 30
19 70
5 66
17 78
18 61
6 87
26 77
6 6
20 23
17 77
20 67
15 67
29 32
1 31
20 90
9 91
29 82
5 97
18 33
29 2
1 4
6 87
16 73
16 65
20 71
14 97
10 34
4 28
7 86
25 4
10 75
1 100
24 77
24 73
7 74
29 71
25 36
19 69
22 28
30 26
30 34
7 2
7 64
7 82
23 47
0 44
12 91
15 66
12 93
7 71
0 88
20 87
24 17
24 32
17 25
5 94
30 32
7 59
16 54
1 34
15 64
18 47
29 51
20 53
24 78
10 30
25 58
21 62
12 91
9 44
10 56
6 57
4 82
12 5
6 10
15 26
15 42
8 73
13 86
9 52
26 21
5 45
5 88
20 99
0 58
17 53
2 32
22 4
21 81
30 48
22 27
27 52
1 57
3 78
22 48
27 24
0 91
30 87
24 86
12 99
28 52
19 18
18 76
27 64
18 19
4 32
4 40
6 31
22 10
13 56
1 77
27 7
4 21
3 38
5 47
15 68
25 49
4 26
4 1
15 72
19 50
5 53
14 63
29 61
23 100
30 2
23 52
4 27
12 62
16 13
8 20
13 3
2 53
5 35
17 53
3 86
6 84
8 20
16 76
25 17
30 37
5 29
0 78
6 53
13 72
21 6
25 72
2 41
5 96
25 78
6 68
19 98
8 1
18 81
2 59
11 34
27 77
11 94
23 37
30 45
30 7
12 82
30 17
1 83
10 42
19 85
25 72
29 25
21 62
29 79
0 18
19 67
21 94
8 62
28 87
15 73
0 95
26 38
11 10
27 5
23 6
19 3
2 32
8 70
8 71
0 78
16 9
4 22
2 34
20 22
2 63
6 91
7 45
4 42
19 80
15 46
14 96
29 89
5 25
12 34
28 53
25 41
27 37
7 34
11 51
4 78
30 93
21 26
21 50
15 66
22 47
6 81
10 39
3 80
29 11
24 34
19 84
30 34
3 11
19 90
9 62
15 56
16 25
13 5
26 86
6 69
2 91
21 45
16 53
18 93
23 99
30 2
29 6
20 96
14 85
26 46
4 72
6 11
29 29
10 55
7 10
15 100
20 33
22 53
11 62
25 75
8 6
2 60
22 51
28 57
30 60
30 44
5 54
29 53
15 44
1 92
29 51
27 39
6 73
26 45
16 97
3 34
11 65
16 19
30 97
5 14
1 49
17 34
28 33
26 80
30 6
14 59
17 70
11 17
11 26
24 99
22 90
20 89
17 49
4 59
26 80
19 42
26 31
5 98
19 70
25 26
26 27
4 18
6 46
20 92
16 100
2 49
7 22
28 11
3 29
27 69
25 27
22 28
5 25
24 48
11 6
14 6
8 51
23 33
22 57
13 71
22 94
18 60
0 16
0 22
30 84
8 45
30 83
18 88
4 70
26 86
6 44
25 46
3 74
28 16
5 82
12 41
11 53
5 22
22 54
6 98
1 36
19 7
11 14
13 63
5 9
1 29
9 72
18 43
14 33
20 74
9 80
17 45
19 96
13 21
26 79
16 7
1 87
25 58
13 64
20 25
24 20
28 92
23 91
22 41
17 24
17 7
0 55
5 4
17 85
7 74
12 34
28 31
8 93
0 4
27 58
23 68
4 13
4 4
2 56
4 18
12 38
10 18
11 31
5 3
17 13
30 50
28 18
19 95
3 28
15 68
16 96
24 58
4 12
24 97
17 28
21 33
2 61
11 50
19 97
26 75
3 11
5 89
28 64
1 14
4 11
19 89
17 27
8 15
15 93
2 75
4 31
27 41
5 37
6 93
26 36
18 74
25 40
10 63
8 74
12 72
13 62
22 26
18 84
22 57
8 47
7 87
3 85
27 23
4 29
5 41
0 4
16 66
9 3
26 19
23 20
23 96
27 79
28 15
12 19
10 64
21 29
5 34
20 34
1 40
23 5
2 71
16 2
4 88
6 38
14 13
19 90
16 9
23 7
3 71
22 48
24 22
3 70
26 3
6 55
28 34
17 33
6 30
21 82
10 37
12 54
13 53
2 28
18 56
24 86
25 1
13 30
21 7
19 6
28 36
11 6
11 90
23 12
30 43
13 10
9 72
5 11
21 55
19 3
1 23
30 47
29 96
16 21
6 63
3 50
28 98
5 42
5 17
2 77
0 53
14 46
27 100
24 91
15 26
20 78
3 95
30 98
8 71
16 85
23 84
30 72
20 97
24 72
2 96
9 13
1 89
20 36
17 33
13 43
4 36
29 18
12 42
25 11
5 45
11 22
9 18
13 54
29 82
9 32
18 56
9 87
30 69
1 92
29 44
27 22
21 71
18 40
22 78
6 82
25 23
0 84
11 34
5 13
1 56
23 28
24 43
28 16
26 6
3 84
24 98
6 64
26 40
25 40
6 63
8 39
8 71
21 71
19 50
18 39
21 79
17 1
24 84
1 30
9 18
4 96
14 79
21 28
5 98
23 69
8 76
26 27
23 51
16 93
29 26
17 22
30 38
29 27
29 75
5 20
26 5
20 15
23 93
20 38
14 68
22 90
29 10
20 55
18 68
7 67
19 79
9 1
9 65
0 100
22 54
22 69
19 87
10 69
1 6
13 60
19 14
16 30
2 75
16 93
15 97
3 85
7 25
27 66
10 24
29 11
14 84
30 13
4 97
12 23
27 48
10 79
10 42
0 37
25 1
28 86
26 83
15 95
21 8
27 24
1 35
23 56
24 98
18 58
0 86
21 32
4 86
27 70
22 26
12 35
3 47
15 89
8 13
29 49
11 82
21 14
26 14
6 45
27 3
4 51
6 31
24 33
20 22
17 96
10 81
17 69
20 20
6 37
4 73
27 18
19 86
9 99
12 30
3 89
7 7
16 99
23 91
15 25
11 53
28 10
4 74
1 90
17 41
6 16
27 8
30 91
6 96
26 39
9 65
3 83
10 91
11 13
8 1
12 66
15 14
15 80
16 74
19 6
19 53
4 86
6 93
22 96
1 13
10 11
12 15
23 74
25 88
13 43
28 87
21 22
6 7
20 29
6 86
21 67
7 56
22 99
17 84
5 30
1 4
15 85
26 13
13 12
8 63
0 86
2 22
15 29
15 58
10 52
18 23
4 19
0 81
6 86
29 17
8 93
12 52
23 67
22 35
2 23
25 9
18 1
10 7
19 98
27 91
2 23
10 56
11 29
28 21
28 30
21 48
11 61
10 75
6 70
10 27
7 87
7 67
17 89
1 17
11 59
8 65
23 34
20 65
3 20
24 100
6 33
9 29
26 16
6 21
20 16
17 73
20 44
12 58
16 89
22 42
28 89
14 56
11 6
30 67
10 81
21 70
9 50
21 100
2 93
12 93
6 86
2 24
10 44
9 65
23 28
8 79
28 11
6 18
15 40
2 55
19 46
9 70
25 73
19 52
30 48
29 71
11 80
0 19
28 45
3 76
22 92
19 61
22 23
14 79
5 54
18 26
2 99
22 87
12 52
6 91
27 38
2 11
13 5
19 71
18 67
22 60
20 9
1 49
23 10
14 22
25 83
4 85
27 70
15 70
23 83
14 49
25 5
26 74
18 68
3 33
8 8
7 32
23 94
1 47
19 10
10 96
0 49
22 17
18 40
10 16
23 34
23 62
20 22
3 2
6 11
27 69
22 29
8 43
22 30
7 54
16 31
11 13
11 72
12 41
30 76
18 81
1 96
16 68
24 29
29 35
15 73
24 12
26 47
26 33
1 35
10 16
12 92
19 15
22 82
14 82
20 57
19 90
11 58
7 91
29 29
17 79
6 16
23 88
28 24
19 100
11 84
25 46
6 34
5 19
14 80
29 31
1 74
30 26
9 63
17 1
13 58
15 26
14 98
23 97
11 90
4 59
30 24
6 95
29 18
10 29
29 29
30 21
22 44
12 4
25 96
8 94
7 82
19 41
23 9
4 19
3 31
17 81
15 87
25 24
14 27
11 51
16 97
20 67
7 67
21 93
14 68
18 83
16 86
5 51
8 84
1 54
18 69
21 13
6 50
25 74
18 30
15 73
6 98
14 62
29 72
4 66
8 76
18 82
17 33
28 46
16 55
30 38
26 33
29 32
21 58
3 21
11 74
29 100
4 100
16 9
0 82
18 71
17 30
4 65
20 75
25 13
5 26
6 75
28 64
20 94
18 13
7 72
9 40
15 79
28 87
15 3
7 97
0 57
17 63
20 65
29 7
1 43
26 37
6 38
11 88
28 40
12 9
18 27
16 89
26 40
21 84
22 87
20 65
29 18
25 33
10 24
28 41
11 63
17 36
11 5
2 89
13 96
21 54
4 50
19 83
27 97
13 60
30 35
3 18
9 93
23 54
17 39
28 2
25 53
22 15
6 92
30 81
26 7
30 77
22 32
17 12
28 45
2 46
7 19
19 42
8 88
1 83
30 63
0 51
20 90
22 91
0 93
19 62
30 77
23 74
12 45
14 50
20 15
26 83
17 51
2 16
27 62
29 47
26 75
30 49
24 44
6 16
6 22
21 63
18 71
6 27
21 58
14 58
19 30
10 13
19 31
7 86
29 72
23 31
0 93
20 62
25 88
25 46
5 4
4 91
14 1
11 31
8 32
14 50
0 24
27 36
15 74
10 27
7 90
8 88
5 72
28 10
22 8
9 15
1 49
24 73
0 60
27 56
6 10
21 56
27 74
22 56
18 64
25 72
20 78
13 80
5 51
21 37
6 40
18 52
13 40
23 57
22 64
25 99
8 20
4 59
20 11
14 66
5 49
17 84
12 65
24 46
23 16
25 36
13 68
6 9
24 81
16 30
25 81
29 99
8 24
27 79
27 22
7 85
22 88
11 92
16 12
19 52
16 14
8 8
15 29
1 60
4 83
10 57
21 32
0 26
1 52
12 11
6 18
27 98
16 72
20 57
27 25
14 97
6 10
3 73
19 5
0 71
3 55
3 3
2 28
13 37
26 88
17 23
30 12
13 79
20 69
15 82
23 39
18 82
24 67
22 62
3 49
0 69
5 58
15 81
21 4
29 81
14 8
17 95
3 5
30 96
24 86
17 21
5 19
15 81
11 97
27 30
16 91
3 89
2 86
30 60
11 97
19 23
21 39
1 48
29 95
19 39
9 64
16 64
14 64
18 66
23 11
18 5
30 16
5 31
11 89
9 88
5 5
14 9
3 12
2 24
24 44
27 52
30 94
30 19
2 8
13 59
17 70
10 84
2 28
17 22
2 4
14 24
28 26
17 5
1 74
22 8
0 39
19 42
22 95
14 1
15 86
16 55
7 47
12 97
23 69
4 65
20 18
6 64
30 10
30 87
22 74
0 36
17 58
24 34
23 57
6 99
5 24
9 14
17 47
3 51
20 1
3 12
12 47
12 23
25 78
19 43
9 79
27 75
3 87
25 53
3 28
27 61
14 68
13 66
25 32
25 24
22 92
25 35
3 58
8 14
23 50
17 92
20 29
27 49
19 98
12 1
21 20
28 49
26 11
12 76
1 27
17 80
9 88
14 69
19 26
20 86
17 1
5 78
11 82
11 62
20 89
13 5
21 3
17 23
19 57
21 73
11 24
25 70
0 8
29 99
21 52
21 81
22 48
17 59
30 29
17 51
19 57
30 17
18 24
2 78
18 96
1 32
20 7
22 26
10 42
10 72
17 81
10 96
27 4
9 11
9 90
30 22
9 16
28 48
27 21
17 4
6 89
23 7
29 11
15 47
5 2
12 77
24 50
15 32
17 26
22 2
14 58
25 52
25 55
3 36
12 56
14 86
23 11
8 63
25 3
17 58
28 59
20 39
20 21
25 46
5 17
4 36
12 20
22 99
7 54
11 78
29 81
17 46
13 95
13 71
6 76
23 98
16 57
10 24
28 35
21 72
29 60
0 74
15 96
30 72
16 33
20 73
26 85
27 4
20 69
27 77
11 59
23 62
23 59
6 21
28 47
11 77
6 60
30 57
17 53
1 59
15 79
7 85
3 37
5 14
14 40
28 23
1 52
15 91
17 35
25 41
7 43
24 93
6 10
25 86
6 69
2 28
8 16
26 78
27 95
26 68
2 6
30 77
2 12
30 52
19 61
9 9
9 99
11 68
13 13
8 48
26 89
3 46
3 19
6 93
22 43
11 23
9 72
10 73
7 86
12 45
28 27
25 20
27 19
24 98
7 14
25 9
13 25
19 32
11 80
5 35
10 18
9 37
25 45
22 59
19 72
17 77
9 3
15 52
17 79
7 23
12 20
19 65
26 29
20 1
1 78
7 92
23 22
7 16
14 26
3 31
9 42
12 48
16 11
30 29
10 11
17 84
8 73
3 13
9 27
6 4
12 20
18 16
2 86
1 63
9 98
19 35
20 66
18 86
0 38
6 62
11 75
25 50
7 1
15 83
5 68
25 51
10 35
29 4
4 71
6 60
8 64
19 23
21 77
14 13
27 76
16 3
25 21
8 19
26 1
29 23
19 95
18 81
19 29
0 58
20 94
14 16
21 20
8 54
16 47
9 79
14 89
21 38
21 71
27 20
30 12
16 91
24 52
23 22
30 63
26 39
30 45
1 96
21 22
9 47
22 62
11 61
6 3
18 3
4 48
14 66
30 60
18 85
8 57
25 36
3 90
13 24
10 41
27 80
20 99
20 76
17 71
27 62
1 93
12 5
2 31
16 76
16 88
27 15
5 7
11 51
8 96
19 53
25 11
24 68
10 59
18 96
16 18
30 17
4 13
12 33
17 53
23 56
22 80
27 12
2 76
2 5
12 35
12 92
23 31
14 76
29 10
13 63
24 100
3 20
8 90
2 53
25 74
24 24
7 50
12 71
22 45
12 24
10 89
30 84
10 67
3 40
25 20
17 41
3 6
23 55
3 18
23 26
7 14
3 43
16 84
6 61
2 53
19 61
14 85
29 9
26 98
2 85
6 82
29 21
23 73
28 34
23 18
15 95
21 80
2 89
12 87
8 97
28 68
30 64
27 53
15 65
9 65
4 42
7 12
9 31
4 26
2 10
28 82
14 3
25 52
30 15
12 45
18 86
22 5
21 28
8 59
13 100
9 12
1 42
5 2
3 97
19 68
10 5
20 10
13 44
12 96
2 9
29 59
27 64
27 2
5 55
11 16
1 34
19 16
1 59
6 81
2 28
25 9
15 4
12 36
12 39
12 8
1 95
15 13
15 60
14 38
1 28
1 22
14 36
22 89
28 38
12 88
29 94
0 6
9 51
5 15
6 51
7 44
20 45
13 47
0 16
16 29
21 96
14 88
28 62
18 82
13 63
15 12
4 8
10 94
15 48
15 64
23 3
6 82
8 81
12 43
14 2
26 47
6 81
9 34
15 20
23 69
16 48
7 10
7 27
4 37
23 82
20 53
29 100
5 23
17 24
3 93
20 90
13 66
5 62
29 57
4 16
11 12
8 3
14 5
11 51
20 77
1 94
19 65
28 65
13 86
20 53
29 59
27 75
24 62
18 3
26 22
4 72
12 35
22 13
24 32
2 8
11 27
7 65
22 58
1 13
12 64
1 26
0 67
23 20
26 80
12 66
27 99
25 92
26 67
14 78
10 17
8 50
0 2
4 79
24 59
19 20
23 78
6 76
26 27
21 55
2 97
13 14
3 70
4 13
10 92
24 52
1 23
5 35
23 17
5 12
20 91
15 61
17 37
8 72
13 89
13 50
16 75
11 84
15 55
19 12
18 40
16 65
30 92
11 14
16 66
26 64
21 23
17 8
28 91
13 11
2 77
15 90
17 11
5 27
20 78
0 6
2 93
15 12
4 33
28 89
14 16
13 19
28 22
7 80
16 98
28 97
20 12
11 96
12 66
6 18
22 4
8 21
17 13
24 85
26 92
17 10
20 25
0 80
11 18
26 100
26 49
9 46
14 18
7 32
1 45
30 18
24 79
22 5
4 36
0 92
5 2
23 1
21 27
5 37
24 43
22 24
5 28
23 84
27 29
29 29
12 7
30 49
28 91
8 82
18 100
4 43
28 20
7 43
27 73
3 73
4 7
3 86
12 41
0 50
22 14
27 20
17 28
5 70
3 28
16 69
6 78
22 5
13 68
23 21
14 42
6 7
28 22
16 31
2 65
11 20
12 23
20 29
13 57
24 38
30 18
24 62
24 48
19 4
18 48
8 23
29 26
16 5
1 66
5 74
4 96
7 65
23 74
7 45
15 14
7 10
18 2
20 8
23 78
11 85
29 15
23 55
19 91
2 2
9 96
13 90
16 90
16 15
16 12
15 43
11 96
5 91
12 44
20 59
15 7
27 89
11 29
19 35
7 5
18 73
24 62
24 10
27 71
17 29
17 86
16 85
0 42
11 100
6 26
28 91
29 94
13 12
10 44
30 59
11 73
3 48
18 74
28 68
20 19
8 47
7 85
6 77
30 42
8 92
9 88
12 33
25 44
28 59
16 70
10 29
6 53
10 58
15 44
23 2
12 17
27 96
29 85
17 60
12 9
15 89
11 27
23 85
11 40
30 84
6 10
10 49
1 48
3 4
29 4
25 64
20 23
3 87
4 24
30 32
30 8
25 56
8 73
24 14
20 51
28 79
28 3
18 69
30 6
3 20
17 88
10 41
16 89
11 21
17 96
14 14
21 41
22 62
23 82
23 20
11 40
6 59
22 40
28 19
18 77
21 40
24 94
20 83
20 39
30 9
17 58
20 75
1 95
15 49
23 95
1 76
1 96
8 27
13 13
27 77
10 99
6 26
27 20
8 23
0 73
4 65
26 43
13 4
7 28
13 21
17 48
4 99
21 95
13 33
28 81
8 70
25 91
18 68
6 21
24 43
15 30
21 36
6 52
7 32
8 19
21 96
19 75
28 80
30 70
24 20
30 97
22 17
21 75
6 49
7 59
0 53
9 25
26 81
14 54
10 58
0 58
18 62
13 5
10 73
15 7
3 28
24 84
24 61
8 45
25 93
6 17
4 5
14 45
23 70
26 48
26 6
23 44
29 71
8 67
22 11
4 83
11 5
4 2
1 83
24 45
10 93
23 51
8 97
22 88
26 66
1 37
5 20
24 91
7 9
16 58
11 52
10 71
7 41
14 20
28 75
28 57
17 51
2 6
27 45
18 30
27 52
1 96
22 37
19 67
11 6
21 89
13 19
25 28
3 95
19 5
15 85
6 14
20 58
11 36
16 44
16 23
11 28
22 9
17 91
23 84
5 55
22 48
13 40
27 6
18 97
25 56
29 9
29 4
7 85
10 8
3 22
25 93
7 24
7 75
1 51
21 48
24 7
12 94
14 75
16 90
27 42
18 43
3 94
24 18
9 74
18 45
7 4
17 64
24 35
9 43
5 96
24 7
4 22
0 31
13 83
28 1
2 85
10 39
20 12
23 94
0 13
14 18
0 55
21 84
11 37
28 38
20 29
0 83
23 37
11 26
17 6
27 90
8 11
20 24
20 47
18 21
29 28
2 56
0 31
28 86
16 4
26 10
15 21
17 83
6 39
6 45
14 68
15 56
3 9
4 49
25 59
25 89
23 19
25 78
13 41
26 83
23 21
19 40
25 77
1 28
28 3
29 4
10 17
18 80
8 61
30 24
29 65
10 90
10 33
4 43
12 74
26 72
8 19
9 77
19 36
29 39
0 54
23 63
8 97
14 10
11 83
7 4
13 9
27 24
9 100
12 57
6 99
18 22
24 12
21 78
10 14
5 73
16 63
19 52
9 8
6 90
30 50
2 2
27 90
13 18
18 84
14 19
30 92
14 95
27 46
0 69
5 26
29 29
30 34
17 40
4 2
7 28
27 63
2 34
4 91
1 85
24 62
16 52
18 59
12 79
14 88
24 71
18 84
10 2
6 40
19 5
27 26
0 15
27 9
30 16
29 55
12 48
13 49
27 63
17 50
10 59
6 72
21 83
6 83
8 82
1 74
28 74
30 63
1 63
19 51
5 48
17 24
13 89
4 91
28 93
8 19
16 41
18 20
27 95
22 68
26 10
11 5
11 69
25 13
1 77
20 31
7 54
29 42
25 1
11 24
2 32
4 22
13 62
10 94
12 5
23 3
22 23
11 45
10 64
18 9
27 84
3 7
7 16
6 73
9 30
10 1
26 17
13 28
12 70
29 43
4 45
7 95
28 17
4 90
5 11
10 68
11 57
29 46
0 77
29 52
16 74
16 94
14 57
27 63
5 60
20 37
24 94
1 58
0 95
7 48
27 5
6 21
2 49
12 66
11 66
13 77
3 98
0 14
0 79
18 46
30 17
21 55
4 58
23 87
14 96
8 34
15 87
16 97
15 46
15 53
17 54
22 62
30 80
19 75
1 55
16 83
22 55
24 47
19 76
26 25
8 47
3 51
29 87
13 90
28 5
29 45
11 23
14 17
3 34
15 49
3 19
3 82
12 22
28 30
28 8
3 59
10 26
22 58
19 66
12 24
15 74
8 76
24 42
23 96
22 93
25 79
14 12
5 5
25 30
0 44
9 87
23 5
11 86
23 33
17 3
27 18
15 72
1 32
2 18
9 55
27 50
11 93
11 22
5 35
23 63
12 66
27 42
27 9
24 95
21 37
11 58
3 11
24 94
15 39
0 81
4 90
19 92
24 71
28 84
15 48
10 9
10 13
22 8
6 89
9 59
30 63
21 28
18 2
20 78
20 6
19 84
19 26
13 38
12 58
9 29
20 17
14 93
12 15
16 26
20 47
16 31
21 40
0 12
30 42
19 89
30 79
10 24
17 100
11 23
17 57
8 57
24 21
4 10
1 43
7 77
27 67
19 84
17 78
4 56
19 56
22 20
17 27
16 53
13 10
12 48
22 51
20 73
17 31
3 87
12 71
7 82
30 5
15 92
11 28
8 5
8 88
13 54
13 77
9 38
6 34
30 78
13 64
8 3
20 46
16 15
22 60
20 95
17 3
22 84
9 41
2 36
17 82
7 71
25 18
13 47
27 83
19 99
19 13
2 97
7 71
11 92
12 53
0 41
27 5
13 4
26 22
13 30
1 71
4 69
4 40
18 92
19 68
2 6
12 7
16 23
17 79
17 82
6 17
14 68
23 63
4 52
7 24
24 41
30 84
25 82
8 42
28 25
24 23
14 25
30 32
4 16
5 35
2 82
15 43
8 70
10 84
2 47
6 78
4 57
0 38
0 20
17 65
3 67
18 86
5 96
14 23
20 24
2 67
1 71
14 75
2 67
5 6
27 35
3 36
12 25
17 88
3 60
28 99
22 58
26 5
10 45
25 7
19 92
13 1
13 58
30 1
20 20
29 78
7 47
12 16
4 95
9 30
15 38
5 21
5 57
28 72
15 82
3 25
2 88
26 51
11 35
30 25
16 74
15 69
28 81
29 3
7 38
0 25
26 60
15 92
29 57
16 43
29 56
15 59
12 32
27 84
29 35
14 23
7 65
16 35
12 89
11 8
17 73
15 16
9 47
23 18
13 63
17 70
11 47
17 8
16 50
16 51
26 20
9 15
30 69
10 66
29 52
5 19
13 3
7 68
4 57
15 26
23 44
23 62
22 34
1 16
18 61
7 47
19 86
10 34
6 65
3 14
19 22
8 75
28 77
27 66
6 19
13 34
22 86
1 29
3 39
27 34
4 22
11 14
3 91
30 10
28 38
6 23
30 15
6 73
6 48
14 35
3 7
1 28
20 41
20 82
25 34
7 70
20 96
21 99
25 98
17 22
8 48
19 86
23 28
29 38
3 5
19 62
11 62
21 59
24 60
29 29
2 88
5 63
16 75
26 19
25 18
18 68
19 28
8 6
19 73
0 90
16 52
9 50
24 79
14 22
18 83
0 75
7 62
9 68
17 55
29 75
15 83
1 21
23 14
20 47
12 47
6 36
1 33
12 35
25 20
11 13
13 96
11 6
10 68
5 35
10 14
0 69
12 69
7 100
17 82
9 19
1 33
25 2
7 34
19 89
19 4
30 69
10 1
12 26
1 16
2 96
18 31
14 75
11 41
25 14
5 15
9 39
16 93
17 19
28 14
22 35
27 92
18 97
21 62
10 57
13 53
17 44
8 38
7 97
6 20
18 80
1 34
2 88
12 6
27 88
15 92
7 34
18 12
22 26
12 97
1 92
24 34
27 27
21 35
10 98
27 6
19 42
9 83
8 24
17 61
16 86
5 95
26 60
5 45
5 73
6 1
25 77
27 85
18 54
17 87
27 8
5 19
30 8
2 81
27 100
15 50
23 43
25 85
13 19
19 73
15 96
10 54
12 38
26 11
13 55
1 19
24 6
19 83
22 30
2 27
23 77
23 88
16 90
18 23
1 16
27 75
11 51
5 76
6 60
6 74
2 60
2 8
22 44
29 12
20 23
1 39
22 41
8 69
27 67
0 23
30 56
0 10
9 48
30 38
26 63
19 53
20 6
13 56
9 52
8 75
11 22
13 13
21 12
30 71
4 19
11 87
25 81
10 98
23 44
4 84
2 51
12 78
5 43
14 64
9 37
24 59
7 91
3 13
26 13
17 98
22 45
2 32
12 86
5 52
21 84
6 27
9 7
10 25
7 54
19 99
3 80
26 84
16 34
0 61
22 63
4 55
20 3
22 90
29 100
4 91
10 84
3 30
10 81
25 51
9 6
17 66
17 53
10 51
24 39
16 83
18 39
10 4
16 83
20 67
27 62
29 85
23 97
17 66
1 65
26 45
2 56
6 55
4 9
18 92
12 56
10 97
2 91
29 37
18 20
16 98
21 35
14 58
25 66
13 11
17 30
25 75
4 21
12 51
30 75
21 5
17 96
18 70
9 19
28 29
27 29
6 79
7 38
10 72
11 55
20 57
17 51
13 84
14 17
17 19
27 21
30 9
29 44
0 46
26 5
16 14
18 12
13 30
18 14
0 79
18 56
27 65
24 6
30 95
25 14
17 8
10 74
28 32
6 15
13 83
10 26
1 45
11 57
0 37
14 74
20 17
8 49
9 75
5 65
26 17
6 74
8 18
15 53
30 55
27 74
7 31
21 98
5 16
2 84
16 64
21 16
12 54
25 27
26 60
30 91
9 8
14 9
7 15
18 62
10 36
12 96
4 100
22 22
3 46
19 30
6 58
9 77
24 69
4 46
26 41
5 66
24 84
20 49
15 40
4 93
3 39
20 94
10 2
20 19
3 17
7 37
26 69
20 1
20 32
6 84
24 43
3 3
24 82
18 80
29 94
22 4
24 99
10 23
28 10
1 42
30 49
29 33
28 10
2 95
13 66
21 8
26 21
28 9
4 64
13 13
8 96
14 58
12 74
5 23
27 56
5 1
29 49
6 63
25 77
18 6
20 70
20 71
3 14
25 93
4 47
2 58
8 11
16 57
16 88
4 61
8 41
18 90
19 94
22 53
13 17
21 66
25 60
18 61
16 29
15 23
11 46
28 22
22 86
23 18
6 60
21 58
27 59
25 25
8 88
3 70
22 89
30 60
7 75
25 5
22 27
17 67
25 92
15 42
16 71
25 3
1 7
28 70
8 81
7 70
8 48
4 33
13 32
19 17
1 87
8 31
4 63
2 99
17 41
19 17
14 20
13 13
12 92
16 43
27 31
7 25
20 34
19 19
2 88
23 4
11 93
20 61
17 40
7 8
14 17
13 54
15 4
16 11
9 43
9 22
9 64
3 26
7 78
22 16
10 85
18 49
26 30
11 7
21 12
7 31
0 73
28 13
13 83
2 74
16 80
0 100
8 23
14 3
19 18
25 59
28 86
9 45
17 69
6 21
11 8
20 82
8 44
18 80
5 93
19 98
5 28
23 78
24 52
15 24
11 3
0 47
7 13
2 10
29 73
15 74
17 38
1 16
10 8
19 36
25 68
0 97
13 34
6 86
26 30
2 60
20 97
16 96
7 73
12 62
9 16
25 96
11 65
13 5
3 7
6 64
23 77
20 30
30 91
13 37
11 39
14 38
3 35
28 81
20 96
1 82
3 24
5 59
8 25
13 38
3 68
26 19
14 50
21 48
17 1
8 7
8 64
5 41
26 77
19 71
20 48
25 7
17 100
6 77
30 79
16 55
20 89
26 84
16 40
11 62
28 93
15 45
16 37
