100
10 52
22 47
26 87
30 63
3 64
28 85
5 84
12 7
29 95
8 55
28 17
1 7
2 36
11 42
26 96
5 82
24 40
19 58
6 20
24 56
8 82
9 60
12 91
14 42
27 15
8 16
19 66
10 15
0 32
25 56
22 22
9 26
15 18
22 48
3 1
19 99
24 39
25 16
5 94
15 58
3 64
16 48
22 97
3 91
25 60
20 56
26 56
21 41
24 97
9 41
3 78
25 76
30 2
13 77
13 53
23 100
29 29
29 51
1 83
26 73
14 89
14 97
8 63
5 12
13 73
4 76
3 58
12 30
14 46
21 93
0 70
28 15
30 69
21 42
12 5
25 41
29 26
4 35
26 4
11 55
9 88
17 8
25 93
0 32
3 43
27 31
14 8
18 19
29 98
30 22
15 14
26 6
8 52
28 27
10 65
5 1
26 3
15 35
20 32
17 62
6 59
24 35
18 74
21 12
3 39
19 53
9 56
24 79
8 34
26 35
28 2
27 6
18 74
29 38
1 97
25 24
4 4
21 9
13 5
13 69
17 40
24 99
15 58
24 95
29 70
22 97
25 10
2 62
2 57
27 25
3 83
1 25
18 33
2 91
2 96
28 69
23 22
10 59
1 41
19 3
24 98
28 30
18 15
7 50
15 7
22 29
14 36
30 21
6 1
24 39
12 49
0 90
0 39
2 89
7 89
15 22
14 15
8 66
9 56
6 49
30 8
18 68
10 86
6 26
16 52
18 58
25 96
24 98
21 3
9 32
5 75
14 21
12 93
26 22
5 41
3 14
16 29
8 11
4 91
28 82
13 87
10 99
24 60
11 100
22 98
13 59
0 19
29 65
2 79
19 86
20 50
5 3
15 30
2 73
25 8
12 85
10 44
23 94
9 66
3 22
22 46
30 23
0 60
21 68
2 74
22 18
10 95
0 77
3 88
24 4
7 77
26 10
14 9
4 20
15 80
22 71
7 3
10 92
4 42
12 89
25 96
5 16
26 90
6 90
30 11
19 40
11 32
5 13
28 35
10 96
29 65
5 87
10 13
2 79
16 70
0 14
28 71
17 63
17 72
15 74
16 59
11 53
9 57
13 73
6 38
30 2
0 93
19 51
5 42
0 72
21 77
20 17
11 49
3 68
16 6
13 22
11 36
9 89
30 47
13 78
0 29
16 43
12 71
8 25
3 92
23 39
23 62
19 11
4 85
15 37
9 64
1 54
4 62
23 46
14 41
26 13
10 72
22 83
23 4
15 57
8 67
16 80
1 55
0 28
21 73
23 2
12 19
21 96
16 45
15 55
15 40
4 27
19 78
5 65
21 13
13 68
4 66
25 74
10 22
2 42
21 84
25 63
19 87
11 55
19 88
9 22
6 34
1 22
25 49
13 86
3 4
13 57
12 26
12 20
29 23
14 32
17 100
30 29
11 100
8 8
24 51
29 3
29 1
0 5
28 87
27 36
30 59
7 82
19 93
15 37
29 23
13 25
24 1
3 92
11 26
26 77
3 63
19 3
1 9
17 73
23 33
28 13
21 74
23 44
7 41
17 49
17 32
12 91
15 42
20 15
28 56
30 96
21 22
10 94
17 41
6 84
3 90
29 17
27 92
27 36
13 51
5 62
6 25
29 63
26 68
15 84
5 38
13 12
27 34
15 1
6 55
6 70
5 34
12 49
16 17
8 33
1 64
14 19
16 42
5 31
29 87
11 26
26 33
1 71
13 64
18 94
20 50
21 12
21 11
2 27
25 26
22 22
11 35
22 41
26 32
16 55
9 95
30 43
8 96
25 51
6 25
15 1
22 72
16 28
15 9
18 5
23 82
8 71
6 49
3 43
27 85
28 72
3 49
14 15
21 10
1 93
17 11
0 65
12 100
9 91
28 78
14 25
7 81
23 90
15 49
13 97
10 34
8 23
16 46
21 13
27 47
22 63
6 82
26 57
2 57
25 15
15 70
5 27
1 27
20 27
5 89
13 54
8 33
30 85
13 14
0 71
7 66
1 57
27 61
12 29
7 14
1 89
3 80
0 19
8 77
6 4
25 29
8 17
2 79
14 92
17 22
15 20
16 36
30 32
16 17
13 70
21 72
24 97
4 6
7 79
6 12
30 96
8 80
7 23
21 4
23 37
2 92
21 42
14 86
30 94
9 80
12 39
14 85
0 36
16 68
6 40
2 11
1 73
13 3
17 43
25 49
29 40
30 62
29 42
11 73
13 53
5 39
30 82
1 16
8 73
19 62
25 42
3 95
8 33
7 32
16 59
22 10
26 66
12 9
17 2
5 39
1 12
23 47
7 55
3 75
1 71
4 20
25 87
15 50
21 31
2 42
15 73
8 88
26 68
26 21
2 58
2 81
9 56
6 99
9 36
16 82
1 20
7 15
24 36
28 38
8 95
1 88
3 32
3 100
3 37
12 73
14 68
20 24
18 99
1 96
5 67
4 34
6 94
8 9
16 53
1 74
4 52
29 72
10 19
11 22
7 38
25 34
19 55
30 75
14 74
10 18
4 66
4 78
15 58
3 8
12 86
4 8
13 14
29 46
13 23
20 47
15 16
0 28
20 100
30 92
27 33
7 23
14 98
3 31
10 31
17 98
28 88
8 13
20 49
7 28
19 25
27 53
19 36
25 24
20 84
30 21
0 92
19 31
5 88
10 99
14 80
30 81
4 4
7 23
24 91
18 38
28 10
9 99
9 82
2 71
6 72
6 73
1 27
25 39
30 60
23 81
27 46
29 33
22 4
6 58
14 79
23 29
3 34
1 29
6 73
6 80
25 70
14 87
2 11
2 68
10 39
5 100
28 50
2 51
1 77
0 88
10 23
19 39
27 70
25 83
4 52
6 80
4 41
1 32
5 98
18 30
2 63
0 82
28 27
14 19
9 90
19 80
25 8
4 81
7 6
18 14
9 24
29 25
12 32
26 55
24 87
19 69
27 74
29 71
21 67
0 87
13 59
22 19
11 13
17 75
24 57
1 44
29 5
27 53
27 87
15 47
2 13
1 50
8 64
23 14
16 80
15 9
26 58
14 7
30 24
18 25
26 63
7 17
16 57
7 21
26 23
2 48
15 20
24 81
4 81
29 81
14 23
0 73
29 46
2 66
30 40
15 1
28 11
12 43
0 58
1 84
19 61
18 7
4 72
5 19
10 41
2 85
8 23
23 7
9 76
9 54
30 96
0 80
10 57
15 92
20 73
18 82
6 4
12 23
25 68
8 65
29 81
18 14
3 42
8 23
12 45
5 78
6 32
12 63
6 56
23 7
23 61
16 56
7 42
11 82
27 92
26 86
21 27
6 51
14 63
26 25
24 45
17 33
5 84
16 58
28 81
2 25
17 55
0 60
23 80
7 29
3 72
19 26
14 39
11 19
4 36
10 68
27 34
30 36
26 50
27 12
15 63
16 1
1 41
28 13
23 50
30 72
12 31
7 12
19 32
1 62
18 14
2 13
7 93
30 19
3 92
29 66
2 29
12 66
3 38
29 98
29 77
3 43
12 64
30 89
15 54
20 87
21 97
15 82
10 77
16 30
12 25
8 86
22 49
4 72
9 93
23 72
21 87
1 75
10 7
8 43
0 6
28 21
7 56
7 1
28 24
20 88
24 61
21 21
13 25
11 59
30 49
5 29
19 33
28 64
30 7
24 20
27 8
4 50
3 89
6 1
5 88
22 33
9 31
24 49
7 89
7 3
30 47
22 8
15 3
0 97
25 100
24 67
29 92
0 100
17 92
30 12
12 60
3 75
26 5
11 17
20 35
10 77
7 76
27 90
29 38
6 52
6 82
0 39
1 27
24 100
17 59
15 6
23 8
23 38
2 19
7 97
29 26
13 2
1 92
15 59
11 51
0 35
9 47
29 36
12 3
26 81
7 84
7 89
7 91
30 100
13 18
10 99
15 15
20 69
9 26
9 97
1 12
3 19
28 2
17 60
6 78
21 71
28 6
3 14
6 23
2 30
10 31
4 96
23 58
9 54
12 62
12 85
6 48
7 41
25 96
28 31
25 54
12 29
19 76
18 40
1 35
21 33
14 61
4 29
15 78
23 69
11 70
5 70
5 25
25 6
8 6
12 60
4 79
20 69
0 13
17 90
24 61
24 8
9 49
26 96
28 15
4 19
4 18
6 68
4 86
12 72
23 11
19 66
5 14
18 14
18 1
17 9
8 82
13 69
24 48
25 49
19 49
4 81
28 98
22 2
28 41
11 24
28 17
30 82
5 26
18 7
19 60
25 49
22 66
10 8
8 29
1 14
20 46
2 96
3 80
26 59
5 25
19 47
27 62
25 52
27 95
16 76
23 44
24 61
3 68
30 97
12 38
30 56
23 32
8 94
7 74
14 31
19 44
12 60
8 46
12 72
25 62
24 95
27 2
10 39
19 50
8 25
29 79
13 84
18 42
19 47
1 19
12 89
2 73
28 87
28 73
16 94
0 16
22 69
13 30
10 21
27 53
11 79
0 49
16 84
22 10
14 89
14 29
2 9
4 12
21 14
3 87
19 20
29 97
23 81
24 86
15 67
6 87
28 60
15 75
16 49
20 7
5 12
8 44
6 16
30 9
17 10
2 22
6 29
8 45
23 46
2 52
26 73
19 63
4 39
28 12
16 13
6 44
11 46
20 16
1 11
13 65
24 79
19 68
23 19
10 93
2 66
24 6
30 32
28 73
2 5
19 18
18 95
9 15
28 28
27 12
12 83
1 10
27 25
20 82
1 72
28 1
10 82
20 15
25 75
28 94
28 89
22 22
20 40
26 12
28 91
29 53
10 46
14 68
19 26
29 38
10 41
1 57
4 3
29 39
10 14
23 24
26 61
22 96
15 74
4 32
23 99
27 30
18 49
6 51
27 71
8 80
10 77
14 49
12 56
19 52
6 43
28 55
4 72
29 95
22 48
23 98
3 69
20 63
18 47
15 31
29 58
26 80
25 90
11 79
12 38
18 96
27 87
25 83
20 4
19 86
4 18
21 60
26 70
23 72
7 36
7 67
8 28
15 94
5 17
22 27
24 18
24 41
8 1
0 18
10 52
16 72
25 61
11 58
19 46
23 69
9 34
26 16
6 41
15 65
21 2
29 25
1 51
27 36
19 5
16 7
6 58
6 51
2 20
16 48
17 66
21 1
19 96
28 61
3 96
8 42
8 60
24 97
27 98
3 38
3 22
29 75
17 42
20 67
1 11
28 93
12 5
20 30
1 5
17 88
29 6
23 37
5 32
24 22
18 19
2 47
11 72
2 45
4 37
2 71
27 81
21 90
18 81
13 67
23 89
29 14
22 61
5 5
7 87
9 29
5 55
9 25
29 38
0 14
14 46
9 36
14 49
13 7
26 99
10 9
8 14
18 2
26 14
1 43
27 94
7 24
16 26
12 63
6 22
6 87
30 54
21 63
5 81
24 90
8 33
7 19
7 57
22 88
30 56
12 28
25 37
20 80
2 23
12 99
29 71
0 92
19 78
30 17
5 15
15 60
1 52
4 98
17 71
23 57
25 18
14 55
30 76
14 8
23 33
26 73
21 15
22 6
0 79
18 73
17 29
30 62
28 14
18 3
24 5
8 53
24 88
27 57
4 21
14 33
27 46
28 93
3 29
2 64
2 4
18 15
15 96
21 50
11 19
21 94
16 36
0 90
12 8
27 18
8 79
18 79
8 59
3 27
3 33
2 94
1 75
13 93
6 71
7 46
22 87
10 70
24 85
8 42
8 62
26 18
30 80
19 23
26 11
16 74
24 54
28 58
23 47
4 53
15 51
11 45
18 14
5 11
3 4
28 95
28 50
2 98
25 5
13 82
24 6
19 21
2 48
27 46
14 88
1 18
24 17
29 28
1 82
13 73
9 62
5 3
24 79
3 75
27 31
24 67
1 27
19 25
1 87
21 79
11 23
30 27
26 63
15 91
8 10
2 13
14 87
18 36
18 77
9 61
17 53
15 14
15 4
8 73
25 10
1 31
9 27
16 47
30 94
12 1
25 69
20 84
1 95
3 79
19 96
2 50
14 91
6 73
5 23
16 58
4 43
5 33
8 18
15 52
13 48
19 17
4 74
20 8
28 17
10 79
30 53
14 29
23 66
28 2
24 11
8 33
5 49
5 90
18 98
15 57
13 36
11 97
13 3
3 30
18 68
24 19
9 12
16 1
25 53
3 49
5 83
9 81
11 63
0 48
10 69
16 59
29 94
6 20
21 71
30 2
12 37
11 73
24 93
17 73
21 93
4 11
8 92
22 80
5 72
10 12
6 49
15 84
23 32
9 12
21 81
17 96
17 81
17 95
24 49
18 7
18 78
30 69
30 55
24 59
3 70
17 19
5 24
23 50
11 26
10 73
7 49
21 16
19 57
15 1
8 92
12 75
9 73
26 92
6 40
24 51
6 91
22 81
23 17
18 19
26 39
24 35
19 55
7 48
2 36
0 11
7 33
26 84
29 45
30 30
23 50
26 82
26 64
3 31
19 35
2 80
13 84
15 38
29 48
28 25
21 86
7 98
21 66
26 82
15 55
17 23
27 99
10 32
14 87
29 50
15 89
3 60
11 43
1 27
6 17
15 92
24 49
12 76
22 86
1 69
4 13
27 71
29 76
14 25
17 46
11 73
1 59
28 61
20 5
24 61
11 22
22 100
0 99
26 42
24 17
4 89
24 30
13 79
6 81
9 34
18 82
8 49
12 87
1 27
19 5
30 21
8 31
22 78
29 67
12 5
4 62
21 68
10 2
15 63
0 87
3 100
27 22
5 98
22 31
6 24
4 80
4 54
8 7
22 75
21 44
1 26
23 21
6 93
3 59
29 34
2 58
21 46
8 31
21 97
8 98
26 86
8 70
20 3
8 82
22 68
26 7
8 48
20 80
18 57
24 46
14 34
12 52
3 17
20 95
6 73
21 7
23 38
22 64
9 85
17 97
30 80
25 98
3 62
9 96
16 59
16 70
15 45
7 1
25 75
28 10
1 51
19 89
3 26
12 29
17 73
11 85
4 99
0 54
18 59
12 17
22 2
13 47
20 39
26 52
13 52
16 3
24 64
28 32
5 90
18 9
18 20
19 42
12 31
28 76
22 78
13 72
29 93
25 98
28 83
21 80
4 47
14 14
30 28
14 46
27 50
16 77
5 35
26 80
3 7
3 4
6 47
12 4
21 55
4 40
18 80
24 90
25 28
4 9
10 88
13 50
14 73
1 13
13 67
8 80
11 77
1 17
12 80
17 85
1 70
14 97
4 2
30 16
8 5
12 92
6 80
28 15
20 86
25 32
3 32
29 14
11 76
1 87
8 40
8 92
14 20
15 70
0 65
18 92
19 82
3 49
15 39
19 59
2 51
19 40
2 10
2 39
21 44
6 80
12 19
20 60
26 6
19 11
1 40
23 3
26 47
15 22
6 5
16 5
28 52
25 98
21 15
21 24
7 86
1 16
22 87
16 74
28 6
11 93
17 93
3 10
3 71
11 40
14 70
22 90
29 92
27 55
26 76
27 52
10 97
22 24
13 58
10 9
29 95
15 80
12 55
2 28
12 90
6 65
28 99
18 24
0 12
23 8
30 12
11 32
2 79
28 35
18 50
24 97
24 13
14 100
23 15
30 7
17 66
0 58
7 7
15 100
10 27
26 12
13 28
15 40
21 68
4 33
5 7
23 5
2 71
28 14
20 46
4 7
25 23
27 47
20 80
29 40
4 21
21 4
16 68
30 4
19 52
21 24
11 73
19 83
9 1
9 16
1 44
30 52
19 67
13 74
18 91
19 25
9 32
24 60
4 36
19 2
5 31
17 47
7 14
7 2
25 45
7 4
25 57
10 75
2 11
1 11
1 35
17 98
26 47
23 97
12 11
7 45
27 75
5 20
1 3
11 47
14 10
28 6
17 95
21 72
23 68
20 54
25 33
30 27
12 70
24 43
25 30
16 42
7 27
21 36
30 40
13 84
29 63
21 100
9 53
1 41
7 8
19 62
15 76
24 18
1 83
1 98
18 9
6 40
15 20
27 66
1 10
19 80
1 34
15 26
4 58
25 70
0 76
17 36
9 48
4 17
7 42
3 46
17 34
23 22
2 14
26 63
2 76
21 57
1 44
24 2
15 84
12 86
22 22
28 1
28 48
13 54
0 46
28 25
7 29
3 14
3 47
6 13
9 98
16 79
4 77
9 23
3 83
14 83
18 41
23 69
7 5
14 39
15 18
5 82
12 33
19 61
2 24
28 58
27 73
2 39
30 42
6 3
26 75
15 99
21 3
9 51
28 58
24 94
4 56
30 26
7 73
28 48
11 45
0 13
8 58
28 69
6 17
23 76
22 6
16 59
19 28
4 85
1 19
30 89
30 55
20 79
6 27
11 82
7 14
2 45
24 44
11 11
28 82
10 48
22 21
29 49
29 26
1 11
26 28
23 65
25 1
25 2
22 57
15 100
10 78
26 26
11 7
1 82
26 27
6 60
17 5
22 72
3 39
18 71
11 98
10 36
27 17
18 73
21 26
15 34
9 52
8 11
1 21
30 35
11 40
17 31
15 75
9 78
27 5
18 4
8 40
24 39
22 84
12 19
30 98
12 40
1 25
1 99
11 37
17 61
16 91
1 70
13 93
0 81
10 62
11 81
16 49
14 74
13 75
23 98
9 63
28 59
24 27
4 4
0 30
30 95
2 41
22 92
7 33
1 6
26 47
8 88
4 62
19 84
17 58
8 21
3 56
4 77
10 48
11 72
24 85
26 36
15 52
17 14
19 90
19 21
8 33
25 36
3 12
27 99
17 84
30 98
13 18
19 21
11 88
2 5
0 48
16 36
12 96
15 34
2 33
22 36
25 33
11 10
16 95
0 96
7 13
11 28
26 81
5 20
4 86
23 58
27 1
10 13
16 94
7 68
1 75
15 1
23 87
11 51
27 74
20 76
10 77
17 6
24 47
11 23
24 24
0 31
9 21
13 95
9 16
9 73
23 51
29 40
26 68
24 68
29 69
1 24
6 18
11 22
7 42
0 32
4 64
19 57
21 12
16 70
12 13
20 3
13 91
7 38
25 10
19 23
20 82
26 39
2 88
9 51
29 94
8 99
0 31
6 86
11 19
25 63
13 30
19 63
0 61
4 93
8 90
16 75
1 12
6 87
30 29
8 28
10 28
5 51
10 16
22 60
14 47
19 84
17 77
27 29
13 10
18 30
5 4
14 94
24 80
14 97
10 40
2 24
21 81
25 25
11 28
30 24
18 29
2 92
15 92
30 36
15 51
15 35
20 84
14 33
29 98
25 94
14 34
25 87
0 84
10 62
7 40
20 55
12 73
23 5
26 86
25 93
27 11
13 71
12 70
2 48
13 73
12 8
19 17
10 16
29 35
10 96
6 78
1 14
26 88
7 42
9 37
19 32
13 23
0 7
2 60
27 16
28 21
15 83
22 68
18 43
4 24
19 73
29 4
16 3
12 47
1 58
14 5
23 52
22 14
5 96
7 64
22 39
23 34
13 35
10 31
10 77
1 4
25 76
21 45
3 81
0 10
2 58
17 10
6 2
6 39
4 75
10 97
15 54
29 38
20 38
14 7
5 33
16 55
6 83
8 20
2 96
23 36
12 90
25 23
0 39
14 75
25 100
3 9
3 39
5 15
20 20
29 97
6 79
26 96
24 87
20 1
12 36
14 24
13 72
2 13
12 27
8 36
19 42
16 23
4 22
21 43
30 58
15 13
18 72
0 70
11 83
1 86
18 28
10 99
27 27
3 36
3 43
20 40
24 84
2 31
20 93
1 43
4 19
17 54
6 28
10 62
8 51
19 90
9 46
13 89
19 55
12 30
4 11
29 18
30 91
15 45
29 8
2 83
24 92
27 58
7 38
5 60
8 100
28 79
0 84
16 1
26 12
14 71
29 83
6 78
16 34
14 71
2 1
14 88
19 100
23 13
17 91
0 10
28 5
13 41
6 50
26 38
17 33
26 27
28 31
19 41
3 66
30 53
19 85
19 36
19 15
20 58
15 58
17 38
22 75
9 57
21 16
11 16
30 17
8 73
3 53
21 20
8 93
21 14
9 20
3 69
29 5
20 94
7 21
9 24
8 10
16 88
11 31
20 61
21 85
13 81
19 48
29 88
9 51
26 66
14 24
15 53
30 88
16 85
7 51
0 21
21 90
1 18
11 30
8 55
7 7
17 15
9 69
7 81
20 68
6 89
24 20
25 86
17 60
25 12
29 59
24 57
20 100
12 69
25 92
30 51
11 16
17 91
20 53
11 3
4 2
1 4
28 69
7 87
3 61
10 62
8 10
27 91
11 84
17 17
21 16
3 59
19 26
23 35
11 60
27 88
29 52
24 92
24 38
21 58
24 2
24 25
7 43
22 91
19 57
27 97
13 49
15 1
11 58
1 82
26 59
27 10
18 32
18 23
5 96
8 29
1 45
29 12
30 69
14 60
26 46
3 23
19 62
29 5
21 18
13 23
18 66
13 29
22 69
8 29
6 33
4 74
24 67
21 61
15 96
9 99
18 93
18 13
21 78
28 83
2 47
15 15
5 16
16 2
17 77
26 20
24 63
19 26
13 2
3 71
10 89
5 44
21 97
24 76
16 96
4 87
24 18
4 83
26 49
16 95
3 95
25 78
3 73
2 14
2 47
10 25
23 7
21 92
22 56
9 35
7 68
30 87
29 96
9 68
2 81
24 39
4 18
13 5
25 33
15 11
14 71
22 80
20 52
11 82
16 10
0 94
5 39
24 22
10 91
0 55
23 28
7 44
9 41
24 63
21 45
17 55
28 74
0 25
3 89
20 20
12 17
14 78
28 9
11 96
25 34
20 2
8 65
16 39
14 18
4 74
12 27
2 54
30 7
8 51
14 44
15 34
2 86
8 59
27 28
20 37
25 40
15 91
8 60
28 59
30 43
19 58
3 31
17 85
29 97
8 39
17 4
3 27
10 43
13 22
0 43
8 71
4 87
29 52
0 11
11 90
19 39
15 79
20 42
11 32
22 99
18 37
11 81
6 48
17 92
9 83
7 99
3 81
9 35
26 62
7 95
27 28
23 18
8 97
6 41
27 46
12 16
10 59
19 8
14 15
17 37
3 72
8 71
24 70
17 55
19 33
4 80
3 6
10 49
22 36
30 64
8 35
5 38
16 10
14 55
13 25
24 53
1 49
24 42
15 36
9 92
14 11
1 32
4 86
23 53
8 15
16 96
4 61
4 57
2 36
18 9
30 91
11 56
11 20
4 24
6 51
13 48
15 76
16 28
3 38
0 72
19 92
15 50
26 40
17 57
2 46
16 17
22 5
23 99
21 36
25 58
10 4
2 83
24 38
16 39
3 76
5 1
16 17
30 62
25 79
27 81
30 91
26 90
14 33
19 69
12 52
19 28
11 26
12 23
6 69
27 84
8 59
27 29
22 43
1 68
19 94
2 30
30 81
28 94
24 47
21 88
11 26
17 38
3 69
7 69
22 35
28 78
27 4
18 53
15 75
20 97
30 31
10 18
9 76
15 96
23 72
12 5
3 97
24 19
13 34
12 74
1 28
12 35
9 47
8 51
26 96
7 33
5 75
1 65
26 1
10 28
18 43
23 18
13 7
15 55
20 90
4 20
27 17
17 93
15 86
20 51
23 16
20 47
13 77
29 98
16 72
28 77
16 31
8 5
6 52
12 84
19 25
4 96
8 98
5 92
24 16
16 93
28 47
16 34
23 54
18 33
27 54
25 75
29 30
7 78
17 66
6 54
21 50
5 95
11 81
22 76
16 84
4 63
13 84
8 4
5 98
27 99
3 92
27 60
30 74
16 12
5 71
19 45
1 12
16 68
27 100
1 88
17 96
22 42
17 23
20 41
4 72
30 76
12 71
8 56
27 33
13 78
11 56
14 16
5 80
4 45
30 51
5 33
18 3
25 89
22 40
16 44
28 68
15 1
2 27
12 51
6 7
9 77
8 96
29 84
18 77
8 99
6 49
29 62
7 65
12 16
20 1
10 55
2 56
3 23
18 36
7 52
19 60
0 22
27 86
12 67
28 7
28 75
6 48
24 25
13 68
24 98
4 97
14 97
21 86
22 65
0 100
18 18
17 6
17 69
16 95
3 3
6 51
1 63
14 68
28 24
27 26
27 90
27 68
29 12
6 34
30 42
28 100
14 58
3 92
9 37
20 74
19 15
28 77
29 61
11 40
26 6
20 98
17 57
0 46
26 10
22 64
4 5
14 8
8 29
12 42
3 26
24 42
10 95
1 98
15 91
9 96
16 60
10 52
28 99
16 43
15 37
8 54
17 7
19 31
5 76
18 55
5 67
2 28
29 14
27 33
12 15
27 50
10 16
6 73
15 71
14 42
6 64
15 98
0 87
14 23
0 35
8 40
17 62
29 91
6 61
5 44
22 41
17 50
12 42
6 34
10 78
8 48
28 88
26 64
25 46
13 39
25 62
28 71
17 72
13 20
0 42
22 83
30 72
16 5
10 84
9 2
23 68
4 12
0 18
9 53
16 90
13 28
11 28
20 72
24 72
4 26
16 58
17 18
13 55
18 69
1 6
26 38
29 78
0 41
20 68
17 30
4 17
28 26
29 49
14 74
10 1
15 69
14 100
21 12
14 2
18 38
21 46
8 40
15 21
26 2
26 44
8 69
18 99
5 74
21 100
21 54
7 87
11 39
3 97
0 44
28 56
18 52
11 24
28 35
19 66
23 56
9 78
20 70
21 94
8 13
13 34
20 66
11 82
20 20
19 73
20 68
26 61
18 84
4 100
17 59
11 34
13 67
5 25
19 64
21 16
12 68
23 10
22 75
4 17
26 95
6 58
21 77
10 31
27 70
22 55
15 65
21 76
12 85
7 89
30 89
25 47
18 75
19 77
28 45
27 82
18 25
16 56
27 31
16 27
16 2
8 89
6 71
28 77
14 48
19 36
7 31
25 30
15 62
17 66
27 87
0 57
9 8
9 53
8 8
3 14
0 59
6 12
4 14
3 93
2 54
12 22
23 23
20 76
19 13
23 73
7 90
9 47
20 34
22 79
12 32
12 96
0 52
4 24
6 96
7 8
9 20
3 20
9 53
14 41
27 54
25 2
10 10
9 27
30 43
7 95
2 48
4 71
3 28
24 61
26 35
8 67
11 23
5 60
21 45
28 59
17 79
1 28
2 12
25 97
28 64
14 21
25 91
12 29
22 9
19 85
9 65
19 80
19 20
29 52
29 56
14 34
27 73
18 32
18 14
21 52
14 22
20 30
29 41
19 59
22 5
2 77
6 30
3 12
9 8
7 48
15 16
26 34
21 34
6 5
22 92
26 39
8 36
20 43
12 11
5 16
8 95
1 84
17 80
18 53
14 24
25 90
26 100
10 67
8 85
28 90
10 22
29 52
29 81
9 77
0 45
2 77
24 96
10 29
10 57
24 93
18 20
17 42
3 87
12 79
12 35
9 17
18 5
0 95
28 50
16 17
29 72
1 31
7 8
27 10
6 48
20 42
11 56
9 78
25 58
1 16
0 18
3 88
14 55
25 52
28 60
17 7
14 8
26 41
4 10
20 1
14 66
29 34
12 8
7 66
27 74
10 79
28 64
9 8
27 79
28 11
21 16
25 60
13 54
2 65
18 85
23 40
10 2
21 91
13 53
18 33
29 38
26 70
3 8
7 19
2 21
13 64
0 24
20 49
27 52
15 17
20 75
24 45
25 20
26 44
11 70
11 28
2 72
16 43
18 45
1 17
21 68
18 77
28 73
17 28
10 78
3 6
5 18
15 74
11 8
23 31
28 8
27 90
11 92
0 8
23 25
13 46
28 89
10 44
5 80
23 34
3 85
23 42
17 92
14 88
2 46
29 64
1 62
0 24
29 99
11 88
17 58
13 9
22 80
6 79
11 63
25 11
19 42
27 91
22 58
13 30
25 94
11 99
15 26
15 78
10 12
23 85
25 68
7 60
14 83
1 11
6 77
30 77
10 73
7 71
18 22
27 3
5 52
13 66
11 10
13 35
26 64
28 92
19 90
14 52
19 97
7 10
17 65
26 18
13 65
18 43
26 47
27 55
22 33
29 2
9 6
18 3
24 32
27 24
17 87
0 19
8 67
20 38
4 59
26 31
22 90
9 72
1 88
10 81
23 72
16 30
8 60
29 28
11 8
10 4
8 19
2 9
15 26
16 15
4 46
23 31
1 24
13 65
27 44
9 64
3 35
15 92
5 51
13 80
9 63
13 11
1 86
10 99
30 49
6 34
15 93
18 66
0 81
10 37
30 63
20 53
11 20
2 91
25 78
23 58
8 41
21 67
24 19
29 26
27 19
7 86
14 17
8 82
2 37
11 37
29 52
20 21
30 4
25 30
6 66
2 33
5 86
14 21
1 96
29 5
17 39
3 100
9 50
21 8
28 92
21 15
3 94
21 58
29 59
28 42
13 91
6 96
29 34
21 37
10 100
17 60
18 24
18 78
24 78
27 31
22 94
3 83
5 67
0 14
27 55
15 45
5 86
25 92
2 32
18 64
16 29
0 39
3 40
9 50
20 30
14 11
14 64
7 91
20 57
20 7
9 66
14 27
15 71
20 7
1 57
14 20
15 55
4 83
19 67
30 24
21 75
10 11
27 15
19 7
2 34
23 71
7 63
25 48
11 6
13 84
19 92
13 27
17 97
16 47
30 45
17 54
9 68
19 13
27 9
21 60
3 6
12 5
27 35
2 74
13 26
24 66
6 10
26 69
21 75
28 100
26 88
29 83
5 13
10 39
4 49
6 48
3 82
18 23
23 13
6 76
30 73
17 19
9 32
7 3
17 42
23 68
8 83
2 67
1 60
11 93
26 91
30 29
3 12
16 6
29 43
24 36
1 51
11 2
6 27
6 83
19 20
15 2
13 74
19 57
24 32
17 92
6 82
9 30
21 84
24 92
17 76
2 65
8 28
15 64
27 38
2 51
26 62
17 3
12 39
21 7
10 75
11 2
19 87
26 70
6 10
18 38
15 61
9 85
6 4
30 84
15 7
20 69
9 36
19 76
26 73
2 21
17 15
9 1
24 92
4 93
27 42
11 85
18 80
25 17
18 43
5 95
29 56
23 26
10 81
27 58
13 52
2 87
10 69
30 4
27 95
7 54
24 51
25 53
27 80
2 71
13 53
0 27
5 16
20 27
3 63
10 48
25 3
22 67
18 66
30 48
5 98
4 93
5 73
17 36
9 100
11 93
17 95
7 50
21 47
24 78
28 9
0 47
16 38
26 39
12 33
4 71
18 54
12 48
26 4
8 66
22 74
18 85
1 38
16 31
26 70
1 93
26 36
2 98
30 95
2 40
27 44
18 34
9 39
15 3
8 56
18 81
27 75
23 73
18 7
3 96
29 79
15 58
2 64
29 62
0 61
24 14
4 1
26 50
10 26
16 58
23 5
29 64
19 75
21 38
30 48
4 95
14 81
18 16
23 30
1 85
14 41
27 84
21 63
27 33
11 76
15 63
26 83
4 84
3 5
23 26
27 41
14 98
2 52
11 91
17 85
25 1
25 20
14 81
14 19
24 65
6 93
7 23
10 45
5 22
18 5
22 3
26 91
3 75
3 73
5 84
30 3
12 68
13 59
6 9
20 24
29 45
14 51
19 33
1 60
20 76
22 75
4 63
27 9
2 18
29 55
28 78
5 89
9 100
4 80
29 15
24 42
3 97
4 1
9 90
6 15
8 37
11 44
6 96
8 78
16 38
15 1
9 77
26 62
18 52
28 38
5 34
6 68
4 73
13 44
22 57
10 83
29 32
22 23
6 7
16 81
14 92
17 17
16 56
20 6
4 13
13 41
21 90
1 56
17 90
19 84
9 2
29 75
12 26
29 74
21 84
20 78
18 72
11 59
29 91
6 25
22 61
17 90
25 90
5 80
10 61
13 13
18 24
5 40
1 96
25 45
11 22
5 18
18 7
10 79
12 21
25 6
10 62
26 68
9 83
27 68
6 9
6 10
20 76
20 46
9 35
9 82
30 15
16 90
4 83
2 93
12 51
25 95
11 63
21 90
1 56
17 39
20 68
3 9
18 37
27 81
7 51
17 50
27 78
26 39
17 87
14 50
12 91
21 32
9 74
1 84
9 79
27 98
23 75
27 24
20 77
28 93
26 10
9 13
20 59
13 33
2 25
27 47
12 57
26 15
29 1
4 23
0 88
4 50
10 4
22 5
13 51
29 36
17 6
21 68
26 83
28 85
12 94
27 67
6 40
0 19
25 94
1 13
4 20
11 96
5 99
1 62
1 7
24 95
1 4
0 56
30 99
2 77
26 26
24 93
28 48
24 34
7 3
26 67
24 93
24 63
15 76
25 1
21 5
22 47
16 99
0 49
8 71
19 100
8 32
4 86
14 78
5 34
20 100
10 52
9 49
21 23
16 49
1 22
5 67
15 44
6 78
24 25
22 14
27 15
30 6
11 52
17 66
4 35
4 70
30 47
17 44
11 8
15 29
19 90
4 46
7 67
1 75
13 22
29 10
19 60
6 17
1 28
30 99
13 86
25 30
9 50
22 32
24 60
3 67
19 15
30 45
5 65
18 62
18 15
16 71
0 89
30 3
24 57
12 52
17 46
5 68
19 45
15 43
28 79
2 51
12 47
17 95
14 2
10 31
9 47
6 6
13 21
18 75
17 39
21 64
3 19
10 63
23 47
9 90
25 64
17 56
17 78
0 50
0 76
5 25
22 8
3 7
30 35
17 36
2 37
4 59
3 48
22 26
6 80
26 53
7 93
0 45
14 92
30 79
0 53
4 75
15 94
7 46
29 78
1 20
17 66
29 92
7 19
17 99
26 64
11 15
19 9
13 98
19 84
3 45
21 57
11 18
6 29
25 74
26 26
4 35
7 69
9 48
20 98
29 99
9 16
8 68
7 2
10 92
16 87
19 85
17 33
10 17
5 93
23 13
15 79
17 58
24 93
27 22
20 67
8 97
15 84
29 19
6 30
0 25
0 57
0 57
14 75
18 93
27 14
21 19
15 91
28 21
30 18
10 63
0 81
10 49
10 11
10 11
4 56
10 3
1 98
4 22
22 29
29 21
1 58
24 74
15 92
16 63
0 9
17 17
15 2
2 78
5 58
7 83
16 50
23 86
17 95
28 68
17 98
27 33
12 80
19 21
29 1
14 20
22 44
24 72
22 95
1 69
19 50
8 26
3 94
19 50
9 24
22 96
7 15
25 73
19 54
28 13
24 22
18 47
15 40
13 20
11 78
13 84
5 44
30 38
14 6
20 5
10 14
20 79
30 4
21 75
24 23
22 13
21 12
17 10
24 96
26 77
4 16
12 40
13 1
27 36
11 47
30 5
4 68
9 61
27 9
22 47
13 78
27 44
3 11
17 80
8 83
24 76
4 11
12 77
3 47
2 53
1 100
21 38
23 93
12 18
5 67
1 22
7 53
26 4
23 7
29 14
16 18
20 18
19 14
20 46
25 24
11 92
0 53
21 27
26 70
30 21
1 29
16 56
18 14
27 96
8 85
0 27
14 76
4 46
2 16
2 21
24 54
9 27
10 20
28 93
13 12
7 36
11 20
0 84
29 4
2 96
7 45
7 19
10 51
11 5
30 49
30 67
3 76
12 22
1 98
15 80
6 11
13 37
19 76
14 12
25 44
29 77
8 98
7 4
29 26
15 34
7 86
6 78
25 64
4 14
28 17
4 23
15 20
14 86
12 85
1 76
16 10
26 94
17 44
22 13
19 68
3 97
20 35
19 74
2 23
9 48
10 36
15 22
2 50
10 8
24 100
13 84
19 87
8 12
2 8
5 70
8 30
29 95
29 86
11 78
28 5
15 8
19 79
16 84
29 94
22 56
20 48
6 2
16 76
11 8
11 5
20 56
14 29
30 66
14 93
21 78
2 82
6 96
16 16
6 7
5 10
27 41
0 38
20 26
15 8
17 77
5 56
14 59
25 80
4 9
15 77
30 29
2 98
29 36
4 16
21 20
22 54
20 5
4 20
22 51
21 93
15 78
0 82
21 21
11 22
5 88
0 30
24 79
16 72
28 17
1 85
28 70
14 72
21 6
18 20
12 25
10 37
29 79
17 76
17 67
13 68
20 9
24 41
0 46
0 9
20 35
12 30
23 39
10 62
16 70
18 71
2 94
30 73
26 91
27 12
14 100
4 19
9 92
20 38
7 56
19 41
21 9
4 38
30 49
29 31
1 90
18 34
16 33
20 17
16 3
2 18
14 56
6 53
23 64
16 32
24 10
20 2
18 26
11 65
16 20
7 31
7 36
8 70
29 8
0 69
19 12
19 89
0 1
2 64
16 64
12 14
26 62
20 18
10 64
19 79
29 18
9 58
27 8
15 28
21 42
2 66
2 94
23 85
29 84
26 25
30 9
14 89
11 24
21 44
16 11
6 8
26 92
26 10
29 36
28 78
0 84
19 86
20 72
17 24
28 2
8 87
25 24
0 86
29 19
15 78
0 77
15 15
15 5
8 6
24 86
5 37
25 66
10 86
10 76
7 79
15 29
12 38
30 30
5 47
9 93
4 15
24 71
14 22
19 29
17 25
30 32
5 15
25 81
5 96
19 56
0 7
25 92
2 24
24 47
6 64
21 73
19 42
27 84
27 3
27 70
23 3
28 48
19 52
8 67
17 11
13 77
11 24
12 23
3 19
30 27
19 56
23 61
15 15
11 39
18 86
1 22
14 57
12 52
25 50
10 39
14 52
21 7
19 75
11 12
28 93
3 93
8 17
8 2
19 85
0 29
0 50
22 46
6 40
3 42
5 73
10 86
25 59
9 79
17 41
17 36
7 27
23 50
18 11
7 34
18 91
19 53
18 5
2 37
1 98
9 56
10 23
3 23
12 3
20 32
19 22
6 66
21 20
2 74
10 88
20 2
5 99
2 38
28 35
11 53
28 39
11 29
16 83
26 10
26 12
15 63
15 59
27 25
25 15
7 29
10 65
17 41
14 63
15 36
12 2
6 49
2 1
22 75
27 92
14 14
25 63
4 55
5 90
7 51
16 45
12 34
14 37
22 87
10 1
11 3
26 67
30 34
26 89
11 22
25 39
3 43
25 11
24 11
16 12
17 29
28 92
6 74
0 19
13 64
27 22
10 38
1 84
26 83
16 82
12 70
29 51
18 18
0 55
22 92
6 57
14 29
8 38
29 86
6 69
22 49
24 58
26 32
6 34
6 89
0 23
9 77
30 49
0 78
23 95
4 76
22 17
9 27
16 64
13 89
26 10
5 12
24 37
17 60
16 66
21 29
12 51
1 91
1 49
4 53
18 97
12 71
5 24
18 49
2 80
29 46
5 60
18 43
8 24
15 18
27 13
7 84
22 25
9 26
3 34
18 32
29 97
18 78
17 30
28 27
6 1
29 90
13 73
17 97
26 55
11 11
29 33
3 96
18 13
18 13
14 98
25 82
9 36
30 91
28 83
8 86
22 7
17 59
13 2
3 78
0 22
17 45
16 38
15 73
14 1
30 16
9 14
12 83
2 51
8 4
15 30
29 15
23 64
7 2
28 11
9 9
8 23
19 36
4 42
19 41
29 10
17 83
28 69
4 41
14 78
5 70
1 13
10 59
3 63
27 100
11 44
27 7
8 25
27 32
25 25
14 31
20 17
7 21
10 63
3 75
14 18
10 55
17 59
28 53
4 48
24 100
1 69
4 27
21 43
0 7
30 33
2 54
19 51
19 84
20 92
26 34
12 3
7 15
16 26
24 24
24 7
11 17
1 55
27 82
8 67
15 36
28 31
6 18
5 21
4 67
20 39
14 41
7 53
17 18
5 29
16 41
1 11
19 29
14 55
12 60
25 68
9 93
3 98
23 40
21 59
8 1
28 6
5 12
5 1
28 8
13 86
15 85
22 85
5 5
1 25
25 76
20 58
16 99
29 27
8 22
23 33
13 91
16 4
8 65
26 71
27 26
17 12
14 23
18 98
16 47
28 48
11 31
29 9
17 9
3 31
15 2
17 5
9 29
18 82
27 63
3 79
18 13
4 13
20 60
14 95
11 4
30 93
17 39
14 7
11 30
10 37
17 15
1 10
7 39
25 49
21 88
25 84
27 64
19 48
4 31
5 99
6 16
29 45
27 52
13 28
16 68
20 53
23 96
15 72
29 84
5 41
6 47
23 53
18 52
18 16
25 61
17 57
14 17
2 92
4 18
7 56
22 80
21 52
15 48
17 17
10 91
3 94
12 95
19 23
12 85
2 57
21 72
30 12
27 42
6 19
29 43
29 21
12 86
22 88
12 44
0 83
26 59
18 48
8 63
4 68
16 3
10 81
22 38
25 89
27 70
18 59
17 80
17 29
16 55
3 80
15 70
27 25
29 98
4 100
1 10
2 1
7 41
25 78
26 81
12 12
22 13
21 61
1 83
17 57
25 53
11 79
16 61
10 90
16 82
30 56
2 52
24 78
19 46
2 36
11 51
10 29
4 14
7 45
22 73
29 98
16 41
4 31
2 2
29 6
6 66
21 14
6 17
18 46
29 91
10 66
0 76
9 81
23 35
1 45
11 5
27 84
15 60
6 69
6 30
27 76
26 2
23 7
10 62
6 49
24 41
2 53
24 70
23 70
12 52
18 5
7 44
18 87
18 38
16 49
2 42
11 5
8 71
10 48
27 76
0 65
20 45
17 79
28 54
26 8
15 59
19 57
13 71
11 88
24 77
17 17
30 36
15 3
21 45
19 97
22 53
25 13
8 4
0 18
23 12
4 57
25 32
0 94
28 36
3 84
15 9
21 100
29 84
23 62
29 2
25 87
26 68
2 91
5 83
3 73
15 12
25 3
11 13
24 68
29 100
27 41
29 75
2 55
4 57
25 55
28 52
15 50
24 66
5 80
3 15
18 89
13 65
1 10
19 27
14 86
28 14
1 42
0 21
11 36
23 50
8 8
18 70
12 16
29 55
4 89
3 43
13 20
11 26
3 73
17 56
3 43
9 40
18 12
27 83
8 98
25 20
24 15
17 98
13 17
10 9
20 5
7 43
1 94
20 29
27 68
8 59
29 48
2 96
26 17
23 50
1 71
5 58
12 88
28 83
25 4
28 90
16 25
21 92
9 64
18 34
14 7
11 16
27 52
8 81
28 91
18 79
19 95
25 44
27 79
6 88
26 48
17 66
13 10
6 68
5 100
7 31
19 92
3 46
7 96
23 82
7 66
13 37
19 20
16 71
22 71
16 9
10 77
15 4
26 56
30 9
9 25
21 46
0 47
1 79
26 83
12 27
19 4
1 12
14 47
15 17
9 64
28 8
24 58
21 30
12 91
6 22
18 42
11 99
5 71
9 25
1 52
1 42
19 15
7 53
14 23
0 24
19 6
26 85
1 93
25 11
28 36
27 22
30 22
2 80
23 27
12 14
7 64
1 53
25 92
5 14
20 16
28 13
14 77
20 24
3 90
6 80
19 14
12 21
17 48
12 80
0 68
5 54
15 87
13 98
6 23
4 68
9 68
18 87
4 80
22 9
2 61
13 18
17 53
12 79
13 31
3 1
21 24
11 77
3 21
15 8
25 72
17 32
21 45
15 92
15 53
17 2
14 57
19 25
30 43
12 1
15 97
12 56
2 14
25 8
0 50
18 73
18 14
29 66
7 68
9 97
8 67
8 61
12 96
25 61
17 55
24 53
14 53
12 10
8 41
17 20
15 65
4 60
17 76
17 86
22 91
16 63
26 73
18 41
18 13
18 64
20 70
2 25
26 30
5 19
19 23
29 77
23 34
17 30
2 56
2 36
16 52
28 12
0 95
2 84
11 73
28 13
12 3
9 63
29 22
30 90
4 14
5 61
11 91
21 71
26 39
11 16
5 72
13 42
6 57
11 10
2 81
16 76
26 69
20 32
30 75
9 34
25 99
3 87
23 34
5 62
22 71
26 70
29 58
23 3
15 70
10 62
17 93
26 51
14 18
21 11
9 44
10 35
19 40
12 28
11 64
6 88
21 96
18 64
26 39
21 40
8 92
17 77
1 58
27 48
13 99
30 31
19 92
9 62
11 100
6 7
6 68
27 14
25 5
10 89
30 47
4 97
19 53
26 73
22 68
18 72
14 83
18 90
4 60
19 100
16 69
10 75
6 21
18 31
24 77
8 37
11 63
22 14
19 56
20 76
9 16
26 77
22 54
20 21
15 72
7 12
17 86
17 73
20 34
17 43
3 53
1 54
27 69
9 74
28 34
10 81
10 76
5 26
26 96
13 65
22 48
23 78
2 85
15 63
8 26
15 83
5 83
16 9
5 38
29 7
11 24
7 44
4 64
4 96
20 39
3 43
11 43
6 68
13 49
20 67
2 5
2 92
10 83
15 35
11 63
7 54
8 39
7 59
30 51
17 38
27 35
21 34
26 98
16 92
21 90
29 85
4 49
19 95
26 56
26 29
3 25
0 55
16 18
6 65
25 83
7 1
9 9
28 73
13 6
6 13
19 49
1 43
12 79
19 4
25 50
20 91
11 64
23 60
12 45
30 13
7 92
26 77
17 87
12 70
20 54
0 90
19 95
10 68
10 47
4 50
23 34
3 65
21 57
3 21
7 69
22 45
5 61
22 47
5 14
13 1
4 46
8 64
28 51
0 91
27 92
30 64
8 27
1 86
28 51
14 93
19 27
15 51
22 64
30 81
21 1
17 3
1 16
19 38
26 31
22 43
13 4
0 7
15 62
26 38
12 28
28 29
18 16
10 75
0 98
22 63
18 5
1 18
6 95
22 14
30 65
25 1
30 58
6 85
5 20
8 46
19 51
13 7
3 35
1 61
1 47
4 21
17 12
1 71
6 87
14 62
16 12
13 48
25 82
14 55
27 41
25 9
25 47
22 59
17 12
23 89
5 97
6 63
12 22
17 76
11 7
3 13
16 62
11 56
27 11
22 34
9 93
14 75
9 80
29 95
22 7
10 5
30 76
26 3
16 9
29 35
28 90
18 13
21 9
27 12
18 13
20 90
21 10
30 1
26 24
13 19
12 91
23 30
6 23
12 84
16 91
16 36
5 97
21 56
10 47
26 92
10 68
14 92
21 44
1 4
7 9
8 51
6 88
22 62
11 9
1 67
17 57
10 37
6 35
0 8
25 56
9 69
4 79
14 57
18 18
4 18
26 55
0 70
4 15
27 67
21 40
7 51
6 73
8 48
11 81
12 25
13 78
12 15
4 100
6 61
15 15
1 63
9 91
1 12
8 84
29 17
6 52
26 8
29 11
30 38
8 98
20 79
18 33
18 18
14 47
5 45
0 87
29 64
4 42
4 38
23 79
20 17
7 99
30 71
0 20
18 98
10 54
20 47
24 31
30 14
30 25
6 56
14 62
10 68
19 63
11 5
4 50
7 72
29 7
20 100
12 20
10 62
5 30
19 79
2 100
8 86
9 31
17 93
7 91
3 16
13 63
15 69
29 45
26 32
25 65
26 94
6 39
0 78
18 63
26 79
20 67
22 84
5 93
13 95
3 88
13 59
29 85
3 52
11 85
28 97
1 33
23 78
30 43
15 92
20 92
12 67
19 37
23 57
25 22
30 14
23 2
11 5
8 32
11 73
16 5
0 23
7 60
30 99
16 41
29 83
13 40
13 54
29 56
21 75
22 57
16 55
19 81
19 57
10 93
13 87
21 20
27 91
8 100
17 51
18 67
8 86
6 18
4 94
30 22
20 30
17 51
27 11
19 44
24 51
3 45
15 16
6 99
16 45
2 87
12 87
11 45
1 20
23 82
21 8
22 56
5 56
4 17
24 44
22 6
22 95
27 35
9 100
12 6
19 29
6 86
10 83
7 45
0 91
6 8
28 65
26 40
10 66
19 23
29 45
29 95
11 80
17 10
8 43
14 5
10 85
12 68
17 90
2 8
28 62
16 92
2 72
25 58
7 18
16 50
1 40
19 58
7 50
6 6
27 1
4 48
8 58
16 48
21 24
18 36
17 14
21 47
22 91
28 44
4 15
18 91
23 39
3 37
28 81
9 14
0 79
9 15
5 58
19 12
0 61
8 19
25 55
20 64
22 86
21 16
29 43
23 98
18 95
24 3
16 37
13 25
9 14
2 5
29 49
3 52
12 46
16 13
28 91
19 12
4 34
19 74
18 83
25 73
6 62
16 89
29 78
25 7
0 18
12 67
25 62
14 6
0 6
5 62
13 26
5 47
17 46
16 6
16 38
17 32
27 43
19 86
2 38
1 85
26 6
15 24
9 71
9 72
29 43
17 39
21 64
28 92
6 7
9 65
18 33
16 3
1 42
12 48
16 17
15 38
24 96
9 66
25 90
18 46
11 80
19 1
9 41
6 59
1 5
22 74
18 6
14 81
10 66
4 92
26 70
19 38
24 32
28 54
17 75
0 82
21 57
2 91
19 39
2 71
7 34
3 80
5 43
15 57
11 64
26 87
13 22
8 91
3 99
1 73
2 25
27 83
25 57
0 3
23 56
19 92
11 10
4 30
4 26
28 34
26 20
0 4
4 47
19 14
13 58
17 53
28 70
30 31
24 13
20 90
18 16
25 71
7 72
16 41
17 12
17 62
28 26
4 20
21 15
29 69
25 14
14 56
2 30
22 93
17 18
18 31
17 70
25 70
27 88
18 1
1 81
1 22
0 6
28 100
17 20
14 95
3 48
26 40
5 70
18 28
18 81
20 97
26 84
3 29
21 67
2 56
5 44
9 63
19 91
22 76
18 64
20 83
11 39
8 16
12 8
12 44
13 32
12 62
10 50
22 61
3 77
14 72
22 77
10 89
20 80
24 48
28 68
16 19
1 4
7 1
30 26
18 41
23 12
10 49
20 49
5 81
8 70
9 96
4 2
27 5
22 79
12 47
5 18
3 50
15 1
2 96
10 49
0 40
28 29
13 22
13 27
0 89
14 91
29 40
24 16
16 47
5 55
26 7
26 90
2 71
10 75
22 58
25 10
7 11
12 58
28 61
7 4
7 25
1 24
0 66
12 83
29 32
24 23
4 92
13 6
15 76
14 16
16 13
23 78
26 1
17 46
21 36
5 56
22 6
30 96
30 3
21 7
22 83
26 40
6 53
29 97
1 77
25 97
13 65
16 57
30 47
24 6
24 73
29 58
21 63
23 73
21 44
24 74
3 65
22 86
12 55
5 75
9 94
28 31
3 100
23 11
11 62
14 25
5 93
18 22
8 98
17 37
11 1
23 58
3 33
24 44
19 100
8 32
10 65
8 19
20 57
26 81
0 51
12 95
15 100
0 13
0 95
18 8
30 100
19 68
4 32
19 22
6 48
28 41
12 39
30 88
3 1
23 94
28 47
11 5
29 78
11 59
30 94
23 46
19 93
10 30
9 41
21 67
10 1
22 9
10 4
18 25
9 68
27 14
18 86
30 2
27 49
18 13
22 45
9 11
2 51
24 60
10 14
25 35
15 11
17 88
26 48
10 86
19 77
18 88
5 81
10 15
3 17
25 43
18 6
7 3
29 66
22 49
14 29
27 53
10 98
28 19
24 15
8 71
24 90
13 58
5 48
23 26
10 14
22 58
8 4
15 36
29 67
22 58
28 7
21 33
4 16
23 18
20 15
23 67
18 97
24 90
16 9
10 48
9 71
20 90
1 20
1 17
17 55
1 63
8 23
5 26
17 63
8 57
17 34
30 96
21 58
29 18
10 7
7 49
2 8
4 33
17 19
2 48
3 26
13 32
23 4
1 39
13 9
9 53
5 35
13 57
17 6
24 59
25 11
3 66
0 27
6 2
0 90
0 92
3 44
22 22
20 20
30 50
16 75
0 96
20 63
21 9
12 68
11 88
0 48
25 28
6 9
2 14
2 98
11 97
8 94
1 63
4 21
2 73
12 79
17 69
21 94
0 58
4 74
7 29
6 98
13 32
7 29
25 77
21 58
7 18
1 38
12 34
3 71
18 6
2 49
13 4
10 86
14 10
12 34
26 16
10 15
0 74
28 96
16 42
3 21
26 88
17 46
2 21
19 9
17 65
17 36
27 96
30 49
4 30
4 9
10 94
20 42
19 46
7 75
30 71
21 77
3 6
21 68
29 17
1 75
6 69
26 57
28 41
23 52
19 84
26 98
18 23
8 74
17 17
14 64
22 32
8 49
2 17
24 47
18 97
28 68
17 98
6 22
0 52
5 29
3 80
4 11
6 62
23 46
2 99
12 80
11 99
16 27
3 28
22 87
22 60
29 76
6 83
3 21
2 99
20 57
16 52
1 13
21 3
7 13
27 74
29 60
23 24
7 12
4 1
15 96
26 6
21 34
4 62
9 12
28 83
6 97
3 6
6 24
10 73
14 26
13 73
27 59
29 80
0 19
5 4
6 4
22 24
17 11
1 97
10 80
3 60
27 99
19 50
25 79
17 16
25 95
1 4
26 21
5 24
18 68
15 5
20 56
13 18
23 52
30 21
11 30
13 89
24 95
18 54
19 52
7 98
19 26
23 77
5 91
2 61
6 65
22 73
17 3
12 47
5 80
16 5
17 33
4 8
0 72
13 88
17 29
11 8
14 11
9 4
19 72
5 78
22 95
18 34
16 46
4 39
18 1
26 31
20 50
21 64
0 82
3 11
18 59
0 88
22 17
3 78
24 53
27 45
24 49
5 49
21 96
5 83
16 50
6 4
8 83
26 4
8 87
11 91
15 72
17 12
10 68
12 56
5 15
25 43
5 14
16 50
13 59
29 61
30 35
11 19
17 59
22 57
24 86
18 33
21 76
14 27
7 39
25 95
23 45
8 42
22 58
30 77
20 96
12 47
23 85
15 67
19 16
19 14
23 31
18 95
9 53
20 12
1 76
25 99
26 68
21 12
30 54
15 31
8 100
10 45
28 45
23 55
14 59
7 49
26 64
5 30
17 58
10 12
5 79
24 72
26 59
25 16
4 47
18 15
9 35
9 98
6 64
19 9
2 6
1 2
15 15
28 43
27 45
19 49
25 45
13 46
16 100
5 10
6 36
27 9
9 13
4 10
28 33
12 67
1 65
13 92
16 36
8 89
22 92
2 46
30 95
5 19
28 42
22 92
28 60
10 98
16 22
2 30
10 67
21 45
3 58
20 60
14 3
9 11
21 71
3 8
23 49
12 96
21 33
16 33
28 55
4 93
4 34
14 95
5 92
25 67
22 65
5 92
29 61
16 25
13 18
0 55
23 37
28 96
7 92
8 41
1 62
17 30
15 17
2 95
10 77
22 94
1 21
1 39
15 58
25 18
21 68
0 72
12 25
19 30
18 55
21 59
10 70
9 61
14 21
2 87
7 49
6 67
27 29
24 20
12 87
26 10
26 95
9 71
28 82
1 41
28 27
14 20
22 64
15 15
12 40
3 3
16 49
7 3
28 67
12 81
29 9
27 97
10 48
15 1
5 77
26 49
10 45
28 88
24 45
16 77
4 73
24 9
18 45
21 79
1 54
25 86
17 38
2 12
19 16
10 1
0 43
26 99
5 36
5 11
21 49
18 18
11 59
24 62
18 65
4 78
23 86
0 23
0 87
7 6
19 92
15 29
20 51
27 99
13 12
27 100
21 50
11 11
22 36
12 67
7 81
11 64
29 45
22 91
25 16
30 51
29 83
10 17
6 93
28 83
18 5
4 69
24 55
27 65
7 63
7 11
10 6
19 66
17 80
26 85
17 74
15 32
10 59
16 60
3 50
16 36
27 47
14 87
8 42
7 76
21 25
6 17
7 50
22 54
7 31
7 26
27 83
23 20
30 80
4 29
13 79
15 73
22 42
3 49
27 15
14 23
22 47
6 88
18 36
9 17
8 42
6 67
19 17
4 16
26 79
28 87
6 79
12 43
23 42
9 43
6 85
5 20
28 42
15 97
5 46
9 81
24 43
18 75
23 29
19 15
28 52
9 96
2 43
26 74
9 19
27 18
6 90
25 59
28 74
22 8
18 2
21 70
20 22
3 34
29 91
5 100
26 8
24 73
6 22
28 75
14 30
5 64
15 10
3 33
23 92
6 73
11 37
6 97
5 41
2 70
28 49
15 48
6 18
2 7
7 20
11 31
19 11
11 51
3 78
21 8
15 27
2 53
14 22
0 45
4 34
15 54
14 41
7 97
3 68
13 58
20 36
28 63
27 87
11 33
16 54
19 62
13 43
2 95
22 42
17 6
26 85
14 100
28 60
4 57
8 92
13 54
30 97
29 74
11 90
4 88
6 88
12 65
24 74
28 47
5 43
8 21
14 23
0 12
26 57
16 60
30 5
9 48
18 39
2 14
28 89
29 54
8 27
22 46
17 82
10 60
28 46
13 76
3 38
14 35
21 32
11 84
22 82
2 93
26 10
4 4
30 94
16 1
12 81
18 34
2 65
30 4
26 35
15 96
19 30
1 82
12 69
20 92
26 79
2 64
26 98
8 53
12 63
18 49
11 68
29 89
0 66
18 37
26 29
17 65
24 1
11 86
10 64
9 18
0 25
14 85
30 99
14 65
7 3
30 76
9 83
20 25
26 84
17 50
9 31
0 78
26 89
29 36
0 47
0 81
12 81
8 24
0 3
16 17
29 6
2 100
6 68
18 17
21 53
16 5
21 39
22 10
13 9
15 78
9 64
8 17
15 64
13 77
1 70
24 89
17 39
18 3
13 2
0 94
6 95
21 99
24 96
13 39
9 83
27 2
23 93
6 59
24 63
29 86
30 22
11 93
24 7
30 99
26 15
8 13
25 37
17 73
28 16
5 15
4 3
2 79
16 1
16 23
1 85
17 89
3 60
15 75
2 12
9 65
18 16
16 57
2 11
16 18
20 50
23 77
14 81
17 65
29 81
15 50
25 73
6 71
6 76
9 38
19 62
19 41
24 6
26 52
14 93
8 3
25 15
22 41
21 81
28 20
17 16
11 46
10 86
19 31
15 98
22 26
11 35
14 30
17 22
21 68
8 51
19 55
25 17
4 2
5 86
2 57
9 11
30 91
13 58
24 16
28 82
4 92
17 58
10 22
7 14
28 91
18 6
11 74
25 16
30 45
19 38
23 73
30 37
16 32
24 50
1 47
6 37
12 39
17 15
28 100
4 6
21 51
21 96
17 97
19 38
5 5
18 56
9 38
0 14
18 73
25 26
27 79
23 61
18 15
14 90
13 80
3 40
19 11
17 11
14 93
0 33
16 75
16 61
6 33
4 100
21 23
4 28
27 4
30 13
30 50
27 55
10 15
3 30
4 57
25 31
14 31
24 34
18 63
26 64
1 61
24 22
28 9
4 84
16 81
16 89
15 8
17 4
2 82
15 38
20 29
13 74
4 68
4 59
28 46
18 52
3 73
24 74
20 89
12 12
21 89
0 13
20 64
21 67
5 69
30 86
17 29
0 53
4 96
18 89
14 43
14 6
9 69
13 85
25 6
5 86
13 61
7 46
0 58
5 18
28 65
2 75
26 93
29 34
1 11
25 51
27 57
1 5
15 48
21 15
2 60
17 78
27 75
5 27
22 15
11 9
6 64
27 38
6 16
15 97
29 37
28 86
10 59
24 17
25 11
27 58
22 98
9 12
25 20
5 44
30 50
4 84
16 71
11 72
5 52
8 82
6 84
20 87
8 99
14 6
0 52
20 32
2 95
28 44
20 12
19 24
17 74
1 45
4 6
21 13
24 6
29 99
3 77
13 74
25 22
1 41
11 30
22 64
30 45
7 82
20 80
18 23
2 14
3 1
22 8
10 58
27 58
1 7
16 33
19 22
2 23
9 84
9 22
6 11
29 93
20 39
21 16
9 58
20 61
9 51
4 57
24 73
21 34
27 53
21 8
24 86
25 53
23 62
29 74
26 96
23 17
27 74
18 25
6 38
13 41
23 31
19 30
22 25
9 56
26 42
15 26
11 20
28 6
7 81
29 40
0 51
3 79
26 20
21 52
15 13
4 39
30 48
6 41
14 83
29 84
10 31
1 90
26 91
13 87
22 37
3 23
11 55
8 6
8 5
14 49
18 38
11 73
1 3
17 80
7 78
0 61
18 55
7 93
9 43
0 64
11 11
3 29
6 79
4 28
9 30
6 7
26 80
16 94
27 26
28 15
14 68
29 40
27 89
27 100
13 20
12 62
18 77
19 46
11 51
29 6
2 75
6 52
22 9
25 78
11 9
9 61
19 49
1 61
9 67
27 96
29 81
14 35
20 61
27 91
20 78
15 60
14 2
8 75
0 52
28 64
2 79
22 48
27 81
4 26
2 2
8 67
10 62
8 47
14 57
12 75
5 77
30 91
20 65
14 81
20 26
15 42
12 15
10 42
6 34
16 52
10 83
19 41
3 82
7 62
29 63
24 86
7 83
29 90
1 44
8 66
1 37
26 83
6 24
8 82
13 65
27 77
2 63
30 46
15 42
6 27
0 35
6 67
29 27
21 2
16 1
24 41
23 50
27 12
28 72
5 81
29 82
17 85
15 21
24 66
1 64
12 39
21 63
19 93
28 21
9 47
4 21
6 3
30 28
3 34
26 56
17 47
29 63
9 95
12 54
21 40
26 45
14 8
23 26
14 4
24 29
5 58
22 60
22 91
9 11
1 82
21 32
15 42
0 38
13 59
24 22
18 16
8 62
22 71
13 59
16 24
7 93
25 62
26 94
24 90
23 38
18 29
7 59
8 32
30 21
7 41
16 28
21 67
3 34
23 89
12 31
12 60
25 85
1 68
5 35
19 2
17 75
24 82
2 67
24 13
4 3
21 87
22 18
29 88
29 50
5 78
29 94
28 79
16 97
4 38
27 17
21 57
20 78
23 68
16 96
6 72
8 47
23 10
14 28
20 40
10 35
1 15
5 85
23 20
8 18
0 84
10 37
3 12
1 82
14 73
9 35
20 27
15 14
15 28
18 61
14 8
15 48
29 100
3 5
20 90
5 68
20 78
23 48
12 7
2 6
22 79
1 56
16 11
13 36
24 96
9 11
22 100
26 22
16 16
1 40
21 39
21 48
22 40
26 36
21 36
17 53
9 53
25 7
30 34
16 78
9 46
3 84
16 12
16 4
23 11
23 37
9 75
15 7
19 2
11 78
28 69
14 28
22 82
26 70
16 29
7 95
28 40
10 15
29 86
29 13
5 49
11 10
16 14
29 76
16 62
30 68
25 36
6 15
10 56
8 24
30 33
0 20
1 82
11 58
9 64
21 39
15 91
20 23
15 38
13 89
2 80
30 17
1 86
30 4
4 83
16 12
11 67
14 42
20 69
13 76
10 49
0 98
22 21
21 38
12 25
22 49
26 40
0 14
20 68
3 94
0 2
8 7
5 40
21 52
3 6
7 95
4 89
3 33
14 85
4 6
8 55
22 13
13 57
18 61
19 71
1 38
6 8
11 38
23 61
13 13
4 48
24 6
25 33
6 59
18 76
23 77
18 14
4 58
29 82
14 21
28 69
17 73
16 68
28 4
14 54
4 44
5 27
4 65
5 2
17 98
24 49
23 93
19 21
22 88
22 2
2 6
29 3
8 90
8 29
27 32
10 46
28 83
13 77
18 46
4 46
16 86
17 92
27 32
4 38
19 100
16 73
17 63
19 97
29 67
27 43
7 36
7 19
18 18
17 9
16 45
18 29
30 8
7 36
13 6
20 29
16 54
1 3
6 35
22 71
27 1
17 59
25 44
19 85
1 81
27 100
23 1
17 43
22 61
21 46
14 87
13 41
11 9
21 92
7 36
30 75
25 58
26 89
1 43
6 4
30 63
28 41
9 13
15 38
12 83
5 66
6 91
21 83
7 65
2 20
3 69
24 31
25 21
6 43
19 87
0 11
11 19
24 23
6 91
12 75
25 1
7 20
0 21
19 88
27 47
5 60
25 41
27 68
24 20
25 39
12 13
6 63
3 39
22 76
24 73
23 86
7 54
30 92
7 28
12 92
12 65
27 44
17 40
7 22
30 50
22 48
27 50
6 7
8 89
28 35
14 84
22 89
28 93
28 91
1 27
13 59
6 94
6 53
7 92
11 46
5 86
7 27
2 33
24 7
16 7
1 94
17 53
18 34
23 52
6 98
4 84
2 25
25 28
4 64
9 44
30 7
14 19
26 77
22 70
16 13
23 45
10 27
10 7
25 48
20 42
19 49
11 71
12 45
27 25
25 100
19 13
1 20
3 60
20 33
27 41
11 41
29 7
24 81
11 62
19 18
26 10
26 30
3 38
28 37
15 95
27 52
0 65
30 72
28 16
1 67
24 58
18 7
14 46
16 13
3 24
18 100
22 46
28 62
1 46
11 22
19 23
6 1
26 79
16 50
7 2
8 40
10 94
24 36
28 40
19 80
23 89
7 6
2 93
11 10
5 97
27 84
8 21
4 45
23 6
2 10
0 82
30 56
14 88
12 22
4 1
18 93
20 5
24 26
13 27
20 23
27 33
6 73
8 32
26 99
5 32
30 56
3 20
1 36
2 61
27 47
0 38
0 87
8 51
25 94
7 67
13 39
4 24
20 18
3 66
27 100
11 43
20 92
24 38
25 33
21 60
19 84
1 43
18 24
0 60
23 3
0 55
18 54
7 20
5 99
24 57
25 87
3 98
3 41
15 30
27 96
4 77
29 92
0 56
3 64
6 94
29 59
16 18
7 54
12 36
25 42
0 100
24 15
29 42
2 39
29 99
8 8
7 40
23 92
18 66
2 89
22 7
7 3
14 96
8 53
13 2
9 61
21 66
10 93
1 60
13 67
15 91
14 50
16 4
2 78
6 5
10 95
16 53
8 34
22 22
2 73
15 50
17 39
14 59
0 3
21 6
17 49
8 47
0 71
22 90
6 75
29 95
6 50
29 22
3 63
28 76
29 53
26 5
6 80
29 69
1 21
4 95
3 35
10 62
24 23
8 51
13 76
16 11
15 38
7 4
15 94
20 83
10 27
4 52
4 29
0 19
13 3
16 20
22 93
4 75
27 84
11 46
19 79
12 82
5 16
19 12
19 67
17 8
22 96
2 49
3 59
0 93
17 23
17 82
13 68
28 7
21 73
2 46
23 55
29 20
28 27
3 57
19 72
19 66
28 64
3 15
12 18
26 48
23 16
25 62
30 31
1 25
7 16
2 57
0 42
6 35
23 38
20 20
0 57
18 86
23 52
11 64
5 96
21 92
24 79
3 43
8 87
27 13
4 69
5 15
4 35
3 1
28 42
3 70
27 27
28 70
18 87
26 11
10 48
11 69
21 52
5 23
18 40
16 46
16 64
6 92
18 66
3 35
27 73
26 43
7 16
3 94
5 95
24 76
12 22
20 61
7 75
20 100
30 52
4 67
2 81
19 12
18 13
27 34
10 78
20 76
5 71
9 63
1 87
22 17
11 7
22 82
7 41
22 61
18 84
16 97
15 23
29 3
3 4
4 25
30 41
12 79
25 42
27 68
2 85
1 20
13 14
19 6
6 15
20 90
16 12
16 63
13 75
9 86
28 65
23 33
29 65
3 28
11 19
19 74
29 100
1 37
22 22
16 77
16 29
21 13
10 8
9 23
6 67
16 25
18 33
28 65
16 88
11 21
16 67
0 31
1 92
4 26
0 89
18 8
27 88
11 91
3 41
28 85
26 98
27 15
16 4
19 37
22 75
29 22
3 87
0 97
24 19
25 83
19 56
16 10
20 45
11 52
11 22
23 66
5 31
18 19
11 92
19 35
7 50
23 53
4 23
24 65
1 20
9 47
28 94
25 22
25 16
12 10
27 5
19 28
18 68
17 46
28 21
18 75
30 48
29 25
24 54
1 47
20 97
17 23
16 68
8 48
25 28
9 50
7 56
5 90
12 53
30 6
10 80
0 14
27 34
26 95
13 94
19 5
6 33
30 79
12 42
28 56
1 64
0 48
21 44
0 24
13 8
10 62
10 87
23 60
21 51
25 89
21 62
19 56
11 99
12 42
20 33
8 30
19 33
14 86
17 66
12 67
7 55
14 78
7 59
8 81
29 33
8 15
24 83
25 85
12 93
11 20
12 54
19 72
23 95
29 42
4 14
14 82
13 26
11 30
30 7
6 6
20 71
27 74
27 56
21 40
7 78
22 6
2 29
21 51
29 27
29 97
22 58
1 47
15 53
9 41
30 60
0 87
27 12
21 67
17 65
29 75
15 36
20 45
5 79
3 79
30 95
16 75
4 24
19 9
16 27
28 92
8 2
18 5
8 32
29 52
28 98
4 70
30 8
13 79
6 90
28 2
28 90
16 97
20 90
13 63
3 26
18 65
23 95
6 70
17 3
13 17
14 21
0 33
25 49
24 8
5 86
4 50
27 55
5 39
25 52
1 55
3 32
4 33
10 91
27 68
20 99
9 76
10 49
21 94
10 77
26 98
1 97
4 90
26 85
2 97
13 5
16 98
20 93
11 74
6 36
18 78
23 9
16 59
22 29
23 79
16 61
0 18
19 19
29 72
12 27
15 67
18 94
26 27
9 99
12 89
11 83
0 28
27 36
1 69
28 60
14 35
0 18
15 44
6 87
26 33
28 42
27 88
1 10
1 50
21 38
20 91
0 3
25 37
25 4
22 52
2 8
29 75
22 62
5 21
22 30
14 60
17 38
25 10
22 76
18 28
28 100
21 85
4 32
10 94
12 74
14 9
2 5
8 97
21 13
9 65
18 69
22 70
1 75
9 53
4 71
10 97
4 29
9 19
30 76
26 68
20 53
1 9
5 34
30 43
16 20
23 15
5 54
16 100
14 27
24 94
4 32
20 1
15 43
21 47
27 92
23 58
25 88
26 25
24 53
24 87
17 52
5 15
28 41
10 55
4 2
28 89
5 98
10 64
16 28
19 82
2 42
17 4
29 70
18 11
24 38
24 66
6 41
20 49
5 65
9 44
9 22
28 7
25 96
11 54
11 4
14 7
24 84
19 67
2 22
0 33
4 68
0 99
22 15
11 89
14 68
14 98
18 66
21 20
26 47
21 21
28 18
28 92
13 13
17 52
29 72
11 24
14 80
25 11
15 52
21 85
21 6
11 29
21 63
25 30
22 5
6 29
17 56
3 70
12 76
3 43
4 38
12 66
24 37
9 27
25 47
18 22
17 46
12 100
1 41
22 58
22 62
18 78
30 57
26 32
14 98
2 30
13 1
0 14
15 25
9 11
20 11
10 32
12 99
26 74
22 77
20 65
4 24
20 34
16 80
3 79
3 46
28 7
25 71
30 95
25 16
14 15
21 48
28 65
22 70
14 78
4 57
28 76
7 41
17 98
17 95
13 38
13 51
27 22
21 99
11 14
13 12
26 16
12 30
5 25
25 44
6 26
8 3
22 23
29 37
28 55
23 80
22 62
8 11
23 96
12 37
26 95
28 62
1 16
9 42
18 37
4 11
2 50
3 98
11 13
13 38
9 25
17 74
14 8
29 70
7 47
6 12
25 26
2 91
26 18
20 81
9 47
30 36
12 68
22 22
5 5
24 6
23 58
24 17
6 4
5 13
24 24
20 79
2 62
7 11
25 20
7 93
29 4
23 52
20 17
30 36
27 3
14 50
2 49
12 15
0 72
23 7
29 89
17 80
9 41
25 92
11 51
12 87
4 36
7 55
20 41
29 21
2 21
23 41
13 38
14 31
22 33
16 92
26 50
3 2
21 12
1 49
10 26
3 6
28 80
15 29
29 55
28 87
3 48
20 28
9 31
9 46
18 24
12 76
19 1
2 92
19 5
6 34
25 34
12 19
9 46
1 65
0 64
16 8
8 57
3 70
25 39
23 5
15 4
28 47
29 59
6 41
17 48
4 16
7 95
8 57
26 64
20 46
7 43
18 15
20 62
1 81
27 72
0 86
29 89
21 66
25 25
30 19
19 38
4 4
28 36
17 61
20 18
25 21
3 90
3 17
11 72
29 70
2 60
28 7
1 20
30 84
26 97
8 86
23 12
9 34
26 19
15 96
1 25
14 93
2 81
16 72
6 47
26 88
20 52
13 87
22 79
24 100
29 72
0 84
30 9
13 4
12 53
11 65
20 39
3 61
6 2
11 55
28 37
24 52
14 89
11 10
25 95
10 56
24 96
23 59
25 85
24 25
3 24
26 15
25 98
9 57
29 100
19 63
9 18
14 99
2 77
12 12
12 34
7 91
28 4
28 25
6 61
21 75
5 64
15 85
8 8
2 85
6 58
3 79
30 53
12 16
12 73
26 37
30 1
22 99
21 52
29 73
10 10
2 23
23 97
4 46
25 34
5 42
25 2
3 58
8 81
12 84
13 22
17 39
23 33
13 50
8 7
26 37
26 33
16 72
28 31
1 61
27 27
25 99
26 48
7 29
19 87
6 75
22 71
11 75
25 41
27 37
29 65
19 56
24 71
26 1
4 48
15 91
26 41
7 45
9 8
4 54
20 40
2 29
16 81
4 25
15 93
7 38
6 89
5 16
6 28
11 75
15 92
3 12
27 69
6 9
23 49
16 3
6 10
4 14
23 12
9 63
17 75
16 26
18 91
15 42
17 37
18 95
4 98
5 62
13 84
26 83
25 22
7 18
1 81
26 66
3 57
8 43
22 19
11 7
14 12
4 84
9 88
7 72
25 28
19 24
26 30
21 62
23 76
22 78
30 80
7 91
21 83
10 34
7 95
23 95
26 49
6 2
15 88
17 62
26 9
0 94
2 52
12 89
22 44
2 73
13 8
13 52
20 3
5 19
23 20
19 6
2 46
2 79
18 14
6 15
6 66
10 74
26 76
15 59
18 24
12 43
1 86
10 82
23 43
17 31
15 80
28 45
13 81
13 76
2 37
2 100
3 55
14 98
25 86
24 65
16 8
19 86
28 27
19 9
0 17
21 41
29 19
26 17
1 7
5 33
3 47
22 57
18 37
6 38
17 10
14 64
29 67
26 76
17 3
20 38
19 52
9 69
15 25
8 8
5 17
16 73
8 36
4 15
7 43
2 48
11 83
28 12
13 59
20 38
7 40
21 28
2 51
3 72
9 39
29 42
13 43
17 11
27 60
21 1
22 15
23 28
22 97
9 45
20 52
21 94
16 35
22 63
20 44
10 62
19 55
12 20
17 93
12 68
10 40
2 79
25 11
5 35
22 93
21 73
17 17
24 77
30 86
7 23
4 40
8 60
30 13
26 26
5 95
15 91
19 51
29 21
18 95
24 83
27 67
19 36
9 44
14 55
12 37
27 91
10 100
17 42
6 23
12 18
15 33
6 36
25 76
30 76
28 83
4 45
25 46
10 75
16 6
18 77
21 79
19 72
1 35
16 19
21 84
0 57
28 64
29 5
14 8
7 20
7 34
12 75
13 74
18 31
7 78
29 86
15 35
27 99
29 18
29 7
25 77
30 14
0 74
15 3
29 50
7 79
28 94
0 70
15 31
14 89
27 30
3 27
20 33
16 88
3 71
15 88
20 72
1 45
8 75
30 73
27 7
14 52
17 6
14 60
25 64
26 67
21 44
16 35
24 91
16 85
1 65
20 94
17 33
21 5
12 92
7 73
30 88
7 44
26 77
15 77
15 81
8 16
18 42
15 22
21 66
2 61
12 14
28 85
25 38
19 22
14 69
23 32
7 21
30 28
22 72
11 87
4 66
16 27
27 28
17 22
14 98
21 98
24 26
13 35
21 66
28 80
14 91
23 100
2 96
4 79
20 91
20 12
20 72
16 8
1 78
22 31
8 36
10 69
23 34
10 56
7 75
27 100
2 10
16 52
5 6
24 31
16 67
13 74
5 11
25 65
0 89
19 57
9 91
23 61
16 56
19 30
15 70
7 84
0 26
11 38
9 27
6 73
29 16
19 57
25 22
11 68
0 70
28 97
6 11
9 81
21 30
19 73
17 35
6 36
7 55
5 48
18 85
1 30
25 89
12 2
15 39
23 74
30 57
29 7
26 58
10 34
17 46
14 97
0 53
8 38
29 32
19 76
6 6
5 49
13 48
24 89
1 66
27 42
7 41
9 15
2 41
3 43
10 9
4 24
22 14
1 82
29 40
6 40
20 76
16 52
10 36
8 74
13 63
23 22
7 19
25 62
23 82
18 39
27 41
23 26
16 86
10 77
3 13
7 42
2 35
5 39
8 65
11 49
22 44
10 8
13 1
27 88
24 48
25 81
1 71
30 42
10 65
18 38
5 42
8 45
30 87
29 42
12 38
7 32
24 89
11 62
30 7
16 32
25 64
4 33
18 48
2 83
19 78
26 56
13 43
30 96
5 22
18 47
24 87
0 53
8 24
4 71
17 40
5 24
4 48
22 80
6 9
13 13
27 76
22 54
11 17
6 37
21 22
20 93
25 67
11 29
26 3
30 47
8 59
2 12
19 73
27 78
29 17
30 9
5 93
2 88
10 56
16 30
11 14
29 42
16 31
3 88
22 5
28 20
15 5
22 71
12 82
25 54
3 85
8 23
9 8
6 83
11 86
2 93
19 91
29 88
29 53
18 94
19 70
8 92
18 26
24 12
8 6
10 73
20 84
5 66
5 66
28 7
3 45
11 52
30 37
2 42
10 19
27 66
21 33
22 42
15 46
29 8
27 49
0 65
21 31
18 13
16 27
0 24
9 93
5 44
28 21
18 67
18 26
8 64
28 17
20 76
3 56
20 72
0 34
4 64
12 73
1 78
11 59
20 55
25 27
2 7
19 22
24 21
28 42
9 93
19 60
16 76
6 68
23 22
20 39
29 88
30 16
29 97
29 43
15 4
23 87
15 84
5 88
18 36
9 62
22 16
24 69
11 61
23 23
11 83
27 94
14 23
6 8
15 29
30 85
19 50
25 6
18 26
30 10
16 65
29 87
21 58
14 27
28 98
10 62
28 82
8 26
28 8
17 13
10 19
17 58
6 50
16 90
23 28
1 45
6 72
26 12
0 88
27 4
29 56
13 88
1 1
2 9
3 61
24 33
23 91
17 66
19 66
26 29
15 27
22 30
6 12
18 49
25 97
10 55
3 44
3 42
1 8
16 46
1 79
2 88
5 75
16 96
5 48
21 54
20 68
5 71
28 26
19 83
23 86
8 86
29 67
19 26
11 47
30 96
21 32
28 36
29 16
3 72
11 57
11 11
11 33
8 16
0 15
25 31
20 70
2 14
15 28
4 12
29 68
11 63
6 29
4 100
5 93
10 38
9 76
29 32
0 24
8 77
29 88
25 37
22 8
19 68
4 98
0 78
5 75
23 85
3 49
13 61
14 37
20 75
25 97
3 56
28 89
8 44
21 93
1 95
11 68
12 70
22 31
0 33
15 82
11 81
29 22
15 55
25 81
11 53
8 21
0 92
30 36
21 98
12 94
5 19
29 100
11 18
6 98
13 73
22 62
23 71
17 66
27 6
21 30
7 92
24 6
7 53
15 57
30 39
11 2
1 14
27 18
27 62
15 78
20 24
14 42
6 52
4 79
25 42
11 19
22 24
27 92
12 49
13 56
13 40
25 47
10 50
3 90
22 70
13 53
24 10
2 50
6 98
21 62
11 31
20 2
0 62
23 93
15 76
23 10
24 28
4 75
4 18
25 90
28 44
3 11
6 19
17 51
19 88
1 92
6 51
28 81
6 8
17 16
28 15
9 11
14 96
8 26
1 22
9 10
6 70
11 38
24 76
9 77
9 66
14 68
8 80
25 6
20 87
6 81
13 59
1 60
27 1
21 84
28 80
16 95
20 77
24 87
17 28
27 74
10 51
9 39
23 70
25 69
9 85
23 85
8 76
27 87
30 65
6 92
16 8
4 38
12 97
2 85
3 82
3 69
24 63
2 54
8 61
0 66
9 7
13 25
1 80
23 86
12 51
22 26
18 7
3 29
4 90
24 54
21 75
11 66
28 28
1 64
10 19
1 37
13 79
7 54
16 55
22 47
26 67
7 13
27 89
24 5
23 41
28 42
13 40
17 64
2 57
8 63
0 32
1 45
20 95
19 31
17 2
13 94
14 45
28 93
22 77
27 50
29 60
24 63
27 41
19 81
27 57
28 10
5 84
2 30
22 5
26 3
16 42
23 88
8 96
10 37
13 46
28 89
5 77
7 81
8 4
3 33
24 87
3 33
16 58
1 31
3 29
8 71
12 3
24 9
0 94
8 47
22 15
1 68
17 91
25 34
27 53
10 34
19 7
24 98
21 86
17 7
4 76
3 96
1 51
23 18
4 2
11 88
20 2
24 3
16 99
28 91
3 96
20 58
2 77
18 88
17 53
3 70
4 29
19 9
17 79
1 83
8 46
9 25
1 23
4 92
4 41
30 82
18 26
17 45
13 12
28 95
29 46
24 82
16 100
22 46
27 11
9 22
28 16
29 44
8 42
1 48
7 50
24 50
2 70
23 79
19 65
13 23
12 28
28 93
28 70
30 47
18 75
24 49
22 6
15 99
17 23
14 53
30 92
8 99
29 82
0 43
28 38
7 86
30 44
18 66
4 32
2 1
16 59
6 12
27 70
2 10
14 32
3 71
25 17
14 39
30 56
28 36
28 87
9 47
5 31
9 59
30 27
22 59
0 63
0 9
28 4
8 37
30 14
9 10
13 19
13 89
3 27
14 4
8 4
17 41
15 78
16 32
17 92
30 28
27 87
0 92
28 44
15 2
30 10
15 26
25 99
1 82
30 63
25 28
10 98
13 39
13 12
11 68
2 4
11 82
28 80
28 81
9 76
3 29
11 66
2 69
1 14
25 5
1 84
24 9
7 67
19 6
4 59
7 9
12 31
29 97
30 76
19 32
6 11
28 22
25 5
21 98
25 86
30 88
15 58
18 79
12 54
22 53
6 7
8 31
24 70
26 5
5 42
13 39
9 43
26 69
23 32
25 7
11 8
15 35
11 81
3 19
11 86
25 9
17 86
28 8
4 70
27 7
14 65
4 45
20 7
7 35
17 88
7 30
18 24
8 86
18 19
2 37
10 70
18 13
1 76
27 45
14 68
18 3
17 67
8 1
7 64
24 10
16 21
21 30
5 32
0 100
7 66
23 9
9 37
17 53
13 6
20 95
18 82
15 22
15 52
24 26
28 18
11 89
25 63
13 29
22 66
4 26
24 83
14 47
6 26
10 41
13 19
4 2
16 87
15 82
8 28
28 70
23 25
27 65
4 14
16 21
20 88
12 42
17 7
30 84
16 31
25 58
25 94
1 100
26 52
6 89
2 95
19 9
19 7
21 83
2 7
6 10
6 32
26 62
17 8
24 53
24 94
22 94
29 59
25 92
20 52
14 54
28 59
28 93
12 5
7 86
5 38
9 47
16 71
0 79
8 11
11 77
5 60
6 22
30 30
26 34
12 40
3 67
20 75
30 62
14 61
15 41
3 73
11 79
6 66
26 73
19 100
23 29
17 15
18 44
24 78
8 30
4 93
11 33
26 7
21 98
6 39
24 70
20 69
10 23
11 16
4 93
27 77
9 53
20 1
24 33
8 26
0 2
12 5
23 45
19 97
25 21
1 18
14 79
11 7
0 12
19 75
9 90
8 75
15 52
3 68
8 64
11 29
8 30
15 74
10 5
2 26
29 51
27 96
25 51
27 64
9 56
9 11
30 4
14 40
5 36
2 40
17 87
4 46
25 49
12 82
23 42
6 15
17 24
19 94
11 88
29 14
23 20
29 85
17 1
18 55
25 27
26 83
14 40
9 18
16 66
13 55
16 59
12 95
5 34
29 17
30 38
28 81
9 20
10 73
23 14
10 16
18 55
2 11
16 15
27 25
9 54
3 53
26 89
23 62
4 22
15 57
27 6
10 34
2 21
10 87
9 36
14 91
23 34
8 89
22 30
27 24
25 38
18 37
18 51
3 8
28 29
12 63
1 80
11 77
20 57
21 6
3 43
28 6
14 94
30 27
3 62
3 56
30 81
0 43
10 44
2 56
0 92
12 11
17 6
9 94
19 83
4 8
28 86
29 98
22 86
30 35
13 26
2 69
19 37
18 3
19 58
29 70
3 49
5 92
13 90
12 4
13 96
7 4
12 46
26 81
11 91
7 64
17 83
28 91
23 54
22 81
8 78
11 28
15 28
5 15
9 75
8 88
29 38
28 97
29 94
8 67
22 19
8 24
10 80
3 61
29 8
23 54
27 80
11 51
12 3
21 74
19 51
26 90
3 47
7 86
21 92
10 16
21 53
11 95
15 99
21 15
29 39
12 76
12 13
15 64
25 28
4 13
25 46
15 50
29 34
5 2
3 70
3 17
24 41
14 58
22 2
26 66
29 17
12 28
29 14
15 93
15 97
15 31
4 48
14 21
30 73
13 36
2 38
1 70
11 61
4 56
26 77
17 99
25 24
7 95
19 66
12 86
17 63
15 35
21 8
16 66
19 43
13 38
12 24
4 9
30 93
15 59
28 37
19 65
3 97
18 54
19 31
4 49
10 95
13 75
6 49
1 86
22 9
2 71
9 66
30 75
7 73
15 66
7 20
3 98
10 99
24 25
17 91
10 10
13 32
9 10
23 80
4 51
15 57
13 43
16 67
23 89
1 25
27 69
17 59
9 7
30 32
1 10
4 29
0 100
2 19
13 77
19 98
13 72
1 78
1 97
25 9
28 77
14 2
11 53
30 68
14 23
30 58
4 73
21 13
28 97
3 46
10 43
25 81
19 28
9 68
26 94
18 20
7 7
25 8
16 98
14 72
25 92
29 34
18 82
29 39
6 11
1 100
23 68
22 19
29 35
15 27
28 51
7 17
15 58
19 73
16 2
17 57
30 45
27 48
7 26
25 69
3 81
23 76
4 97
16 49
4 77
5 42
10 23
19 55
5 64
2 94
0 16
16 1
1 34
0 79
2 21
29 50
3 50
30 79
16 83
4 70
28 72
4 33
30 45
16 58
27 47
21 68
18 53
18 26
6 79
16 46
3 57
18 26
22 62
29 41
0 22
3 38
24 10
22 40
18 11
24 65
10 69
17 46
9 28
9 72
19 15
4 25
6 91
7 21
5 67
0 2
25 31
29 12
11 9
12 55
0 58
13 32
17 47
14 27
1 8
16 2
14 57
19 38
9 79
15 23
14 6
24 90
1 53
27 39
20 55
19 62
14 40
1 100
27 97
27 85
29 67
5 41
11 66
28 88
15 48
10 87
16 81
14 33
15 9
10 91
6 63
19 73
21 18
23 100
9 66
16 42
12 1
18 85
29 58
25 81
7 83
28 27
16 56
8 85
19 62
14 57
16 14
1 96
0 41
7 65
7 90
26 88
6 70
0 33
15 48
10 58
24 60
7 4
19 56
15 24
27 55
19 59
25 66
30 44
22 94
19 5
23 67
19 78
4 85
6 30
23 69
18 29
6 100
2 66
11 77
22 63
4 22
24 63
14 36
4 33
23 45
5 81
23 79
9 25
13 86
2 12
5 28
4 57
2 100
24 73
10 41
26 70
11 92
14 59
3 7
0 95
21 8
1 44
23 36
5 30
21 25
7 1
4 11
28 80
4 91
14 36
20 69
2 95
20 28
18 99
28 90
9 100
24 33
13 79
12 21
1 94
17 30
9 71
29 47
28 82
13 67
30 65
4 37
29 81
22 52
8 75
18 9
22 6
26 29
14 18
12 45
9 64
12 76
3 35
20 44
9 79
4 4
14 74
22 89
1 8
1 91
2 44
7 65
22 24
6 72
7 31
8 68
15 20
12 49
4 77
24 59
9 37
9 84
29 10
5 90
6 21
17 77
2 23
19 29
7 63
20 99
0 62
0 64
5 70
9 21
15 67
28 82
3 99
11 2
0 93
6 7
12 40
6 64
22 24
22 60
21 60
20 43
28 17
30 63
16 67
30 93
17 70
0 58
4 30
4 65
10 70
10 74
14 29
12 25
0 61
27 69
24 33
18 37
28 37
18 17
29 98
18 9
2 20
11 69
13 36
27 38
14 7
18 70
19 73
26 78
14 90
25 70
29 48
2 64
3 66
0 69
1 37
20 21
28 78
2 43
9 37
1 44
30 3
11 36
6 33
0 44
2 24
2 13
21 62
23 5
11 4
14 13
16 54
5 77
28 44
21 33
22 43
29 87
8 72
20 22
6 50
20 69
0 4
15 89
13 16
29 29
18 21
13 85
0 78
20 84
7 56
3 52
29 89
22 22
6 92
14 75
7 57
24 86
20 43
21 40
17 35
23 90
21 4
13 90
13 41
18 34
4 28
23 49
25 13
26 86
28 81
5 72
22 6
14 2
3 3
25 52
30 76
12 4
18 82
1 44
9 96
27 87
18 9
8 84
21 22
24 40
6 24
30 10
12 1
15 96
0 82
0 64
26 48
19 45
21 8
25 10
1 6
12 58
10 91
27 49
4 88
10 57
8 36
21 63
5 84
14 8
7 68
11 100
23 36
18 46
30 32
3 93
15 70
4 60
14 73
6 7
3 38
24 19
22 8
12 50
13 11
20 51
9 28
4 93
3 5
30 46
22 86
5 77
4 17
9 92
28 90
3 38
20 48
26 30
25 58
6 82
2 86
29 14
17 28
1 11
28 55
19 3
12 16
19 79
25 78
18 94
23 23
10 27
14 47
14 81
23 61
26 35
0 70
8 13
9 51
11 34
26 78
16 65
12 44
6 94
17 26
6 88
22 83
14 72
17 60
22 6
26 75
28 96
14 93
16 100
29 18
21 64
24 72
5 32
29 48
28 3
8 40
7 52
27 73
29 8
8 49
5 53
25 56
26 89
12 5
8 64
12 58
24 22
28 60
2 60
15 70
1 4
24 48
4 12
5 37
5 16
25 92
5 84
29 66
0 97
20 53
11 25
23 86
14 25
25 53
21 43
24 33
26 58
21 80
12 74
28 82
17 74
22 51
18 73
4 46
30 97
20 52
20 98
27 58
27 88
6 14
5 91
26 45
21 71
23 76
12 47
18 27
11 42
16 55
22 89
3 2
0 60
17 39
20 92
15 44
5 92
11 52
25 48
7 16
9 42
6 37
8 83
23 96
16 15
3 5
8 19
12 89
2 94
30 66
25 7
27 52
20 77
28 96
29 8
16 31
30 79
4 18
28 53
20 27
28 88
26 15
15 3
20 19
17 82
21 12
26 41
25 40
10 99
29 26
8 56
22 56
2 35
10 24
21 55
24 52
28 60
29 53
27 66
24 70
16 19
26 54
16 5
2 44
26 53
16 2
27 28
28 52
6 34
4 48
2 36
29 35
11 13
10 81
14 13
9 94
3 99
17 83
0 20
16 54
5 83
30 7
17 10
25 46
12 95
19 34
9 72
22 6
6 33
25 26
10 65
12 61
14 40
18 38
22 68
15 31
10 1
5 20
27 47
24 42
12 67
10 88
8 90
8 17
30 22
30 21
26 99
28 1
25 51
9 69
1 61
27 52
11 89
20 85
21 23
7 32
20 32
11 36
23 68
30 53
8 45
16 20
5 38
14 11
20 98
18 61
25 11
25 54
26 7
0 50
2 66
8 16
10 91
21 23
6 75
27 90
19 53
17 40
9 54
30 21
26 79
11 54
29 37
26 67
27 51
13 91
7 98
24 4
14 9
14 50
5 97
1 58
24 11
28 62
17 25
26 6
9 12
11 4
3 74
0 20
15 73
15 53
25 53
24 81
30 43
8 29
12 100
21 21
9 46
27 98
26 97
25 20
0 84
18 60
7 91
27 72
21 59
22 27
4 93
14 64
24 83
15 79
10 61
16 96
19 39
5 91
2 47
20 65
17 5
17 29
18 23
2 28
6 45
17 11
4 55
0 27
12 11
0 73
19 41
21 86
30 76
3 51
4 43
29 45
5 45
27 50
4 39
1 44
19 56
26 5
4 26
29 36
18 100
20 34
3 83
19 97
17 19
25 35
4 83
26 54
30 45
15 20
23 85
0 6
13 56
24 46
15 67
25 59
7 75
28 38
9 71
16 58
2 7
29 22
21 2
1 86
26 74
22 60
11 19
0 26
8 98
4 85
16 91
13 51
5 35
7 95
19 34
10 29
30 35
5 71
30 15
24 73
30 22
20 6
25 79
4 28
8 50
11 9
12 40
18 68
16 26
19 92
14 79
23 92
6 33
7 39
28 89
27 18
12 88
23 32
27 42
6 42
9 38
24 3
5 48
7 76
11 21
2 62
7 30
9 25
16 67
3 66
21 96
1 3
14 11
28 18
18 72
23 39
5 51
22 56
5 41
9 10
25 64
13 8
0 60
15 23
27 77
6 55
26 78
26 4
1 44
16 51
6 35
5 18
10 77
11 13
25 47
7 1
13 90
26 51
23 14
14 14
12 64
30 70
13 4
19 81
25 40
5 85
14 69
19 84
8 60
8 23
8 91
30 67
10 98
3 26
12 17
0 2
27 54
7 70
6 93
23 59
30 61
13 97
27 24
25 20
1 76
2 84
20 67
23 12
21 95
14 98
27 40
3 88
17 40
29 31
26 2
3 29
8 99
27 36
11 18
18 27
9 63
23 87
6 74
13 55
29 87
27 75
3 69
10 46
19 77
4 29
19 71
5 26
10 24
23 94
19 4
2 40
12 20
17 17
23 22
30 9
19 4
11 70
13 61
30 44
4 84
17 97
17 15
12 25
3 75
7 35
17 40
28 5
26 17
13 11
23 92
11 82
22 47
0 6
23 92
25 78
29 5
21 35
27 75
8 47
24 100
22 100
11 71
5 75
8 5
29 7
23 90
3 75
30 86
22 20
28 36
8 56
5 11
8 46
18 95
18 59
28 69
4 49
25 68
23 38
7 85
28 97
24 37
14 35
12 76
19 26
10 9
19 68
5 37
13 25
4 96
12 17
26 34
23 98
14 66
28 12
24 62
30 49
11 29
14 73
15 6
23 65
1 64
19 27
0 49
19 82
4 18
30 68
24 40
12 43
20 4
12 72
26 98
1 37
14 1
1 35
0 9
5 66
22 45
4 21
17 17
20 33
30 68
27 72
8 9
22 17
26 52
29 88
2 47
19 57
27 19
28 26
20 82
3 35
14 12
3 29
4 70
13 34
13 57
8 64
25 7
26 76
22 68
25 74
17 67
0 52
15 18
29 30
8 72
4 37
22 33
26 49
16 25
3 26
19 96
20 41
28 7
15 62
23 41
29 88
18 24
16 71
23 82
26 58
9 66
20 94
21 39
4 100
8 19
16 97
28 74
26 99
28 57
22 75
14 42
24 19
12 93
22 30
20 82
10 70
10 64
26 79
13 7
25 40
26 90
20 31
10 60
21 75
0 58
5 50
0 66
14 24
28 77
26 94
0 24
8 65
4 41
30 95
17 39
7 41
5 1
6 20
1 77
2 11
7 98
20 45
7 64
11 44
5 64
12 25
9 34
19 61
16 22
16 19
14 94
13 30
17 99
22 38
8 15
14 35
21 16
26 28
7 89
25 87
24 39
13 44
13 40
19 100
7 50
2 85
4 3
10 71
3 45
12 23
26 57
23 37
1 11
7 97
27 98
21 50
7 12
4 45
21 22
18 76
13 40
11 30
16 72
10 43
30 19
6 39
18 46
18 51
13 63
1 87
2 47
6 72
11 19
19 4
10 66
13 26
25 16
9 77
27 44
30 59
13 33
1 58
18 91
22 75
13 100
19 36
11 11
20 49
27 73
7 10
14 26
20 33
14 31
10 94
21 47
25 19
4 60
2 62
12 56
28 17
1 26
29 83
17 87
20 13
21 48
7 95
0 71
29 58
21 79
7 70
15 53
18 72
28 56
24 85
1 57
19 13
13 11
18 72
12 52
24 53
27 90
4 67
15 17
16 4
9 30
6 22
30 37
5 55
9 41
19 60
5 18
4 96
28 23
15 29
28 10
5 41
3 84
13 78
1 23
5 47
20 76
13 45
18 58
21 36
20 19
29 88
1 41
0 6
7 84
3 21
13 20
4 11
29 52
3 55
22 8
3 51
22 22
10 71
15 88
16 79
18 63
22 10
2 70
16 65
7 59
10 20
0 63
0 5
16 19
13 20
15 89
10 57
28 87
2 77
19 18
16 81
16 45
3 72
23 51
16 26
15 25
23 37
23 15
5 66
5 88
13 3
22 47
7 40
27 27
27 26
11 39
8 84
15 70
24 30
18 11
6 5
10 1
15 91
26 32
6 42
12 37
19 26
8 28
14 97
13 79
26 93
15 31
8 83
6 17
8 64
29 11
24 74
23 33
9 26
26 44
2 51
13 31
1 73
27 6
12 96
0 66
1 76
30 89
20 66
24 37
7 26
20 30
15 31
8 50
7 93
27 98
30 71
25 63
18 43
7 17
5 50
7 32
12 53
29 62
19 89
17 61
8 9
27 84
12 7
22 92
26 35
6 22
12 14
22 17
0 98
16 68
24 77
9 45
14 56
24 48
12 73
28 68
28 75
17 21
29 43
4 28
18 9
9 39
16 8
16 3
29 70
6 38
20 8
17 55
15 80
28 34
10 84
7 65
29 98
5 40
22 1
5 58
15 86
9 68
28 81
13 5
17 17
23 44
20 82
10 89
0 28
30 42
0 51
22 45
24 13
26 35
15 84
22 65
15 50
22 88
27 60
12 37
18 59
23 60
28 17
20 89
19 56
9 43
0 12
13 23
9 78
15 31
27 62
5 72
5 51
20 90
11 10
14 20
7 77
24 59
22 10
29 18
5 40
3 81
15 99
1 56
28 69
23 88
17 31
19 50
8 58
19 61
14 37
27 13
14 66
19 17
25 24
1 39
20 11
27 88
6 17
10 53
8 58
30 69
25 59
28 49
4 13
27 24
14 29
25 52
22 2
21 76
5 31
7 44
12 58
25 68
4 16
1 80
16 48
2 31
7 30
29 78
16 79
1 26
15 63
18 44
14 27
12 5
4 15
20 2
27 3
10 12
23 75
13 77
4 73
15 93
16 96
28 75
1 28
16 84
29 42
11 84
12 13
13 25
10 19
29 18
22 39
13 53
5 37
24 33
9 16
16 14
20 44
8 23
30 31
17 1
24 55
11 84
10 43
3 39
16 74
27 1
11 25
18 55
26 19
10 69
22 27
23 91
15 93
14 8
24 93
30 76
11 56
2 96
27 60
23 57
6 40
26 38
23 78
24 32
24 37
20 95
6 68
0 11
14 3
20 37
19 72
26 29
7 24
19 82
3 7
29 96
12 85
30 79
12 38
16 100
14 61
30 7
12 84
19 64
8 12
15 64
28 90
3 44
9 18
20 84
14 30
23 17
20 72
4 31
16 94
19 98
8 91
11 4
25 51
0 45
14 6
2 3
1 30
22 55
16 30
7 13
5 72
11 57
9 54
20 14
4 84
22 56
23 79
11 61
30 61
16 14
10 56
24 27
17 78
9 39
9 28
24 25
8 8
10 32
9 30
0 92
13 78
27 89
9 47
10 89
24 36
26 28
5 72
13 64
2 73
11 70
5 14
4 27
24 41
0 34
9 95
23 75
17 58
30 98
7 67
14 72
8 85
2 69
26 57
30 44
7 78
21 51
21 59
26 34
14 90
16 63
30 2
26 80
19 29
11 62
27 81
25 8
28 44
25 29
10 23
15 96
28 94
29 74
25 24
18 90
19 64
12 65
22 59
16 22
23 75
27 70
6 69
10 6
9 76
17 69
5 48
14 53
10 93
14 100
21 87
18 84
8 9
5 5
19 67
7 53
15 62
20 29
21 26
7 45
28 65
23 99
5 18
3 24
15 25
1 87
19 25
28 35
2 7
20 86
2 58
8 24
2 6
24 13
9 96
5 2
1 31
9 58
12 21
8 73
27 66
25 65
28 68
6 36
26 50
4 28
16 62
12 84
27 4
5 71
8 100
18 15
27 25
16 74
9 96
0 95
14 74
5 36
10 18
7 37
30 58
3 67
26 84
4 85
29 9
6 57
15 37
8 67
4 88
30 3
14 80
25 50
29 45
26 37
12 31
25 96
3 54
13 42
15 50
16 2
8 60
9 78
13 59
17 91
4 1
7 85
2 68
5 92
13 71
11 3
0 28
9 35
10 9
10 48
17 24
15 91
15 6
1 35
29 81
0 59
21 44
3 51
26 33
2 72
22 35
10 88
11 66
11 8
13 13
19 12
25 47
3 97
18 72
2 86
19 80
27 6
18 85
25 19
24 99
24 18
16 64
28 84
12 99
25 46
3 29
13 58
8 41
7 64
5 32
26 76
20 33
24 68
20 73
14 90
13 51
3 70
2 78
29 81
28 15
18 84
8 22
22 30
30 27
21 7
4 60
25 24
29 70
8 40
21 25
21 9
11 48
29 91
21 79
30 86
5 36
15 5
9 38
1 94
5 56
25 80
23 93
18 28
16 60
30 100
30 40
2 66
8 94
24 5
26 66
2 58
17 52
20 45
10 25
13 62
17 53
1 2
15 41
25 44
5 90
18 3
21 34
21 89
2 33
15 63
29 44
26 51
22 57
9 65
28 34
19 3
10 19
20 75
18 95
16 10
5 18
21 63
6 100
5 59
5 69
1 53
3 97
7 24
12 94
24 38
14 37
8 65
18 35
26 9
25 99
19 32
9 37
27 90
30 83
20 24
13 80
5 24
14 27
15 84
10 76
2 50
8 51
11 53
28 18
13 51
12 76
2 29
30 77
18 92
7 93
5 98
15 62
28 34
14 69
27 24
2 88
3 45
22 59
6 12
3 90
17 72
18 97
28 57
19 22
13 94
30 10
27 16
28 99
8 71
9 76
22 47
20 78
5 51
11 84
23 94
20 57
13 35
25 81
28 39
29 88
18 22
30 90
19 41
6 78
9 37
11 68
21 94
18 65
17 100
22 1
5 4
25 86
6 44
0 12
30 97
29 80
29 92
7 56
24 47
21 48
4 31
30 59
3 12
23 6
26 70
14 40
15 23
4 61
18 4
2 2
15 97
3 99
24 1
0 44
0 55
3 6
29 68
17 6
21 48
21 6
20 67
4 57
17 66
20 67
20 80
20 11
10 39
30 40
29 32
14 6
15 10
13 30
17 27
4 9
13 5
2 96
27 89
19 79
13 85
8 22
24 65
16 97
12 41
14 3
0 83
6 25
4 27
2 16
3 67
25 21
9 6
28 11
16 53
3 51
17 57
11 11
22 95
11 99
3 75
16 91
13 98
15 68
11 5
10 40
29 80
3 18
1 42
1 62
25 56
7 43
17 99
27 57
5 100
16 22
29 95
28 92
23 39
26 60
30 89
9 82
7 27
17 83
13 72
27 79
5 1
30 97
22 47
10 69
25 96
10 24
8 57
9 7
0 15
10 64
27 65
25 58
8 28
2 25
1 13
7 40
26 29
15 5
10 69
26 36
28 65
28 15
5 1
6 91
21 86
13 69
12 34
22 92
26 92
12 30
2 21
22 87
10 21
9 44
28 54
2 72
27 18
6 70
16 6
7 93
14 10
21 5
17 91
27 85
27 55
21 60
30 76
27 41
20 65
28 48
20 13
5 14
29 95
18 95
24 15
19 58
4 61
21 69
1 44
20 15
14 97
27 25
1 92
28 22
0 96
5 55
30 5
7 71
17 7
3 35
25 54
9 92
1 24
2 78
15 83
24 80
30 14
14 22
24 90
13 76
6 77
1 76
22 73
17 43
29 8
18 59
13 69
7 15
0 89
27 86
29 11
27 29
10 86
29 78
23 26
4 68
0 27
9 36
29 69
19 28
19 40
30 12
1 8
29 79
2 96
9 30
25 94
12 4
26 71
27 59
30 60
24 42
5 66
7 36
5 31
6 82
7 74
6 9
20 16
21 60
21 23
5 27
14 21
24 94
9 80
5 41
11 45
7 88
9 34
23 82
15 96
18 75
19 93
16 66
25 89
23 99
8 17
11 84
18 8
13 23
10 17
18 68
1 53
6 91
22 74
12 83
29 50
26 53
30 43
7 93
15 58
21 65
25 94
6 33
21 31
27 60
22 84
0 78
5 96
18 91
21 99
23 33
7 41
16 21
8 71
3 75
13 9
20 29
18 29
6 3
23 17
6 20
1 25
16 31
29 47
18 20
7 29
4 77
29 69
10 79
16 23
17 75
2 29
28 86
9 47
4 99
24 97
19 98
9 16
23 98
25 17
29 98
13 6
29 91
17 100
14 78
6 14
30 84
1 69
13 33
10 29
0 6
20 49
12 93
7 71
28 34
4 92
24 98
17 92
6 96
15 12
18 43
16 82
8 90
14 35
18 41
13 59
18 12
7 80
7 69
0 4
22 86
6 71
9 73
8 61
21 38
13 99
13 84
14 31
2 26
28 23
15 11
26 57
21 23
18 88
25 98
1 13
25 54
17 59
20 99
24 57
6 26
2 7
5 47
30 16
22 75
25 38
26 30
15 39
15 92
24 67
2 43
2 83
14 77
30 33
4 72
6 58
30 69
26 27
2 71
4 20
0 97
28 54
4 24
14 16
4 70
5 32
18 12
1 27
19 31
19 71
18 10
24 28
22 10
21 97
29 1
0 65
20 76
1 66
0 25
23 62
18 74
15 60
1 44
18 49
24 77
23 90
30 78
25 37
21 72
1 69
2 57
12 67
16 1
29 48
9 16
1 59
6 48
24 65
12 11
5 12
23 25
11 16
7 79
14 74
22 25
25 55
28 11
26 71
0 1
16 16
25 11
26 44
14 18
13 99
27 16
16 72
30 86
12 95
25 63
11 44
7 45
21 9
22 55
1 91
11 34
29 35
26 75
3 62
5 82
10 28
6 43
7 98
10 68
11 66
21 15
24 30
23 91
15 73
27 91
24 52
20 2
30 31
23 58
20 81
29 23
3 91
29 4
28 47
13 63
26 39
17 32
5 18
17 28
1 89
11 76
13 13
22 62
25 1
8 8
24 53
29 80
0 40
17 22
25 88
28 4
26 86
21 34
12 42
25 57
20 80
28 5
12 86
7 43
9 9
15 43
15 61
15 85
22 41
27 24
16 84
25 5
28 37
11 28
14 79
3 53
22 69
4 78
20 64
13 22
2 51
19 35
17 25
14 10
30 17
3 46
29 65
25 31
1 99
11 92
4 48
26 88
3 36
13 75
8 12
5 22
26 41
17 29
15 77
3 41
8 43
1 86
14 2
7 89
13 51
13 4
8 15
24 90
21 14
14 2
27 11
20 38
10 28
2 43
0 91
5 32
29 91
19 63
10 98
27 54
0 4
9 84
12 29
3 77
6 34
6 46
18 33
18 22
26 82
2 76
2 98
21 25
21 57
23 88
14 66
28 94
7 61
12 40
24 96
20 48
11 36
13 81
13 7
19 21
30 45
1 48
7 86
20 63
11 49
4 6
11 66
15 95
10 18
19 97
3 82
11 18
21 62
21 93
12 98
20 11
28 39
4 70
15 13
14 5
10 68
20 19
27 54
12 23
15 55
28 50
2 75
21 19
29 73
2 77
27 66
11 76
6 35
11 12
2 2
7 7
1 7
14 75
7 35
1 66
26 10
22 38
6 95
26 90
12 42
30 36
25 30
24 51
1 35
22 54
30 35
20 52
26 97
18 18
19 69
8 28
21 24
18 86
27 3
14 92
17 92
26 39
17 12
26 48
2 21
4 81
12 94
25 43
18 38
24 7
5 12
23 60
2 45
2 59
8 57
10 37
12 16
25 54
1 63
8 77
27 29
26 60
13 78
8 75
15 21
27 57
28 84
12 87
3 53
2 27
23 61
16 33
13 61
11 22
29 68
26 85
11 80
24 96
0 14
10 90
13 14
5 15
8 55
8 21
16 79
23 3
12 39
16 97
24 70
22 24
20 31
4 50
21 84
18 95
17 39
8 54
29 22
13 21
12 98
19 44
18 62
15 39
21 43
27 3
7 44
3 12
21 93
26 44
3 22
30 24
5 24
27 100
15 32
3 67
30 28
25 72
10 13
4 49
1 26
18 53
0 51
25 100
6 73
23 19
8 6
0 17
24 39
15 30
7 19
27 54
30 12
3 42
25 72
24 65
17 36
17 68
30 97
2 95
9 68
3 40
7 85
12 45
28 98
28 24
1 16
0 83
10 84
4 13
20 29
4 54
7 76
24 38
4 80
3 44
25 54
29 2
8 27
14 85
15 37
15 87
10 13
15 67
2 16
1 97
12 3
10 40
16 19
29 8
16 27
30 35
29 97
6 30
12 33
7 31
21 42
6 59
3 96
23 51
3 54
29 53
29 78
30 99
11 81
19 76
30 81
3 100
24 69
6 22
26 54
11 27
11 43
12 82
24 42
2 63
9 11
26 7
15 39
22 3
24 87
13 39
11 90
4 80
1 15
14 93
7 75
29 11
1 29
8 76
9 39
11 91
25 6
19 99
12 72
9 32
13 80
17 40
17 82
29 49
13 46
15 76
28 64
10 34
4 89
9 50
5 21
22 15
0 72
22 65
24 4
12 53
7 13
30 46
14 97
25 73
4 22
10 68
15 84
26 60
24 32
24 88
19 60
0 76
14 63
23 3
12 59
12 46
27 66
19 88
11 86
20 91
6 74
4 25
24 78
27 10
28 99
12 71
14 15
14 76
14 54
27 66
23 33
10 11
11 95
23 89
9 2
22 25
1 42
4 68
29 37
14 79
20 74
24 44
25 13
22 27
16 21
16 89
10 33
1 86
3 91
23 36
14 24
19 18
1 94
8 27
6 40
3 61
9 3
3 48
3 87
13 69
22 71
30 66
14 41
4 78
18 34
22 62
25 34
0 68
28 74
18 40
11 67
1 47
19 48
14 94
20 11
18 72
9 80
7 62
0 50
4 38
25 48
2 1
22 59
27 95
6 79
21 36
23 4
24 13
23 94
25 12
7 99
14 93
22 98
24 76
20 78
24 3
18 26
18 28
2 68
30 62
14 61
8 100
6 6
2 47
5 68
22 51
30 39
3 36
17 3
22 28
28 87
5 97
0 39
13 95
1 77
22 97
28 3
6 48
12 32
10 74
7 50
22 80
7 97
20 86
0 19
27 8
13 55
30 23
28 85
1 40
3 67
3 71
20 63
26 33
14 91
3 39
3 25
14 87
6 79
3 14
30 96
1 71
24 95
19 72
22 18
27 96
26 38
0 28
19 60
22 32
20 65
28 49
27 25
28 69
13 81
3 5
27 55
30 18
3 69
6 38
6 20
27 22
27 51
12 3
22 91
16 76
20 6
20 99
16 91
6 27
4 30
11 74
30 57
23 97
1 70
4 8
22 89
24 82
3 59
3 75
15 76
19 67
16 80
2 73
22 89
18 33
0 11
26 46
3 49
16 42
21 78
11 16
28 45
3 49
22 25
28 94
9 9
5 81
6 91
1 60
27 2
23 7
21 58
2 64
1 7
24 60
24 89
3 100
21 65
8 34
27 13
24 95
20 5
16 59
7 69
23 27
7 89
29 32
16 93
1 83
27 42
20 47
20 41
11 92
3 60
7 40
21 94
25 11
4 27
16 38
28 81
26 36
19 35
11 5
23 38
20 18
4 34
3 13
23 73
18 45
10 26
4 35
24 70
6 63
28 80
9 78
0 25
15 77
0 84
8 5
25 49
21 9
30 63
29 15
15 36
4 95
15 71
16 10
3 51
20 20
15 100
5 66
28 55
30 55
23 46
1 52
26 83
6 28
23 34
15 35
20 44
4 57
6 41
9 88
8 47
7 92
7 50
11 76
27 69
21 82
7 95
23 76
21 25
11 30
21 23
22 8
27 9
6 47
8 3
6 51
23 32
30 27
11 14
29 36
19 78
12 71
14 82
15 9
29 52
0 41
11 19
25 20
0 32
0 19
4 82
13 79
25 97
20 76
2 52
13 19
24 93
1 85
26 68
12 10
11 85
30 20
3 62
29 57
1 39
10 85
24 58
11 91
17 13
17 60
18 73
3 11
14 21
2 69
2 19
27 86
24 76
13 5
28 66
16 2
27 3
17 37
18 55
15 88
29 100
11 62
21 26
23 20
27 49
19 68
29 88
20 33
11 24
15 52
0 53
2 45
6 98
1 91
26 62
14 24
21 26
8 18
22 85
14 26
0 95
4 45
5 37
21 14
9 41
10 64
1 28
6 47
13 47
12 48
9 11
26 49
22 74
5 54
16 83
19 20
22 1
20 61
6 89
7 38
30 28
20 27
24 78
18 8
11 40
18 18
25 8
22 74
9 62
23 92
16 21
16 60
18 31
22 57
15 73
20 79
0 73
15 92
17 36
23 87
25 93
12 76
24 54
11 98
3 31
1 56
15 6
18 31
23 21
23 82
16 8
8 73
8 56
7 33
9 53
19 92
12 76
20 81
5 71
10 78
15 39
7 33
2 55
27 87
14 58
9 21
3 94
20 23
4 75
23 90
24 66
6 24
17 52
13 30
12 4
19 65
4 44
0 49
7 11
26 94
20 80
17 13
2 52
13 21
20 100
19 37
22 3
28 46
15 52
11 11
26 17
18 85
24 17
20 36
5 33
8 28
25 86
16 7
26 29
26 51
28 43
10 32
24 68
19 91
13 94
2 55
7 38
3 16
13 27
19 77
5 75
18 29
27 34
18 20
25 38
28 94
5 51
12 32
22 10
24 27
13 9
30 7
6 15
14 4
19 45
7 91
12 54
14 4
29 36
1 100
10 45
0 28
11 20
27 85
6 37
2 53
1 71
12 20
10 36
10 17
4 49
9 1
26 53
30 15
8 24
3 14
14 34
12 28
26 38
17 71
28 81
5 11
15 20
13 3
27 60
26 34
10 92
12 65
27 92
0 23
20 54
27 34
11 37
3 82
11 23
25 22
28 78
5 27
13 97
5 57
22 83
9 4
29 28
10 53
6 100
16 64
12 11
30 44
28 62
30 1
30 32
0 41
12 26
7 32
18 9
16 55
5 34
6 93
23 84
1 75
29 89
6 85
0 51
14 57
29 18
0 68
7 32
11 4
7 26
30 77
1 47
6 38
7 66
15 17
14 35
10 48
7 92
16 82
12 38
21 19
15 30
6 62
19 1
4 18
24 36
22 20
6 45
0 63
21 47
17 84
28 78
2 14
14 53
2 62
3 7
28 26
21 82
8 2
1 56
15 33
11 64
7 81
11 87
28 32
26 97
17 33
7 5
3 52
25 17
11 8
16 9
8 70
10 12
20 74
16 59
10 44
3 7
27 79
21 16
29 38
5 95
1 51
1 54
29 55
20 37
26 24
2 33
12 97
4 98
14 19
26 40
22 95
9 44
25 69
15 67
21 35
14 57
1 83
22 75
17 64
11 86
17 73
15 65
30 37
1 29
0 70
3 53
27 77
6 24
7 16
11 86
29 6
0 84
8 6
21 13
8 59
21 67
22 87
7 15
21 56
28 4
10 19
27 9
30 58
14 10
2 23
11 70
5 20
19 32
14 96
6 22
24 100
8 19
6 89
11 18
2 16
27 42
28 30
9 99
25 94
26 93
17 25
2 93
6 62
7 96
9 26
12 43
19 85
4 1
10 6
16 89
22 43
2 36
3 14
4 75
14 31
2 28
6 49
26 48
9 89
15 38
19 30
18 87
22 23
5 30
14 66
28 15
16 66
11 7
