100
22 12
12 32
6 52
25 42
26 49
17 70
25 93
24 4
14 1
15 49
14 83
15 22
3 84
17 98
25 48
2 31
5 30
4 48
0 67
18 72
27 53
4 1
22 68
8 66
29 81
0 39
9 34
17 56
3 78
0 69
18 51
14 92
12 81
18 86
28 84
13 23
18 53
4 29
20 11
16 41
27 89
5 75
11 65
30 15
5 20
30 98
15 64
10 80
10 91
20 60
24 84
20 90
16 3
9 48
30 3
17 91
13 56
30 74
0 5
22 68
17 19
6 75
5 30
7 3
8 69
20 47
2 15
10 75
11 8
18 95
1 87
23 49
30 45
3 35
25 35
3 34
8 10
15 95
15 2
0 98
1 23
15 92
26 11
15 65
23 57
10 20
23 24
19 92
17 4
30 84
3 41
12 9
26 57
10 44
18 26
16 33
16 73
4 37
13 57
25 93
9 87
17 41
20 100
21 83
25 6
27 84
22 46
3 9
22 27
25 50
0 83
15 21
30 15
5 53
18 8
12 48
25 79
14 99
4 46
5 61
9 22
25 28
6 7
25 100
0 75
3 90
16 24
28 9
8 51
14 22
12 97
2 11
23 69
29 50
22 98
30 75
10 53
5 22
18 34
26 44
27 18
18 99
25 49
0 41
15 5
7 9
6 54
16 35
17 51
27 93
7 59
28 29
20 52
29 29
8 87
0 3
9 93
29 91
20 92
20 68
30 96
20 91
30 92
30 77
10 68
13 44
27 8
15 47
28 56
29 38
29 65
0 91
6 46
8 9
15 3
18 33
29 76
2 3
3 71
15 15
20 71
1 30
17 84
14 58
14 11
29 98
5 83
27 40
6 49
0 43
6 39
0 87
10 40
11 49
14 31
1 82
9 53
16 81
12 16
15 50
8 1
24 13
17 44
23 23
1 80
20 15
26 62
21 72
25 40
9 18
27 74
25 67
4 59
24 11
10 71
22 51
17 86
29 87
9 84
2 91
13 83
4 62
21 71
12 28
6 52
18 54
29 10
19 81
8 47
2 5
24 30
16 69
8 92
15 17
5 84
27 18
3 34
20 94
21 55
27 44
1 47
5 30
19 45
8 45
1 98
6 34
0 88
21 19
20 58
15 10
14 43
4 59
30 95
4 62
13 70
26 75
30 38
3 10
20 87
24 91
18 2
8 97
30 99
20 38
18 5
0 13
4 48
21 64
21 31
13 41
2 19
8 9
25 35
14 91
14 73
10 73
23 48
11 88
9 84
23 43
14 92
9 63
7 38
28 98
28 69
21 9
7 45
27 11
20 52
11 83
19 92
3 70
25 12
15 90
12 66
16 39
7 46
5 73
8 32
14 58
10 85
22 83
21 59
2 68
16 58
11 61
11 82
10 84
18 22
23 49
19 34
12 7
15 58
0 15
13 10
23 74
9 85
13 49
19 59
28 97
6 50
1 47
28 58
10 55
21 67
0 32
22 36
13 81
16 52
13 28
0 6
17 64
10 95
3 3
6 75
19 99
10 85
9 50
12 67
18 86
9 20
12 63
18 33
4 39
24 36
15 43
22 70
7 75
9 98
8 89
0 30
24 66
22 8
13 39
23 43
24 40
14 59
30 13
21 94
18 31
15 7
21 51
8 20
2 30
13 90
5 3
22 6
9 82
15 66
22 1
7 46
21 80
4 31
13 79
24 43
18 1
25 81
10 94
18 69
29 71
10 99
15 72
14 73
15 24
20 60
7 48
29 9
19 2
23 64
16 11
9 75
23 31
8 99
20 78
15 25
12 27
4 17
15 54
19 7
2 89
24 70
15 23
13 2
24 89
16 14
27 83
19 9
12 31
12 99
10 84
6 9
1 12
28 23
30 62
21 48
15 59
29 76
11 67
21 35
11 79
5 8
25 93
2 15
25 42
7 82
0 53
2 99
2 66
3 59
20 36
1 40
21 95
4 64
12 68
30 56
16 24
18 10
20 1
23 10
26 87
4 45
12 7
19 78
8 92
16 90
30 79
10 86
17 63
18 82
25 17
0 75
24 24
7 23
11 40
14 24
29 45
12 73
15 42
29 76
0 2
13 32
7 58
20 45
1 1
16 90
19 50
28 61
22 6
18 55
15 38
1 43
19 37
14 75
2 100
15 46
24 40
17 84
22 45
6 59
29 17
10 93
8 11
13 12
17 43
19 90
0 4
11 91
1 63
5 29
12 7
25 15
20 34
13 47
16 44
24 58
17 37
20 36
1 92
25 79
24 83
27 53
11 32
27 93
5 25
5 40
23 75
6 42
16 68
4 9
0 5
13 63
13 71
12 25
20 43
21 7
25 68
0 47
26 12
30 22
19 58
8 6
0 83
8 8
25 7
2 84
12 42
15 3
10 14
5 18
11 18
25 68
27 84
23 45
8 46
20 68
14 35
11 71
0 55
29 24
0 98
27 93
21 16
0 19
6 12
12 26
28 68
7 61
14 73
1 88
7 61
3 2
26 79
12 36
10 68
23 86
12 75
18 18
13 53
17 46
22 6
16 34
26 34
29 94
7 49
4 16
18 39
4 22
11 12
9 89
3 17
5 21
27 28
8 59
22 71
22 79
11 24
26 76
13 40
1 29
7 39
18 84
21 14
20 42
26 33
23 81
6 83
16 92
21 63
25 35
7 24
0 35
14 88
0 63
7 34
1 63
14 12
26 79
28 69
27 42
24 28
25 12
13 13
3 87
11 23
21 25
22 22
14 62
24 73
9 43
20 63
17 97
13 92
20 85
30 23
27 96
25 10
15 44
18 48
8 26
12 23
15 26
28 74
22 79
1 96
20 43
17 3
5 23
23 58
12 81
0 75
6 40
2 85
13 6
17 20
16 41
25 93
17 15
6 71
20 76
8 28
7 19
21 32
10 9
5 78
15 35
16 64
19 24
30 29
27 78
16 12
13 18
9 61
10 64
10 27
23 32
0 91
12 27
17 8
15 24
29 31
16 77
17 96
20 62
4 40
6 28
25 52
28 68
24 3
22 49
25 11
23 61
22 82
1 9
18 78
0 44
14 41
1 94
18 10
30 48
26 34
5 21
4 53
24 61
28 67
10 63
25 51
12 11
19 69
18 48
2 8
26 34
23 64
5 59
26 93
28 13
2 80
13 9
3 18
30 79
23 100
16 80
8 19
30 3
25 39
20 73
16 44
6 69
28 21
17 69
22 86
7 63
12 71
16 95
13 42
12 49
13 14
17 14
16 76
5 94
6 89
2 71
13 68
12 13
22 60
29 57
7 53
17 89
4 51
13 13
22 62
9 60
24 27
10 29
10 38
28 42
0 23
8 59
10 63
15 25
0 55
28 3
5 50
18 22
11 86
13 6
25 32
1 86
21 28
9 11
7 30
6 4
1 3
9 23
24 10
27 94
20 99
0 85
30 68
26 36
5 81
13 60
19 34
28 69
21 81
2 49
4 36
20 94
5 79
4 54
22 33
11 36
4 1
11 6
14 79
5 88
23 95
17 5
17 19
25 77
10 50
29 91
14 97
30 46
26 91
6 99
10 96
30 61
16 35
2 50
12 55
26 82
17 26
20 80
28 55
14 33
4 50
4 77
18 37
25 36
8 80
20 40
16 95
26 70
14 67
17 86
0 16
25 98
17 65
1 58
22 73
7 69
16 19
21 88
18 6
7 59
4 3
15 68
0 61
7 43
4 4
23 53
1 45
7 95
6 14
11 13
8 10
22 58
9 25
14 34
29 82
9 33
7 42
5 51
29 16
14 78
21 86
13 13
23 53
4 46
28 88
29 33
7 16
13 25
3 88
23 82
3 100
1 53
5 45
4 60
24 55
11 80
28 55
15 2
29 60
12 17
1 78
19 25
6 65
27 3
22 59
30 40
9 64
15 36
21 64
19 95
9 12
22 77
22 86
11 55
17 6
7 28
19 86
19 45
26 48
11 4
12 65
1 48
21 92
25 9
27 81
14 32
13 91
26 57
7 78
18 33
13 72
11 14
17 80
25 94
6 80
14 55
28 75
3 40
25 63
1 53
5 70
8 28
13 76
12 46
0 73
26 59
30 90
14 24
15 17
23 80
12 15
29 73
7 93
14 48
17 5
19 42
16 95
27 65
15 78
15 50
14 67
20 22
8 32
10 26
26 58
4 92
17 91
6 91
19 15
17 9
24 70
19 25
6 93
21 2
23 89
22 64
21 55
15 77
9 93
29 81
17 48
20 33
12 48
15 42
13 16
14 95
28 75
16 52
19 90
29 20
27 61
20 73
16 86
1 88
12 12
5 89
25 72
16 57
10 3
22 100
7 52
14 80
27 58
30 1
27 49
26 83
4 64
6 5
17 72
9 67
21 100
5 13
6 57
23 91
30 53
21 52
11 82
7 73
5 95
28 95
17 15
7 25
17 95
6 7
9 49
1 53
30 31
6 64
29 29
20 87
27 48
23 49
20 37
15 26
1 23
26 5
6 92
12 12
28 80
9 54
0 43
19 70
3 41
18 46
0 65
26 11
1 43
12 90
18 100
19 33
11 81
26 94
10 71
28 69
2 37
12 57
20 27
13 44
15 60
15 84
27 29
29 51
7 19
2 56
7 61
10 28
12 53
29 68
27 32
10 74
6 16
1 14
21 59
21 71
26 15
12 89
21 2
21 49
24 24
24 31
13 53
14 63
14 89
23 34
26 73
8 27
8 90
10 86
0 27
3 20
18 38
27 12
10 57
22 28
2 34
6 88
11 41
17 41
0 95
11 56
18 29
21 23
25 74
24 36
27 43
11 19
8 21
0 46
25 43
17 1
19 15
25 98
30 99
15 90
8 69
13 35
8 66
16 91
29 41
15 89
27 72
9 43
19 2
13 68
12 18
12 76
20 66
29 24
4 2
14 24
12 64
16 55
6 50
25 35
10 40
17 84
26 61
7 62
6 65
21 40
11 11
13 68
14 14
6 56
9 27
11 7
1 83
1 4
10 39
12 2
28 7
0 96
28 45
26 71
7 32
6 50
0 47
5 78
10 52
5 18
0 5
12 14
30 55
10 43
28 83
13 68
26 48
5 54
5 4
7 11
7 88
21 50
30 68
18 35
8 98
21 3
2 21
30 60
12 34
12 52
14 67
23 15
21 4
9 82
23 85
9 90
25 79
4 84
15 26
23 30
22 64
5 87
28 21
4 3
22 24
22 47
2 5
30 55
10 42
2 93
7 23
0 35
16 74
14 36
11 24
26 22
7 47
12 88
13 1
11 25
3 59
18 72
29 63
20 37
0 68
12 54
14 47
1 32
15 60
2 80
27 83
25 21
4 33
10 19
3 52
16 26
26 69
26 98
23 6
1 65
18 17
30 15
17 38
21 77
21 26
9 72
28 64
23 54
15 73
10 12
25 83
9 6
27 29
13 75
8 50
18 4
8 32
2 9
14 94
21 59
10 90
17 46
3 6
2 48
25 15
14 1
20 30
25 17
9 19
20 75
22 42
4 80
0 45
11 81
27 26
30 32
16 30
15 37
14 13
10 29
23 41
7 82
0 10
16 65
30 10
8 3
14 49
28 36
20 22
9 63
30 71
24 89
16 3
27 88
8 55
29 13
11 51
18 82
28 48
13 2
25 17
5 64
8 95
6 81
5 5
30 80
4 88
9 81
12 77
17 15
28 21
28 30
22 2
6 50
22 1
25 18
26 56
10 55
12 34
14 10
26 96
7 70
26 64
20 20
9 64
18 97
3 32
28 25
4 15
30 14
1 34
5 60
19 38
9 81
12 47
2 9
15 49
1 43
24 91
18 44
30 7
29 81
6 25
20 17
27 56
30 86
28 13
28 40
17 8
1 13
13 41
25 6
18 51
27 16
18 55
10 68
13 72
14 54
8 78
6 2
20 69
25 42
8 36
17 53
23 96
15 5
0 20
22 65
6 91
14 47
15 48
13 27
21 100
15 92
17 92
12 59
30 31
10 46
17 37
19 100
5 65
11 17
3 21
0 39
25 47
7 70
3 16
13 34
2 91
10 18
10 9
12 83
4 78
18 25
20 81
7 27
28 38
14 10
6 41
3 14
25 66
29 6
29 73
19 92
18 36
2 33
21 29
26 10
6 29
15 69
13 96
2 15
9 2
8 63
8 29
28 54
16 71
25 23
23 42
25 60
3 42
23 95
19 36
6 10
9 75
19 37
19 23
27 66
10 4
2 10
20 59
2 37
26 37
3 80
12 16
18 74
18 18
28 29
5 12
3 100
20 85
4 74
15 86
7 40
8 100
6 32
24 25
0 87
27 32
7 49
23 75
26 27
10 65
1 60
4 73
1 60
9 84
8 99
10 85
25 17
22 46
25 1
11 85
3 89
26 84
17 62
17 53
6 40
3 15
12 78
16 19
10 47
25 60
12 18
27 97
8 12
24 18
17 45
28 31
2 33
24 13
26 32
18 86
3 98
30 13
27 56
28 33
22 10
22 75
18 55
22 97
5 62
20 90
21 11
25 10
4 54
9 10
17 12
21 73
4 65
29 76
10 99
17 76
14 61
20 45
6 16
7 34
30 25
27 26
29 15
4 64
26 95
20 31
12 58
4 80
9 66
4 99
29 21
6 21
12 94
11 22
16 29
12 75
5 61
9 6
4 3
29 10
24 70
11 72
25 74
3 62
15 13
18 24
18 47
21 85
20 6
26 9
16 47
13 11
18 90
18 11
19 93
6 97
13 43
21 44
30 53
2 99
19 75
22 70
29 75
27 4
5 81
30 29
1 80
0 93
23 73
2 65
12 59
24 81
29 71
3 85
18 84
26 66
14 99
29 48
27 95
5 16
5 26
19 48
17 24
22 2
7 71
8 89
12 5
20 46
0 40
22 12
8 20
4 85
23 44
1 71
4 55
9 41
2 13
0 34
0 64
14 51
8 21
1 14
13 56
26 43
23 23
21 84
5 5
5 77
12 45
29 50
9 78
23 77
0 29
12 12
22 90
25 64
23 22
30 55
1 60
5 36
24 33
5 9
25 53
25 11
20 99
7 4
20 11
11 22
4 74
20 6
5 11
11 13
27 61
7 34
22 90
22 13
20 77
17 6
29 65
22 60
11 59
2 27
27 83
19 56
4 16
23 70
13 57
3 92
29 83
0 9
4 19
17 85
27 74
0 94
23 30
5 19
6 24
27 33
4 7
13 89
11 15
26 35
5 46
26 73
2 48
7 56
18 16
20 98
14 49
19 32
27 41
26 91
10 21
15 37
18 71
22 33
20 8
22 13
7 69
7 100
6 75
27 32
19 45
25 60
3 81
18 31
15 41
1 10
30 60
28 60
1 27
20 5
16 70
18 5
23 41
12 69
1 4
17 71
28 62
27 62
4 44
26 66
20 100
29 48
28 90
27 41
2 49
6 51
25 19
9 27
12 82
20 37
14 56
25 60
19 52
27 43
21 36
24 19
13 10
26 43
22 7
18 69
21 3
6 16
17 51
1 63
30 82
1 30
10 22
9 64
14 22
22 55
28 67
16 49
19 12
28 53
2 49
23 18
9 64
7 61
1 67
1 7
2 10
2 12
18 61
11 8
6 9
28 58
27 5
20 47
26 87
11 34
29 78
26 90
22 53
13 54
16 26
25 71
23 21
16 57
23 56
30 80
16 3
23 26
25 4
10 10
21 85
25 73
12 83
6 41
22 16
15 54
9 55
28 52
28 31
26 71
11 75
12 61
4 48
26 13
27 79
23 49
11 61
24 56
15 3
9 20
0 23
7 96
23 100
18 47
24 13
0 73
23 27
2 86
27 44
1 61
13 49
24 57
22 75
2 40
7 51
23 65
10 73
10 7
11 6
9 62
19 17
29 81
20 94
6 3
19 2
16 61
10 5
16 69
2 2
5 85
14 60
13 77
26 17
10 97
17 66
25 47
6 98
3 95
17 34
8 63
29 23
23 57
11 56
5 21
19 97
28 10
14 67
17 56
29 25
11 57
4 73
28 89
0 62
13 35
2 81
7 34
11 3
12 93
30 61
20 17
4 86
7 33
28 40
24 24
18 60
12 5
18 27
7 41
27 39
23 34
13 36
27 7
7 49
18 61
29 37
1 90
24 94
27 37
8 19
6 8
21 14
29 48
11 33
29 86
28 23
24 34
14 4
15 70
16 67
3 33
9 62
18 14
26 51
30 25
17 78
9 26
5 11
0 78
9 66
0 42
9 5
8 19
13 85
28 4
28 72
28 96
14 95
15 14
14 92
29 38
23 64
16 89
21 78
24 63
4 78
14 76
15 45
26 33
12 18
27 93
24 56
3 29
3 73
26 80
24 23
28 19
17 81
1 27
0 60
11 31
25 79
30 68
18 71
18 39
21 20
0 76
21 25
5 82
6 19
0 83
5 5
13 98
26 40
18 18
26 95
20 100
28 19
18 5
21 27
16 10
15 28
12 57
22 33
28 66
23 83
6 37
26 38
15 18
13 45
26 91
10 29
22 21
11 56
8 55
1 99
11 50
12 75
24 15
24 54
21 79
21 96
1 44
9 7
0 15
3 34
4 97
2 6
26 23
21 6
14 76
9 43
14 23
23 19
4 44
21 44
15 30
10 19
18 39
24 52
28 91
1 66
2 12
6 7
21 66
21 3
8 35
22 69
6 55
25 60
10 63
4 77
30 42
22 60
1 37
18 71
8 50
7 47
21 29
24 48
14 61
1 74
0 80
13 24
11 76
28 94
30 24
30 69
17 87
19 56
6 48
11 70
9 66
7 26
18 58
20 73
10 11
0 68
16 23
14 24
21 8
1 8
16 80
12 61
15 96
24 69
25 67
18 55
30 9
9 80
17 95
17 19
7 20
23 86
3 46
4 97
2 34
18 92
0 2
9 45
28 59
21 26
29 28
15 86
27 97
11 16
0 58
1 49
29 62
3 56
3 8
30 55
17 12
9 13
0 19
18 47
23 58
20 80
23 57
0 69
18 3
3 49
2 83
9 88
13 56
17 96
6 57
3 62
12 33
11 33
18 17
11 79
30 60
16 40
12 97
20 67
28 49
25 45
11 16
11 43
22 82
24 92
9 32
22 12
5 14
0 17
3 18
3 17
29 88
23 37
20 61
24 100
27 57
10 36
26 24
29 49
23 11
5 56
18 28
10 16
0 93
12 38
3 76
16 14
3 25
18 36
0 62
7 26
3 92
22 9
24 49
9 67
18 38
24 79
21 13
2 44
29 37
5 100
29 70
15 96
19 1
7 99
12 87
28 97
0 5
21 8
17 56
24 47
16 37
27 100
30 61
11 11
2 98
5 84
16 93
15 50
30 74
23 93
27 63
9 64
29 15
12 24
24 72
14 80
2 56
2 30
10 76
24 10
26 97
24 94
15 8
22 60
10 2
24 53
19 63
5 86
15 86
5 18
26 97
7 58
2 64
13 78
4 55
0 61
26 51
24 47
8 59
3 51
1 2
1 74
3 85
30 3
12 97
20 55
3 69
12 83
26 49
13 12
26 87
17 56
19 65
2 68
25 12
20 92
8 84
28 35
19 97
28 6
1 79
20 88
30 11
22 97
17 72
4 67
7 94
9 36
13 56
7 99
2 84
12 80
22 87
17 15
21 77
24 72
0 56
5 86
19 89
29 27
16 90
22 67
0 39
28 58
13 75
19 3
8 100
30 95
13 10
3 17
9 49
27 42
17 27
30 53
12 42
29 36
25 98
1 77
3 34
9 50
7 47
6 21
29 30
8 47
8 33
13 14
12 46
20 11
28 96
21 98
29 32
13 5
2 1
24 42
21 47
20 34
0 53
23 15
21 46
17 98
2 26
25 97
5 32
19 10
3 59
20 8
6 100
14 91
14 74
23 32
27 80
17 99
15 40
15 63
8 64
22 94
26 55
29 85
23 18
10 6
22 62
28 58
27 21
14 72
25 59
27 75
26 17
8 21
5 40
5 73
0 78
2 97
23 22
27 25
1 21
12 83
7 88
27 67
11 39
17 36
4 4
14 47
9 10
2 84
21 88
29 1
1 90
3 26
30 37
17 62
5 39
18 16
6 34
17 86
23 40
3 24
18 57
8 98
20 80
2 43
0 16
6 66
7 4
24 29
14 44
28 68
26 87
27 56
1 54
16 85
22 15
25 24
1 34
10 97
0 75
20 41
20 15
25 60
30 5
20 39
30 52
11 65
16 20
17 2
15 54
30 58
5 45
30 72
0 39
5 2
29 74
2 85
4 60
0 35
24 85
24 9
16 93
8 17
29 91
17 32
20 22
25 9
0 81
11 13
2 20
20 15
3 56
14 26
8 73
2 66
10 38
27 35
29 9
7 80
5 37
9 8
21 36
19 77
21 84
2 4
1 16
9 13
11 69
17 19
27 8
19 80
1 85
29 12
25 87
20 87
5 16
14 86
23 58
23 59
2 88
9 53
14 13
1 49
23 62
8 45
11 93
22 79
15 77
4 51
6 48
26 1
14 94
0 90
17 86
10 69
12 48
28 61
1 28
1 65
6 83
19 77
16 96
4 35
1 7
6 81
19 58
25 33
21 74
13 99
0 14
17 42
1 81
29 53
19 54
2 40
25 81
19 26
17 74
10 66
16 38
8 10
14 66
0 100
29 94
11 84
1 78
11 94
2 61
3 16
26 35
23 29
30 9
25 66
18 19
4 65
5 94
7 28
24 85
29 45
3 32
1 80
17 59
5 68
17 61
17 11
26 36
20 11
12 52
19 45
9 22
25 45
30 14
10 17
12 26
20 73
25 39
23 26
19 7
10 52
28 24
19 21
22 89
21 48
18 75
24 19
22 55
30 27
18 95
19 34
10 55
0 33
4 78
21 69
6 15
26 20
14 7
21 68
28 8
18 7
8 90
24 27
17 100
1 34
0 32
29 58
23 10
13 66
16 83
10 92
18 93
9 26
19 8
27 84
9 15
15 82
15 39
12 84
0 84
29 6
8 38
21 12
2 80
23 35
21 76
30 30
12 44
7 31
14 51
13 60
4 5
8 58
24 20
15 75
18 26
18 77
26 65
1 10
0 46
27 70
26 2
19 2
10 52
25 91
7 66
16 45
28 17
17 97
26 1
25 44
25 45
4 39
0 83
6 96
28 49
4 35
22 68
29 24
9 70
12 43
14 32
4 77
15 92
4 81
14 49
25 74
16 27
29 21
9 43
26 63
11 94
6 64
16 51
23 15
26 94
7 43
21 63
3 77
17 82
17 67
25 46
2 63
25 70
16 14
18 1
4 100
17 19
24 62
19 18
21 28
7 21
18 65
19 8
0 4
27 84
20 90
27 18
12 17
16 66
27 46
8 64
1 49
20 61
21 32
0 99
14 79
24 31
19 22
26 7
1 24
10 18
15 56
4 18
28 39
18 44
2 70
28 38
25 16
9 77
7 51
21 54
3 63
21 35
17 26
2 31
23 2
26 18
4 79
2 2
9 61
26 80
11 25
28 14
4 89
10 13
30 49
5 25
20 7
1 64
0 21
22 93
0 70
25 95
2 82
20 70
17 64
22 12
30 71
25 51
25 11
9 77
27 10
18 50
12 90
28 63
20 71
22 48
24 42
22 76
25 68
5 23
23 9
17 80
19 34
8 100
28 76
24 98
13 60
17 53
12 70
17 90
7 62
5 91
12 80
2 29
19 6
27 98
30 26
2 45
22 21
9 61
23 80
29 76
20 6
26 30
19 66
9 69
22 76
23 48
8 12
16 53
10 36
30 37
28 57
25 100
11 57
23 81
13 19
6 61
0 14
24 39
20 8
7 84
25 50
24 23
5 65
0 63
10 70
22 47
27 35
25 14
24 95
8 84
18 73
1 82
5 44
27 100
1 93
26 38
6 87
4 66
3 43
30 91
4 95
30 48
4 26
4 9
15 18
29 60
10 41
10 93
20 69
6 100
6 59
2 6
21 29
10 53
25 92
30 71
29 67
8 10
6 8
9 30
2 72
29 97
26 29
22 64
7 80
11 53
6 7
27 33
30 60
21 55
4 66
4 16
2 65
25 90
9 32
30 46
14 91
19 30
17 68
1 29
21 100
14 9
23 93
15 28
19 49
17 31
3 62
12 47
28 49
15 90
18 9
20 61
12 33
14 1
30 90
25 42
22 67
16 42
26 8
17 76
23 100
1 14
9 86
0 93
4 33
18 53
14 36
18 63
16 21
24 86
15 12
24 100
4 59
13 46
24 97
23 5
18 82
13 40
15 74
21 87
26 30
16 19
7 41
8 45
24 97
25 81
28 84
1 27
27 35
27 61
26 59
4 80
30 1
23 30
17 93
6 6
12 32
15 45
12 26
24 68
10 53
0 89
14 78
19 56
15 40
20 5
20 23
29 41
21 16
7 79
6 100
3 2
7 72
15 48
20 5
21 63
5 25
13 94
6 27
19 23
7 55
20 61
8 72
1 39
21 9
23 39
7 77
28 37
26 48
2 94
18 75
14 16
25 55
20 27
29 59
21 13
22 93
14 59
25 28
18 50
27 6
6 80
3 11
10 42
22 99
26 52
29 42
27 77
30 90
13 89
12 15
7 2
3 32
2 70
2 29
19 60
12 80
25 34
19 68
28 87
18 82
30 19
8 43
1 15
1 87
12 15
20 56
5 42
1 10
10 51
24 53
8 39
7 72
17 49
6 70
27 13
8 61
11 68
10 84
24 100
20 75
23 36
26 98
9 85
13 70
30 67
20 71
0 87
28 74
8 19
11 85
4 25
27 63
26 45
17 71
6 52
20 77
23 39
4 35
8 21
29 27
21 81
19 89
9 97
28 4
22 33
29 60
25 83
3 36
17 100
20 30
29 7
19 16
27 76
9 81
21 31
28 61
12 98
20 91
2 73
8 64
10 41
1 52
27 83
23 22
27 95
16 55
21 18
30 36
0 85
18 28
25 53
17 45
30 55
16 100
0 40
28 87
12 55
3 36
2 52
21 50
22 58
27 14
8 92
7 39
19 75
15 2
4 90
20 19
28 41
19 38
27 82
17 39
2 46
26 93
17 65
11 50
13 28
18 99
1 47
28 23
23 9
0 40
15 38
26 62
3 70
2 28
22 51
30 6
13 26
3 9
15 55
16 28
27 24
7 7
17 86
3 8
29 59
29 98
7 98
18 71
29 2
8 89
12 42
24 100
1 22
21 8
21 82
22 40
12 13
17 4
13 28
29 48
26 43
4 70
23 18
9 16
12 4
25 61
16 46
6 96
14 55
27 68
3 25
12 31
27 52
7 14
11 36
11 90
8 71
23 94
17 91
17 23
28 1
14 3
2 30
16 68
27 76
25 13
26 87
23 42
7 37
0 95
1 19
18 93
17 74
26 41
3 10
11 74
28 76
5 54
4 11
8 68
17 30
7 5
7 37
29 100
21 10
3 5
19 13
25 19
22 12
12 37
6 47
8 28
14 76
21 3
17 77
22 43
26 98
1 95
6 82
10 18
15 50
16 65
30 99
15 29
11 9
26 62
9 79
22 31
8 81
11 35
1 75
8 58
19 40
22 79
21 66
20 51
25 30
15 43
24 44
15 29
19 51
6 11
11 100
20 1
0 94
30 84
27 86
2 39
11 89
20 89
20 63
1 26
30 95
7 9
14 37
0 3
23 29
25 99
28 13
18 35
2 17
27 2
25 82
5 57
16 52
13 53
20 9
25 68
23 50
23 48
23 53
10 58
1 36
2 34
1 35
20 48
15 12
7 60
24 63
5 49
25 79
8 58
23 88
20 52
28 57
12 70
29 36
9 61
28 32
30 25
28 26
24 100
9 97
18 16
7 79
16 2
9 5
9 82
4 19
10 78
22 13
5 46
30 45
21 8
24 14
6 10
30 29
27 97
13 84
10 75
24 42
25 84
20 79
30 91
23 95
27 72
19 70
4 59
12 45
13 52
22 97
2 25
24 88
24 94
21 83
27 93
9 84
14 96
27 76
7 67
2 51
28 69
10 60
22 30
11 42
17 46
13 24
29 47
0 41
10 96
30 39
2 69
30 93
21 81
8 52
21 3
15 79
21 12
27 84
15 45
12 73
8 75
26 8
5 92
27 7
14 25
30 53
27 90
1 87
22 42
22 82
2 85
18 96
16 48
23 38
2 8
21 54
27 70
24 40
10 65
30 57
1 22
23 34
23 44
0 23
3 85
13 18
7 87
26 23
7 31
22 34
16 24
0 28
25 55
14 28
11 12
12 17
3 67
26 34
22 12
24 63
21 34
18 8
20 7
22 56
17 81
14 63
5 47
16 73
20 42
10 92
24 67
14 1
24 68
9 30
5 45
24 72
24 15
21 25
18 28
16 34
20 81
17 81
7 31
16 93
6 56
29 89
7 56
26 93
30 34
21 14
26 99
22 53
6 91
23 54
15 2
24 91
15 37
13 2
4 2
25 51
0 50
3 44
30 90
22 25
26 5
5 78
0 54
9 57
1 62
17 4
2 86
3 18
16 52
5 93
6 67
14 1
2 53
14 86
28 21
12 78
23 22
4 85
12 14
6 70
11 98
26 32
9 9
1 11
23 93
30 36
22 84
14 30
18 14
16 85
24 91
19 96
4 60
29 79
15 58
8 70
0 30
26 28
5 9
0 56
17 1
8 46
27 5
1 83
25 92
19 72
2 38
9 43
5 74
27 33
7 33
29 74
1 30
19 42
3 74
23 40
10 18
17 38
22 26
20 64
15 59
13 97
28 25
7 49
0 26
5 90
23 78
4 12
27 14
29 1
10 68
15 82
2 8
23 22
27 46
27 18
14 46
11 98
9 17
2 61
22 14
11 1
23 100
9 52
2 54
11 56
11 14
13 21
13 36
6 56
14 8
26 22
14 78
16 4
27 80
30 58
19 57
29 16
5 92
1 72
17 46
6 28
28 14
25 29
19 14
1 47
13 49
10 29
0 35
10 10
14 35
0 69
3 98
26 7
0 39
9 33
19 23
11 78
17 100
9 20
23 60
17 59
12 22
21 49
4 62
19 49
13 72
13 23
26 33
12 12
18 11
5 20
13 7
11 58
9 95
26 37
3 97
24 88
25 19
17 27
16 47
6 6
28 8
20 44
10 94
15 52
28 70
4 73
18 85
0 17
30 68
22 55
30 29
13 50
18 30
11 98
1 54
17 21
1 23
21 30
3 11
24 18
6 11
15 10
0 65
14 39
9 10
9 16
15 38
7 60
18 87
2 91
3 62
6 53
27 51
28 2
30 19
22 50
2 15
30 79
15 26
0 11
5 42
19 66
28 87
15 100
25 58
8 19
22 76
19 37
16 80
19 75
9 22
12 80
4 28
0 29
9 99
25 34
22 72
4 69
10 42
10 17
12 94
16 55
23 75
24 53
21 14
16 6
6 49
11 94
21 95
23 26
27 94
30 39
18 12
2 55
5 87
23 85
15 53
21 66
14 46
15 23
23 83
22 21
21 73
5 41
20 42
14 48
23 74
11 73
17 17
17 2
22 47
29 73
16 50
9 26
7 6
2 99
14 93
21 8
9 10
19 17
5 28
20 31
0 3
29 5
0 26
8 94
24 31
9 67
17 96
23 74
25 37
20 94
5 72
15 5
17 6
1 1
2 28
21 86
18 92
27 2
21 89
25 16
24 45
5 85
21 86
4 85
5 21
26 76
8 2
23 25
24 28
2 8
22 91
28 13
20 59
29 14
14 71
4 56
16 39
10 65
26 40
21 73
20 59
29 31
18 35
8 64
21 81
19 53
30 38
22 2
28 3
27 9
18 25
18 80
18 78
18 81
4 13
3 42
18 43
25 38
21 69
18 66
26 77
0 11
10 15
6 52
22 60
5 1
21 81
4 80
12 74
21 19
4 81
6 100
25 55
11 47
13 78
23 73
25 66
8 55
10 19
5 59
5 57
11 95
29 10
14 61
13 41
9 29
1 55
2 1
11 15
12 52
19 11
16 79
29 87
22 52
5 81
10 46
24 32
3 95
26 16
8 47
6 36
12 91
15 34
23 25
27 43
8 75
0 49
18 8
5 15
26 13
5 94
0 7
6 32
3 76
14 18
16 52
9 7
19 94
0 80
13 54
10 51
24 45
1 30
5 35
5 84
19 10
18 48
7 30
24 66
16 98
23 29
10 62
9 71
8 97
30 38
9 48
20 11
26 49
18 3
14 1
21 87
5 92
9 10
5 17
4 84
16 58
4 80
15 7
9 65
16 59
9 49
1 24
27 70
19 97
15 59
28 17
25 96
23 32
10 63
14 62
21 7
30 64
17 10
19 42
19 69
11 35
3 30
15 8
15 69
3 83
12 27
2 68
12 67
4 96
5 13
26 27
11 18
4 1
13 56
1 94
30 33
16 43
9 91
21 74
8 84
6 44
0 63
3 26
18 74
29 9
17 83
5 98
13 6
19 16
10 79
8 4
22 70
0 81
17 22
16 95
23 31
3 31
7 45
22 9
8 48
2 9
20 63
29 29
23 29
20 88
13 66
20 3
13 99
26 83
14 82
1 48
27 14
6 90
23 58
11 86
8 28
10 87
3 61
2 93
29 72
27 91
26 41
16 62
26 45
13 94
24 20
11 18
24 69
6 58
8 54
0 86
21 97
17 26
21 5
23 99
5 35
28 82
10 42
19 98
18 19
12 37
1 19
17 1
17 73
1 75
5 22
1 58
16 25
26 90
17 54
9 15
14 65
10 14
5 26
12 55
10 6
24 30
6 52
7 15
1 38
10 17
0 72
2 48
15 81
14 47
14 62
19 37
24 22
15 75
11 34
19 52
10 36
28 63
17 2
12 70
18 99
10 45
27 80
23 27
10 55
8 55
0 31
10 52
2 45
18 18
10 61
29 45
16 39
6 18
26 52
9 98
8 81
8 47
2 98
18 62
27 70
12 48
22 70
7 89
9 54
0 94
21 66
14 2
21 52
14 62
16 17
18 43
5 40
19 14
19 92
26 51
29 33
12 18
15 41
21 14
25 84
24 52
14 48
30 82
14 28
7 82
12 49
2 23
26 84
23 84
1 38
18 21
22 93
30 32
14 67
25 4
24 21
17 51
17 40
11 95
15 42
26 89
4 82
27 33
26 3
21 2
17 43
8 10
15 64
30 26
28 46
27 67
14 41
9 68
7 48
17 97
21 39
20 42
19 86
27 31
13 3
14 54
30 39
22 43
17 96
23 46
14 98
3 26
29 33
4 97
23 4
1 79
30 19
20 93
13 14
11 68
4 7
21 16
14 52
18 96
16 29
29 25
4 23
2 50
0 37
0 98
3 85
21 36
3 58
5 21
14 89
29 64
19 74
27 100
3 94
25 71
4 8
4 43
1 92
27 63
22 76
9 29
25 51
19 57
5 74
16 52
9 25
16 100
5 86
10 11
19 89
27 77
27 12
22 53
10 94
22 74
14 19
23 40
24 51
6 83
18 9
3 88
1 98
1 13
14 66
6 74
19 46
9 3
28 23
2 16
19 81
29 79
8 18
29 43
21 19
10 11
4 28
3 78
25 78
24 100
21 42
24 90
26 77
13 63
30 23
25 38
27 68
6 32
20 64
8 71
22 54
23 95
14 40
30 66
23 77
2 36
1 84
10 1
7 96
23 29
7 74
26 47
28 38
20 46
5 4
30 51
20 45
0 28
28 74
9 92
13 92
15 47
12 74
12 37
2 34
10 52
30 30
15 3
24 94
22 79
0 30
28 92
15 35
21 48
10 21
21 44
3 83
28 3
10 55
29 50
12 100
18 85
13 94
20 4
2 14
6 25
22 42
16 65
19 12
18 76
1 13
1 47
7 13
22 47
10 1
5 1
28 7
14 2
7 27
22 95
8 33
14 56
21 18
19 37
23 22
15 56
10 97
1 89
18 100
9 40
4 92
10 58
19 72
27 26
18 76
19 56
15 73
3 81
14 96
2 69
19 61
25 48
21 99
1 2
25 21
13 75
12 76
21 99
30 42
27 32
24 18
22 20
4 3
14 12
0 70
1 57
27 84
1 94
3 79
17 9
16 30
1 63
1 17
30 78
21 25
2 1
11 19
19 37
28 70
18 72
7 53
10 65
28 67
23 39
21 1
18 76
4 80
24 8
8 72
19 100
29 40
14 9
22 7
10 78
20 97
16 68
13 55
14 20
0 32
8 39
13 67
3 35
7 4
10 90
14 46
22 91
6 39
30 81
29 72
26 17
6 97
23 6
5 68
24 33
4 46
17 50
15 66
27 58
23 69
22 86
14 30
15 11
6 4
22 28
18 19
6 6
24 64
18 29
26 79
29 35
5 18
30 15
23 84
27 9
17 31
8 62
18 36
15 94
25 61
0 63
19 75
8 94
7 37
6 51
2 16
22 19
23 98
30 78
6 38
22 21
13 54
3 62
25 2
22 25
25 11
2 38
28 38
20 63
20 9
12 49
25 10
29 62
29 91
22 42
19 85
10 100
18 80
18 28
12 18
20 62
14 69
22 96
14 89
2 73
29 76
23 47
10 7
15 93
17 79
7 53
24 31
22 94
23 85
15 63
2 25
6 66
11 30
4 41
14 75
19 24
6 60
20 87
8 55
10 57
9 86
16 45
25 62
20 50
2 11
3 68
15 93
26 38
12 71
24 96
12 26
2 58
3 20
15 99
24 95
3 56
23 62
9 27
13 55
29 21
13 8
24 68
15 27
25 27
10 32
11 62
23 38
13 74
27 27
29 56
3 10
30 97
15 47
21 83
9 26
18 100
10 17
12 86
9 76
30 80
13 53
9 54
16 18
12 55
20 66
13 68
22 92
24 22
1 23
2 99
23 47
20 9
22 26
1 98
4 62
4 20
29 55
1 19
6 17
19 49
8 34
10 4
0 18
20 93
28 51
10 31
1 50
2 65
17 96
2 74
5 87
29 39
18 96
4 97
1 13
15 18
30 38
13 3
1 75
23 6
6 81
8 24
15 9
8 88
30 3
24 99
24 2
28 90
5 27
7 75
23 34
19 63
20 78
23 48
7 27
9 60
11 37
10 9
6 85
7 81
27 52
29 59
24 49
14 17
29 59
17 14
22 7
20 36
12 95
7 10
15 49
7 7
17 92
13 80
25 46
30 58
6 80
28 70
27 12
6 93
26 66
18 3
13 31
12 28
0 10
1 77
15 81
5 41
10 78
7 89
15 79
19 28
18 55
11 75
26 47
28 92
19 34
18 5
11 8
7 94
0 20
1 84
15 40
15 70
16 45
5 27
15 55
28 96
7 2
19 77
1 83
4 78
28 35
30 28
28 73
23 72
26 7
21 65
8 43
9 15
3 38
6 38
18 67
23 37
14 9
4 37
7 4
1 21
0 34
11 14
27 85
1 47
7 43
18 1
1 60
27 19
30 7
4 3
4 32
2 77
26 84
27 8
26 53
27 100
21 90
27 47
14 85
16 94
17 51
14 88
15 43
30 2
3 33
21 48
29 93
7 18
2 58
15 26
20 2
30 35
21 57
8 70
17 84
4 72
11 12
26 75
23 44
9 34
24 80
20 15
11 79
28 70
15 81
16 63
19 69
0 91
22 77
6 62
28 94
5 62
21 83
22 75
12 36
21 44
11 32
25 98
19 49
8 88
19 93
5 93
19 44
3 87
26 93
7 60
8 89
7 65
8 93
25 96
1 80
16 85
20 96
27 27
24 23
27 100
17 10
7 23
16 36
22 36
7 4
28 19
1 75
28 7
25 96
12 85
10 39
11 15
9 5
7 32
28 18
8 100
23 69
27 98
7 32
8 50
20 75
10 37
30 41
26 15
3 27
11 14
22 28
19 88
26 29
8 36
25 80
2 95
2 71
7 48
6 83
14 73
15 9
6 56
28 62
19 56
30 25
16 4
26 67
28 30
1 63
16 19
4 25
15 63
12 22
6 42
16 6
24 7
22 50
21 36
16 30
29 42
30 8
17 33
23 87
0 63
25 95
28 85
20 94
27 13
8 43
21 57
13 37
12 37
16 47
19 66
17 60
6 68
16 92
22 22
11 77
4 12
14 84
16 47
26 96
7 46
24 41
13 81
0 49
21 43
12 42
15 99
23 83
10 44
1 27
3 36
12 96
15 55
29 60
16 31
8 5
7 91
25 20
22 79
28 45
23 37
18 95
9 80
7 66
9 88
26 27
28 39
25 68
19 46
28 88
12 64
13 88
1 87
24 23
6 51
26 33
30 59
25 7
21 58
26 75
21 73
5 1
26 86
30 31
7 55
6 29
29 70
4 89
25 24
20 48
21 28
3 29
16 78
14 29
24 18
28 9
3 96
3 60
20 52
11 73
24 88
10 87
21 85
11 18
13 64
11 34
30 47
18 1
19 94
18 53
29 26
10 47
22 89
24 23
5 68
29 66
14 10
24 85
14 19
27 46
12 52
30 1
14 50
26 63
16 62
15 50
8 93
21 57
12 63
1 45
7 81
9 42
4 71
28 38
18 21
5 78
0 2
20 63
9 79
0 17
25 52
18 79
26 18
11 24
10 97
13 63
20 46
13 30
12 73
28 22
3 27
2 89
3 24
3 35
27 75
4 17
10 74
1 45
3 96
4 60
11 1
22 56
26 92
7 23
9 16
11 94
8 11
13 87
12 13
18 32
10 99
6 1
28 33
16 36
29 75
2 47
22 24
26 28
3 32
1 61
24 63
5 24
2 21
22 25
21 2
10 62
22 90
27 76
9 9
5 12
27 78
30 71
22 51
28 20
28 95
7 65
2 17
28 50
14 69
17 82
22 62
3 74
21 36
12 31
3 80
16 83
14 16
13 38
28 10
19 7
15 11
20 19
18 38
2 5
10 81
26 50
9 39
21 93
27 94
8 97
7 35
17 1
28 81
26 87
15 10
27 99
27 64
12 73
19 80
27 39
24 44
20 68
26 95
23 76
8 47
1 47
30 62
20 1
25 42
20 60
10 45
18 9
27 77
29 82
7 39
5 3
2 52
22 57
5 20
10 90
10 61
10 99
21 16
13 21
11 98
21 39
26 59
3 6
9 5
17 9
7 85
19 63
4 70
8 29
30 22
4 41
24 100
16 63
22 84
2 8
3 19
30 5
23 90
0 83
27 89
10 60
12 59
0 84
6 51
28 35
1 52
11 66
26 47
18 64
9 5
10 54
3 97
7 49
22 93
20 9
9 28
6 91
12 30
8 54
6 27
5 48
4 99
9 61
19 66
27 22
10 46
14 28
13 38
28 77
14 20
5 35
5 98
3 33
29 30
4 50
5 17
6 18
4 40
22 21
25 71
16 95
11 15
16 17
16 10
4 20
25 13
3 73
27 28
6 56
20 48
25 60
9 42
13 29
9 36
6 47
2 73
16 45
21 67
3 8
5 61
6 95
4 83
7 70
2 46
18 86
8 16
12 32
9 56
24 32
28 75
3 19
2 12
4 42
18 24
18 100
5 77
7 51
21 32
13 87
16 86
23 10
8 58
29 3
5 29
10 99
11 40
25 95
12 60
18 74
15 45
28 86
4 96
27 41
21 58
17 81
6 61
30 83
8 59
29 28
6 78
16 2
17 59
25 78
28 21
4 95
2 61
9 94
4 31
28 30
4 31
3 3
18 41
25 36
3 66
28 48
11 83
21 49
23 69
26 92
19 51
24 1
3 65
4 40
24 52
10 54
11 82
30 11
9 42
21 95
23 40
23 36
14 62
10 1
3 14
2 78
15 70
0 56
29 35
8 63
25 38
24 12
3 68
0 87
2 64
13 24
10 93
0 52
25 42
3 57
18 61
6 86
26 93
24 85
28 30
9 2
3 24
10 12
30 36
26 41
15 59
9 37
27 91
29 65
15 14
18 65
19 16
4 94
25 31
12 64
11 69
17 2
4 33
16 71
3 27
0 18
24 5
28 7
28 84
10 96
7 26
5 88
25 24
21 61
23 65
26 41
14 22
7 59
13 46
18 5
8 7
15 90
28 52
22 90
24 19
5 81
9 16
1 77
0 6
24 89
17 69
5 27
12 47
28 20
7 14
30 22
8 94
23 95
5 28
5 34
19 40
30 94
26 80
6 8
28 100
6 74
23 15
15 67
16 17
12 32
16 94
27 87
4 65
5 1
5 13
16 52
6 90
8 82
20 61
30 82
4 99
0 87
16 100
5 88
3 45
29 56
29 85
28 65
11 19
17 89
16 33
9 76
23 20
24 28
22 81
7 29
26 50
1 78
30 62
22 93
17 43
22 21
30 83
16 93
21 14
30 84
3 45
18 98
23 29
1 22
9 100
1 100
29 5
9 53
7 66
24 76
5 76
0 24
1 89
19 82
13 97
30 77
20 57
11 56
13 82
24 78
20 39
16 49
4 19
18 51
25 99
6 40
27 13
21 5
8 92
30 67
4 43
19 47
3 2
12 70
18 55
20 81
28 90
27 46
21 36
13 82
28 93
3 2
22 36
26 23
7 41
10 45
7 31
3 29
27 81
5 73
0 16
26 78
13 2
25 100
27 6
19 98
1 74
26 19
14 16
17 27
15 61
21 59
1 50
21 1
21 38
2 40
3 71
1 60
23 23
28 82
18 47
25 3
15 8
30 88
12 72
28 15
12 68
15 71
13 8
13 7
23 19
12 87
17 100
17 46
17 12
25 64
9 84
23 73
7 27
6 17
13 11
22 37
20 75
26 90
14 35
19 20
5 95
22 20
0 28
28 79
0 7
26 15
1 13
26 88
26 15
20 39
28 70
14 4
19 99
26 47
18 21
25 89
14 48
17 21
14 75
10 39
21 30
25 20
20 89
30 25
22 24
22 94
28 15
8 42
21 99
8 17
7 62
3 72
30 80
26 36
9 69
0 60
27 16
4 63
1 39
0 4
12 71
25 88
10 21
14 1
19 12
24 72
5 12
15 21
14 99
17 56
24 5
12 74
11 79
15 25
13 95
28 64
0 32
6 16
29 17
16 84
21 87
13 71
1 10
14 5
29 86
28 95
8 70
6 30
28 3
9 24
5 90
9 51
8 51
13 98
18 42
19 88
25 90
5 32
14 76
18 51
28 92
26 55
17 52
24 51
14 88
28 52
9 39
10 47
20 66
16 32
24 70
30 30
27 65
0 41
30 80
11 58
2 26
3 34
0 9
19 58
22 59
8 87
25 35
22 23
11 96
11 18
0 87
29 84
0 53
26 57
27 98
30 48
19 80
13 65
8 62
3 35
27 100
14 13
8 73
7 59
16 99
8 62
1 42
15 45
13 15
1 76
27 46
3 56
28 90
10 95
23 23
15 21
23 84
17 56
7 87
21 55
24 67
19 7
5 94
4 75
14 5
6 22
5 15
17 65
13 83
7 34
9 81
22 88
0 14
1 93
12 22
9 95
2 60
28 85
4 96
1 57
16 47
22 16
21 67
14 76
12 84
7 91
0 17
30 23
27 100
12 15
15 61
16 54
30 69
9 57
30 29
30 37
2 71
10 50
24 16
13 86
5 82
21 56
6 27
2 59
23 10
5 46
2 87
15 20
10 21
28 98
7 49
22 14
11 82
1 76
17 98
9 96
5 69
23 25
6 36
20 5
12 20
13 77
12 83
11 41
2 16
20 44
21 51
2 9
8 97
6 22
22 26
17 57
2 27
9 53
2 44
27 81
8 91
18 89
2 37
29 88
1 93
26 72
26 21
30 84
7 6
21 73
13 85
3 92
3 82
10 64
14 66
16 9
7 54
0 77
28 66
7 36
6 61
13 4
4 18
28 99
7 98
9 34
10 13
15 19
28 53
17 5
8 38
26 58
30 15
2 72
15 79
9 24
29 71
15 22
26 3
14 37
22 89
6 93
4 82
25 26
0 21
28 84
9 62
20 77
29 61
30 62
27 73
12 97
12 84
18 87
2 44
21 11
23 4
9 18
2 14
13 55
14 20
4 32
25 89
27 69
12 16
12 16
0 51
26 69
4 42
10 19
0 96
5 33
14 34
15 74
5 9
14 40
17 80
1 48
24 33
15 58
12 42
18 8
25 44
25 100
5 65
28 18
19 6
2 1
21 96
20 45
0 74
22 12
10 85
0 17
28 34
28 46
22 26
11 24
11 36
23 84
16 85
22 75
6 10
13 35
9 63
4 85
13 78
21 67
16 30
27 98
18 74
20 51
14 29
0 8
25 4
25 85
13 24
12 31
3 5
27 31
17 53
1 91
28 2
5 22
13 89
4 98
2 19
26 14
13 19
3 87
21 39
11 87
7 98
28 95
14 91
17 58
16 45
17 12
2 27
22 77
8 92
6 99
17 35
4 37
7 37
22 97
15 58
10 50
16 46
24 51
3 85
0 61
29 81
17 28
9 26
27 97
30 53
11 62
19 81
26 52
9 32
15 46
14 9
14 16
8 51
21 44
2 36
0 4
6 38
13 2
10 69
25 89
13 53
14 16
19 79
27 34
3 86
2 61
28 55
29 37
21 88
0 95
23 73
18 11
15 33
0 42
8 59
15 39
14 39
9 38
18 49
16 50
24 53
12 72
19 66
11 74
2 98
15 83
20 85
23 86
4 93
1 78
21 84
21 33
23 53
21 29
24 19
25 49
9 100
26 24
10 77
1 65
14 56
21 57
22 70
2 29
10 54
7 80
8 51
10 82
30 59
0 68
24 75
19 79
17 5
8 82
11 71
8 83
28 62
0 22
1 82
7 90
23 83
17 40
28 97
11 83
7 43
21 62
19 42
8 69
1 95
13 10
8 77
1 85
25 21
3 32
17 72
20 58
30 21
20 13
20 91
15 68
6 62
3 39
22 96
20 30
2 88
19 94
13 78
26 71
20 75
9 7
15 93
17 73
8 61
15 17
1 6
7 75
22 100
18 20
12 41
17 86
7 40
11 60
12 52
1 23
3 10
13 73
21 54
25 35
28 70
8 80
26 81
11 50
6 3
1 15
18 100
15 49
2 68
6 37
26 54
23 30
22 92
15 55
4 80
26 45
25 87
22 12
16 97
6 15
17 64
10 99
26 67
14 92
18 92
27 28
27 25
11 26
2 97
22 16
15 50
9 5
10 65
23 26
2 19
18 72
20 1
11 69
9 67
5 92
7 21
7 28
1 75
28 39
26 17
1 91
25 70
17 8
16 21
28 53
7 83
12 92
18 11
22 55
17 1
22 45
4 91
29 41
7 58
8 71
25 86
16 8
1 9
15 21
23 13
0 99
12 93
28 75
28 46
15 29
9 100
0 82
15 97
6 51
7 57
7 11
20 85
12 61
25 50
6 62
6 65
10 40
12 75
5 24
10 80
13 19
6 72
21 60
10 29
10 23
7 13
22 27
5 36
7 4
22 31
3 68
28 17
7 73
6 64
24 24
20 31
10 24
13 90
23 55
2 93
25 58
1 4
24 62
13 97
13 48
2 9
6 100
30 83
4 93
23 14
26 54
17 50
30 11
0 15
27 84
15 90
13 78
3 49
18 88
13 5
28 77
19 9
14 90
2 53
2 17
7 99
24 29
20 45
8 3
30 53
7 39
17 34
24 58
23 28
3 39
26 74
6 93
4 71
19 97
14 88
8 19
13 33
25 64
4 52
3 71
25 88
20 46
14 33
0 68
4 75
7 15
24 29
5 91
8 67
24 20
9 21
25 62
29 18
6 48
11 42
24 93
28 44
10 48
17 60
12 5
25 74
12 60
27 74
7 54
25 71
11 65
2 43
17 91
23 70
12 6
13 39
19 61
19 35
1 35
1 20
20 61
13 15
1 4
29 20
23 19
9 71
7 94
8 30
25 70
12 26
12 98
22 3
1 13
5 25
4 68
13 90
24 92
22 7
8 42
9 59
2 15
22 71
26 88
21 30
14 58
7 41
18 52
24 94
25 20
20 33
20 49
9 98
29 85
2 67
19 34
12 16
30 40
0 79
5 91
5 68
5 83
17 37
8 91
22 4
3 21
24 61
1 100
1 57
12 12
13 77
13 32
28 98
19 24
19 59
24 58
19 51
18 28
7 87
29 95
4 36
20 11
16 91
25 23
25 66
23 82
19 47
5 74
10 13
19 9
0 16
23 27
16 19
0 1
2 96
3 76
19 27
29 89
5 71
10 62
17 26
20 44
17 72
1 7
7 81
23 92
30 48
12 15
0 18
27 43
6 23
21 49
10 15
14 69
4 80
6 99
26 50
2 91
27 95
27 46
25 46
8 91
20 9
18 86
12 91
3 85
27 65
20 33
22 97
8 10
13 73
1 64
28 95
25 20
19 25
10 2
19 23
5 8
20 17
26 28
27 38
9 57
22 52
27 80
27 71
6 42
26 45
4 33
8 49
2 34
22 32
24 9
23 64
29 81
21 64
0 27
26 77
13 27
4 57
30 12
24 3
2 12
25 76
23 23
20 29
25 73
19 23
13 75
6 8
7 98
24 46
20 43
13 87
22 95
24 1
26 54
6 91
20 67
27 74
18 83
18 96
14 90
6 24
23 52
13 32
29 63
5 75
2 76
12 58
19 14
20 35
18 99
24 17
27 94
12 44
19 46
16 17
14 80
14 34
12 7
15 75
22 80
1 78
17 9
21 35
7 1
12 28
1 59
27 58
29 92
12 55
28 58
2 83
8 18
12 25
3 67
1 88
29 34
8 43
24 25
0 6
28 21
7 66
23 26
5 24
19 97
18 72
18 44
20 46
6 6
25 34
26 5
2 90
7 93
27 74
12 67
6 32
5 65
18 24
13 94
18 78
23 54
10 32
29 11
1 8
11 34
28 95
2 82
4 18
21 38
25 17
0 42
15 89
27 49
22 88
18 30
10 12
24 5
16 52
18 63
12 43
11 88
19 77
5 56
11 58
18 75
29 45
3 21
5 28
16 83
3 62
0 49
0 62
7 70
8 35
27 16
2 63
21 31
29 97
0 34
13 20
20 84
17 45
30 14
18 27
15 25
5 93
18 2
14 63
13 99
1 4
4 15
8 68
11 19
25 83
18 27
27 70
29 25
11 23
29 29
7 6
6 81
2 86
30 91
0 15
4 79
24 58
15 24
7 69
12 93
27 57
23 30
20 14
9 79
30 15
26 85
7 59
8 50
30 74
5 57
27 97
12 16
3 84
9 24
22 27
9 97
11 19
2 53
4 19
8 97
4 68
6 45
15 62
12 59
19 7
9 47
18 69
26 9
29 81
8 37
0 48
18 21
17 9
19 35
15 49
16 81
26 85
26 86
21 3
28 9
26 12
12 97
9 14
12 68
23 93
29 96
12 82
10 6
17 91
15 56
12 40
19 9
4 91
26 11
26 17
10 47
20 11
20 50
12 9
16 94
17 23
29 91
19 14
7 49
12 100
25 37
18 99
8 62
25 79
12 61
14 96
9 56
7 2
15 89
9 94
27 73
14 83
16 80
13 74
22 44
21 78
10 33
0 8
30 79
29 74
5 70
5 60
17 56
0 54
30 90
26 80
15 87
27 45
21 54
6 55
24 20
10 88
19 28
12 32
24 45
12 22
30 74
12 86
26 100
18 38
24 34
18 49
3 67
9 4
25 87
29 47
25 65
17 9
26 97
18 46
19 2
2 81
19 41
16 71
12 32
16 33
10 23
29 51
26 69
30 46
19 81
14 7
7 13
15 7
3 11
30 28
13 76
7 88
18 20
8 70
19 28
6 19
1 52
11 1
17 71
18 81
4 58
3 66
6 10
27 41
27 75
18 96
0 46
11 65
26 15
30 2
9 36
13 49
12 50
12 28
12 23
3 81
25 68
20 37
17 32
20 83
12 78
16 81
18 35
27 3
7 99
14 68
30 27
10 17
7 91
25 63
30 92
24 17
2 13
4 44
2 81
26 6
12 23
7 65
23 16
14 2
5 53
21 7
0 7
17 26
28 78
29 22
7 70
16 93
11 42
25 42
10 34
3 72
22 19
29 99
12 75
27 74
24 49
11 38
10 37
5 60
24 19
6 12
23 46
10 88
11 40
29 5
11 63
19 37
24 71
10 91
5 53
0 3
22 70
18 40
7 44
6 94
9 71
0 59
17 82
5 22
7 32
4 86
9 26
23 41
2 96
29 59
30 31
22 3
11 66
19 85
3 19
22 39
29 55
12 80
14 86
14 2
2 69
3 71
22 77
13 96
11 81
15 70
7 52
14 8
9 90
17 74
3 90
17 24
20 30
26 64
27 38
3 38
14 67
26 67
1 61
11 19
19 50
27 78
3 67
0 83
3 5
30 4
16 73
5 58
2 44
8 78
20 37
28 86
5 95
11 3
0 85
23 61
26 70
14 31
12 86
4 7
16 62
19 27
11 99
8 94
27 34
4 62
5 13
16 1
1 20
4 98
1 45
23 89
8 91
7 8
17 30
7 45
22 72
7 10
1 75
14 34
19 79
15 11
14 35
6 6
19 9
20 81
4 52
29 14
3 8
5 70
7 33
1 80
3 7
17 37
3 21
30 19
29 8
5 44
5 79
10 56
26 32
2 47
30 71
27 50
19 50
27 50
13 76
3 75
11 74
22 84
14 4
2 17
3 81
26 7
7 58
22 48
23 85
18 29
29 54
2 5
2 56
1 34
28 61
28 9
19 39
3 22
28 78
13 20
24 98
19 11
10 69
10 90
28 19
29 91
30 14
26 18
6 91
15 54
7 93
25 35
12 35
8 55
29 85
29 35
21 25
14 20
20 21
17 13
0 15
7 61
20 86
18 62
22 67
20 75
28 11
24 93
11 79
2 66
18 73
7 48
5 59
8 68
23 88
7 74
23 30
5 58
25 63
20 41
0 39
30 58
10 30
6 63
1 26
6 27
1 93
11 39
10 1
26 94
17 47
28 69
23 81
29 4
25 10
3 37
5 44
10 31
25 7
7 90
7 95
28 87
7 70
6 51
2 77
8 31
11 55
8 7
4 94
22 11
8 67
17 46
6 65
6 13
25 28
12 53
22 52
25 98
15 96
29 91
9 8
8 29
24 86
6 73
20 69
1 78
12 84
5 87
20 71
2 29
16 35
8 47
9 17
3 16
25 17
2 58
8 33
19 69
27 44
23 59
29 82
21 2
30 78
13 15
9 17
3 44
11 100
21 9
23 32
19 3
20 86
18 9
10 12
16 1
4 49
3 79
20 38
20 26
1 77
3 95
8 30
18 15
10 82
15 37
30 81
11 85
11 100
18 10
7 63
22 62
27 22
12 4
8 29
3 27
26 69
29 93
2 94
12 98
24 81
27 5
4 30
7 24
2 65
7 62
8 28
24 63
11 44
28 48
16 25
19 78
29 39
1 66
20 40
4 95
21 61
25 50
5 39
25 91
30 57
10 78
24 38
24 44
25 50
26 8
25 49
11 66
11 34
24 66
28 84
10 46
9 61
18 32
29 34
25 78
23 26
6 100
23 2
17 100
5 19
14 37
3 4
18 19
5 23
10 71
28 60
25 45
6 19
13 5
10 39
9 5
16 44
3 27
9 27
15 55
25 50
29 39
19 4
24 17
12 85
9 31
4 66
23 27
21 96
1 8
30 75
28 89
22 14
12 75
10 42
23 52
30 45
2 35
8 64
11 22
14 1
8 85
11 89
29 17
3 82
21 79
17 39
30 79
3 7
17 95
11 37
10 5
9 3
28 90
19 68
6 13
10 62
0 15
12 4
28 73
14 82
5 98
25 74
6 98
20 79
16 90
29 14
0 69
30 37
8 1
27 73
26 17
1 10
18 97
29 40
9 31
20 36
0 53
12 89
25 20
26 30
8 43
14 70
16 89
9 52
8 81
26 98
28 28
6 74
14 97
10 43
16 16
20 33
25 72
22 54
5 67
6 13
19 42
30 63
19 44
23 32
9 93
11 48
19 99
1 79
9 64
30 48
1 50
1 64
20 24
19 84
18 66
24 12
17 33
30 57
5 41
1 90
9 13
20 70
28 89
18 3
1 96
5 73
20 83
21 81
21 42
14 84
25 30
8 2
11 78
19 51
12 23
4 48
13 48
6 48
14 29
22 98
12 73
23 17
1 81
29 26
6 13
4 60
7 51
13 50
24 33
6 44
15 87
23 56
19 64
23 67
1 9
4 78
5 25
15 8
11 24
0 54
25 79
13 12
10 35
11 13
0 70
20 3
10 36
15 64
0 62
13 11
18 28
15 28
26 61
22 71
7 16
4 48
1 31
0 2
10 61
28 74
23 1
9 65
27 80
21 62
30 45
21 97
7 23
17 77
18 100
28 33
19 25
0 26
24 14
29 69
22 87
24 99
20 33
27 52
21 66
10 3
6 44
20 72
15 67
1 31
22 59
16 46
6 11
30 27
1 81
17 45
15 64
14 21
30 65
19 81
20 8
20 78
26 41
16 81
26 74
0 27
3 24
17 7
3 77
9 100
28 74
25 92
7 55
6 50
20 77
26 87
10 70
7 57
1 98
26 82
7 11
12 77
22 36
0 12
7 44
15 87
7 12
24 17
29 8
9 37
28 37
10 82
23 44
22 88
20 63
30 4
12 72
26 47
15 45
25 41
11 57
21 6
6 28
7 78
26 83
10 28
21 83
24 63
25 24
26 72
20 2
12 26
5 30
18 98
5 10
11 63
25 55
11 95
15 38
22 99
13 10
21 44
28 3
3 1
18 52
2 41
9 47
11 38
18 75
15 72
30 87
17 20
8 80
21 23
11 72
15 58
2 32
11 85
11 98
1 42
30 26
9 44
18 30
15 99
16 84
8 80
22 66
2 38
26 16
17 57
23 82
18 95
8 8
26 67
26 39
17 4
19 19
0 4
24 88
3 37
18 69
5 58
2 4
5 43
13 49
14 63
26 100
0 96
2 2
8 3
26 15
17 97
2 82
14 33
16 68
6 60
10 4
4 43
9 29
28 65
27 100
13 41
28 5
10 51
30 66
13 6
17 88
25 13
4 46
25 66
10 62
12 46
16 34
29 93
10 39
9 90
16 25
29 92
18 53
6 26
2 91
2 93
22 46
4 65
21 68
18 82
23 1
21 53
28 12
30 73
4 21
8 41
5 51
30 99
7 11
30 28
14 46
21 71
24 28
20 22
28 80
25 27
6 65
30 88
0 47
0 72
6 41
20 95
22 100
12 100
7 41
24 31
0 88
15 27
9 50
10 7
29 42
4 27
8 69
1 32
25 81
5 73
21 8
19 6
25 99
2 82
29 6
26 73
7 88
14 12
26 64
1 8
14 79
12 48
18 3
23 21
12 18
20 60
26 91
2 94
8 14
12 70
4 29
29 59
29 2
11 25
12 90
14 18
15 10
1 99
1 50
24 26
17 35
1 84
9 80
21 27
20 99
11 4
25 87
22 68
6 63
15 74
2 77
9 21
30 55
20 33
19 3
15 14
9 2
3 91
26 97
10 22
2 92
24 60
12 9
23 75
5 69
2 4
4 9
26 61
2 31
25 99
14 20
18 78
20 47
4 26
27 77
20 83
17 35
3 91
1 49
28 24
27 19
14 61
24 89
13 6
0 64
19 3
27 27
16 43
15 48
0 4
20 21
9 30
27 27
29 73
9 83
0 8
27 22
13 5
9 27
15 87
14 28
1 81
5 51
12 34
18 71
14 40
24 19
22 100
28 93
22 98
2 92
2 87
21 11
9 69
25 20
30 55
14 43
8 30
12 66
25 57
26 44
19 41
21 20
21 93
26 19
14 31
0 70
5 6
20 81
19 15
18 64
10 8
15 63
26 72
24 71
23 86
27 86
24 8
17 56
3 97
15 48
9 71
2 4
18 75
6 60
14 94
12 67
20 89
30 7
27 14
25 49
15 15
23 49
1 59
9 44
16 36
24 58
10 22
7 68
26 69
30 88
13 20
14 16
16 37
29 58
0 48
23 71
4 54
26 65
1 92
6 94
30 100
1 86
7 15
22 30
9 92
17 77
22 98
8 98
22 59
8 69
10 30
19 96
14 14
25 23
26 38
22 25
9 64
28 79
22 7
14 6
4 33
29 97
5 97
24 1
8 85
20 8
22 97
17 80
27 12
25 78
5 42
18 79
16 35
0 73
7 13
3 94
25 19
14 68
8 14
2 12
4 44
4 41
8 4
24 96
17 11
12 73
8 53
21 47
27 14
26 54
18 20
22 12
28 78
30 22
17 31
14 45
27 72
29 21
3 36
0 15
22 35
17 57
30 43
30 34
18 43
6 7
16 78
26 96
25 7
30 7
28 97
22 71
11 70
21 77
28 99
4 51
29 48
15 14
14 22
29 69
15 3
12 59
8 81
22 74
8 28
9 3
22 71
3 42
9 82
19 43
12 94
28 66
27 4
24 15
1 45
18 96
15 60
26 18
10 1
18 9
18 35
18 26
11 64
28 47
18 71
6 98
10 45
30 38
24 41
10 99
2 19
9 99
27 68
8 83
14 56
27 49
20 77
27 14
4 61
3 90
11 81
5 53
6 78
17 6
26 39
28 35
12 73
10 15
5 13
10 83
6 44
6 18
12 26
21 76
7 76
18 78
5 73
12 14
1 49
13 75
8 22
30 72
11 75
29 84
14 74
17 44
22 48
19 93
20 82
19 47
7 6
1 26
27 18
19 33
18 59
7 69
7 52
7 97
7 26
27 35
22 6
29 54
12 24
9 80
16 60
12 87
13 23
24 76
27 25
21 71
14 41
27 75
26 16
0 35
1 13
28 75
1 46
12 84
11 18
21 75
3 58
4 31
28 45
1 32
18 69
30 83
4 8
0 38
8 85
26 9
29 69
5 53
10 48
7 91
30 81
20 75
13 20
8 58
22 73
26 11
27 37
14 77
8 24
17 32
28 22
16 29
9 72
2 97
29 8
26 59
9 14
27 74
29 73
1 14
27 68
5 92
10 98
20 94
1 66
9 11
7 28
16 75
25 38
15 17
13 58
7 70
27 61
1 79
8 62
4 9
29 41
4 70
28 19
27 13
14 28
13 61
3 29
11 94
20 67
9 51
28 67
5 87
15 79
17 14
26 57
4 98
22 73
24 90
30 66
3 75
1 41
2 40
24 89
27 62
16 78
25 2
2 19
10 46
1 81
26 97
10 77
9 33
23 25
20 99
17 49
8 11
9 99
27 9
22 78
11 31
5 2
1 62
30 30
30 98
12 92
3 4
9 12
9 10
19 16
11 51
26 66
22 43
7 86
5 10
5 37
3 96
4 50
18 60
11 93
11 74
15 90
21 28
9 60
1 69
18 69
22 71
26 38
11 70
0 80
8 86
28 49
8 97
9 2
23 69
18 73
6 36
5 98
1 27
22 78
7 7
3 51
29 6
19 56
7 82
10 29
5 96
22 31
20 1
9 43
4 47
3 57
19 51
15 32
20 59
21 43
25 96
0 3
27 100
27 13
5 20
13 67
9 25
17 18
6 47
8 48
22 30
28 1
19 28
25 25
28 62
27 90
19 95
8 59
6 35
23 98
0 18
23 97
17 67
2 48
18 99
5 50
30 25
7 68
21 76
22 70
9 39
12 94
18 41
6 14
30 86
7 38
30 38
7 72
20 23
9 2
17 21
17 94
23 6
5 3
11 3
11 27
7 31
8 50
19 57
9 63
17 39
5 17
7 55
19 89
13 23
27 46
8 97
9 6
20 76
2 48
30 47
7 72
29 14
21 12
8 19
2 39
4 77
25 7
3 70
11 45
17 66
3 71
9 71
4 32
7 7
11 68
21 89
25 90
20 86
29 43
18 75
16 97
7 95
29 57
1 53
18 97
11 23
1 37
5 93
21 70
3 89
21 10
9 42
19 50
1 70
18 63
7 38
15 12
15 21
7 37
1 65
21 6
16 54
29 63
26 89
16 23
14 61
25 67
25 31
22 18
0 76
15 22
13 17
29 44
25 16
9 6
16 75
13 11
16 50
4 55
13 89
17 27
2 89
3 42
13 7
20 39
10 76
8 93
21 40
7 68
15 21
21 78
15 19
27 41
19 24
9 32
9 75
8 48
1 73
12 80
7 90
17 80
25 16
7 45
25 72
4 15
28 59
8 4
25 87
21 35
14 45
7 3
16 36
24 34
28 43
7 93
26 37
26 99
13 43
3 14
27 90
20 9
30 43
26 43
11 93
15 11
28 71
8 24
23 99
4 17
0 90
4 67
7 45
8 51
23 61
29 69
2 7
5 84
26 10
8 94
17 13
18 88
24 79
16 16
15 67
24 27
7 82
8 52
11 15
24 99
20 47
21 29
18 58
18 37
14 92
10 64
1 41
12 93
30 92
6 56
13 57
1 37
2 50
14 56
29 98
20 59
16 11
9 3
27 54
27 89
16 33
24 86
7 18
24 31
12 17
1 54
7 30
4 41
0 96
20 92
9 70
20 11
21 67
21 31
9 22
26 85
25 93
26 88
6 58
26 16
21 96
9 14
3 46
23 42
13 95
23 65
3 15
16 13
27 80
15 76
6 10
4 16
0 24
1 82
16 7
21 13
28 82
14 9
19 86
6 40
11 28
11 4
28 20
0 10
27 22
11 41
21 53
30 24
1 53
9 32
17 97
10 46
22 63
10 73
7 74
30 73
1 36
28 20
5 67
8 75
29 18
12 73
16 39
28 94
30 86
30 56
17 23
10 48
6 90
4 86
27 64
4 50
22 29
0 54
0 64
18 31
15 78
13 59
28 14
14 54
17 13
7 55
21 53
9 14
24 44
11 66
22 91
2 28
11 7
28 96
25 12
16 69
3 25
27 52
15 35
15 15
12 12
11 23
15 56
20 9
16 58
24 53
6 80
17 59
12 74
27 27
27 35
14 20
0 100
28 88
7 71
20 31
4 38
23 55
20 80
30 36
14 26
24 24
28 50
29 24
12 35
27 4
21 28
10 53
2 81
7 43
20 15
6 44
21 38
26 100
8 91
0 11
22 29
6 56
4 44
22 96
19 59
28 69
22 38
25 85
8 6
28 81
25 29
2 83
2 3
10 17
18 4
23 79
16 46
14 23
1 28
12 64
22 79
8 10
28 50
25 21
1 41
10 77
28 74
8 12
14 37
14 20
26 6
9 36
6 2
7 91
30 29
18 58
7 58
20 40
6 64
27 92
27 34
17 42
20 78
8 47
8 65
3 50
25 2
17 35
24 4
29 53
11 31
29 62
30 19
29 77
8 73
4 81
7 86
6 81
9 65
24 99
13 63
9 2
21 23
26 31
20 89
16 90
27 12
16 74
12 48
28 90
24 9
21 78
12 69
6 65
3 15
17 58
26 92
23 16
1 37
17 44
30 84
30 19
17 56
13 48
11 53
11 46
28 40
26 42
24 48
21 47
5 65
18 40
16 61
6 80
30 59
17 79
1 47
8 59
24 36
24 52
14 47
18 29
22 94
17 20
30 7
5 98
0 91
14 15
13 25
20 31
10 79
8 63
10 95
17 59
21 12
26 26
5 80
18 56
7 14
0 70
3 98
30 68
7 40
21 92
2 64
17 80
6 49
28 25
14 9
5 39
16 59
13 42
24 1
3 20
25 29
8 37
30 22
20 62
29 34
17 46
28 39
8 6
14 18
13 29
9 38
15 73
27 14
25 97
29 6
23 77
13 46
22 57
4 36
19 81
10 78
16 81
23 15
18 8
17 16
20 95
19 95
13 63
5 91
23 63
24 59
8 67
18 76
6 56
20 59
23 51
3 90
18 80
24 52
9 72
15 44
29 58
15 23
10 69
13 37
0 54
30 57
25 99
8 25
16 58
2 88
24 16
11 65
10 37
28 59
14 99
15 83
2 3
2 55
14 36
12 7
28 37
3 78
30 96
2 89
8 9
28 66
13 35
11 25
20 19
20 76
27 53
14 84
6 20
14 35
30 29
7 29
16 74
22 71
20 21
22 25
22 72
14 15
3 30
18 5
0 62
10 63
5 49
26 81
24 98
22 61
30 62
6 69
2 13
26 43
19 72
18 8
30 32
24 61
12 11
10 86
3 47
1 64
25 85
28 11
6 70
8 50
10 73
14 19
18 5
4 77
24 36
30 84
28 65
2 34
23 90
11 12
26 56
5 42
2 19
28 15
2 2
3 45
28 55
14 48
13 76
21 54
5 12
5 89
22 23
4 32
17 40
1 49
29 12
8 94
4 100
6 18
28 85
21 52
25 5
11 55
20 16
21 60
29 58
13 48
1 89
9 73
7 99
8 9
10 41
18 98
8 92
25 94
23 64
11 8
14 57
27 66
22 69
18 61
10 43
9 11
12 43
11 11
0 74
27 59
16 92
30 30
28 29
17 95
4 75
1 10
1 42
27 30
23 52
1 30
17 45
3 74
21 20
7 52
1 42
10 11
9 74
26 83
22 54
12 14
24 65
5 12
1 11
13 31
7 91
1 34
28 3
16 1
29 93
17 46
14 83
4 83
0 4
1 47
0 14
12 43
0 55
28 64
13 64
6 56
21 56
22 96
18 1
22 9
30 18
16 64
14 98
9 51
21 21
19 9
2 43
12 52
14 38
19 93
9 1
6 34
8 74
11 18
25 3
11 72
2 32
20 75
6 66
19 44
14 91
11 36
15 54
7 9
15 14
18 55
2 11
3 21
20 99
6 92
23 82
11 21
18 80
17 56
28 88
10 5
26 27
22 29
30 63
9 6
7 82
21 42
27 72
12 10
6 32
25 74
21 56
2 35
15 76
10 45
12 35
15 29
0 55
19 50
19 74
29 8
3 20
13 52
16 98
23 22
21 28
6 43
25 95
6 5
28 94
5 6
12 84
19 34
25 60
29 28
24 91
4 80
19 92
15 77
18 61
22 72
26 39
7 42
10 51
5 80
18 78
30 15
29 24
12 71
13 68
12 61
27 8
27 53
2 80
22 48
0 29
17 9
19 40
2 19
30 59
11 91
28 13
19 83
26 82
30 63
19 96
11 16
14 92
9 98
29 78
8 17
18 53
1 53
27 2
13 58
21 5
8 79
25 25
21 57
28 67
17 12
14 15
27 29
1 39
25 96
10 13
15 38
22 70
10 42
15 22
15 39
0 47
27 33
2 35
17 31
7 10
23 46
18 98
1 69
13 73
12 75
16 99
19 24
7 61
9 5
6 18
9 85
25 94
22 48
6 54
30 66
12 42
21 83
3 52
22 58
22 26
7 1
15 14
2 96
19 23
27 48
5 58
20 28
5 92
28 89
0 18
22 16
28 55
25 89
13 65
26 50
11 3
4 6
6 26
12 92
23 32
13 77
10 64
7 12
14 4
28 55
30 97
16 52
24 91
0 74
5 82
12 68
9 11
29 22
28 67
26 31
3 34
6 95
9 45
22 52
17 19
26 26
17 83
10 69
13 37
11 76
25 57
27 31
17 37
3 54
15 39
12 30
15 66
29 14
15 35
3 59
13 78
20 31
30 37
17 52
5 61
13 44
1 66
15 11
27 92
26 70
1 12
30 60
25 24
4 89
11 17
22 40
17 19
20 32
13 30
29 36
2 42
14 85
27 93
2 56
2 58
25 95
26 84
26 2
29 17
19 11
27 17
18 61
26 38
16 71
23 26
27 95
29 78
27 49
10 15
2 5
14 64
23 29
18 85
30 7
21 10
24 76
10 87
25 18
18 19
0 39
15 77
1 50
16 30
10 36
0 17
13 74
5 42
20 49
28 60
2 60
30 81
10 21
11 49
28 34
5 59
21 50
11 82
17 81
19 94
28 67
17 92
0 29
3 89
1 49
5 87
11 89
22 24
10 48
15 13
24 13
10 64
23 20
19 8
25 95
7 37
7 99
30 12
24 25
19 43
14 92
25 57
26 40
16 19
5 100
13 45
14 58
29 43
14 11
11 88
24 23
16 22
7 69
0 33
26 93
16 19
5 18
17 43
28 62
12 95
24 52
2 78
29 47
25 11
9 93
26 45
9 29
8 38
26 49
3 98
15 57
1 96
16 32
9 45
18 71
26 5
1 95
24 78
12 81
8 69
25 61
30 60
27 15
30 53
17 86
21 31
26 95
10 19
8 99
4 55
29 53
29 73
6 42
10 32
3 70
22 51
21 62
6 71
8 18
3 37
5 45
25 56
26 53
6 96
2 13
29 90
21 87
11 8
7 15
24 73
18 31
15 9
28 63
14 7
29 4
21 99
20 81
18 99
29 75
2 41
19 3
14 64
11 84
10 37
24 83
17 75
6 89
15 38
2 26
1 54
9 28
3 20
27 30
19 3
10 24
22 84
21 14
10 83
7 29
21 65
9 21
24 52
24 29
14 64
14 88
15 80
29 17
16 77
22 88
24 10
18 43
20 93
0 96
25 59
22 15
23 4
12 74
7 61
8 72
14 73
21 72
22 50
20 25
18 89
14 1
7 96
28 5
4 99
21 49
7 11
2 24
16 45
6 11
6 27
17 85
3 65
13 18
19 41
0 68
29 26
1 97
26 66
21 57
28 94
0 45
26 76
5 60
19 60
30 2
25 68
2 51
23 43
24 10
4 85
23 46
9 99
18 99
1 79
23 83
22 90
26 40
13 33
1 38
16 18
2 33
2 27
7 75
19 10
3 96
1 9
0 51
21 67
12 13
29 39
16 55
9 66
3 51
16 93
13 50
24 34
16 1
6 35
13 91
7 36
4 42
16 78
11 57
14 47
23 73
1 68
0 70
0 88
9 74
5 18
22 5
0 62
30 5
22 46
15 17
17 43
15 78
27 34
8 21
26 32
18 99
29 9
19 94
17 29
18 60
7 69
0 98
19 11
26 15
27 98
12 17
13 8
3 43
26 80
1 52
20 69
8 2
18 74
9 3
14 25
22 75
5 50
21 24
25 66
7 35
20 52
5 59
9 88
27 63
20 2
30 86
28 42
14 45
15 100
7 53
16 67
17 88
15 19
16 14
3 31
2 62
17 69
14 76
3 22
2 51
1 10
22 74
9 66
20 90
29 84
20 97
16 16
2 18
14 19
0 90
27 38
6 86
6 39
6 14
4 79
18 12
6 47
13 61
14 70
10 48
24 33
3 5
21 75
29 59
28 49
0 16
7 33
20 11
0 21
8 86
2 5
30 80
28 86
23 50
13 86
14 72
23 92
3 90
7 1
25 76
3 87
4 67
1 40
1 93
27 1
12 48
5 39
13 15
21 65
25 92
6 11
23 38
4 47
14 96
21 61
20 37
11 47
23 62
2 56
6 62
27 55
4 56
20 29
28 52
26 64
9 5
27 27
17 98
17 81
12 69
6 73
9 81
7 50
14 24
19 39
3 6
20 61
11 41
16 33
29 78
2 78
1 46
3 55
7 37
30 2
12 62
17 87
6 92
2 8
28 92
17 7
24 8
26 63
14 91
26 32
22 32
30 70
28 26
28 63
3 71
8 32
3 4
7 74
3 97
13 100
26 47
9 48
20 19
17 36
21 97
11 95
20 2
0 51
7 20
22 90
23 67
10 43
23 16
29 63
30 23
20 64
5 3
28 57
15 14
7 88
0 46
16 63
0 23
2 43
26 80
7 84
27 96
2 4
26 28
15 91
6 23
10 48
18 66
13 8
15 70
23 8
27 70
1 55
12 37
25 92
15 66
20 6
8 1
6 23
10 77
23 40
17 59
23 1
4 7
1 57
0 61
8 36
6 33
21 28
8 2
14 78
11 6
28 91
21 74
29 87
30 6
6 22
30 100
29 33
22 17
30 97
21 76
22 1
2 27
14 20
0 48
5 87
7 41
27 77
25 80
11 97
5 89
25 41
7 9
20 84
21 24
23 62
9 15
9 3
10 47
9 32
27 62
24 47
28 22
4 18
14 3
4 98
11 26
4 33
11 60
29 69
26 35
28 73
3 53
12 18
6 72
10 74
28 40
7 87
15 20
22 87
3 47
26 82
14 96
26 28
18 100
17 54
29 71
19 38
12 56
2 56
20 70
11 59
17 17
18 11
23 97
8 75
9 22
18 17
23 77
11 23
5 84
2 15
17 57
30 84
20 60
17 87
17 17
30 67
7 66
20 23
17 6
11 28
24 12
17 29
22 58
6 47
15 61
25 21
2 8
12 85
22 8
0 91
10 13
9 62
25 27
19 50
5 94
12 23
17 63
26 80
22 60
22 39
19 75
9 65
0 34
24 79
28 57
5 72
16 58
28 21
19 58
28 58
26 75
21 70
11 69
1 62
0 47
10 36
28 5
17 46
0 66
25 14
7 40
1 38
1 71
21 69
13 50
16 58
3 37
1 79
3 37
27 24
29 77
17 75
30 41
27 22
3 18
16 31
23 44
28 52
27 1
5 36
11 47
22 52
13 45
15 14
19 59
15 84
5 55
27 34
21 19
7 3
21 7
30 45
12 67
28 73
14 70
9 87
14 77
23 57
6 14
1 2
26 3
6 58
14 19
15 66
17 65
18 94
20 88
23 23
8 71
3 51
18 78
28 36
17 90
4 4
8 62
18 92
21 88
8 68
12 25
17 48
10 86
16 8
26 49
15 12
25 57
29 11
30 26
16 10
5 7
15 79
24 3
11 45
30 51
15 20
23 89
7 3
16 8
15 78
3 56
26 89
22 14
17 49
30 43
13 78
2 34
1 31
6 39
9 49
20 22
12 45
6 54
29 94
10 30
28 50
5 59
24 37
4 68
29 67
23 83
6 76
2 92
28 55
10 40
10 30
14 25
18 90
5 1
17 66
11 88
6 94
23 61
26 6
30 71
10 92
10 2
16 83
12 51
18 62
13 81
13 15
5 24
3 64
4 75
26 7
22 41
12 87
0 4
7 37
30 25
11 8
7 71
22 72
20 83
4 68
30 14
25 6
25 96
0 28
23 87
7 95
8 39
25 14
28 42
27 88
0 83
8 84
6 7
28 57
2 64
12 84
9 54
29 17
15 83
27 51
6 46
2 61
22 71
12 22
23 21
15 61
5 53
24 11
18 3
12 47
2 46
16 89
20 65
1 39
20 61
4 53
18 32
4 77
9 11
12 95
7 30
27 41
30 73
15 37
27 25
19 61
17 87
15 1
21 74
6 10
3 9
21 41
1 32
17 75
15 3
15 28
17 46
21 50
30 60
26 96
2 3
15 34
6 38
3 65
22 54
11 37
12 41
10 90
0 90
18 53
30 27
2 83
9 100
4 85
0 41
23 43
18 5
2 61
18 6
5 74
5 90
22 9
24 6
2 87
6 94
16 92
25 95
14 83
14 75
26 52
0 50
25 29
11 29
28 60
23 65
15 62
18 99
11 71
18 27
27 22
27 36
23 28
21 48
12 45
30 84
16 44
21 26
12 35
16 12
15 20
12 66
23 10
3 54
21 13
12 15
16 48
3 91
7 9
8 52
17 21
22 72
19 39
3 71
7 21
1 38
2 34
5 3
11 52
7 59
2 27
20 97
17 16
6 62
13 70
14 75
8 2
0 4
7 38
17 54
28 27
4 53
27 42
1 43
4 64
12 21
20 60
20 84
27 59
0 22
18 19
8 1
28 88
10 17
18 11
27 23
16 32
24 26
3 57
6 24
24 75
16 83
28 15
19 68
23 13
6 88
18 51
13 76
9 44
12 85
17 53
21 53
19 27
5 25
2 5
18 96
3 72
17 28
0 40
19 52
11 22
16 12
22 26
8 75
17 31
7 90
29 41
25 99
0 78
5 67
6 69
7 70
28 83
10 57
20 22
6 19
15 28
4 1
21 51
23 8
12 95
9 69
29 96
28 97
30 59
10 17
18 62
6 42
1 25
19 84
30 97
25 98
2 27
5 87
18 56
4 67
21 34
21 51
11 81
9 45
12 43
4 75
25 70
24 69
15 30
21 99
5 53
23 97
17 45
9 56
11 46
10 13
3 2
7 7
12 30
23 14
22 76
19 50
16 7
29 65
3 21
14 57
23 74
17 88
29 89
13 20
6 92
13 58
27 75
4 12
8 97
10 62
23 33
22 50
20 75
7 23
22 27
11 65
21 31
13 17
13 2
14 63
12 30
11 1
26 89
28 87
5 39
0 17
3 9
6 22
17 7
14 59
30 1
18 57
20 74
4 74
19 76
17 27
19 92
18 2
2 16
12 55
10 67
23 42
25 18
27 30
29 65
19 64
16 36
3 7
24 35
30 87
4 81
18 27
28 27
2 26
4 76
0 7
16 59
0 4
3 11
18 20
2 7
6 46
23 27
25 80
16 4
6 100
19 57
21 66
5 54
7 83
23 84
4 2
23 16
0 64
0 46
9 33
17 99
13 25
7 89
4 47
29 44
16 83
10 31
21 32
18 85
13 84
1 70
25 67
28 82
21 84
2 61
6 4
8 55
12 59
13 89
14 76
14 54
9 28
1 35
16 58
13 35
10 8
25 72
1 52
25 12
19 100
14 93
5 89
4 85
12 58
11 38
19 13
28 21
22 58
26 87
17 49
2 33
14 13
24 89
26 89
22 62
12 67
23 39
11 13
9 17
29 62
26 1
5 5
27 38
0 79
16 48
14 63
0 89
27 57
5 39
15 82
13 94
16 83
22 47
4 35
1 92
27 14
11 78
9 80
27 46
30 16
17 83
29 13
5 72
13 98
7 60
1 1
19 8
12 69
3 33
20 9
3 65
5 96
5 50
10 98
15 8
5 98
27 65
26 53
19 35
15 30
25 72
11 56
22 45
10 39
11 17
19 79
18 41
18 39
5 45
6 8
10 41
12 89
1 83
4 88
17 89
28 34
26 46
11 78
24 33
7 47
30 75
12 8
16 15
13 18
17 93
16 59
16 26
12 90
4 10
20 9
24 49
15 20
24 43
0 44
0 100
12 97
12 2
22 19
0 6
28 63
17 31
28 8
7 86
27 46
21 87
30 18
20 93
23 53
28 73
9 96
16 54
22 56
23 3
15 46
27 98
22 16
11 94
4 95
9 53
10 31
7 74
11 60
4 86
14 14
28 40
26 86
10 52
4 55
1 68
3 50
1 89
5 3
15 100
16 30
25 17
2 66
26 91
28 74
26 58
15 94
9 34
18 59
25 58
2 3
26 72
20 32
13 64
8 22
29 17
17 90
28 23
22 12
13 22
13 6
0 69
12 28
23 32
18 11
24 60
13 45
5 6
15 50
30 33
10 9
30 47
26 80
0 82
28 32
9 11
24 38
16 96
14 48
30 97
20 74
16 29
7 99
29 14
21 58
8 88
19 57
15 81
7 77
29 41
1 16
0 92
15 86
19 69
23 3
13 42
18 63
7 8
17 36
22 71
23 67
23 40
16 33
17 94
3 84
16 58
17 9
21 25
18 62
1 25
4 88
7 88
4 11
17 41
30 31
28 75
0 11
21 73
10 28
30 100
7 93
21 71
24 51
11 63
1 8
2 27
11 44
8 6
7 44
0 69
23 78
22 72
8 42
28 3
8 40
11 23
25 23
4 92
3 47
8 98
21 48
16 59
15 57
23 52
9 48
19 36
13 64
13 26
11 84
24 61
6 62
23 48
30 76
8 67
8 53
1 33
24 90
26 65
13 20
7 17
14 70
22 16
7 5
29 57
24 97
28 70
11 67
26 95
7 20
23 30
2 78
30 43
12 76
4 21
20 53
14 41
1 51
22 17
12 79
24 51
8 2
15 59
30 64
27 70
3 5
14 22
6 45
19 68
7 43
26 29
13 27
22 78
15 37
18 3
1 12
2 86
1 26
14 39
19 37
10 18
1 80
2 47
12 80
2 70
10 59
0 80
3 84
29 77
7 58
30 72
18 22
10 72
24 27
10 91
15 82
28 37
6 58
6 78
9 14
24 62
16 1
9 82
1 96
5 78
8 15
10 29
21 9
26 61
23 69
20 48
2 74
23 14
24 3
19 46
4 29
25 35
25 58
27 60
0 84
16 26
29 65
22 74
21 85
26 75
17 86
27 54
24 36
10 87
25 35
28 8
13 34
20 52
28 8
26 2
30 19
2 42
23 79
8 89
28 7
25 72
23 56
9 16
9 81
3 7
1 62
6 3
29 61
15 67
1 17
15 99
14 10
2 15
23 13
6 76
21 57
15 59
5 54
21 22
27 50
10 28
28 34
24 48
10 55
7 28
13 63
2 38
9 30
16 75
21 3
23 56
28 66
27 4
26 37
21 37
1 74
18 99
6 60
7 49
6 53
14 72
14 94
30 84
9 63
19 23
12 11
19 58
28 77
13 45
18 78
4 10
22 17
26 57
4 55
0 83
11 33
3 60
9 44
4 54
14 49
2 1
30 97
25 96
3 75
27 97
16 66
3 23
3 94
12 95
8 47
21 61
15 71
22 67
16 14
13 4
24 96
10 59
12 2
10 86
5 41
10 65
13 77
30 43
26 65
22 69
12 77
8 10
24 86
21 60
9 78
4 87
23 57
21 82
22 90
17 93
30 91
0 24
4 100
27 39
25 96
11 38
8 42
8 92
17 86
29 2
12 19
4 72
24 14
18 29
17 5
6 40
22 32
12 40
12 73
27 54
8 47
9 61
6 93
2 15
7 88
1 76
26 34
3 63
25 23
8 62
14 42
13 43
7 3
19 77
22 5
10 57
5 63
10 86
21 32
28 66
6 13
22 17
1 62
10 37
20 42
20 50
26 12
7 2
17 90
7 37
11 15
30 37
14 14
21 64
4 76
1 3
12 23
23 23
30 13
13 82
25 74
11 95
13 32
22 99
4 8
3 7
16 84
14 16
7 15
5 67
17 32
8 70
12 89
14 51
9 58
11 92
27 54
18 95
11 66
22 30
11 87
19 59
12 11
26 85
27 82
16 37
0 16
17 44
21 60
17 50
28 77
19 74
13 100
0 85
19 44
5 23
2 20
8 95
10 86
19 48
8 48
3 38
13 75
24 39
23 95
22 41
10 92
15 74
3 77
21 52
14 7
3 33
14 81
24 70
19 45
4 75
13 68
10 55
24 68
10 59
6 92
9 100
1 12
26 1
6 66
17 19
21 24
15 83
4 2
12 16
18 82
21 68
15 69
11 17
4 24
8 12
19 80
6 30
18 79
16 82
24 48
22 31
24 5
18 66
27 37
1 58
4 47
1 60
30 31
17 58
27 47
26 41
29 39
14 44
27 40
28 11
12 22
30 52
6 73
27 83
24 95
18 88
10 30
28 37
27 88
29 81
17 43
23 93
13 7
24 8
20 53
29 63
14 66
12 28
4 89
30 9
11 59
28 57
30 92
9 44
8 89
15 11
9 27
14 85
19 4
22 11
18 77
28 19
27 38
4 26
12 60
9 72
20 63
9 36
25 18
9 53
18 36
7 16
3 92
2 50
30 82
12 54
15 37
13 93
29 63
8 36
18 9
2 67
25 5
17 89
28 9
8 85
22 41
13 73
18 32
12 46
18 15
27 57
19 3
25 16
8 12
22 18
19 69
18 5
9 98
10 35
5 1
7 87
13 37
3 54
5 69
13 23
9 32
8 60
6 85
5 6
10 47
24 42
20 93
9 87
0 75
18 21
5 41
29 2
21 94
16 28
19 90
14 55
22 4
21 76
28 21
16 20
23 54
14 22
30 74
2 15
16 30
4 69
17 5
24 95
21 75
16 54
24 15
21 28
13 95
2 69
7 67
1 67
3 71
18 29
16 53
5 61
25 79
28 94
29 90
23 41
15 100
3 55
11 32
30 46
28 54
28 3
2 57
30 59
25 28
11 70
7 88
13 94
9 86
10 58
22 73
8 55
7 87
8 24
3 73
15 37
22 74
11 55
14 51
9 50
20 97
5 72
5 24
8 48
22 23
14 23
11 86
5 92
12 99
13 2
3 73
13 29
7 54
27 2
16 91
17 15
14 87
12 72
11 57
20 24
16 42
18 60
26 22
4 98
10 19
11 16
1 37
18 32
10 8
16 22
0 49
27 85
6 42
4 67
20 36
11 16
0 24
17 7
3 91
29 73
9 46
8 43
7 55
23 97
18 23
19 53
8 83
1 66
24 46
12 22
5 27
13 83
17 62
11 77
4 28
21 3
23 45
13 41
23 8
4 20
23 56
2 69
18 39
19 86
3 63
29 68
25 79
14 24
29 29
10 48
22 89
4 89
23 22
15 45
8 34
30 80
15 34
18 45
1 87
15 32
9 73
23 10
22 42
13 32
6 82
25 36
22 53
30 94
11 66
28 30
22 91
0 19
8 19
18 59
28 66
10 76
16 4
14 39
11 62
29 17
29 99
24 34
6 38
8 23
22 77
5 58
30 24
17 77
16 9
20 7
10 97
7 4
8 94
29 11
28 28
17 18
4 17
22 82
30 72
3 82
8 27
8 41
12 40
7 74
22 81
8 16
26 27
12 31
1 84
26 6
30 98
25 13
7 81
7 43
8 66
23 75
6 90
28 7
1 57
3 61
3 73
16 48
0 7
13 97
10 20
27 60
25 1
26 94
21 88
30 87
22 79
19 48
11 33
12 64
27 44
6 96
7 15
23 17
9 72
17 7
30 91
6 63
27 31
7 65
11 26
16 52
4 43
3 73
3 38
21 45
6 99
15 19
17 20
17 88
16 26
28 88
29 28
29 71
6 79
27 26
12 64
16 53
4 60
27 54
27 39
22 1
8 57
4 100
9 36
11 44
22 61
7 45
4 2
3 51
2 33
3 29
19 43
23 27
18 35
8 59
12 16
5 55
2 19
6 57
29 96
0 86
8 67
17 16
9 17
18 78
23 13
10 28
4 42
17 67
13 58
13 41
19 53
22 13
11 58
29 77
12 99
25 20
26 80
17 59
18 46
15 43
23 49
27 6
15 65
0 91
21 81
13 53
27 72
26 24
18 100
28 43
27 11
6 8
15 6
12 8
12 28
17 9
27 51
11 30
27 74
9 41
1 12
11 58
12 86
8 41
27 22
18 40
17 20
25 92
13 79
13 79
10 85
4 75
26 83
6 14
12 74
15 71
29 74
9 65
15 54
6 79
28 52
30 14
6 9
21 2
7 91
2 9
15 80
28 92
8 54
17 34
27 13
17 61
15 17
25 9
12 100
5 8
30 88
16 99
15 92
21 12
24 61
23 18
14 9
0 48
30 67
10 85
26 14
25 13
18 6
12 96
28 15
22 26
23 42
23 65
14 27
3 98
10 56
30 23
16 99
13 1
15 35
18 82
28 8
24 30
11 36
25 85
4 85
17 88
3 79
25 96
7 38
6 73
28 34
11 83
19 95
10 36
2 26
24 47
20 91
25 68
17 54
13 17
28 34
25 92
27 25
17 40
17 36
3 84
24 50
6 21
0 21
8 21
27 78
24 7
6 61
21 64
25 94
30 24
1 61
1 3
15 27
16 99
5 29
24 100
2 18
11 74
25 30
0 3
2 24
13 93
18 26
26 28
7 44
7 38
13 62
5 13
27 27
8 88
23 80
8 82
17 31
27 15
24 79
29 19
15 24
3 89
13 7
3 99
30 13
24 73
7 100
5 73
9 13
26 33
8 61
5 79
23 53
8 3
16 89
18 88
30 52
24 92
8 70
28 23
19 50
4 6
7 58
22 53
25 51
4 32
4 65
12 26
10 54
5 13
25 80
23 1
1 53
3 24
29 95
15 94
16 48
1 88
11 64
25 64
6 39
6 21
22 52
2 78
3 75
28 96
8 11
24 21
16 86
27 97
15 51
28 26
27 74
7 98
5 53
2 27
22 59
27 10
26 28
6 34
10 79
25 47
19 40
30 41
26 32
18 83
10 35
0 6
10 54
3 4
26 43
26 53
18 47
24 38
23 48
27 50
11 22
5 11
22 87
26 13
26 64
24 96
5 19
28 70
9 46
0 5
0 28
8 79
14 26
29 32
25 69
29 19
19 9
25 27
23 96
26 43
19 25
8 47
19 9
8 89
26 66
25 86
24 14
27 95
18 87
14 61
21 54
23 23
30 10
2 87
21 40
23 72
30 78
25 61
1 72
24 65
1 62
29 31
15 87
23 45
20 24
7 32
19 87
4 50
14 7
28 13
9 20
5 81
21 68
12 97
4 82
12 10
13 92
0 82
24 89
29 13
7 24
29 24
28 71
19 63
5 68
29 35
13 80
26 87
11 14
4 80
20 13
14 47
21 11
9 7
9 75
10 75
9 22
13 94
12 84
25 45
16 53
5 17
1 91
14 13
19 70
1 25
27 80
26 83
26 75
21 96
30 64
28 30
22 29
5 26
17 60
8 7
28 66
15 62
0 2
7 33
30 92
6 24
6 52
14 23
30 86
5 74
5 86
17 40
0 65
22 69
12 89
25 47
4 43
8 85
3 99
0 1
2 5
5 34
24 28
17 30
18 49
12 30
17 21
1 94
1 18
24 17
9 53
5 94
27 32
7 34
24 73
30 93
2 99
19 83
29 76
26 47
9 90
1 46
5 94
28 54
10 75
15 8
20 5
1 68
19 6
5 13
25 76
12 86
15 61
16 74
27 63
22 11
8 99
29 8
24 83
29 23
0 63
5 75
5 29
21 39
13 14
13 91
16 86
5 35
24 97
29 82
2 72
11 4
4 26
29 44
29 13
2 85
26 34
19 76
27 95
12 13
27 78
27 2
0 39
30 65
3 17
19 97
7 71
13 65
17 83
6 55
26 71
21 1
16 15
29 84
13 25
4 45
2 31
13 86
9 62
20 42
23 19
4 9
22 96
26 72
7 89
7 6
27 53
1 86
0 48
13 67
1 88
30 56
16 93
7 61
28 72
7 78
17 47
29 24
10 1
9 75
18 16
17 85
2 20
15 18
8 18
13 90
15 1
6 84
29 64
6 92
29 7
7 93
13 98
5 77
8 80
25 65
29 78
16 76
15 42
2 20
16 36
10 81
28 55
4 49
4 68
25 98
30 12
26 76
19 96
13 42
11 90
15 70
18 68
23 54
26 57
12 13
4 14
21 87
13 51
10 67
28 15
23 48
15 51
15 17
4 16
15 100
29 7
29 33
15 97
0 82
21 60
16 47
28 67
4 20
23 34
21 9
6 42
23 67
12 51
20 26
23 75
20 95
1 51
4 10
26 76
21 82
19 12
13 58
4 23
2 84
4 19
6 19
1 33
29 27
12 63
25 63
7 56
20 63
22 13
14 22
18 45
18 93
11 81
27 29
24 26
2 64
6 56
29 12
30 58
27 80
21 39
15 81
6 11
26 87
3 19
6 66
16 40
25 25
22 89
20 14
7 98
20 74
15 84
3 51
10 1
6 40
13 25
20 27
25 99
12 84
17 25
22 26
11 8
13 20
17 61
19 16
22 52
16 31
1 100
20 28
16 32
30 64
0 33
1 79
7 26
19 61
24 43
17 58
28 96
12 62
28 52
30 66
18 60
25 8
25 6
5 98
26 81
16 100
13 43
14 88
12 77
18 26
3 83
10 17
28 18
2 97
25 70
19 9
12 20
10 28
1 61
15 1
9 46
22 56
12 27
22 50
4 18
14 36
28 57
24 49
1 49
16 54
11 85
24 13
6 35
22 19
5 19
3 84
4 92
14 8
17 27
16 12
5 15
22 18
19 71
25 68
14 92
3 20
13 85
6 12
22 74
20 95
7 48
19 93
12 64
0 97
5 51
17 49
16 87
11 85
9 13
25 80
17 98
30 16
22 33
18 51
20 84
5 58
28 51
10 10
0 51
15 40
28 50
18 93
7 13
4 60
11 63
6 80
14 17
5 37
13 33
21 94
12 96
30 53
3 32
6 31
0 43
25 29
29 32
13 55
27 33
20 23
4 74
17 92
19 31
6 67
22 65
7 13
6 84
3 30
25 26
13 84
20 98
14 48
7 17
25 39
7 22
20 54
30 81
20 23
11 95
10 59
25 46
27 39
27 99
3 64
2 20
7 14
11 87
25 63
29 87
10 20
12 69
3 85
30 42
6 46
9 8
4 71
9 45
28 6
2 89
20 58
13 3
7 70
22 96
8 85
19 3
13 25
16 37
13 87
10 31
19 50
27 18
30 8
29 51
13 32
1 65
6 20
1 29
19 4
19 20
15 40
25 97
10 93
5 51
15 82
19 14
16 78
24 17
2 17
2 62
12 63
11 83
3 31
19 68
1 65
12 69
23 58
26 65
21 77
19 38
19 4
19 31
17 91
30 50
4 34
1 13
2 17
13 83
20 6
28 99
15 73
7 46
7 97
20 93
28 70
15 56
16 38
9 98
20 39
18 100
23 93
27 47
14 31
23 81
4 42
4 84
25 69
11 10
5 62
15 69
8 90
13 36
21 27
8 97
8 85
13 88
25 36
11 46
12 75
14 28
9 19
27 52
29 84
19 32
1 16
5 25
13 83
7 70
27 62
19 83
30 23
16 53
24 20
24 57
19 9
15 67
11 28
8 53
15 21
9 88
5 85
7 12
16 84
26 68
28 37
10 45
17 99
6 59
23 86
12 8
17 51
0 32
2 47
7 21
29 85
28 72
22 44
20 60
27 3
5 71
28 94
0 38
4 8
20 40
15 6
21 18
30 69
23 14
3 13
23 30
22 53
10 33
12 34
14 98
5 75
30 78
29 22
8 35
0 49
14 1
25 26
24 96
29 9
16 60
12 33
14 79
22 61
20 30
16 57
20 60
24 97
26 61
19 29
16 49
30 7
13 16
11 15
10 83
29 91
9 88
24 76
23 68
9 91
28 35
8 48
15 45
23 50
24 91
14 50
0 71
27 32
21 92
28 33
9 81
17 53
2 90
4 38
6 68
27 22
29 82
8 27
21 12
19 87
29 95
9 56
16 49
5 95
21 11
30 45
5 7
0 28
16 45
21 35
18 12
15 80
2 93
30 33
11 10
3 91
11 9
30 42
11 24
8 92
20 72
6 72
17 96
15 16
16 85
25 100
23 37
23 97
27 75
25 29
11 23
18 69
29 52
19 42
19 74
17 47
5 53
1 48
3 69
30 70
5 48
27 89
21 85
11 52
24 87
13 60
24 70
23 12
2 2
26 89
28 65
15 22
3 7
10 68
29 23
8 20
18 23
27 68
2 37
3 79
26 63
24 13
24 100
30 7
13 26
18 84
24 85
27 73
30 90
26 83
25 75
29 18
12 82
4 29
0 24
19 76
28 98
27 58
0 24
5 47
28 13
17 44
3 67
27 66
15 64
24 100
21 46
14 75
0 85
20 28
30 84
19 9
14 25
12 35
26 24
28 21
13 24
20 74
14 25
15 85
1 93
24 27
9 22
8 60
15 9
26 81
22 62
16 77
21 4
28 20
1 60
1 87
6 41
4 27
20 70
24 72
27 17
16 75
26 90
21 16
9 14
10 40
22 62
17 71
18 74
22 88
5 28
15 53
3 33
27 33
17 80
27 51
1 42
7 2
13 96
29 48
24 99
15 94
8 17
25 90
17 71
20 60
2 95
18 8
21 18
7 97
22 37
26 17
13 11
22 92
5 19
11 66
12 4
9 79
30 95
4 57
28 32
8 18
2 40
20 65
23 47
17 59
27 47
26 43
25 85
30 93
8 49
17 45
12 17
1 82
21 77
15 94
9 5
4 34
27 74
22 77
23 11
17 84
7 10
16 80
21 17
4 12
0 94
29 73
7 43
5 86
11 91
14 76
23 56
21 71
13 19
14 8
5 60
16 2
3 81
4 24
14 75
15 91
27 41
15 8
21 8
3 9
9 31
8 74
18 45
20 62
21 60
24 3
8 62
17 54
4 11
9 18
8 63
27 75
3 58
18 76
27 2
16 1
30 41
25 30
2 70
21 91
22 95
26 34
30 12
24 50
7 61
15 21
26 59
13 38
14 9
19 22
7 50
18 9
18 4
15 100
4 33
10 60
15 12
30 43
10 76
5 43
3 19
0 86
30 20
10 1
8 18
20 87
11 63
25 81
15 65
11 4
27 47
23 84
24 25
9 84
28 86
9 69
7 16
15 57
4 83
0 56
28 66
25 29
5 45
19 86
20 12
11 35
13 74
30 38
8 49
19 86
5 65
24 22
3 86
25 75
15 8
24 61
28 18
15 1
18 10
27 55
30 66
29 6
24 97
24 12
11 41
0 19
27 82
30 35
18 98
10 38
26 17
23 83
0 43
1 25
7 5
0 91
28 70
1 30
13 20
23 51
22 29
9 45
11 99
1 38
23 63
25 90
17 64
4 97
2 87
2 12
17 85
10 30
5 34
27 90
16 52
27 99
7 21
16 61
21 41
25 2
5 80
5 51
21 8
26 80
9 40
7 27
21 77
23 54
18 77
19 71
10 20
2 20
22 76
25 49
5 23
30 83
15 59
2 57
1 76
25 5
5 98
17 43
25 36
16 11
8 85
21 11
22 75
13 39
0 41
23 21
5 26
11 95
15 49
27 40
28 94
0 44
1 42
26 61
17 61
3 86
16 68
21 92
11 16
29 74
28 37
29 29
18 8
15 100
6 4
19 63
20 16
23 78
1 86
1 83
2 42
24 61
5 88
9 89
9 29
8 94
15 52
19 29
20 34
9 63
9 77
21 43
15 11
26 18
28 100
23 28
8 54
27 31
28 16
30 48
21 78
21 86
1 90
13 37
27 90
16 86
15 16
27 7
22 81
23 90
12 94
26 3
5 54
2 100
3 83
7 65
12 88
2 41
24 99
0 36
18 38
19 64
3 40
9 38
14 69
26 5
1 95
5 98
6 46
20 2
4 30
17 1
20 81
28 29
23 41
10 22
16 77
29 46
14 97
3 49
1 73
26 47
10 15
25 64
7 32
23 40
14 33
29 68
9 99
19 17
4 38
24 11
24 53
0 34
15 32
4 14
7 20
9 92
7 76
29 95
24 21
0 65
11 60
10 80
11 69
6 82
8 86
8 80
29 53
7 33
19 56
7 45
23 11
28 35
12 75
14 65
9 67
12 16
6 82
10 4
8 100
1 62
17 20
12 77
9 70
22 38
19 46
5 82
15 87
30 41
10 13
7 78
4 87
18 46
11 51
19 41
10 99
19 100
20 24
7 73
26 3
28 86
21 66
18 34
22 33
14 94
24 81
22 20
9 95
11 19
4 1
26 14
26 8
16 55
21 84
15 7
22 17
0 38
7 15
15 82
11 21
10 65
27 4
26 58
30 76
14 84
10 94
17 55
27 55
26 7
24 28
6 30
28 23
18 93
24 20
22 6
8 66
10 61
23 93
23 15
9 57
15 76
23 70
8 85
13 100
3 6
2 18
20 1
21 75
9 59
11 40
19 72
0 83
14 81
29 67
21 1
13 91
30 13
30 24
14 41
4 76
17 48
16 40
6 88
4 39
9 92
4 87
8 4
17 61
26 72
6 17
29 89
14 4
12 59
18 23
24 27
23 44
30 39
29 66
6 2
6 14
24 41
17 57
17 95
12 10
19 20
23 1
0 40
12 88
16 89
21 13
24 1
30 36
7 5
8 64
25 85
19 97
23 46
16 78
3 35
15 98
16 15
12 51
11 49
6 9
23 72
5 9
7 18
26 78
6 28
6 70
30 44
22 29
24 55
19 50
12 83
6 88
12 56
27 89
12 78
22 38
5 41
26 7
16 34
6 34
14 47
9 81
17 88
23 23
17 98
30 71
1 4
19 37
3 24
16 24
26 22
3 1
13 13
10 75
12 34
17 20
24 64
25 8
24 6
1 89
20 71
4 69
20 9
5 58
22 50
13 80
30 37
10 20
0 5
4 49
8 51
23 61
0 5
26 28
13 40
5 9
27 85
14 44
5 66
8 90
5 98
11 82
2 64
30 16
10 93
2 11
20 12
21 92
21 67
25 85
27 69
9 45
15 15
6 46
29 62
18 73
22 32
16 30
4 75
8 89
24 7
7 6
10 42
19 15
19 32
10 86
20 77
12 75
27 98
11 98
10 86
8 80
11 27
1 88
18 25
30 98
7 28
17 83
13 19
24 7
16 22
3 38
30 21
12 65
29 97
8 61
2 76
26 60
25 93
8 54
6 25
14 76
28 51
6 67
16 87
3 95
1 27
3 79
9 88
23 41
8 100
23 51
28 52
2 73
25 77
24 12
15 14
30 25
18 79
4 16
26 28
24 87
15 99
30 83
3 35
11 68
27 23
28 82
0 10
0 82
0 4
29 60
7 22
28 48
9 11
26 40
5 52
13 31
5 54
5 30
0 38
2 24
14 78
18 16
17 61
28 76
11 72
7 90
1 92
5 50
30 100
22 60
16 94
24 24
20 41
29 65
5 53
1 35
13 69
7 86
15 76
14 48
6 8
1 87
5 32
11 82
14 83
9 62
7 6
3 16
17 39
16 42
1 58
28 86
26 8
26 23
3 47
26 19
2 71
29 46
29 41
3 67
20 5
29 5
15 88
2 28
9 77
7 98
1 79
11 81
16 14
27 44
18 79
15 67
0 67
23 9
15 41
26 89
25 22
19 64
29 52
26 34
23 92
9 49
9 74
28 50
10 86
25 82
18 94
3 2
17 70
2 44
3 54
26 39
13 2
30 33
21 72
21 47
17 80
2 92
21 98
20 91
23 29
22 50
14 32
8 67
28 72
23 77
5 6
7 51
29 89
10 23
25 82
7 69
29 28
22 73
9 12
0 49
3 89
23 66
22 25
10 34
24 48
2 92
0 4
27 17
30 32
22 97
28 34
0 42
4 66
18 34
27 1
10 11
10 62
4 35
5 29
13 61
25 12
2 65
19 86
18 17
24 59
8 12
28 40
24 62
14 69
23 4
13 35
20 27
30 22
24 70
10 51
8 66
16 62
28 86
27 25
28 88
19 27
13 4
14 26
8 89
0 72
10 32
30 66
28 79
8 71
17 70
20 95
6 55
14 43
28 32
29 71
1 92
6 11
30 34
26 54
8 87
28 69
7 46
4 53
30 26
13 19
27 34
19 94
1 64
15 58
3 58
1 28
5 36
30 19
6 10
6 61
19 49
2 100
0 3
10 8
26 78
7 45
8 100
9 23
21 34
4 91
22 78
18 89
29 81
12 61
19 23
11 17
15 79
25 25
22 88
3 99
4 93
19 35
24 1
5 57
8 74
24 22
0 62
2 84
0 37
16 13
18 54
7 71
7 15
5 20
7 25
17 88
25 61
30 5
19 31
14 48
24 10
10 83
10 72
19 24
26 89
22 100
13 25
20 25
7 6
1 20
18 29
0 94
3 96
21 28
30 66
15 48
30 94
3 57
26 76
11 90
27 3
22 70
23 46
13 30
8 5
20 32
17 97
27 72
10 70
11 50
12 53
13 2
13 95
20 79
26 80
17 68
9 28
6 94
6 53
21 18
28 27
14 79
11 38
28 12
19 93
10 82
7 40
2 36
10 96
19 42
26 100
5 30
2 75
5 22
6 42
15 4
17 36
3 13
18 95
15 3
26 38
11 66
26 76
29 92
3 10
23 76
3 70
26 3
0 80
20 92
17 73
26 62
27 20
20 87
12 19
19 10
30 41
10 84
20 60
7 40
6 49
6 80
15 96
24 30
12 39
24 50
25 41
25 66
16 30
22 82
29 94
12 98
12 3
19 61
10 50
30 41
15 57
11 56
6 86
30 4
29 90
28 65
11 100
0 91
11 61
12 47
18 57
24 55
25 43
16 65
9 76
4 5
1 50
19 21
22 90
0 5
27 76
0 32
28 86
25 25
21 82
20 3
10 95
7 92
25 65
14 93
14 73
23 7
26 56
11 37
7 47
30 67
17 33
29 14
30 24
5 33
26 52
2 46
21 39
6 47
1 20
17 88
17 86
14 16
28 89
3 54
5 51
27 49
3 27
19 68
18 59
28 73
23 84
15 42
3 4
23 50
13 4
13 42
1 90
4 49
28 95
5 82
28 34
12 69
1 78
2 48
23 91
26 7
15 88
18 16
9 15
20 29
13 10
13 58
22 83
30 23
30 16
25 25
26 36
22 83
17 85
3 35
1 65
24 6
3 52
5 23
18 87
29 15
3 78
23 52
26 72
27 8
3 30
14 43
24 70
11 32
4 28
10 66
17 55
23 91
23 15
28 75
29 35
11 71
13 45
28 36
3 38
15 24
20 91
28 85
7 65
21 58
23 56
23 93
30 13
13 63
16 65
3 50
12 87
20 59
3 48
14 96
5 31
7 4
9 88
13 99
14 67
14 94
4 95
11 78
26 60
17 82
25 53
6 89
30 58
21 38
16 44
5 26
3 64
9 16
16 100
26 81
21 56
2 74
3 83
0 23
14 43
21 29
21 70
1 51
15 64
1 92
26 53
8 74
30 62
23 10
9 62
18 95
9 90
0 55
5 21
30 39
2 36
18 38
20 55
26 67
10 26
3 86
26 52
23 8
26 69
4 2
30 40
0 48
17 60
20 94
25 87
23 68
11 54
1 74
13 16
13 12
23 2
2 87
5 98
1 69
3 18
22 36
4 25
10 47
9 61
29 82
9 70
13 78
18 70
17 92
8 11
0 61
22 98
4 17
1 42
18 67
19 87
15 56
13 11
20 86
30 33
1 7
7 12
25 90
6 67
22 67
28 67
18 81
7 44
5 64
16 73
17 95
18 30
11 5
26 18
25 65
16 80
7 20
9 16
11 46
14 19
14 87
7 78
23 13
18 21
22 100
5 49
30 38
19 1
28 10
20 5
5 77
14 14
13 76
1 35
20 63
24 74
29 84
9 40
3 91
28 8
26 7
0 95
19 9
10 8
28 74
8 40
7 96
5 74
22 9
8 13
9 96
5 87
27 25
11 51
18 47
10 1
20 38
9 75
3 8
25 100
17 86
4 15
2 29
18 26
8 41
27 98
0 18
27 46
21 81
22 22
7 69
29 77
7 28
9 96
17 41
0 30
2 88
11 89
17 9
11 24
13 63
11 54
12 79
19 24
30 26
23 26
9 28
19 47
7 82
30 73
3 67
19 61
8 39
15 70
11 55
19 81
10 85
15 85
28 66
15 79
7 62
25 25
23 13
1 29
24 49
29 60
11 85
5 11
5 61
27 82
21 37
0 12
14 45
20 38
21 99
22 77
1 37
12 81
6 33
24 29
12 82
6 91
0 48
28 22
3 75
21 31
2 11
3 16
3 81
22 45
6 49
2 17
11 81
17 16
2 15
9 81
13 9
28 90
28 35
14 74
3 61
13 77
18 19
1 63
14 9
16 68
6 61
22 7
9 57
11 43
19 80
24 100
9 3
16 33
20 73
24 42
16 33
10 53
3 9
27 75
12 97
26 42
23 26
19 29
24 36
9 5
4 35
19 22
10 43
1 16
27 80
12 90
3 62
18 12
2 33
27 84
14 96
9 58
11 90
9 93
15 95
18 85
13 5
8 3
13 50
21 83
1 99
23 10
14 46
25 56
29 68
22 81
21 54
19 77
5 30
25 13
22 17
26 77
22 52
21 74
23 96
13 1
25 40
12 56
25 32
11 75
28 65
18 47
2 91
10 6
6 89
17 42
11 96
3 94
28 30
9 39
28 36
25 12
29 17
3 58
0 69
10 18
21 47
30 6
18 83
21 44
8 77
24 61
6 99
21 82
2 8
4 43
14 47
27 59
29 41
9 47
25 65
11 67
21 53
1 81
25 11
8 12
23 41
11 40
0 67
29 15
4 42
28 71
26 31
30 97
3 36
17 79
8 79
26 53
7 52
11 59
13 88
7 100
15 16
4 67
22 39
8 82
5 66
25 33
8 66
23 68
11 97
30 59
27 46
20 70
3 48
12 2
26 83
30 41
22 2
24 54
30 85
13 45
15 75
22 55
8 30
3 91
5 39
27 27
5 9
11 65
26 92
19 12
24 59
25 8
29 32
7 83
