100
19 92
3 33
8 36
14 57
15 4
11 69
29 38
11 75
23 31
23 100
15 46
1 96
3 63
30 75
15 36
23 18
28 76
6 85
19 60
23 81
18 71
2 50
30 98
16 80
4 68
14 26
26 2
21 23
2 77
21 80
11 93
22 2
2 100
23 51
27 34
15 100
11 23
12 82
8 48
22 12
20 46
26 50
3 7
1 81
16 35
24 54
4 64
1 89
3 88
15 21
17 69
2 44
8 25
28 92
30 13
8 39
6 100
19 28
24 79
6 54
19 24
0 45
18 6
4 6
16 65
18 50
5 16
16 27
26 54
9 41
17 68
22 71
23 44
3 13
24 57
25 93
28 31
22 61
13 58
10 61
1 68
11 44
3 30
3 98
10 100
24 1
22 60
15 89
21 15
30 42
26 87
19 11
4 56
27 67
3 63
16 17
8 65
14 17
21 46
8 46
9 26
16 55
5 49
15 63
18 88
4 71
1 79
18 4
13 25
30 17
4 16
25 93
20 89
17 4
28 15
10 60
8 18
24 64
5 31
24 52
19 26
19 11
26 59
10 77
14 57
23 22
22 72
14 81
12 84
25 53
2 60
22 23
20 30
28 100
6 67
23 43
28 76
13 1
1 44
3 71
13 93
17 2
12 94
7 22
26 56
26 37
12 82
1 24
18 32
28 91
17 65
27 79
16 7
14 75
24 16
29 71
25 38
11 74
28 92
5 97
4 61
21 58
26 42
4 18
22 86
2 96
9 18
1 87
17 82
13 75
6 94
26 6
19 21
25 79
30 52
14 69
14 39
23 26
19 63
2 47
10 18
15 59
4 84
5 10
3 6
10 57
24 20
13 5
6 68
20 92
4 99
6 5
3 44
0 53
18 71
9 98
21 93
9 41
21 100
28 8
27 1
17 66
12 59
4 29
20 5
10 42
28 30
19 40
16 44
19 47
18 36
21 22
8 93
10 48
24 54
21 19
16 30
25 6
10 84
8 85
30 75
3 100
12 29
23 23
15 82
26 6
25 22
22 40
22 28
30 50
0 19
18 58
11 23
13 54
15 61
18 72
24 53
29 32
22 34
4 80
12 69
5 26
3 46
13 71
14 19
11 20
20 89
0 14
17 67
9 6
9 96
7 86
29 63
22 62
22 95
26 5
10 4
8 52
6 21
23 24
4 74
8 74
17 86
17 36
28 48
6 63
20 8
12 55
4 2
15 25
16 48
1 61
12 39
7 63
18 84
1 45
26 94
30 100
28 2
22 21
24 18
30 24
3 66
3 68
20 81
12 38
16 57
23 12
8 62
16 98
4 91
14 52
24 39
20 90
1 85
1 68
16 88
7 72
21 15
0 83
6 31
14 5
29 33
16 29
1 9
18 27
23 62
20 34
20 95
29 59
24 45
24 84
15 34
23 55
17 60
28 69
3 50
2 74
16 27
5 54
28 8
20 5
22 53
11 31
3 71
9 22
1 73
11 89
30 38
18 23
9 89
10 39
26 16
17 98
18 61
6 15
28 27
0 35
17 62
20 96
17 100
12 16
8 37
5 56
16 96
8 90
1 67
12 92
16 92
18 22
28 85
0 27
28 35
19 1
18 15
6 44
3 45
18 14
24 2
16 76
11 45
6 88
14 45
15 12
26 1
27 27
6 60
24 22
20 6
30 35
7 13
30 21
24 35
1 33
13 3
30 39
22 31
23 99
29 33
2 42
14 33
13 86
18 99
0 77
12 85
24 45
27 7
11 100
8 41
3 45
20 53
1 37
30 100
1 100
1 82
14 20
10 24
13 16
8 99
23 40
22 84
6 50
25 91
28 23
15 99
22 60
2 72
7 81
15 19
16 92
29 99
2 39
5 36
15 43
24 85
25 16
3 26
0 71
4 61
29 72
3 74
14 6
14 28
30 69
10 55
20 77
18 34
4 60
27 100
28 48
6 78
28 52
15 52
21 81
17 56
9 75
3 62
30 27
19 93
1 36
26 30
28 1
5 56
25 17
10 20
29 49
0 30
10 94
7 8
15 32
14 23
20 89
21 24
13 90
21 41
14 99
16 58
4 57
5 50
0 34
10 31
28 84
0 12
16 96
11 10
7 56
5 28
20 24
18 33
5 6
1 72
27 33
18 44
5 57
30 84
7 51
24 92
8 74
1 25
22 10
22 35
30 16
16 38
9 85
12 48
6 83
21 100
28 29
29 69
21 13
24 44
3 27
23 18
2 10
24 4
20 99
9 23
20 80
1 71
0 88
15 41
12 71
23 44
9 27
7 73
27 12
13 61
27 62
12 52
6 90
22 14
27 54
16 95
14 13
12 20
3 23
24 36
6 87
9 73
15 46
30 76
29 72
5 31
25 30
5 19
21 86
27 25
26 17
7 92
8 34
16 9
14 36
23 90
15 51
22 25
12 80
19 50
3 81
12 14
13 8
3 76
9 62
28 14
12 41
9 70
17 58
11 98
14 30
10 26
1 50
2 63
4 74
2 32
18 53
9 87
8 48
23 85
2 95
3 15
23 36
9 3
25 82
29 43
6 29
21 27
29 3
13 61
20 39
2 66
3 41
20 56
12 48
27 56
23 39
17 89
29 33
13 23
28 24
15 83
18 97
1 30
8 86
13 54
20 41
27 30
1 70
18 33
5 46
28 15
23 100
9 35
26 40
2 40
6 95
25 33
27 80
9 46
28 7
14 42
1 86
18 6
20 45
17 73
15 52
14 43
1 46
28 1
8 100
14 12
8 6
0 58
12 59
8 86
6 93
13 81
12 16
19 90
30 75
10 68
0 16
14 94
15 39
15 65
24 13
9 37
17 11
12 25
20 27
24 44
9 18
7 92
3 22
7 5
0 53
21 31
9 94
12 86
7 1
13 73
7 31
22 65
15 100
23 19
12 2
3 45
4 46
27 5
1 44
4 16
16 72
13 28
11 1
12 63
25 96
5 83
28 4
28 99
9 44
24 48
13 83
7 75
27 36
23 3
30 59
11 63
11 22
26 61
9 33
15 67
13 9
16 71
5 6
30 45
26 25
9 4
11 4
4 83
4 10
2 58
14 81
0 68
23 27
21 97
4 16
6 87
6 46
22 53
18 93
10 32
11 33
28 10
13 80
27 95
8 2
9 14
7 100
6 83
0 18
16 77
8 82
18 65
24 83
27 31
18 56
7 13
2 100
21 18
30 86
13 95
6 43
8 5
1 65
8 59
18 87
30 18
1 34
11 76
13 84
27 76
12 65
29 69
11 27
3 39
14 84
29 18
18 8
28 12
4 21
1 24
18 66
22 63
24 61
5 59
21 51
20 91
4 21
6 70
27 95
14 76
2 74
10 85
1 100
20 43
30 10
25 62
13 33
15 64
28 78
14 74
17 45
17 17
29 76
2 60
13 16
17 73
29 58
9 40
9 85
30 87
24 10
14 20
11 3
4 14
27 46
30 77
18 88
1 61
11 99
0 71
19 88
25 46
16 4
16 77
8 67
11 9
17 23
1 10
22 80
29 58
9 20
28 39
25 32
20 30
7 64
23 73
30 31
10 30
11 36
14 65
3 55
20 96
28 35
11 38
23 96
27 94
30 41
21 83
22 40
5 81
20 40
12 89
18 4
15 48
5 69
29 21
10 27
30 74
6 45
11 61
19 1
16 57
27 4
16 6
22 32
13 88
6 6
1 74
30 62
18 19
29 68
5 9
21 92
23 10
28 92
28 28
8 93
24 25
23 89
11 100
7 62
9 19
23 49
15 33
19 63
1 73
9 58
15 28
20 26
16 50
2 18
14 10
21 60
11 13
2 28
20 48
11 48
14 39
11 55
12 68
3 50
12 81
30 80
5 28
9 77
5 44
6 64
20 75
6 54
30 5
26 17
7 85
7 20
3 96
9 48
15 60
24 44
21 14
12 83
23 52
29 33
0 15
4 31
23 26
27 46
28 48
0 57
13 75
15 21
25 99
0 85
7 57
27 50
10 59
14 27
25 86
20 70
4 43
25 96
5 50
15 57
27 68
6 62
11 84
18 80
13 31
15 60
9 22
24 32
9 50
5 98
16 21
23 26
11 46
3 49
0 58
23 56
9 60
10 3
14 29
5 65
12 71
28 19
21 30
29 64
17 48
30 1
4 9
17 63
15 15
0 73
0 38
21 35
20 36
26 16
30 14
5 17
25 21
13 97
12 53
0 92
0 83
27 20
9 32
27 27
16 38
29 90
30 24
14 81
28 66
26 91
25 1
3 10
6 25
8 10
28 66
8 75
29 68
25 93
26 53
11 81
17 26
8 35
6 21
27 51
0 87
11 55
3 25
11 41
4 5
5 31
30 11
12 10
11 81
30 27
20 60
22 100
3 20
16 85
23 77
23 13
2 67
16 16
13 4
29 4
11 60
0 59
19 47
0 20
14 41
18 62
5 60
5 84
8 92
18 30
0 1
4 98
16 3
0 42
9 3
1 97
18 18
27 10
17 5
24 41
9 39
2 56
20 66
28 92
13 38
27 27
22 9
4 23
29 72
6 11
25 90
2 73
11 6
27 5
18 90
3 5
20 42
23 91
7 17
22 96
30 2
4 22
1 49
1 74
25 81
16 85
23 66
15 41
20 26
25 62
21 78
21 45
15 19
23 70
25 27
18 60
30 79
21 21
21 34
21 62
5 11
24 72
17 19
4 56
11 71
2 95
29 89
16 1
22 16
1 89
4 58
13 67
15 38
19 61
2 92
16 48
8 11
14 69
29 16
30 80
15 72
28 68
30 13
0 9
20 22
7 48
18 72
28 52
8 50
6 91
18 85
18 41
30 11
28 3
13 80
2 77
6 69
17 85
2 39
21 96
27 29
21 96
10 5
2 19
3 9
14 72
1 6
2 16
25 92
30 78
9 25
11 7
9 55
27 91
21 69
28 73
2 52
9 52
18 38
29 35
4 70
5 85
11 3
21 72
21 32
4 46
24 55
1 97
4 92
14 27
12 97
15 23
4 49
22 16
27 3
23 25
8 81
21 34
30 36
5 89
23 33
24 8
23 50
6 83
6 2
23 14
12 98
28 49
1 61
21 83
21 23
19 67
24 58
28 55
19 97
21 27
29 85
16 48
21 65
2 61
23 4
5 93
7 85
13 32
15 72
3 23
29 38
29 94
22 35
2 44
23 34
12 80
26 96
4 49
4 56
23 28
29 5
26 44
9 5
8 90
25 46
23 13
17 88
15 11
27 64
21 96
14 69
22 46
9 6
4 40
4 95
16 15
27 48
12 31
22 82
14 1
17 59
13 21
1 10
23 20
0 79
8 71
25 43
17 93
22 53
3 85
15 8
18 21
26 18
16 92
18 98
2 37
30 99
3 23
27 86
10 29
14 3
1 73
22 21
12 37
8 39
14 86
28 96
9 31
10 8
17 100
22 2
21 9
12 62
25 62
18 18
3 67
26 96
26 39
19 85
21 30
14 89
24 2
20 17
0 6
15 68
24 87
5 81
12 52
9 47
17 52
3 88
17 56
1 7
30 45
7 77
10 56
8 89
29 12
23 79
11 58
16 43
19 57
7 18
14 92
3 21
18 90
1 68
17 78
18 58
14 88
23 85
14 33
30 12
6 76
9 42
28 32
19 15
17 65
11 19
26 33
27 86
9 48
29 56
0 29
2 6
9 95
6 89
2 39
6 35
6 57
29 63
15 33
17 26
27 84
8 75
17 82
17 88
1 15
22 59
28 58
30 9
28 78
16 46
2 89
17 31
14 12
11 100
17 78
4 19
19 30
26 75
14 29
17 19
9 68
3 16
22 66
10 81
0 57
28 31
19 4
15 75
18 57
28 81
26 80
25 57
29 19
3 85
11 48
11 11
11 2
19 48
11 3
6 47
29 54
1 21
26 85
21 59
21 48
14 15
15 6
9 98
1 78
6 66
23 11
10 39
17 31
2 24
29 75
3 88
18 53
10 62
12 84
22 80
5 38
0 75
8 35
0 20
21 96
27 9
0 50
21 38
21 15
29 23
27 32
21 33
0 88
10 99
18 64
27 73
21 13
1 68
15 95
11 12
28 9
13 65
27 69
18 4
26 24
13 1
17 11
7 8
7 65
20 41
22 70
23 16
1 91
24 20
28 85
17 91
30 88
29 79
16 6
27 45
16 10
20 40
18 13
13 59
22 48
22 73
9 29
10 37
29 8
2 16
13 45
29 72
24 77
2 66
6 14
14 65
19 4
19 29
3 15
11 80
18 83
16 86
0 29
8 56
5 49
6 47
7 71
16 16
6 39
8 14
0 9
26 67
6 98
26 39
24 15
13 99
23 15
23 15
24 69
2 99
14 88
9 60
25 87
19 74
12 6
15 29
11 38
20 43
13 93
29 29
13 53
30 57
29 36
30 27
20 78
29 24
5 76
15 60
13 77
15 91
10 90
0 97
7 45
14 6
17 42
12 60
15 24
22 52
29 15
8 53
25 26
6 53
23 80
13 17
11 16
20 30
3 28
3 2
23 66
16 59
21 28
2 85
1 95
29 60
22 48
11 95
14 52
1 67
7 45
10 17
20 43
28 28
21 56
21 55
8 23
30 11
29 20
9 73
24 26
28 31
7 69
11 87
4 10
11 74
16 62
12 58
6 84
1 90
4 53
27 25
24 30
20 59
15 10
2 16
22 11
19 78
8 60
19 19
11 53
23 16
1 58
5 38
2 18
26 87
7 53
27 72
26 17
27 54
10 54
4 33
20 13
27 8
29 12
28 54
21 26
19 54
5 97
9 12
4 48
23 65
12 99
7 100
0 10
29 19
16 14
26 91
12 8
28 97
16 97
2 6
11 8
30 99
4 100
17 44
23 73
9 94
11 18
8 64
16 58
11 38
7 65
5 46
5 15
1 7
3 30
1 32
17 2
10 55
30 69
10 82
8 62
24 18
15 80
24 14
8 15
22 59
16 17
29 85
14 90
8 67
27 36
17 80
16 51
14 10
28 54
3 7
10 61
23 81
14 88
21 32
4 69
8 47
7 45
10 10
8 26
25 65
1 38
13 98
28 86
22 16
3 67
30 28
27 53
24 63
23 36
20 99
20 18
6 37
20 34
9 88
20 54
25 37
1 31
17 98
13 85
6 59
14 66
6 52
20 42
5 75
26 1
20 20
18 5
9 63
15 66
4 31
28 45
16 45
27 35
23 18
17 23
15 83
7 62
3 21
29 80
9 35
17 57
7 80
28 46
10 81
18 49
25 82
13 56
17 100
30 73
11 61
10 33
13 32
23 82
23 84
28 2
29 56
27 67
21 2
9 19
23 100
6 25
14 48
3 58
22 1
30 23
28 5
23 32
14 59
6 96
26 88
21 17
23 97
18 90
15 73
11 24
18 40
13 89
3 88
5 36
28 69
26 41
11 75
23 87
8 38
28 2
30 1
7 97
30 72
19 11
5 71
21 13
4 18
16 27
22 56
21 35
24 88
28 73
9 84
0 20
6 11
7 59
26 84
22 38
30 4
9 62
20 10
17 74
25 36
2 78
7 47
10 61
13 82
23 28
19 10
21 39
11 14
29 64
19 89
5 61
0 1
20 99
0 62
12 1
25 78
13 33
4 49
18 11
9 1
16 26
11 82
23 58
1 70
12 20
24 82
20 48
6 61
7 51
28 100
14 43
1 70
19 38
27 82
6 14
10 78
18 7
0 1
9 36
17 92
29 94
12 77
15 76
7 83
21 56
3 48
7 23
2 10
7 98
21 85
2 99
20 78
5 42
0 16
5 89
19 70
10 86
16 86
9 86
17 83
23 72
5 43
27 81
29 66
14 36
27 38
2 13
22 42
22 71
1 40
30 56
21 17
23 17
4 43
24 63
14 39
28 31
15 86
3 72
8 73
1 63
8 51
22 25
16 44
10 78
21 13
26 54
13 81
29 21
5 8
17 45
9 50
25 92
4 56
20 69
20 91
21 46
13 19
5 23
29 54
27 42
4 76
22 83
5 17
25 19
20 36
28 47
12 38
13 30
21 36
24 27
29 3
0 41
5 57
22 58
29 70
5 14
7 28
12 51
28 75
10 28
29 64
13 65
5 65
22 65
24 31
6 70
6 20
4 88
18 93
30 51
13 87
12 4
22 33
28 43
8 16
5 69
30 66
15 14
0 64
15 26
22 25
12 65
20 14
9 66
26 31
0 2
24 11
4 30
15 95
2 54
5 75
16 25
10 74
11 85
5 16
13 85
7 52
7 8
16 3
4 62
17 45
11 60
15 29
25 31
30 16
4 62
25 52
16 36
10 26
29 92
12 81
21 12
8 40
1 86
0 24
30 23
23 86
23 69
2 76
2 52
2 72
28 69
25 55
30 57
20 94
1 49
21 100
23 42
1 22
16 94
3 76
1 47
28 61
0 28
13 80
2 5
15 39
22 76
23 12
8 55
11 49
29 41
8 64
4 78
13 4
2 92
7 3
28 89
29 72
29 13
21 75
8 31
11 98
24 82
20 17
14 42
7 100
16 74
29 65
15 88
7 98
10 10
16 66
30 72
15 7
12 12
20 45
21 81
4 99
4 65
3 72
12 14
2 90
22 70
15 75
27 15
15 32
11 90
10 91
21 13
16 2
17 18
26 60
19 33
25 30
30 20
21 35
10 37
9 53
4 47
30 31
8 71
23 13
7 57
3 73
24 15
19 67
12 49
12 48
16 10
23 63
26 50
26 36
8 89
25 38
19 8
12 40
27 19
18 22
7 18
12 29
25 52
9 90
10 40
1 98
23 80
9 48
20 62
7 52
4 83
19 14
10 79
10 98
11 52
5 22
16 91
8 72
11 3
13 85
1 35
19 73
23 70
8 5
24 56
10 99
18 22
4 93
8 25
6 38
6 51
17 76
4 59
9 97
12 68
22 1
30 39
15 68
3 90
11 65
16 45
27 37
18 32
2 17
7 34
5 88
30 86
14 48
29 53
16 83
14 81
2 5
14 83
12 40
7 59
4 94
11 41
29 62
27 98
6 85
30 55
18 35
23 48
9 6
0 91
27 32
30 12
13 62
26 86
30 47
1 5
25 27
29 14
18 56
9 42
21 78
29 18
20 59
4 74
17 22
16 59
15 81
3 57
3 70
28 1
4 2
0 9
18 43
13 76
21 16
9 68
20 11
0 36
5 65
9 44
30 55
12 72
6 73
23 47
10 10
1 17
8 84
26 97
24 99
25 90
25 59
10 64
2 88
15 2
14 90
14 55
8 36
25 45
0 47
29 59
2 36
9 37
25 41
6 39
12 26
5 31
3 12
16 63
16 66
22 11
9 57
14 47
3 75
17 3
2 92
4 64
19 43
15 68
27 45
19 60
16 91
10 45
1 11
5 79
15 22
27 19
27 46
15 49
12 56
5 54
29 32
23 48
27 58
7 44
14 53
1 27
28 63
12 73
17 25
26 17
18 1
3 78
22 24
27 82
3 68
19 82
5 72
22 12
2 46
26 62
0 85
16 37
23 100
8 63
28 93
30 83
27 37
15 70
15 88
16 87
27 60
4 67
6 8
27 65
27 65
20 88
3 1
27 14
14 29
23 34
9 67
29 76
24 56
26 65
24 37
15 21
15 62
0 86
11 38
11 46
5 61
4 12
27 24
6 14
13 78
14 32
15 96
6 84
22 45
13 29
12 4
6 11
7 22
12 69
4 62
24 19
16 24
11 66
0 54
30 84
2 15
15 13
25 76
14 33
28 41
4 5
7 62
2 64
18 10
13 62
28 19
2 65
19 14
7 59
25 42
17 42
5 49
7 65
7 29
20 56
28 68
20 41
27 89
17 84
16 18
18 21
14 37
9 42
1 51
29 49
22 12
28 41
6 26
5 77
11 71
22 86
9 47
13 5
26 32
25 82
0 60
0 44
12 100
25 94
23 61
28 29
2 65
21 66
5 29
21 96
13 47
6 11
7 17
18 22
0 90
23 29
18 28
29 18
17 58
28 45
17 29
21 23
26 6
22 9
19 77
19 62
30 94
5 22
18 56
25 23
27 12
15 58
2 94
3 65
17 58
11 2
19 1
21 3
3 63
4 31
25 93
9 37
12 49
10 100
26 15
0 45
20 22
27 92
4 49
6 56
23 76
30 62
1 76
14 19
23 44
14 66
8 77
13 55
11 60
21 65
23 64
9 73
10 78
10 52
20 72
0 71
28 1
1 9
11 63
16 2
7 38
26 97
26 75
8 65
5 6
28 55
6 46
30 35
5 22
0 90
23 33
12 24
18 41
17 12
4 99
6 69
12 51
20 76
25 79
2 79
4 91
10 37
19 85
9 43
20 44
3 73
30 68
4 36
16 52
1 99
26 37
12 42
12 53
30 10
10 58
21 24
6 84
25 10
11 4
17 34
27 69
20 16
20 56
5 31
0 35
24 85
24 53
22 58
16 96
17 29
9 6
17 13
4 77
24 5
7 38
9 62
20 38
6 24
21 42
5 97
2 81
5 16
17 78
27 3
27 30
29 58
8 54
27 23
19 15
6 45
24 44
2 21
0 59
12 12
5 32
16 20
11 98
10 53
4 33
21 20
26 33
6 67
8 100
13 72
5 33
0 60
16 28
24 84
13 92
25 39
20 21
24 32
25 28
19 9
14 32
30 24
26 48
28 84
13 45
25 98
25 55
16 63
22 40
3 83
24 64
7 43
4 27
28 30
21 27
13 67
16 61
12 72
17 56
13 64
23 92
4 99
5 73
4 1
23 85
17 58
9 41
7 16
25 52
23 82
29 72
30 94
23 88
17 24
1 77
15 96
30 77
14 22
26 27
12 2
21 100
17 54
6 52
15 50
0 95
24 68
11 16
15 22
12 76
22 75
24 65
9 74
30 44
15 1
23 64
4 30
3 94
16 96
23 74
19 10
18 14
0 75
11 37
2 96
8 21
24 72
28 47
14 74
8 70
3 67
20 27
21 65
24 29
25 56
9 63
13 81
29 78
17 99
11 9
1 2
5 61
30 9
1 60
22 17
21 23
6 65
6 11
27 35
9 51
28 65
21 16
6 43
16 82
6 99
6 90
14 42
1 46
10 46
26 64
28 90
20 98
27 87
3 98
16 4
4 51
19 41
7 82
2 91
27 52
20 3
18 33
17 95
2 79
28 91
19 50
4 12
22 50
28 79
29 30
21 58
15 72
10 32
18 40
7 84
27 62
4 33
8 41
14 56
17 34
12 14
9 98
2 72
21 45
22 91
2 14
21 44
11 16
23 29
24 1
14 48
24 77
30 58
1 87
15 68
28 55
4 4
28 49
14 27
1 91
26 57
18 20
8 83
14 84
0 85
0 9
27 5
29 24
22 29
28 46
21 19
0 51
7 39
13 73
3 68
8 78
27 23
12 60
12 62
20 54
20 70
4 67
5 50
15 3
15 24
7 96
12 10
13 39
13 44
23 53
27 79
24 14
9 29
9 8
26 56
23 80
4 53
11 7
26 70
8 24
4 24
22 70
23 61
23 76
23 27
24 39
3 90
18 19
3 94
28 15
22 86
9 54
9 98
23 88
24 88
28 96
30 3
9 13
15 77
30 15
23 43
0 3
0 75
22 52
30 60
13 88
30 5
12 29
3 98
6 3
28 1
4 47
10 72
1 98
14 28
30 32
29 22
30 49
26 36
27 1
17 13
28 40
23 91
10 88
6 10
10 62
9 82
24 67
5 88
9 86
16 35
4 77
8 78
16 23
6 9
29 81
2 11
14 61
13 7
22 36
26 41
11 9
2 25
18 15
9 17
6 87
9 57
1 26
5 6
13 86
3 100
5 1
25 83
16 78
22 54
14 69
13 71
23 62
26 99
25 4
23 95
12 73
17 43
8 63
3 89
17 40
4 44
12 97
8 17
22 27
0 92
3 39
7 63
10 66
24 37
10 11
8 19
16 58
26 16
26 21
21 42
5 13
20 51
1 14
25 53
5 17
26 33
23 71
11 61
17 63
11 49
0 35
13 4
1 43
0 83
1 67
7 47
17 83
27 23
6 92
1 23
14 37
9 83
2 51
28 90
24 32
17 5
30 70
11 72
3 84
7 2
18 11
10 43
14 69
27 5
17 7
4 6
16 7
26 21
5 92
25 59
4 19
28 37
7 9
26 42
7 97
25 42
30 27
11 34
3 1
1 28
13 44
10 82
8 84
28 90
23 12
18 55
5 5
20 39
13 66
28 11
25 96
18 54
3 87
3 81
1 95
8 1
12 22
20 41
20 97
4 12
27 32
5 94
12 94
11 67
30 82
19 91
19 40
11 90
3 97
9 54
3 20
4 82
24 93
2 59
16 83
10 79
8 40
2 44
28 87
10 33
6 32
20 72
14 45
23 44
11 81
11 21
5 33
23 43
12 49
29 77
18 94
21 31
21 62
21 66
4 27
14 98
10 61
19 24
16 3
19 48
1 55
4 39
4 68
20 27
19 34
0 89
4 11
21 49
27 20
29 30
30 88
23 81
0 36
28 13
21 33
24 14
22 61
12 15
29 60
15 22
10 6
15 96
1 72
23 19
6 54
22 86
26 56
23 60
11 26
14 51
4 87
3 90
0 22
9 10
0 62
7 24
8 79
13 26
5 11
18 67
1 85
13 40
4 23
14 17
13 28
21 20
23 5
15 42
7 66
25 31
25 16
30 93
7 36
25 27
2 93
3 14
22 29
5 6
26 66
6 69
8 79
11 70
4 2
18 23
19 29
16 71
27 70
24 25
24 6
25 9
8 100
11 37
25 52
17 55
4 65
1 83
13 48
9 13
6 39
21 87
25 1
14 53
1 51
2 66
24 52
16 26
7 53
8 5
6 42
21 99
2 30
2 40
23 4
8 78
12 52
5 84
29 14
28 61
17 21
9 40
24 99
30 49
27 26
21 3
19 95
8 93
18 68
18 35
15 31
4 88
8 3
29 21
14 18
25 29
24 25
1 42
0 46
13 58
10 19
23 88
10 40
4 34
6 4
15 82
29 43
22 14
25 14
20 99
17 8
29 32
5 57
7 45
26 77
11 39
28 24
17 48
6 56
3 58
23 59
27 97
10 58
10 4
2 26
0 5
22 77
9 92
28 9
14 39
3 86
17 83
26 48
3 16
25 85
5 4
3 52
10 6
9 82
12 58
7 94
19 1
0 70
0 50
11 54
6 45
19 80
22 12
15 81
16 81
30 70
17 63
4 39
3 95
27 47
27 48
3 1
13 36
25 80
26 98
7 3
17 51
25 95
18 21
11 24
23 12
10 9
29 88
30 25
0 28
13 14
4 36
30 49
19 15
24 60
1 8
20 37
2 97
12 70
9 70
8 49
24 12
28 6
2 81
17 10
27 69
16 41
6 42
6 17
27 14
0 75
9 84
3 77
11 84
5 43
3 10
10 36
10 87
21 18
29 95
4 92
29 12
17 12
18 80
26 36
4 21
29 92
17 58
20 31
5 62
19 52
16 16
23 39
2 47
23 44
10 87
7 87
19 81
4 90
6 66
11 62
9 45
19 86
3 92
23 96
24 85
14 16
23 38
3 83
8 47
12 87
7 11
1 96
0 5
5 86
9 33
12 71
14 12
13 45
25 3
15 15
27 73
12 54
5 30
0 33
15 15
14 66
25 90
18 57
1 32
13 29
19 49
26 31
4 7
24 6
13 6
10 38
8 91
9 9
8 44
30 79
1 35
21 87
15 16
6 52
27 39
16 70
25 14
24 53
8 68
11 75
1 49
19 99
4 100
14 83
12 66
24 80
7 26
1 23
20 31
6 87
19 32
3 83
9 35
2 52
22 96
24 11
26 61
24 80
18 4
16 29
29 76
6 20
29 97
16 19
3 97
11 21
17 27
26 67
24 23
18 58
3 85
29 41
24 92
20 44
13 62
28 80
13 13
12 81
16 41
0 43
26 54
16 46
11 24
6 16
22 44
2 7
3 92
14 35
27 16
2 13
18 24
3 20
0 35
23 54
9 97
19 33
19 61
3 98
0 32
17 56
10 80
10 36
23 13
10 11
13 19
27 62
20 76
0 32
26 16
22 7
6 66
16 3
8 92
2 35
19 38
6 68
12 37
8 40
15 46
3 15
5 26
1 43
19 73
18 46
3 60
13 37
13 74
0 59
22 17
15 79
18 66
6 58
8 23
1 44
5 54
29 72
25 8
18 74
4 66
20 35
4 41
2 1
7 90
18 62
2 62
18 87
9 66
16 2
17 84
28 18
15 88
11 98
21 24
0 13
22 90
14 76
26 27
2 21
1 72
9 51
1 82
18 60
6 46
27 20
13 100
9 19
2 6
15 6
28 35
4 34
3 42
5 48
3 10
21 56
20 13
2 9
17 98
7 57
22 82
2 41
6 56
17 90
8 89
27 7
3 4
6 58
14 78
28 100
2 44
20 62
18 48
26 35
10 13
22 50
7 98
28 19
25 41
1 74
14 52
20 32
11 40
0 89
2 87
11 88
6 63
15 14
1 88
0 43
19 11
12 61
25 94
20 51
10 33
19 13
12 73
0 11
4 77
28 41
16 18
6 69
9 58
28 24
22 67
11 9
17 1
16 22
25 15
22 50
9 73
30 66
5 94
7 76
5 44
9 25
22 77
0 56
29 80
29 91
16 50
23 30
24 73
30 29
0 86
24 19
8 92
27 14
20 98
26 97
10 53
12 70
2 81
9 91
20 84
1 6
4 15
13 33
24 97
19 48
2 20
21 11
23 41
24 4
22 95
26 38
13 9
1 94
26 59
26 47
28 66
21 71
30 97
9 8
9 15
8 40
28 81
23 62
1 69
17 91
2 95
20 74
9 45
29 49
14 94
15 93
0 3
19 35
7 45
1 26
21 96
26 92
1 66
0 31
26 67
19 56
29 24
30 32
2 76
1 99
10 94
0 12
21 9
3 85
22 67
15 3
19 44
28 38
8 11
28 51
10 50
26 94
24 11
21 36
10 35
5 79
8 1
6 85
12 18
25 8
30 60
27 43
3 25
6 91
16 75
0 50
5 75
15 40
29 50
15 30
0 79
17 14
9 80
14 99
2 91
8 4
14 99
21 14
20 98
0 55
19 66
27 36
24 1
16 41
22 77
23 69
11 98
27 87
21 15
10 38
11 28
1 31
8 17
25 64
16 5
2 83
10 45
5 70
6 28
18 14
24 38
19 84
7 88
30 40
6 40
24 69
27 71
4 67
1 23
21 30
23 93
1 34
29 44
28 17
13 71
7 100
4 10
23 3
3 76
22 21
29 5
9 71
25 40
5 28
6 62
4 50
1 67
14 38
2 16
5 63
6 8
3 11
18 8
20 78
0 4
4 99
8 90
6 94
15 9
26 8
5 92
24 86
7 96
23 74
12 95
0 27
12 95
28 21
30 82
25 6
12 55
2 25
28 55
8 81
23 89
6 71
11 30
19 16
19 47
27 98
0 36
6 97
6 89
17 82
24 66
29 74
20 17
27 72
4 40
8 16
6 68
6 45
1 4
15 3
27 95
14 50
3 37
3 55
21 22
12 5
28 35
5 81
28 44
8 22
16 29
0 4
29 83
3 79
24 28
29 17
1 11
11 93
4 61
1 83
12 16
28 16
22 80
13 99
29 52
2 49
16 77
26 93
18 95
8 52
1 29
7 13
11 51
29 44
18 7
4 9
26 50
12 92
8 63
4 44
19 26
18 34
12 67
0 99
27 27
17 85
29 58
15 29
17 65
29 30
8 17
16 5
30 69
27 17
0 20
1 50
6 61
13 89
23 49
28 49
28 27
21 37
7 79
19 94
0 67
3 81
4 65
3 7
1 42
24 50
24 68
7 50
8 39
5 34
16 11
12 20
7 91
25 84
14 66
2 74
21 98
21 9
7 18
24 77
9 58
10 11
13 48
19 51
30 95
18 68
19 79
23 9
20 51
18 39
13 10
24 27
5 47
23 48
18 81
11 3
6 22
8 43
0 69
29 61
24 94
7 36
8 11
0 11
13 15
28 68
1 10
20 74
19 66
8 66
29 38
25 4
6 43
30 12
10 60
3 26
6 58
15 78
19 2
29 47
26 74
27 8
26 49
0 40
17 24
9 56
10 51
6 97
10 41
29 83
1 72
15 17
26 15
28 15
19 59
24 100
30 5
29 8
2 76
26 97
6 93
28 7
11 14
10 24
25 47
10 61
16 49
28 44
26 17
9 80
14 3
1 17
22 100
25 94
4 67
28 62
6 64
23 11
30 25
2 58
3 11
12 36
13 47
13 90
1 33
6 49
25 21
18 73
0 7
4 68
29 95
14 43
11 43
1 1
5 17
18 65
13 13
23 55
10 56
28 71
22 94
27 44
14 54
26 11
17 46
7 66
8 82
21 64
14 12
6 28
24 24
15 68
24 97
23 40
14 77
28 4
5 82
23 17
12 80
27 28
26 47
11 6
13 76
18 69
26 31
26 53
6 46
2 36
23 14
21 94
11 68
22 42
26 23
13 33
24 20
10 65
8 74
6 78
27 39
10 70
29 45
3 53
6 60
26 37
17 99
30 23
18 55
10 36
13 54
18 95
23 66
24 38
7 34
30 3
26 94
0 81
6 42
29 80
19 24
19 58
28 57
1 46
30 76
20 94
0 50
8 91
2 88
25 30
20 98
25 77
15 92
10 67
14 92
25 5
2 46
18 33
14 25
9 38
22 41
13 38
26 16
30 24
26 56
6 82
21 31
23 53
1 71
4 10
22 6
12 15
9 29
3 2
5 34
7 1
5 9
7 79
29 27
6 84
23 85
14 81
26 100
11 6
28 74
7 19
16 57
28 68
5 25
10 81
27 79
8 54
14 75
14 12
0 26
20 89
21 57
14 25
8 72
28 37
30 71
17 56
18 38
19 42
30 26
17 41
18 5
14 56
6 23
6 51
28 14
25 53
7 9
20 60
1 33
27 70
10 26
28 73
29 72
2 50
12 35
4 71
6 41
8 98
14 89
28 83
2 68
28 67
10 10
0 37
3 86
4 14
27 26
10 85
6 75
28 85
29 88
12 76
27 45
27 79
21 48
23 7
9 80
14 92
1 93
25 56
9 23
9 63
13 87
16 2
1 91
29 42
21 10
2 16
15 94
24 44
30 62
21 55
5 83
10 4
3 27
14 92
30 48
7 47
19 37
26 36
23 62
3 62
30 89
11 57
22 61
7 78
29 76
12 40
1 75
24 1
6 26
21 17
19 28
27 27
14 27
27 82
25 15
25 28
19 85
11 78
11 99
22 8
25 98
5 61
2 81
3 45
8 5
17 42
0 64
8 24
6 47
21 96
19 39
11 24
9 51
9 26
12 78
24 81
11 19
3 80
11 5
19 27
23 7
6 91
6 87
30 30
25 34
25 88
21 35
24 95
1 87
22 97
4 76
24 81
20 26
11 90
28 98
20 48
16 84
11 53
15 11
17 1
7 87
18 89
27 58
8 57
30 79
14 92
7 35
17 69
19 24
13 65
5 36
22 76
27 85
15 1
12 36
20 77
13 57
7 78
18 97
8 34
2 61
21 81
18 46
9 80
8 50
10 69
20 6
21 16
10 65
18 10
8 14
2 46
21 15
7 31
14 4
13 11
3 59
20 6
19 53
4 70
4 91
16 15
18 82
14 87
10 41
29 81
11 79
16 66
6 49
26 12
27 43
21 20
25 29
4 75
19 21
0 90
13 60
16 72
30 64
7 59
23 91
11 69
18 83
5 92
23 14
16 71
11 46
0 44
19 40
26 25
11 96
17 96
23 64
15 43
16 35
9 6
25 22
1 64
11 62
14 27
24 55
7 61
25 3
4 10
23 37
18 30
24 39
9 33
15 53
11 85
2 86
27 77
19 96
15 82
1 11
23 81
24 17
14 98
9 5
27 6
20 79
24 10
6 3
13 17
10 47
21 30
4 55
24 96
6 43
24 5
27 34
10 4
30 57
29 94
20 11
25 88
21 95
21 30
2 22
1 17
0 80
12 4
16 43
8 61
16 22
4 30
10 60
6 46
22 40
24 12
28 28
13 65
26 83
27 97
1 75
16 20
24 20
14 80
2 19
9 22
1 31
22 55
23 53
28 20
22 54
4 50
5 40
5 28
30 57
7 54
9 46
4 78
8 93
15 80
28 71
12 44
6 18
21 32
16 57
18 85
26 53
17 50
26 15
12 8
17 99
6 69
28 78
26 18
28 88
18 41
29 7
15 91
8 90
22 44
0 39
5 2
19 58
10 27
16 35
30 48
18 6
24 34
0 14
11 7
13 94
3 68
14 66
0 96
21 71
12 63
28 24
17 54
19 78
12 44
8 23
28 39
15 34
11 4
15 37
17 34
12 50
9 68
0 57
30 93
7 61
24 22
4 84
16 88
6 10
19 96
6 6
19 69
2 65
28 30
30 100
11 93
10 82
20 35
0 24
25 67
6 65
24 16
21 2
17 40
30 55
1 18
29 4
8 39
17 15
9 25
18 57
26 61
27 87
21 27
0 6
27 50
19 40
10 6
26 43
4 4
29 34
29 16
20 50
29 99
15 74
4 1
1 61
11 52
26 90
20 41
27 45
5 30
15 2
30 18
2 3
9 26
1 78
22 33
24 79
23 61
20 91
13 97
15 5
26 82
5 81
29 33
22 13
1 80
2 41
22 87
27 26
27 67
3 78
9 59
26 2
0 43
23 82
23 15
3 21
4 34
3 62
1 48
20 4
26 60
26 93
9 35
30 59
22 17
22 53
18 21
3 18
19 98
7 93
0 37
10 10
9 52
2 31
27 68
11 32
25 96
19 49
7 96
2 7
18 82
6 32
29 84
5 90
4 76
0 80
16 86
2 10
29 61
8 91
8 98
8 21
13 37
24 56
24 64
27 96
9 45
17 35
16 72
11 56
18 86
11 64
9 64
11 74
22 32
23 56
23 84
19 6
16 81
7 7
25 31
4 5
22 93
8 74
27 81
4 73
0 25
26 92
3 9
27 3
7 100
30 30
27 92
1 55
3 40
5 93
20 18
9 86
18 7
20 98
0 84
18 50
5 22
28 39
22 69
11 78
11 34
26 73
19 9
23 87
2 59
9 3
28 28
19 98
26 50
22 8
29 78
29 89
14 75
20 23
2 2
24 21
29 62
30 58
1 80
25 85
1 83
26 79
14 46
30 88
3 95
11 92
15 23
16 87
14 47
25 22
30 16
9 72
1 51
12 6
9 89
1 66
9 99
14 89
24 84
6 52
18 100
6 76
14 11
2 98
25 89
12 15
7 31
16 46
15 86
8 2
6 36
30 71
27 85
29 71
29 71
5 93
14 4
15 31
8 67
4 29
18 42
22 52
17 18
21 86
4 19
11 27
19 45
25 3
10 9
11 21
21 45
3 19
29 22
29 76
2 36
1 19
21 50
6 12
6 97
29 91
29 7
20 48
30 8
19 5
5 44
16 87
11 43
6 19
14 37
3 9
22 29
26 50
5 95
1 68
30 14
18 33
6 44
2 30
14 42
29 23
1 22
8 86
10 48
17 77
3 72
29 28
0 11
29 9
18 63
11 69
18 85
20 66
1 33
26 44
1 29
15 26
1 19
6 21
3 29
7 36
12 62
6 36
27 57
1 39
3 91
24 70
28 57
3 74
30 90
6 79
18 45
19 49
29 67
11 67
28 63
27 46
6 78
26 69
0 55
6 8
1 90
25 13
13 99
7 13
6 57
4 31
29 1
24 27
1 92
12 97
4 29
18 96
17 60
7 69
14 92
9 39
1 13
3 83
8 65
13 85
27 73
3 36
5 94
1 78
21 68
13 25
19 64
7 28
1 44
17 38
6 58
21 32
12 55
19 73
7 90
5 46
18 35
25 8
8 4
8 4
28 3
23 99
15 55
2 90
26 79
1 2
28 69
10 93
3 17
25 88
22 47
20 84
26 53
7 56
21 22
26 100
20 73
7 48
8 37
30 77
16 57
26 35
25 35
1 38
14 71
5 14
19 3
1 15
24 57
18 33
30 7
24 49
25 95
4 24
27 62
28 72
20 96
24 78
28 64
24 16
21 87
22 12
20 61
16 73
11 83
15 15
22 16
2 90
11 50
2 41
19 60
29 50
21 63
23 13
13 58
3 11
5 89
25 16
30 83
9 25
23 99
10 85
8 6
29 63
27 10
22 17
9 57
9 11
10 32
6 82
6 67
20 99
14 9
7 20
11 92
0 64
9 79
15 27
1 23
10 46
4 84
26 75
28 8
1 14
28 91
17 16
22 6
20 86
25 25
9 63
2 16
0 62
6 60
25 1
20 12
12 3
17 41
4 76
3 96
18 92
20 44
25 32
5 89
6 73
4 75
0 39
25 83
13 75
28 31
17 59
22 67
28 31
15 23
17 10
27 45
15 89
12 49
7 54
21 97
25 8
20 11
7 79
1 79
2 98
19 10
6 71
22 54
1 32
16 82
21 23
16 45
21 15
8 36
22 89
14 20
7 26
5 51
5 34
24 69
28 71
25 9
27 72
27 95
23 67
23 1
3 4
26 15
21 95
15 21
19 15
4 16
22 98
30 44
5 31
20 62
16 62
25 95
28 36
21 93
22 73
15 36
25 31
6 19
17 83
29 91
20 57
25 14
15 46
2 86
23 29
24 34
17 10
11 69
11 5
12 1
18 25
9 80
0 69
19 100
29 72
27 98
9 39
8 18
8 8
4 35
2 21
12 4
22 13
22 90
29 97
4 16
15 12
16 40
14 4
28 78
13 81
7 88
15 59
28 90
7 32
22 22
18 7
26 19
24 93
9 20
21 85
14 80
30 86
25 31
6 39
18 42
12 3
15 86
2 46
23 30
2 59
11 14
26 66
26 43
9 80
9 19
0 55
16 66
12 53
16 85
9 78
21 68
26 11
23 94
10 26
28 99
19 5
28 46
6 84
0 8
6 2
28 64
8 68
24 11
7 7
30 22
27 27
16 93
3 93
22 90
24 8
25 78
25 35
20 75
9 13
5 95
2 12
22 82
15 16
12 31
20 71
19 77
1 75
10 83
18 69
11 10
15 45
6 42
4 66
22 12
27 56
5 84
21 41
25 8
8 63
24 96
28 95
9 59
22 9
30 27
4 85
29 99
23 6
3 37
23 87
1 72
4 6
10 6
19 64
2 5
1 60
18 15
8 29
9 92
24 4
30 12
14 72
27 60
11 55
0 18
21 94
13 56
4 78
11 49
18 37
15 65
25 8
17 35
12 27
12 51
6 96
24 97
12 42
21 13
28 59
29 99
19 49
14 8
24 47
12 20
2 11
30 84
9 58
26 47
20 93
27 13
15 5
14 96
8 41
4 69
0 92
30 24
8 54
15 7
20 25
14 3
16 7
21 12
8 4
25 6
22 47
25 12
16 23
12 54
13 52
12 11
20 93
4 99
1 9
10 39
19 51
28 43
10 95
29 36
10 42
6 41
12 70
7 83
21 86
17 10
15 42
13 49
5 100
7 46
13 94
26 88
17 25
18 99
9 14
4 2
20 70
4 94
5 47
9 13
15 79
23 79
6 71
25 23
21 93
14 53
13 27
3 72
19 98
10 43
24 2
2 90
7 33
26 58
20 85
26 55
6 75
25 30
23 66
13 41
24 55
14 41
23 79
26 63
27 63
11 15
6 99
12 10
25 37
18 99
28 82
11 73
4 58
23 20
7 36
25 33
4 41
3 68
22 53
12 92
7 85
9 78
30 81
2 17
13 34
8 27
16 15
10 36
13 23
14 91
12 5
29 45
26 19
23 41
21 9
0 76
22 7
10 54
28 13
30 9
0 73
3 98
6 28
1 95
6 3
29 24
8 70
22 86
26 36
5 27
21 98
8 45
4 57
7 60
3 57
30 12
11 71
22 83
2 99
25 84
20 87
12 88
24 62
14 36
25 71
21 17
24 13
21 49
8 64
22 38
18 18
15 48
10 38
0 41
9 98
2 16
11 6
3 63
9 61
1 84
10 83
16 45
16 6
6 90
20 24
30 19
20 2
10 42
5 57
18 39
9 22
27 29
23 19
19 76
0 30
19 52
17 63
11 55
10 60
13 12
0 46
11 17
26 16
9 56
28 19
18 36
29 22
14 67
29 89
26 6
15 18
21 49
15 39
0 70
9 57
20 1
25 55
5 65
25 13
24 34
2 31
2 96
11 45
13 5
7 20
19 61
24 12
28 22
18 58
21 80
12 24
0 60
3 93
30 68
20 58
11 53
12 71
22 9
19 69
26 22
26 46
12 66
28 39
25 16
15 85
28 68
29 44
13 2
25 86
23 86
29 73
27 70
24 28
17 68
19 90
10 64
28 14
21 66
16 9
12 15
12 49
6 58
24 24
17 84
6 70
18 3
16 86
22 78
18 42
27 61
1 74
1 36
10 62
19 71
17 21
20 78
19 100
12 12
28 43
1 50
16 5
4 11
16 57
22 5
0 36
29 84
27 76
27 16
5 28
25 93
4 95
26 5
15 64
16 83
0 40
13 58
27 64
16 79
19 44
22 33
25 65
3 20
13 70
30 88
2 7
13 59
2 2
26 56
18 52
12 86
26 69
25 4
2 14
5 3
11 20
3 70
5 76
15 47
26 34
26 35
25 37
24 26
24 46
23 50
13 91
16 35
17 64
0 76
24 51
7 8
4 23
30 94
14 50
3 83
15 71
17 67
18 34
23 1
23 20
22 50
21 64
26 57
23 83
7 54
11 99
23 81
22 42
13 42
10 53
29 96
19 85
27 58
23 13
25 88
30 95
29 80
0 93
12 84
4 32
16 43
17 36
23 87
8 2
11 49
7 58
11 9
8 80
15 60
11 8
3 54
0 18
15 82
18 99
28 20
15 36
10 61
19 8
28 67
27 1
16 19
16 7
7 60
17 89
3 18
23 51
7 61
1 68
29 17
29 63
21 92
19 13
10 61
10 93
12 31
3 56
20 45
5 18
4 34
1 96
13 46
14 26
22 45
17 86
30 37
3 40
25 64
23 31
8 64
2 51
5 18
1 30
8 27
15 12
25 38
3 85
0 66
20 64
17 39
17 44
16 46
3 80
27 34
19 7
0 46
29 23
2 62
15 64
19 89
21 8
17 17
21 66
24 85
16 76
26 25
3 91
30 17
18 79
21 56
17 8
10 21
24 18
5 35
27 83
23 48
5 44
4 93
28 44
19 52
2 2
3 16
13 51
22 81
26 59
25 3
10 21
27 20
1 28
16 10
23 59
15 43
27 97
27 91
14 82
23 37
23 92
26 15
4 74
16 44
20 82
19 76
0 99
17 11
13 16
11 37
2 48
15 5
25 10
7 96
19 59
7 92
3 48
24 9
19 82
30 49
18 8
8 93
8 14
10 62
8 71
24 56
24 21
15 14
13 41
8 78
18 27
13 62
28 28
30 72
13 92
27 17
19 40
10 89
16 13
24 33
14 67
6 26
1 43
9 69
30 42
26 8
21 27
3 42
19 67
12 87
10 75
22 89
2 71
26 29
17 81
21 17
3 60
28 34
22 12
10 24
25 75
30 38
27 76
16 100
9 34
25 92
24 24
12 7
7 89
9 51
5 83
10 35
24 18
20 99
0 46
21 98
16 22
28 95
17 97
29 54
30 60
2 90
26 50
15 58
30 7
12 66
21 21
8 13
17 4
5 75
22 77
10 9
7 38
14 99
5 13
27 71
12 55
13 28
17 28
1 22
3 68
18 69
7 52
29 97
5 37
6 97
30 40
21 100
5 47
9 2
18 82
9 88
19 2
19 100
30 80
23 29
8 93
13 44
28 27
25 96
14 100
3 72
0 71
8 29
27 86
27 96
16 30
26 26
24 40
3 63
22 88
21 29
17 77
13 84
25 73
6 89
21 93
14 48
22 68
6 44
16 16
21 83
18 12
4 100
0 1
2 33
2 84
18 21
18 77
15 99
3 86
18 94
1 82
18 25
19 27
15 73
0 98
10 76
26 82
25 97
23 31
8 67
15 5
30 4
28 87
21 43
4 68
8 72
30 40
23 97
0 76
6 63
14 36
8 76
4 24
25 1
4 99
16 6
4 4
15 81
16 94
12 4
26 71
18 21
24 76
0 59
3 69
23 68
17 57
11 24
10 92
1 61
19 50
10 98
21 94
13 37
25 76
16 85
30 28
9 14
25 79
15 1
15 60
12 39
14 53
14 40
18 78
22 31
8 5
16 60
2 13
4 67
10 75
8 64
5 54
16 69
6 20
18 11
16 16
22 59
21 35
26 49
7 68
14 29
25 12
25 49
0 31
18 50
12 82
19 9
14 73
28 8
4 9
24 45
25 73
30 84
24 23
19 71
19 63
13 55
30 56
0 53
18 60
4 67
5 93
4 87
15 99
25 35
21 6
25 37
22 88
19 92
16 53
24 4
5 16
28 100
25 72
23 67
17 97
18 25
27 83
20 50
0 97
5 42
8 75
8 46
15 98
10 83
14 36
17 64
29 70
19 81
12 78
30 75
28 79
13 95
12 32
0 53
26 95
2 40
21 8
26 68
23 28
13 32
19 19
13 23
23 48
26 18
16 33
18 43
30 30
27 94
27 95
11 11
11 6
12 10
17 46
22 12
26 24
4 73
25 50
30 88
20 98
19 8
1 45
22 93
20 69
8 67
29 30
22 83
1 61
9 32
19 30
21 8
11 88
13 11
11 54
12 59
16 91
23 21
10 35
11 30
27 75
24 61
25 40
25 71
8 58
23 79
21 94
9 33
27 71
9 62
24 10
9 68
20 12
1 3
25 21
3 90
2 34
18 84
24 49
19 31
22 10
17 74
3 91
15 15
4 12
19 74
16 10
6 85
9 100
27 24
20 26
26 30
6 41
22 54
2 7
22 100
9 11
13 1
2 42
7 83
5 2
7 60
2 15
27 7
4 7
11 100
12 73
3 61
30 27
2 52
10 95
18 78
26 58
4 55
8 11
13 78
13 60
26 7
24 67
10 18
6 91
6 20
22 7
26 31
2 3
28 62
29 92
7 10
23 66
17 2
0 42
9 61
1 78
14 99
8 87
4 53
1 37
24 66
13 65
6 9
29 19
0 25
27 15
1 18
21 53
3 32
9 60
19 52
29 22
6 7
4 98
4 21
12 44
9 24
6 30
15 5
12 13
8 89
30 99
6 49
30 42
11 2
19 54
1 96
15 51
9 89
25 40
7 70
6 89
8 42
20 60
5 68
0 70
10 55
11 34
0 76
19 51
28 56
12 55
20 60
11 93
12 25
10 45
2 49
5 63
11 39
27 11
12 44
0 36
0 79
6 21
13 1
23 95
5 42
6 66
13 46
8 76
6 88
2 26
22 79
0 92
1 25
1 29
21 44
8 51
5 67
18 11
22 18
30 81
5 77
9 9
19 72
18 88
22 9
30 97
20 44
4 75
20 50
23 85
16 36
14 3
20 18
2 17
22 22
22 95
2 28
16 2
2 39
21 13
1 62
26 92
21 33
13 61
1 2
27 18
7 90
5 93
26 30
11 58
15 33
8 36
15 50
9 75
4 65
5 42
29 14
18 69
6 72
24 43
11 46
25 69
5 93
26 40
6 9
7 22
12 99
1 11
28 52
13 19
22 3
13 68
10 18
26 98
15 79
27 25
20 36
11 32
5 74
28 96
29 79
21 59
24 16
1 73
22 4
23 95
18 50
8 69
19 52
5 85
10 33
28 10
24 24
1 21
10 75
6 64
20 56
11 65
22 55
3 68
28 97
16 23
5 68
10 96
25 47
2 74
15 50
0 68
25 30
29 73
22 63
12 51
2 7
15 17
19 44
28 52
6 34
0 84
2 43
7 32
26 17
10 7
11 20
17 22
23 40
5 85
0 43
11 47
22 21
14 28
23 16
1 12
20 94
22 84
16 23
6 79
10 58
19 32
28 60
18 13
27 20
17 8
10 96
29 57
29 5
22 70
8 75
2 86
14 91
22 25
4 77
21 84
26 52
21 89
1 16
5 22
2 68
8 21
10 9
28 27
27 57
3 51
11 79
5 83
7 34
29 10
17 2
14 15
14 23
8 22
23 89
15 42
10 5
10 64
6 93
19 63
27 80
26 75
1 24
13 34
27 8
18 47
17 53
3 48
17 30
4 85
9 13
3 40
29 64
3 93
26 92
12 48
3 24
14 100
29 22
13 20
10 39
23 38
10 29
26 32
12 39
15 14
24 5
4 38
23 34
23 6
14 15
16 78
11 55
30 86
27 34
6 50
5 79
16 33
28 59
20 52
18 82
17 81
6 39
18 75
11 53
12 15
21 94
15 76
24 67
25 19
6 38
2 73
17 50
8 89
14 76
25 10
10 39
29 55
13 35
13 41
29 63
22 71
14 37
25 96
11 48
22 9
8 48
21 91
0 51
27 5
8 62
19 67
28 84
17 31
4 54
14 22
6 43
22 58
15 51
3 49
25 39
16 93
1 27
22 80
15 27
16 31
17 64
19 91
13 2
5 35
24 71
0 88
9 7
1 26
13 59
14 67
3 88
13 56
27 52
30 60
16 79
26 93
3 86
15 80
22 52
6 99
24 43
1 95
0 27
10 21
14 61
4 8
15 32
3 79
7 10
23 57
28 98
28 44
17 32
10 78
29 16
28 97
8 16
5 77
13 80
0 90
3 77
18 76
25 93
10 76
28 72
14 88
1 33
17 85
30 75
24 38
2 25
2 38
14 93
26 68
15 61
7 94
16 80
7 27
27 9
26 75
17 39
21 21
27 27
2 16
6 55
9 56
6 27
9 98
24 19
14 86
4 44
29 89
4 93
14 36
2 49
4 67
12 24
20 63
5 13
11 95
18 54
20 31
17 61
5 59
15 25
8 33
21 41
30 80
29 87
3 15
30 7
23 53
8 70
19 98
24 16
4 87
23 64
12 50
8 91
16 11
27 15
25 87
10 92
5 34
7 7
2 43
29 62
17 68
13 20
28 7
22 15
27 51
11 69
23 57
4 9
14 59
0 50
13 89
26 41
9 27
15 34
24 68
10 70
4 14
12 32
4 85
17 42
28 22
24 19
7 43
5 13
14 73
23 86
24 86
21 71
9 11
6 59
29 4
22 59
0 7
4 5
4 52
13 61
17 1
24 23
2 32
1 81
27 66
23 19
8 100
1 23
30 90
29 90
19 12
25 61
20 33
5 60
19 47
3 31
20 72
16 34
9 2
4 22
26 72
21 97
24 59
20 88
20 29
19 46
26 90
12 98
18 93
20 38
9 21
26 79
3 45
11 40
9 43
29 85
1 59
10 65
2 50
14 80
13 89
14 15
2 32
1 7
9 75
1 45
16 49
8 81
21 27
16 49
1 19
22 2
28 7
8 28
7 72
29 15
25 90
16 18
5 56
29 95
28 78
21 47
7 56
3 63
18 19
19 23
24 32
16 15
6 25
24 82
21 72
27 24
30 79
25 87
15 80
8 97
13 5
7 100
9 80
22 17
28 24
21 48
30 74
9 1
6 12
26 12
30 29
8 5
20 81
30 5
7 14
9 46
19 4
6 33
13 62
6 48
30 86
16 11
27 18
12 55
6 13
24 85
12 29
8 98
4 60
2 54
3 77
7 82
22 21
13 25
16 58
27 87
1 6
21 85
8 59
27 50
28 56
8 25
13 44
6 96
15 62
19 83
4 37
13 23
21 3
22 38
8 39
2 86
24 5
7 68
20 12
13 43
26 27
4 64
25 17
17 12
12 76
12 49
27 78
3 6
0 97
27 10
3 26
10 2
1 42
26 16
11 28
30 95
7 37
12 88
28 82
1 55
8 19
3 77
16 100
11 81
6 28
6 35
19 52
28 15
23 60
11 40
30 11
17 60
7 2
5 27
11 77
4 22
16 67
10 34
29 83
25 25
28 79
20 32
11 10
1 48
0 7
14 63
18 96
13 88
30 88
5 75
7 89
20 78
2 69
5 79
29 58
6 19
21 83
9 97
10 52
30 71
17 51
15 75
12 90
4 26
30 29
0 52
7 49
23 24
3 17
2 41
5 69
7 63
12 77
3 31
23 45
10 31
4 16
14 36
20 8
15 41
3 94
25 45
0 84
11 4
21 17
12 97
8 57
25 42
20 60
16 72
0 30
24 84
14 21
3 34
30 80
21 94
7 42
16 62
12 13
25 36
7 27
16 79
10 54
6 9
11 31
11 65
19 95
12 96
28 55
5 50
12 15
21 15
24 13
1 86
15 52
20 1
9 57
11 99
5 36
26 53
19 71
12 51
7 52
6 71
21 81
18 73
27 80
8 13
4 29
2 5
1 98
26 53
9 75
3 41
12 1
2 24
4 21
4 3
3 77
20 27
13 86
7 48
19 37
10 28
11 32
7 46
21 40
0 42
13 7
23 55
29 79
10 88
23 82
4 81
5 44
29 72
8 69
15 17
27 4
29 35
6 18
3 100
22 5
28 64
29 84
20 5
7 3
1 99
8 33
27 42
14 96
25 80
25 26
4 31
21 58
4 3
19 7
19 34
15 31
2 57
3 48
8 1
25 9
16 84
20 72
9 33
20 54
3 36
30 56
13 89
7 63
13 21
25 19
20 57
10 22
8 68
22 78
16 21
25 68
5 92
4 31
20 45
24 60
8 14
8 32
11 10
5 71
23 8
27 75
14 17
2 74
19 47
22 97
24 12
23 52
1 92
17 92
5 36
15 40
7 55
13 59
15 45
6 11
25 9
7 95
30 49
13 45
20 90
30 96
7 67
20 12
7 18
5 50
5 4
28 18
0 15
6 28
24 22
22 90
30 86
28 16
19 32
0 37
26 69
13 39
7 30
2 73
5 82
23 68
26 39
25 43
4 64
26 91
8 7
22 21
24 66
24 51
2 15
4 61
27 51
21 17
6 22
10 67
21 65
26 8
25 26
21 57
25 42
25 68
11 73
10 38
18 38
5 66
19 20
0 14
16 51
15 35
17 84
0 9
4 13
15 35
23 97
3 71
28 4
14 39
4 6
9 77
21 61
0 87
2 27
28 50
24 85
14 89
18 84
25 59
15 68
1 88
25 17
15 100
25 97
20 96
30 54
12 79
10 89
20 74
2 48
10 3
9 78
23 60
17 70
25 92
11 77
28 93
0 28
0 81
20 27
21 37
2 1
5 74
5 11
23 84
7 20
12 47
18 41
8 19
15 83
19 83
11 32
12 89
21 61
0 1
24 67
17 47
6 59
25 76
13 13
16 80
1 60
24 81
5 3
2 25
27 88
20 55
6 91
16 25
23 1
23 57
20 18
28 5
0 37
2 45
23 14
6 79
29 13
8 38
3 58
13 31
21 19
0 50
2 28
9 69
11 25
26 93
21 59
0 55
30 60
7 1
0 90
11 76
18 21
22 51
8 12
9 3
17 24
0 86
14 3
22 42
30 86
18 36
21 10
12 58
6 14
28 25
17 98
27 34
24 53
13 15
10 99
15 36
2 42
9 30
12 64
25 28
3 78
27 55
0 1
4 73
10 65
29 32
27 1
29 75
6 8
5 9
26 68
13 64
12 18
1 30
23 89
6 91
0 60
23 54
15 79
24 19
6 93
6 28
3 48
7 18
19 65
24 90
17 85
23 7
29 40
23 45
8 70
17 49
25 73
16 19
13 84
23 96
4 86
0 23
9 46
21 62
9 81
24 24
19 1
6 70
7 55
1 11
8 81
19 11
7 2
27 51
22 6
24 83
15 38
2 25
2 82
14 98
19 28
12 3
15 71
13 96
2 44
21 18
17 79
23 27
21 59
21 88
21 8
17 5
9 95
27 35
19 90
24 53
3 1
7 53
25 82
17 19
24 11
13 5
3 42
22 23
17 64
26 7
4 53
4 13
8 56
30 65
23 16
3 54
17 20
4 61
25 41
17 67
13 29
25 65
0 81
10 58
17 30
3 73
12 89
22 91
15 19
7 100
3 39
15 93
17 75
23 91
24 34
28 39
11 49
13 36
5 79
26 21
14 17
30 95
19 100
29 9
11 5
29 47
23 91
17 93
19 61
22 22
18 15
22 63
25 25
11 8
7 37
0 87
11 37
0 44
25 20
30 43
12 40
16 77
23 47
16 57
24 12
17 98
30 9
2 35
19 23
8 5
13 26
26 90
15 50
1 5
13 22
18 94
16 71
1 53
24 47
13 79
29 84
2 8
18 55
11 51
25 82
11 54
19 96
8 33
10 90
16 64
0 63
14 60
20 40
10 73
19 27
7 48
10 75
17 46
26 80
1 96
0 65
3 73
17 54
19 65
1 72
25 9
26 7
13 57
0 9
5 69
1 93
26 92
9 56
29 81
7 75
19 78
2 9
21 16
7 100
9 53
21 46
25 39
28 7
6 7
2 46
16 55
2 44
11 62
0 77
26 32
25 96
16 90
16 24
11 41
2 37
3 3
21 85
14 20
18 60
13 96
22 83
1 37
4 87
20 2
15 72
19 78
19 49
25 59
11 52
0 85
6 30
24 23
24 49
18 35
24 90
10 70
18 92
11 98
15 75
6 82
16 13
26 7
29 71
11 68
17 92
1 24
4 84
12 68
29 67
15 93
7 32
6 96
6 22
6 92
1 51
26 92
21 25
17 51
26 47
22 75
10 96
25 16
24 91
13 79
3 55
16 75
5 98
23 44
1 59
8 23
7 28
30 68
29 11
12 34
19 83
16 28
23 74
5 43
24 89
16 71
12 11
11 67
16 39
7 91
29 50
17 14
24 93
14 74
18 70
9 19
17 56
4 54
3 32
14 42
4 47
19 15
7 57
24 96
7 100
18 56
15 79
10 9
6 3
8 36
4 50
9 31
26 79
25 11
20 45
25 57
18 84
17 65
21 61
1 57
5 36
29 30
29 6
8 61
22 25
14 12
3 83
19 80
23 87
22 34
14 49
16 16
14 100
30 68
25 77
21 76
12 89
11 35
12 64
10 21
0 74
30 76
15 12
17 88
0 92
19 29
12 3
1 5
26 8
18 24
24 68
17 38
28 33
1 87
3 15
17 84
20 17
29 84
5 58
13 68
21 20
8 55
19 89
5 72
16 63
3 24
1 87
6 54
27 41
20 4
13 26
11 60
24 33
15 9
26 12
3 48
5 47
10 52
2 39
22 56
0 13
9 65
8 26
10 99
19 80
30 70
27 90
21 27
27 8
9 26
1 29
11 18
8 27
9 53
7 62
11 11
10 72
13 23
6 48
6 20
25 90
27 44
21 23
17 22
23 54
28 98
12 38
10 62
21 21
20 67
19 12
18 54
28 18
18 86
2 83
27 13
10 19
14 41
30 90
26 3
21 12
4 94
8 50
15 41
8 7
27 32
8 69
16 50
30 15
6 14
3 4
20 69
13 18
2 89
10 93
14 66
22 46
28 96
1 96
18 14
0 39
11 59
6 54
5 74
3 1
3 15
1 91
16 64
20 77
12 24
9 1
5 1
11 94
21 42
5 17
5 74
1 99
10 23
30 63
17 9
16 99
1 9
9 73
11 91
13 39
27 73
12 51
29 66
19 75
22 46
10 44
29 59
10 84
5 88
11 28
18 23
11 62
25 67
0 30
9 27
7 39
30 86
10 11
1 28
9 96
5 87
20 3
4 37
1 64
2 5
29 42
24 21
28 95
29 35
13 73
6 98
0 25
17 44
11 93
12 93
23 77
3 90
9 52
20 61
17 19
3 7
4 34
3 91
27 70
4 92
27 6
7 70
24 34
28 96
27 8
23 13
12 17
10 42
16 35
8 25
16 62
26 2
3 20
1 89
27 65
20 51
13 54
21 67
16 84
29 63
19 18
17 26
18 35
27 30
27 22
9 22
30 89
3 84
24 45
29 100
24 77
29 48
4 18
18 65
1 77
8 99
15 97
14 1
19 84
2 26
30 67
2 79
25 24
24 92
19 55
12 46
18 6
6 25
12 59
8 99
28 67
0 74
22 51
3 25
5 11
18 38
17 79
16 25
3 44
6 94
20 40
17 99
26 39
1 37
1 98
23 88
30 19
15 54
9 33
20 52
8 31
0 10
21 21
4 76
24 41
8 32
20 48
7 2
14 25
30 88
4 1
30 70
14 82
18 51
5 60
1 34
8 64
16 22
7 93
20 15
29 59
9 36
11 54
3 29
4 96
5 13
14 24
0 30
3 64
14 33
30 74
26 6
1 94
11 8
21 20
20 52
27 35
23 64
18 58
11 97
13 32
28 78
6 26
24 43
3 74
24 64
28 1
21 19
15 88
10 14
27 25
9 66
26 99
1 43
3 45
15 49
3 92
21 21
8 15
27 81
28 24
3 82
15 17
28 61
11 36
2 7
26 46
8 24
7 12
10 5
12 10
0 63
24 92
22 21
11 38
24 58
27 33
21 24
17 77
24 56
29 33
7 89
11 60
12 54
24 90
23 60
4 50
14 34
19 48
15 45
24 79
17 39
0 83
12 89
19 70
13 43
8 14
13 84
18 2
18 76
24 99
8 48
10 6
16 76
14 46
24 83
14 98
3 37
17 38
0 95
6 30
15 17
6 42
19 41
24 13
1 4
1 47
5 65
1 66
14 18
0 65
15 67
1 7
4 14
29 16
7 19
23 78
11 67
5 26
27 48
1 69
7 70
9 21
3 40
30 11
23 70
9 94
5 25
10 10
14 90
3 46
2 13
20 16
6 61
28 61
14 76
5 74
0 67
0 6
22 98
5 5
12 35
4 17
20 68
9 28
23 51
17 27
6 58
15 6
24 93
8 8
29 14
29 51
26 50
7 98
8 71
7 14
12 64
12 21
2 92
28 14
27 38
15 29
19 91
19 80
27 51
15 23
25 43
9 34
1 75
22 31
15 13
7 64
7 19
13 43
25 33
23 99
11 15
2 53
21 46
9 78
27 1
0 86
15 55
29 51
13 93
22 92
11 50
16 60
3 76
12 58
17 25
21 70
13 54
12 87
28 88
30 80
16 37
2 88
26 45
7 67
13 3
4 6
25 44
4 46
8 48
3 68
13 19
26 74
23 94
3 79
0 33
17 94
8 22
13 49
13 66
25 44
22 18
23 34
0 33
9 43
6 69
27 17
16 12
8 52
14 3
1 100
2 71
12 22
22 28
28 80
28 65
25 65
9 21
0 92
28 20
22 96
5 96
26 48
2 78
24 15
25 45
13 40
25 68
30 23
21 18
14 20
0 94
15 30
26 96
20 99
29 97
11 96
28 16
2 29
1 79
5 87
2 83
15 54
3 91
11 69
10 54
21 80
29 49
8 5
19 86
5 7
10 50
24 80
12 23
20 45
30 36
10 64
18 40
7 64
3 66
12 28
11 60
17 50
17 80
9 93
21 64
25 27
20 98
26 47
0 35
18 97
21 11
27 83
9 16
9 36
17 63
4 69
8 68
14 33
5 94
30 3
8 37
18 16
0 65
3 68
3 46
18 60
22 57
11 96
17 38
0 58
3 51
14 37
5 97
14 64
13 37
26 67
12 13
28 57
0 90
19 81
17 100
13 5
27 47
14 47
6 59
25 73
5 56
28 58
12 8
22 4
1 14
5 51
1 52
0 15
26 61
0 49
8 92
5 66
24 49
10 65
19 15
8 10
16 60
17 66
0 19
26 22
16 9
6 77
21 12
8 10
2 29
26 42
7 94
29 34
7 41
30 37
27 26
9 87
3 26
23 95
18 39
12 62
25 100
30 13
5 69
2 97
22 36
30 30
3 45
1 65
1 48
4 69
26 12
14 83
29 79
7 31
18 89
26 35
18 56
29 76
13 56
23 96
19 50
0 90
28 9
18 86
9 31
13 88
22 56
17 58
8 39
19 90
3 83
6 96
1 75
9 78
27 95
0 87
27 24
16 4
13 37
14 1
16 79
29 65
2 59
26 7
20 93
15 4
28 85
9 23
27 88
5 52
4 51
28 48
9 11
27 59
10 38
4 7
30 80
5 64
13 41
5 28
5 7
13 86
7 7
17 31
26 30
8 34
22 72
27 5
13 49
0 53
23 3
9 48
26 27
24 90
9 34
28 12
28 58
23 61
28 26
4 63
8 39
1 11
4 31
29 74
13 9
30 32
24 2
2 1
28 28
1 2
30 39
15 31
13 83
7 56
22 67
5 34
9 55
1 6
23 86
16 94
16 99
11 25
18 95
27 74
1 98
6 52
19 69
28 81
0 7
26 63
21 34
25 47
16 47
2 14
27 16
24 43
30 71
13 35
7 72
23 74
29 11
29 71
8 35
25 78
20 79
0 17
13 77
10 71
19 57
6 64
9 1
17 42
0 46
16 13
23 50
4 33
20 97
10 72
4 8
9 39
28 41
20 57
26 50
12 3
17 48
4 44
16 24
7 35
28 99
10 46
12 50
0 3
23 62
5 97
17 54
22 59
27 97
8 79
1 69
30 47
18 76
24 98
5 68
11 49
30 23
30 49
1 91
7 34
11 63
6 87
8 15
24 4
21 24
3 91
0 98
25 60
9 16
7 17
28 4
16 13
14 76
13 18
1 99
19 40
25 5
9 28
18 75
25 63
6 36
6 68
12 79
17 21
7 22
16 7
22 86
14 80
0 7
11 59
20 76
1 51
25 25
8 83
30 19
29 55
12 30
8 82
0 25
16 97
25 67
7 36
27 94
27 96
1 100
9 5
28 100
9 92
21 23
7 26
11 72
24 59
0 10
1 32
19 65
21 29
2 30
6 48
1 53
10 68
13 54
12 1
25 30
28 7
18 72
27 2
30 35
1 75
24 47
20 45
15 70
8 14
28 70
4 24
16 34
27 78
17 39
16 75
29 78
12 83
7 21
26 10
0 29
0 2
0 12
12 63
28 38
4 99
1 95
28 49
22 89
10 33
2 54
17 68
1 29
10 85
26 35
6 11
23 44
23 25
4 12
21 29
0 5
22 41
24 97
19 97
19 82
3 84
19 8
25 36
28 91
27 78
23 34
8 58
28 15
1 85
21 23
25 32
8 40
9 100
0 88
10 66
30 27
29 21
5 50
10 19
2 16
12 38
10 62
20 53
4 80
3 52
9 86
21 63
0 60
17 47
2 41
0 2
11 88
1 63
14 53
25 62
27 45
27 14
21 65
24 56
14 18
24 51
21 22
15 26
23 33
29 74
8 80
11 34
16 26
7 85
27 36
13 21
8 38
17 84
15 21
8 45
16 66
16 22
26 26
18 10
4 69
4 12
0 28
7 92
7 7
4 48
5 21
9 43
28 43
18 70
22 79
17 88
18 65
11 41
0 47
2 76
14 6
5 80
5 79
22 52
3 86
19 71
24 66
2 86
20 13
22 3
2 48
27 1
9 34
8 50
2 24
12 6
21 25
10 47
25 92
28 70
10 82
14 93
12 96
23 81
19 82
24 82
26 99
0 92
1 47
23 67
29 92
21 13
22 99
30 97
10 8
22 52
27 94
5 94
23 72
23 88
8 94
29 14
24 54
3 19
2 70
18 66
18 69
13 55
0 10
14 36
29 99
25 39
2 75
19 29
26 33
17 97
28 43
10 67
17 1
23 43
1 45
4 88
28 50
14 72
19 96
21 67
6 13
26 69
26 97
17 50
29 35
12 47
9 97
17 51
15 89
26 65
24 65
17 23
6 77
12 31
14 42
29 100
12 36
24 18
26 41
9 90
20 87
10 6
21 32
29 92
19 54
28 98
21 72
26 6
12 3
25 32
30 27
8 5
19 57
10 98
17 72
8 13
30 66
24 93
15 73
4 87
24 16
23 57
22 32
6 31
13 3
11 88
10 19
30 46
3 8
14 68
24 59
21 75
23 67
0 79
8 63
29 53
14 52
26 93
13 80
27 100
15 15
7 21
26 42
5 56
10 12
30 89
23 91
20 67
8 57
5 3
11 76
10 61
19 46
17 5
25 89
20 23
9 31
14 70
26 46
18 5
21 56
27 58
10 70
11 65
24 90
30 64
11 17
20 22
18 29
30 14
29 77
11 70
6 61
26 68
24 5
16 7
23 46
19 52
24 9
5 38
20 69
11 31
29 42
4 9
7 63
8 32
28 24
14 30
27 46
17 28
4 91
25 85
25 89
13 4
8 70
24 71
24 8
23 29
7 46
9 46
11 68
9 24
30 93
3 9
10 5
14 76
20 55
0 53
29 42
28 27
5 28
13 89
5 3
15 59
27 27
5 23
29 47
12 87
6 36
15 87
9 57
22 74
5 83
25 42
30 99
3 31
18 32
7 51
13 60
8 50
14 30
30 11
17 86
26 30
27 84
24 93
25 44
23 8
14 75
1 92
1 20
0 79
23 29
13 83
25 50
18 45
3 83
24 72
14 48
12 43
20 51
25 61
21 39
6 81
21 82
28 5
5 90
26 100
18 78
5 4
9 81
3 19
2 3
15 47
28 2
20 52
15 98
9 7
1 85
27 74
23 83
11 66
12 75
10 74
27 36
9 33
14 94
2 23
19 84
28 94
1 89
13 90
30 43
19 70
24 20
27 79
2 8
13 24
10 61
19 13
24 16
28 68
24 36
16 7
28 70
13 42
19 61
14 11
5 85
19 30
20 31
2 70
19 28
6 65
19 17
26 6
15 40
6 77
25 21
21 65
15 10
10 49
6 80
7 1
9 57
2 78
11 22
9 34
28 81
23 17
28 85
12 90
0 42
23 93
13 82
26 40
19 7
16 47
4 6
13 12
15 55
17 15
19 23
23 34
22 97
27 49
23 64
19 12
18 73
7 43
6 18
3 98
28 54
23 16
2 75
4 99
22 27
26 47
5 32
20 85
29 90
2 1
7 7
2 81
18 57
16 100
27 11
13 82
18 16
24 95
29 44
8 91
13 33
5 94
1 57
16 99
11 45
17 50
28 37
4 72
27 10
28 91
2 74
17 91
19 1
17 93
5 3
26 22
26 42
15 40
28 4
2 53
28 23
13 70
26 17
14 91
6 19
6 56
30 92
24 51
10 15
22 55
29 41
8 27
20 75
19 80
25 83
3 11
23 57
29 42
15 57
15 2
17 45
21 85
30 13
25 10
18 18
24 53
0 66
9 47
0 13
21 51
5 79
20 79
19 34
17 48
24 44
16 51
28 39
5 83
28 3
11 50
25 35
24 80
12 39
22 46
8 4
22 31
11 94
20 4
0 42
30 59
12 34
9 74
1 3
28 90
26 38
4 49
11 15
26 13
26 11
16 13
22 67
10 63
8 27
14 78
16 87
16 70
3 94
8 60
8 19
12 51
2 37
14 84
6 80
30 83
23 12
12 96
22 91
12 6
18 13
27 82
13 48
25 34
14 66
16 81
18 62
16 89
28 47
30 6
7 63
15 65
6 67
23 80
25 9
17 39
15 90
25 86
1 5
16 98
3 89
19 74
4 57
17 25
5 11
24 98
15 14
30 66
21 3
16 88
1 24
17 77
23 100
9 90
10 9
19 41
26 99
23 37
30 47
2 90
20 45
7 97
22 83
16 90
0 97
23 39
15 33
27 87
2 58
13 9
7 63
22 30
27 62
17 31
6 82
9 56
14 100
12 18
3 23
21 11
9 73
11 40
0 67
14 65
17 82
23 9
4 6
15 64
26 11
0 12
24 7
20 38
16 15
13 83
23 10
17 81
30 86
9 39
23 16
10 78
14 30
27 54
27 41
27 13
15 43
17 78
7 50
9 89
24 39
27 59
8 24
25 52
17 29
24 24
13 48
22 36
0 66
8 13
24 55
29 6
26 9
8 35
16 17
17 6
29 59
2 35
15 97
12 34
13 94
24 25
7 28
29 6
16 63
16 16
26 58
3 10
0 12
9 36
20 28
0 67
18 77
13 54
22 96
8 76
4 30
19 65
29 82
13 51
13 17
5 46
15 11
20 84
6 39
0 33
15 93
20 81
19 99
13 52
29 93
26 78
23 100
1 57
24 88
24 93
22 8
1 4
22 6
0 54
19 51
20 39
27 98
6 82
30 32
21 11
28 21
7 47
21 19
4 30
12 30
16 1
1 80
1 76
18 29
12 99
30 72
23 46
16 67
26 14
5 28
24 42
30 26
16 81
4 86
5 55
14 18
26 61
3 6
22 39
21 72
12 71
3 2
17 57
27 39
25 65
7 3
28 69
21 11
26 70
3 29
23 51
13 93
0 99
6 82
22 32
30 22
22 82
23 37
12 29
10 50
9 64
0 5
9 8
24 19
27 34
7 22
21 52
8 67
22 13
8 23
30 13
8 72
9 71
0 59
15 28
6 53
3 35
23 45
1 42
3 82
16 99
28 74
24 6
4 51
10 34
6 5
10 8
7 76
15 75
18 87
5 76
29 80
3 20
22 24
24 61
5 79
29 94
17 7
7 70
13 78
15 2
21 26
19 86
1 16
16 33
14 9
1 35
1 60
9 86
21 77
11 45
28 82
9 85
3 39
17 44
22 99
29 78
29 61
25 6
10 63
17 86
9 90
24 22
20 5
18 53
4 25
2 14
11 36
18 25
22 44
28 35
8 25
2 1
9 18
17 13
23 80
10 10
7 3
11 54
28 7
21 29
5 98
29 62
9 2
24 80
23 1
15 12
0 8
10 31
3 22
16 34
15 54
18 16
18 85
10 23
14 45
12 29
9 16
27 46
21 22
2 16
27 12
15 17
7 98
1 46
19 62
30 17
9 64
28 53
25 76
4 67
10 78
18 9
6 22
23 89
3 3
20 37
9 95
9 68
4 65
9 44
6 74
16 11
14 7
9 30
21 50
3 40
7 45
22 67
15 32
7 72
11 14
8 81
16 90
14 59
24 38
5 75
8 29
17 76
29 5
11 5
9 14
13 15
0 98
15 56
23 68
11 17
9 71
26 44
21 18
26 30
8 1
8 72
10 86
21 83
21 83
5 69
9 65
22 93
8 21
10 90
6 58
19 33
0 75
16 7
20 32
11 58
6 61
27 35
8 33
20 59
27 28
29 44
22 74
18 89
20 17
1 65
3 94
4 49
12 57
6 60
2 7
16 87
21 12
16 43
17 80
6 44
2 5
30 49
13 34
28 31
5 14
7 97
28 14
11 29
1 71
7 99
0 11
30 9
27 89
25 32
12 66
3 65
25 66
9 49
29 63
28 31
24 10
9 20
19 49
17 15
18 37
5 58
15 38
21 50
22 54
12 92
1 18
28 77
1 95
27 34
12 1
12 14
12 96
8 20
11 92
16 64
26 38
29 93
30 96
9 100
21 11
22 45
30 22
28 58
12 6
24 44
28 12
26 46
25 41
5 19
15 94
14 39
10 73
1 13
22 31
26 12
19 91
18 23
21 28
13 88
9 10
10 47
8 21
28 12
5 44
2 94
30 78
6 95
5 11
17 8
12 37
17 86
3 84
14 35
25 100
19 36
5 69
27 39
27 16
9 12
5 17
16 87
17 28
11 77
2 41
4 71
30 84
19 45
25 94
21 18
28 95
27 67
15 69
3 72
20 48
0 33
19 3
25 28
27 43
19 58
29 90
3 62
19 79
10 82
9 79
21 13
25 35
16 93
20 81
26 28
29 98
14 81
1 34
20 93
28 97
26 46
22 53
14 96
8 87
2 29
28 58
5 85
4 56
24 24
14 4
15 87
28 99
12 21
16 18
23 67
15 32
17 76
19 88
1 26
26 26
14 93
2 94
21 20
12 42
23 36
29 95
19 3
24 10
28 52
2 6
7 57
6 52
1 87
11 6
6 59
13 1
22 15
4 33
30 64
15 60
29 59
1 49
8 85
4 53
6 75
9 57
19 92
20 27
14 67
11 40
19 75
9 40
28 42
1 47
27 83
23 47
19 24
4 8
16 85
29 77
25 1
28 7
6 10
28 3
6 89
15 43
21 86
27 73
27 28
11 41
21 55
30 54
4 62
9 78
18 56
18 7
4 17
29 71
19 39
2 10
23 29
27 92
8 51
22 58
20 16
29 51
21 99
23 81
26 98
26 92
14 87
15 57
16 65
23 68
24 97
30 53
23 65
0 42
16 28
9 54
18 22
25 67
20 78
6 36
17 77
6 55
24 66
6 61
11 95
6 63
24 88
24 72
5 83
5 97
20 17
10 87
27 92
1 19
21 94
27 41
8 67
18 88
30 28
22 88
22 57
4 50
12 58
26 72
21 9
23 56
10 27
3 13
6 13
11 55
20 92
9 67
27 68
19 11
13 58
5 75
11 83
22 77
16 35
22 16
8 19
22 49
14 42
22 68
14 25
12 30
5 10
25 93
8 41
14 35
19 82
4 78
27 47
26 86
30 67
30 51
10 57
16 3
23 3
3 70
5 60
8 26
5 78
13 99
12 38
4 90
20 26
11 97
27 53
27 24
7 46
17 72
14 45
8 74
11 89
25 66
25 52
0 6
5 92
10 88
24 17
6 31
13 20
21 81
7 6
25 13
17 76
7 70
27 93
11 18
22 26
3 69
16 34
20 32
26 5
23 92
8 22
1 40
17 89
22 96
13 43
23 20
28 43
11 87
19 24
4 21
22 54
22 18
8 4
1 86
20 25
12 51
18 38
19 4
9 7
24 80
22 25
8 22
4 33
12 45
28 29
3 69
21 91
18 3
16 55
13 93
21 90
21 71
2 91
18 90
4 91
24 18
28 40
7 90
3 37
18 78
15 44
26 70
14 75
12 55
10 23
21 5
20 91
2 33
17 25
0 75
6 74
23 80
17 25
4 27
21 85
8 39
29 86
10 83
25 83
0 60
26 50
5 56
7 68
24 97
18 35
30 66
11 60
1 29
9 68
14 74
5 44
30 17
17 62
20 22
16 96
10 48
4 42
0 77
17 44
29 59
21 99
28 91
12 3
4 48
0 68
22 31
23 84
26 58
20 73
30 95
14 98
19 21
8 69
15 98
2 8
1 81
4 23
28 67
29 14
11 56
0 23
10 54
10 24
5 19
13 4
14 52
2 88
30 34
26 60
23 43
3 26
0 81
5 25
20 77
22 13
5 69
2 6
30 35
16 42
16 41
11 92
10 31
10 29
9 69
12 94
13 57
20 64
3 33
16 6
21 26
25 32
9 68
20 3
16 6
7 62
2 19
24 47
17 52
14 73
30 94
29 89
1 18
28 44
30 48
21 65
8 47
9 13
27 14
29 3
19 39
23 76
4 8
8 1
24 81
1 65
3 22
21 96
7 89
28 5
18 22
24 2
20 11
0 16
18 28
6 18
11 31
29 34
19 64
0 99
25 96
14 21
26 40
23 77
29 68
30 30
3 18
29 99
3 26
25 47
9 31
0 50
23 91
27 56
27 24
13 41
5 72
22 85
10 92
23 55
28 54
3 78
18 40
12 85
4 100
15 9
26 92
1 43
29 14
3 41
2 4
4 52
1 55
27 28
20 68
21 29
13 82
4 27
22 73
26 100
2 18
13 10
1 75
30 15
6 10
20 85
26 61
22 16
21 60
23 42
26 91
7 1
9 55
28 56
30 28
30 55
19 51
2 73
15 68
29 33
11 76
25 72
8 41
24 63
17 11
21 50
20 20
24 94
25 45
16 35
26 51
19 52
26 93
18 21
0 38
17 55
28 85
27 81
23 53
22 98
2 76
11 4
5 86
7 77
10 97
12 72
25 84
10 35
5 56
18 23
6 33
22 78
21 7
0 66
20 1
17 58
15 79
6 66
25 51
26 2
27 1
10 25
9 93
23 3
9 19
3 71
25 44
22 72
30 88
18 53
27 34
4 7
9 23
17 58
26 74
13 55
17 4
18 24
25 93
17 98
29 43
26 94
0 85
1 20
25 8
20 36
4 6
1 20
0 95
24 35
3 48
27 11
17 55
2 66
30 84
9 14
18 46
17 42
19 82
19 10
19 26
22 82
8 100
1 56
0 25
16 75
15 2
27 65
19 80
28 53
6 13
15 77
23 65
14 86
26 51
10 22
24 54
19 65
10 8
11 83
20 41
24 31
27 68
27 65
29 46
4 68
27 7
9 31
25 45
22 27
30 52
20 17
1 48
20 51
17 11
22 78
15 40
22 73
22 11
3 39
20 58
29 41
18 98
20 1
21 36
13 6
24 42
0 74
21 17
17 38
22 37
6 61
15 6
11 98
27 71
1 33
19 74
1 96
27 34
7 76
13 98
23 51
25 84
2 46
9 90
12 31
9 15
14 68
8 60
27 51
29 78
2 21
1 5
3 38
30 28
11 99
7 85
25 23
3 100
8 70
19 49
0 14
27 96
29 96
7 41
13 60
24 99
26 82
1 81
3 95
21 64
24 93
9 51
16 95
13 29
20 21
29 66
24 28
6 94
20 96
22 55
16 48
23 70
4 56
30 56
14 29
28 75
8 97
3 63
18 45
24 80
19 81
11 62
4 65
5 91
10 83
30 9
3 47
0 5
17 6
29 28
12 23
20 70
0 98
5 24
1 71
10 40
10 87
23 58
18 8
0 52
10 77
26 10
24 49
16 25
28 27
2 34
28 66
10 75
3 9
14 79
19 42
20 79
25 94
15 19
8 59
15 19
19 23
21 2
10 59
22 6
27 13
27 55
14 26
17 93
15 45
12 41
17 47
7 7
2 90
3 64
1 89
15 49
4 80
23 52
7 88
27 50
21 83
27 92
0 70
8 95
22 30
2 36
25 86
24 5
27 75
16 72
29 48
29 20
23 30
1 57
26 70
5 84
3 48
30 16
1 6
25 94
24 79
23 87
17 67
5 59
18 85
7 59
30 31
24 27
20 37
12 53
4 20
21 80
23 55
14 45
29 52
15 48
20 89
25 8
10 95
21 7
24 51
21 41
17 12
14 90
5 30
4 30
3 73
29 14
17 10
8 19
29 3
0 36
18 83
6 41
25 98
30 2
10 87
28 62
25 16
16 35
24 59
1 22
20 46
13 5
9 49
15 93
29 79
16 13
29 29
23 55
28 66
15 23
26 69
14 65
9 48
19 57
12 71
14 32
28 14
30 88
24 17
23 24
30 85
10 49
21 54
19 6
6 13
2 81
28 62
0 16
17 19
11 75
21 34
1 67
2 44
1 3
7 45
26 52
15 32
12 24
28 95
10 61
12 85
9 57
5 70
6 92
2 46
4 81
22 51
0 2
4 74
1 56
15 36
14 90
23 1
16 24
8 13
7 27
30 94
25 10
19 95
14 71
6 11
5 71
21 38
26 38
0 66
25 90
7 89
22 95
14 85
1 54
25 74
5 57
27 81
3 80
6 83
11 97
28 56
10 80
2 94
11 9
24 60
11 82
15 19
19 22
16 46
22 32
14 24
17 35
28 40
8 30
3 87
5 70
5 12
21 76
24 13
2 51
11 64
0 42
18 41
7 46
26 59
29 16
20 72
25 81
13 6
11 29
1 58
28 22
0 32
30 27
21 89
24 62
22 64
5 11
7 83
11 67
23 17
14 62
8 88
12 18
7 55
5 12
28 88
18 5
1 21
28 81
27 49
29 42
11 37
2 53
19 42
23 37
22 13
29 48
28 51
12 38
7 61
10 40
13 53
13 46
8 63
13 53
14 84
0 62
14 55
18 68
24 60
5 13
5 37
27 100
18 8
6 79
23 73
30 74
12 55
20 37
18 50
15 23
20 58
2 92
1 33
15 89
25 51
3 30
26 87
1 30
21 38
29 9
12 78
7 24
18 76
25 1
13 79
27 2
17 98
6 19
24 65
13 81
20 61
3 37
24 36
30 19
9 3
30 78
22 10
17 51
10 57
9 21
22 98
29 68
21 73
2 53
12 36
14 58
24 62
27 38
21 88
14 86
16 41
23 64
1 7
10 65
27 67
29 14
7 75
21 18
8 43
23 32
2 94
25 70
29 75
29 16
15 19
25 99
9 45
30 7
3 62
23 42
3 76
4 15
26 60
28 34
18 53
7 76
12 34
9 25
3 77
8 53
1 83
26 73
24 67
20 59
17 74
5 56
17 49
0 62
19 36
12 72
12 53
2 45
24 27
29 39
23 27
30 52
5 67
13 80
16 63
22 35
8 98
0 1
9 88
18 56
1 41
20 45
8 54
27 25
1 39
30 86
0 85
13 79
15 80
26 99
3 75
0 31
20 45
13 20
3 93
23 58
9 13
17 99
15 76
19 70
21 95
16 19
22 84
21 73
8 99
3 100
12 48
5 57
21 68
24 84
3 8
22 24
11 35
11 94
17 80
16 34
3 77
26 38
1 50
6 70
28 38
10 23
29 90
8 22
21 48
2 34
20 86
26 3
20 44
18 14
24 42
29 3
27 3
3 63
14 47
19 91
14 67
18 48
19 34
28 75
5 11
2 77
9 95
15 56
5 58
2 53
4 32
20 8
20 52
19 56
11 84
7 33
19 89
6 55
16 3
20 15
20 86
18 96
15 29
10 41
20 34
21 83
16 65
2 22
19 68
25 95
29 58
4 86
8 33
9 52
15 96
20 42
22 16
26 10
29 71
8 90
24 27
11 40
8 34
14 82
12 40
2 31
15 52
25 55
1 19
7 90
26 48
27 18
5 9
12 2
2 37
0 8
24 67
28 79
16 67
5 89
10 29
16 63
6 2
8 84
24 19
15 74
20 11
27 59
27 4
14 54
30 89
17 6
14 80
0 25
25 40
7 46
6 42
24 82
1 45
28 22
3 84
17 78
4 27
0 78
12 86
22 50
18 44
3 43
0 40
29 79
22 88
12 14
24 44
30 59
18 32
17 80
13 9
1 89
12 46
9 81
18 80
19 48
5 97
8 14
20 82
15 33
22 94
21 44
7 47
22 45
11 57
21 98
2 66
24 39
28 63
16 63
16 10
10 23
8 53
2 62
11 29
11 21
28 1
19 4
27 12
29 66
3 12
30 40
3 6
27 15
4 72
6 71
16 15
25 66
11 9
8 54
9 28
27 45
0 15
14 3
1 68
16 10
11 8
1 87
2 36
15 64
13 3
5 3
18 76
23 80
7 68
19 65
6 71
6 69
14 3
25 59
2 99
11 58
24 83
30 40
22 91
9 60
13 33
22 61
7 17
14 95
11 6
3 32
27 95
15 100
1 25
22 57
23 65
6 63
7 43
3 2
6 55
21 27
3 63
1 87
27 29
30 23
10 41
8 13
3 91
3 26
17 65
0 1
22 22
11 67
7 78
12 11
3 94
13 88
19 30
8 30
19 75
23 11
4 98
20 26
14 31
25 20
1 99
17 41
8 5
7 19
17 90
3 33
16 78
0 40
24 57
12 17
7 45
2 74
17 11
1 100
13 69
6 99
5 69
9 96
3 16
16 26
15 23
18 25
20 55
27 65
18 25
18 51
4 23
19 38
9 23
9 12
21 34
8 6
15 2
11 70
29 37
17 39
9 66
14 18
1 62
28 59
24 96
15 64
27 77
28 74
11 94
17 79
24 9
1 55
13 24
17 73
27 33
18 55
8 54
20 88
13 44
23 16
17 48
23 60
22 7
6 63
3 7
4 91
21 22
17 10
18 82
29 56
10 23
28 20
17 3
2 2
21 16
29 28
30 64
26 79
20 91
30 52
3 56
8 43
25 70
15 87
11 100
28 17
19 71
1 67
6 45
29 1
5 29
20 21
5 1
19 33
23 66
17 32
14 44
15 25
0 38
30 69
12 28
29 31
7 56
1 24
3 8
26 9
17 8
1 4
18 64
20 99
24 7
9 24
12 88
9 20
23 32
28 36
18 52
9 81
4 62
6 43
10 41
4 84
8 27
17 41
30 17
10 56
12 24
1 34
30 9
22 51
2 52
0 31
6 20
15 12
9 92
22 85
25 89
16 75
0 23
4 71
25 47
22 93
3 33
9 7
0 2
26 41
23 65
0 1
26 47
29 73
21 68
30 21
14 5
24 47
12 69
30 37
22 4
27 53
12 92
25 98
21 38
5 60
17 52
29 58
26 4
8 31
7 16
5 20
7 72
19 11
16 98
21 10
30 93
18 74
21 9
21 9
15 73
26 25
24 58
20 16
12 15
9 38
1 66
8 68
12 73
16 49
23 70
7 85
28 68
7 29
7 80
10 45
17 68
4 51
24 34
1 38
22 17
17 58
18 70
14 40
29 37
7 44
29 49
11 9
2 71
7 67
11 100
10 35
18 9
3 62
22 25
19 91
15 40
13 45
24 58
21 96
29 88
6 22
30 28
13 51
14 83
8 80
10 84
24 91
3 4
10 70
29 37
17 18
5 84
20 68
24 23
3 80
28 48
2 45
17 67
16 36
24 32
18 86
3 66
7 75
6 54
25 77
22 7
1 37
15 10
1 85
11 27
3 1
21 57
11 13
25 38
22 34
9 39
4 97
29 97
13 5
28 75
1 77
27 58
11 57
14 1
2 4
14 99
10 99
13 58
29 24
22 79
22 27
21 14
8 16
12 66
2 28
14 59
22 42
15 14
28 60
11 43
27 12
16 24
10 65
29 74
26 56
30 36
6 31
20 52
18 17
19 46
7 89
15 80
28 72
24 56
13 76
26 73
8 94
18 100
15 35
7 69
5 47
16 71
9 80
30 1
8 73
29 9
7 15
17 3
10 72
16 84
10 64
18 22
9 45
18 8
29 34
4 83
19 25
21 60
9 91
4 85
10 42
15 41
12 20
11 76
7 21
23 4
30 5
8 84
28 89
8 55
21 70
9 45
16 73
6 55
25 9
22 77
19 34
29 100
7 94
15 67
13 30
8 13
25 57
8 67
18 99
21 85
9 52
3 32
17 69
19 3
14 68
24 62
25 96
3 28
19 47
26 32
27 73
0 34
13 94
0 29
7 27
8 45
11 45
11 52
3 91
28 54
22 27
1 89
28 1
1 99
9 26
0 8
16 85
25 43
27 100
21 7
17 99
18 36
13 1
11 66
28 7
16 64
14 60
23 78
18 95
19 69
24 37
2 57
26 29
28 6
22 67
9 99
17 38
15 17
14 69
24 25
3 2
0 4
26 91
19 74
20 5
28 67
15 2
1 82
1 99
6 70
15 6
5 95
7 84
3 26
27 46
1 48
8 67
26 26
30 14
6 72
0 78
8 10
13 43
21 12
12 24
30 68
25 86
17 91
17 36
16 15
0 2
21 4
3 23
16 12
16 12
28 43
22 33
3 42
5 48
23 48
25 16
18 50
22 73
4 7
28 25
16 13
17 16
2 32
13 11
1 50
24 91
21 10
21 44
17 49
9 19
14 61
27 91
0 91
25 20
1 9
12 14
2 74
11 81
22 15
11 71
15 23
18 92
11 25
28 21
12 51
19 25
25 42
24 12
29 25
6 27
2 37
15 43
8 12
13 99
10 3
10 50
22 45
29 7
14 59
2 14
27 17
22 69
2 100
29 72
21 68
30 75
29 100
28 45
18 48
26 33
20 54
4 8
15 98
4 64
21 68
18 59
27 80
7 11
18 90
28 30
13 8
13 74
29 92
20 8
17 26
10 30
11 88
0 59
7 54
28 28
23 44
18 61
19 34
24 87
21 53
21 98
22 69
26 43
13 25
2 92
21 38
24 71
22 87
6 47
26 47
30 95
30 87
25 53
21 51
8 17
27 73
24 26
9 80
9 76
27 36
2 28
0 68
15 45
16 33
22 29
2 91
10 36
20 17
13 46
18 26
29 71
0 60
22 66
15 76
10 58
6 5
6 100
13 31
0 85
13 89
4 26
9 39
27 42
26 88
0 54
1 7
10 31
28 85
5 78
28 36
15 32
20 21
7 80
27 83
4 18
14 85
23 32
22 11
8 90
9 42
17 93
8 19
12 50
20 65
26 63
2 89
25 22
8 21
5 82
5 59
13 66
30 9
14 31
13 55
9 72
27 80
4 66
0 2
24 88
13 94
5 56
21 99
7 25
7 77
26 5
5 59
2 81
29 59
25 39
15 72
29 6
15 31
5 45
10 62
11 34
15 14
28 88
9 80
1 50
21 87
15 66
26 23
25 34
6 41
30 33
24 23
18 83
16 37
30 5
19 49
18 97
9 63
28 60
11 98
22 36
9 30
19 23
1 100
17 86
28 51
11 86
6 55
27 25
30 56
4 96
14 7
19 71
5 38
8 56
27 87
18 1
21 42
13 41
4 63
19 44
17 48
17 54
12 23
1 68
7 68
4 55
13 82
12 1
8 59
26 61
5 79
2 45
2 40
19 66
10 1
10 87
0 58
23 79
18 78
8 49
28 22
0 86
10 88
29 26
0 17
5 10
16 7
12 60
29 55
11 10
2 2
7 63
20 85
23 49
14 70
24 97
8 42
22 59
25 78
10 94
14 64
8 98
5 32
13 43
12 35
6 35
29 93
0 100
3 89
15 84
2 35
21 80
16 100
22 34
18 74
21 59
22 39
9 88
22 78
0 41
11 48
20 72
29 46
11 86
12 66
23 39
17 15
10 55
12 20
19 29
19 8
18 93
9 29
21 96
28 78
12 22
14 28
29 100
6 26
6 71
20 15
13 19
24 89
12 33
14 14
1 94
15 55
16 5
20 12
7 63
28 7
19 94
14 87
13 69
25 39
25 91
1 54
25 41
28 83
9 68
4 59
1 75
14 14
17 35
11 91
28 67
26 71
0 70
30 62
30 23
25 11
22 6
5 46
29 6
7 81
30 9
7 32
29 26
3 98
24 58
4 79
28 73
19 19
15 60
7 88
1 60
27 67
20 55
21 87
1 82
17 95
26 99
6 93
29 84
1 93
8 85
14 76
26 19
24 18
10 85
23 37
10 34
26 66
3 51
5 45
28 12
20 76
17 57
19 80
5 53
27 32
13 53
23 43
13 52
21 74
23 18
10 70
29 65
24 69
24 49
5 5
7 6
28 96
9 35
22 52
14 92
7 15
12 36
22 52
23 100
30 24
20 77
18 14
9 35
4 31
26 50
20 59
0 57
5 31
7 24
13 86
5 25
29 49
11 22
21 9
10 3
28 7
7 94
30 32
16 59
3 50
16 71
21 16
4 87
21 34
5 45
2 79
29 57
13 85
25 80
12 96
7 72
21 86
19 18
6 7
17 43
29 3
6 33
7 71
11 11
24 53
29 25
22 16
5 18
19 12
5 23
14 59
10 51
8 43
17 71
9 71
1 63
27 59
9 19
20 73
14 16
3 80
30 83
30 77
12 48
25 24
14 3
5 65
22 65
12 29
12 37
21 16
5 8
0 67
22 21
20 10
27 81
10 11
1 97
22 57
15 47
10 9
4 70
6 24
0 32
13 73
16 26
4 41
18 28
23 51
2 33
17 99
23 62
10 30
9 1
1 27
5 12
4 43
6 39
9 33
19 81
10 55
23 14
10 94
23 87
4 20
15 16
12 49
5 36
22 51
18 60
22 11
18 58
30 27
12 82
17 32
15 68
25 40
29 22
14 79
15 40
3 31
28 53
2 67
19 28
26 82
27 72
9 98
30 16
28 70
29 34
22 66
26 97
11 3
12 28
19 26
21 75
28 55
22 59
13 71
5 39
19 42
20 1
29 55
18 63
5 2
12 86
28 14
13 42
25 6
30 98
28 23
22 98
22 28
22 58
24 39
9 8
27 67
27 89
21 98
13 77
5 20
13 64
18 63
4 74
3 91
2 43
20 90
21 60
28 40
11 33
10 78
7 16
12 55
10 29
7 50
2 61
20 33
7 85
8 96
14 43
13 39
8 6
2 90
1 58
19 19
10 24
24 2
19 63
20 37
28 22
11 22
0 81
1 5
16 97
4 2
22 25
28 76
1 52
16 100
19 64
16 60
9 62
13 2
0 89
24 74
9 64
8 70
0 72
16 11
29 2
9 35
1 88
29 16
1 60
14 91
15 2
10 76
17 34
11 88
14 50
23 57
13 63
6 17
28 76
27 81
26 35
9 37
7 26
21 74
1 93
15 90
9 25
16 46
22 56
19 57
29 59
1 7
27 41
30 18
25 95
24 74
0 5
13 13
11 31
23 58
10 44
28 20
26 84
25 66
10 89
16 48
23 31
19 78
9 88
23 58
28 20
14 73
10 98
12 93
10 86
4 40
23 93
19 45
21 51
14 36
16 69
26 9
12 2
26 92
18 67
23 16
29 9
18 58
4 28
20 41
21 76
26 86
11 27
17 63
12 74
18 26
25 87
16 29
0 43
18 46
17 82
5 60
23 57
7 47
22 67
29 36
11 42
4 39
17 62
18 8
19 2
20 11
0 59
12 8
19 10
3 59
3 80
25 1
20 14
19 68
0 57
17 86
6 38
22 15
23 34
6 66
9 22
18 57
0 36
3 40
24 99
6 1
12 74
9 56
5 96
2 99
7 7
26 7
13 81
28 31
23 18
13 19
3 33
12 61
12 72
13 11
24 63
13 77
24 10
28 60
8 31
12 87
30 30
24 51
9 13
9 88
29 85
16 83
0 64
10 49
11 59
4 44
7 19
27 83
6 84
12 90
30 44
6 66
17 6
29 57
28 83
6 71
22 21
16 43
10 24
12 88
27 88
30 66
0 72
8 83
5 1
17 39
27 93
1 29
27 25
22 51
29 84
12 81
5 82
29 3
4 27
27 44
29 42
26 28
9 80
24 95
28 92
11 32
30 33
28 58
19 61
0 77
22 73
8 17
14 66
0 52
28 49
30 65
21 25
14 19
22 54
15 90
16 60
6 21
3 1
27 41
2 80
9 41
26 53
14 38
20 63
19 33
30 86
6 72
8 60
1 44
23 24
16 37
1 7
26 100
15 63
25 81
19 81
13 23
6 15
19 99
6 7
22 70
17 64
10 52
4 100
18 68
5 83
27 1
10 59
4 84
18 7
18 59
24 7
30 32
28 16
1 6
19 74
6 6
17 62
12 18
22 28
0 77
27 35
11 74
14 6
14 35
17 85
29 54
27 57
19 69
8 9
7 33
23 89
17 41
0 50
15 23
14 36
7 96
3 46
4 85
20 53
6 93
9 6
20 81
21 88
20 25
16 94
17 83
6 39
4 65
18 54
6 11
0 54
5 64
16 9
20 31
28 65
19 50
8 85
3 89
18 20
8 18
1 41
24 72
29 41
1 48
19 43
21 75
3 7
7 74
19 89
4 81
7 99
0 61
16 72
21 23
17 62
29 79
23 61
4 66
5 44
7 20
4 85
2 88
10 76
12 96
7 63
19 91
0 46
3 83
13 17
14 95
10 6
17 44
24 59
3 29
11 53
12 60
25 54
13 100
23 58
23 64
10 26
4 65
21 63
10 83
21 98
18 43
11 39
16 14
5 52
2 79
23 52
22 30
25 22
2 89
25 14
22 90
28 60
2 42
27 64
2 90
11 55
7 60
4 77
17 8
10 98
1 7
10 51
0 45
30 72
29 84
2 6
4 59
2 63
24 62
20 38
11 22
15 53
22 37
13 72
18 28
19 11
23 59
8 67
8 38
23 85
10 88
5 20
18 85
20 99
5 10
12 85
24 99
11 98
13 84
1 32
23 38
26 80
25 45
27 59
6 21
0 84
13 79
23 40
20 26
2 54
7 22
1 49
8 22
1 44
20 79
24 71
1 15
14 56
1 50
17 3
12 8
7 83
16 79
19 88
26 98
10 38
14 34
0 40
10 53
22 27
29 86
3 41
18 76
28 33
30 4
19 64
30 71
11 7
9 65
23 21
6 86
12 92
19 80
24 79
29 2
9 36
29 80
2 24
8 94
18 70
16 46
1 32
19 22
13 60
11 69
13 62
9 51
18 49
18 21
19 59
2 88
5 53
4 26
4 18
14 100
20 39
22 59
19 92
30 85
15 68
16 16
7 14
7 28
18 26
21 13
12 91
5 18
20 71
6 52
9 19
29 52
27 2
23 97
30 16
3 73
5 100
5 47
20 54
6 20
16 64
26 65
20 61
30 98
3 8
5 47
24 79
28 89
24 28
10 11
9 89
22 34
4 53
2 64
6 53
6 77
23 46
12 26
21 63
2 3
17 35
15 86
13 46
21 68
22 8
6 26
6 67
24 51
30 77
24 70
26 3
17 17
6 4
17 93
3 67
24 46
13 96
23 70
19 13
12 41
10 59
13 24
5 35
14 38
3 41
18 19
6 97
5 23
16 80
2 37
24 97
1 7
23 91
3 91
3 27
29 31
16 58
24 74
30 48
13 15
24 53
5 28
10 5
27 42
6 86
28 41
4 13
1 90
16 34
3 47
27 22
18 1
23 75
5 63
28 94
18 7
1 30
18 27
22 13
24 15
23 88
4 9
7 33
28 74
29 87
16 62
0 3
8 99
21 4
18 83
17 36
10 15
22 78
20 13
11 62
29 68
11 50
25 82
21 69
17 3
0 32
10 58
19 8
13 56
20 31
19 70
29 87
6 43
0 26
10 84
27 63
9 79
1 7
1 76
25 89
7 12
30 56
6 49
21 55
5 99
29 60
9 77
25 40
21 27
22 86
30 25
16 62
30 69
24 96
17 36
22 49
26 54
27 86
4 32
27 21
12 12
25 15
4 9
26 6
27 99
3 48
12 51
17 23
13 4
18 41
7 16
9 15
25 29
2 62
22 57
9 14
11 8
26 92
28 23
8 90
2 28
4 14
2 68
22 56
13 99
23 81
5 61
12 33
3 15
22 43
8 73
27 80
15 93
8 70
6 66
9 40
2 67
3 62
21 83
24 62
10 18
23 26
28 40
30 67
20 24
13 80
21 32
8 3
15 12
7 37
24 52
22 66
22 29
29 27
18 31
6 49
26 22
13 27
7 21
18 57
9 17
3 52
26 68
26 73
13 19
12 18
3 36
17 44
14 66
9 72
26 34
24 46
3 64
12 47
10 53
24 57
1 27
29 36
20 57
0 100
26 84
19 12
3 55
20 67
1 64
14 58
11 74
0 60
13 42
0 78
18 27
3 82
22 32
28 31
6 91
5 85
0 26
16 81
23 4
6 92
27 85
11 48
20 3
2 30
19 27
12 25
12 29
21 72
13 72
4 1
4 56
8 94
20 43
2 31
9 78
17 62
2 9
28 8
8 76
17 54
21 87
27 81
30 90
1 61
5 46
21 79
7 76
3 1
6 26
21 98
13 71
25 22
20 41
0 47
27 10
26 95
24 41
23 78
28 71
21 57
19 93
1 20
23 96
24 25
30 58
26 17
1 42
25 94
2 36
19 36
14 2
29 33
23 36
5 69
14 28
2 78
3 76
5 38
24 89
12 13
14 92
29 41
23 78
23 30
30 69
1 52
19 48
8 55
5 76
11 93
15 8
4 84
10 18
3 100
20 67
20 49
11 90
26 24
11 85
3 42
27 22
22 65
24 18
0 55
20 55
18 58
7 99
29 11
27 24
12 54
2 38
26 69
10 70
11 50
19 11
20 18
13 55
9 6
11 20
21 36
4 50
10 45
4 63
14 32
18 82
3 84
3 20
22 83
29 82
26 15
30 11
16 72
10 82
2 87
17 64
29 85
30 72
5 9
20 94
11 71
8 17
13 3
11 1
6 60
8 87
9 11
5 37
26 44
30 65
30 80
13 53
17 91
27 82
28 41
15 49
3 27
14 59
17 11
28 11
23 99
9 41
21 29
27 20
19 46
25 30
12 76
21 65
6 14
2 14
21 54
0 13
22 34
10 22
2 76
21 67
23 9
11 2
26 53
17 24
1 100
17 62
17 61
13 69
22 81
10 53
17 97
20 1
29 24
13 39
4 28
17 47
3 40
19 63
25 29
14 26
5 48
30 24
15 36
30 54
8 78
8 62
28 88
16 55
26 12
13 81
22 78
23 12
12 33
9 83
15 62
11 20
5 46
19 32
0 10
22 68
4 32
12 63
20 99
13 6
22 16
19 90
24 29
7 83
18 29
24 100
14 51
19 22
11 72
4 70
20 55
23 13
20 49
22 66
27 19
5 44
0 30
13 2
12 2
9 75
22 28
30 28
22 61
4 9
2 50
5 5
16 12
8 67
15 39
16 77
29 82
16 78
9 64
27 55
15 53
26 11
30 63
5 92
16 36
21 78
2 7
7 72
28 39
1 16
1 47
22 39
16 3
24 28
13 53
7 5
16 94
17 63
27 35
13 94
10 99
29 52
28 30
4 99
28 44
28 67
18 91
19 5
23 93
28 95
6 9
4 36
22 76
19 90
20 76
15 28
13 43
24 81
25 91
12 55
4 8
4 16
30 37
5 59
20 6
8 16
15 46
24 48
22 95
28 46
16 71
7 94
5 76
24 96
26 73
0 15
28 91
22 81
6 41
22 75
22 9
15 31
26 51
8 23
25 55
18 21
0 26
2 69
19 41
21 60
30 51
27 96
30 68
18 14
30 14
5 37
23 3
7 76
12 4
28 43
3 91
9 5
9 36
8 20
5 33
23 82
1 64
29 29
6 69
7 24
25 63
11 73
7 7
22 82
24 61
14 56
25 72
15 92
21 76
1 58
22 43
19 23
10 95
16 98
30 50
0 71
28 16
8 43
9 88
29 57
2 61
22 69
24 29
18 67
12 68
14 17
21 40
17 35
30 44
4 91
2 46
24 7
29 86
19 97
1 78
24 70
1 98
3 45
2 66
25 74
2 78
14 60
18 57
27 8
14 60
28 67
21 21
2 94
5 79
5 80
0 87
0 4
4 99
12 66
29 100
21 34
24 90
25 69
5 46
5 85
21 78
16 78
19 24
18 51
25 84
25 96
23 89
11 6
7 57
0 6
6 92
10 24
29 44
17 69
21 17
28 40
23 20
25 43
21 47
22 74
27 15
1 33
9 20
1 12
10 57
22 11
3 90
5 69
27 100
9 89
9 82
7 100
30 65
0 56
19 25
27 69
25 4
29 2
12 81
24 13
27 5
29 1
20 70
29 84
10 62
24 6
22 30
11 85
15 29
16 68
27 19
23 98
5 55
25 45
27 60
11 34
18 58
18 31
12 56
8 25
13 22
30 67
17 74
24 50
5 1
3 76
21 13
6 31
0 61
12 51
1 9
19 29
3 2
14 16
13 12
17 97
10 89
22 86
27 18
20 57
28 24
22 95
15 55
2 34
8 58
8 51
24 55
18 98
24 22
13 65
23 90
15 76
27 37
20 30
17 9
26 15
23 48
27 1
25 39
10 42
1 90
24 75
11 84
12 46
15 75
12 7
24 41
12 17
1 95
23 48
21 20
16 28
27 76
2 52
5 88
28 3
4 71
17 31
27 26
4 82
17 45
4 16
15 58
9 91
26 65
20 17
16 99
25 10
8 76
17 22
16 39
21 71
10 21
27 33
25 19
18 81
1 60
22 38
5 92
19 97
26 45
5 23
8 72
8 47
21 38
12 19
21 51
3 32
28 29
17 83
19 97
16 2
14 48
7 71
25 65
0 69
0 66
27 65
11 27
19 77
17 73
23 22
7 37
30 18
10 9
13 67
9 39
9 21
17 32
16 11
29 78
23 22
5 88
24 39
6 77
5 92
17 35
10 4
17 38
18 74
27 95
5 34
27 87
0 77
23 55
22 89
5 44
23 32
21 27
30 43
4 47
17 57
24 89
4 100
30 25
11 7
10 79
27 95
27 74
26 63
11 73
28 10
26 21
18 35
14 19
5 77
26 51
28 46
13 1
7 17
6 64
17 36
27 59
26 65
24 96
3 16
5 70
25 90
9 43
20 78
1 91
9 96
7 87
5 67
24 50
27 89
3 65
12 73
12 89
27 12
8 24
4 22
25 95
4 56
11 29
23 29
30 42
9 45
5 84
29 57
21 69
5 57
17 92
25 58
8 97
28 59
22 23
15 29
23 28
2 46
12 9
9 10
3 76
15 21
18 23
3 88
10 67
7 66
20 9
28 22
23 28
11 94
15 14
16 99
17 99
30 86
12 99
3 49
12 35
5 53
16 36
30 69
0 88
11 85
14 7
1 100
11 46
28 93
1 29
28 65
30 4
30 84
1 17
24 15
29 25
13 60
25 76
27 63
26 35
25 1
26 30
25 54
11 91
14 96
6 21
25 30
15 85
28 29
19 12
18 38
2 69
17 7
1 59
28 13
2 60
23 22
25 31
24 12
21 78
16 43
0 28
21 3
29 52
25 39
5 94
21 99
25 7
27 42
13 43
23 48
30 39
4 43
24 81
27 100
7 80
19 62
26 73
8 7
1 47
9 83
15 59
13 74
12 69
29 29
15 63
6 37
30 90
17 42
1 40
16 72
8 91
12 84
9 58
22 88
3 2
24 86
5 35
24 78
30 91
28 25
18 43
10 27
22 14
9 50
9 19
23 89
6 29
27 52
14 19
9 30
15 16
16 38
29 46
12 66
23 82
24 14
16 35
7 15
5 96
1 32
17 100
17 82
9 84
28 47
21 11
23 42
25 100
26 58
16 82
30 95
26 85
27 73
24 95
24 49
26 74
11 40
29 14
22 100
1 60
3 85
16 30
27 70
14 90
17 13
24 78
17 91
20 38
13 61
20 44
16 5
6 28
23 55
10 54
7 71
9 65
8 67
22 13
23 10
19 42
10 3
18 66
8 26
13 74
28 54
11 90
4 33
10 2
8 10
3 20
10 69
24 16
19 74
1 96
10 6
22 51
1 78
12 25
23 91
14 71
20 88
13 70
5 50
18 13
17 9
21 42
6 92
21 55
10 40
2 82
27 60
3 42
7 38
20 80
8 37
16 39
4 82
13 31
17 5
16 80
9 73
20 18
27 65
8 88
20 28
29 91
15 84
29 76
17 99
22 20
3 86
21 98
11 23
6 40
24 40
1 55
0 33
25 91
12 38
16 84
17 71
7 90
30 22
18 51
30 90
7 40
22 97
23 80
29 63
9 38
14 94
30 51
17 83
18 91
22 37
26 47
6 80
27 17
18 48
9 91
2 87
4 76
10 5
17 4
21 100
17 94
20 52
2 83
21 3
13 76
8 87
24 59
21 42
6 60
18 96
11 28
2 47
30 83
16 45
8 96
3 59
25 17
16 14
22 33
12 26
22 2
29 40
3 12
15 100
24 98
28 9
0 65
7 48
21 94
13 62
0 84
28 13
12 90
14 60
7 55
19 81
1 19
19 60
7 1
26 24
10 68
29 29
23 84
26 1
0 69
3 99
6 23
10 99
20 4
2 74
20 18
28 55
24 5
1 8
24 29
8 92
11 46
15 98
23 33
16 43
6 80
16 19
7 37
14 88
29 34
27 41
12 92
4 20
3 88
29 18
11 39
25 26
30 50
16 3
1 18
8 19
19 27
25 54
22 36
18 31
13 9
12 9
9 71
21 35
28 97
26 51
18 69
16 74
19 8
18 85
12 69
23 45
0 38
20 83
28 42
3 2
13 19
30 25
22 20
22 51
14 17
19 51
17 73
12 48
22 78
16 33
7 90
14 11
30 61
25 3
13 37
9 60
21 28
18 81
29 68
7 95
20 97
18 26
15 8
2 86
16 35
13 37
30 93
16 99
9 83
8 22
10 75
24 34
29 60
3 78
17 33
11 10
3 22
23 48
29 39
30 21
11 81
16 7
2 57
17 57
15 95
8 32
26 90
28 22
25 20
0 75
18 82
4 76
28 5
5 13
10 84
22 82
18 4
0 90
15 8
22 63
28 67
12 19
30 4
11 5
12 74
28 63
16 77
20 94
3 79
25 37
13 12
7 6
18 22
3 90
14 9
9 34
24 31
24 36
16 29
20 91
20 65
23 96
14 95
25 17
20 73
8 69
27 94
12 70
4 34
6 5
5 39
