70
16 94
27 2
20 51
24 63
23 95
3 91
22 70
4 76
24 31
28 29
13 64
27 90
22 21
28 76
20 85
8 21
3 70
15 67
17 63
6 19
1 90
10 40
16 53
12 17
13 100
7 75
30 78
3 11
1 14
22 83
1 94
13 91
10 18
24 74
19 94
23 39
11 74
25 81
2 66
1 90
2 37
30 26
17 21
2 8
30 53
14 73
27 52
1 40
17 19
30 24
26 73
27 16
17 13
1 51
30 10
14 56
17 94
26 13
21 42
28 22
6 92
11 66
14 12
6 15
8 70
4 41
18 58
2 66
4 73
9 85
15 92
8 78
3 56
12 58
7 46
14 4
11 76
15 20
9 8
22 41
14 69
27 13
4 27
5 17
9 24
7 5
2 49
27 33
11 19
23 34
6 25
27 19
29 76
15 77
25 26
1 41
14 69
21 67
23 49
21 1
4 34
28 86
6 60
23 54
12 81
18 53
24 41
29 49
2 24
28 10
17 16
10 73
18 49
4 58
21 52
0 47
19 98
6 79
21 73
10 64
10 28
26 41
17 45
25 57
23 44
4 52
27 50
10 37
7 1
28 48
9 23
25 74
14 71
30 71
23 84
27 27
13 35
28 35
19 90
24 31
8 81
11 97
28 39
4 68
23 8
28 78
13 98
5 60
0 76
20 47
7 93
24 91
0 53
6 32
27 19
12 76
22 90
25 77
3 45
21 79
17 82
27 6
26 43
1 51
3 10
6 23
3 98
2 93
6 62
29 37
14 71
1 12
23 8
4 77
0 60
29 96
21 99
6 92
3 8
25 34
22 61
25 18
1 96
20 64
14 69
6 70
9 63
7 15
7 18
12 74
9 27
30 71
20 6
15 98
28 12
4 81
5 44
27 64
6 82
2 45
29 89
26 50
13 33
14 66
17 1
9 21
6 86
18 96
8 95
25 57
22 80
5 2
4 89
5 10
22 73
1 68
18 89
17 75
4 24
19 59
4 5
24 85
6 45
10 64
11 79
0 92
6 22
8 29
4 81
11 20
10 92
6 22
2 80
29 34
13 40
8 92
13 12
26 67
20 40
21 40
7 60
17 9
18 40
22 38
24 8
8 80
22 92
0 16
10 29
22 54
8 99
25 11
24 18
26 73
19 82
2 37
12 47
30 93
11 93
0 73
23 60
18 31
30 88
10 12
18 12
15 90
27 100
4 67
21 14
2 53
6 46
23 95
9 42
6 83
19 85
3 86
10 31
24 48
21 85
8 12
0 40
4 77
0 53
11 33
23 34
15 73
19 29
13 83
27 23
6 28
21 15
15 48
15 34
15 1
1 86
6 53
4 91
10 47
16 12
23 40
26 5
17 34
2 70
17 24
14 95
22 16
14 94
19 88
17 95
6 18
26 42
13 10
28 42
22 20
14 65
0 96
9 63
3 83
28 30
15 45
17 4
3 68
9 1
1 52
26 14
30 16
29 70
7 52
3 51
15 18
9 17
26 71
13 68
2 6
12 65
30 62
14 67
9 60
30 65
11 93
4 62
22 81
12 61
13 6
11 19
2 31
21 32
3 61
5 78
7 97
5 39
21 91
12 96
18 97
4 71
12 70
8 43
16 19
18 48
30 39
26 81
17 53
10 75
18 79
28 12
5 14
5 34
5 86
27 16
25 38
14 33
4 14
16 77
24 89
17 22
3 22
19 77
6 49
11 30
30 29
28 26
13 99
20 98
17 67
4 61
14 22
4 87
19 58
24 21
21 67
16 100
2 90
18 2
10 34
0 40
18 76
17 26
17 60
29 57
25 56
