70
16 53
15 60
21 16
23 94
28 70
23 69
2 58
12 24
25 7
14 13
10 49
23 73
18 90
27 46
22 20
7 37
20 20
19 93
23 90
20 20
5 81
25 8
27 12
0 89
28 68
16 2
7 11
3 58
30 98
16 14
30 66
6 26
30 71
12 58
17 17
9 22
20 40
22 86
28 95
19 82
10 54
2 60
13 83
2 37
3 71
13 75
11 72
27 80
12 27
27 90
25 31
24 47
28 5
30 94
11 66
17 45
18 12
3 22
2 76
2 90
8 49
15 97
9 62
1 37
22 37
7 11
9 43
26 85
2 76
5 23
18 97
19 66
5 18
19 77
20 38
10 51
3 19
14 83
8 66
23 9
28 43
23 44
29 55
23 69
16 14
15 12
14 59
23 95
28 82
16 82
17 89
13 35
25 50
23 27
8 19
23 69
2 43
5 26
15 10
10 93
16 53
24 37
5 75
15 59
29 96
13 64
15 67
22 23
6 6
29 66
5 95
0 26
0 54
8 92
15 49
3 38
15 55
19 44
23 93
25 9
9 54
6 27
11 42
1 65
1 3
8 31
10 23
8 84
27 26
21 26
21 3
1 50
2 4
26 15
19 8
19 51
24 87
7 21
22 68
7 49
13 58
1 72
21 56
26 11
14 69
30 66
25 74
7 94
27 49
4 95
7 34
25 38
29 89
14 56
12 3
24 63
21 85
5 57
25 38
11 72
11 32
11 25
19 75
9 6
27 47
16 60
9 30
3 70
20 86
28 4
8 100
5 53
4 76
15 31
3 21
27 7
28 54
10 88
3 10
5 16
14 59
13 5
7 95
27 81
0 66
24 79
11 48
23 32
5 72
16 75
28 76
6 1
13 98
26 7
11 78
13 46
14 39
14 25
28 12
6 99
24 91
10 18
13 41
11 21
1 15
13 41
18 43
22 82
21 77
6 43
12 74
14 15
4 76
12 54
4 58
9 15
4 28
28 97
27 86
30 29
11 53
12 5
2 7
22 17
12 52
1 89
21 55
28 67
9 15
9 47
10 88
24 87
24 12
10 76
6 37
4 33
26 95
0 93
24 18
3 55
6 73
3 64
4 29
3 65
16 100
7 27
23 94
7 80
27 55
28 96
21 20
8 95
13 40
7 2
24 38
18 14
11 4
18 76
21 49
9 55
6 92
27 28
21 19
4 100
17 71
17 67
28 49
26 34
23 49
10 64
6 55
5 31
16 90
19 87
6 95
16 52
17 55
3 12
2 50
14 60
21 94
13 55
9 84
3 64
18 94
25 94
27 17
26 41
18 99
9 80
11 100
6 81
18 32
12 45
5 79
8 68
23 57
22 39
16 96
29 98
0 17
1 67
10 74
15 93
25 1
30 1
5 12
8 47
9 31
20 90
17 15
22 54
16 85
30 13
10 27
4 91
27 7
15 39
23 7
23 2
21 44
28 59
10 10
18 67
6 20
10 12
8 5
30 63
26 39
6 49
13 66
24 70
21 82
9 57
30 59
25 21
23 77
13 81
16 60
10 32
3 90
1 48
18 37
4 11
5 34
11 36
21 95
25 49
0 79
11 19
18 16
17 20
5 46
5 12
15 57
1 89
19 25
20 25
9 25
24 15
22 72
14 50
25 20
1 48
19 18
18 80
17 78
19 51
25 26
2 98
1 58
24 54
5 34
7 62
0 64
9 11
22 52
10 85
13 30
4 20
1 79
8 14
20 70
29 78
23 89
20 11
5 63
14 93
16 16
7 6
4 79
24 72
10 81
30 86
22 17
24 76
8 25
21 39
21 56
25 43
