70
16 69
26 61
9 53
10 90
16 85
8 74
22 88
24 34
24 24
22 57
29 69
0 34
17 83
2 46
7 54
2 55
18 30
11 81
26 40
9 42
12 14
25 46
2 91
24 86
19 26
25 57
28 70
12 87
15 31
12 79
12 63
17 72
26 30
23 66
6 93
15 45
21 10
14 8
30 22
26 67
3 37
28 95
4 20
30 87
13 25
28 33
29 70
0 16
15 70
25 37
5 86
30 66
0 8
13 52
1 31
13 31
12 37
19 100
2 83
15 93
28 3
11 60
0 23
4 74
5 78
10 83
6 34
4 56
18 33
11 2
3 24
23 14
25 23
2 66
13 1
18 7
12 57
5 1
11 99
7 8
30 53
6 79
7 87
7 80
21 80
27 96
29 91
28 65
26 53
12 73
28 29
28 39
0 65
13 38
12 64
7 99
0 12
29 70
18 66
20 80
5 29
18 45
11 95
9 56
16 56
27 43
21 41
14 61
24 84
22 17
13 14
22 70
4 60
24 6
14 87
21 27
22 34
15 77
9 88
7 27
5 60
5 53
12 52
5 82
26 76
16 33
27 54
29 35
29 25
20 9
16 67
7 77
16 35
25 9
12 19
18 12
20 88
7 93
21 52
19 48
4 33
10 65
10 33
22 66
21 34
5 29
27 28
7 11
22 56
23 11
21 26
12 96
5 64
6 92
9 88
25 98
29 16
12 74
20 4
28 19
8 95
11 58
0 51
14 100
1 32
17 58
4 26
21 6
21 8
8 32
20 71
20 90
5 20
11 49
26 58
8 32
18 9
25 47
9 24
8 24
14 47
2 18
6 42
22 20
16 47
26 40
1 64
9 98
14 70
21 56
24 80
15 94
6 85
23 7
4 55
7 53
6 74
6 4
10 47
4 50
5 72
29 96
28 42
20 76
11 20
0 51
1 83
5 27
24 70
5 1
18 84
14 86
11 75
25 30
15 69
16 12
24 25
9 48
12 18
24 56
15 5
23 51
28 95
10 8
0 4
17 89
20 24
26 54
26 89
4 52
15 28
25 91
19 18
17 34
2 57
21 23
26 52
22 80
1 49
17 1
4 17
23 23
25 18
4 5
1 74
17 90
23 19
5 69
16 84
22 17
9 96
24 2
8 30
5 32
0 10
3 84
10 14
8 76
17 78
19 18
1 17
15 45
29 94
23 51
6 96
18 2
22 58
4 67
16 57
16 86
30 67
19 35
17 68
23 53
16 2
17 15
7 69
18 57
20 89
17 91
25 24
12 91
25 83
14 47
3 54
20 100
0 62
2 70
12 95
22 70
13 44
25 60
29 41
3 73
18 20
12 39
13 14
2 36
21 81
0 90
12 36
13 93
24 66
16 100
16 14
18 46
19 11
22 4
17 63
16 4
17 47
30 98
8 43
17 3
18 49
19 17
29 36
2 39
29 80
15 88
18 9
19 72
6 89
30 38
9 75
4 16
4 55
9 25
19 19
2 7
19 75
25 40
28 11
27 48
19 96
8 4
24 96
13 90
4 55
15 11
11 68
19 94
29 52
5 30
7 35
3 58
0 5
21 93
15 18
11 35
19 53
21 53
25 6
10 33
26 64
25 4
28 27
23 33
30 45
30 5
9 26
21 88
7 55
29 42
4 73
2 47
5 29
22 93
24 17
15 89
9 67
9 4
16 54
27 71
3 14
5 57
11 70
26 15
18 53
5 68
28 9
19 87
22 97
0 69
6 77
12 59
12 30
23 48
19 65
5 73
3 38
30 54
10 12
12 62
14 58
5 23
3 11
10 54
3 44
2 90
