70
11 56
4 97
8 42
29 35
27 68
13 80
21 94
16 39
13 55
21 50
12 53
24 37
14 13
13 27
10 48
9 6
12 81
22 66
16 66
1 11
6 95
6 27
1 36
30 74
5 30
13 33
6 57
14 11
8 46
11 72
12 50
16 75
4 54
10 89
19 11
17 12
8 39
17 66
23 14
0 84
15 72
22 8
8 65
17 13
7 65
14 4
13 76
11 94
6 73
25 77
6 17
3 54
13 14
28 79
2 89
15 48
21 11
5 33
7 31
30 55
25 20
1 39
1 9
3 41
0 91
17 93
2 27
25 82
6 19
1 77
5 76
23 24
22 72
28 34
26 67
10 60
25 1
1 9
8 81
27 98
23 59
11 79
18 20
27 82
23 20
9 31
14 34
14 1
0 87
12 15
2 14
16 45
2 29
9 78
12 74
6 78
4 50
26 82
9 98
0 44
15 79
5 52
11 56
26 87
13 57
23 71
7 59
25 99
23 65
7 60
23 18
30 97
11 54
19 79
15 44
12 9
11 41
24 1
11 94
24 91
25 28
21 59
12 83
17 22
8 36
0 60
5 12
9 41
1 39
26 38
9 75
20 68
19 31
18 34
24 52
19 66
25 86
2 55
6 80
13 47
11 67
6 43
30 40
26 8
17 10
15 16
28 36
3 38
23 82
19 73
18 57
18 79
15 90
15 18
21 12
12 52
0 53
11 71
26 53
13 1
26 54
23 83
1 6
19 6
11 52
2 78
12 59
14 82
8 39
21 99
17 62
22 3
27 68
23 63
16 9
18 13
30 57
22 46
0 82
11 15
8 41
6 91
13 93
13 38
29 27
27 32
0 44
16 61
16 22
6 86
19 90
13 95
3 13
10 100
2 86
21 8
0 57
25 22
19 76
24 6
28 66
3 83
26 30
20 48
24 7
7 45
9 57
6 63
23 91
14 23
19 41
30 76
8 67
15 13
2 53
8 90
2 56
24 25
18 26
20 92
15 9
3 52
27 18
19 9
24 37
30 5
2 63
4 46
14 35
3 23
25 33
27 97
25 93
10 60
25 25
8 27
1 21
5 36
29 65
9 19
0 67
19 59
8 45
10 43
30 3
23 43
18 64
15 44
28 78
9 82
14 83
13 54
7 14
11 91
11 26
25 76
3 89
25 54
13 7
21 18
28 87
3 100
15 66
20 42
29 86
9 66
9 81
9 73
12 4
23 2
1 61
0 69
1 54
24 37
5 64
15 54
0 90
29 66
30 8
1 32
20 82
0 92
8 63
6 45
29 6
11 43
23 88
21 37
26 51
24 59
10 89
0 58
20 47
0 90
12 49
2 97
22 70
23 54
1 89
6 66
24 12
22 94
29 96
20 71
7 13
14 88
29 20
23 72
3 72
23 2
27 24
16 15
5 89
24 51
18 40
12 55
10 37
1 56
4 52
2 36
10 19
23 69
17 96
1 58
12 21
2 90
26 3
25 7
5 51
12 7
3 91
5 56
8 2
22 64
17 56
9 86
15 62
7 69
13 89
0 94
12 44
24 63
27 9
30 7
1 76
16 51
6 28
2 50
12 53
8 83
28 36
26 12
18 36
25 1
16 69
26 23
14 2
25 8
13 51
17 41
23 71
26 44
27 63
8 14
1 90
19 95
25 90
18 83
15 43
13 21
22 31
6 50
27 35
21 91
30 16
30 38
10 16
24 37
10 54
22 90
1 12
10 5
28 98
25 78
14 81
17 93
7 30
10 92
11 9
5 69
9 96
15 90
6 34
18 85
0 64
7 6
29 64
23 72
10 58
21 73
