70
8 74
17 57
17 86
30 75
28 30
0 22
16 1
19 79
17 35
30 93
29 15
9 33
15 67
21 87
14 21
2 54
8 9
0 8
12 55
21 21
24 32
22 23
19 56
5 5
13 27
14 20
28 98
25 73
19 94
14 13
25 93
0 63
19 71
0 33
10 38
14 1
13 94
4 20
29 22
30 3
6 46
21 5
17 44
21 88
6 38
7 25
12 94
2 19
28 51
22 52
25 36
15 60
5 19
15 15
21 68
30 30
19 55
20 73
22 29
15 36
26 38
25 25
12 9
25 56
28 74
11 6
0 4
25 10
11 64
15 90
21 28
1 85
21 73
26 6
4 75
2 73
7 15
20 83
2 64
23 77
25 8
18 24
2 59
18 98
4 57
19 53
24 69
26 89
21 84
19 63
19 5
10 85
26 40
15 81
15 7
10 98
23 52
23 47
17 27
16 7
4 99
4 50
19 22
16 75
10 10
0 70
22 72
11 9
18 4
25 99
28 28
23 38
24 24
27 2
29 20
21 25
18 98
24 5
29 73
17 51
24 64
0 13
15 22
23 58
21 73
20 44
5 81
15 64
5 67
15 87
4 99
3 35
4 53
13 100
0 35
28 83
18 87
23 1
22 35
28 40
1 46
0 93
15 92
29 44
13 21
16 64
13 13
14 14
15 30
2 32
21 14
25 58
7 9
11 27
4 55
3 17
11 20
19 97
2 59
6 58
11 72
23 38
7 45
10 31
24 69
5 26
13 68
3 11
9 3
29 87
13 96
1 80
29 93
20 56
7 62
17 97
27 81
12 38
12 77
3 68
8 5
12 49
1 55
3 83
15 51
19 87
16 95
15 74
5 5
17 19
9 52
10 99
25 30
18 46
9 20
9 57
30 19
16 78
25 79
27 68
28 22
15 4
0 98
0 13
30 83
22 6
9 61
5 28
22 29
29 22
30 60
9 7
20 39
5 81
13 81
30 6
17 99
10 69
28 74
24 18
9 38
26 93
25 23
24 83
22 87
21 99
15 43
8 68
10 13
8 20
16 57
21 98
15 13
8 66
20 71
10 67
23 98
8 15
7 78
14 35
12 67
11 19
20 76
9 79
12 21
23 16
19 5
19 77
10 60
17 20
15 33
19 91
29 77
1 22
12 91
12 99
16 60
2 52
8 86
17 6
4 53
4 67
0 45
26 44
24 19
16 20
10 39
7 41
1 97
25 67
15 21
30 52
30 18
5 17
8 16
28 76
9 59
25 92
8 49
16 1
26 75
8 93
20 72
3 66
30 81
16 41
17 48
21 36
5 46
5 8
22 65
18 18
29 19
7 55
11 9
26 62
1 33
30 83
4 11
8 8
23 46
4 72
8 39
25 58
2 34
14 70
17 76
9 63
25 7
14 34
3 41
18 71
4 42
9 60
17 7
5 61
21 86
13 63
17 16
14 81
9 47
22 94
9 100
27 50
14 10
0 76
12 89
21 17
23 16
5 96
17 25
24 45
19 98
26 90
7 79
19 94
10 61
10 30
21 63
9 63
15 73
6 18
27 13
14 71
28 74
4 86
13 34
24 43
10 99
30 4
8 50
7 62
11 85
0 63
29 87
28 12
6 19
6 86
27 70
6 66
25 52
23 4
21 34
13 27
4 99
2 7
1 97
29 2
25 8
11 34
0 23
21 66
10 61
6 68
3 88
19 92
17 95
11 74
26 73
1 58
3 32
4 16
13 53
6 54
16 36
17 69
7 97
27 48
22 80
18 63
1 76
22 8
26 47
2 74
15 30
7 60
30 7
25 67
4 9
10 22
