70
12 25
29 50
12 66
23 97
26 44
4 95
28 70
29 37
18 51
0 83
8 62
8 11
11 58
18 68
22 45
21 55
26 68
26 11
23 75
7 65
21 63
29 48
19 12
5 98
12 59
2 1
11 64
14 17
0 14
9 40
18 87
24 68
30 39
14 46
27 24
30 68
11 19
22 70
28 77
0 24
21 35
19 53
17 19
18 68
15 37
7 95
16 69
23 89
25 28
22 100
19 61
26 53
16 80
17 30
12 21
18 76
3 79
18 72
21 33
6 63
25 5
11 14
28 81
8 47
7 84
5 54
24 60
26 16
19 66
20 58
1 58
19 34
1 47
14 89
26 25
5 65
15 99
0 46
1 88
0 11
12 84
21 95
4 90
21 93
11 34
17 78
3 41
27 100
7 44
16 97
3 14
29 36
1 52
26 66
5 1
6 14
23 23
22 20
4 1
28 42
18 37
10 16
14 98
27 86
3 1
9 74
3 86
24 89
12 80
20 49
0 85
30 18
29 91
7 71
0 80
24 97
9 23
11 59
14 24
1 98
6 74
8 35
4 91
24 50
21 13
23 33
7 34
21 6
14 72
16 75
26 66
11 71
5 57
23 33
10 78
11 67
23 52
29 99
19 6
18 30
5 90
14 75
15 40
15 95
6 5
29 83
9 24
6 68
16 46
29 16
23 92
6 11
28 54
0 97
10 77
17 49
6 58
14 27
14 99
1 78
22 31
4 58
0 45
12 14
11 85
13 51
6 79
25 8
22 4
18 61
17 90
26 74
19 8
15 13
14 62
0 11
8 53
0 85
25 92
23 1
22 14
6 58
3 24
9 72
30 12
9 55
5 57
23 36
6 66
19 42
4 34
5 55
28 73
26 40
13 1
9 39
22 95
22 100
1 96
27 97
1 88
22 75
19 29
23 55
5 54
21 97
3 43
6 43
2 97
5 12
19 16
7 40
26 8
9 26
9 14
0 12
16 87
22 97
26 72
22 28
24 44
21 66
12 47
8 83
21 65
11 19
10 56
24 77
1 33
22 52
7 23
30 28
3 96
5 91
17 13
18 31
16 30
1 64
18 41
30 36
22 16
13 47
29 84
24 81
28 99
16 85
23 44
28 100
30 33
6 14
10 39
13 73
29 11
17 35
27 1
11 88
29 45
4 17
14 79
8 28
7 97
15 79
25 42
2 69
28 73
29 46
28 90
2 70
22 60
21 36
26 46
23 65
29 14
5 5
20 33
0 46
29 10
18 20
18 38
15 53
0 73
28 19
5 7
14 52
18 88
13 100
13 22
7 83
3 7
30 41
6 62
13 23
25 54
8 14
14 16
6 56
30 49
2 49
8 88
8 92
2 47
25 78
21 8
9 61
13 64
22 91
12 8
27 20
8 41
25 41
27 99
29 55
4 63
29 21
17 54
7 28
30 79
13 87
26 70
16 43
16 3
23 79
2 93
3 82
12 1
16 16
25 2
7 35
28 57
5 53
11 75
22 10
17 32
24 44
30 42
28 41
0 30
21 88
24 62
16 19
0 61
24 49
27 94
2 59
21 96
16 78
11 81
17 2
1 49
4 19
20 36
10 76
10 68
6 1
6 87
3 18
26 41
29 35
3 50
20 13
11 88
3 6
5 89
13 83
24 56
1 74
21 81
9 49
12 40
23 49
15 58
14 20
22 79
4 24
9 12
24 69
9 57
12 46
20 14
17 78
14 85
18 67
20 60
5 6
19 45
7 12
6 39
29 5
19 79
26 32
21 60
2 15
30 54
7 79
20 85
23 48
20 68
24 81
25 74
16 42
