70
27 24
8 42
7 42
30 20
5 63
27 81
0 86
8 46
27 59
29 12
16 53
28 69
13 94
19 17
1 31
17 87
26 88
29 6
14 57
16 19
20 82
8 3
18 65
14 78
26 21
24 15
8 74
3 82
9 31
5 44
23 87
3 61
18 42
5 70
29 18
29 49
26 56
19 15
25 19
12 91
1 84
17 79
0 97
13 53
16 85
18 8
10 25
19 3
29 23
23 9
24 42
27 28
1 58
14 67
22 90
9 95
6 77
21 72
28 37
23 36
18 40
30 34
16 79
21 62
30 50
26 68
17 9
27 20
30 43
22 28
10 59
30 24
17 81
8 8
19 96
3 90
11 8
19 6
29 1
0 30
17 35
24 52
2 27
24 53
11 3
14 62
29 32
0 8
26 54
9 19
9 55
3 8
16 89
13 6
27 37
1 55
9 39
12 3
17 39
28 41
12 1
10 51
20 40
0 93
21 40
1 93
19 49
6 45
2 52
30 94
5 58
25 82
18 100
19 10
6 5
11 12
1 79
24 86
14 90
19 40
13 94
7 81
25 25
15 90
14 20
6 66
4 69
17 74
21 81
16 69
23 51
13 57
21 29
21 35
6 9
18 54
14 31
29 5
19 17
15 58
2 55
24 26
2 35
8 23
26 62
2 92
23 32
1 20
16 1
1 19
25 89
9 73
20 21
21 41
16 2
22 35
15 17
15 40
6 14
10 23
0 57
12 9
21 33
12 3
20 14
21 96
25 21
14 64
20 67
1 14
28 41
21 13
3 52
30 24
11 63
9 95
1 28
9 91
28 91
17 13
23 72
24 21
6 75
14 25
29 75
16 14
22 76
17 6
2 85
22 99
15 82
8 90
8 32
11 63
24 69
11 67
22 5
12 92
12 51
14 80
23 96
6 88
24 100
17 89
28 52
27 96
24 90
20 43
16 56
12 51
2 6
7 49
26 80
16 46
29 76
15 80
19 88
17 56
9 81
5 10
9 65
6 89
12 27
12 7
1 97
3 52
30 8
29 16
22 25
11 24
18 75
27 85
25 27
1 52
20 44
1 29
3 38
11 28
12 52
0 38
13 77
2 95
25 77
10 29
23 98
30 45
17 16
21 42
17 67
24 60
23 50
28 13
9 100
3 8
19 79
13 22
14 17
14 51
3 36
3 82
21 78
27 86
2 65
12 67
6 35
23 25
9 2
7 81
15 35
21 64
19 60
3 35
6 25
4 40
15 59
20 1
25 18
9 86
9 27
9 23
30 31
7 51
3 44
0 52
22 49
22 97
15 12
24 61
19 18
12 77
0 82
19 85
3 73
5 67
30 87
3 46
20 69
13 13
10 35
3 69
6 38
14 29
4 84
15 87
3 17
27 87
26 12
9 53
20 46
19 25
28 64
19 90
16 87
14 40
28 30
18 19
29 7
21 89
22 45
24 25
7 14
4 92
6 17
3 83
24 12
10 73
4 63
25 11
14 3
22 47
16 83
29 57
20 2
28 68
5 24
2 58
26 61
22 54
7 82
3 96
12 87
10 38
13 81
13 10
27 99
23 37
14 44
11 14
21 30
27 48
19 8
18 62
7 72
2 94
22 48
18 25
8 65
15 76
22 12
27 68
30 75
7 16
9 86
2 94
18 46
22 76
13 39
15 11
1 4
10 57
14 25
10 68
29 72
6 27
12 41
26 83
6 23
13 74
19 56
12 1
15 76
19 75
1 73
3 88
28 31
27 24
9 100
13 76
10 57
24 29
13 85
17 35
30 38
15 12
1 90
27 83
14 13
11 35
22 2
7 62
