70
7 67
1 20
30 14
15 99
15 44
6 20
18 97
25 60
6 78
19 29
3 65
11 49
16 62
6 85
9 85
27 2
19 45
25 37
13 82
7 58
9 96
29 81
4 27
17 50
0 25
18 26
30 42
1 42
28 67
28 50
2 43
25 78
17 65
28 38
27 88
19 93
25 15
1 38
12 1
28 88
30 89
9 22
30 95
0 72
21 86
2 30
1 86
17 20
20 51
12 31
24 36
6 66
23 23
27 21
16 48
4 93
12 76
4 17
24 61
10 30
0 93
23 4
28 67
26 2
15 97
1 31
11 60
16 87
16 40
9 5
15 71
23 82
10 86
18 12
14 33
22 30
21 80
21 12
22 99
4 85
7 52
1 26
23 52
30 25
20 67
13 40
10 79
26 97
21 90
27 51
28 16
30 2
10 56
16 52
7 35
0 33
5 9
28 37
28 77
29 54
15 72
17 69
22 54
18 17
3 25
22 40
16 30
28 84
2 6
21 78
23 100
9 98
2 41
19 36
25 65
22 95
18 29
14 85
13 93
21 12
19 30
1 18
8 60
27 83
22 70
17 31
29 17
22 74
23 39
22 50
11 87
0 83
23 99
25 36
16 14
7 16
22 6
7 10
5 17
26 73
11 92
0 37
7 48
8 24
14 20
4 87
14 67
8 13
15 94
16 8
15 24
16 14
11 76
12 87
22 30
7 3
7 62
1 12
12 41
28 28
30 40
22 59
22 9
2 65
27 40
24 39
2 85
14 53
6 99
13 81
21 34
15 20
14 35
20 49
8 70
10 28
25 73
23 45
20 2
27 43
1 58
15 98
15 10
26 63
3 63
29 41
19 60
0 13
5 98
27 56
3 77
13 62
13 24
7 28
14 15
1 36
11 58
12 48
22 85
16 37
9 40
1 56
23 54
28 44
29 48
7 16
15 4
29 56
11 97
1 16
15 21
16 59
28 36
18 5
26 13
16 76
2 20
1 26
27 4
11 29
8 86
11 5
5 39
7 12
13 58
23 37
24 28
2 46
0 82
6 7
2 62
12 90
11 6
5 51
25 37
10 59
17 55
24 16
22 78
28 24
18 21
4 6
8 57
2 53
6 29
22 32
0 46
11 6
19 29
4 4
25 9
1 25
19 16
18 79
17 11
8 61
30 44
20 20
8 76
12 80
12 64
6 23
9 85
1 28
23 28
29 82
4 78
3 5
13 53
6 56
23 79
12 55
4 86
6 68
26 39
23 95
13 50
8 41
30 58
23 84
11 51
8 5
4 74
26 27
30 49
14 61
15 94
12 74
2 58
25 37
19 67
11 90
2 79
3 3
21 85
19 12
30 52
12 19
19 5
15 75
22 36
4 17
9 13
0 19
30 69
6 39
2 28
1 35
13 9
13 45
21 21
14 40
17 46
3 51
26 10
28 32
19 10
30 88
30 46
18 43
4 28
15 73
22 3
23 34
12 79
5 31
6 45
9 91
15 33
7 49
8 13
28 50
26 12
29 69
18 5
3 90
2 65
16 70
27 1
21 32
12 29
19 7
14 66
1 85
23 35
2 66
5 4
30 60
16 61
29 37
28 61
25 80
22 38
7 30
9 58
14 29
17 52
27 5
11 60
22 85
27 87
15 61
27 54
5 10
17 86
18 59
5 71
7 39
15 20
28 89
14 10
10 75
17 47
14 21
27 20
12 2
3 46
17 90
21 16
26 46
5 83
28 83
1 89
2 94
15 13
22 61
18 7
18 57
2 45
25 88
28 23
5 47
14 81
14 68
17 89
28 78
16 58
25 83
11 59
5 95
