70
26 37
1 81
17 78
2 55
29 21
26 68
29 51
1 6
0 81
21 93
26 96
6 69
11 10
30 24
4 5
13 50
5 6
17 30
28 28
1 33
8 72
28 57
30 2
15 44
21 53
9 21
28 84
6 61
15 74
17 56
2 99
12 27
5 4
23 83
22 3
17 21
7 67
22 19
4 41
19 59
24 80
20 5
20 85
4 65
16 52
1 84
21 97
20 32
22 47
20 45
12 93
6 74
24 4
25 100
14 34
4 39
22 100
30 21
24 84
13 1
23 64
11 84
10 28
7 45
29 4
28 65
2 81
12 30
6 21
4 58
10 29
5 43
24 91
29 74
21 95
11 69
18 94
21 75
6 55
10 12
16 84
19 99
13 55
7 38
6 93
8 63
21 3
25 99
20 44
12 96
28 97
0 31
11 30
28 55
19 73
29 79
14 26
20 41
14 13
10 75
12 88
15 80
16 73
6 33
22 7
27 88
14 90
20 80
11 29
17 31
16 56
8 75
2 78
26 63
0 34
25 62
12 6
16 61
29 90
6 36
27 68
28 88
6 67
17 84
30 100
17 30
23 7
18 30
21 8
6 2
27 26
30 11
10 6
4 31
7 61
30 19
11 3
22 20
28 83
10 68
14 97
7 99
2 61
18 20
25 65
22 11
1 1
2 2
28 1
11 39
7 49
0 12
10 31
29 86
18 54
10 35
11 7
27 9
18 68
3 57
22 62
17 61
19 79
6 86
25 21
23 28
13 58
23 23
15 73
19 13
29 24
22 47
10 79
22 21
12 23
22 57
27 98
14 70
21 9
19 41
12 33
21 90
0 93
26 61
3 22
20 68
9 11
10 94
3 38
4 64
12 83
17 71
11 2
6 3
18 29
0 67
9 7
18 18
0 85
2 46
4 77
24 95
1 35
25 9
22 13
23 19
22 20
19 30
19 100
12 65
10 60
24 26
25 13
19 32
16 51
23 77
29 98
4 34
8 19
25 10
13 25
18 4
7 56
2 15
14 58
15 36
23 63
29 74
4 43
7 32
12 80
27 13
12 65
27 77
6 7
24 41
22 83
1 15
27 84
6 94
21 98
25 61
5 91
7 2
3 31
17 5
20 8
21 32
15 24
5 44
22 26
23 1
11 97
9 15
15 33
15 2
8 34
30 39
28 100
22 64
2 31
5 88
23 28
0 32
29 11
27 39
11 68
12 38
14 24
17 89
21 25
24 9
13 28
4 68
4 42
13 81
17 31
20 98
17 12
16 57
9 100
16 13
18 24
8 86
23 79
30 92
12 87
14 48
28 52
20 23
4 1
26 29
3 14
28 88
28 51
10 53
22 42
19 69
0 66
25 41
20 17
4 97
16 72
9 51
15 24
1 48
21 58
27 9
27 52
1 14
13 55
7 60
12 77
9 26
22 97
4 21
3 56
19 41
12 39
22 46
24 91
27 16
2 82
9 50
19 95
27 48
20 16
30 22
18 87
13 51
5 29
15 8
22 60
4 90
7 27
1 68
21 35
21 22
8 68
11 71
30 80
6 24
6 67
16 77
9 39
27 78
27 10
14 53
11 41
23 88
11 31
13 59
11 66
14 95
18 57
3 88
13 25
19 90
13 87
8 13
7 81
20 9
1 51
11 42
1 49
17 55
27 39
26 60
19 72
9 81
7 22
10 17
24 82
9 48
5 39
9 93
30 50
30 100
12 15
2 28
17 93
25 78
26 52
23 31
12 66
2 11
27 12
2 39
27 48
14 6
17 48
1 7
6 7
6 27
29 90
15 42
6 17
26 26
14 18
29 97
