70
13 25
5 75
6 80
15 20
18 22
15 43
15 81
13 92
0 95
25 24
29 31
16 26
8 66
8 17
4 73
27 5
6 8
11 2
1 64
24 96
8 30
23 70
12 39
24 1
26 32
9 91
0 57
6 23
15 52
23 67
3 62
20 18
2 25
4 25
16 97
2 46
20 76
6 31
10 2
0 1
22 4
11 30
12 68
9 53
0 81
13 36
3 98
15 49
10 89
12 50
16 57
25 26
25 17
27 85
22 80
5 15
10 45
4 8
29 37
5 6
23 99
12 69
28 45
13 34
14 49
4 32
8 95
22 15
24 42
18 48
12 54
28 37
10 99
20 57
4 3
29 60
19 29
28 63
30 14
4 44
4 30
23 42
21 73
23 95
1 84
20 55
24 77
3 93
29 90
6 21
19 10
1 14
13 43
27 89
23 53
19 5
30 80
15 11
19 83
13 88
22 60
6 35
6 51
13 1
24 99
5 2
2 55
30 67
10 57
11 99
12 48
28 34
23 26
0 41
23 44
4 3
1 13
10 45
24 10
26 96
18 79
9 36
3 85
27 32
5 98
8 51
10 56
23 14
6 46
9 86
24 80
10 21
6 98
29 99
5 28
5 79
18 91
26 57
16 53
29 80
22 77
21 62
1 53
15 62
27 22
6 76
1 32
9 43
13 26
27 23
18 77
7 9
14 81
13 48
11 68
30 26
14 36
2 23
19 86
10 70
10 15
27 61
7 88
24 22
11 65
12 66
21 79
19 30
27 94
2 60
29 25
13 99
3 34
14 62
1 26
17 89
15 10
18 11
15 41
0 14
27 85
19 13
4 74
26 11
4 56
7 87
11 31
18 92
0 44
30 99
3 53
19 61
0 84
25 22
26 67
5 68
0 19
24 83
6 55
17 87
21 49
20 83
3 95
8 96
19 31
9 76
9 63
13 75
26 37
6 10
6 91
9 39
9 14
17 7
6 48
1 9
7 82
0 11
18 82
10 11
3 16
18 44
21 71
2 96
21 25
29 57
24 3
20 19
11 79
14 30
14 49
17 23
15 19
29 20
5 24
25 87
29 56
18 36
27 71
24 58
27 70
2 34
11 94
4 66
16 74
10 74
0 87
11 86
27 47
12 42
16 93
1 100
26 14
9 52
20 30
24 7
25 14
17 31
3 27
11 6
23 25
14 13
16 80
24 24
1 97
8 66
18 1
3 27
16 24
22 52
19 28
7 97
5 91
19 92
20 27
5 53
24 68
24 81
8 49
29 98
21 49
13 50
9 49
3 43
25 91
4 24
13 49
13 98
25 3
25 4
26 6
21 24
3 28
20 42
22 88
0 90
16 24
11 83
9 100
22 99
3 53
25 99
9 77
12 64
4 41
17 35
5 32
15 65
30 25
15 34
0 19
6 14
21 30
29 33
0 56
5 11
22 3
6 13
24 55
4 18
11 99
11 12
13 52
2 45
16 1
4 86
28 8
5 51
4 99
2 2
15 20
29 12
24 31
18 3
16 62
0 54
27 97
6 48
18 93
3 33
17 84
0 32
24 32
26 50
30 56
5 2
15 87
5 18
15 2
3 12
20 71
1 9
20 57
18 84
7 85
7 85
30 43
12 65
8 10
15 1
3 93
22 37
4 75
11 76
4 26
9 23
5 19
20 31
2 37
1 73
11 5
1 23
9 6
5 65
24 39
11 57
17 29
5 38
10 69
16 99
10 17
30 16
7 58
24 19
30 20
28 8
5 10
26 74
2 84
29 90
19 59
22 31
9 29
2 3
4 35
17 4
18 37
26 1
11 95
5 30
