70
23 62
18 86
5 100
29 98
5 16
11 85
18 40
8 7
13 23
19 64
30 93
17 44
23 74
27 9
18 96
16 64
22 74
25 71
26 30
16 25
24 33
17 100
10 35
3 59
9 40
25 72
3 68
29 24
4 80
22 4
0 44
16 66
7 66
29 21
18 86
22 16
22 83
27 66
30 86
23 21
24 33
0 33
8 8
20 96
18 97
26 30
9 12
29 44
22 73
4 66
2 47
13 26
5 94
26 94
14 46
2 17
5 21
5 27
25 46
7 14
9 21
28 63
12 6
1 49
1 99
26 86
29 15
25 20
20 81
20 31
16 83
22 70
1 20
29 56
4 56
9 52
21 11
21 17
19 86
8 86
5 65
10 81
23 45
15 73
14 10
4 70
2 73
13 93
16 86
10 73
2 92
2 8
0 61
1 39
17 32
26 42
25 31
25 48
24 7
16 34
9 88
12 71
5 43
12 40
22 98
2 44
9 75
7 57
27 77
12 42
22 5
22 87
0 34
8 77
12 99
17 52
26 13
21 31
8 96
17 43
5 75
0 34
7 65
12 81
3 86
10 21
25 70
29 89
23 7
23 46
29 55
28 31
8 23
20 35
3 1
28 53
8 72
4 49
29 2
6 85
12 10
19 68
21 51
7 63
12 88
9 74
28 50
2 24
14 81
26 90
1 29
30 23
7 37
13 2
4 66
18 6
8 40
15 38
14 6
30 14
7 15
0 73
13 20
8 99
30 1
23 8
20 15
21 56
16 38
6 84
30 14
25 9
8 2
23 33
3 62
14 88
20 93
23 45
0 86
6 9
30 97
0 55
13 83
10 87
29 7
13 94
11 65
4 24
5 52
24 3
3 46
30 76
0 53
18 42
11 37
29 89
24 70
14 98
9 59
14 5
12 44
7 78
12 67
9 81
6 76
30 80
9 78
20 4
14 87
25 29
22 45
12 69
12 66
7 69
8 21
20 29
8 44
4 53
24 96
9 27
9 95
3 11
23 34
8 63
26 10
12 67
13 100
24 31
25 29
4 42
22 74
3 77
17 59
28 16
19 35
25 43
11 4
1 93
18 54
20 83
18 23
13 65
24 48
16 65
15 1
29 63
2 15
21 84
18 32
18 27
14 30
17 6
27 6
6 24
27 67
17 5
19 56
27 62
7 10
3 45
5 93
12 84
15 24
29 61
15 22
12 19
14 81
10 81
9 88
13 26
25 16
17 64
23 40
3 73
17 94
7 90
13 20
21 11
30 60
9 68
27 22
29 64
0 11
11 67
27 85
11 61
29 76
2 3
25 6
15 71
15 84
12 27
26 14
17 60
25 5
23 85
22 82
4 61
4 59
27 48
20 8
16 95
13 21
4 57
21 47
20 6
16 88
7 23
19 69
28 25
8 26
12 67
21 83
18 14
8 18
27 41
24 33
5 27
3 98
0 83
6 5
29 2
20 8
30 6
14 99
6 65
15 72
7 8
1 45
30 85
1 18
3 55
22 21
10 95
18 43
16 37
26 97
11 72
10 29
21 10
25 68
30 72
1 11
12 83
9 9
14 56
18 38
4 23
11 14
15 16
16 19
2 42
23 51
9 99
30 55
13 30
6 51
6 5
20 20
16 17
0 100
16 20
27 72
14 47
23 91
2 10
7 49
16 93
8 20
17 64
29 19
9 82
4 24
13 51
12 62
4 53
26 41
11 80
22 93
18 13
9 29
30 54
25 29
4 41
25 6
25 83
18 78
16 66
19 85
10 35
30 67
29 44
24 84
24 48
20 71
13 78
30 94
24 96
11 77
15 70
