70
18 10
11 53
27 75
14 38
7 82
3 24
22 58
1 87
19 93
20 28
7 59
5 41
27 47
21 18
8 73
2 80
10 73
5 22
18 82
11 53
6 87
24 31
8 59
18 72
25 86
23 80
13 64
25 26
14 51
20 80
10 31
9 61
30 78
30 89
25 88
26 35
11 36
0 38
18 94
0 28
27 79
20 39
3 1
12 47
4 28
4 50
26 30
10 69
4 9
15 82
5 62
20 14
9 64
28 31
12 77
1 25
1 69
5 11
9 1
2 34
1 33
9 38
7 18
1 52
9 79
17 25
14 17
30 89
15 70
6 30
27 40
19 100
2 65
2 94
12 17
12 23
14 30
3 88
25 2
5 19
17 71
30 33
19 77
3 18
28 81
1 61
27 9
21 97
20 8
10 94
11 24
2 51
5 79
27 71
20 55
5 25
27 72
14 88
3 23
11 84
6 83
26 75
21 53
18 45
27 64
13 11
18 10
25 64
12 92
11 68
18 69
20 15
25 53
23 93
27 36
7 50
5 77
7 96
4 5
3 49
0 77
27 44
26 62
19 57
10 35
7 63
19 21
18 24
18 95
11 13
15 50
15 4
26 9
14 43
13 42
3 50
0 69
5 2
18 85
7 69
29 30
28 74
14 20
7 18
10 43
26 57
6 65
20 56
30 85
3 11
14 20
7 65
15 82
19 75
6 31
9 64
26 30
30 91
27 69
7 53
23 49
30 12
10 92
12 87
4 90
7 23
8 68
26 74
28 57
8 85
18 49
7 17
11 52
29 12
26 83
29 36
5 94
1 78
30 61
12 48
1 98
14 1
26 25
10 98
14 56
13 58
6 19
0 42
7 57
25 84
13 69
24 7
15 22
27 9
18 64
7 74
5 38
11 10
19 83
11 84
10 85
7 88
24 36
27 32
9 67
29 54
6 93
3 40
14 73
4 49
26 54
12 34
28 51
28 64
23 13
20 99
18 13
11 37
21 47
18 26
19 48
28 73
0 11
8 94
8 3
14 62
28 77
11 83
1 69
7 78
21 13
15 43
29 75
13 5
1 22
13 76
6 44
8 74
23 55
12 46
7 86
6 64
30 78
5 13
10 16
15 41
21 24
20 2
28 31
1 16
11 10
18 57
17 93
9 67
7 54
15 84
18 21
16 97
15 32
18 68
16 32
13 30
3 25
26 8
6 44
11 99
16 10
21 25
2 70
30 43
0 95
13 53
20 58
6 45
20 66
3 61
9 100
24 90
25 10
15 16
27 79
1 19
25 88
22 7
14 50
29 76
3 56
22 54
6 32
17 55
4 26
13 9
16 34
16 20
28 66
11 57
22 63
3 79
12 11
7 39
13 9
22 54
8 61
15 58
5 24
21 87
8 36
29 64
16 46
19 41
4 63
7 51
8 39
18 48
23 40
9 94
25 87
18 35
5 23
15 23
0 67
14 6
6 29
18 3
0 17
4 53
5 23
20 39
12 37
11 97
10 59
30 70
10 39
28 91
20 65
20 69
17 98
19 19
10 37
5 73
30 70
7 65
25 32
11 7
25 7
0 35
27 85
4 37
20 38
5 34
14 52
4 64
28 78
10 80
11 63
10 43
19 40
5 33
4 86
14 74
16 55
21 25
20 28
30 49
11 32
21 68
28 51
23 93
15 69
2 72
18 23
17 56
2 67
29 54
19 42
14 3
3 99
19 20
7 26
23 26
12 48
13 44
3 49
20 39
4 15
21 78
21 5
13 79
6 66
9 42
22 33
13 13
2 9
5 96
27 70
3 92
0 81
7 27
16 82
14 46
