70
10 57
0 59
0 46
27 67
14 61
9 67
11 1
14 97
2 61
23 27
5 83
20 29
1 2
22 55
16 10
8 94
13 88
30 79
27 71
2 3
14 86
5 80
6 77
24 31
21 96
22 23
25 79
11 8
13 66
14 46
27 93
0 17
9 95
25 38
5 48
4 77
16 87
10 98
3 87
6 65
1 41
15 52
19 28
0 61
11 9
10 34
4 85
17 79
30 29
26 60
22 62
17 79
22 96
2 100
18 97
9 51
26 45
23 20
25 83
22 86
0 69
26 63
15 81
16 18
19 38
14 48
26 10
29 48
29 85
25 98
0 57
14 98
10 5
0 55
10 65
19 79
3 9
5 54
2 86
9 39
1 97
5 31
7 13
15 32
18 22
27 79
20 44
9 98
14 10
21 92
24 44
7 11
24 35
10 29
27 23
8 42
3 78
29 20
9 68
23 64
20 68
12 4
4 53
2 27
17 86
11 6
15 75
27 10
9 80
1 21
22 21
29 63
24 40
1 23
9 34
13 9
19 79
4 13
2 82
0 99
6 69
22 35
3 15
29 20
10 50
30 15
28 85
10 95
27 58
21 57
13 5
19 24
27 2
3 91
10 98
7 98
7 76
20 77
10 35
16 57
11 68
2 94
12 20
7 74
27 96
6 79
11 68
8 73
7 74
1 91
19 92
21 45
12 1
11 47
24 95
2 3
27 33
17 17
19 32
23 22
25 96
24 9
9 87
19 74
8 99
30 31
26 5
3 10
30 62
16 55
11 51
8 73
10 7
26 54
5 8
15 74
18 39
30 74
2 53
12 15
7 25
26 69
6 57
5 96
7 3
25 2
27 18
17 85
5 11
29 56
3 47
22 14
26 58
16 97
6 56
2 9
30 100
19 31
29 66
3 85
26 39
4 21
6 84
0 89
0 19
17 22
28 98
1 96
24 64
25 4
25 71
17 10
27 25
11 68
20 26
4 19
1 33
19 46
11 25
27 9
28 86
23 57
11 51
13 61
9 30
22 71
11 38
2 53
13 36
15 48
10 7
24 44
3 66
23 90
21 32
8 50
18 76
7 36
11 27
29 34
3 6
16 50
7 51
1 93
19 35
23 39
22 87
16 82
27 56
26 59
3 38
18 11
8 7
27 39
22 25
6 2
2 24
14 30
24 12
12 100
25 60
10 65
20 52
17 99
24 91
23 52
15 42
28 100
27 70
14 62
8 97
30 1
19 32
6 88
2 40
11 41
22 44
12 56
5 55
20 54
17 23
14 49
24 71
26 45
5 72
17 30
12 3
4 11
3 59
21 47
3 77
11 73
6 12
27 33
5 47
29 21
2 22
2 12
30 76
2 77
3 61
13 29
6 51
11 64
2 25
27 74
16 77
7 96
17 51
9 10
3 29
2 67
17 15
1 8
12 45
4 80
27 48
21 42
7 94
12 34
19 16
4 8
7 53
1 72
13 59
6 2
8 95
8 88
11 11
25 3
21 43
18 20
28 18
25 4
26 23
23 70
14 70
4 62
5 37
12 58
0 17
23 32
18 28
17 15
1 65
9 71
3 100
3 57
23 66
22 95
29 5
28 59
26 48
13 55
6 74
14 61
14 6
2 49
11 1
10 28
8 52
12 28
18 69
19 46
29 47
29 6
19 15
19 70
27 55
9 13
17 97
25 33
8 88
22 10
19 97
9 56
30 44
24 89
11 95
11 23
11 32
2 11
23 24
4 95
22 39
29 49
19 42
19 90
15 28
7 2
22 69
16 10
6 17
19 60
12 35
12 61
14 57
4 61
20 54
30 35
