70
2 22
23 68
28 4
12 98
17 38
2 10
4 67
11 83
0 20
4 22
9 25
4 90
17 82
19 7
27 23
9 56
5 91
29 52
24 16
21 62
17 8
9 97
16 56
29 22
24 75
8 74
22 56
30 51
13 39
22 7
22 77
28 42
17 18
2 25
0 42
3 14
10 9
22 24
11 17
25 79
3 66
28 28
11 52
3 61
15 82
9 81
30 1
3 25
17 71
3 47
22 99
7 42
9 6
28 53
13 78
15 67
1 66
9 92
27 91
0 15
1 18
6 64
29 58
11 15
12 89
27 78
9 23
7 37
28 80
9 81
29 75
20 57
8 65
10 71
23 100
10 94
21 55
10 54
0 25
4 85
8 47
0 12
20 94
29 30
24 48
14 82
16 58
23 78
5 14
8 31
0 95
1 62
21 68
23 62
23 4
4 30
20 5
3 7
3 88
9 30
4 83
9 85
26 61
22 34
12 52
17 56
26 95
0 75
4 70
21 34
13 58
0 49
6 49
15 54
7 59
9 69
3 77
26 43
8 40
5 71
23 30
30 68
10 44
27 8
0 74
30 72
0 22
12 60
29 28
15 86
13 61
13 71
0 32
28 72
7 70
7 97
2 28
5 42
22 21
16 23
23 60
18 90
27 18
20 26
7 73
11 41
21 21
8 62
27 94
30 53
1 88
3 12
3 80
2 85
17 46
5 21
22 12
13 41
1 8
14 93
26 46
7 5
29 85
4 96
15 67
4 81
26 75
6 87
9 64
30 32
12 9
24 60
5 13
22 80
11 66
8 69
24 86
9 12
2 98
13 59
0 29
22 92
11 26
18 53
29 4
18 9
4 54
13 6
15 46
26 52
24 78
4 9
19 13
15 6
2 70
8 74
7 61
22 61
19 100
4 61
7 37
17 77
2 100
7 38
3 83
29 59
30 23
21 35
6 10
29 83
11 12
23 17
24 81
6 39
27 29
29 16
16 96
23 56
4 15
21 78
22 67
29 93
18 98
14 12
18 46
4 11
7 37
20 47
19 69
29 78
7 45
18 53
10 61
20 58
30 30
23 46
14 18
14 4
7 90
22 13
17 45
17 27
4 70
16 46
14 4
23 16
22 63
4 95
8 64
28 74
4 67
0 83
16 51
22 30
25 20
24 10
0 54
28 94
9 100
17 9
9 100
17 74
10 30
7 46
22 89
12 30
19 17
17 21
18 36
25 68
9 40
27 71
29 27
0 10
12 16
10 45
2 23
27 67
5 69
9 28
23 53
20 87
4 5
12 73
17 20
26 30
26 53
17 46
21 46
3 31
13 47
16 10
22 3
5 12
28 15
1 36
29 74
16 13
17 2
9 4
13 57
25 41
17 85
23 96
17 58
18 38
6 13
29 27
6 7
21 44
30 27
13 32
23 47
4 33
4 42
9 78
24 35
5 16
15 62
29 83
25 21
2 14
2 39
0 41
25 13
9 12
30 77
22 100
8 12
21 80
10 48
28 4
28 77
22 15
19 36
13 49
4 62
6 8
29 14
13 11
2 36
8 75
10 42
29 80
21 66
11 37
2 13
5 76
4 18
8 6
9 9
26 80
4 12
3 96
29 11
15 20
19 53
20 75
30 19
9 92
9 31
14 66
23 49
28 68
29 96
26 23
18 41
22 42
19 97
17 22
10 84
13 7
23 91
13 56
9 75
27 8
10 9
16 86
24 39
21 1
10 10
11 98
13 23
25 2
14 100
29 66
24 23
2 17
30 88
16 18
22 9
25 3
10 19
12 54
25 82
12 90
21 69
24 3
15 41
12 94
