70
1 7
29 81
4 56
18 92
8 30
27 55
12 50
7 85
30 12
20 91
16 93
9 79
0 35
3 72
19 86
13 74
4 84
30 91
10 27
18 35
30 20
18 97
21 14
6 19
24 67
27 29
27 66
20 85
21 38
19 10
15 72
1 63
0 48
4 50
16 71
15 29
17 79
17 9
20 100
26 9
10 32
10 66
27 14
20 45
29 15
23 57
15 74
14 3
9 28
11 35
22 98
11 83
4 84
6 63
17 94
16 61
22 57
24 84
30 13
20 9
10 74
16 39
6 55
19 76
6 67
15 98
3 72
8 53
29 99
12 99
15 98
0 19
27 11
4 22
17 30
25 61
26 64
26 72
1 30
4 100
1 84
9 48
26 31
1 15
30 75
15 10
7 1
4 81
12 53
28 83
30 45
19 16
1 88
21 23
28 25
1 38
30 76
1 89
14 44
24 23
8 67
0 85
12 89
26 41
4 98
3 24
20 21
6 58
26 26
15 75
22 51
22 51
13 83
29 2
25 76
7 49
1 91
25 11
6 61
10 15
10 85
16 7
26 17
3 21
22 63
23 12
16 18
3 55
18 96
17 17
4 12
24 15
30 49
4 44
19 51
18 14
4 64
30 30
13 70
23 18
2 12
12 95
29 61
18 24
23 88
15 48
9 41
1 14
9 79
20 2
14 54
4 56
14 44
17 44
3 26
14 39
9 86
19 89
18 34
1 38
13 96
19 10
6 31
24 67
5 9
12 3
23 33
19 81
10 42
14 52
14 73
6 94
7 2
2 44
20 55
23 56
25 74
4 92
30 2
14 98
12 39
25 29
2 1
19 31
19 1
4 99
24 85
22 90
23 82
20 68
3 65
25 1
4 44
9 70
5 93
23 43
26 37
2 36
30 65
21 21
17 13
26 69
8 24
9 30
12 69
26 42
20 26
8 70
4 34
6 82
7 81
8 37
9 14
27 60
10 80
9 76
5 42
18 12
18 39
2 56
3 51
21 38
5 68
9 8
24 93
13 92
3 11
7 21
20 57
17 26
3 75
5 86
0 46
0 5
10 96
3 49
8 43
9 19
3 36
30 39
26 1
17 59
19 69
28 87
28 93
27 79
1 26
8 29
21 19
16 94
7 14
21 59
6 22
16 12
20 72
24 73
28 56
3 90
9 80
3 48
8 77
20 54
28 69
18 11
7 63
1 98
4 26
6 13
23 29
1 88
21 45
24 37
19 25
15 72
12 87
13 72
14 44
6 46
30 97
20 94
26 90
0 26
20 69
8 1
9 83
12 70
23 39
30 22
18 21
29 87
4 54
16 50
0 19
20 29
5 85
25 61
21 14
1 23
23 34
21 53
17 16
25 26
28 91
8 26
13 79
24 7
9 37
22 32
16 67
9 85
22 100
17 31
16 11
26 19
3 97
19 12
18 35
13 44
4 6
1 85
15 54
22 31
6 8
30 25
11 54
16 51
16 96
27 5
14 37
13 26
29 68
18 54
12 83
18 92
24 79
23 22
8 50
26 13
27 69
14 29
5 30
21 21
27 85
8 56
3 54
19 11
30 92
24 15
29 52
16 36
24 18
2 4
8 52
2 31
15 46
30 93
23 94
17 12
8 95
0 24
1 34
23 24
30 79
2 21
14 29
29 29
8 58
6 42
29 12
11 70
3 44
20 11
1 24
9 30
15 35
0 94
27 55
28 59
14 66
18 20
11 63
8 8
8 94
18 24
4 55
11 74
5 16
5 40
5 100
9 83
29 86
17 5
4 48
16 26
20 4
3 45
5 58
3 17
24 92
14 57
