70
23 2
28 88
11 30
29 21
9 32
15 16
6 72
16 16
5 98
13 56
10 49
26 7
5 71
25 63
9 49
16 11
8 89
19 11
4 27
9 42
6 52
4 83
0 10
5 4
23 23
19 51
8 33
25 76
25 50
21 70
27 62
22 82
19 48
5 53
20 98
24 37
13 13
0 44
22 26
0 17
8 95
22 3
13 95
16 79
15 71
9 62
10 84
11 9
23 28
16 51
29 24
13 69
14 51
6 90
8 37
25 12
21 89
21 65
5 27
11 33
27 43
16 23
22 35
13 1
9 43
25 56
9 44
5 27
22 18
23 92
26 60
26 25
14 28
25 4
9 12
9 90
7 58
22 98
18 58
11 16
15 92
20 21
7 79
28 19
28 40
4 30
8 58
17 60
25 2
7 32
14 52
19 96
6 85
2 47
4 26
15 75
18 61
29 38
29 68
10 76
19 93
21 29
23 37
9 63
3 47
22 96
4 7
24 11
26 93
16 87
21 50
24 79
0 96
29 45
25 87
7 74
8 24
18 63
3 53
30 1
19 65
26 65
20 37
8 19
6 23
10 8
9 72
22 59
7 11
28 8
25 81
26 40
10 3
1 18
13 98
9 89
11 55
22 84
22 23
5 83
1 46
4 28
20 37
2 28
26 83
20 1
28 31
3 21
28 58
12 46
14 1
28 5
16 55
23 97
8 46
20 40
7 79
16 31
10 68
12 52
4 53
23 27
9 5
23 59
9 10
7 90
21 79
19 48
8 70
13 80
5 2
19 100
4 68
5 68
18 51
3 89
26 95
23 54
2 28
11 28
24 34
8 64
5 77
14 26
27 24
6 31
28 98
1 15
15 73
17 93
24 24
15 37
18 58
4 9
16 76
15 32
1 40
10 95
16 87
16 42
1 30
4 22
15 2
2 91
11 46
7 3
2 16
18 12
2 30
1 96
15 74
19 61
22 13
23 12
25 67
29 71
8 13
12 72
10 5
12 56
18 61
17 17
27 31
30 92
14 32
0 14
29 14
27 32
30 66
30 36
24 58
25 20
9 73
6 63
4 46
20 83
25 65
27 39
30 92
6 77
11 41
27 86
0 76
23 57
14 30
4 85
24 76
12 24
13 71
12 42
9 71
8 17
19 97
2 1
1 11
26 78
19 94
20 39
2 62
0 5
16 97
24 89
6 62
5 80
26 22
20 92
16 9
20 17
29 89
18 49
18 17
25 28
1 98
20 22
18 70
23 12
12 45
13 2
11 11
0 97
7 49
8 61
4 24
2 68
4 77
23 5
17 97
22 35
24 91
28 16
12 80
20 13
20 50
8 18
26 4
5 72
20 43
16 32
5 9
19 1
19 69
19 31
24 87
26 63
0 79
25 18
4 57
7 100
23 28
6 70
9 44
25 80
4 74
26 63
3 7
6 94
18 60
8 85
6 8
5 22
1 34
3 44
22 44
8 91
28 21
26 40
4 64
30 59
30 47
8 35
2 47
27 14
0 16
15 1
7 40
25 56
10 99
17 21
11 69
10 75
2 73
1 5
19 18
10 65
2 63
17 1
11 21
20 76
14 29
28 5
1 57
6 45
9 71
23 65
14 25
22 29
29 14
23 10
8 59
16 66
2 31
17 21
15 2
26 31
23 3
25 26
2 61
15 16
23 64
16 21
9 100
25 35
4 44
14 10
24 5
2 9
19 58
26 12
12 45
28 79
5 67
26 94
17 85
14 36
5 78
8 61
29 79
7 4
5 19
2 94
30 93
7 23
25 13
22 15
13 24
17 9
28 80
11 49
14 21
7 98
