70
3 81
28 77
20 16
26 93
27 12
17 32
19 85
7 61
3 46
14 71
28 28
21 65
16 30
0 71
13 16
19 77
29 6
0 98
22 39
5 24
30 12
28 83
10 63
9 36
4 25
29 52
20 21
3 28
12 56
19 75
17 11
22 92
26 86
21 60
24 96
27 76
19 69
20 99
26 1
29 16
3 25
15 43
2 92
28 22
4 22
5 64
24 19
6 77
15 40
7 1
11 44
3 17
15 52
4 79
1 12
19 56
13 8
26 3
12 48
21 5
10 96
22 30
13 20
6 69
27 41
1 37
19 70
4 2
23 43
18 14
5 19
2 44
30 31
11 73
21 11
24 58
23 59
12 52
30 55
26 72
13 49
16 65
15 79
16 28
14 28
18 65
10 71
24 4
23 30
22 25
1 92
28 83
2 97
11 65
4 72
15 49
4 27
3 19
29 27
2 77
9 44
28 96
29 90
7 24
22 37
16 73
4 71
1 9
18 83
2 36
2 34
8 84
10 82
23 80
15 36
23 67
15 23
24 40
10 72
15 37
6 74
8 1
2 70
13 98
21 59
24 12
0 47
4 64
15 91
25 92
19 85
26 41
29 45
22 90
21 67
18 45
1 25
23 48
5 77
13 32
27 71
21 69
6 86
5 72
16 19
28 31
14 47
0 15
16 60
25 84
13 77
16 4
30 46
25 52
24 14
10 34
12 31
21 33
30 27
14 72
16 21
26 49
23 22
17 58
20 79
29 89
4 13
0 97
30 79
2 40
11 44
9 20
8 67
19 70
11 29
20 12
10 56
24 65
22 69
26 48
23 17
25 5
7 7
0 46
20 25
28 14
9 87
0 15
22 29
3 2
16 19
22 37
13 67
10 43
15 57
26 99
17 13
14 53
7 51
13 48
14 12
8 39
11 61
23 95
11 28
21 60
21 10
5 1
20 76
14 21
22 48
21 17
0 6
18 69
14 88
17 58
27 75
25 69
6 82
10 1
25 25
12 53
5 85
24 94
30 13
30 65
1 17
5 43
8 20
10 93
8 21
25 21
30 33
23 9
27 17
0 17
6 6
30 88
23 31
30 37
12 1
27 95
5 1
13 79
15 100
12 43
0 65
2 67
12 80
25 26
30 95
0 60
14 29
18 26
25 1
12 27
2 3
7 83
4 84
12 51
16 94
20 73
18 93
5 75
26 27
13 88
10 58
1 82
8 20
5 18
7 57
7 84
5 85
1 28
30 32
15 93
23 97
24 18
3 63
8 53
22 92
7 68
10 18
21 97
22 56
24 24
12 25
2 43
5 3
17 44
28 100
30 40
2 67
17 9
0 66
26 20
9 26
10 18
9 98
2 22
10 84
18 45
5 97
8 93
26 23
24 7
16 50
4 84
23 40
8 84
24 55
12 52
1 37
7 81
29 75
13 26
9 38
6 60
8 83
13 60
21 78
2 10
29 52
13 57
6 66
29 27
4 58
29 45
1 59
0 76
7 75
25 52
26 65
11 61
10 74
30 58
25 93
15 77
6 53
4 29
29 6
26 14
14 71
2 95
3 27
5 37
24 64
30 4
8 77
30 61
29 88
27 13
14 79
25 88
25 28
30 12
25 6
29 30
1 13
19 48
8 78
21 37
4 12
20 65
22 77
21 77
15 35
6 64
22 61
8 19
23 58
11 1
8 75
10 83
22 59
28 88
19 92
9 54
8 44
23 93
19 2
25 20
8 88
10 25
30 51
13 65
5 47
16 5
6 40
22 80
25 7
1 10
19 72
21 91
3 80
19 64
21 53
20 92
21 33
9 55
