70
29 61
27 71
28 78
19 72
17 100
23 3
7 36
6 53
23 72
3 3
22 49
27 31
5 90
14 17
26 17
6 50
16 14
8 86
24 56
9 31
26 57
26 68
5 15
13 53
28 97
12 40
15 55
3 50
29 62
26 57
30 48
5 65
16 67
17 35
9 93
22 52
10 99
12 74
23 79
18 58
18 3
2 49
1 5
0 74
0 2
1 71
3 41
3 3
5 55
29 42
18 71
1 91
13 95
28 90
6 67
25 10
17 93
27 58
28 49
19 41
3 9
25 20
21 25
27 34
24 65
19 65
13 86
11 25
19 57
17 44
7 22
23 67
19 8
12 5
22 68
10 88
15 48
5 69
24 66
25 15
16 47
10 33
5 87
10 6
6 88
9 87
25 60
20 8
10 100
25 66
13 67
3 46
12 45
26 95
15 26
22 67
22 8
7 5
7 98
30 3
13 57
4 33
25 61
7 9
17 91
26 36
3 72
13 28
20 92
15 94
26 75
11 78
2 40
4 66
17 74
28 62
29 34
1 12
7 29
15 31
7 83
3 61
21 85
23 12
18 18
24 57
20 11
30 53
14 11
12 1
16 77
20 89
11 57
4 2
18 67
30 64
2 14
4 63
22 27
9 50
25 80
4 50
30 46
29 92
15 79
18 82
14 9
11 71
19 33
18 29
12 39
16 26
8 45
6 20
28 36
11 18
0 8
21 90
10 85
17 16
17 92
13 75
7 3
2 23
11 6
4 15
27 51
24 18
9 50
29 85
4 13
1 74
26 78
26 68
20 19
22 69
7 9
21 21
3 16
9 12
7 69
22 33
14 95
10 6
26 8
19 81
0 1
24 75
29 65
17 92
23 76
7 14
26 18
8 16
13 10
18 16
29 11
28 91
17 85
14 82
2 99
16 60
20 9
17 5
13 35
4 53
24 21
20 75
15 65
2 77
29 33
22 78
23 30
11 27
12 19
9 10
23 56
7 46
5 43
1 38
22 25
25 90
20 19
24 46
29 73
9 7
7 43
9 65
14 7
7 50
7 16
27 99
14 88
25 53
24 52
27 93
23 57
11 88
30 98
25 73
1 58
23 69
18 4
26 27
30 58
13 74
9 65
2 90
16 65
6 4
21 66
19 16
0 11
5 42
5 50
28 38
16 24
3 98
29 73
10 65
15 95
28 32
6 94
13 38
17 81
13 89
10 82
3 9
25 41
13 78
15 56
2 5
12 16
6 53
24 30
21 35
21 83
4 81
11 67
8 58
28 31
3 38
24 23
13 32
11 19
6 78
6 47
27 18
2 7
6 82
10 44
9 96
9 37
28 94
15 5
11 34
10 28
17 42
26 78
29 49
5 51
12 60
27 45
14 45
29 20
1 15
6 83
7 32
29 4
18 11
10 35
20 13
8 80
30 1
24 30
30 4
23 56
3 91
27 49
2 64
29 46
7 4
12 100
28 61
24 86
5 21
1 46
25 61
21 9
9 93
28 31
25 31
30 14
0 65
0 3
10 73
0 41
17 83
26 82
11 43
11 38
10 52
25 14
16 29
17 12
28 39
14 9
2 26
7 13
12 11
26 11
4 15
28 57
10 48
16 86
28 32
17 62
11 40
29 88
27 16
3 91
8 7
2 77
23 45
19 20
16 54
21 62
10 72
8 67
12 89
7 31
25 33
29 99
4 37
21 75
8 42
20 81
20 85
20 9
10 56
12 12
14 72
14 61
6 10
4 29
11 44
16 4
15 64
25 51
23 2
15 25
19 68
8 21
9 47
16 5
22 40
25 60
24 27
8 76
1 33
