70
6 75
13 65
21 64
6 56
14 57
8 36
0 12
26 40
9 8
11 22
4 30
2 40
1 35
1 70
10 3
29 93
18 100
4 56
26 20
1 63
8 65
6 4
18 48
4 29
15 77
24 55
14 83
13 1
22 77
25 46
9 44
15 38
7 71
5 25
15 10
3 23
1 37
12 53
4 5
23 94
6 78
15 11
8 72
20 8
18 12
5 8
26 10
14 94
8 25
7 38
4 93
8 59
13 84
16 95
22 80
15 46
19 25
8 50
4 28
10 37
1 71
27 14
28 78
11 16
15 40
5 39
15 88
14 100
26 38
28 88
4 75
6 90
26 91
4 66
17 20
5 43
19 61
16 70
10 60
6 53
28 37
9 13
19 34
26 53
1 29
14 17
4 44
18 12
22 99
17 72
9 1
9 17
16 21
11 78
19 79
16 69
12 17
22 93
2 22
3 49
2 61
17 37
18 24
15 34
25 82
17 65
10 14
21 62
6 86
9 91
23 31
30 21
2 86
3 7
24 54
20 53
13 61
28 83
1 13
29 81
21 16
12 78
2 69
12 46
24 14
19 79
17 99
2 46
27 6
8 46
4 86
14 87
0 6
14 61
6 85
12 84
21 17
1 32
13 84
21 73
14 16
12 31
4 8
4 32
21 28
13 29
16 91
13 1
16 76
9 69
25 54
7 94
5 29
6 52
11 97
27 30
12 81
11 2
3 80
9 35
27 2
3 8
8 83
24 95
13 87
15 96
22 90
12 68
13 28
23 86
11 76
8 15
9 46
8 54
28 85
8 15
30 12
13 98
12 95
27 9
22 75
5 10
25 37
13 95
18 77
9 92
8 31
12 46
27 48
24 73
19 42
10 76
4 21
13 71
19 68
23 55
21 26
18 79
19 36
22 19
0 7
5 54
19 96
21 40
9 91
28 26
22 40
12 99
28 86
28 79
5 58
12 96
22 72
2 91
4 27
2 9
3 90
26 40
14 77
29 19
20 65
15 5
8 15
18 78
7 80
13 65
3 31
19 34
1 72
2 12
6 81
7 47
22 30
27 2
22 88
12 22
29 10
17 81
20 17
28 79
15 12
25 60
22 81
7 48
17 43
8 88
26 4
22 88
20 23
18 26
25 26
17 98
28 48
0 82
18 27
25 14
4 33
13 22
3 84
21 55
0 31
16 8
4 11
4 48
5 6
2 71
23 82
27 38
26 97
27 73
2 58
3 29
24 24
19 51
11 38
21 91
23 33
26 95
7 88
5 34
9 77
16 71
12 5
9 44
0 58
23 72
16 14
26 33
19 91
19 88
22 36
12 87
5 66
30 76
21 82
15 98
13 45
10 65
17 82
18 86
2 94
10 56
7 21
5 41
14 25
21 12
9 20
28 63
30 35
9 25
29 9
12 80
9 38
15 36
28 63
9 1
4 62
4 95
21 16
10 84
26 85
7 12
0 48
20 6
20 62
12 90
26 96
6 30
4 32
2 45
4 2
18 59
30 5
14 10
21 27
16 74
8 3
14 79
16 46
21 51
0 19
30 10
28 87
10 100
10 94
19 87
3 48
0 59
0 27
14 21
21 74
11 70
24 45
4 87
19 32
20 22
6 90
13 22
13 58
6 76
12 3
5 54
6 88
11 33
4 44
7 94
10 44
14 40
21 86
11 18
3 38
12 11
17 53
9 21
8 73
8 54
1 37
23 68
25 28
18 78
20 14
5 89
28 43
0 52
1 2
30 59
11 79
26 27
25 62
6 87
20 48
22 80
1 64
27 63
7 90
0 65
23 93
23 9
7 40
18 72
