70
29 65
2 74
8 15
14 57
29 28
26 77
25 25
9 47
21 87
18 50
16 59
28 52
24 9
7 76
21 88
20 37
4 10
5 28
13 49
3 4
8 77
8 6
20 36
23 50
14 77
21 85
0 9
11 78
15 99
26 70
26 78
1 46
13 73
29 73
11 4
29 23
0 58
4 46
30 81
2 42
6 23
23 21
2 67
18 21
24 75
11 7
22 50
28 76
21 21
6 97
24 87
3 89
27 40
8 88
24 14
18 52
19 90
2 92
12 61
24 58
8 47
21 31
15 29
14 15
2 30
14 48
29 45
17 8
24 50
7 49
25 74
0 71
10 22
16 16
2 56
2 42
2 33
27 93
0 53
15 44
15 39
5 54
0 9
29 33
28 88
23 72
19 12
2 86
20 41
22 30
19 95
21 16
24 7
22 35
20 2
23 90
13 42
27 22
28 20
25 29
13 94
30 48
24 1
15 13
12 13
12 35
4 96
19 57
18 22
8 100
11 78
13 22
1 58
0 17
9 23
30 73
21 31
12 37
20 20
10 40
14 26
5 23
28 48
15 17
2 57
24 96
2 17
1 28
1 98
10 98
15 95
3 83
16 38
10 1
9 71
22 60
10 10
15 77
15 53
19 8
6 45
30 91
10 20
22 80
2 61
1 86
16 74
28 45
2 63
1 84
1 31
23 45
4 69
16 6
3 96
20 50
17 54
23 54
7 64
5 54
10 89
18 76
19 85
8 33
0 58
8 4
8 32
3 5
13 63
16 82
17 38
29 44
13 38
11 78
27 73
28 53
27 61
6 83
28 18
8 46
7 18
10 68
0 96
11 37
27 24
30 10
28 93
27 51
27 62
2 13
16 8
15 41
24 69
16 93
2 93
7 32
15 15
0 46
12 81
25 50
24 84
23 53
17 31
16 91
0 24
1 98
0 30
22 21
4 89
0 87
3 93
25 21
5 48
6 74
28 99
4 36
19 89
30 29
3 92
4 58
15 30
26 36
3 49
24 37
5 22
8 62
10 79
11 32
18 16
8 36
14 96
17 60
28 5
21 40
23 52
29 9
19 35
12 33
27 42
7 87
26 1
25 38
11 4
4 62
16 55
25 67
16 87
29 94
8 57
21 18
25 22
29 87
4 57
7 55
5 4
24 30
27 25
11 16
20 33
18 72
9 36
1 9
14 67
17 50
1 63
30 46
4 7
17 79
20 97
16 5
9 78
8 94
13 91
11 15
28 86
5 63
9 80
24 71
18 11
3 7
5 12
9 42
27 17
18 92
16 67
24 12
2 51
20 8
29 66
14 57
9 96
1 13
11 50
27 37
18 95
19 18
0 9
8 15
0 84
25 12
11 23
30 8
22 93
8 12
2 34
25 46
14 37
12 88
20 20
10 78
6 40
15 75
29 68
19 22
16 100
0 37
8 78
16 11
0 55
14 57
13 34
25 27
20 59
9 86
27 100
8 38
25 33
10 98
13 90
19 44
6 3
25 33
15 61
24 35
13 95
2 56
6 88
5 40
7 39
25 26
22 16
6 42
19 24
18 81
4 65
1 93
10 61
17 79
3 94
9 65
9 92
30 14
11 71
13 98
29 99
18 62
18 12
20 76
21 78
15 53
24 39
9 5
25 70
0 28
14 1
8 80
22 96
25 32
28 26
16 7
24 98
1 65
4 90
11 40
22 78
30 60
3 45
18 62
15 32
10 15
20 88
21 61
2 26
19 47
7 11
7 84
24 70
10 2
19 20
16 16
28 50
0 84
27 59
18 53
13 5
13 86
27 26
27 26
28 78
6 83
