100
24 48
20 3
2 68
19 84
24 29
5 63
29 68
11 92
27 2
28 76
26 80
24 87
7 14
22 93
9 5
25 4
29 34
1 87
10 98
13 86
30 7
2 90
25 76
9 46
1 40
17 24
22 99
26 42
27 7
16 13
24 12
19 74
25 77
22 95
20 53
18 90
14 70
12 31
14 95
21 55
21 98
22 18
26 95
12 26
23 72
10 2
25 13
27 93
29 70
10 44
13 4
19 66
5 41
18 88
7 86
4 32
0 21
22 4
12 30
22 51
20 89
5 9
26 7
2 17
29 93
21 37
8 70
26 61
15 41
18 55
28 53
25 82
29 70
26 61
30 38
25 23
15 88
26 35
11 45
11 88
12 65
11 50
12 84
12 29
16 6
22 23
14 34
24 83
27 64
18 92
7 41
0 80
17 37
2 18
28 100
27 33
29 47
23 30
1 61
16 2
28 81
19 1
9 42
21 99
7 49
27 96
24 91
12 56
20 75
20 87
9 29
1 90
22 98
2 19
2 33
24 94
30 71
15 77
1 72
17 24
29 59
12 17
1 6
3 70
3 25
10 63
14 35
6 69
30 87
2 49
18 11
29 95
30 30
16 40
11 92
22 40
29 15
28 50
2 48
29 14
27 71
20 35
5 42
20 61
7 80
4 38
6 37
15 26
27 93
20 44
25 37
27 52
4 95
20 22
27 19
0 36
1 77
23 27
10 41
14 38
23 84
20 78
22 79
14 88
25 10
12 78
11 14
18 45
17 67
18 42
8 61
0 24
26 23
12 22
16 15
7 18
6 9
27 32
11 99
19 45
23 98
9 49
27 76
13 75
25 40
10 54
23 19
19 85
10 32
17 32
16 48
26 33
26 16
8 75
16 17
18 90
6 70
10 38
18 44
8 48
5 22
21 82
3 76
24 85
13 96
6 93
24 49
21 70
30 58
4 87
15 46
10 79
7 83
11 36
12 24
8 24
19 66
11 29
2 4
6 9
28 74
6 29
22 2
26 5
29 96
2 53
16 83
23 74
9 52
19 59
8 18
0 94
17 69
0 100
28 87
28 62
6 31
4 64
3 76
7 31
9 63
27 43
29 10
16 38
6 76
24 85
22 27
4 100
15 9
11 62
14 7
24 77
5 26
6 29
13 49
12 92
18 17
7 82
24 80
12 41
25 9
25 68
24 94
22 83
12 94
30 78
6 69
22 36
25 100
0 91
15 21
23 63
1 71
11 100
18 71
16 91
20 8
8 42
12 36
12 96
28 89
26 87
28 70
16 12
19 64
26 4
12 69
19 99
27 72
17 28
7 1
10 78
8 32
2 27
3 68
7 9
11 51
26 33
4 44
21 82
5 1
5 60
4 100
23 37
7 67
16 35
1 31
0 43
3 17
17 30
27 9
19 97
6 55
15 46
5 60
10 37
28 16
12 90
28 31
19 17
2 72
3 39
16 13
0 37
29 47
12 93
10 13
6 82
13 61
21 65
23 5
9 84
16 2
13 96
7 48
0 71
10 84
15 60
9 4
14 21
23 37
7 60
27 74
17 95
20 39
18 9
10 92
17 34
30 56
14 31
23 9
13 3
9 1
6 62
24 77
30 1
21 27
21 23
6 83
28 99
14 57
26 69
19 59
27 49
4 24
2 82
21 34
16 4
21 83
12 32
7 2
21 67
15 99
19 46
3 7
2 48
7 86
9 94
11 21
2 92
23 97
25 78
14 21
11 50
24 68
7 24
2 98
28 33
3 42
20 39
21 4
27 69
10 19
11 53
22 98
16 90
28 44
20 18
23 88
15 90
5 73
23 99
27 77
22 57
4 42
7 76
13 67
1 93
19 84
19 48
8 59
22 43
25 10
9 15
29 50
7 94
11 33
23 36
2 72
24 83
16 49
5 8
3 84
20 83
0 80
13 79
9 46
8 84
1 68
23 30
16 69
14 74
10 65
21 26
12 28
8 13
17 52
8 33
11 43
29 71
25 57
23 49
7 70
23 32
1 15
5 58
15 12
17 26
24 80
23 29
12 71
12 53
28 59
27 73
28 42
4 78
16 33
29 72
6 13
5 16
1 58
4 40
23 24
9 18
11 44
9 32
5 8
13 90
10 39
6 65
7 11
8 44
14 58
22 94
10 84
18 2
13 5
5 34
24 11
25 46
6 71
24 21
1 47
9 97
23 65
19 83
28 88
9 97
9 53
6 52
9 15
13 74
11 90
1 22
25 84
27 35
16 63
6 49
3 73
10 76
23 11
11 36
10 9
15 15
6 7
21 88
24 90
14 50
16 54
7 78
18 70
7 23
1 76
21 23
3 18
26 85
6 46
17 22
9 75
0 96
26 84
22 21
30 25
9 49
17 60
21 38
20 44
11 93
17 12
23 80
17 38
20 26
27 97
29 37
23 12
0 99
17 63
12 52
10 10
10 61
13 21
10 91
29 26
8 70
12 77
30 44
29 79
14 13
20 59
30 75
9 52
17 20
15 35
11 95
1 13
4 34
7 49
27 88
20 79
12 30
6 96
5 10
23 20
30 13
4 91
16 55
1 74
15 23
11 86
16 65
7 47
4 11
7 10
25 32
13 63
5 23
28 11
2 45
19 38
26 11
9 50
9 97
29 25
4 82
14 90
5 12
3 95
10 46
9 36
16 13
2 18
0 24
23 33
29 53
19 47
9 31
16 59
0 46
10 76
23 39
25 23
17 14
15 6
6 34
18 100
11 36
7 28
9 10
14 87
14 1
23 25
20 88
16 95
23 97
10 24
2 19
0 7
9 98
7 46
30 33
21 5
7 82
3 27
16 29
16 29
23 75
7 62
22 100
14 100
9 21
5 70
23 11
26 55
9 61
29 16
2 19
7 96
0 77
9 22
17 89
22 69
16 3
1 59
29 20
21 92
1 16
26 14
7 9
14 79
15 89
6 36
27 35
16 81
21 89
13 71
17 16
24 73
13 16
24 3
24 45
15 42
13 65
25 97
18 15
13 40
13 76
1 12
16 20
10 34
13 100
20 40
19 5
22 60
14 38
29 7
15 100
5 23
27 70
5 25
12 29
0 26
22 75
26 24
0 44
2 8
30 13
25 62
19 37
25 54
2 71
20 32
6 19
25 10
22 95
12 34
16 37
22 39
14 56
6 31
12 88
8 72
17 21
0 38
11 65
30 8
24 69
16 60
14 8
29 7
4 29
2 80
1 58
8 86
14 70
27 95
13 8
4 44
26 65
5 14
4 32
28 40
24 78
24 26
16 56
21 26
0 78
16 57
9 56
24 34
6 7
11 100
0 40
13 31
0 26
25 50
7 94
16 55
0 60
2 19
0 82
26 39
0 20
28 29
3 97
21 87
3 2
3 45
3 61
26 79
9 80
4 10
23 10
16 72
5 63
20 16
17 58
2 54
0 77
30 14
29 71
22 89
4 63
1 2
3 3
9 68
9 53
17 33
22 27
22 12
14 58
16 50
9 20
0 45
17 81
19 69
18 95
26 39
21 52
11 57
11 29
22 54
13 7
24 10
22 1
10 43
6 37
23 6
25 85
4 63
15 86
16 31
17 86
29 20
15 42
26 93
0 72
9 95
0 58
30 12
10 47
9 42
14 6
29 47
22 92
13 21
9 43
6 15
23 88
23 90
20 72
23 15
18 70
7 62
26 2
30 80
1 9
30 36
11 52
15 99
9 75
6 98
11 71
12 23
15 46
23 75
19 67
24 45
3 42
10 10
24 85
22 76
23 77
23 4
16 47
15 34
22 37
1 50
29 66
9 6
7 45
23 44
3 33
24 19
11 23
29 54
29 19
16 16
7 27
19 20
12 85
29 9
12 75
5 56
8 88
7 83
23 10
15 33
20 33
29 63
2 49
10 82
27 73
0 98
12 3
29 62
21 85
4 64
13 42
3 50
23 60
18 73
24 84
7 58
4 57
20 6
20 27
28 82
16 96
22 97
25 77
23 76
24 55
9 14
12 62
8 14
5 13
0 7
24 40
8 52
6 97
12 56
16 40
17 42
9 53
5 99
8 32
27 10
25 69
17 73
29 62
3 4
2 74
20 81
23 13
28 57
22 48
17 23
7 55
24 55
16 64
2 81
13 62
0 11
24 62
22 49
23 47
18 32
10 74
19 49
3 6
16 75
28 4
11 84
27 98
7 84
26 4
22 35
1 36
20 91
28 49
6 55
19 58
25 92
21 58
21 79
26 78
2 55
1 51
21 80
10 10
4 6
14 68
25 41
30 33
4 10
1 56
6 67
16 70
21 40
3 98
10 3
25 49
5 24
25 7
30 66
16 32
24 76
28 48
0 4
26 2
17 11
26 94
3 61
21 89
9 50
15 10
18 37
3 43
1 23
5 83
6 88
28 78
12 26
12 31
27 48
1 51
15 63
7 71
23 14
9 99
25 88
3 96
16 57
3 88
23 25
9 2
19 23
12 5
1 48
8 42
27 47
25 69
14 31
22 2
26 42
28 17
17 97
18 71
19 17
26 83
18 18
0 89
11 54
18 8
29 84
29 83
8 71
15 81
18 92
6 15
6 4
30 6
25 63
22 64
5 85
4 94
25 33
1 27
21 1
17 85
21 55
6 15
5 71
3 50
17 77
30 38
29 60
6 16
21 68
11 14
26 58
5 76
22 38
14 91
6 25
15 67
8 5
15 44
8 67
5 88
11 79
30 78
5 34
26 15
2 13
1 70
28 44
25 93
15 36
27 35
10 92
30 43
14 38
23 40
4 36
14 36
4 78
24 5
23 56
5 56
17 7
11 77
23 28
7 20
27 59
0 42
30 28
14 49
8 47
24 79
12 98
25 44
16 68
19 12
21 54
18 60
29 95
10 8
11 17
0 87
21 65
10 42
10 53
15 59
6 28
0 75
11 2
8 34
15 30
24 45
25 42
16 27
8 85
9 26
27 65
5 9
3 97
26 6
23 72
17 38
8 62
9 27
22 99
20 48
7 87
16 86
17 67
12 44
0 58
5 40
19 99
0 79
16 18
3 16
27 16
6 71
21 35
27 74
30 50
15 19
7 21
19 37
18 78
6 58
14 64
18 87
18 10
12 77
4 23
11 84
0 76
15 50
9 93
2 59
22 40
24 77
0 7
28 29
6 1
29 55
2 33
15 99
20 23
22 64
30 51
20 63
26 93
20 98
27 71
22 33
24 3
25 80
4 53
21 60
26 71
5 32
17 47
2 59
5 43
17 100
3 51
23 90
18 45
18 18
29 68
25 91
0 71
24 77
27 51
4 30
26 93
24 67
0 65
20 82
28 69
22 99
7 100
4 95
26 51
3 51
16 44
17 72
24 37
8 50
8 84
0 59
30 54
26 11
17 52
3 32
13 87
8 35
23 66
5 41
7 79
22 54
18 2
15 55
7 100
30 66
16 68
17 5
16 7
14 77
8 28
3 68
23 10
5 40
28 77
2 58
6 81
27 42
26 42
5 82
22 58
27 30
13 47
12 35
1 99
19 85
21 62
2 19
26 17
3 75
27 51
28 63
19 98
18 95
22 46
4 33
17 83
10 64
19 55
24 73
3 52
30 49
26 25
12 44
24 6
14 97
25 44
21 67
21 23
8 6
17 5
15 54
20 41
13 9
12 91
0 42
11 55
22 93
12 95
29 36
15 19
21 36
5 4
10 92
27 69
30 32
13 21
11 48
27 88
4 17
24 19
10 91
14 44
27 94
15 20
20 37
13 87
18 89
29 39
21 28
0 4
30 36
7 3
1 85
18 55
14 52
26 90
13 92
15 4
17 39
2 7
25 83
28 4
7 74
26 46
7 1
24 28
25 81
5 45
13 50
30 16
15 23
19 32
18 39
24 34
4 95
11 48
13 88
27 74
10 29
24 87
30 69
22 17
30 26
10 34
23 21
24 55
16 78
15 86
29 32
10 79
18 60
15 21
17 69
20 100
11 82
30 12
28 50
7 44
14 76
22 44
27 36
3 72
3 25
11 83
12 54
26 98
20 3
22 15
18 4
30 14
25 90
13 23
29 38
20 57
5 79
18 100
19 51
22 19
23 2
4 80
10 16
28 7
3 60
25 20
27 84
3 86
18 37
18 76
23 77
13 96
26 91
24 39
19 52
14 6
27 16
17 77
17 90
22 68
13 17
12 49
4 94
2 49
7 79
25 31
6 68
17 66
7 24
15 23
30 29
25 87
2 71
22 29
21 18
21 11
10 48
16 29
22 38
22 72
25 70
18 54
8 82
4 32
14 11
1 24
19 7
0 45
30 37
24 30
10 93
18 73
27 55
2 24
29 75
14 28
15 39
19 50
1 42
2 3
21 66
24 5
6 7
29 3
19 63
26 89
5 20
25 96
28 91
22 74
20 32
25 61
28 74
25 20
28 93
3 67
19 16
20 24
4 49
22 80
12 23
9 59
30 62
0 68
9 92
12 65
12 18
5 22
12 21
5 65
5 35
7 32
9 35
25 15
6 55
27 6
14 56
12 95
25 97
2 72
29 62
25 27
11 74
18 85
12 13
20 65
26 38
3 91
18 33
1 51
30 51
13 40
27 14
22 28
11 78
10 65
25 23
26 86
16 25
2 49
30 59
17 67
29 5
17 55
14 50
4 29
2 40
12 97
7 53
28 23
28 18
8 56
15 69
0 15
29 59
17 10
17 22
10 65
18 73
13 95
17 40
1 86
13 55
28 7
12 14
24 100
11 76
20 80
8 6
16 5
12 23
9 99
2 9
7 48
24 73
21 47
18 24
29 58
26 17
28 63
26 48
6 67
25 99
24 99
17 10
26 22
24 28
20 36
13 24
6 96
17 62
25 87
25 55
15 61
4 24
19 87
0 14
29 87
11 81
15 15
19 43
29 71
19 45
10 19
6 61
16 9
27 8
23 83
8 76
30 70
24 81
22 66
8 68
7 10
14 36
21 72
5 98
11 88
2 10
8 26
15 91
22 70
15 32
27 1
15 27
24 72
23 37
14 77
12 93
12 19
17 79
6 93
17 35
26 61
11 42
1 23
25 3
4 28
27 5
17 55
16 94
5 11
4 19
25 85
9 97
6 96
1 77
12 70
17 59
18 43
17 26
28 74
3 32
1 47
16 36
19 19
3 15
27 90
1 43
6 94
22 93
15 42
19 13
12 98
24 90
3 86
3 66
19 24
17 17
28 18
15 27
2 30
21 19
22 68
15 92
11 11
16 12
1 25
9 69
5 66
29 60
20 19
28 47
18 86
7 2
6 21
6 20
28 56
15 63
27 60
12 72
3 65
14 27
13 86
7 32
12 70
19 29
15 23
26 71
11 10
26 3
23 49
0 91
12 90
3 40
16 89
20 63
13 88
8 42
6 44
30 50
4 88
13 8
0 29
8 51
26 53
1 88
25 90
18 52
19 87
18 18
9 44
0 31
23 47
24 46
19 59
16 82
5 42
18 79
2 90
23 75
20 3
14 41
20 95
14 15
10 79
29 77
26 88
17 92
11 78
29 85
26 22
15 87
13 76
25 9
17 8
20 87
16 36
25 89
8 1
0 39
3 47
0 55
25 42
3 63
1 12
18 9
18 41
20 48
27 61
30 35
14 6
28 93
15 36
26 89
3 98
10 52
21 34
13 48
10 22
29 31
5 85
13 92
23 87
27 2
14 80
9 54
2 59
20 30
1 85
29 50
7 6
29 52
7 56
27 84
6 8
2 96
30 14
18 64
10 36
9 45
13 83
23 1
13 3
18 92
12 93
15 10
19 82
22 100
4 23
3 1
5 69
21 56
21 4
14 20
9 88
13 53
12 70
28 14
0 74
22 18
27 54
14 74
9 30
22 87
11 25
12 71
2 77
16 44
15 11
26 44
26 30
30 25
11 32
8 41
3 43
3 36
25 49
17 91
3 87
13 88
1 73
10 96
11 68
25 48
26 49
20 57
2 62
20 70
27 29
16 34
21 40
19 55
18 29
5 35
28 61
19 61
4 91
17 21
16 27
6 8
3 61
27 30
0 51
21 38
30 66
18 51
30 18
27 22
16 66
22 99
21 67
9 72
18 76
19 59
5 76
6 69
15 4
11 6
10 96
20 93
20 24
25 40
30 59
1 88
29 26
23 54
2 60
9 66
15 24
15 79
8 37
1 88
21 84
19 94
14 61
13 11
30 95
7 15
0 10
27 18
13 38
20 8
8 54
11 98
30 66
3 68
17 42
12 18
1 32
19 4
8 77
24 47
16 73
26 64
18 14
23 90
27 51
14 10
14 54
6 3
18 33
15 78
3 6
29 44
13 3
18 25
7 63
16 64
27 6
8 34
24 12
13 74
0 56
7 48
30 28
17 61
25 92
7 8
28 86
6 86
23 43
20 66
22 63
7 47
17 16
9 57
3 83
6 52
17 18
2 17
30 49
22 97
26 22
3 1
29 77
8 72
2 83
18 52
22 44
14 1
25 34
0 97
10 76
19 88
16 98
30 100
9 66
5 94
30 82
7 43
22 18
13 20
29 37
4 82
22 39
24 43
9 34
25 40
7 40
20 25
0 67
11 27
22 25
19 72
17 26
21 65
30 70
24 2
20 98
5 75
18 25
26 61
3 39
15 20
7 16
0 48
15 64
0 50
9 29
12 47
9 41
1 24
14 75
14 13
11 17
9 33
9 81
22 44
15 29
1 34
26 34
0 59
11 60
29 12
22 66
24 12
12 68
3 9
26 11
23 34
23 33
17 40
5 68
3 58
0 96
18 56
14 13
25 7
23 36
11 85
3 64
21 97
13 76
20 53
29 87
20 50
30 74
6 89
21 24
14 13
9 68
26 93
2 50
28 60
16 85
0 19
25 19
8 77
24 56
4 9
15 100
11 98
13 72
3 54
12 19
28 42
27 8
0 60
9 80
29 25
20 30
5 96
29 91
2 95
20 12
1 24
15 78
6 8
9 77
11 20
0 30
30 49
27 54
27 98
18 82
9 91
3 12
30 20
8 78
13 63
28 43
15 89
15 86
1 34
9 66
0 22
17 33
16 12
16 80
11 90
28 66
14 81
6 99
21 40
20 85
9 85
6 88
13 100
17 39
23 62
8 14
15 11
29 79
6 59
1 42
28 42
10 85
23 43
14 93
12 41
18 67
4 78
22 23
5 58
3 78
13 91
1 64
0 59
27 70
14 100
20 52
8 23
11 29
6 33
6 23
11 26
10 75
11 57
3 92
20 100
21 11
0 43
12 90
16 80
23 58
28 42
25 94
20 7
5 24
7 17
7 51
27 94
21 82
9 31
3 59
5 26
4 73
5 97
9 21
17 33
4 33
30 73
14 14
17 49
15 37
26 18
10 33
23 42
17 37
10 91
7 58
24 63
23 20
0 77
6 91
29 73
23 70
19 98
5 66
21 60
10 59
19 38
23 69
15 86
28 41
7 49
22 68
8 20
10 65
22 3
1 40
28 89
11 3
15 44
17 73
3 31
16 59
8 81
29 66
18 17
10 50
4 15
2 29
5 43
30 18
7 50
22 67
28 96
0 4
11 74
26 19
23 22
14 28
15 2
17 68
9 59
18 17
28 65
16 19
7 59
30 76
6 40
0 19
27 76
22 4
24 18
23 51
27 23
24 12
17 56
0 26
5 32
13 9
16 29
9 91
9 67
13 57
29 3
29 71
6 62
8 71
16 88
7 95
24 52
27 13
14 78
7 83
18 64
26 47
6 75
29 30
13 2
9 16
16 43
24 89
14 83
6 48
9 75
12 77
6 71
15 91
22 76
14 45
8 50
12 76
26 23
5 79
17 67
27 14
4 4
12 67
15 97
22 66
17 82
29 98
24 10
26 56
20 22
18 99
9 91
15 43
10 6
2 54
21 1
21 71
13 94
17 30
10 79
17 13
18 77
0 96
21 19
11 13
17 51
17 67
27 51
15 6
13 39
3 58
21 98
2 98
8 91
10 7
30 87
23 90
14 38
19 91
3 97
27 6
30 12
26 32
7 74
0 42
30 41
1 97
3 51
0 30
2 91
11 68
9 72
18 73
0 27
28 25
22 43
26 34
25 17
2 3
30 86
24 66
17 51
18 54
1 83
7 90
30 73
17 76
26 49
19 18
4 99
15 25
3 66
7 15
13 91
3 89
11 78
23 5
12 60
18 52
13 38
6 29
21 95
7 53
16 99
18 90
19 8
12 48
21 52
13 31
13 75
14 18
13 7
23 56
2 30
17 94
21 85
8 6
27 68
7 90
25 25
17 12
8 85
15 64
2 59
25 51
19 45
22 42
0 77
30 55
13 62
26 98
10 51
19 68
29 17
21 85
25 75
26 13
11 18
30 25
15 99
13 65
21 43
23 48
0 53
11 88
13 33
18 65
19 13
14 6
9 75
13 35
25 44
15 75
11 79
25 20
25 70
7 80
13 5
30 15
26 63
16 16
20 48
23 54
4 5
14 98
15 39
7 3
26 35
26 80
9 89
4 24
13 78
20 78
15 89
18 58
14 60
26 69
22 27
10 77
2 90
28 31
28 88
1 48
9 45
30 35
15 73
3 51
13 88
18 7
8 4
1 15
1 33
26 31
24 7
28 65
7 63
11 17
29 39
23 22
14 74
2 81
13 73
13 94
22 36
13 90
10 62
3 27
4 32
30 34
15 83
10 72
2 52
26 65
16 71
26 8
22 53
28 2
27 15
4 11
13 90
13 98
30 41
5 90
22 87
21 38
3 7
15 97
24 62
29 48
1 31
3 95
3 17
1 83
17 62
22 46
3 20
15 58
0 76
20 44
5 59
13 68
0 70
29 67
5 59
15 68
4 59
1 21
9 30
11 50
27 37
17 44
18 20
19 34
8 36
18 29
26 7
10 76
24 85
5 74
14 27
7 20
4 3
0 69
18 11
18 11
4 7
0 48
14 11
18 23
13 59
19 68
10 6
1 4
26 56
0 23
4 83
13 20
20 48
6 24
3 71
27 52
24 73
16 29
3 81
16 9
25 91
14 4
26 81
26 96
4 100
23 16
22 11
29 27
7 7
6 14
12 47
3 92
0 49
12 5
1 67
8 27
30 15
12 49
26 73
26 82
10 31
30 2
19 4
13 21
16 70
19 23
4 64
29 50
14 86
24 29
12 54
17 47
18 68
9 32
13 17
12 33
8 78
17 8
9 97
1 82
18 17
16 99
2 52
17 27
24 21
10 8
28 71
17 64
9 94
20 24
0 6
1 42
9 32
29 24
18 67
30 63
1 46
26 60
0 84
11 67
13 20
13 64
10 96
10 75
14 72
9 72
26 41
19 75
16 19
10 74
15 89
12 36
29 87
3 37
27 8
18 34
13 77
29 14
18 67
9 49
18 59
30 39
23 57
9 9
17 3
13 24
27 6
6 60
24 70
12 4
17 11
6 78
30 15
2 75
6 49
5 68
15 26
19 57
27 52
20 32
10 32
2 32
22 85
25 15
28 47
30 24
24 31
21 38
20 36
20 34
3 49
5 19
6 17
7 6
10 12
30 78
8 86
22 9
25 90
0 12
16 16
12 26
11 4
14 66
4 44
20 86
24 97
20 93
4 88
3 58
6 29
8 96
20 61
7 29
21 37
14 25
2 96
29 79
5 85
13 49
13 37
26 40
9 81
23 42
30 15
8 75
4 99
11 49
18 35
21 89
9 82
27 88
13 2
13 47
4 88
22 90
1 32
0 54
12 67
1 39
3 83
1 48
21 93
25 85
21 98
16 69
15 63
13 71
28 9
4 20
10 11
29 7
25 44
24 75
0 61
30 11
17 82
18 87
9 16
4 70
1 98
25 15
25 66
10 65
6 44
0 3
17 99
0 35
25 31
20 57
13 5
27 7
26 27
28 36
14 76
25 46
7 96
22 41
27 33
27 19
4 70
0 96
30 19
30 10
2 44
27 53
2 60
1 67
21 34
28 31
7 98
20 21
26 76
19 92
15 69
24 99
26 9
7 22
25 37
4 40
19 68
27 60
5 50
28 19
19 32
30 59
10 87
8 30
26 16
2 24
30 62
23 3
2 81
17 11
15 2
2 84
25 56
15 18
13 53
18 33
2 15
6 17
19 67
2 1
27 27
2 99
6 94
6 87
27 76
26 29
4 6
15 88
25 49
5 55
24 36
4 97
15 100
0 76
27 55
11 39
0 100
9 65
21 9
0 97
25 31
22 51
8 62
21 84
9 67
29 98
8 59
0 45
27 24
7 96
14 18
4 65
25 73
5 36
21 30
18 20
6 84
24 63
26 47
21 51
7 57
22 39
9 31
4 92
30 76
5 23
17 82
5 14
13 53
3 91
30 64
2 68
26 45
21 7
13 73
21 96
11 91
4 66
23 75
1 79
23 94
2 32
25 16
16 25
10 62
23 56
16 81
19 91
1 40
11 81
4 31
26 59
25 52
6 51
10 15
8 68
7 19
25 94
6 75
16 6
30 100
16 61
22 14
1 98
24 38
20 16
24 65
13 3
9 20
13 84
17 57
8 45
30 80
21 81
23 51
14 100
12 91
14 95
29 17
14 71
18 43
15 65
5 18
17 61
9 4
19 30
16 55
4 1
25 45
25 72
16 30
29 1
30 72
11 9
17 60
21 81
16 45
11 53
14 64
18 10
17 28
4 33
16 72
2 38
4 89
9 2
25 29
25 91
29 19
29 71
9 64
2 85
12 63
29 82
13 90
9 69
21 20
14 64
19 70
15 9
9 86
17 52
19 54
19 64
1 34
26 23
11 80
23 24
2 85
26 52
27 31
16 3
9 77
29 32
18 98
8 76
28 51
27 10
12 97
11 67
8 56
9 52
22 17
27 30
9 83
19 12
8 85
22 71
19 90
5 56
24 80
8 76
30 27
6 100
8 71
11 36
5 61
28 55
24 91
20 63
15 53
10 80
29 40
25 93
7 92
13 22
30 6
21 57
22 75
16 83
17 2
12 33
2 17
25 8
12 19
28 29
23 30
24 86
30 12
22 80
17 49
12 75
23 58
19 5
21 44
23 24
0 23
5 24
2 39
10 99
10 24
28 51
19 14
27 98
28 75
26 40
16 62
15 51
6 57
19 15
29 95
2 69
1 84
5 75
5 38
28 26
0 32
1 1
1 33
25 85
5 91
24 30
18 35
2 56
0 27
2 88
23 12
14 81
27 34
11 22
16 94
13 49
1 80
25 34
27 12
7 93
29 49
7 83
0 38
27 64
21 18
16 12
24 17
0 64
11 18
20 93
28 89
22 21
9 73
25 50
0 66
7 62
7 1
1 30
30 86
16 65
24 12
8 76
21 53
15 75
19 42
0 56
6 98
8 30
24 32
23 13
19 23
10 41
21 16
25 90
15 53
14 99
12 66
5 6
12 4
15 50
13 82
4 81
14 7
2 91
5 11
21 8
23 92
9 37
7 99
4 25
9 64
10 54
16 30
7 20
23 69
23 10
0 1
18 46
15 77
27 58
4 12
8 52
2 28
10 58
22 48
1 64
28 22
7 77
25 3
5 90
1 31
26 53
4 33
12 33
15 19
23 10
7 85
18 87
15 20
30 23
7 57
7 13
12 94
17 42
6 46
28 95
25 78
0 91
19 39
11 39
3 20
1 51
16 29
3 21
10 51
3 34
18 64
16 2
14 53
20 52
22 28
7 44
23 91
2 92
23 56
1 9
25 1
5 96
17 91
30 62
7 79
21 10
5 85
7 67
15 94
13 84
3 100
5 49
1 26
19 83
27 49
27 2
2 5
19 69
18 34
1 47
17 77
9 93
17 53
17 62
5 91
28 86
17 1
13 67
15 81
13 9
13 25
3 89
13 7
10 73
29 35
9 19
26 17
20 28
16 54
6 58
4 71
15 89
7 55
29 6
17 85
18 20
3 91
17 8
16 34
0 42
16 60
4 1
15 90
20 67
10 21
29 14
12 92
12 56
7 48
2 14
2 80
22 6
20 75
1 28
13 29
25 59
28 98
0 77
11 29
29 88
15 54
12 56
27 92
11 19
20 96
22 47
13 81
2 84
12 53
22 63
16 47
13 5
0 69
15 41
0 41
28 38
24 10
5 65
29 91
21 78
12 69
4 88
15 26
2 34
24 96
18 26
27 33
3 55
18 62
20 86
17 31
9 44
16 3
25 13
16 54
19 19
20 15
28 2
15 42
23 28
16 64
23 51
24 14
7 89
25 3
8 28
8 50
5 23
2 13
7 65
7 25
9 44
12 20
27 64
3 8
10 37
13 8
2 31
2 86
19 61
0 67
29 96
9 70
14 62
3 57
18 47
20 99
14 80
30 74
21 93
9 21
9 48
18 68
28 24
22 59
15 100
21 48
18 26
22 52
27 89
15 68
15 45
9 28
22 37
2 49
6 41
20 23
21 85
23 8
27 85
13 12
6 43
26 83
21 5
20 97
21 6
30 80
20 42
6 8
11 73
18 95
4 4
5 14
6 27
19 40
13 29
19 94
30 96
27 84
19 36
4 51
10 71
5 32
12 65
6 58
16 49
25 22
29 72
18 63
19 55
4 24
14 50
25 17
6 58
25 83
14 32
8 20
6 30
28 40
7 98
13 34
26 74
0 97
16 75
9 27
5 68
1 79
27 64
1 61
30 69
9 23
15 78
28 80
22 28
26 15
12 67
23 20
3 46
8 47
30 42
12 77
11 40
20 65
12 73
2 29
6 86
15 48
13 82
19 86
17 30
9 87
7 29
24 13
3 82
15 16
0 50
8 58
27 99
27 38
17 69
21 49
28 67
29 22
3 31
16 31
4 59
26 65
7 37
23 58
20 45
16 91
19 15
23 23
16 73
11 52
1 22
0 42
5 58
13 74
13 36
5 16
4 59
5 64
10 45
19 89
12 7
29 78
27 28
7 15
29 26
5 55
11 12
5 57
27 49
25 56
30 87
5 69
30 24
17 43
0 32
12 9
24 21
24 79
2 14
29 9
3 18
14 47
12 78
24 46
23 18
5 86
13 42
10 43
19 75
14 31
16 61
30 6
2 19
11 77
22 87
22 23
15 56
28 72
26 95
6 40
6 37
8 42
24 96
19 1
15 14
12 58
14 8
27 67
24 74
18 48
13 18
3 25
21 53
1 23
9 44
5 4
28 52
19 41
4 22
5 31
13 77
12 7
21 72
27 72
26 23
6 39
29 53
29 10
16 70
0 9
27 71
24 63
4 83
20 74
11 58
0 63
14 61
13 56
22 38
21 38
5 62
5 56
7 83
1 78
5 17
0 25
10 87
2 72
25 85
18 29
15 68
6 72
28 60
29 55
14 60
0 29
30 69
19 79
18 80
22 15
2 86
0 23
4 62
5 37
15 61
14 6
18 12
15 33
21 90
20 32
3 8
7 16
0 53
18 34
0 37
23 91
21 53
19 1
15 82
20 46
5 10
17 42
14 7
7 36
19 16
8 89
7 15
7 39
4 29
15 97
28 55
14 85
19 81
22 75
24 68
7 18
2 17
28 15
23 100
20 58
8 98
0 11
14 93
15 3
24 57
6 23
13 20
10 36
12 9
19 54
10 77
6 53
11 97
2 30
0 48
16 100
18 78
28 45
29 71
7 28
11 36
25 52
25 80
12 53
2 42
2 34
10 61
28 34
2 6
5 24
23 85
14 4
20 98
7 21
22 76
15 25
17 69
7 50
25 42
12 76
26 82
1 48
2 68
19 21
20 67
30 75
8 3
21 31
9 28
13 32
14 34
4 44
9 72
28 27
10 51
20 84
14 52
23 19
28 12
25 71
26 56
21 31
14 44
10 75
3 42
10 44
30 8
22 25
14 59
22 59
23 15
26 31
12 52
14 27
7 21
6 98
13 78
14 50
23 32
12 52
9 32
20 40
27 25
9 54
6 38
25 58
21 59
9 94
17 71
19 5
1 3
9 36
14 22
21 23
6 82
0 16
7 3
10 67
10 87
25 91
26 1
0 93
11 23
3 12
25 63
18 38
7 80
22 72
26 16
20 11
24 59
21 58
21 90
5 47
28 22
13 15
10 68
7 72
14 39
11 42
8 94
22 92
7 96
25 9
25 75
6 84
2 80
23 8
5 84
8 38
7 32
15 25
0 66
21 43
25 37
7 18
4 92
0 86
0 71
23 13
2 20
0 2
21 34
8 17
12 38
4 21
14 88
23 14
13 8
19 29
8 96
1 47
25 99
2 27
0 22
13 68
10 51
15 42
19 21
20 75
8 51
21 89
18 7
12 49
8 71
22 8
4 73
25 97
5 77
4 50
5 33
30 34
7 52
10 8
1 57
14 81
24 75
25 20
17 23
22 10
2 14
26 82
30 87
6 49
0 32
21 9
24 14
7 16
19 25
20 99
3 99
26 46
5 45
18 70
22 17
13 92
11 96
28 26
13 49
27 16
12 40
12 64
19 70
1 15
3 36
4 37
22 61
6 34
28 74
21 21
20 36
30 28
8 60
13 95
10 42
30 38
19 66
25 64
15 99
10 10
21 37
22 2
11 86
16 38
17 1
11 55
22 18
18 63
12 78
0 56
22 57
6 74
16 41
0 38
1 21
25 78
24 70
23 14
5 45
21 2
13 49
10 100
26 65
19 56
21 15
6 91
11 85
16 9
7 93
23 57
24 37
22 78
5 14
14 20
7 21
25 14
18 51
13 19
29 43
28 26
27 36
14 41
7 9
28 53
23 91
26 37
19 76
12 4
27 28
3 24
7 68
11 85
11 56
26 41
6 63
12 81
16 4
16 55
13 90
21 63
8 6
1 9
9 24
29 77
24 56
14 83
1 82
21 73
4 98
13 52
22 56
23 34
8 97
22 80
11 41
28 29
3 59
30 5
6 51
13 30
18 86
6 67
20 51
3 72
23 58
26 62
30 38
13 50
0 90
15 49
25 65
22 47
15 93
17 73
0 62
23 97
4 54
16 12
18 2
3 71
7 67
6 58
11 58
17 34
16 31
21 87
17 82
11 50
27 4
16 43
30 75
6 17
23 39
5 47
1 44
21 49
28 4
5 85
26 88
19 22
12 68
23 10
10 58
22 5
11 82
0 83
29 74
15 44
4 96
11 26
20 53
3 28
3 87
9 22
0 54
12 71
28 85
6 60
20 16
28 19
11 33
7 86
29 28
10 94
14 78
12 100
1 96
23 20
0 34
25 76
26 50
6 6
16 2
10 77
6 40
13 32
12 78
24 29
8 64
23 63
6 91
23 43
27 76
0 9
19 66
27 99
13 73
29 73
16 92
1 19
8 31
0 63
22 54
9 99
11 81
5 94
23 55
21 86
5 93
23 53
9 52
14 10
4 88
3 78
17 88
5 30
12 56
4 43
15 34
11 58
16 53
3 38
27 89
22 76
12 93
7 34
15 14
28 100
2 36
7 49
18 13
13 65
5 22
4 25
18 29
30 6
28 19
10 31
24 50
28 71
12 13
4 97
17 80
19 31
11 50
2 55
28 78
11 35
8 11
8 57
27 7
4 1
4 8
23 36
16 6
27 62
23 3
3 80
30 23
12 34
9 60
7 85
8 32
0 92
7 66
14 27
2 54
26 47
6 36
21 2
29 12
28 60
5 62
5 2
6 77
21 100
10 55
4 5
21 51
23 97
10 18
6 52
30 59
9 67
11 90
1 86
15 5
9 22
28 84
21 75
20 53
14 16
21 43
20 95
5 6
1 88
4 70
26 52
1 76
16 21
16 36
9 28
15 67
19 95
8 21
4 92
5 53
24 3
17 52
21 78
21 25
21 88
24 10
5 97
16 24
20 70
25 88
22 98
28 26
21 18
1 12
9 34
25 32
30 12
29 89
0 47
27 52
19 57
13 24
7 41
8 36
18 15
8 52
15 52
15 76
6 79
12 34
30 63
3 63
6 23
16 83
26 86
10 56
19 35
23 48
23 38
26 43
25 66
17 85
17 13
14 30
4 46
2 94
13 55
18 14
19 30
19 35
20 68
12 63
3 76
16 50
2 96
16 17
13 88
25 81
26 94
19 59
27 28
30 56
17 63
7 9
27 25
17 48
27 17
7 85
26 93
30 20
10 78
2 13
1 99
26 73
24 54
6 12
7 1
26 7
0 70
6 98
24 45
16 60
20 12
2 50
12 22
10 2
10 76
21 62
29 60
13 56
4 8
14 32
21 51
26 66
9 21
22 43
30 45
7 42
25 92
4 30
6 53
19 4
30 50
2 6
0 13
24 55
20 76
9 42
27 69
23 48
18 21
10 33
0 93
0 85
8 2
16 28
3 91
7 4
4 22
17 11
16 69
27 10
18 61
22 58
1 4
28 70
18 96
29 68
26 51
6 4
21 29
2 26
5 26
22 95
16 92
6 56
15 23
20 90
5 68
21 36
3 85
8 26
4 63
4 65
24 30
29 52
5 78
26 37
19 97
15 7
3 73
12 60
3 11
2 85
20 14
28 7
7 90
2 32
26 41
19 23
21 66
11 57
22 96
7 51
28 96
2 44
13 5
4 98
30 98
7 85
21 94
25 40
29 57
18 57
22 27
13 56
29 91
4 58
1 45
0 8
9 26
1 28
20 75
15 40
0 26
25 8
18 4
19 20
10 50
9 26
24 58
24 88
11 1
6 2
17 5
28 68
11 80
6 77
28 8
22 39
20 46
8 30
9 73
12 17
3 71
0 57
26 26
15 76
10 2
7 55
3 97
22 97
24 63
23 7
1 99
4 32
11 100
27 10
28 7
4 16
7 43
14 50
22 52
10 18
8 78
1 36
6 69
15 21
26 28
12 6
20 26
29 12
5 89
27 54
27 18
26 84
28 60
20 67
27 91
22 72
28 28
24 15
26 40
22 99
15 25
20 26
18 36
8 76
24 32
21 28
0 26
4 64
8 51
7 17
15 33
28 75
27 97
20 11
21 39
11 97
28 45
25 42
9 72
26 83
2 17
0 84
25 7
17 66
28 30
9 73
10 79
4 38
21 7
30 64
20 5
11 93
11 58
5 37
17 87
28 96
23 1
5 6
9 21
7 39
10 38
16 40
8 61
19 45
1 10
14 97
23 58
12 26
22 26
28 39
11 61
29 79
15 17
2 35
7 47
8 41
5 20
6 64
2 77
24 89
29 98
14 87
14 21
29 73
17 9
16 57
2 26
30 44
21 68
2 26
6 76
21 91
21 54
19 9
9 52
16 50
26 32
21 36
7 10
11 41
30 99
11 34
4 76
28 78
13 32
25 42
18 98
9 67
19 41
8 46
25 65
5 32
30 92
27 14
12 90
29 26
17 34
2 43
21 38
3 63
7 13
14 24
27 98
24 67
23 62
9 43
23 43
10 31
15 37
27 90
15 100
0 96
5 78
22 5
7 63
25 51
16 29
8 23
16 95
25 11
25 6
19 59
15 1
16 95
9 19
22 82
26 39
7 66
18 61
14 43
6 34
17 81
22 75
18 49
10 55
0 27
25 95
16 62
19 11
0 30
19 46
11 68
0 71
22 19
21 87
19 55
23 20
1 79
18 12
21 93
24 60
7 86
26 14
17 16
1 91
14 34
15 26
15 7
12 25
13 76
5 46
20 73
28 52
17 44
10 17
16 82
26 85
22 48
16 55
12 55
15 34
16 72
21 36
19 32
29 41
7 75
16 71
24 24
13 8
22 24
8 48
23 34
28 42
9 74
21 82
6 95
23 63
17 27
2 65
14 43
28 26
18 5
10 30
6 43
29 95
26 28
14 8
28 21
6 51
13 10
30 47
4 10
7 3
12 64
20 76
0 77
16 47
19 82
15 19
10 23
5 32
3 98
8 58
16 47
26 15
7 67
28 51
16 59
8 50
11 70
14 37
14 23
5 63
19 10
16 40
13 53
16 4
29 40
30 95
27 66
18 41
10 70
16 19
5 42
7 51
9 73
0 19
5 27
5 54
7 10
30 56
5 28
17 30
4 70
7 82
21 59
9 50
25 73
17 82
14 96
30 38
27 34
14 26
12 100
17 6
30 47
28 4
6 37
13 42
4 6
4 52
0 70
10 69
23 66
20 70
23 5
15 64
5 12
5 84
24 96
15 13
26 98
29 8
20 4
3 17
10 30
25 15
14 54
12 40
10 51
25 64
27 22
30 45
20 63
30 35
17 25
2 67
4 40
15 39
27 90
16 5
17 17
8 12
11 80
13 93
22 8
23 60
2 23
11 6
7 40
2 23
7 21
12 15
9 53
14 70
4 57
20 89
28 51
18 30
2 75
20 99
14 99
17 39
1 98
15 24
24 78
2 67
29 97
10 42
13 4
3 10
20 87
8 25
28 3
25 82
18 64
19 8
18 56
5 26
0 41
15 28
29 94
3 19
0 84
12 1
20 87
6 64
14 64
24 26
26 48
20 83
16 78
14 68
16 81
18 84
4 42
12 20
2 24
10 90
29 55
20 62
12 96
21 88
6 81
24 69
21 9
11 80
25 23
29 26
7 14
7 1
14 4
18 29
17 88
26 69
14 20
5 64
21 73
7 7
23 38
24 27
20 46
26 71
8 21
13 74
23 96
23 83
29 38
16 32
30 78
21 67
20 6
7 87
5 76
14 26
22 63
17 36
11 49
12 44
21 68
25 17
12 64
11 49
9 30
24 39
9 78
6 61
2 22
0 83
14 12
20 83
15 35
9 89
27 61
6 34
27 77
10 76
5 75
4 29
13 20
4 95
11 90
11 28
27 30
4 49
9 73
20 13
21 55
26 33
6 6
15 72
24 84
22 84
5 26
13 29
6 45
17 79
20 48
6 97
19 37
1 74
28 63
25 62
3 69
27 43
13 14
4 45
6 55
13 57
15 98
27 3
9 62
2 84
27 76
21 100
5 88
10 39
3 94
20 99
16 21
20 56
24 11
1 57
22 2
10 77
3 9
19 18
8 69
13 96
3 90
8 27
8 29
28 2
15 59
30 90
3 7
28 61
9 99
16 76
11 3
20 4
24 26
19 100
23 62
23 31
4 87
16 29
30 26
27 7
1 42
6 35
25 61
16 49
21 62
25 98
26 18
4 75
6 75
15 18
19 87
10 39
29 33
24 9
14 25
10 9
19 88
26 81
14 35
4 46
12 92
14 60
15 75
2 21
6 31
17 74
23 6
22 98
5 33
4 98
27 24
11 31
13 75
3 80
14 88
0 51
22 65
19 25
4 36
18 21
19 48
29 61
10 65
28 56
21 57
22 20
25 26
14 15
12 85
13 24
7 31
22 52
30 13
22 42
27 42
0 27
25 52
5 42
10 46
22 72
29 76
20 100
17 86
20 89
22 81
3 23
11 5
3 66
23 30
17 37
11 64
24 20
26 30
27 67
9 4
22 43
26 96
1 26
27 62
26 96
4 63
4 6
11 76
22 64
19 88
27 55
25 86
1 97
21 40
18 47
12 67
23 89
0 65
14 49
0 49
22 99
28 10
7 78
28 97
8 69
13 13
10 13
12 88
13 46
22 98
19 87
24 87
12 92
21 76
18 94
1 37
17 64
7 24
12 59
3 39
26 48
27 95
19 33
15 8
28 15
1 89
30 33
16 64
14 13
28 50
1 40
17 18
0 8
2 7
17 62
5 2
21 56
19 94
6 52
22 70
9 86
19 23
20 5
13 64
16 86
4 38
3 67
14 86
24 46
2 97
21 21
28 73
24 2
8 76
22 95
15 90
26 39
7 13
14 72
21 17
11 22
22 58
13 74
6 21
12 77
21 18
29 9
2 76
11 83
3 62
27 65
19 27
15 13
7 35
22 32
3 75
29 69
22 44
28 15
7 56
19 37
19 38
18 85
21 64
25 4
0 76
2 21
15 68
19 44
4 85
18 77
4 33
16 52
22 79
18 29
0 77
2 91
27 9
14 71
0 14
0 92
8 38
11 39
16 42
5 30
9 36
2 71
15 2
25 6
20 49
5 25
27 93
17 50
0 76
3 2
23 9
15 14
9 84
6 66
11 12
13 51
10 73
20 72
8 92
9 38
19 36
23 5
24 17
22 90
13 37
19 46
12 27
25 6
11 61
22 47
18 38
26 44
8 16
25 6
27 25
26 68
13 60
30 48
29 57
20 83
25 43
28 3
1 92
27 72
13 3
5 42
3 29
24 6
10 61
8 67
3 57
8 86
16 36
28 89
23 51
27 84
25 24
27 1
1 20
12 39
0 42
4 83
6 39
28 29
3 26
20 14
25 60
13 22
22 51
2 27
26 55
15 33
27 88
28 16
14 40
13 23
21 40
5 19
24 47
27 60
17 55
15 37
5 45
15 96
25 23
7 60
9 70
9 11
19 78
28 35
4 34
1 2
30 48
14 70
21 20
4 75
10 11
30 60
4 53
2 43
11 61
23 10
19 77
29 79
22 25
10 95
21 24
15 53
4 46
9 16
8 43
6 1
23 18
8 43
18 33
25 87
30 11
18 16
10 65
30 84
1 89
8 29
5 5
3 87
14 75
15 65
28 24
29 28
23 95
25 49
12 74
23 38
18 64
7 17
12 67
16 27
2 72
30 57
23 20
10 54
19 51
6 31
7 48
2 78
28 2
29 74
19 11
4 17
24 17
21 33
26 22
14 86
1 48
8 48
27 35
8 51
28 52
2 46
29 18
26 56
29 49
27 20
25 28
18 69
30 3
9 23
25 6
20 31
29 12
17 34
8 49
0 73
7 12
25 55
5 85
3 66
25 11
27 48
29 16
18 77
11 3
10 43
16 73
27 98
13 63
2 86
30 36
26 50
6 12
5 87
26 83
27 43
13 88
22 13
4 48
29 79
26 25
1 86
26 9
6 47
18 40
16 90
15 15
3 8
9 55
26 13
12 80
9 68
3 86
0 18
11 86
7 42
26 22
16 95
17 53
15 89
28 7
10 54
22 15
4 72
25 43
3 23
1 39
13 27
9 60
21 7
17 53
16 32
18 14
26 99
21 40
22 5
10 97
17 72
17 30
3 80
7 55
11 57
17 94
2 93
4 81
10 31
13 89
13 39
8 3
20 92
23 32
16 25
5 32
20 90
18 95
30 47
17 81
22 78
5 39
16 22
21 73
17 22
16 97
17 72
9 28
8 2
26 81
0 51
29 75
18 86
25 71
27 39
11 47
13 26
2 29
2 64
11 73
3 75
27 57
10 9
23 47
3 58
12 22
7 4
13 8
23 70
26 47
4 90
11 9
24 54
16 99
6 35
8 91
5 23
0 31
19 1
11 58
19 50
7 28
21 26
22 23
1 81
26 77
4 49
25 1
27 11
8 29
17 59
16 13
2 64
28 45
8 33
7 59
22 36
2 77
9 80
22 51
18 30
1 34
16 54
28 99
6 92
0 9
30 65
23 67
30 35
21 32
5 74
10 32
8 25
17 92
26 78
30 35
8 22
29 20
1 88
16 34
9 33
14 84
19 74
13 26
23 83
12 60
28 71
6 81
14 27
26 71
10 64
0 97
27 15
8 32
28 91
29 11
11 87
29 92
18 79
30 11
3 47
25 73
2 87
26 16
16 50
14 42
18 38
13 13
10 97
29 91
1 95
9 36
29 20
17 74
28 57
11 99
10 96
28 69
1 22
27 1
8 64
20 94
24 45
18 20
14 83
27 67
22 67
5 69
4 58
21 42
23 16
3 17
28 94
14 61
30 44
25 65
28 35
2 69
4 9
22 92
29 77
5 21
5 70
12 53
2 29
11 6
14 6
6 8
5 33
22 83
29 93
22 44
20 3
27 61
29 26
5 91
2 100
0 55
26 82
15 45
23 61
6 62
22 37
14 63
22 35
19 79
8 64
23 48
19 73
28 1
5 26
4 16
25 55
25 15
6 81
23 33
20 10
15 41
30 3
18 76
2 80
7 82
23 12
2 6
1 69
18 73
21 84
14 15
12 56
16 39
10 82
11 9
5 11
29 59
6 77
25 90
10 16
25 72
3 68
6 95
7 48
27 72
27 71
10 41
12 15
4 36
13 30
19 98
24 56
9 31
18 85
7 91
4 1
27 20
28 29
11 60
21 33
3 45
11 25
3 40
0 49
24 35
23 28
9 51
10 37
8 34
11 79
4 59
6 17
26 95
12 66
9 26
7 40
17 40
21 38
27 80
24 1
6 69
1 87
16 30
15 16
4 24
29 6
16 53
12 11
8 74
12 1
8 48
7 8
14 26
20 46
24 9
2 62
28 22
29 15
7 12
18 80
12 15
29 5
16 23
11 80
20 97
15 90
28 24
11 82
20 13
22 13
4 64
21 23
6 22
23 27
11 37
11 32
19 38
22 36
14 24
29 88
22 44
27 76
6 84
14 76
12 50
13 56
27 45
25 65
3 3
3 20
2 83
30 20
21 6
10 88
0 62
10 9
14 91
30 20
15 63
9 11
0 94
27 55
14 37
2 33
14 51
10 39
3 23
19 85
28 85
26 25
26 5
10 40
21 62
20 46
5 94
6 80
5 91
19 3
23 86
14 30
8 68
14 91
4 63
1 89
18 85
13 68
21 71
18 86
0 10
0 40
13 28
22 71
28 1
21 24
12 55
29 34
27 9
25 68
18 11
9 30
2 93
13 66
2 44
7 34
30 64
0 96
8 9
25 76
6 36
11 86
3 31
21 61
12 28
16 77
7 98
25 87
1 40
24 89
18 89
16 81
27 1
1 22
24 82
25 84
2 82
30 44
18 39
12 34
24 41
22 29
25 9
27 44
24 39
17 68
26 25
27 7
10 58
5 57
15 61
29 77
16 59
4 94
14 73
20 24
21 60
7 28
15 41
16 98
5 6
3 67
2 69
29 29
20 39
24 54
5 25
7 21
14 10
26 57
12 67
15 54
10 82
7 15
8 9
5 87
9 95
27 81
11 67
17 15
29 46
15 76
9 85
19 61
10 58
3 41
19 26
14 85
27 63
21 24
25 47
20 46
29 30
0 28
22 62
27 97
9 18
25 76
26 11
16 54
27 35
4 24
23 29
12 2
9 17
21 50
12 49
9 1
9 90
29 39
3 49
18 10
18 7
26 41
12 29
20 66
12 65
1 95
18 10
13 10
12 25
7 54
11 20
12 41
4 14
19 32
8 78
7 21
27 47
16 16
28 80
13 5
0 8
21 82
11 86
27 91
3 51
18 55
0 94
0 52
10 30
27 43
18 41
23 68
27 77
17 34
7 37
0 78
17 30
12 97
8 81
1 32
2 25
9 28
13 75
0 52
11 94
18 19
14 92
12 8
27 74
0 56
11 76
5 41
6 29
13 78
26 76
18 39
12 46
15 67
27 21
11 3
2 70
11 61
22 22
0 99
22 66
13 38
17 58
3 73
3 79
26 1
1 67
22 22
18 79
3 87
24 86
2 67
26 55
26 28
13 96
12 84
23 89
18 49
23 72
30 19
22 85
26 43
21 22
26 37
11 38
21 42
30 14
14 26
0 32
5 13
11 49
17 12
3 21
26 66
22 28
2 90
28 3
4 52
25 15
12 68
11 76
13 55
1 24
23 59
1 38
18 20
29 7
25 40
0 18
13 75
9 73
21 67
16 76
19 69
8 26
0 17
16 27
13 87
4 43
12 51
8 22
11 66
22 66
22 23
17 15
3 75
20 5
23 85
24 51
16 29
17 92
26 53
13 30
20 33
7 95
7 1
27 68
6 89
16 28
3 86
6 97
28 51
0 75
0 95
7 71
7 97
4 65
1 89
10 77
8 7
7 49
14 100
22 11
26 8
14 41
9 23
22 87
1 76
11 13
17 3
2 72
20 55
12 18
1 5
22 4
21 88
3 26
3 4
4 71
21 10
15 1
5 99
22 81
12 97
24 38
27 99
27 72
11 10
20 83
4 30
15 82
22 99
22 49
30 75
2 66
26 25
28 100
11 50
2 37
8 95
15 20
22 72
24 4
5 93
21 31
17 9
23 83
3 99
2 33
7 38
18 5
22 59
29 30
4 31
14 22
11 93
6 50
22 100
25 35
2 44
12 62
12 34
27 90
4 45
6 93
20 4
1 15
10 81
1 48
13 17
30 41
10 49
10 38
28 23
10 41
9 95
3 55
15 49
21 57
28 30
11 81
18 47
1 75
30 60
25 78
6 13
30 12
18 45
15 100
13 35
21 65
10 55
20 42
15 83
25 40
29 9
30 42
8 6
27 21
8 7
7 90
27 84
21 57
20 43
27 40
3 54
21 28
17 40
15 9
25 16
27 94
17 86
12 39
25 90
15 93
3 54
20 19
0 30
24 85
11 41
7 10
6 36
24 68
8 2
6 99
21 71
7 5
3 29
8 28
11 81
26 31
10 97
14 50
20 9
18 58
25 65
5 86
27 53
28 80
29 42
7 73
9 58
4 74
16 77
17 8
2 91
23 35
27 1
6 8
25 98
27 77
5 23
16 65
9 5
28 53
28 85
15 70
14 56
12 14
21 7
26 98
23 16
18 8
24 87
30 83
11 92
24 2
27 60
20 18
9 52
14 90
30 33
17 57
0 100
11 31
19 58
27 52
16 18
21 5
4 80
19 4
10 10
15 80
15 21
29 5
26 11
15 12
24 13
8 93
10 28
4 57
16 5
6 87
0 46
21 22
4 62
4 80
27 1
7 15
10 57
14 52
29 72
23 99
27 5
6 63
20 15
14 28
7 46
0 28
4 18
24 19
17 90
25 43
30 92
18 7
29 45
15 40
17 68
21 61
19 54
9 100
19 24
26 62
23 56
1 9
27 44
6 14
7 58
28 12
28 86
11 26
9 74
28 89
15 70
19 89
11 89
5 62
20 30
13 36
0 76
11 67
20 27
0 77
4 12
29 72
3 48
1 10
11 65
16 81
14 32
13 17
15 69
8 59
15 82
21 15
2 56
28 64
27 38
15 86
6 50
29 5
26 31
3 54
20 56
29 76
25 2
20 83
2 23
27 57
14 33
30 7
10 59
10 3
5 14
10 78
28 67
26 70
5 21
27 86
22 77
1 52
0 84
16 21
10 66
7 29
17 84
13 96
26 82
20 81
3 48
15 38
11 22
11 8
2 18
19 51
17 1
17 74
30 87
18 49
10 10
21 77
25 51
9 33
29 40
24 71
24 26
5 64
26 32
10 51
27 42
17 14
14 81
0 57
3 10
30 12
5 56
7 7
1 97
12 12
15 96
10 64
9 67
29 59
16 68
0 45
7 94
15 60
13 86
12 56
18 10
23 37
18 46
7 94
12 95
9 92
0 62
20 61
13 47
23 10
30 21
18 83
3 1
16 82
1 80
1 70
29 20
2 22
1 7
4 29
26 17
8 70
25 100
21 37
18 35
5 75
0 83
24 61
24 31
21 56
29 32
26 88
19 36
28 40
3 6
2 22
30 41
17 65
30 12
15 27
29 72
26 20
18 70
20 87
11 85
12 82
10 95
10 32
19 18
19 82
7 40
28 32
20 67
15 66
25 19
26 86
4 23
4 85
29 8
11 39
8 94
25 39
20 84
11 37
5 18
8 78
19 96
17 87
18 23
1 95
5 86
16 43
2 7
22 20
29 73
24 30
16 64
18 60
29 96
12 3
11 10
27 53
14 52
27 16
8 21
30 93
11 41
7 73
14 52
22 47
30 80
11 18
3 75
9 13
25 25
29 91
7 85
27 43
30 78
15 86
0 42
15 83
6 74
5 36
21 93
27 61
13 89
17 23
16 1
30 12
1 21
27 79
29 78
28 13
4 50
9 99
20 96
14 9
5 15
23 67
27 9
18 90
24 67
12 93
6 54
20 64
15 74
22 35
6 65
6 3
22 54
18 27
9 18
26 48
13 20
12 100
9 46
29 2
15 70
9 22
0 15
2 70
12 25
14 61
18 35
11 48
20 93
29 7
2 83
16 67
23 51
7 4
28 8
7 43
9 93
1 21
18 69
14 61
21 5
15 40
12 15
2 24
2 92
1 33
10 63
11 86
17 59
23 41
7 97
23 58
6 48
4 83
29 27
13 61
24 80
20 10
14 15
15 72
28 83
14 54
26 75
10 17
12 5
3 72
28 23
5 29
23 33
14 16
9 30
12 16
5 92
10 81
8 80
3 99
6 36
30 77
19 57
27 60
6 52
23 17
21 23
1 17
7 71
21 2
15 19
30 99
8 16
18 35
19 96
21 75
22 24
3 28
6 52
29 40
25 24
25 24
9 41
0 20
10 81
5 42
2 83
17 21
0 23
0 39
5 17
16 81
9 32
9 97
9 33
8 90
9 60
20 13
20 55
19 79
1 24
13 32
25 86
1 56
13 32
20 42
8 69
16 27
20 20
7 13
1 24
16 48
2 28
0 6
4 41
20 5
4 69
27 67
26 72
26 81
23 65
9 15
10 46
15 99
12 90
2 86
20 94
20 1
22 3
27 53
1 80
6 41
6 12
16 18
9 28
25 54
25 24
12 30
17 25
20 93
25 95
24 49
2 42
20 1
13 60
21 26
8 13
13 24
15 89
8 2
1 76
12 79
10 33
14 73
24 93
20 92
3 53
6 48
7 88
27 3
26 22
18 6
22 99
19 28
16 23
0 52
10 58
11 38
30 39
19 37
25 32
27 91
18 59
7 7
13 74
23 7
6 39
4 15
22 40
11 62
7 97
20 10
12 66
28 93
24 5
19 21
7 46
12 24
11 12
29 48
5 65
16 23
0 52
29 24
29 74
19 14
28 100
15 28
24 44
20 9
18 43
9 6
16 77
12 94
18 7
14 74
20 32
23 42
4 20
29 48
27 84
24 62
11 7
30 35
24 27
20 90
24 76
7 94
15 21
20 4
12 18
3 38
19 91
2 50
13 57
7 49
1 41
28 44
27 67
19 82
11 40
21 50
17 29
22 54
29 100
