100
16 26
5 53
26 2
3 59
3 53
19 70
10 46
1 5
18 62
0 74
9 93
29 41
1 69
26 57
23 4
4 69
0 3
10 20
1 81
18 89
1 4
25 73
4 30
23 44
12 68
20 65
9 39
18 28
19 51
30 20
20 15
5 65
24 79
9 92
29 71
18 11
16 37
19 51
5 69
30 6
27 58
22 12
6 74
16 9
8 87
20 88
17 68
6 91
15 65
21 81
17 42
21 62
26 100
7 70
2 51
8 64
11 29
11 3
24 100
12 69
13 42
29 82
15 17
8 52
2 14
11 3
17 64
16 49
21 50
18 58
0 68
18 88
12 77
9 26
3 27
12 21
11 85
10 82
9 61
20 21
21 1
0 72
16 62
8 53
6 68
1 13
13 90
10 3
15 28
25 19
26 14
1 1
0 74
1 28
11 39
14 64
16 87
1 65
5 3
13 82
28 15
4 33
14 11
3 69
30 80
12 3
10 41
21 25
25 89
14 19
25 40
21 90
5 64
27 20
9 36
30 47
14 96
9 95
16 73
1 85
16 69
14 45
25 44
2 56
4 74
8 32
15 50
4 12
7 50
27 21
9 38
15 63
1 91
19 18
7 35
19 73
17 97
21 92
19 98
15 9
3 28
1 59
7 83
18 58
5 57
28 22
29 77
16 1
21 87
14 85
14 48
6 31
15 47
15 50
26 49
25 7
13 35
11 89
16 75
25 12
30 57
20 15
6 90
8 29
25 58
4 100
0 42
16 100
20 8
8 17
28 30
20 23
10 34
3 10
10 1
21 68
29 5
17 47
10 25
20 61
14 6
22 13
2 36
2 50
1 43
16 5
20 60
14 78
13 9
10 46
19 21
26 90
17 91
7 4
13 34
26 59
18 71
22 69
19 33
26 33
6 53
0 35
13 70
7 29
20 90
14 85
17 89
3 23
9 36
12 57
24 60
30 39
13 13
5 97
25 9
20 72
14 72
13 24
13 30
5 22
25 63
17 39
13 70
8 34
19 30
13 50
25 29
26 96
26 65
17 2
28 58
27 30
13 92
11 17
18 96
12 36
20 98
16 15
2 11
25 38
16 3
30 18
13 27
6 82
1 84
23 1
16 86
24 19
26 56
27 58
30 51
6 66
8 23
2 7
1 12
25 59
9 8
23 49
29 43
9 54
17 22
4 42
24 41
14 14
16 28
0 74
5 48
20 99
14 49
13 30
26 49
8 44
27 4
26 45
15 67
6 1
8 2
25 55
16 44
4 53
6 32
19 50
29 14
26 69
6 95
4 29
23 94
22 28
19 30
16 58
4 80
29 34
25 63
10 87
2 19
23 33
24 79
19 39
0 23
2 73
22 33
11 37
28 67
9 4
4 95
7 15
2 33
23 61
21 59
5 7
29 81
4 75
30 8
17 94
10 75
19 84
18 61
5 90
9 37
18 9
9 61
24 26
7 62
15 15
10 18
26 14
20 20
25 29
7 20
14 32
22 40
7 18
7 79
16 50
27 30
7 13
27 77
16 20
2 96
12 21
0 17
4 26
27 1
22 15
0 43
1 25
13 81
23 19
10 74
20 98
16 55
25 47
25 35
29 24
14 29
7 82
0 67
13 62
9 73
26 94
10 3
30 89
16 80
3 64
23 18
9 1
10 5
1 70
21 31
17 66
24 36
23 50
24 36
16 56
9 89
19 100
22 95
27 2
14 11
24 73
14 52
8 90
12 55
16 80
19 43
17 21
26 49
3 51
9 49
22 38
16 53
16 46
17 26
27 48
15 43
9 61
12 72
3 14
8 8
7 33
4 66
13 69
17 3
2 26
10 25
18 91
28 8
28 31
29 17
2 1
10 25
14 23
12 23
14 26
6 89
10 81
22 44
22 1
7 68
9 89
7 65
16 47
21 39
6 82
17 77
26 82
25 49
14 64
10 20
14 85
4 49
1 63
3 50
14 46
25 46
23 1
11 59
20 74
15 89
5 32
18 42
22 22
22 55
7 11
23 94
30 19
5 14
27 90
21 2
4 85
29 99
7 53
17 57
28 77
29 91
5 21
8 19
5 12
27 82
3 23
0 37
23 49
24 91
23 41
12 36
11 49
30 46
4 82
19 69
12 16
1 92
30 82
4 69
27 38
15 23
20 16
2 98
9 98
13 18
3 34
21 95
15 39
1 79
7 92
10 13
5 56
9 4
17 8
15 73
27 58
16 21
9 75
9 71
4 13
4 66
15 27
30 71
27 69
29 62
29 36
15 23
24 38
28 78
12 99
24 87
19 84
26 55
14 58
29 88
12 54
0 52
22 92
29 68
30 70
9 30
4 51
15 93
6 95
23 16
5 97
2 10
27 95
6 38
29 49
4 40
13 65
3 53
24 51
2 68
25 73
22 58
30 57
4 6
9 68
12 53
9 29
13 13
30 84
7 52
29 48
28 100
13 79
6 15
5 95
22 8
30 7
23 13
18 8
2 6
30 12
18 53
14 1
28 99
22 10
10 33
29 32
21 66
6 78
17 97
24 15
6 87
6 42
16 26
11 3
2 31
1 86
17 76
3 14
23 71
23 69
16 70
30 10
8 65
22 94
28 82
5 41
0 72
0 85
29 71
1 95
9 75
1 14
11 98
28 19
20 64
12 88
16 12
21 81
7 43
17 39
0 46
13 60
3 33
0 15
24 80
4 77
4 4
8 62
5 76
5 19
25 88
25 84
28 37
24 52
8 65
18 92
3 96
30 10
8 4
1 61
27 5
26 31
28 65
2 65
30 82
9 87
11 86
27 68
27 21
16 60
27 40
28 78
19 92
16 29
13 33
21 78
24 9
2 82
12 90
19 69
1 71
10 46
17 44
2 92
8 49
22 70
9 62
4 82
19 52
9 14
17 84
1 96
16 85
16 63
25 81
12 34
3 99
27 11
24 71
2 58
9 8
5 81
2 67
17 36
12 45
28 69
29 56
22 38
21 45
23 71
28 49
18 57
20 55
12 74
3 94
4 14
13 33
28 42
20 91
13 15
16 23
27 3
7 51
28 17
2 40
19 40
7 38
17 36
4 40
14 59
17 99
5 100
3 90
17 90
0 39
13 27
21 81
6 32
4 45
4 74
19 29
25 64
25 73
19 33
30 44
13 73
8 99
21 62
7 41
7 70
28 2
21 66
10 62
2 40
24 59
10 61
7 48
17 94
29 85
0 72
22 27
20 13
11 65
11 19
21 44
22 41
3 14
3 5
22 67
5 56
26 44
7 62
8 30
22 3
28 69
21 53
21 61
29 28
7 100
20 78
20 15
17 68
12 18
4 2
28 76
27 54
7 61
16 32
2 43
22 49
14 52
21 23
30 18
4 57
26 96
4 80
7 68
27 32
20 4
7 23
14 31
12 51
24 20
10 61
10 35
16 64
29 46
2 31
4 6
21 88
18 21
18 66
13 91
14 66
3 38
14 31
11 31
29 92
20 90
2 54
30 49
30 55
12 42
9 52
22 8
21 96
19 78
16 37
24 28
16 28
21 52
13 52
8 42
15 58
4 78
27 4
19 25
19 17
5 66
8 59
25 86
10 80
5 70
3 32
16 57
29 51
15 93
28 83
10 26
12 83
21 45
23 32
16 96
21 23
22 79
22 53
25 15
11 58
12 40
29 36
1 3
10 50
1 89
19 35
15 96
1 96
5 35
22 12
0 87
16 28
29 23
18 24
27 75
28 2
5 41
12 98
11 54
0 72
11 3
7 31
13 100
10 92
23 64
15 7
21 56
27 25
30 51
3 46
16 14
23 57
10 13
10 62
8 16
8 5
12 11
1 41
20 47
15 96
24 27
27 94
14 76
27 47
30 89
25 54
27 38
25 51
22 34
29 1
5 30
24 48
28 60
9 76
13 16
10 43
15 27
26 73
22 57
25 40
20 33
11 98
2 74
16 57
3 42
3 59
18 72
24 26
26 36
13 64
5 37
5 22
26 33
15 93
0 22
7 99
29 26
15 73
29 90
9 49
4 71
3 87
4 72
9 51
11 96
23 97
13 76
24 72
11 69
30 89
14 27
8 63
27 40
21 93
14 53
27 2
26 3
28 61
21 23
0 8
20 74
29 56
19 90
6 83
21 74
3 12
2 76
29 16
10 17
24 70
3 78
21 86
29 71
14 57
15 2
16 50
25 7
5 44
30 84
22 79
5 2
5 24
15 27
0 32
1 64
4 80
19 93
30 78
21 76
20 21
16 90
25 39
28 15
24 62
0 16
11 76
24 51
27 26
17 82
10 98
8 33
25 1
20 9
20 67
9 51
28 53
9 84
14 32
18 67
20 24
22 72
28 34
5 70
2 72
28 90
26 13
10 52
25 71
26 41
22 54
13 2
6 42
20 14
1 77
20 43
29 3
30 28
28 63
5 80
30 86
14 96
5 39
25 98
10 75
0 85
19 3
29 17
27 65
0 33
5 37
19 99
9 92
9 56
10 93
10 30
21 42
1 17
18 32
27 45
8 16
28 92
21 39
7 20
16 13
28 86
7 67
25 11
8 67
16 81
19 27
20 27
28 67
11 87
24 70
11 74
14 83
8 2
28 48
13 100
3 18
17 75
29 87
20 21
26 93
23 5
29 48
12 46
25 12
29 2
12 48
19 87
11 78
23 97
11 43
15 26
10 80
13 62
1 14
8 93
27 24
2 98
2 81
7 57
25 13
23 13
27 56
19 19
7 69
3 30
3 38
2 64
26 25
12 31
5 12
10 70
26 42
6 36
27 3
16 76
4 26
8 39
11 41
0 100
8 26
0 17
15 2
4 34
3 19
22 19
7 48
13 11
18 30
22 98
6 91
23 88
5 12
0 9
3 4
23 2
29 41
30 24
17 34
29 58
14 93
30 5
21 81
16 51
0 12
23 4
29 73
24 63
11 11
23 22
25 79
2 3
21 44
24 90
24 75
29 24
24 62
25 34
27 92
18 64
2 52
6 40
22 98
1 58
27 61
12 89
24 18
1 67
12 57
11 13
12 81
18 93
16 73
2 56
10 50
12 78
0 55
29 73
2 82
13 79
24 5
27 85
2 79
29 18
21 31
28 40
1 96
6 90
16 95
16 70
11 42
19 94
16 96
12 15
24 67
21 69
30 97
25 74
27 81
5 16
0 5
17 36
29 82
22 98
4 36
12 49
5 55
13 8
6 3
7 45
5 61
19 29
30 28
13 96
6 36
24 64
24 11
3 6
11 50
7 12
14 74
21 65
27 65
26 72
19 3
22 97
22 83
5 76
14 13
5 24
4 21
8 9
30 2
24 45
25 64
7 48
9 34
10 30
22 90
2 82
11 69
8 19
5 92
16 42
20 41
21 92
8 67
12 16
23 57
13 42
25 52
27 20
16 71
1 40
12 55
22 56
17 44
22 67
12 50
15 43
15 14
14 38
1 96
2 41
4 50
15 82
26 71
28 89
14 97
27 4
18 82
15 43
29 14
30 42
2 2
21 64
25 7
6 62
14 25
18 36
16 61
17 51
8 5
11 31
0 22
26 89
6 97
7 44
17 99
14 42
2 99
23 2
5 83
28 96
15 42
22 1
0 52
23 22
12 5
29 71
13 54
6 8
25 87
8 54
29 1
7 97
20 10
13 6
16 13
16 22
12 37
25 17
12 15
29 74
13 16
21 76
23 93
2 19
17 78
25 20
12 58
11 17
21 9
21 58
13 80
8 65
28 88
16 99
19 19
14 92
28 85
17 61
9 47
14 58
5 25
3 64
8 56
16 5
10 100
30 91
15 75
6 17
13 76
29 22
27 16
0 11
0 100
9 57
22 3
22 66
23 1
10 94
27 30
10 63
8 29
21 100
13 89
1 93
11 76
22 51
14 7
16 9
2 76
10 85
4 69
26 84
2 63
6 71
0 20
23 20
30 46
20 4
6 32
2 92
0 48
4 72
8 11
1 87
25 34
25 36
29 71
16 18
29 48
16 47
30 77
28 27
18 3
27 88
20 17
5 41
8 26
17 8
28 27
16 42
22 3
5 25
30 1
21 32
27 76
15 26
11 42
8 8
4 1
29 82
25 82
15 15
11 58
11 27
5 69
3 26
26 100
22 9
12 81
2 16
18 28
14 87
3 35
13 93
20 50
18 25
13 40
2 62
25 27
24 90
27 60
17 63
16 100
14 71
2 61
21 91
25 13
21 81
8 26
26 47
30 55
2 1
9 63
12 40
4 45
0 7
8 39
3 84
8 66
13 68
28 6
10 57
4 44
27 62
23 70
14 10
2 9
8 28
27 12
7 7
16 25
29 70
5 11
28 19
26 56
12 9
30 83
10 18
3 41
23 95
11 91
4 89
5 29
5 94
3 35
9 98
10 89
7 59
8 65
28 22
23 24
10 63
26 14
26 43
10 93
22 72
22 4
0 70
22 71
22 11
5 79
24 90
18 50
12 77
8 51
24 8
4 21
6 16
21 66
2 55
24 91
3 59
15 73
17 4
25 4
3 94
4 20
28 65
9 22
11 53
25 38
23 60
4 17
11 58
30 39
30 24
27 82
22 9
13 48
17 76
6 21
21 92
16 61
12 20
19 72
30 69
2 68
2 5
25 47
19 13
11 73
1 28
12 99
14 69
28 19
27 74
13 6
17 2
1 21
9 10
18 9
0 84
11 96
25 37
12 43
27 14
18 3
11 89
25 29
22 10
19 25
6 58
30 33
11 64
29 81
2 40
2 13
3 66
14 45
24 25
7 88
19 9
23 13
17 68
7 26
15 20
25 56
13 95
26 37
19 33
6 61
21 8
17 8
23 5
27 100
27 48
27 47
22 38
14 20
10 71
20 76
17 51
3 20
15 3
10 63
21 51
24 98
12 50
4 60
24 48
17 41
2 68
29 15
23 24
24 32
9 59
7 33
28 4
26 40
27 10
26 9
25 29
15 90
15 64
24 60
24 72
16 43
2 21
21 72
12 88
24 64
13 86
18 95
11 92
25 86
11 78
4 57
25 12
17 30
26 50
25 88
9 76
18 11
2 95
9 26
21 93
18 63
17 74
14 58
28 1
14 58
10 45
5 35
1 85
7 8
2 63
12 67
2 100
3 71
13 62
19 43
20 68
27 91
10 42
2 62
23 2
21 36
18 98
5 75
10 67
12 42
7 6
25 29
20 100
0 31
11 82
29 47
24 8
2 25
22 55
29 56
26 76
0 30
14 35
15 1
20 3
18 21
19 75
15 92
9 43
22 45
1 21
21 53
12 90
3 83
22 20
25 68
23 51
5 5
16 32
26 24
19 76
5 89
2 19
4 89
18 31
12 11
26 54
21 1
17 93
19 92
21 87
5 57
1 84
0 10
30 43
18 26
15 40
5 97
18 67
16 16
19 67
26 68
30 69
10 57
6 29
9 95
6 24
18 24
23 39
21 11
30 4
24 2
30 27
8 23
30 79
8 33
13 68
12 20
23 81
9 37
12 36
22 99
2 95
28 3
0 89
17 75
25 96
21 18
14 2
6 90
16 55
19 63
25 87
2 25
18 10
23 48
20 97
0 98
1 39
16 8
7 8
5 8
5 54
10 74
10 39
3 100
0 45
25 77
0 26
4 30
23 73
19 98
10 51
5 52
24 69
6 30
25 31
12 54
11 95
28 99
30 21
13 46
8 14
24 9
7 57
30 24
11 27
15 92
27 85
23 90
15 42
25 22
17 76
3 7
9 47
4 94
28 17
28 75
14 81
20 23
26 77
8 24
6 64
1 28
14 56
23 79
2 92
24 56
11 8
18 57
6 34
4 29
28 88
15 72
9 25
9 98
28 23
17 54
23 33
16 2
17 43
11 90
6 3
8 3
11 69
7 17
4 42
30 18
24 3
16 71
2 92
9 63
2 79
25 66
25 48
6 51
3 30
30 32
11 50
1 35
27 19
6 67
11 24
14 47
9 69
0 63
23 94
26 17
5 54
14 49
18 23
16 43
12 52
4 44
0 73
3 55
19 48
16 16
19 59
20 27
8 31
15 28
19 34
17 79
16 81
7 90
7 96
20 50
26 44
12 33
30 82
19 39
28 36
24 19
7 74
11 7
1 38
6 14
0 75
29 7
11 34
3 79
20 75
26 11
30 40
26 91
14 53
16 31
29 17
23 50
3 26
6 71
1 54
9 83
0 89
29 78
19 29
12 11
12 58
30 50
11 57
15 39
23 38
25 68
15 64
28 61
2 84
1 58
6 4
10 53
1 98
10 98
15 29
20 32
15 38
28 49
5 13
21 83
24 94
3 39
25 77
13 99
1 21
6 82
25 66
4 93
2 67
30 92
4 54
22 66
7 96
8 80
3 27
12 38
26 77
24 51
8 25
23 14
19 1
2 76
13 22
20 90
22 17
17 34
5 51
12 82
27 81
28 91
4 7
24 4
12 65
18 76
6 85
5 69
30 36
20 95
10 59
27 85
30 18
30 43
10 82
21 39
8 83
8 100
24 24
17 52
0 50
21 38
30 2
22 56
6 49
15 17
18 71
30 44
28 61
25 78
24 66
27 23
4 44
5 85
3 14
23 26
10 12
21 25
28 42
25 38
20 71
29 86
28 32
1 23
8 32
13 41
19 8
16 65
30 17
22 14
20 33
13 65
24 93
21 90
15 91
1 55
20 3
15 89
5 95
2 50
17 88
12 11
11 52
19 27
5 36
28 81
9 66
14 22
16 85
4 99
27 79
29 47
15 70
24 67
18 83
2 43
24 34
11 83
16 85
3 79
11 32
30 5
10 51
18 17
30 48
6 46
2 36
15 14
2 51
20 31
1 28
9 25
22 24
17 86
26 39
19 71
25 33
18 69
21 93
4 43
12 70
1 26
3 28
17 49
18 12
17 77
6 70
0 25
25 37
4 59
14 70
8 49
7 10
12 10
6 59
14 25
29 29
14 43
29 45
18 68
8 99
6 91
10 42
9 48
2 21
4 53
10 69
18 71
24 90
19 62
0 7
13 37
12 38
22 83
22 46
22 73
27 5
27 48
1 66
4 22
7 73
29 82
16 30
24 6
6 88
25 10
0 48
19 78
29 76
24 94
2 25
23 93
23 84
30 81
11 16
26 90
17 16
13 78
16 18
4 6
17 57
16 87
10 41
15 88
5 28
15 13
24 90
25 53
29 84
24 96
13 27
5 84
25 79
9 97
17 50
18 65
24 5
9 65
6 9
13 54
20 52
12 5
25 74
12 59
22 60
15 31
9 50
14 82
5 3
26 71
8 17
21 93
9 97
13 80
18 14
18 89
18 4
7 10
13 93
23 88
22 6
29 9
10 39
13 77
10 48
15 50
20 59
12 16
6 22
25 3
5 77
28 46
9 98
29 85
4 3
16 11
1 74
20 12
5 54
7 73
29 68
7 86
12 25
11 16
20 92
26 80
0 66
5 53
30 72
26 2
18 96
7 63
4 79
19 69
28 26
26 70
20 48
29 5
7 81
2 33
2 90
3 41
22 43
1 69
27 45
29 100
9 29
10 96
0 29
0 19
11 32
12 35
13 8
23 6
26 74
17 18
30 90
11 37
27 14
2 3
30 60
16 54
24 34
10 90
8 31
14 29
26 71
23 31
3 67
20 15
25 7
22 30
22 99
10 10
19 100
24 77
21 73
1 92
29 19
18 69
15 23
28 32
24 41
29 39
7 7
28 24
14 1
0 92
17 55
30 66
25 83
2 56
16 2
24 77
7 5
8 47
11 51
26 100
6 43
15 17
25 80
30 57
9 8
2 64
3 61
25 89
21 46
14 83
27 74
22 74
6 55
16 23
14 4
22 93
15 49
11 59
8 100
26 36
14 93
2 31
21 83
24 83
0 42
25 27
19 65
13 53
0 60
24 22
3 93
23 48
19 95
13 69
25 8
5 45
11 17
27 4
22 22
12 91
10 47
7 64
7 48
23 3
18 99
2 91
8 19
15 16
20 40
23 47
23 44
0 22
4 94
17 43
10 4
27 100
21 85
20 82
14 76
27 79
6 8
11 23
10 99
17 66
25 71
30 53
9 57
22 59
12 77
24 100
5 32
19 48
16 94
19 5
26 29
18 63
2 65
22 74
1 98
17 90
13 63
20 26
7 4
20 10
9 65
9 57
14 53
3 11
21 85
5 5
28 17
28 44
10 89
16 40
27 49
15 96
6 38
19 24
8 62
11 84
0 78
13 72
5 97
30 36
6 75
19 54
22 66
8 89
1 7
7 95
14 43
28 24
19 78
20 23
27 23
4 10
30 53
23 35
19 25
20 2
26 27
16 40
21 78
29 22
3 65
10 64
24 29
22 76
30 45
10 16
22 73
17 64
6 95
19 33
4 61
18 52
17 4
5 9
8 68
20 60
26 59
6 44
15 75
4 22
20 50
17 6
7 25
15 95
0 92
20 71
18 57
11 69
7 73
21 37
9 9
1 67
20 28
0 62
8 18
21 46
16 87
15 37
22 69
26 92
3 8
13 28
13 36
13 52
12 12
11 100
28 13
11 73
22 10
8 8
26 11
19 47
10 9
24 32
25 69
14 53
10 31
22 35
7 70
26 80
20 51
9 25
13 79
7 68
25 56
16 37
15 18
9 32
27 73
0 18
2 8
29 85
13 81
14 77
5 84
21 48
25 45
2 100
7 81
14 38
8 6
22 82
10 20
0 95
22 5
0 73
5 41
25 58
17 21
15 22
28 13
3 18
18 20
3 24
20 56
19 88
15 38
13 46
4 94
14 25
20 67
2 92
12 7
19 61
14 47
15 63
14 45
7 99
30 10
27 84
5 83
7 22
5 53
0 60
30 22
18 11
30 61
28 48
4 75
1 94
8 2
21 22
0 48
20 73
24 65
10 87
14 7
14 90
21 83
22 53
22 52
28 34
26 61
3 58
16 44
21 27
21 72
2 50
13 20
17 67
28 55
30 31
26 59
11 99
26 66
10 73
4 34
22 95
0 23
22 56
1 15
9 36
21 5
28 40
19 7
8 85
19 47
18 91
12 85
22 70
18 54
5 39
16 81
24 81
2 19
21 15
11 56
8 12
17 22
10 61
18 44
16 93
8 93
4 24
3 67
6 13
8 41
24 11
8 71
20 42
13 3
23 37
2 10
11 99
25 41
28 83
20 6
7 53
28 95
1 30
7 35
6 27
27 55
20 50
7 85
22 81
28 14
22 60
24 49
5 32
1 69
27 61
17 72
10 10
22 26
18 15
18 22
22 84
27 99
30 77
17 12
5 43
8 36
29 27
5 35
26 14
12 89
24 95
20 51
30 60
15 21
10 5
6 6
17 4
10 90
21 85
12 17
16 67
1 95
16 58
21 40
16 84
29 28
15 21
24 86
9 66
28 82
24 59
10 62
25 37
8 24
28 13
5 37
14 50
17 19
28 72
20 36
7 34
22 94
29 52
4 62
28 53
26 1
24 24
4 33
8 29
5 45
12 57
20 70
2 92
24 26
25 35
2 23
24 47
2 26
16 41
17 75
4 40
4 30
26 5
16 67
3 8
29 79
1 39
26 95
21 49
9 80
30 52
19 72
12 59
19 95
16 86
0 84
30 11
14 71
26 6
28 95
11 64
3 34
17 81
6 1
16 63
22 68
16 12
5 58
10 1
5 6
9 83
11 55
19 23
0 10
29 75
25 76
1 71
6 3
1 79
2 62
6 63
0 71
21 47
4 85
21 12
4 41
24 60
16 51
11 25
8 34
30 24
30 51
23 58
25 21
8 8
18 5
26 51
21 19
13 49
14 100
11 48
0 89
5 42
10 68
11 46
15 36
11 60
7 100
29 12
8 75
26 11
11 78
14 68
22 69
9 31
0 16
16 25
8 45
11 73
17 23
16 96
30 94
0 55
26 42
26 85
4 87
30 86
5 84
16 88
19 12
27 74
2 57
16 83
3 89
1 88
7 28
7 31
15 38
9 69
30 1
28 2
3 21
27 86
19 10
28 92
30 12
5 27
30 29
10 64
21 92
2 3
14 3
12 50
10 19
8 26
26 26
7 18
17 74
24 3
24 13
26 28
27 98
21 71
17 73
20 92
28 67
9 2
0 38
21 16
3 61
29 51
7 21
0 78
25 71
17 6
20 95
21 11
6 99
16 74
19 64
19 84
30 21
21 1
20 63
15 98
15 9
2 24
20 5
26 15
19 78
17 99
21 54
13 72
7 44
15 33
3 22
23 100
14 17
23 59
5 46
7 12
22 15
5 12
5 23
4 65
19 46
1 47
6 66
7 3
9 77
12 98
20 25
2 38
14 17
8 64
11 79
25 70
11 19
5 33
28 32
8 80
25 72
19 89
14 65
10 34
20 35
29 75
18 72
30 22
3 64
9 15
11 85
28 31
3 32
21 25
22 65
12 64
16 9
19 74
2 63
15 60
24 37
26 37
14 67
0 57
3 93
11 51
30 3
1 35
3 86
15 20
13 66
27 35
24 74
6 11
15 48
10 87
14 9
24 69
9 33
15 30
3 3
20 30
26 77
5 97
3 62
19 46
30 58
19 39
16 41
24 98
11 54
5 73
17 14
7 10
16 48
18 83
6 82
25 14
4 100
5 90
24 15
21 37
16 30
29 6
8 3
10 7
14 29
13 62
3 22
18 84
20 14
21 7
24 51
12 57
13 24
23 64
3 80
6 33
8 23
2 28
25 21
1 39
4 51
8 71
15 83
4 84
13 77
6 13
28 18
19 54
19 61
3 34
29 6
20 40
6 44
17 52
25 14
0 17
18 29
8 52
27 55
27 37
6 56
6 50
18 2
16 35
21 39
12 27
5 47
4 7
23 29
1 55
12 61
14 33
18 23
24 88
23 23
3 11
14 84
5 31
4 1
5 49
27 21
0 88
19 67
19 10
10 48
20 82
28 67
29 78
0 39
28 5
7 2
9 66
9 5
25 48
23 69
12 48
23 33
28 3
4 38
8 54
5 3
2 48
18 83
28 82
0 31
2 26
28 23
10 36
6 57
9 35
5 66
0 30
1 29
0 14
20 63
12 42
1 63
23 90
7 59
4 15
3 61
24 10
21 59
14 6
24 12
9 26
10 46
24 66
21 18
21 92
8 37
21 63
14 46
12 3
26 56
18 27
28 75
9 3
15 96
22 71
12 60
10 39
12 10
30 40
27 53
12 38
1 70
10 96
25 59
21 82
22 23
30 35
18 37
13 8
3 57
4 6
15 78
12 35
3 43
19 97
18 47
0 7
13 53
12 10
24 76
9 99
30 85
23 86
14 11
23 5
20 17
13 43
12 95
9 3
10 40
15 63
20 3
0 24
4 60
11 7
19 78
11 22
22 65
13 3
16 77
23 3
10 69
16 50
11 82
15 52
6 53
22 14
18 65
11 9
7 31
9 35
8 93
0 80
10 73
8 65
7 28
13 38
8 98
12 89
10 53
20 36
3 91
22 60
27 79
10 95
24 63
19 44
17 20
7 61
5 73
28 32
21 25
26 7
12 86
24 32
7 86
18 33
18 25
2 33
24 34
8 67
7 27
10 79
17 92
18 71
21 79
0 89
13 85
30 60
17 54
1 15
30 8
3 90
27 39
30 14
0 27
7 63
16 50
19 96
17 31
28 54
25 90
28 17
3 64
19 85
16 6
13 55
0 50
14 47
19 36
10 93
24 14
1 78
16 17
24 61
4 4
9 29
1 94
5 14
18 60
21 19
21 20
20 84
22 93
26 37
20 26
18 91
0 62
7 98
28 28
2 31
0 90
21 88
3 78
27 53
26 68
5 64
20 85
17 39
23 52
9 53
10 68
27 31
14 20
13 33
21 64
23 89
21 68
1 85
27 99
20 98
17 29
12 76
3 57
16 3
29 52
7 93
3 14
16 94
1 92
11 68
0 6
25 1
25 41
12 57
29 5
30 44
10 24
29 59
28 1
4 45
11 50
18 100
13 52
27 21
17 67
10 90
9 31
1 21
30 50
5 63
17 4
22 41
21 100
16 90
9 75
9 47
23 53
23 23
25 49
5 6
0 30
1 61
25 16
2 68
18 97
6 43
22 26
19 81
29 19
22 91
3 60
22 83
8 40
16 53
4 98
11 59
23 82
28 25
4 44
21 19
5 26
9 2
19 22
1 95
10 46
2 32
3 84
8 70
30 99
19 38
0 44
17 55
25 26
6 11
6 79
26 32
23 34
9 86
22 91
15 30
1 6
7 27
27 60
11 21
26 36
10 73
22 50
0 100
7 17
6 86
30 78
30 45
5 36
29 84
18 97
8 50
25 14
17 71
25 86
3 83
10 73
9 75
6 86
14 61
10 65
16 30
5 22
9 17
14 26
13 89
29 99
10 53
26 33
12 1
13 8
7 18
28 64
20 2
16 10
13 23
15 51
15 80
26 86
28 40
10 44
23 49
10 14
2 7
18 76
14 28
5 86
24 21
8 20
16 62
13 17
2 44
13 50
7 4
22 50
29 35
11 2
26 81
25 67
18 84
29 49
19 10
26 98
22 80
29 66
1 62
19 86
21 11
16 4
21 2
1 69
6 55
29 31
2 82
2 15
18 13
12 10
3 86
13 13
26 20
13 87
25 58
7 66
14 37
15 64
13 12
8 61
2 56
19 68
26 72
28 42
22 30
29 21
26 64
24 48
17 3
29 87
30 38
7 6
20 99
27 37
8 53
17 45
10 24
23 17
22 9
2 35
2 36
12 73
21 32
17 50
25 60
5 12
5 47
19 28
20 68
13 17
1 91
25 6
28 38
27 5
8 63
0 56
21 70
18 43
6 96
27 29
20 44
10 90
28 82
17 65
4 94
12 80
1 75
10 67
19 38
21 97
18 31
1 1
15 8
8 63
25 91
20 85
20 67
14 42
26 18
2 42
25 62
10 66
17 72
24 35
18 22
20 51
15 36
13 95
1 27
26 85
8 77
21 60
15 99
21 96
5 32
27 72
22 23
11 8
10 62
18 85
20 11
1 77
30 52
11 55
14 9
15 72
0 98
25 63
3 71
6 30
24 71
12 97
23 23
22 85
7 41
26 98
2 66
21 89
30 45
23 37
14 4
12 15
20 65
25 32
6 43
22 26
24 50
1 15
2 20
6 34
11 46
27 63
27 31
2 26
22 52
21 84
16 90
23 70
30 32
16 58
2 66
25 69
2 99
19 26
18 22
10 90
30 44
12 87
14 77
22 59
4 12
28 24
3 55
3 28
7 71
0 55
16 99
28 92
20 65
13 89
5 27
7 74
1 99
30 60
14 39
30 38
30 92
24 36
28 52
2 92
17 25
2 48
4 2
3 25
10 86
7 13
5 55
13 27
8 83
26 49
6 4
15 93
27 28
21 15
2 91
13 52
23 83
13 38
13 9
19 26
10 28
23 45
27 39
5 1
22 9
17 66
25 31
6 83
22 39
12 77
22 41
17 43
27 64
10 3
27 95
12 95
6 7
10 70
4 20
25 31
3 66
7 64
16 9
17 35
10 33
1 14
30 71
12 56
30 48
4 14
29 17
24 72
3 44
5 90
5 26
22 55
8 14
4 56
0 3
14 1
6 74
0 54
26 85
15 92
5 33
28 62
15 18
18 61
1 10
4 26
1 9
13 77
21 38
22 45
27 80
2 93
12 49
29 44
23 33
2 81
3 25
4 57
23 84
29 69
29 2
14 78
4 99
16 41
19 27
3 43
17 95
6 22
15 33
9 65
13 38
6 27
5 25
10 65
23 45
9 98
12 92
18 45
12 22
26 80
8 14
27 27
13 16
1 73
11 73
5 40
17 17
15 4
25 56
10 10
4 6
20 47
18 16
12 67
7 53
20 69
23 33
11 3
13 50
15 34
0 33
15 21
15 100
3 54
18 30
16 22
23 59
8 80
12 15
19 97
24 94
18 73
6 94
15 67
12 58
10 1
29 61
6 50
5 96
12 8
11 97
28 40
5 32
21 68
6 1
0 58
18 52
1 97
18 55
12 100
15 42
7 51
22 31
22 61
30 22
6 15
5 47
8 16
29 10
26 91
30 18
9 10
10 74
29 29
26 97
23 16
10 11
25 76
27 8
25 84
2 25
30 82
9 51
5 19
6 58
30 47
3 87
28 99
17 88
16 7
1 24
0 58
20 75
22 51
17 40
9 82
13 20
10 83
18 85
19 96
27 65
16 86
11 92
7 100
28 77
18 36
26 41
19 97
13 31
3 83
23 16
14 26
18 31
2 58
7 43
10 60
25 82
15 19
18 37
13 23
21 72
12 42
12 97
1 22
6 35
10 14
8 33
10 65
12 64
13 62
0 62
9 15
20 86
3 100
26 77
11 55
8 58
11 23
18 100
26 11
11 11
0 25
19 44
0 79
7 80
5 95
2 79
21 95
27 82
26 27
11 66
3 82
1 8
24 41
26 7
27 80
10 1
18 73
10 53
15 72
0 31
29 44
0 28
5 96
23 58
16 64
13 44
3 5
14 5
17 15
8 95
28 90
12 21
18 49
29 6
3 48
0 30
25 33
4 76
1 43
14 21
1 21
22 96
15 27
26 36
26 3
10 28
15 85
24 5
1 94
7 19
21 50
20 17
25 42
23 97
0 2
5 14
27 13
2 29
8 60
7 90
18 46
5 99
19 54
7 98
10 12
6 10
30 84
29 41
22 100
20 100
19 71
2 1
7 55
1 37
19 10
1 68
10 24
12 81
21 99
21 1
20 53
26 96
20 73
8 93
17 44
8 84
29 62
16 12
8 66
11 16
12 17
20 87
24 64
9 33
3 100
25 98
14 88
17 12
21 85
10 4
22 73
18 2
17 17
18 73
30 21
25 61
15 89
29 37
12 35
23 91
12 70
0 48
3 38
10 76
7 78
22 84
2 57
30 11
22 65
5 90
12 41
11 40
3 100
2 95
12 82
11 40
18 97
3 63
30 30
0 75
13 22
27 36
12 72
26 82
22 96
17 49
14 6
2 55
18 18
22 19
6 63
25 54
2 14
16 19
16 40
1 6
7 93
13 1
13 9
2 36
18 63
25 88
13 22
2 75
17 94
25 71
15 57
18 14
14 72
21 77
26 46
4 95
14 1
11 56
1 60
14 67
9 12
27 32
5 12
29 57
22 4
15 32
11 79
28 91
16 23
14 17
17 64
26 98
3 55
30 55
6 28
4 44
4 83
3 13
3 29
30 87
8 65
4 94
28 38
16 10
6 65
18 76
6 4
10 67
4 9
26 52
15 99
22 5
18 62
17 70
30 97
12 94
4 15
12 55
16 89
7 13
8 93
30 41
6 39
15 5
7 78
21 86
7 59
3 25
17 73
2 24
23 4
8 64
7 11
21 56
23 85
28 85
26 79
24 27
23 48
12 48
7 61
24 100
6 1
11 83
1 1
10 8
22 68
0 69
30 8
12 58
14 3
25 54
11 32
21 99
13 54
12 79
10 25
11 29
9 8
11 66
5 27
3 64
0 15
23 5
1 61
7 78
19 93
1 36
20 96
29 60
7 73
24 98
25 8
5 80
26 66
4 99
30 22
27 95
22 12
27 14
26 67
13 62
18 20
28 9
10 27
8 76
22 25
11 4
8 54
17 38
13 47
5 45
27 97
20 27
30 48
16 24
1 21
11 18
12 14
19 100
20 96
19 34
27 17
12 7
30 66
7 62
26 89
6 61
16 36
13 35
5 19
3 86
3 57
9 7
10 41
21 91
6 10
12 90
23 86
8 61
14 45
22 60
15 57
17 26
11 55
1 76
2 23
21 90
16 64
4 40
8 73
24 10
17 25
7 91
24 75
5 40
14 88
1 84
3 61
17 88
26 59
25 22
21 23
19 53
8 13
21 93
12 45
13 21
10 92
18 7
4 63
3 7
6 17
9 25
9 50
14 14
10 75
16 100
26 89
9 35
4 94
26 46
14 61
9 79
11 46
17 50
17 70
15 36
17 14
14 59
0 67
5 55
25 40
29 58
3 17
15 71
15 36
28 3
20 27
26 84
3 24
26 42
8 69
10 92
1 64
20 70
30 73
3 98
28 53
19 3
22 83
22 89
15 55
23 90
9 94
24 98
30 23
26 69
23 25
29 83
10 16
3 36
8 2
7 61
3 13
22 14
2 85
0 84
20 57
28 55
7 76
3 57
27 31
2 3
30 97
0 94
20 58
16 75
20 9
13 30
14 20
13 8
10 26
4 17
0 66
20 71
26 81
17 37
8 60
25 40
30 80
11 6
10 92
15 12
24 71
7 48
3 50
2 57
17 5
23 66
21 18
27 64
30 80
12 73
29 10
14 25
21 57
12 63
11 49
24 61
1 19
21 55
4 14
14 43
23 82
16 54
19 55
25 81
24 41
9 35
13 75
5 97
5 31
18 99
24 66
20 86
28 24
22 76
21 64
27 73
10 13
6 82
29 99
5 94
15 3
2 74
26 83
24 10
25 33
28 32
12 38
16 98
4 67
30 65
0 21
11 80
12 44
12 72
14 97
25 39
27 85
19 34
17 19
20 69
24 61
10 51
2 5
6 18
19 80
2 24
17 14
25 23
3 24
17 96
14 32
5 82
5 96
16 2
16 11
14 73
19 28
0 36
30 34
8 54
0 83
16 63
15 83
26 60
21 9
15 96
8 51
7 31
22 29
29 53
13 24
11 42
16 74
18 8
3 25
18 20
26 13
29 10
3 40
14 52
0 8
26 67
17 99
22 41
9 95
11 39
15 84
14 66
7 88
30 95
30 75
18 78
10 100
23 69
23 15
21 81
3 30
19 78
0 2
12 71
28 83
16 94
3 19
12 47
16 93
16 11
16 36
10 70
26 1
27 2
29 59
11 54
22 88
15 18
26 76
11 42
21 68
9 27
19 70
14 46
21 12
30 11
3 28
23 28
19 13
11 2
12 62
18 95
13 53
21 96
18 27
10 75
27 34
20 63
12 75
13 61
29 40
6 11
24 56
6 32
24 53
18 95
24 35
19 31
27 57
22 87
28 75
7 86
28 57
30 37
3 49
30 96
26 83
21 61
3 71
19 70
6 4
0 47
26 13
20 51
20 56
23 22
4 65
18 100
5 3
4 29
12 64
18 64
2 53
10 4
6 56
9 86
16 48
5 57
4 48
26 19
4 98
5 66
6 24
24 4
13 35
21 55
14 20
23 53
11 25
24 56
29 39
10 55
8 70
10 28
19 11
17 94
4 32
20 99
25 81
25 4
26 13
12 39
28 66
2 88
17 25
1 75
21 10
19 44
21 25
0 10
2 18
21 85
2 84
27 91
23 1
22 8
24 21
19 77
23 60
3 15
6 99
18 1
11 51
0 45
21 45
16 32
22 88
16 65
28 24
19 56
26 33
27 5
1 78
6 70
25 55
22 65
8 56
30 1
7 40
25 32
19 71
10 99
6 10
29 5
6 90
6 65
3 65
6 60
15 57
5 16
7 43
27 4
19 94
10 8
30 62
16 56
15 23
2 73
17 67
16 78
18 65
9 1
23 17
15 100
23 46
26 57
0 83
11 77
17 49
4 27
23 72
28 19
4 18
30 4
29 78
14 52
10 92
5 17
6 69
3 45
2 97
21 70
29 30
21 13
3 2
17 23
27 91
0 61
6 16
10 80
29 79
10 5
2 49
4 70
20 62
26 96
12 89
19 6
2 71
20 85
24 91
3 79
12 16
18 40
9 13
19 38
18 30
19 65
25 35
1 6
27 56
17 79
27 7
1 43
1 34
16 48
8 19
13 18
16 89
28 82
21 61
11 80
26 65
24 23
23 32
24 30
10 45
3 13
26 91
17 85
3 65
5 38
26 6
19 74
30 100
4 71
19 38
8 23
24 13
3 68
10 24
30 37
27 41
25 66
16 42
22 96
2 16
13 72
9 56
11 89
0 91
25 75
26 36
17 36
3 33
15 37
19 29
10 95
29 81
3 48
7 68
0 59
29 76
3 10
2 65
13 33
24 11
9 80
6 38
22 52
8 18
28 29
3 73
5 41
0 79
17 11
23 60
4 23
22 13
12 15
25 18
29 95
18 12
21 45
5 56
8 10
7 90
8 68
30 12
16 34
27 40
18 34
22 10
19 69
9 29
8 38
18 55
14 36
1 23
18 41
6 91
8 20
11 38
7 19
14 33
28 13
26 9
30 61
22 60
6 38
25 35
5 76
26 10
22 76
9 12
10 1
3 34
28 2
4 92
10 62
7 13
3 27
0 53
3 65
19 39
29 42
26 2
3 14
16 57
10 41
19 3
19 55
29 6
12 44
26 91
20 45
8 69
19 9
29 62
9 62
14 38
14 30
9 18
4 58
3 100
24 79
16 80
2 33
25 44
17 9
19 87
1 1
27 34
24 25
6 36
12 48
6 29
19 6
29 29
20 21
1 87
5 77
1 10
16 32
12 40
9 12
10 10
6 99
14 99
18 23
18 42
13 75
6 74
15 12
17 21
8 28
2 7
8 75
10 43
21 65
16 59
18 15
18 44
2 23
17 33
6 39
16 40
15 29
9 47
8 18
29 37
28 100
25 73
30 27
4 31
19 83
3 83
9 6
4 2
28 95
29 90
27 45
2 33
29 45
1 2
24 17
8 63
0 69
19 10
2 36
9 86
5 92
0 63
8 47
22 53
26 1
16 13
21 28
16 9
24 52
26 99
21 87
30 87
7 91
9 88
17 33
3 71
3 99
13 17
20 73
16 26
6 42
21 41
17 23
26 16
10 82
28 38
23 59
28 24
30 52
9 63
10 58
19 65
19 98
6 74
22 54
0 58
12 22
23 76
5 41
15 20
5 12
7 59
13 17
19 92
17 34
2 44
19 47
9 87
14 67
0 19
15 86
10 70
18 79
19 14
0 8
5 90
2 2
22 97
13 70
26 56
23 100
14 98
27 83
20 79
6 16
8 43
22 22
10 3
11 58
23 48
14 42
21 97
30 38
13 5
21 9
9 72
23 73
21 46
10 100
27 92
8 41
16 32
22 81
25 2
23 64
21 67
20 69
2 51
9 61
16 66
23 44
13 13
28 33
20 88
8 39
4 13
18 55
19 32
12 54
21 21
9 5
19 62
12 59
5 87
20 87
5 87
17 23
11 92
12 46
0 59
9 72
14 31
30 52
29 46
13 45
17 4
10 67
30 49
9 60
10 77
29 83
5 13
1 7
1 33
2 96
8 75
25 10
13 67
21 88
9 2
8 29
22 6
28 64
21 84
8 72
9 52
22 95
24 20
29 86
5 3
25 17
11 61
13 57
26 52
26 95
29 82
19 89
4 95
19 19
6 70
2 79
25 1
22 10
18 69
14 8
0 48
23 55
14 69
22 80
9 90
9 55
4 99
3 34
12 57
12 53
3 63
1 100
10 18
14 53
21 29
28 85
30 31
23 95
12 54
16 3
19 39
18 3
21 14
4 66
9 90
15 70
20 58
17 21
2 6
3 2
1 38
2 73
25 80
14 24
21 28
20 34
7 47
28 39
22 50
13 32
16 17
8 85
12 22
14 97
27 77
20 94
12 9
17 39
1 35
28 78
15 35
12 64
12 13
16 55
24 7
23 97
16 72
20 83
5 37
26 69
15 62
26 23
23 31
1 63
12 80
9 96
10 19
27 48
6 83
25 90
1 19
15 37
25 53
4 60
6 12
4 13
0 5
20 39
29 15
7 36
25 7
17 56
0 80
19 41
14 97
9 50
15 28
9 96
24 97
8 21
20 52
16 37
27 26
14 16
29 12
15 64
16 59
20 14
1 74
17 52
30 8
12 99
20 46
19 21
26 80
24 23
22 42
26 31
2 72
27 54
3 3
4 95
24 8
26 94
29 7
18 20
15 21
21 11
18 38
21 46
22 86
30 46
9 80
22 18
9 41
21 83
9 45
27 96
7 20
24 85
28 39
7 29
17 24
25 19
29 28
24 65
2 43
20 73
14 44
27 83
20 69
21 61
7 5
20 25
28 75
21 55
0 99
29 52
24 11
11 33
29 41
27 32
6 38
30 15
30 88
28 54
17 48
11 69
16 85
27 74
11 88
27 97
15 55
4 13
4 97
3 12
9 25
13 24
2 86
12 31
6 42
2 42
22 49
24 17
13 93
1 2
22 20
12 43
4 74
6 89
4 99
28 31
5 40
4 20
22 76
9 34
18 8
24 32
24 37
26 15
5 20
13 79
28 87
9 99
1 36
13 25
27 27
20 67
28 85
12 94
18 18
10 90
11 42
24 50
0 39
13 100
4 12
22 32
3 1
25 79
29 7
7 39
4 47
22 33
13 43
22 90
6 11
30 96
22 47
18 64
27 27
24 68
29 86
22 60
17 25
0 73
25 58
24 60
20 1
27 61
6 99
14 44
14 62
29 61
27 30
9 27
2 100
1 49
18 72
23 42
16 25
12 68
8 53
30 32
12 73
29 90
24 14
30 76
10 96
17 6
29 12
9 45
28 46
24 3
15 59
16 51
15 50
19 58
15 87
24 62
6 15
8 64
19 24
0 77
0 84
14 44
6 9
10 20
12 64
0 3
23 4
17 38
4 8
28 69
24 9
23 17
2 34
19 34
10 94
16 47
3 1
10 56
6 68
18 90
17 91
3 25
4 73
7 87
12 43
17 37
22 29
20 90
19 86
17 33
30 20
21 63
26 56
2 50
8 11
8 43
24 75
26 84
7 58
21 94
19 80
22 57
4 84
24 41
4 9
0 17
29 68
10 62
13 65
5 87
11 89
11 88
30 88
9 12
21 66
8 16
24 1
11 4
26 20
23 39
30 48
28 70
24 18
22 7
28 41
27 23
7 7
10 71
0 41
5 66
8 16
23 15
1 48
4 32
26 26
16 71
11 25
1 33
29 13
28 40
21 2
17 28
18 41
21 82
20 75
20 68
2 3
21 80
17 44
26 59
14 13
16 73
24 77
4 30
26 28
12 87
17 10
6 87
12 57
15 20
29 66
1 11
27 11
28 15
16 23
8 47
6 44
7 97
11 5
22 82
6 22
2 19
8 67
4 19
2 17
10 55
5 15
14 29
4 25
9 45
19 36
14 5
12 79
0 71
4 53
9 90
13 57
12 9
9 74
5 48
13 91
15 14
1 61
7 46
13 9
5 92
29 78
28 91
19 96
0 2
1 61
18 76
2 11
22 88
8 60
14 3
15 41
29 69
0 52
12 2
7 52
2 49
30 68
10 45
4 45
8 20
13 38
11 56
11 23
9 9
10 32
3 2
16 18
11 78
26 69
7 81
15 91
2 83
8 2
0 40
9 30
13 83
0 66
10 87
20 26
17 16
9 72
25 67
14 15
2 41
28 37
14 41
21 92
18 57
25 85
8 40
13 55
30 52
3 91
12 72
5 95
21 75
27 52
2 60
23 30
30 12
7 21
10 1
20 21
23 48
14 55
3 20
15 58
0 23
20 10
22 41
30 7
6 4
22 34
2 9
4 99
8 74
13 84
12 38
23 25
3 31
2 7
13 75
30 55
1 42
21 12
7 14
0 90
10 61
24 3
29 57
11 98
25 88
5 96
13 62
21 22
20 18
5 78
30 22
6 42
14 12
19 69
10 4
25 98
21 66
29 93
26 27
8 15
1 79
22 23
22 54
24 20
15 47
12 58
6 91
8 2
24 67
5 94
22 57
12 6
21 85
7 56
3 49
19 71
8 32
3 98
3 56
5 77
8 28
13 46
10 73
11 25
24 70
13 60
27 33
16 14
11 30
26 41
24 3
30 89
28 46
4 19
22 57
22 30
19 54
12 1
2 77
18 15
19 100
8 25
25 75
17 6
13 22
12 52
12 100
9 13
17 91
7 98
11 22
27 97
7 74
21 30
14 63
17 42
22 80
1 100
11 55
23 90
7 15
24 85
9 52
2 27
12 18
14 34
8 13
15 6
2 60
18 86
30 72
21 9
13 94
3 99
11 46
25 10
21 72
23 60
26 46
28 68
17 52
11 22
1 65
1 98
6 32
24 81
22 64
3 24
29 19
5 24
16 83
12 48
27 1
14 59
23 68
6 48
19 9
27 91
15 4
2 4
9 23
16 41
3 21
11 48
5 98
16 29
30 56
29 83
6 69
4 7
12 1
22 21
17 78
5 92
14 14
1 97
18 22
1 100
30 31
4 20
2 33
2 66
6 54
26 5
22 19
3 24
16 98
8 99
8 91
19 6
0 97
9 33
4 48
11 65
22 16
3 66
28 73
7 40
8 50
20 83
29 65
28 38
13 81
30 14
24 99
22 14
25 93
20 66
14 62
11 96
14 30
17 64
1 89
5 52
12 20
5 28
11 100
10 94
13 97
28 82
17 80
25 100
7 89
11 24
9 44
23 90
22 16
9 29
9 41
19 68
2 50
28 32
29 6
18 44
21 13
23 89
9 48
5 59
6 26
28 75
12 28
25 48
30 7
13 89
12 55
17 70
11 43
6 67
5 100
26 98
9 41
24 81
14 19
13 39
22 93
11 33
19 18
5 31
21 1
8 89
19 12
9 25
16 29
2 6
0 75
30 50
19 11
11 71
2 79
9 75
0 33
15 8
29 41
15 85
21 6
0 89
7 5
12 1
9 17
1 25
21 56
5 89
20 36
2 28
5 76
3 87
20 10
20 20
4 91
20 53
20 18
26 89
3 41
17 27
6 65
16 92
25 6
24 24
28 64
24 44
13 94
26 84
2 13
6 63
25 1
16 23
5 17
8 12
25 70
14 51
28 32
25 70
14 42
10 64
9 82
23 60
18 84
21 53
8 68
17 16
27 68
8 92
13 39
28 69
0 31
23 1
3 21
12 54
19 88
0 62
5 82
28 5
2 95
22 58
25 25
3 35
27 71
15 31
19 30
26 6
8 64
11 53
6 8
14 10
6 1
6 10
24 38
26 89
12 95
7 86
10 40
2 71
9 88
15 25
5 84
4 64
27 29
6 42
25 52
24 36
23 44
1 52
23 95
9 88
13 8
12 82
22 48
12 45
22 54
25 73
30 11
1 68
21 51
14 65
9 71
22 40
29 6
24 69
7 97
10 56
11 50
20 14
21 13
14 15
15 80
2 88
29 12
1 29
5 63
10 80
28 81
14 24
23 59
1 24
1 14
21 64
22 96
18 46
30 53
23 31
29 62
2 89
16 69
4 2
26 45
0 75
19 9
27 20
21 38
30 36
0 52
10 87
8 91
10 49
21 2
26 23
28 82
8 86
29 37
11 63
15 5
0 47
21 45
29 41
5 25
23 63
1 60
27 94
17 44
16 45
24 48
29 98
9 51
5 86
5 48
16 73
11 26
16 52
22 63
17 72
17 41
23 9
24 21
5 19
9 12
26 90
8 22
26 45
24 77
12 82
2 48
7 20
1 58
7 35
6 75
23 99
10 87
16 83
24 91
30 62
12 45
1 51
22 4
5 40
3 12
9 78
16 84
13 51
30 3
5 72
2 9
26 29
7 91
25 7
13 37
16 85
10 2
18 36
21 69
1 96
25 41
24 42
7 13
24 27
8 84
29 90
17 38
23 97
21 65
4 13
1 66
3 9
24 50
13 17
8 72
23 36
10 24
22 15
26 88
0 55
27 88
3 39
20 100
6 100
21 36
25 28
15 56
28 38
10 2
24 25
11 35
13 51
16 93
22 41
20 100
19 75
10 32
12 25
0 53
11 44
30 44
17 50
24 74
26 64
20 31
26 57
15 48
7 74
1 99
25 53
29 79
13 96
7 65
3 33
21 16
0 47
3 29
25 37
3 92
26 81
4 71
18 35
18 74
12 28
26 1
20 71
23 24
21 80
5 6
23 30
14 96
9 88
19 37
15 76
29 55
29 23
13 36
22 27
16 2
29 99
10 16
27 1
17 8
7 87
14 8
5 3
10 50
8 71
22 93
16 92
4 99
12 88
14 94
30 95
29 84
22 19
11 14
16 46
2 94
20 48
6 96
4 53
17 86
9 64
19 7
27 92
24 94
9 48
26 54
3 73
1 56
8 40
5 4
18 14
26 27
23 12
20 79
20 20
1 86
6 100
17 6
8 6
8 44
25 67
1 14
24 26
21 75
0 22
7 87
13 69
12 36
24 10
26 54
15 56
21 26
4 7
30 97
12 46
9 6
13 76
3 62
16 36
24 53
29 58
23 39
21 18
11 99
15 87
4 41
10 92
4 50
24 73
16 83
14 72
15 41
16 90
11 42
27 81
26 8
27 39
13 98
7 38
7 59
0 76
30 26
9 96
6 24
0 42
3 41
29 95
0 96
4 2
27 96
28 4
19 95
4 36
29 46
30 69
17 79
22 9
20 44
22 63
15 37
24 28
24 81
13 19
1 99
24 77
9 29
30 89
9 26
3 25
23 99
20 65
29 13
18 86
18 14
17 14
28 18
17 59
21 32
13 45
3 63
18 77
24 30
23 83
3 88
26 8
23 74
13 80
13 61
2 92
9 64
10 99
3 23
20 63
13 47
29 93
16 32
3 12
22 96
14 69
24 84
14 30
0 93
29 40
9 75
9 42
3 24
11 40
0 98
30 74
21 12
30 71
0 98
26 7
3 13
23 41
26 75
22 6
20 79
6 60
11 70
11 37
11 75
2 71
11 51
20 30
28 58
29 85
20 52
15 7
8 1
0 79
3 90
1 23
12 1
0 6
0 5
0 39
27 74
2 23
21 27
11 84
14 39
14 61
20 60
5 15
26 84
19 88
8 40
13 39
24 12
20 80
29 85
10 16
1 75
29 13
12 24
21 85
19 51
14 8
28 20
10 13
13 42
28 43
30 20
25 26
3 11
11 55
3 2
24 4
7 6
8 76
3 32
14 78
14 81
21 85
7 96
7 96
14 69
30 35
13 47
0 9
11 65
27 59
7 80
22 3
0 95
14 67
21 89
9 20
11 77
5 84
5 13
23 23
17 92
23 56
21 47
25 13
10 20
21 86
6 82
1 100
5 91
11 4
7 58
13 6
28 55
13 90
16 67
24 78
11 25
11 23
3 95
23 59
22 20
29 68
25 19
12 93
5 17
24 87
22 79
4 48
6 66
24 76
20 83
0 96
27 46
28 86
14 67
1 3
3 55
7 45
1 88
9 38
7 22
10 77
28 58
16 3
28 38
4 98
20 55
26 3
25 54
6 56
1 41
10 80
15 10
0 40
14 87
10 76
28 47
17 63
25 10
16 91
9 47
30 6
17 66
6 100
10 69
22 74
5 74
6 7
5 94
16 94
21 27
23 73
30 54
7 72
26 95
9 39
15 78
7 66
11 54
24 65
20 9
14 87
2 55
7 96
22 14
18 91
19 31
3 24
13 15
9 51
26 68
30 66
25 93
15 63
30 88
16 90
9 33
30 97
5 73
19 98
2 4
3 93
18 88
2 55
14 42
14 16
19 39
30 51
8 89
29 75
12 58
29 41
4 77
1 80
11 6
27 35
13 64
4 99
19 93
12 72
29 43
27 21
4 44
10 59
5 88
17 25
12 74
28 49
14 45
28 78
23 49
1 78
6 8
15 33
5 45
10 31
3 79
10 3
25 78
13 28
2 85
23 38
26 18
5 40
14 62
16 83
17 47
8 71
12 74
26 71
17 73
19 47
17 40
16 62
30 45
27 17
19 36
16 87
0 10
18 85
6 85
20 68
27 67
30 30
25 68
21 69
13 19
2 85
3 56
27 4
4 42
13 63
4 91
18 17
2 28
14 13
30 25
20 48
12 29
16 25
10 34
1 57
18 62
25 37
9 9
2 38
21 3
14 9
9 9
21 49
30 3
10 49
18 17
30 17
24 72
10 9
11 9
27 19
10 26
2 16
30 39
9 20
26 95
17 64
15 15
1 45
30 1
5 84
2 93
8 84
10 22
13 72
15 33
15 34
10 69
30 43
23 41
9 22
7 6
13 77
4 70
21 96
27 1
4 2
3 85
11 40
29 81
30 47
26 88
7 83
20 50
24 27
29 68
16 57
23 82
9 3
21 89
22 52
10 33
15 63
18 28
18 65
27 19
15 6
18 32
4 6
18 23
3 22
9 72
3 38
24 10
21 79
14 43
14 65
21 62
10 86
17 82
26 3
30 87
30 36
29 58
1 87
27 56
20 29
18 79
12 95
5 21
22 32
12 91
25 78
1 72
30 63
10 86
10 74
14 29
12 80
2 56
15 17
30 36
12 46
18 49
26 33
9 88
8 98
16 2
28 4
25 43
22 35
28 53
10 20
18 4
21 84
4 77
24 39
14 13
7 87
8 72
29 17
1 97
18 95
3 75
15 52
9 87
28 25
30 86
25 94
12 60
7 53
22 39
7 46
2 81
30 93
9 12
24 54
9 31
28 72
3 67
21 96
22 70
13 99
15 41
23 88
22 93
5 16
17 70
3 25
30 43
26 1
11 72
15 70
14 2
1 75
20 39
11 82
8 66
19 8
6 52
13 80
0 93
13 95
29 34
22 35
26 67
6 40
14 5
5 28
26 68
16 40
28 90
17 21
24 53
22 100
21 67
0 60
11 97
23 9
20 75
11 17
14 92
18 40
10 98
7 88
13 26
27 7
22 8
21 84
12 86
16 7
2 5
12 1
17 37
17 45
29 29
20 91
1 58
19 1
3 1
17 66
30 38
23 91
17 27
8 94
30 90
18 20
13 33
18 33
26 48
11 100
20 7
30 73
27 30
16 17
15 40
19 43
4 5
4 79
17 27
5 19
30 44
15 30
28 63
13 6
19 35
7 82
12 18
4 56
4 64
0 82
26 43
20 82
24 57
14 71
23 73
27 44
5 79
22 100
19 3
0 6
29 79
22 15
28 100
18 4
0 51
14 57
15 67
12 87
5 9
20 75
8 76
