100
3 10
1 29
13 80
10 62
18 97
28 22
0 62
19 36
12 71
16 54
22 14
25 46
2 75
3 16
13 60
20 69
3 89
26 37
19 37
29 44
11 77
20 2
28 89
15 21
15 77
27 17
15 97
13 91
5 24
5 70
9 68
6 24
11 73
7 90
27 67
21 15
14 50
7 93
28 61
9 7
21 69
16 19
21 5
30 59
2 82
5 74
2 70
14 44
23 70
20 3
19 67
13 33
19 89
0 89
19 59
0 22
4 30
22 49
18 70
2 65
7 17
18 91
22 89
7 88
26 19
19 8
12 87
11 5
24 8
15 6
30 55
7 89
26 18
21 11
2 63
27 35
26 27
27 84
23 84
3 90
30 13
10 3
5 54
6 14
11 42
29 58
30 92
4 1
15 65
25 78
1 34
0 13
21 87
22 95
17 70
23 6
29 41
24 48
25 46
10 88
2 84
18 32
13 15
28 93
25 97
16 17
3 2
9 82
2 60
28 52
24 3
27 56
3 90
22 58
18 14
30 68
8 24
22 33
4 68
13 96
5 3
10 45
18 57
14 37
1 34
1 89
23 99
18 74
1 55
5 53
5 36
30 40
2 30
8 51
28 35
5 46
11 32
9 95
26 42
28 24
28 99
30 29
21 53
27 26
24 6
20 60
0 95
7 94
19 38
26 83
22 96
23 71
3 2
4 67
4 1
25 14
19 82
21 13
18 21
30 67
13 2
27 21
5 62
10 57
6 26
16 66
24 15
0 8
10 54
20 27
9 71
24 14
5 12
18 13
0 47
17 100
4 94
3 28
25 7
0 48
29 98
27 55
30 80
13 67
18 58
30 57
24 91
3 52
19 92
4 15
29 4
21 30
6 76
25 26
18 62
0 24
14 46
28 3
30 66
3 83
27 55
28 47
0 36
17 19
13 36
17 41
5 39
29 82
8 26
7 55
14 96
16 95
23 25
16 53
6 49
17 17
9 2
10 70
16 57
26 58
12 11
18 49
10 68
1 47
1 60
6 31
28 54
30 30
3 17
7 46
2 34
17 34
4 9
29 7
20 99
3 4
3 27
22 37
19 38
4 67
24 24
1 67
18 72
10 34
5 41
26 9
20 24
22 89
4 48
27 12
29 76
26 42
5 91
25 30
30 18
0 50
13 32
19 100
18 95
10 68
3 50
7 23
3 73
30 1
20 8
18 17
2 71
12 91
11 93
15 6
9 10
12 3
2 59
29 44
27 33
5 68
16 47
9 9
4 35
13 80
26 72
20 73
6 2
20 41
21 41
12 69
9 70
12 25
12 82
25 42
10 84
19 76
3 43
15 21
15 14
18 40
14 7
11 99
2 36
16 76
1 74
6 2
10 73
17 33
21 47
18 24
15 64
0 34
22 1
5 38
1 60
2 73
7 21
19 91
13 76
28 73
0 2
21 30
2 65
0 10
3 47
12 100
8 20
30 29
24 71
30 61
27 100
28 37
18 38
9 31
21 58
29 7
16 80
28 20
1 89
8 44
1 98
18 38
5 76
10 100
16 3
0 67
6 85
3 22
8 42
23 15
2 4
22 34
14 28
1 64
26 12
12 34
10 90
13 2
18 1
2 13
24 40
14 93
16 30
1 69
7 39
10 54
27 72
29 95
27 11
19 80
8 2
25 1
20 67
19 82
27 75
27 74
9 59
17 23
27 72
25 93
6 32
19 20
15 37
25 69
21 84
24 69
3 69
28 54
11 76
22 99
7 47
10 28
13 20
17 43
2 7
19 80
20 85
12 41
26 43
5 42
3 27
4 78
16 48
17 16
30 97
22 50
16 67
22 94
17 2
2 1
9 23
12 24
21 98
25 93
14 16
5 54
22 37
5 83
23 15
5 3
21 55
15 48
23 83
11 64
13 6
21 40
3 2
10 93
4 75
13 71
6 94
12 10
14 18
6 64
28 28
23 39
24 52
25 36
4 26
30 93
6 15
28 43
29 91
9 22
7 48
23 100
29 60
19 25
1 36
11 1
6 10
29 83
7 36
28 63
15 78
20 66
8 90
26 1
1 7
22 10
16 16
23 93
14 57
20 73
13 52
23 4
26 9
20 62
27 23
2 30
27 47
25 55
12 73
18 45
30 59
28 82
20 1
12 53
14 85
9 48
14 59
6 88
20 84
19 75
5 56
25 95
22 91
24 89
20 48
25 3
10 38
30 41
14 19
7 61
28 76
18 39
26 9
8 57
26 24
5 64
30 72
10 6
9 44
28 90
26 1
18 84
17 61
16 83
2 28
6 44
19 96
7 51
12 97
25 63
13 38
24 75
18 39
1 6
3 62
11 97
12 23
8 45
28 18
14 28
22 41
18 15
22 22
17 49
26 18
24 32
9 37
23 49
16 90
0 8
5 76
3 15
0 32
11 39
27 100
12 82
22 40
16 60
6 35
24 8
21 59
10 53
16 85
4 30
29 58
1 22
11 35
26 44
4 74
29 32
8 96
5 77
0 15
1 88
7 89
13 54
22 64
11 41
2 94
7 63
12 13
18 94
24 20
21 35
14 56
26 29
4 85
15 65
5 3
4 25
30 65
18 23
27 73
12 41
14 1
19 20
8 70
25 9
25 86
10 33
18 48
1 77
24 53
7 52
1 74
25 82
7 68
11 59
14 59
12 46
27 83
19 7
26 53
27 98
28 79
29 91
4 73
10 27
4 27
4 31
9 8
7 71
19 4
0 24
4 1
23 10
25 31
29 100
12 74
10 28
26 45
23 40
19 28
20 12
4 25
12 61
18 14
8 14
18 33
28 38
14 3
26 67
27 17
2 76
16 88
23 51
21 63
14 4
7 54
16 35
27 53
26 64
20 10
15 39
19 33
29 33
6 17
15 3
15 38
19 38
6 32
30 9
30 44
12 93
14 87
15 32
17 12
20 76
15 16
28 17
13 80
23 56
25 76
17 87
19 95
17 98
22 80
5 40
12 58
6 2
9 58
0 7
24 46
8 33
19 59
30 12
18 71
15 46
1 11
14 10
16 42
21 42
29 5
8 44
19 14
12 69
16 35
24 24
21 93
3 12
3 66
16 60
27 82
27 51
0 44
12 44
9 41
22 88
8 88
14 57
1 70
20 99
30 55
4 8
1 36
1 65
17 58
19 94
7 41
21 65
27 89
3 3
9 3
26 87
15 51
26 17
22 44
11 41
6 16
7 33
23 51
12 83
1 52
3 81
17 54
11 86
26 89
30 91
18 85
20 13
22 60
23 19
14 86
20 92
26 78
13 35
5 80
26 84
18 46
0 91
0 56
26 24
4 4
29 46
0 89
14 33
28 87
22 76
26 91
19 27
19 60
26 51
15 44
4 21
9 44
1 19
9 49
0 51
7 25
16 4
26 74
21 32
8 85
22 99
7 53
25 30
12 88
10 10
5 94
5 67
25 16
17 6
30 40
8 49
17 92
23 92
18 88
28 43
20 42
4 81
11 99
0 1
25 33
25 5
2 91
14 12
12 7
4 81
24 35
29 12
16 77
2 65
7 75
14 85
8 50
23 48
22 88
13 43
18 88
15 57
17 90
24 26
25 59
24 65
6 12
29 99
22 99
27 66
14 5
9 83
22 27
8 81
30 84
12 60
22 54
16 69
30 27
15 36
26 81
16 92
18 73
29 95
4 44
1 4
15 23
13 72
29 81
6 1
22 58
28 62
27 33
11 66
22 89
8 34
16 22
22 67
6 19
13 93
14 8
29 39
13 26
20 29
5 96
26 90
16 23
6 57
27 42
27 98
16 69
26 57
24 91
15 24
2 55
30 81
10 57
29 21
15 89
23 71
16 1
7 10
19 84
26 21
20 82
26 70
2 16
30 80
10 53
18 11
22 95
30 64
29 6
5 28
18 91
6 79
12 77
9 99
22 17
29 94
9 86
4 87
27 5
4 76
17 34
12 94
15 75
6 46
0 66
19 44
13 81
25 62
20 68
4 71
9 21
30 32
7 64
3 84
17 2
25 40
4 73
2 48
24 76
6 39
0 20
0 1
21 18
28 47
23 16
0 3
9 76
4 76
24 80
14 73
23 78
9 1
10 95
16 44
24 68
1 77
2 87
12 48
2 89
10 72
3 62
8 65
6 75
19 68
3 73
9 87
27 60
13 53
22 7
26 67
24 14
21 57
25 85
25 45
13 48
0 39
29 19
13 19
8 92
7 51
9 14
16 70
3 87
15 69
21 47
11 84
5 21
21 37
28 73
21 19
11 77
30 96
24 15
24 13
20 68
13 86
24 1
12 88
29 43
10 41
19 81
26 54
7 100
19 52
19 50
25 56
5 39
15 52
16 80
12 93
25 31
23 99
4 37
8 8
22 60
5 21
20 31
3 52
6 13
20 54
10 88
4 69
22 20
29 41
13 10
24 90
23 29
19 98
7 53
22 23
10 67
9 28
28 4
8 84
24 44
24 69
10 51
23 58
8 73
22 80
24 88
28 62
30 71
19 96
18 33
16 46
19 56
7 90
17 79
26 49
20 60
12 11
1 78
8 38
10 27
14 64
3 12
17 12
17 93
1 65
9 35
24 89
16 31
27 80
2 65
23 58
20 10
15 5
30 32
12 16
30 23
9 70
2 55
30 28
22 21
0 46
4 42
14 49
30 2
0 31
0 84
20 95
9 48
27 36
1 86
30 48
23 67
22 45
20 46
8 12
4 30
11 56
21 95
4 84
4 15
23 58
19 77
15 54
3 64
0 5
23 81
3 82
18 33
16 12
8 19
17 75
0 96
18 83
23 76
21 75
4 89
30 44
13 35
27 31
20 54
25 70
28 82
7 66
5 23
22 3
14 61
24 34
12 74
4 44
26 55
30 78
4 86
2 59
16 52
15 35
30 73
30 73
19 3
6 29
11 39
17 43
19 79
2 39
22 60
9 28
20 40
7 10
6 38
7 42
1 84
18 22
19 36
28 43
4 42
29 37
17 17
6 84
0 4
21 86
20 95
8 45
7 33
2 29
24 77
25 63
0 15
20 32
19 27
2 98
20 45
24 66
23 58
27 56
18 80
10 33
17 10
28 9
4 67
29 44
3 65
5 46
13 29
17 63
2 4
3 77
19 10
21 71
5 51
13 84
15 44
13 55
14 68
25 56
3 19
20 82
0 43
3 51
11 7
1 75
19 71
30 15
9 5
12 67
12 69
14 46
26 39
2 31
28 84
15 88
20 82
26 98
9 70
11 73
11 13
23 19
12 54
25 27
1 43
23 95
25 64
22 37
20 1
4 85
23 72
26 4
27 27
13 22
16 97
0 84
5 16
21 67
18 83
24 20
28 71
27 54
27 89
7 96
2 94
29 27
8 99
17 15
3 85
15 30
28 13
18 6
6 67
24 82
8 47
13 57
11 1
14 2
7 97
30 12
22 16
14 92
24 25
8 69
30 53
6 31
17 76
12 90
3 23
0 83
3 89
1 36
12 89
21 42
26 85
19 75
8 60
3 47
2 55
22 42
24 57
20 95
2 21
7 73
24 41
19 28
28 69
25 36
13 93
12 45
1 84
27 52
7 74
17 99
22 67
15 94
14 21
8 49
6 16
3 75
16 81
1 97
29 64
12 15
24 91
26 38
23 10
10 81
15 70
0 83
16 61
11 28
8 50
23 73
7 80
18 27
12 5
16 32
20 76
27 39
30 17
22 12
15 60
17 14
14 65
9 9
27 70
5 74
12 47
22 11
18 46
12 24
0 37
5 56
10 34
24 56
8 41
25 34
18 58
19 95
27 15
10 72
30 14
23 84
25 90
11 35
12 73
19 5
1 93
15 51
10 76
23 14
11 52
26 27
13 36
5 46
7 87
8 36
4 3
30 100
5 22
14 60
0 16
7 66
22 77
22 32
10 85
19 18
6 43
3 46
6 82
3 79
5 73
0 94
28 39
13 95
25 17
7 4
14 27
2 64
10 90
19 5
29 62
6 72
14 57
15 59
27 8
1 54
28 50
9 68
3 30
26 14
7 42
21 50
9 80
0 73
6 74
14 64
12 47
11 53
15 60
26 44
21 85
11 78
27 65
13 54
21 100
2 60
29 80
30 60
21 4
11 86
1 44
1 1
19 91
23 33
26 71
6 87
17 53
19 100
14 44
30 86
6 58
4 75
16 82
16 75
0 32
16 62
2 67
22 9
20 21
26 78
16 96
27 58
15 15
17 88
11 6
14 91
19 96
26 98
17 67
7 40
22 37
22 71
11 65
11 22
1 72
18 51
17 33
26 17
0 99
9 11
20 89
28 24
17 8
25 7
4 26
12 67
8 38
20 29
6 65
11 94
20 56
0 66
11 50
22 82
3 48
0 19
12 23
3 36
16 100
28 72
28 69
27 72
0 48
23 64
7 72
9 83
2 98
0 15
7 47
24 30
15 73
20 12
30 40
21 91
22 13
26 73
10 67
6 28
1 42
11 82
23 67
29 12
9 1
26 13
8 72
8 71
23 64
11 72
15 8
16 13
8 94
0 65
13 2
26 92
7 91
30 35
26 74
28 67
13 67
0 32
15 38
28 46
22 44
13 91
29 99
23 14
25 53
28 1
26 10
28 77
4 27
17 22
20 25
27 15
17 54
24 49
6 92
17 48
10 76
4 8
11 58
10 80
21 55
24 53
15 29
7 97
7 88
17 1
4 12
0 40
8 11
12 17
16 72
27 29
23 28
29 49
18 32
0 81
1 22
23 73
26 44
2 76
30 87
14 52
18 7
23 95
20 51
5 82
1 41
5 72
29 59
30 27
29 9
15 44
12 28
9 23
7 74
20 17
4 31
24 8
27 19
29 55
21 44
5 93
6 42
26 90
7 91
3 88
6 28
8 59
0 94
20 9
4 27
4 28
27 11
17 73
4 3
10 81
11 100
20 87
9 58
3 99
20 70
21 75
8 48
29 88
10 61
26 11
6 4
4 74
22 54
11 78
6 80
8 37
2 64
25 33
14 52
13 99
11 53
22 10
21 38
27 52
23 31
6 62
4 49
11 30
22 32
2 53
28 12
23 96
22 55
6 4
6 81
18 29
20 18
20 59
10 17
4 14
29 75
7 44
16 84
29 76
11 20
1 59
1 24
20 57
26 27
19 91
21 84
0 78
4 43
3 45
5 95
3 61
11 15
12 58
24 60
2 92
26 26
8 90
18 28
2 68
24 3
23 100
13 43
9 46
4 97
4 78
27 63
20 75
20 61
13 50
30 33
22 65
23 27
4 76
12 73
23 62
24 12
10 55
10 93
4 34
24 53
14 34
7 13
27 93
0 35
30 55
29 96
30 71
6 56
11 5
13 55
4 22
4 78
14 27
12 32
30 99
18 33
7 41
9 13
30 55
11 25
29 39
21 75
25 29
13 59
5 98
8 33
11 6
13 83
1 99
10 50
7 36
0 80
22 26
17 34
21 90
21 62
15 67
23 73
24 51
8 99
5 74
14 86
16 48
13 57
14 99
17 4
11 41
2 47
19 58
20 62
24 54
1 29
0 34
11 32
30 32
1 48
13 22
6 30
24 95
2 75
23 43
13 62
15 47
1 11
30 17
24 39
0 32
8 89
11 73
6 73
11 9
5 66
23 20
22 85
0 100
18 67
18 46
2 55
13 15
17 35
13 37
30 24
25 2
7 88
20 74
12 29
8 41
12 46
28 5
11 77
11 10
0 66
0 64
4 42
23 49
21 82
3 69
17 99
15 81
1 84
0 61
1 61
2 46
23 19
18 89
30 54
26 11
6 53
7 91
21 15
16 45
8 66
13 38
17 6
23 10
26 42
7 41
7 20
28 34
28 96
9 10
11 81
27 19
19 85
12 4
12 69
11 72
17 27
8 68
10 34
24 30
10 9
3 43
7 3
29 83
14 27
6 67
20 44
27 39
8 6
17 89
28 41
27 81
8 32
16 86
27 88
26 86
8 80
28 60
24 67
1 60
21 61
2 42
27 43
21 95
4 93
19 41
26 54
25 82
29 15
0 100
12 11
4 66
11 33
13 39
22 89
0 41
17 3
8 5
22 53
24 100
26 82
18 94
4 16
22 84
3 53
3 83
16 44
8 95
1 86
10 97
16 60
8 97
4 95
11 37
13 14
3 29
29 38
20 80
1 72
24 24
16 26
28 26
3 16
5 54
4 87
26 3
30 97
23 75
28 20
30 26
28 76
22 44
18 18
19 47
27 50
9 29
15 56
3 16
19 9
12 88
15 4
30 66
11 14
20 87
28 84
24 6
10 96
19 8
1 69
0 23
19 46
19 49
17 19
1 33
27 9
18 34
10 46
0 72
27 85
23 30
12 72
13 74
25 92
0 42
2 88
12 98
27 39
1 85
4 24
3 73
11 62
0 36
30 89
6 41
8 79
15 91
3 3
25 48
1 32
23 65
7 52
2 17
8 73
4 31
18 81
12 51
3 54
21 63
8 99
23 20
25 2
4 96
29 54
7 30
18 10
0 100
28 32
18 86
3 29
19 31
6 87
27 18
29 1
27 3
25 51
29 31
11 59
9 15
8 64
28 61
14 78
12 82
13 71
13 52
10 20
21 8
18 89
13 93
23 3
10 98
27 64
2 43
15 59
10 70
24 59
22 37
27 56
26 73
10 60
10 16
12 33
8 95
19 85
15 72
23 47
18 6
17 7
8 8
13 43
28 2
21 24
27 41
5 42
10 30
15 14
11 67
21 65
8 26
14 50
19 90
12 100
5 29
14 49
8 98
11 3
3 94
1 66
2 26
8 49
28 4
23 86
8 9
9 83
12 15
29 32
15 48
12 37
3 84
15 6
9 70
2 26
0 25
8 34
20 64
4 84
25 61
12 94
6 78
3 42
28 73
25 99
16 36
23 70
19 90
29 58
25 5
6 37
12 47
13 87
15 52
3 14
0 83
16 53
0 86
2 32
23 45
10 78
1 3
28 75
19 84
10 64
15 47
12 54
12 77
13 50
30 2
23 100
19 98
10 69
8 10
22 25
20 68
13 70
23 18
12 52
23 56
13 42
15 86
28 22
24 54
13 64
15 59
25 82
24 24
20 44
7 100
18 22
18 80
9 49
29 18
23 42
22 10
22 38
15 83
30 93
4 49
26 33
23 29
22 51
30 41
27 5
11 27
29 14
17 39
29 41
6 68
10 45
20 64
6 65
18 94
8 62
17 60
2 71
1 13
5 20
19 35
2 25
2 91
29 27
11 91
15 34
17 23
13 8
19 9
15 17
4 14
26 50
2 75
28 23
22 73
20 76
16 4
17 61
3 89
11 28
2 6
2 69
22 96
16 18
1 86
22 75
30 67
0 81
10 57
1 24
1 56
3 45
21 84
25 68
16 72
25 77
30 37
7 79
28 15
18 54
28 52
14 35
30 47
5 64
22 99
30 67
19 15
5 43
24 13
3 51
19 78
20 34
11 30
1 96
0 43
6 10
12 34
26 15
21 1
9 23
28 58
15 28
29 74
11 74
15 84
18 46
5 61
25 89
9 26
11 32
27 63
28 99
6 6
28 15
30 12
26 44
25 71
13 82
29 70
11 46
23 22
13 38
11 55
14 43
6 10
17 51
20 6
25 73
16 5
18 64
9 52
30 35
4 70
12 1
3 66
13 44
22 17
22 10
27 66
3 78
25 86
19 85
20 88
0 61
7 61
11 17
17 33
20 93
7 18
26 80
13 99
11 26
12 34
26 71
5 12
13 100
6 99
2 40
10 77
12 82
9 25
20 86
16 30
19 11
3 15
4 12
19 37
4 20
28 97
26 68
11 31
0 19
7 70
3 56
15 24
2 3
24 58
20 59
26 92
29 42
20 85
1 55
13 64
25 41
20 57
28 75
9 16
0 32
4 68
26 83
21 65
20 68
26 44
28 54
20 10
4 61
15 55
22 68
28 29
16 90
17 63
21 23
29 58
0 77
5 71
17 60
3 48
23 57
8 31
19 24
6 30
9 96
25 92
7 32
1 86
5 26
30 80
6 1
27 27
21 87
7 48
29 63
7 5
22 32
22 69
8 54
8 46
14 27
24 32
2 91
2 91
2 2
7 34
30 34
20 81
15 3
23 60
3 56
19 85
2 87
11 100
22 61
2 70
22 20
26 57
0 76
7 30
2 26
2 76
2 81
15 85
19 84
12 11
23 72
14 22
27 96
22 27
11 11
5 80
26 81
17 14
16 53
24 32
27 74
2 56
4 38
29 11
13 59
0 78
16 25
26 11
10 80
19 17
6 90
23 71
22 86
3 5
8 87
17 57
7 34
13 66
24 26
6 40
21 48
18 21
8 90
12 90
11 20
2 56
25 68
18 84
9 22
24 73
9 51
28 8
29 71
13 88
14 75
30 20
19 7
8 97
6 66
18 15
23 3
30 18
12 16
17 48
13 39
13 27
8 81
20 49
8 56
17 26
1 98
16 4
5 20
12 1
14 38
18 47
21 56
9 15
0 40
20 28
15 41
15 9
5 19
5 82
29 3
10 8
27 42
28 10
0 65
15 62
15 52
20 88
6 79
12 29
19 44
18 6
28 18
8 94
8 10
4 99
14 90
16 6
8 42
12 51
17 30
2 16
3 84
30 78
4 62
5 12
2 40
13 21
9 69
9 33
23 56
0 25
20 57
27 60
6 93
11 80
4 75
26 89
16 38
11 80
25 55
28 33
29 4
23 75
3 95
4 6
20 90
2 5
20 82
15 59
13 19
26 43
26 1
5 89
14 17
29 55
25 41
24 85
21 80
30 11
11 50
23 30
18 3
29 76
29 68
5 36
20 37
29 90
24 47
19 99
9 39
2 93
18 92
1 61
2 86
13 41
25 100
19 9
29 49
11 83
25 54
6 51
25 13
4 69
25 37
28 83
10 27
30 13
21 71
30 68
15 57
2 45
15 33
4 64
30 76
19 59
5 93
19 93
7 60
17 61
17 13
6 86
13 30
12 23
16 55
28 61
29 100
17 88
25 25
26 91
27 1
30 23
22 58
20 44
30 22
23 20
19 15
16 69
10 78
10 43
25 86
20 91
7 43
26 43
13 60
17 47
15 100
25 44
5 22
14 3
25 17
20 9
10 48
9 70
7 16
30 87
8 67
7 79
12 53
15 92
5 39
9 7
3 37
24 23
14 71
24 77
2 81
13 56
27 3
10 43
25 98
2 90
11 52
17 23
16 34
18 51
3 22
7 27
5 100
23 85
1 88
13 72
7 46
23 50
5 77
2 84
5 91
26 49
13 15
17 87
0 19
2 63
6 78
7 94
18 26
18 61
1 2
20 20
0 60
25 80
1 87
29 71
3 11
24 71
12 22
13 26
19 100
12 63
9 78
5 36
26 90
4 81
10 22
7 57
3 67
9 73
15 95
13 29
2 41
4 9
10 16
20 19
7 79
3 54
7 78
2 79
13 19
4 19
12 49
13 97
20 1
8 64
16 1
29 31
20 80
27 80
15 46
24 80
17 39
13 93
1 82
27 33
22 90
4 86
26 44
24 49
19 56
29 74
27 78
11 61
21 61
6 96
30 99
13 71
8 23
24 77
26 33
26 43
12 51
24 38
25 36
4 97
12 98
20 30
2 89
15 99
14 3
13 28
28 73
14 18
4 1
13 51
21 11
23 61
21 16
28 8
22 94
27 23
4 25
22 39
5 80
2 44
16 94
16 36
26 58
8 30
20 80
23 5
28 8
30 64
12 79
13 74
24 50
23 87
26 16
6 27
11 29
27 72
7 22
14 38
9 2
16 23
6 66
6 85
27 10
14 37
8 46
18 83
24 50
3 98
18 10
22 42
29 26
5 84
7 28
30 26
17 90
17 50
27 85
17 53
22 15
13 78
9 1
26 1
3 69
29 42
14 61
2 5
19 75
23 4
10 29
7 75
28 11
18 38
23 38
9 60
23 81
1 84
12 41
24 97
16 16
27 27
20 65
23 63
29 22
5 50
4 68
17 93
1 19
13 86
28 70
0 75
8 48
25 45
13 10
12 81
20 18
8 31
17 1
7 100
5 64
12 76
7 88
20 52
5 56
6 87
21 100
26 60
27 71
18 60
0 9
15 7
2 97
0 17
15 61
22 11
13 38
27 11
6 75
18 30
13 87
11 78
21 53
7 97
28 33
17 73
10 7
11 34
12 3
17 42
13 31
16 32
14 39
30 71
10 67
17 71
10 62
19 1
28 9
19 94
11 46
29 23
4 32
5 40
28 19
27 10
19 100
8 15
25 80
30 79
26 86
22 27
11 22
5 21
6 57
4 61
16 97
30 96
7 30
7 96
26 31
29 57
17 92
23 45
10 14
25 2
0 9
24 34
12 16
26 32
30 10
8 23
3 39
29 45
22 91
10 66
19 70
2 85
6 98
11 32
26 55
2 59
12 30
25 52
2 7
3 22
10 30
28 5
23 7
17 11
0 98
22 38
19 23
21 65
9 19
8 59
24 96
0 97
1 14
6 55
13 1
12 41
29 24
11 31
5 98
25 51
2 8
22 86
12 89
1 14
30 61
10 98
20 6
26 89
30 10
10 6
1 77
12 3
24 87
8 6
0 30
4 86
4 32
10 84
25 99
0 92
9 69
8 58
26 77
10 42
20 78
9 8
18 80
10 53
12 51
24 89
5 34
15 35
10 28
12 5
9 66
3 56
17 87
22 65
23 84
1 75
10 60
21 71
19 100
17 39
25 25
8 39
18 71
28 29
10 10
16 75
13 14
27 32
13 23
25 15
5 37
8 2
20 75
16 92
5 91
21 53
26 21
13 8
25 1
1 13
8 49
7 85
0 23
23 33
9 51
0 77
16 3
14 91
21 15
9 28
15 80
11 45
23 80
0 88
21 28
27 55
23 59
8 82
18 70
12 18
4 61
13 75
19 20
8 2
0 70
2 52
19 18
3 15
7 81
0 12
11 13
15 72
13 12
29 9
22 80
30 85
20 96
15 83
1 43
6 22
15 92
0 27
19 24
5 83
10 33
28 65
11 76
21 6
19 19
5 68
1 87
17 36
18 72
15 75
29 96
13 38
6 14
14 39
6 15
3 55
30 87
9 6
24 28
0 87
21 69
29 18
8 88
22 79
13 70
20 81
10 11
25 72
17 9
21 78
17 41
4 73
30 24
7 51
9 13
2 89
9 3
20 9
8 18
20 7
24 28
4 86
15 14
28 65
21 69
11 83
25 61
27 2
19 81
26 47
26 70
0 69
24 28
20 33
30 87
28 87
30 55
18 64
19 43
13 57
4 32
5 100
10 23
5 72
8 75
16 72
22 31
10 28
27 30
7 10
4 59
22 100
5 54
28 1
9 27
28 33
30 57
27 49
25 89
18 89
3 67
9 57
27 13
1 100
27 54
1 41
16 62
26 56
28 3
17 90
8 49
27 1
18 56
13 99
23 95
26 31
29 62
20 5
30 83
15 27
5 97
0 27
13 37
27 98
6 38
28 96
10 16
6 57
11 64
29 88
6 56
19 86
18 74
2 60
16 21
9 47
30 85
18 58
7 71
12 17
30 26
20 56
18 92
7 59
5 32
2 71
24 50
1 10
3 90
11 6
27 91
9 42
29 25
30 94
30 90
2 41
2 63
30 43
30 17
19 41
7 85
16 26
14 86
14 72
21 58
8 9
22 22
12 30
6 32
29 53
30 63
27 40
18 93
28 95
1 21
30 61
9 46
24 79
2 44
18 43
12 75
11 74
16 10
20 82
12 57
11 31
14 60
26 20
15 90
2 93
5 63
30 81
15 79
6 56
12 66
17 50
26 90
7 72
17 86
29 94
25 14
23 24
29 6
15 85
12 71
18 21
10 83
10 8
1 90
30 45
11 71
28 90
24 38
18 54
24 15
11 56
5 34
29 36
6 19
19 80
3 32
6 43
15 51
23 22
15 8
6 55
12 58
18 79
8 6
30 39
8 57
4 22
16 8
5 18
27 50
3 88
25 94
6 32
16 85
10 49
26 57
25 85
30 60
24 79
12 53
12 21
21 65
22 5
8 34
24 35
12 46
1 67
27 52
12 85
10 88
12 12
30 32
13 4
30 65
16 70
22 57
19 12
12 90
4 77
6 78
7 48
4 12
10 42
12 91
22 61
11 30
26 34
20 18
21 99
24 93
2 50
26 4
14 59
6 85
18 81
10 96
20 41
9 18
5 89
4 60
22 86
13 53
9 20
22 43
22 29
29 36
21 47
22 50
24 83
25 12
25 59
3 81
7 54
19 64
6 64
0 1
1 24
1 12
2 34
15 59
2 63
29 85
1 85
21 44
17 41
25 72
16 88
6 67
25 54
26 35
9 37
7 97
29 82
3 10
26 4
18 100
7 54
17 52
27 62
16 64
1 26
18 86
15 80
24 51
16 55
7 55
15 7
19 27
30 77
6 34
10 25
16 1
11 59
10 24
15 65
19 72
15 56
17 86
17 54
23 48
24 64
11 50
1 30
0 28
9 13
2 71
17 19
22 46
24 37
20 34
30 13
0 41
28 3
9 29
5 66
24 19
1 14
9 26
22 16
17 17
28 58
29 7
12 71
17 18
27 5
30 78
21 7
7 15
29 57
10 30
18 29
23 26
1 18
1 83
19 37
25 25
0 52
29 86
4 19
0 86
18 55
27 82
26 24
27 56
24 66
1 56
14 82
20 48
1 84
27 86
16 64
18 46
8 16
30 42
8 33
6 38
7 19
14 32
17 43
19 87
10 90
4 87
1 29
11 33
4 2
14 62
7 51
8 52
21 97
22 7
30 66
9 24
22 14
3 21
7 56
19 25
19 28
27 52
19 23
5 12
15 73
8 41
14 46
20 36
1 93
15 81
10 70
10 18
28 74
23 72
6 17
4 4
18 74
17 11
13 98
29 16
2 35
2 44
9 68
12 78
7 25
27 26
2 51
1 14
3 13
12 9
19 10
29 36
12 86
0 55
21 41
23 36
14 80
30 57
29 55
9 15
0 64
28 55
8 48
8 38
14 22
22 36
21 2
14 44
21 22
30 93
8 89
4 95
1 30
23 1
9 45
16 46
12 61
10 56
7 96
30 88
20 28
0 72
30 51
23 13
15 64
6 100
17 60
3 56
19 1
4 56
12 11
22 43
19 13
5 27
16 9
1 19
28 48
1 76
0 45
21 23
30 2
0 93
16 58
8 30
17 93
23 9
22 49
5 29
12 25
1 51
9 51
8 34
23 9
30 68
11 45
11 97
26 61
9 32
22 39
0 47
16 39
25 51
24 22
30 44
11 23
14 2
5 74
7 18
19 89
28 37
29 54
12 37
23 2
23 57
0 94
15 18
24 35
24 98
28 95
30 76
24 70
4 89
28 88
16 5
24 12
0 32
25 98
18 36
17 37
4 66
13 37
0 79
8 40
3 37
23 9
4 91
14 54
14 23
25 66
17 2
12 31
2 92
0 94
30 73
6 28
15 65
0 23
17 6
6 14
30 6
19 66
7 44
4 60
24 40
8 77
13 82
21 89
26 71
1 53
15 86
29 88
14 93
5 55
10 84
1 26
16 6
15 50
20 69
30 7
16 8
22 50
4 77
24 40
11 79
29 68
0 3
3 70
5 69
6 54
21 24
8 46
2 7
22 44
1 35
10 61
1 54
17 99
9 17
19 26
13 90
8 62
3 52
25 42
23 69
19 52
28 1
27 80
9 5
27 16
25 4
9 4
25 51
0 25
23 62
2 46
23 82
2 100
24 41
15 34
20 72
9 51
27 74
10 81
28 96
6 10
30 54
14 17
18 61
16 20
24 1
25 92
21 35
12 70
25 14
30 74
11 95
30 99
14 47
12 51
13 23
12 55
3 11
17 72
12 21
30 75
6 87
8 44
29 9
29 16
2 68
11 8
25 65
22 27
1 9
0 70
11 43
23 73
7 24
18 46
5 38
12 19
21 39
21 50
0 50
9 13
3 29
0 38
5 55
0 19
10 52
13 98
16 82
24 9
10 64
19 54
29 9
29 81
21 42
1 45
29 85
26 37
8 54
2 28
13 25
20 56
22 17
7 5
23 41
22 44
20 24
7 78
20 30
29 3
19 17
11 69
10 28
6 70
23 83
23 18
0 74
20 59
2 84
17 11
24 23
20 74
15 26
10 77
28 40
3 39
5 51
5 7
11 66
12 28
17 39
29 3
23 70
13 68
21 40
9 41
30 22
7 82
23 54
30 49
2 85
19 51
14 96
12 62
25 18
12 86
17 19
5 47
17 87
5 42
8 71
12 89
17 60
29 82
27 87
28 12
27 44
13 100
17 99
17 70
24 14
26 89
1 54
29 100
25 13
21 93
18 80
28 78
3 28
10 100
27 15
20 4
23 27
5 62
26 55
29 100
19 18
20 2
18 37
0 44
18 29
26 69
30 97
16 41
12 58
8 97
14 23
9 88
8 73
24 66
3 60
1 80
29 26
8 34
22 40
0 85
14 54
15 45
3 42
28 37
5 16
28 16
26 70
10 25
8 52
0 13
27 21
5 58
19 100
17 31
23 70
3 2
0 4
2 43
0 14
3 73
18 94
24 2
12 73
13 35
0 6
7 100
14 60
1 48
12 92
25 73
1 65
22 73
0 34
26 2
17 5
29 27
12 80
1 40
21 12
24 20
0 19
30 61
20 11
3 55
4 39
20 32
22 32
16 20
8 27
24 3
22 8
16 97
6 28
12 10
25 83
28 35
21 12
9 19
21 97
12 97
6 78
22 68
25 19
25 35
13 6
24 90
8 80
22 72
20 20
0 30
27 7
19 97
8 59
12 50
16 40
2 41
3 46
13 70
23 78
20 33
15 5
29 30
21 82
19 34
17 96
0 43
6 11
7 73
7 75
15 80
8 12
9 78
16 12
17 45
20 54
21 5
0 60
25 24
26 40
24 9
4 60
20 12
10 21
28 3
0 29
15 4
25 48
30 88
23 51
25 5
13 25
12 83
3 48
29 40
14 36
26 75
7 73
9 26
19 12
8 72
12 86
18 36
8 98
6 67
2 35
14 42
29 61
27 88
26 97
13 14
1 7
3 4
13 21
23 98
2 27
26 52
27 31
11 21
16 26
17 77
6 41
1 25
3 72
23 64
20 55
17 29
18 62
19 52
13 90
13 66
14 50
11 55
8 91
13 77
30 41
12 46
6 13
8 63
19 95
18 30
20 97
9 25
12 28
1 75
8 98
9 53
6 57
1 80
7 92
21 33
23 23
4 81
2 28
29 22
14 36
30 18
28 62
3 2
2 37
25 43
5 76
18 82
21 84
2 4
20 57
4 37
10 70
0 73
4 50
24 53
15 9
27 53
15 13
7 31
24 71
13 29
20 56
0 35
18 44
21 87
3 4
13 72
1 97
0 94
27 44
26 60
3 2
12 23
13 84
9 90
25 19
14 70
21 68
13 14
7 84
9 81
8 61
16 69
17 45
10 3
9 60
20 71
14 20
22 41
17 39
1 10
15 90
9 83
20 47
17 26
10 93
22 64
25 56
22 11
13 34
6 41
26 27
26 8
12 75
4 20
27 52
17 16
26 94
10 32
23 84
29 88
8 65
11 77
17 76
8 54
27 36
19 82
9 100
26 28
22 16
16 82
12 11
29 72
3 83
29 16
2 71
23 19
15 12
1 78
22 95
1 10
15 97
30 82
3 3
23 83
7 86
30 59
18 37
19 60
9 30
22 6
20 62
23 51
29 89
13 5
12 35
17 2
13 40
0 6
30 94
2 67
11 27
20 82
24 28
12 67
0 26
27 28
23 82
17 34
30 56
21 21
16 72
11 65
24 54
16 93
3 41
15 24
26 66
8 66
17 6
3 30
2 50
11 93
24 43
13 58
9 20
18 57
23 71
22 73
16 7
20 72
5 32
7 81
29 51
25 5
11 90
26 1
0 52
2 28
27 53
1 7
28 9
12 54
7 30
16 64
8 25
16 82
26 17
24 95
29 93
0 28
9 32
9 76
13 87
12 3
4 56
18 99
18 4
27 46
15 85
0 94
9 1
27 48
0 35
29 92
25 78
11 21
14 84
6 91
17 35
29 63
15 21
12 35
5 82
15 77
17 16
24 55
7 11
5 40
10 18
24 52
15 68
30 98
11 50
14 8
13 63
1 6
24 100
26 64
6 78
22 90
21 44
16 69
0 94
4 32
29 93
15 47
1 33
10 35
10 59
22 45
20 13
9 71
3 61
13 37
0 100
9 27
21 91
16 38
27 87
4 15
27 59
16 84
14 5
23 21
19 54
30 39
9 39
27 75
30 42
12 56
6 26
28 25
4 58
0 28
0 18
15 96
4 37
28 36
26 77
21 51
22 39
18 44
0 33
23 20
2 100
8 42
13 93
12 90
2 46
21 3
9 33
13 45
15 54
24 33
7 94
5 28
9 69
8 77
7 72
16 75
23 72
22 78
26 3
24 51
1 32
29 57
2 60
6 59
1 46
25 62
25 72
14 34
18 86
10 51
2 3
14 2
19 41
28 60
11 56
12 69
20 49
4 51
30 44
16 44
5 43
16 74
30 47
27 72
13 17
4 23
0 78
5 16
25 41
29 3
2 1
25 38
24 38
17 63
0 20
4 25
18 45
8 12
9 89
7 18
6 16
21 88
22 58
12 7
21 7
3 73
2 58
9 66
9 84
0 16
7 83
7 23
20 66
7 73
23 22
4 83
12 17
7 1
12 42
29 99
11 46
29 24
12 38
18 42
16 43
28 28
13 18
12 51
13 39
30 88
0 45
20 14
9 5
26 57
20 85
0 61
3 100
5 79
18 12
29 83
6 81
24 83
17 8
8 67
29 35
1 30
16 21
29 56
12 87
19 25
8 15
14 72
1 71
14 44
12 54
0 19
12 25
17 98
27 68
9 69
2 65
10 97
5 11
13 39
22 33
9 54
4 31
20 51
30 2
29 58
7 76
9 55
3 24
6 39
20 30
9 62
1 3
2 91
14 95
16 19
19 24
16 64
23 96
23 94
16 54
7 89
22 9
8 50
10 22
10 7
26 3
29 46
13 98
13 34
3 43
28 14
25 65
8 90
1 79
4 89
2 66
28 44
7 62
0 98
5 90
15 81
19 84
1 80
17 74
26 7
18 45
16 59
3 91
23 85
10 9
17 78
20 33
20 89
22 100
27 59
15 45
28 94
10 10
5 50
10 37
18 77
2 38
13 97
22 1
4 81
27 9
23 73
22 43
8 91
25 1
20 36
22 35
22 34
21 40
24 58
23 38
21 44
7 81
4 84
17 94
20 66
10 54
0 8
12 66
5 43
21 64
10 99
3 42
11 7
17 50
23 8
2 45
2 56
8 87
9 5
28 79
26 60
24 75
19 72
29 46
15 93
17 73
19 55
18 35
14 10
30 87
8 46
1 81
16 78
22 24
23 10
23 54
23 56
11 92
19 69
4 91
20 79
1 89
4 66
5 1
14 23
21 5
7 81
7 64
13 59
17 37
13 23
5 20
17 28
28 19
14 91
1 97
3 15
4 5
19 73
1 49
21 37
11 3
25 39
15 10
0 63
18 12
22 38
16 39
1 19
8 61
14 45
26 81
15 54
11 24
0 29
19 15
19 14
1 25
11 90
11 74
4 10
24 65
4 28
5 41
14 31
22 70
6 23
26 80
18 20
11 36
29 85
23 56
17 78
26 12
6 29
6 15
23 96
9 80
26 12
17 82
2 22
5 94
11 32
7 19
20 33
1 52
3 38
8 68
7 80
12 53
11 31
2 28
17 3
2 35
5 47
14 58
8 76
5 60
6 97
22 83
30 87
4 27
20 43
9 5
12 92
16 21
18 97
4 61
0 4
25 48
10 82
29 54
27 6
8 52
11 6
8 51
12 89
14 36
5 78
13 89
9 33
14 23
6 27
16 25
24 32
30 34
8 21
30 30
2 5
2 40
22 95
29 46
24 21
30 74
16 36
25 3
7 54
14 58
24 90
3 34
0 79
11 51
5 94
17 48
26 72
27 16
5 2
20 88
10 80
26 90
11 30
11 35
24 69
21 2
28 62
20 16
25 94
22 12
8 40
9 89
18 63
1 62
14 36
23 23
25 47
2 7
3 35
8 17
1 35
6 3
10 18
0 80
19 43
11 27
7 41
2 39
16 99
3 77
23 31
23 83
6 59
4 89
6 70
11 45
8 32
14 87
7 21
9 55
10 77
9 38
20 42
5 78
18 11
7 16
21 1
25 21
2 41
24 41
2 69
28 11
26 78
22 35
26 60
5 59
19 90
27 49
23 73
25 93
21 93
22 36
13 81
4 29
20 48
29 62
9 87
16 6
1 77
4 14
10 69
23 93
15 85
3 96
3 9
4 99
17 45
16 93
0 57
14 68
6 56
12 14
27 52
9 39
28 45
20 36
26 51
10 59
28 3
17 54
25 62
6 36
21 52
25 32
19 33
2 16
17 94
12 51
29 69
18 19
11 5
7 3
10 34
25 35
8 94
2 3
25 49
13 10
3 12
11 27
12 13
30 66
7 94
9 78
24 37
18 92
8 42
12 20
26 34
13 100
3 23
27 2
18 82
9 39
19 67
29 45
24 4
21 89
15 57
22 29
30 17
24 17
30 32
8 10
9 100
22 6
1 20
16 50
29 59
0 91
26 33
13 67
6 69
29 15
23 38
22 51
0 55
11 51
23 64
22 33
20 64
28 90
8 26
23 41
29 69
16 7
13 49
21 29
17 12
8 100
6 59
26 66
23 81
9 37
30 23
27 70
18 5
8 57
11 8
22 11
17 54
0 33
13 22
21 92
4 100
25 66
25 17
4 71
29 57
0 37
7 100
13 77
25 59
8 51
14 60
11 86
30 23
28 63
24 84
26 87
25 88
16 8
19 23
11 9
22 41
11 34
2 85
11 27
1 89
15 95
4 45
22 35
18 64
4 65
6 1
29 83
2 21
30 20
30 54
19 58
21 55
22 91
27 90
19 54
23 81
3 79
6 25
7 63
3 45
28 74
28 96
23 24
3 42
30 95
0 51
4 80
22 59
2 65
2 21
27 60
23 25
18 19
18 14
0 34
15 49
4 23
28 89
7 82
29 20
20 9
8 15
19 66
19 40
12 82
1 60
9 94
29 96
7 65
11 75
6 87
15 13
26 97
3 28
11 19
19 34
23 71
10 15
27 61
21 86
3 77
4 9
3 74
23 6
3 5
11 53
25 27
6 43
12 96
30 10
2 61
9 18
5 79
25 10
3 27
7 85
7 95
25 52
23 16
13 96
24 27
18 99
12 15
28 6
12 90
18 62
2 55
1 9
15 80
19 70
23 42
27 49
2 16
6 45
13 81
19 52
9 50
21 55
28 94
21 4
10 83
20 50
23 92
19 48
20 77
1 99
16 34
3 61
3 33
13 56
28 16
11 59
1 55
30 89
14 53
17 56
10 64
18 36
18 84
8 21
29 54
15 21
28 14
6 67
2 33
7 3
2 80
27 18
28 51
2 96
11 56
0 69
13 44
17 73
3 34
23 90
15 96
21 17
23 97
6 15
15 72
0 70
20 48
11 44
25 68
8 60
8 40
19 30
11 46
18 10
6 70
3 50
9 39
30 88
9 87
17 88
24 93
12 91
14 85
19 69
15 7
30 3
22 92
22 55
21 14
15 33
17 69
3 64
3 83
2 39
20 68
0 7
2 38
25 2
6 16
11 15
4 1
0 37
14 6
20 99
20 86
8 73
24 78
28 82
27 27
11 54
9 44
25 22
28 81
4 95
29 4
30 42
1 21
27 68
30 94
26 50
14 29
7 51
27 82
27 94
9 41
19 86
28 34
15 49
14 69
22 71
1 3
11 91
18 24
15 47
1 69
21 34
27 43
8 94
1 49
26 15
18 3
0 20
2 2
2 1
23 66
9 17
24 9
1 32
23 60
14 45
0 35
14 29
15 9
17 90
13 51
28 40
30 51
1 64
18 76
4 69
18 82
11 26
11 46
15 67
16 36
27 10
10 3
1 55
3 13
3 47
23 14
14 95
2 13
26 9
27 33
22 63
23 34
17 71
14 7
13 76
28 99
14 85
23 49
18 92
20 93
5 21
15 80
4 53
19 20
26 72
9 100
16 56
2 73
8 93
4 37
10 69
14 96
2 76
18 6
17 19
8 84
6 30
29 2
26 18
5 45
16 67
30 30
12 52
23 65
7 92
10 21
22 91
5 31
22 61
4 81
4 39
1 7
17 75
20 1
5 38
15 74
15 8
5 25
24 47
25 78
21 82
2 96
22 86
13 89
7 72
4 14
2 92
30 74
6 87
24 35
17 9
26 14
1 15
19 59
28 45
22 71
14 57
21 53
26 99
27 71
0 29
7 79
20 51
1 61
15 94
0 43
25 86
23 41
23 89
9 27
2 53
19 62
8 53
20 51
25 76
5 86
23 96
1 29
6 91
8 43
24 7
4 23
2 61
20 63
22 48
21 81
5 31
10 36
17 29
14 1
7 46
18 70
9 84
23 20
30 34
27 34
4 63
22 65
6 59
12 9
4 92
27 19
20 71
16 50
12 80
17 58
3 43
24 8
3 61
5 45
18 15
29 98
14 31
0 41
7 84
20 63
12 71
28 97
9 2
19 87
29 99
11 36
30 15
28 80
13 67
7 46
14 55
5 19
20 91
23 12
6 26
12 47
15 4
25 16
16 69
20 82
17 25
26 88
29 9
30 26
16 9
27 70
19 93
30 7
2 14
30 100
6 93
24 8
12 4
16 64
24 3
10 43
0 90
9 24
13 94
12 42
20 38
1 97
4 82
25 17
29 5
0 14
30 87
12 79
6 20
20 1
10 64
28 4
8 89
13 4
4 55
9 8
12 88
22 37
7 78
16 57
21 29
17 41
11 8
29 11
15 80
10 63
22 42
14 73
27 32
8 98
8 81
11 67
25 82
30 30
16 50
21 45
30 58
26 90
4 29
21 63
23 64
2 69
6 70
1 80
29 67
25 44
5 40
30 73
26 32
10 20
7 48
14 99
1 85
6 26
21 28
18 99
10 86
7 92
0 30
15 84
9 49
10 96
16 54
7 64
4 52
22 92
8 36
5 89
17 91
0 74
18 1
1 41
23 15
3 23
1 17
25 47
1 37
24 6
10 49
22 72
1 72
18 78
18 60
15 37
6 73
1 44
11 26
14 8
20 77
0 47
8 35
9 65
0 61
25 81
9 48
24 18
26 15
25 66
14 36
1 96
10 64
9 70
27 25
18 91
12 85
22 50
17 55
27 11
10 53
11 16
14 79
18 23
13 54
22 62
5 94
26 17
17 47
18 12
28 77
5 14
21 7
7 35
13 32
20 95
10 44
0 46
18 88
9 45
1 69
23 92
11 3
25 3
21 12
13 63
27 5
26 45
24 85
10 64
14 54
14 51
11 15
6 56
13 60
16 1
21 86
13 31
17 20
17 60
10 53
6 99
8 90
30 2
17 72
12 38
0 90
7 52
3 4
29 10
24 33
0 72
5 21
9 41
9 26
8 84
11 1
21 64
4 76
13 74
28 92
21 15
21 93
4 23
18 6
23 22
6 63
2 37
16 9
21 76
27 31
17 18
24 97
7 37
26 50
30 32
10 56
30 50
4 96
6 84
13 86
20 21
26 18
18 39
16 58
28 8
0 51
26 31
7 8
1 13
1 3
25 44
3 95
25 57
7 91
21 49
30 32
17 65
28 9
7 38
27 6
25 87
25 48
8 16
22 72
4 21
10 75
23 2
24 42
12 56
22 19
16 64
30 62
26 93
4 69
8 99
12 24
15 35
19 52
15 58
13 18
4 85
15 34
6 16
16 35
29 46
2 14
24 40
8 11
6 5
28 83
1 96
17 51
17 74
17 37
27 60
3 26
27 69
28 74
29 72
13 7
18 33
24 75
1 22
26 12
27 16
24 24
10 18
28 90
20 63
14 52
29 66
25 51
24 87
25 88
20 44
11 16
9 96
22 49
2 14
8 49
21 23
17 67
22 5
22 11
25 13
27 94
17 78
27 67
8 75
30 14
23 56
6 50
21 27
2 1
2 96
16 18
16 78
4 29
25 97
8 80
1 96
19 34
24 5
6 43
25 47
16 74
7 45
16 9
2 99
23 86
27 65
14 66
2 49
6 40
4 4
4 20
29 39
30 61
11 3
28 5
10 19
11 78
4 91
17 96
5 33
26 9
26 87
15 32
2 17
22 1
19 58
16 69
13 11
15 12
20 86
17 29
29 35
10 54
15 93
5 50
22 100
5 20
7 80
21 41
10 80
2 20
10 10
30 63
10 76
22 23
26 19
17 55
9 57
12 33
3 12
29 36
25 18
8 84
4 29
16 31
28 64
6 69
29 60
3 88
5 17
0 52
24 85
0 5
16 46
13 47
4 7
7 49
3 38
14 73
12 58
14 12
16 6
2 11
1 22
2 42
15 46
23 84
17 86
15 59
11 93
4 52
18 90
21 7
19 80
10 88
5 78
2 65
5 44
19 40
17 100
17 23
1 19
30 19
23 84
2 66
0 61
17 43
28 65
28 22
26 24
4 37
4 6
26 66
6 39
24 20
29 36
30 2
19 73
25 41
11 82
1 48
29 49
17 2
20 90
21 68
25 92
30 44
16 100
14 81
1 82
12 55
12 34
3 33
4 31
2 4
10 19
28 39
1 83
21 32
12 59
15 56
28 92
7 90
10 2
22 53
14 4
18 88
23 17
3 55
20 40
16 87
1 24
14 32
13 73
15 64
23 43
19 49
22 83
4 75
27 91
17 23
3 3
20 43
5 58
21 41
6 16
5 77
8 89
28 83
25 32
15 49
16 31
3 31
24 88
3 23
3 41
1 51
21 51
10 37
2 28
3 21
14 95
16 14
2 20
2 100
19 24
2 53
14 20
7 58
10 63
1 34
13 84
12 42
30 95
15 20
2 27
21 59
9 77
4 99
26 37
5 7
9 14
13 21
4 91
8 24
20 47
25 88
17 43
28 36
1 94
16 23
2 59
11 2
7 23
2 45
17 24
0 35
4 18
12 45
19 68
4 89
27 36
5 6
1 44
15 50
16 23
10 24
28 53
2 51
6 13
17 46
21 22
29 6
6 94
19 45
10 35
26 98
15 42
6 15
19 20
30 13
29 68
24 75
7 81
27 70
7 42
4 36
17 89
24 31
28 13
9 5
17 57
29 64
30 64
23 61
16 13
10 77
1 43
26 89
14 34
15 77
18 82
25 69
0 98
14 25
30 40
8 45
1 83
14 17
9 9
0 65
18 33
2 75
2 53
22 42
16 80
18 74
23 33
9 71
18 24
0 83
0 90
5 84
0 41
25 72
13 4
15 57
29 55
22 37
16 41
11 63
16 97
9 64
25 75
25 80
20 37
17 27
21 3
11 76
25 92
14 10
26 6
15 52
21 82
22 24
4 93
18 78
9 12
4 64
5 47
22 16
0 31
14 15
16 36
16 56
26 2
18 51
8 62
23 59
5 96
28 31
14 49
5 4
7 24
17 70
16 28
11 20
23 88
11 62
21 58
9 94
16 99
13 85
26 48
21 72
3 75
15 90
21 5
28 100
14 47
2 96
10 60
15 10
8 33
4 5
25 82
20 62
7 33
15 21
6 55
6 77
19 21
27 89
12 99
0 36
26 19
2 87
3 21
29 74
2 5
3 2
19 19
13 96
26 14
26 47
17 46
20 15
0 93
11 100
29 63
22 68
16 23
17 78
23 42
25 80
1 35
23 58
26 38
6 51
1 58
22 10
1 35
18 39
17 28
0 62
18 42
3 51
1 27
2 8
14 82
8 98
14 17
20 93
27 71
22 71
26 7
24 53
5 72
28 40
26 83
8 83
24 77
9 21
5 44
20 62
13 70
2 72
16 14
1 30
20 67
9 85
28 11
8 17
21 23
2 36
22 59
9 51
19 74
9 47
27 58
29 95
24 61
20 77
16 27
6 44
18 47
22 24
5 5
8 97
6 94
28 100
24 72
30 28
23 59
7 99
13 42
22 53
26 48
30 81
14 52
17 40
16 2
3 6
30 35
22 54
2 13
20 91
10 30
0 63
10 58
20 82
3 65
22 16
5 26
0 62
29 27
21 71
29 34
17 56
29 29
6 78
10 35
5 97
11 59
19 5
30 72
19 100
26 4
15 93
12 24
3 74
29 14
25 79
21 16
20 42
22 93
0 75
1 11
14 54
25 3
26 19
6 23
21 21
25 15
27 6
17 69
27 54
4 87
22 32
6 83
14 64
15 87
29 71
15 49
26 79
17 29
13 47
8 10
27 77
22 86
15 9
23 22
22 57
9 41
23 22
0 88
18 72
5 19
0 15
24 17
2 6
3 98
6 11
1 54
28 44
19 69
28 94
2 54
27 80
3 41
9 53
11 59
0 1
27 53
22 37
8 64
7 64
25 97
25 11
1 29
0 39
19 90
2 67
21 99
26 81
26 85
7 62
7 51
13 14
12 31
6 31
1 27
18 61
8 21
28 26
27 53
13 19
13 58
18 91
16 64
12 96
30 41
4 1
13 23
17 51
29 88
1 47
16 42
13 75
14 2
23 94
23 91
22 93
10 9
16 95
24 71
21 40
14 85
29 68
30 47
21 75
19 29
7 48
5 37
9 20
30 77
19 47
7 74
18 38
8 48
26 71
8 82
12 100
11 48
18 61
23 84
25 60
24 7
3 35
15 63
11 93
12 13
29 78
1 70
0 68
10 11
1 56
26 61
12 25
20 100
9 61
28 55
25 37
7 44
21 69
30 19
23 28
0 2
20 30
2 93
27 86
25 87
20 66
26 81
23 89
10 75
25 88
22 92
27 44
15 50
25 82
6 62
9 25
29 86
19 6
11 4
29 76
30 41
14 35
19 42
18 25
21 51
11 59
17 63
9 57
3 94
12 38
25 91
29 84
7 7
4 3
5 4
8 29
28 31
25 41
23 30
25 72
5 53
25 53
11 59
21 51
27 34
2 60
16 82
22 49
29 75
23 70
14 9
1 3
27 92
8 40
12 91
6 34
12 45
25 65
3 31
1 27
23 4
1 39
29 1
12 44
10 60
13 56
12 79
12 86
22 60
25 90
10 45
13 94
11 73
20 88
16 90
25 55
3 90
14 72
7 52
21 32
7 96
22 32
14 28
11 41
2 19
24 47
6 52
1 40
5 75
7 68
12 9
20 41
22 98
6 34
6 62
27 93
30 92
22 30
12 40
15 100
8 23
9 44
6 13
16 58
5 21
3 16
16 87
3 30
16 34
15 93
30 19
7 83
11 37
4 21
20 79
20 19
4 37
1 35
18 37
0 97
2 13
19 66
26 22
20 95
9 6
25 45
13 28
3 46
1 27
20 100
27 24
11 33
30 83
17 84
14 40
24 98
6 68
25 98
13 35
4 74
21 47
19 87
25 17
3 24
16 43
6 15
28 58
8 54
18 2
28 22
27 15
25 48
22 54
16 72
13 38
15 8
18 44
13 13
21 24
16 13
18 62
5 93
6 68
24 16
23 97
9 84
0 40
29 88
22 76
7 4
14 86
2 23
9 71
21 86
5 36
0 39
18 20
19 71
24 18
9 9
19 46
20 76
13 75
23 73
9 63
0 88
17 84
26 81
25 39
2 65
27 45
3 65
8 16
21 33
18 70
18 28
25 8
24 96
7 29
14 6
2 32
2 49
1 86
9 48
5 56
29 15
6 67
1 57
18 49
14 72
18 29
8 21
0 44
1 55
18 48
5 84
10 76
8 95
14 32
26 17
17 42
23 78
13 39
26 99
3 65
24 43
7 38
14 85
11 52
26 93
29 41
16 84
15 89
30 15
29 91
15 29
13 21
22 73
17 65
9 39
21 64
3 37
20 47
10 45
20 46
29 94
24 38
3 98
24 29
9 3
28 66
6 56
17 73
11 1
13 94
16 8
7 55
14 94
26 30
18 100
23 49
10 96
3 74
4 80
8 59
24 82
10 77
8 60
5 7
19 46
24 79
3 23
5 34
25 81
27 84
7 6
10 96
29 8
4 80
30 73
13 3
25 99
30 9
17 8
27 70
0 95
29 78
9 88
2 60
18 95
4 43
21 7
6 99
19 40
23 94
30 79
20 36
24 6
21 53
17 37
29 81
22 55
14 45
13 1
0 52
1 3
7 34
3 5
17 71
2 19
15 85
4 96
0 84
2 84
25 30
15 67
11 27
24 70
10 63
3 63
0 26
7 90
20 82
16 53
4 37
7 4
18 55
30 93
26 55
19 35
6 41
29 50
19 95
13 50
1 3
7 20
6 51
2 10
23 19
27 15
11 21
10 50
28 42
8 47
26 42
6 66
14 81
27 60
1 59
6 58
7 45
14 77
16 18
10 47
15 64
10 62
10 14
22 29
7 48
22 32
1 5
21 10
29 26
14 51
14 53
30 15
8 39
18 87
17 63
18 50
1 71
18 62
4 10
7 21
14 7
4 61
4 89
24 71
28 100
0 92
16 51
6 13
21 38
17 42
13 95
7 51
10 49
5 99
2 54
25 30
22 93
19 93
9 29
13 4
7 48
15 54
12 80
14 82
8 56
12 41
30 85
30 44
24 66
13 53
3 3
29 11
13 57
4 69
5 61
11 18
13 90
15 83
6 96
10 73
3 6
5 85
23 79
18 8
18 39
19 87
19 18
20 77
25 83
11 72
7 59
28 61
5 32
7 42
4 30
2 13
12 77
19 5
9 68
30 38
27 26
23 90
12 84
19 19
13 95
1 10
22 97
27 45
20 87
26 67
11 87
14 76
10 42
26 60
9 61
16 77
23 67
11 56
