100
16 12
30 43
21 81
1 15
27 48
20 28
23 26
0 99
28 28
24 92
5 67
3 78
9 39
8 92
17 61
7 18
7 5
15 84
14 89
29 56
6 17
21 47
15 74
14 42
25 52
12 71
11 95
4 56
18 65
27 35
2 88
8 12
13 4
10 64
0 15
8 3
1 22
26 44
28 54
13 70
21 43
22 83
29 98
25 82
27 53
23 20
15 80
27 65
28 63
22 90
24 11
4 8
2 61
23 21
10 17
0 68
7 58
22 97
7 23
18 2
14 37
25 23
4 39
29 52
30 38
15 78
16 69
29 7
28 9
1 44
4 70
1 35
18 36
21 70
26 27
17 16
26 46
16 45
12 24
7 36
22 18
9 87
6 81
17 65
27 79
10 11
10 14
3 84
24 47
22 35
23 66
18 74
1 4
18 58
9 81
23 96
20 15
21 100
20 70
20 28
25 52
28 60
12 89
0 39
19 83
17 21
2 91
7 70
13 71
2 34
27 67
28 57
8 70
11 77
30 6
16 5
9 86
16 53
17 25
0 22
5 28
18 96
16 75
5 37
1 12
22 44
8 37
5 23
12 39
30 84
3 91
10 85
28 76
16 58
17 38
9 3
8 76
0 77
8 50
28 25
5 29
28 53
5 51
29 72
11 61
21 47
3 85
16 41
28 77
12 61
26 39
0 53
18 43
4 87
26 44
8 14
14 61
2 21
3 66
27 45
16 23
16 40
19 37
11 50
21 41
19 92
14 52
15 77
1 2
10 87
9 54
16 99
12 57
3 30
22 54
17 55
12 77
15 3
28 82
18 47
17 78
20 6
25 33
16 7
2 55
25 98
20 45
25 46
20 93
0 67
12 97
20 19
0 76
24 97
1 63
7 31
19 98
10 1
18 87
21 99
28 10
10 20
2 52
28 12
0 85
9 46
11 35
9 11
1 82
5 45
26 49
12 73
19 52
3 8
28 71
28 2
8 82
24 23
8 37
9 100
22 12
29 5
19 34
10 81
4 37
16 76
26 20
9 36
7 18
8 84
25 47
23 34
28 57
11 30
22 66
15 13
0 79
17 13
3 9
14 94
19 70
1 99
19 35
24 21
23 74
20 20
29 55
20 53
3 37
25 16
30 45
6 100
27 10
12 91
5 5
16 41
17 27
24 8
25 74
16 17
5 5
0 44
16 4
20 67
15 41
16 65
9 75
3 59
10 33
8 28
9 52
21 36
19 56
23 46
12 72
5 81
1 98
6 85
29 75
2 71
18 5
28 35
21 14
29 55
7 21
18 34
1 53
29 13
18 91
17 85
28 21
7 44
7 27
1 24
30 85
30 18
16 1
8 91
1 45
24 56
23 10
13 10
0 73
5 39
6 13
4 20
30 41
24 77
1 55
9 38
12 55
4 14
21 33
29 35
0 82
2 22
21 66
24 34
9 93
0 86
5 28
8 29
0 53
20 64
12 76
30 63
26 46
25 74
27 74
9 100
29 76
27 27
3 38
13 79
6 39
15 98
12 97
30 2
25 34
26 24
25 66
25 94
3 59
8 65
5 42
5 96
22 20
13 74
16 56
1 46
20 89
9 74
4 28
2 69
12 65
4 72
17 22
29 10
18 100
10 41
17 1
6 18
8 74
21 79
6 19
6 22
10 68
22 94
12 35
9 57
6 32
24 12
22 28
22 34
8 84
15 12
4 7
12 50
5 34
19 25
13 86
14 69
4 55
24 9
30 4
21 54
12 40
20 52
20 44
5 73
1 41
8 57
14 93
16 39
21 26
6 62
29 14
7 50
29 82
4 18
19 27
30 68
9 63
11 58
16 8
2 42
20 3
24 78
1 5
15 45
27 86
25 91
29 89
21 98
2 86
21 29
10 35
22 55
23 71
0 25
7 3
8 90
17 15
17 44
9 31
20 92
5 95
11 88
0 86
20 28
7 99
7 95
4 40
10 72
23 49
17 75
21 77
14 96
17 6
20 92
2 43
20 30
26 59
6 28
16 17
21 4
26 22
30 65
26 60
20 43
6 78
3 63
18 81
20 39
23 82
10 73
6 55
6 19
11 84
0 17
1 86
6 79
17 23
6 65
0 35
26 8
3 22
3 2
5 41
2 43
10 47
17 64
8 1
9 53
14 50
12 61
20 54
4 89
20 6
0 64
2 10
18 44
24 70
27 66
16 66
4 7
18 53
3 57
25 80
3 39
14 33
30 60
16 26
2 98
27 43
4 17
11 78
4 3
9 84
26 94
26 10
15 18
20 62
30 29
4 2
24 68
0 30
13 16
18 57
9 44
8 95
6 78
5 25
2 55
28 31
27 57
9 86
0 66
10 25
7 88
5 76
17 8
2 61
13 82
2 40
2 84
10 37
21 55
2 77
9 99
0 71
19 100
26 84
0 26
27 80
5 27
28 25
20 27
10 17
14 2
1 23
21 83
5 70
23 25
9 88
29 16
13 59
0 81
9 28
19 52
13 82
23 100
26 50
22 66
17 40
5 45
13 99
18 35
6 88
22 46
11 7
10 53
10 39
4 22
19 95
29 1
24 6
7 38
20 16
29 64
15 37
1 70
9 29
22 93
3 10
27 47
6 20
2 100
30 83
13 11
2 73
26 44
4 69
3 94
1 26
23 96
5 7
11 55
19 77
14 57
20 84
12 74
3 82
23 64
8 97
23 6
3 12
19 67
14 8
1 100
15 45
18 69
30 82
16 92
23 56
17 99
19 1
2 35
12 12
4 66
21 93
18 20
15 39
17 69
12 74
16 69
2 68
11 43
12 29
6 65
19 75
7 70
14 56
29 37
22 45
11 94
19 90
13 4
7 44
15 17
25 24
18 31
20 25
11 56
4 37
22 47
28 53
24 35
25 50
19 12
11 80
4 54
17 35
11 32
22 70
3 2
28 88
10 99
25 100
19 75
7 18
20 14
27 92
14 83
0 87
24 63
27 73
18 1
0 37
23 4
15 59
3 87
17 86
19 17
26 73
15 91
17 28
7 41
24 16
3 83
15 67
30 32
3 5
8 4
0 96
2 69
28 62
22 48
0 84
20 46
27 36
10 18
7 94
11 25
29 93
11 6
20 56
30 65
16 34
9 72
24 15
11 78
10 50
18 80
24 25
4 62
14 15
25 93
0 45
8 42
23 38
10 13
4 35
1 57
21 50
23 35
5 48
24 56
10 79
14 67
3 1
24 86
4 47
17 22
2 84
14 78
29 50
15 9
23 35
26 81
20 47
25 22
3 76
7 81
26 84
23 96
12 88
17 97
8 29
3 16
30 85
4 46
12 20
1 46
15 98
28 27
10 33
25 63
24 88
13 91
28 67
5 1
30 51
17 88
4 83
1 51
19 68
10 68
17 29
3 41
27 91
9 15
6 68
19 93
25 16
6 58
1 57
21 23
13 67
6 38
25 40
9 8
10 33
2 34
4 87
30 71
7 81
19 16
10 6
14 71
23 51
9 40
9 32
12 68
3 36
18 53
27 63
17 71
16 83
20 49
14 1
15 37
3 83
29 53
22 73
19 43
24 62
26 69
28 4
7 1
22 86
22 78
19 62
23 42
28 24
13 67
4 16
26 46
0 41
14 99
3 27
7 26
19 82
3 52
1 37
20 19
21 66
15 32
13 67
17 75
22 5
10 99
7 31
21 82
23 45
29 39
22 26
9 10
19 22
11 75
18 68
28 35
28 27
22 99
4 74
9 75
29 43
20 100
16 13
18 48
18 76
24 31
4 19
18 64
15 52
1 58
1 27
28 13
26 63
28 90
9 45
27 58
19 5
30 5
8 20
16 6
15 48
11 96
10 83
11 97
7 68
29 73
12 34
30 55
11 35
8 88
5 5
18 61
5 17
24 7
30 57
10 69
19 92
17 67
16 90
5 68
17 1
6 9
11 37
8 15
22 17
25 80
24 96
23 17
10 74
26 85
28 49
16 52
24 21
4 41
0 53
15 98
14 57
21 87
17 16
26 82
10 79
0 95
13 100
23 1
2 46
19 32
28 60
17 9
1 7
21 9
20 72
1 12
14 60
2 75
1 5
12 83
26 39
7 73
21 3
0 14
12 5
25 31
5 97
20 35
19 13
18 39
9 32
21 66
2 83
16 23
14 59
10 44
16 75
0 4
17 19
7 45
23 23
17 7
16 30
15 73
24 35
1 21
2 20
0 58
30 89
20 88
10 29
29 85
29 80
0 39
22 26
10 71
25 73
16 57
22 10
21 53
23 70
28 32
10 67
28 82
5 4
14 61
28 31
17 68
28 45
30 89
4 66
17 1
29 70
10 46
8 32
7 13
27 43
29 23
21 82
19 99
1 71
25 68
9 98
7 66
11 21
19 1
14 100
0 64
15 56
4 15
16 10
30 85
13 92
13 57
2 57
12 75
30 81
8 30
10 40
24 48
25 19
14 81
10 24
23 91
29 80
12 75
8 76
17 13
2 49
17 93
8 22
27 83
18 4
30 58
9 16
11 52
19 77
22 100
12 89
22 99
4 85
9 20
28 87
6 77
30 81
4 45
26 11
28 63
7 69
5 9
2 90
21 61
20 64
12 42
21 22
13 47
5 72
5 65
6 54
23 12
9 48
11 16
15 53
23 22
1 25
7 26
30 9
10 45
1 93
18 48
23 28
0 21
8 33
27 94
14 38
23 66
16 79
16 19
6 39
30 18
28 26
21 46
24 67
29 28
17 27
15 77
17 33
5 92
12 17
19 79
22 48
8 60
17 8
24 100
11 67
26 89
6 73
11 1
21 1
4 65
4 94
30 92
29 28
6 100
26 66
8 1
6 33
5 27
1 17
12 6
15 72
22 15
23 91
30 93
28 75
17 13
3 45
17 83
1 71
16 42
3 51
12 42
20 39
16 88
14 94
4 30
16 19
11 31
12 100
27 74
2 36
14 41
25 54
17 36
0 21
24 41
4 10
15 96
3 38
30 23
4 21
29 61
19 18
18 73
23 87
15 34
24 45
7 48
28 48
23 63
2 1
2 64
5 46
27 56
4 80
30 79
1 5
15 66
12 58
17 83
19 89
24 13
2 8
15 81
2 43
3 59
27 13
9 37
1 25
14 27
23 17
17 63
8 75
29 33
11 96
7 29
9 53
27 75
18 7
20 62
14 31
28 82
21 81
7 64
19 52
3 53
12 24
14 18
11 34
1 72
22 50
12 88
20 15
6 55
6 65
19 50
30 9
7 75
18 2
30 11
10 69
3 91
22 97
19 90
22 12
24 85
21 10
13 78
21 3
22 72
18 94
7 27
20 95
17 44
30 65
19 58
3 76
30 25
24 12
17 86
21 8
17 31
19 8
5 53
12 65
26 61
26 45
29 43
21 59
25 6
19 85
29 76
3 28
24 90
11 6
10 22
18 62
12 81
18 82
0 32
24 16
14 8
3 60
21 17
30 47
24 14
30 36
18 85
19 94
8 73
16 26
2 16
19 62
24 1
14 76
3 72
3 70
12 33
23 2
0 54
12 73
27 19
8 60
15 15
20 62
12 15
18 10
13 48
19 48
12 4
4 76
16 99
17 68
29 81
24 29
16 23
7 62
3 5
26 91
29 41
25 20
2 89
27 92
20 99
11 6
5 91
15 58
26 68
29 31
19 87
8 55
0 58
15 3
10 17
26 67
25 65
10 69
20 12
25 9
30 11
5 90
3 88
22 99
18 75
24 40
13 80
6 85
21 55
22 92
27 36
10 65
27 62
30 39
25 89
17 11
29 26
13 25
16 31
22 43
1 68
1 92
23 50
28 97
17 79
7 77
27 45
24 97
4 28
0 13
5 28
27 99
5 48
26 42
0 14
26 56
5 39
28 25
18 41
11 91
12 86
18 22
16 33
18 41
18 8
27 57
2 28
10 43
29 44
28 7
2 8
9 57
26 97
0 53
18 80
10 69
1 1
8 69
23 7
25 68
26 6
2 25
25 39
9 23
4 16
20 89
23 24
24 81
6 81
0 48
13 19
11 59
26 5
11 52
12 51
13 39
21 41
1 25
18 37
28 34
12 68
22 99
14 69
27 20
22 74
18 94
14 99
20 26
22 2
2 57
17 80
14 63
5 15
18 100
21 23
6 61
9 53
15 91
24 94
27 83
20 26
27 57
23 80
10 1
11 87
1 39
26 31
17 14
23 87
16 69
27 99
15 66
17 43
10 92
24 95
4 96
6 6
8 49
16 76
23 98
25 57
4 96
27 20
17 45
2 79
18 35
18 48
27 95
12 5
6 87
15 76
22 7
0 10
14 25
19 2
12 72
14 66
21 58
10 54
25 68
10 79
29 72
0 29
30 75
1 5
4 78
14 62
2 89
18 27
11 95
16 33
27 69
6 64
28 7
19 75
11 15
21 63
16 49
27 92
23 75
15 40
2 50
26 64
6 46
30 98
2 61
18 9
5 100
11 41
18 52
25 42
1 25
11 11
13 97
1 68
0 28
15 77
24 26
20 23
27 77
7 54
24 59
18 60
9 2
5 75
25 24
14 69
3 50
26 13
24 90
13 62
5 68
13 65
16 44
7 92
28 30
5 90
28 58
17 12
19 80
21 28
21 63
24 9
10 52
29 38
10 69
4 92
6 66
29 16
25 91
4 13
7 39
14 12
6 26
17 59
14 52
22 81
26 30
30 35
23 16
10 85
8 3
23 90
11 14
15 67
9 20
25 34
24 36
21 9
30 36
18 90
7 33
4 96
23 50
8 41
15 99
30 21
12 84
8 48
9 16
2 39
2 11
15 84
1 34
15 25
5 81
4 100
22 48
1 7
30 61
15 18
10 43
13 56
30 44
2 51
27 55
7 93
25 75
1 29
4 78
6 97
24 55
20 81
28 67
15 89
9 8
29 94
11 43
22 41
24 49
28 2
16 73
7 75
19 80
7 92
10 43
18 40
24 52
4 98
5 94
9 63
13 87
17 63
2 41
8 62
8 51
18 92
11 26
13 48
22 42
23 100
0 40
9 54
28 39
24 96
25 94
23 94
18 69
28 60
5 68
4 75
8 82
6 34
11 81
17 100
18 40
8 35
16 95
28 12
13 99
17 63
7 77
5 16
22 42
23 92
22 79
22 51
10 100
18 67
15 77
6 94
16 93
12 4
13 97
18 87
5 2
19 81
26 38
30 53
7 29
1 30
21 99
27 82
22 18
3 45
30 61
16 22
26 31
28 44
18 35
5 49
26 68
25 39
23 89
7 17
1 64
18 42
27 77
17 44
14 64
11 27
22 77
15 92
0 33
26 55
16 5
8 65
3 16
2 73
8 27
13 60
0 44
14 37
8 6
30 66
22 61
6 96
25 62
5 6
25 24
14 42
11 62
2 95
4 51
10 56
19 74
14 71
25 84
4 25
13 1
18 97
15 57
10 11
17 47
7 44
0 48
7 99
27 35
25 2
14 65
17 2
28 34
17 76
16 1
21 51
16 31
17 64
7 8
17 9
7 31
22 37
29 5
27 19
8 48
24 42
9 45
3 49
19 78
28 57
10 93
5 49
25 30
21 65
25 63
16 96
2 33
28 52
8 38
18 81
17 79
1 72
10 48
7 66
20 96
18 55
1 54
24 65
9 23
0 11
2 32
1 67
8 68
20 99
25 56
24 23
7 3
20 7
10 8
26 52
13 100
28 66
5 35
8 58
29 16
3 3
16 48
24 34
26 63
3 40
27 79
18 23
9 92
4 58
29 79
2 73
28 75
12 27
9 25
0 5
27 99
11 86
21 91
18 54
28 84
4 71
4 67
24 91
23 93
26 52
26 7
11 52
29 77
22 33
16 87
23 86
24 91
11 24
12 21
18 10
14 87
25 98
5 63
0 74
26 43
12 25
15 38
3 50
24 2
13 96
10 84
13 90
3 33
12 96
9 37
18 12
11 99
16 20
14 88
5 41
27 75
10 40
15 52
4 18
8 66
23 46
23 88
18 16
17 41
3 36
20 81
30 49
27 20
13 84
17 72
21 33
14 31
25 7
28 44
22 74
6 2
3 24
13 73
22 47
12 25
22 93
10 22
27 42
9 28
3 22
27 83
19 85
17 40
25 17
26 39
12 72
6 72
0 66
12 47
22 10
2 36
8 33
7 64
18 100
25 59
3 11
17 60
4 46
23 57
16 14
30 2
27 83
21 43
12 53
15 54
1 22
27 6
30 49
23 23
30 76
3 58
17 10
1 6
1 20
14 38
17 97
30 95
4 83
5 57
20 78
27 95
6 1
4 79
7 49
14 18
14 65
26 34
4 83
11 69
3 8
29 53
18 22
23 31
9 76
28 68
10 47
6 11
28 45
17 5
18 27
6 43
25 73
6 76
13 83
27 21
2 41
25 60
18 92
7 17
23 64
27 60
28 6
27 13
6 59
12 82
30 17
7 42
24 98
20 79
29 43
28 97
25 12
20 72
26 63
29 46
4 33
13 36
1 26
0 29
0 49
12 59
4 64
14 29
6 68
25 1
4 35
28 33
27 54
16 100
23 28
14 11
20 66
6 4
29 94
15 15
26 40
7 83
2 89
5 3
19 94
9 60
1 78
27 13
2 8
6 65
28 13
24 33
21 94
11 31
18 77
22 31
29 18
14 59
27 15
8 27
2 98
12 4
11 74
25 96
29 69
10 80
20 70
27 92
20 62
0 2
6 95
30 12
16 74
25 95
30 27
29 55
23 43
24 7
28 10
9 52
23 55
29 84
20 70
22 13
3 69
2 52
0 6
28 94
0 32
17 83
15 44
10 3
5 40
17 49
26 34
12 65
20 8
17 40
29 81
15 97
14 50
30 96
18 83
27 62
7 70
1 54
2 56
10 21
26 2
22 84
10 82
18 57
16 33
7 63
2 73
15 74
1 3
14 48
18 65
25 73
8 74
11 78
2 94
11 29
21 23
13 95
24 8
10 5
22 49
11 78
8 47
12 51
19 27
15 62
29 19
3 59
28 12
22 67
0 19
10 38
12 61
11 45
28 22
7 66
24 3
27 11
26 6
30 52
20 25
27 13
0 23
4 88
29 16
10 4
18 64
5 67
0 87
6 61
0 78
5 8
0 41
6 96
14 60
11 68
23 27
8 23
7 31
1 50
16 84
15 73
13 35
13 15
27 7
24 8
2 82
24 5
6 81
13 41
18 40
17 85
0 65
22 18
0 55
9 27
21 72
27 6
16 2
28 15
13 76
28 79
23 70
6 43
10 80
11 36
29 33
16 7
25 45
13 40
9 59
26 12
18 1
26 51
26 50
11 33
12 21
16 8
19 90
10 84
0 70
19 1
27 50
17 62
1 52
2 8
22 98
2 46
0 77
22 23
15 60
1 21
2 99
18 46
2 7
15 91
30 63
9 80
25 64
19 17
12 8
16 23
12 57
4 28
25 5
4 94
14 90
13 31
5 4
6 96
3 16
15 7
19 86
8 62
4 24
0 28
3 57
3 24
7 65
22 22
27 55
20 11
16 26
29 69
7 42
6 92
5 12
17 40
2 80
13 63
21 84
1 70
3 10
28 52
29 26
21 86
2 41
19 15
1 52
16 15
25 19
4 34
4 17
29 54
22 20
12 86
29 54
26 86
15 88
19 67
15 67
25 62
23 71
26 69
13 39
3 2
14 41
18 58
10 69
27 83
30 40
0 95
23 95
28 42
11 38
25 89
8 55
21 41
8 17
20 26
16 62
17 17
10 46
22 96
27 82
1 46
12 88
21 83
21 84
20 62
25 46
1 32
6 100
7 64
25 87
20 18
2 81
0 16
20 37
20 3
6 92
19 57
5 94
20 77
30 13
8 28
24 6
0 7
1 91
18 82
15 94
11 84
17 96
2 87
15 95
7 56
13 90
29 21
10 80
14 20
13 27
4 92
15 81
15 46
19 87
30 67
10 70
16 19
29 38
4 74
22 95
3 55
8 24
29 73
28 68
28 33
27 82
23 95
6 29
26 20
7 77
4 20
23 89
12 35
1 27
10 95
0 99
24 15
20 60
17 19
21 86
6 64
8 51
13 37
11 67
15 69
18 94
16 24
13 25
19 91
18 97
24 19
30 59
13 61
21 33
1 89
9 43
0 1
6 47
9 68
23 67
3 46
25 69
0 93
21 56
4 6
26 100
29 16
28 35
5 98
12 63
18 78
13 60
21 15
1 63
22 33
7 59
3 10
7 54
3 76
3 52
19 60
11 28
4 81
26 66
5 89
9 17
8 22
21 16
4 91
24 15
0 85
23 41
17 27
9 24
13 1
19 84
2 51
0 17
15 68
30 94
15 48
29 100
23 51
0 65
23 45
12 55
16 24
4 53
16 86
24 92
16 73
21 93
7 10
23 98
29 23
28 86
13 66
11 85
22 62
13 65
9 9
13 48
28 21
0 43
22 88
10 94
3 31
3 13
5 92
28 27
16 11
14 37
14 29
9 6
8 50
22 46
16 76
23 88
28 48
10 54
25 20
24 56
10 28
12 73
15 22
30 94
25 47
8 36
2 10
20 83
5 23
10 91
18 62
19 15
6 58
18 80
26 89
15 48
23 19
0 23
25 45
23 19
26 17
27 4
4 71
6 8
15 3
10 20
21 26
9 38
9 6
16 56
8 97
0 28
25 62
19 58
6 16
20 45
19 56
8 91
1 95
9 51
23 1
20 63
0 91
7 46
10 57
18 87
16 22
29 36
11 50
17 94
16 21
25 78
10 76
28 32
26 70
7 7
28 14
19 67
7 25
7 30
1 89
25 59
1 52
10 37
7 27
14 56
6 88
15 66
24 85
5 76
10 3
17 15
12 2
20 53
20 70
30 20
14 75
6 66
25 51
25 46
0 15
30 84
0 83
2 91
24 74
0 33
16 65
27 12
10 46
8 14
6 60
4 3
21 42
14 43
2 9
14 22
29 17
3 60
6 100
29 6
25 80
21 16
16 88
14 72
2 8
12 66
1 92
16 73
21 34
16 78
6 28
26 76
19 55
27 63
22 86
0 74
9 36
14 91
24 26
28 70
1 48
27 71
21 77
0 42
11 10
24 51
5 36
3 21
20 1
24 43
4 57
24 48
7 81
4 91
29 32
8 45
17 29
28 93
9 11
3 5
3 11
20 46
22 2
29 47
15 6
25 33
3 26
2 24
16 23
17 64
11 72
20 100
27 18
5 22
3 70
25 41
13 5
10 56
2 2
26 25
2 73
1 33
3 74
7 48
13 10
14 15
12 51
8 15
16 55
17 58
28 14
16 75
0 4
30 17
17 98
9 44
23 41
4 24
2 49
24 50
14 6
0 97
20 29
22 26
10 98
5 85
15 53
10 23
24 75
3 82
19 14
0 73
23 55
4 3
21 78
18 40
19 4
23 3
10 17
16 97
4 47
16 87
3 31
12 17
13 38
25 63
30 7
9 41
25 27
10 25
2 2
21 53
15 76
2 100
25 38
29 94
25 22
13 27
25 25
29 37
5 50
15 38
8 94
12 61
16 54
6 88
25 4
7 58
2 38
1 58
5 81
21 74
21 18
20 99
27 7
8 46
17 38
7 59
6 49
14 31
1 73
22 29
18 19
24 73
19 68
3 64
16 80
3 70
24 87
2 61
29 38
2 34
20 7
10 99
0 88
3 62
11 74
19 59
20 1
20 97
0 78
21 21
4 48
22 14
27 74
21 6
11 65
26 65
5 66
26 24
29 81
29 58
9 76
2 39
28 87
28 58
30 79
26 12
14 30
11 15
22 1
4 35
14 55
21 32
5 60
12 90
19 90
19 6
20 71
9 92
24 10
7 84
7 93
13 31
17 91
7 83
7 36
28 62
11 47
5 14
28 78
18 81
1 5
4 3
18 45
16 70
2 98
18 21
4 70
14 74
22 83
10 52
25 81
5 30
29 31
1 80
21 24
12 22
0 18
11 73
0 86
1 68
25 66
11 51
29 68
23 39
26 93
19 57
1 23
30 39
14 70
8 6
27 100
28 18
11 2
2 26
5 65
17 83
1 28
25 41
28 2
30 86
19 16
11 51
17 42
17 23
18 37
6 8
9 99
3 36
15 29
28 56
13 92
20 32
18 75
26 88
22 25
27 37
7 72
3 34
2 71
16 17
19 43
1 94
16 70
21 20
24 61
30 25
5 64
3 87
21 53
3 75
6 8
20 68
30 2
28 7
6 10
8 20
11 33
29 99
27 26
29 74
0 49
20 21
21 88
12 19
12 23
0 88
23 6
26 42
10 2
26 82
19 99
11 6
22 51
22 53
15 34
9 89
7 59
29 51
22 63
13 61
20 7
21 90
29 14
1 64
3 16
24 87
15 39
27 30
10 66
1 48
18 12
12 89
13 27
2 43
6 77
29 23
19 11
8 16
8 14
19 10
16 76
18 7
18 5
11 78
30 38
24 36
21 82
7 77
3 41
6 99
19 29
12 83
13 10
24 59
13 75
29 65
7 99
0 64
30 100
24 65
25 36
12 64
20 28
8 50
20 20
17 84
20 29
0 44
18 65
11 23
28 95
3 37
20 58
7 66
8 67
9 57
5 87
30 43
30 43
27 41
3 60
18 97
16 10
8 98
12 8
9 21
6 8
21 42
9 39
18 86
7 12
7 35
8 2
23 64
8 22
30 79
11 88
7 88
3 8
28 4
2 26
1 36
28 16
12 88
17 28
30 68
18 72
17 78
1 31
27 21
27 10
0 94
12 54
4 58
30 38
13 47
7 46
27 7
6 93
15 25
22 19
12 63
23 34
23 27
25 80
2 96
17 98
19 31
0 34
8 42
11 55
19 70
1 98
29 21
1 33
15 42
15 58
12 2
27 42
7 4
16 1
14 21
2 2
21 66
2 19
10 32
29 29
19 64
0 99
20 79
6 76
19 75
15 8
17 11
15 81
18 57
13 57
16 17
6 74
8 20
26 36
0 27
7 77
19 6
14 37
15 25
10 35
16 23
27 96
23 79
2 24
19 47
26 38
13 76
15 37
16 38
10 16
26 79
9 45
11 98
4 68
8 73
15 3
26 53
0 33
0 93
5 81
24 89
20 43
24 98
8 12
26 3
2 27
19 79
27 77
28 43
26 42
29 79
11 85
19 51
12 75
18 68
8 38
27 78
15 1
3 10
30 46
12 76
24 21
25 12
1 65
17 7
9 69
30 97
4 8
13 11
13 76
26 46
30 84
16 92
0 81
2 12
0 42
14 47
12 91
19 55
0 77
25 99
1 19
23 33
28 64
15 60
4 82
26 1
12 11
5 6
13 90
10 59
14 91
26 45
14 69
20 46
14 27
20 73
24 78
27 95
22 48
1 84
4 32
16 38
18 53
4 84
7 45
1 72
2 41
9 100
26 12
13 38
10 83
12 25
24 28
1 41
24 72
29 43
29 19
28 55
10 58
17 45
30 46
18 21
10 48
28 28
2 13
0 71
4 96
25 97
22 76
2 60
4 69
22 96
7 3
11 55
20 37
14 89
18 80
10 72
14 71
28 19
2 49
17 7
13 29
16 76
1 96
14 82
7 61
3 64
29 57
3 10
10 68
27 94
10 67
18 10
29 78
2 55
19 83
5 84
3 28
23 91
30 14
23 73
14 31
30 3
23 7
27 92
1 92
15 93
11 97
27 43
7 75
19 39
9 33
9 43
8 89
19 95
6 72
27 98
1 15
6 30
13 85
23 81
18 60
14 32
19 88
27 31
27 48
19 55
30 17
19 14
30 25
9 89
2 96
22 65
3 43
10 89
0 19
17 25
21 99
29 8
15 47
12 35
24 95
19 26
13 86
17 5
17 29
13 29
16 79
25 88
10 2
19 12
28 5
3 49
15 51
18 70
0 12
2 77
18 18
6 30
23 5
5 76
7 54
23 77
5 58
27 41
2 71
26 83
28 76
26 25
20 45
26 19
9 11
24 70
23 62
5 38
10 92
16 20
12 88
21 22
18 25
30 4
15 72
19 73
17 7
30 40
6 64
29 66
23 54
3 87
25 89
16 58
2 90
6 26
18 3
17 44
26 12
11 60
23 100
23 78
5 63
0 17
17 12
6 25
27 44
18 6
0 42
5 71
23 12
22 22
11 99
14 88
4 26
5 19
13 16
1 73
4 34
28 59
19 100
26 3
6 62
9 5
16 98
29 41
13 99
28 87
1 15
14 50
12 12
19 63
2 18
17 24
24 28
19 49
3 4
20 5
16 44
3 31
4 10
10 64
18 17
25 95
12 72
18 52
28 53
9 93
4 7
23 16
2 89
7 89
15 35
8 60
2 87
28 99
19 26
14 56
12 1
8 90
21 84
15 57
17 39
6 76
1 66
26 67
18 89
2 67
23 2
10 28
25 19
9 16
25 66
4 99
27 55
4 53
13 57
29 96
30 77
16 79
12 3
25 77
19 34
21 81
19 41
28 95
24 64
9 23
28 62
30 90
16 44
13 93
27 16
13 52
8 20
29 39
11 44
13 54
14 78
8 89
19 11
30 68
3 32
20 83
2 86
12 59
7 59
17 34
27 85
17 57
10 4
21 16
16 83
11 64
19 90
27 92
7 60
29 46
7 70
11 83
26 42
13 43
25 6
18 14
7 48
17 36
21 54
0 38
14 61
24 63
16 48
0 83
8 98
25 27
30 32
4 28
1 99
6 72
25 38
8 82
20 9
18 78
29 96
30 55
18 86
9 37
5 15
9 75
4 33
29 38
20 47
23 81
13 85
30 25
28 19
13 34
25 77
3 51
2 4
4 34
30 39
3 82
28 21
9 88
21 41
7 68
29 52
5 77
23 89
9 23
24 52
20 59
19 55
13 59
24 7
10 40
3 2
5 59
5 58
5 97
15 75
10 55
11 62
10 22
4 55
8 34
0 15
15 9
30 45
7 47
24 21
5 57
30 98
25 82
12 82
15 59
3 18
25 12
25 36
10 93
2 1
17 23
23 97
28 37
0 54
30 56
15 11
24 35
17 99
26 61
3 35
25 23
16 94
3 33
4 76
4 13
28 18
3 88
7 27
3 22
23 46
5 83
30 25
19 18
28 31
27 69
22 2
14 68
13 80
20 64
6 28
24 36
28 45
12 15
19 43
3 93
18 76
24 29
23 47
25 16
6 41
27 52
3 58
20 1
22 1
6 42
0 71
16 73
6 8
4 38
17 97
24 95
9 46
20 84
4 8
10 8
5 9
27 97
18 57
4 18
14 12
27 49
8 53
19 96
3 92
26 100
26 7
13 68
8 87
29 21
4 95
13 51
30 90
13 44
30 27
18 32
15 93
22 34
15 79
15 87
23 43
26 53
19 38
10 70
17 95
9 16
4 90
24 61
26 64
26 71
0 13
8 37
4 44
26 6
24 69
10 66
6 62
14 54
13 11
28 78
2 97
17 96
0 32
13 89
17 49
12 45
20 52
25 92
11 42
17 16
23 80
12 65
18 47
0 8
16 80
13 14
28 65
13 24
23 95
9 13
27 72
19 16
0 65
22 94
23 79
22 47
6 22
12 85
9 48
21 79
4 41
11 24
28 2
4 93
24 58
9 83
4 25
29 20
27 97
4 26
1 100
10 63
2 99
14 4
30 18
21 89
20 70
29 70
13 20
0 99
25 27
8 19
23 17
24 34
14 7
9 83
8 16
11 42
15 96
18 80
20 91
6 16
8 31
12 35
4 63
20 15
18 13
7 90
8 16
23 88
27 18
25 19
2 55
15 27
16 75
10 90
7 30
10 9
30 63
28 13
28 65
1 68
7 12
11 99
25 93
15 72
27 23
30 100
16 17
4 98
1 7
13 74
16 80
0 92
16 61
30 44
8 75
9 42
30 93
19 62
14 34
23 45
10 29
4 35
13 30
5 33
24 6
25 86
16 89
0 15
16 86
25 48
4 73
13 91
7 30
18 44
25 13
7 29
11 15
25 71
18 77
0 99
18 28
30 92
27 72
19 65
23 46
7 34
9 58
24 62
28 34
17 51
26 44
5 40
28 24
4 35
5 16
19 70
1 38
26 81
24 48
8 41
9 90
4 71
4 52
14 14
21 18
9 21
5 86
4 77
10 5
6 22
11 53
6 78
14 17
30 80
28 83
30 8
16 73
22 89
15 89
21 96
23 85
30 55
12 21
11 93
14 3
26 14
12 29
0 23
28 24
17 6
12 11
8 36
13 86
9 98
19 93
20 27
30 56
3 52
25 20
7 29
2 82
14 76
30 43
30 6
12 38
28 45
3 38
17 82
14 59
15 80
5 92
26 38
11 3
15 4
9 23
27 88
26 59
20 97
1 20
1 36
7 43
12 68
23 73
19 94
26 29
23 99
4 22
30 94
27 100
11 22
27 46
26 64
3 92
9 59
17 4
18 64
1 89
16 5
2 59
10 69
12 18
21 25
30 9
17 69
8 29
22 20
24 79
11 6
30 47
23 91
15 49
17 95
18 89
6 3
29 56
24 67
18 13
7 52
15 45
5 59
14 7
27 48
4 71
13 64
5 23
2 37
22 55
24 44
10 12
29 72
0 37
2 14
25 60
19 28
26 76
5 34
20 74
5 35
19 73
0 65
30 59
21 11
19 85
27 94
0 85
29 7
24 98
23 8
21 55
25 57
10 51
3 9
10 38
25 56
2 97
29 31
2 73
12 68
18 90
24 59
2 55
11 97
0 80
1 97
4 91
22 19
28 67
21 1
1 76
23 24
10 8
19 34
23 92
26 97
6 59
27 77
28 44
8 51
10 31
10 22
16 90
7 90
23 1
24 37
27 19
19 9
2 59
10 36
23 4
29 17
28 69
6 100
0 41
2 62
24 91
28 96
12 36
16 51
6 26
30 98
27 94
28 68
17 6
23 99
10 63
12 36
20 44
23 27
24 23
21 68
13 17
25 11
10 2
2 58
21 19
19 7
6 94
21 21
0 51
0 90
30 27
1 78
7 47
28 15
26 47
22 72
17 64
3 43
12 76
21 38
22 26
30 32
2 68
6 99
9 26
2 53
26 91
28 20
4 54
15 7
30 68
27 66
12 10
12 25
28 46
7 18
22 83
11 58
4 66
12 43
24 44
8 9
13 57
5 80
7 98
9 31
14 68
4 95
9 51
23 33
4 66
22 44
24 27
3 7
26 4
14 77
8 89
18 7
26 54
29 68
25 3
20 19
18 24
24 83
6 80
23 27
11 10
28 89
21 32
3 35
18 44
23 99
20 18
22 65
20 14
14 77
6 70
5 92
29 59
1 38
12 83
13 41
25 78
11 61
9 15
9 4
3 74
27 58
27 55
23 25
4 52
27 74
3 12
14 42
30 61
11 33
1 53
18 98
11 53
14 99
1 70
15 49
9 1
2 97
24 92
3 13
3 6
3 97
7 69
29 76
17 36
19 92
12 22
30 74
17 10
16 85
16 70
23 44
2 90
7 47
25 1
29 99
27 3
11 25
12 58
17 24
16 12
17 87
27 76
8 11
1 73
17 10
18 48
18 84
16 31
5 13
19 37
16 89
24 1
28 62
16 55
5 85
25 66
3 8
19 53
12 24
14 13
8 81
11 20
23 66
8 58
4 90
26 2
21 86
2 92
3 4
8 13
25 86
3 32
21 46
26 20
25 18
15 23
13 92
2 57
19 96
16 92
2 36
5 84
5 60
20 69
25 25
21 64
20 71
14 58
23 16
24 65
8 25
0 13
14 15
23 58
0 8
22 10
10 29
14 65
1 32
3 81
13 36
17 10
0 74
16 78
20 92
23 75
8 93
8 99
21 62
22 57
22 67
16 9
18 3
12 18
15 31
10 8
17 14
9 32
3 6
15 70
8 84
1 74
23 44
6 10
26 12
22 54
15 29
19 53
12 78
29 16
18 93
22 97
15 2
30 45
6 80
28 89
3 84
0 50
9 88
7 51
21 27
25 96
10 93
21 98
4 19
14 34
6 95
21 69
20 19
18 41
24 87
4 92
21 26
25 17
15 91
0 62
3 18
21 23
14 54
12 65
15 28
5 63
8 55
27 45
2 57
8 81
0 89
11 83
9 21
7 71
6 43
16 43
16 32
2 43
12 14
29 5
9 24
6 4
0 29
28 53
12 100
5 68
11 58
27 60
29 81
9 3
29 12
13 47
6 52
9 44
3 2
12 59
14 25
17 99
8 90
20 62
13 33
6 4
27 59
27 66
23 86
12 30
2 84
30 71
0 21
17 47
30 33
24 30
22 8
0 64
7 30
11 73
22 4
28 85
27 23
2 92
6 4
6 48
26 86
0 39
24 80
24 28
28 42
4 26
9 26
14 44
21 11
30 63
18 32
11 86
19 86
6 59
11 30
21 39
2 92
6 53
15 35
0 12
2 46
24 14
19 30
11 35
17 21
30 61
9 68
18 11
5 68
23 100
12 29
12 73
10 90
27 71
25 39
12 30
20 39
20 36
11 5
30 74
4 19
13 18
22 63
10 19
5 30
2 44
11 66
4 1
3 18
29 4
23 43
18 73
29 5
17 68
24 35
18 84
7 50
10 96
2 30
4 97
21 41
29 100
2 22
7 87
3 86
20 33
24 85
14 50
18 99
13 80
11 55
23 50
24 22
23 84
7 58
23 37
29 32
24 9
23 68
15 65
1 60
26 25
23 99
2 60
14 67
9 37
22 39
8 67
0 20
22 59
2 42
15 22
5 76
4 37
16 50
27 86
29 61
11 51
0 31
13 73
18 64
28 17
0 15
7 47
28 10
26 15
25 83
27 32
4 59
8 68
11 82
12 40
24 100
14 43
8 79
19 42
26 96
15 77
18 59
26 61
23 14
7 53
16 15
7 96
13 28
1 23
7 30
13 45
11 97
14 80
24 5
22 20
22 93
21 17
21 11
16 15
19 31
18 97
11 18
27 70
29 69
28 94
5 55
12 91
19 32
30 72
20 46
1 31
4 85
9 66
23 38
15 31
14 80
19 44
17 22
2 23
14 73
18 33
14 55
15 72
3 17
9 65
3 35
1 6
14 64
0 48
14 100
28 95
10 58
17 23
1 17
11 48
23 87
3 45
15 94
30 1
19 34
8 54
2 57
5 64
8 89
19 19
1 66
2 36
22 57
17 14
17 52
17 34
21 84
6 15
13 27
3 14
17 55
11 33
0 31
26 45
17 67
21 61
30 99
22 80
16 98
23 13
22 47
8 84
18 46
2 33
26 72
23 14
15 27
27 67
16 30
6 86
22 76
11 3
7 70
28 85
27 91
5 19
30 61
27 41
28 7
5 25
28 23
15 85
10 34
20 21
3 18
7 86
22 9
14 30
30 62
2 85
22 7
14 20
5 25
6 37
24 99
11 27
0 95
27 54
22 40
23 35
25 53
20 30
25 60
25 20
23 77
1 44
7 44
21 59
24 77
10 29
22 70
16 59
30 30
0 93
18 15
14 25
0 98
3 69
8 87
25 87
0 32
19 91
2 28
4 46
14 33
16 2
26 10
9 75
3 84
14 78
12 38
28 63
8 94
6 68
3 36
22 24
22 67
16 71
8 75
3 51
6 97
11 39
18 33
12 48
25 3
6 40
24 41
16 21
0 23
20 61
11 96
3 56
21 55
11 79
19 43
30 1
15 50
6 64
22 38
22 64
18 83
8 74
9 13
3 19
10 23
11 41
21 93
29 13
16 85
29 27
7 62
26 81
21 9
5 26
13 57
30 61
9 18
5 24
25 45
1 70
5 45
27 71
21 75
4 100
19 25
15 23
15 21
26 36
25 27
21 89
21 7
22 57
27 4
20 44
7 70
3 6
28 61
3 87
24 75
23 99
16 3
16 29
24 24
7 94
30 79
24 26
30 14
5 99
12 65
22 36
26 98
3 42
13 34
3 92
29 42
7 36
25 86
17 86
28 33
15 44
23 56
30 80
10 22
23 37
25 37
26 20
20 49
1 94
19 19
4 83
18 8
26 70
27 21
19 27
26 32
29 50
4 26
28 47
18 26
5 87
19 82
18 77
0 49
28 64
13 16
0 22
15 68
4 16
10 55
8 2
30 74
17 7
16 98
8 11
30 20
2 64
5 88
7 97
25 15
13 25
22 57
23 93
21 98
2 57
19 47
13 59
7 93
27 96
7 71
20 94
30 87
29 55
16 67
6 81
20 63
2 66
29 46
5 53
15 84
8 38
5 15
0 74
20 28
0 1
6 8
25 63
7 53
27 69
6 58
28 48
24 97
8 99
20 77
13 4
16 67
23 99
7 25
1 64
10 73
6 58
21 79
1 21
22 96
6 97
18 12
26 12
2 65
10 71
4 54
2 71
0 53
8 55
24 62
5 91
26 22
0 5
12 95
12 32
11 85
14 33
27 12
15 84
23 59
7 95
2 47
13 69
8 16
24 69
9 69
11 13
19 3
29 4
10 46
19 19
10 70
5 8
10 17
23 78
12 65
18 94
15 42
1 94
22 9
10 12
27 21
3 83
9 81
4 4
13 7
17 17
0 93
5 52
4 8
8 35
20 16
25 92
7 38
3 96
28 49
19 36
13 8
25 17
25 16
1 52
17 6
1 59
19 53
11 86
22 29
6 88
3 70
16 90
12 12
1 92
2 80
10 29
0 26
14 28
16 80
2 62
20 63
29 67
19 84
12 78
18 55
12 77
23 34
7 64
17 28
5 29
26 51
16 9
4 52
7 79
15 15
20 4
27 37
8 87
27 76
1 79
4 33
12 15
6 22
18 97
12 98
10 95
18 66
10 75
12 52
21 18
0 66
16 83
5 56
20 37
25 79
10 70
21 17
10 72
4 88
25 95
2 47
22 99
28 7
7 58
5 60
3 8
26 92
7 3
11 35
15 47
21 51
16 5
23 43
1 20
25 76
12 3
18 81
29 39
13 23
26 10
27 89
7 55
9 89
29 17
21 6
6 56
0 13
12 71
27 15
29 49
24 78
12 58
10 53
23 74
4 98
18 7
7 65
7 77
13 24
6 76
7 40
26 51
22 79
17 72
9 15
25 90
26 73
11 45
10 71
1 44
24 2
3 29
28 5
10 20
14 35
27 3
19 3
17 6
26 68
2 30
9 39
10 73
20 38
3 55
5 97
28 56
30 60
10 57
22 80
7 6
25 26
17 41
6 62
8 74
10 99
30 99
10 59
16 29
3 53
1 55
12 28
18 31
8 66
5 46
19 98
13 76
7 12
28 19
1 97
27 71
17 23
2 62
21 51
28 78
30 66
18 33
22 90
4 92
26 3
3 89
15 76
9 30
14 20
1 23
9 56
12 8
15 61
23 25
15 3
27 43
26 62
16 7
7 68
21 26
26 8
16 38
9 27
12 62
7 42
20 34
2 97
20 86
5 35
9 86
9 53
11 50
3 48
24 36
28 6
9 49
10 83
18 41
12 50
16 25
4 10
17 13
29 59
29 94
26 86
11 53
18 58
18 80
22 27
4 75
13 55
12 9
2 54
14 4
20 82
18 13
12 82
16 55
15 70
5 53
1 78
17 90
1 20
22 57
4 3
18 60
30 86
24 44
0 57
2 96
19 26
8 45
4 33
8 61
16 90
0 44
1 58
25 52
12 44
7 88
9 43
28 87
5 62
23 42
1 21
29 86
30 66
9 94
10 4
30 3
8 25
4 21
15 78
25 30
14 64
15 38
28 4
18 57
4 1
24 65
10 61
24 64
14 18
26 24
2 20
8 1
11 83
14 65
26 35
17 13
1 34
3 78
30 50
23 12
14 32
4 77
20 73
4 81
29 81
21 84
23 94
2 52
26 32
11 30
16 55
29 7
5 37
18 43
30 84
20 66
27 11
14 65
22 45
1 3
24 89
28 24
20 4
4 71
24 58
30 90
27 100
19 63
24 42
24 19
14 14
23 4
19 10
13 38
13 31
28 46
20 68
4 19
19 26
6 97
7 48
27 42
3 32
14 30
21 58
6 87
2 4
22 37
4 5
1 88
3 48
3 98
5 28
3 56
28 65
10 71
30 28
17 7
8 41
0 56
13 62
15 20
8 83
27 59
18 51
10 69
9 24
3 83
5 79
7 99
17 62
25 72
21 22
21 93
10 57
1 72
10 12
4 34
9 41
2 74
28 18
22 73
5 25
7 49
1 10
22 84
1 73
10 79
27 46
5 58
25 19
14 39
4 32
28 17
23 58
5 75
16 3
20 94
12 58
10 41
7 24
25 44
4 57
14 96
18 46
3 87
30 26
20 58
26 22
11 67
21 65
24 4
19 59
5 33
13 13
8 68
25 53
14 7
5 19
11 96
6 29
25 81
3 50
4 26
15 90
15 18
29 32
10 26
16 27
3 61
20 54
6 59
12 87
7 6
3 65
19 61
13 17
14 51
11 58
25 11
19 7
25 52
30 64
20 8
20 83
8 31
26 39
22 80
17 10
5 8
0 17
22 37
7 90
20 33
28 13
11 92
5 68
4 71
9 66
25 4
30 25
2 96
14 11
25 72
7 93
28 16
4 11
17 48
1 100
6 55
7 59
28 21
23 28
27 61
9 12
12 37
24 74
11 93
7 44
10 67
22 66
8 26
26 79
13 77
18 9
8 21
19 62
0 55
23 43
1 13
18 78
29 30
0 86
25 40
27 18
25 71
2 83
7 34
18 44
10 90
15 36
17 12
4 77
26 30
23 33
1 46
11 94
15 77
17 27
1 83
11 54
15 87
24 78
4 83
22 58
6 95
8 78
13 54
12 64
4 67
12 89
22 67
13 91
16 34
28 90
3 68
1 82
15 58
9 84
11 40
6 95
6 31
28 85
11 18
9 78
27 58
29 56
1 89
5 100
10 80
20 95
12 81
27 14
27 4
22 31
3 45
4 37
16 81
13 28
17 98
28 48
4 13
12 65
11 54
26 32
2 28
3 37
23 53
11 99
18 97
9 68
3 28
4 90
23 95
23 39
15 62
24 54
4 75
25 81
22 44
11 51
9 13
19 25
21 62
15 2
1 54
13 21
17 61
7 16
25 93
9 97
12 58
14 18
6 3
1 11
7 1
14 33
1 93
22 26
3 51
29 98
29 87
21 40
26 93
9 84
23 3
17 86
7 20
3 63
13 80
4 63
28 63
13 7
2 46
6 63
18 68
26 42
22 10
5 53
24 10
14 94
4 56
4 1
26 60
22 35
25 7
2 93
2 20
9 65
20 18
20 18
4 58
29 30
4 6
24 42
30 10
29 91
8 58
21 92
11 40
5 50
18 56
29 39
21 20
19 72
14 74
28 8
26 16
20 16
3 78
18 21
26 21
25 25
2 79
6 71
22 92
8 63
8 44
20 42
26 76
19 30
1 58
4 17
0 96
12 85
7 19
3 36
28 75
27 65
21 20
26 35
9 56
30 76
30 57
5 80
27 96
3 36
21 45
15 50
14 54
20 25
28 88
2 42
24 23
2 49
22 57
29 60
18 94
0 47
29 46
3 3
19 74
29 75
15 48
18 75
25 20
15 51
10 2
18 17
20 65
23 43
28 44
28 78
20 87
25 93
12 66
21 83
19 17
21 52
11 90
20 15
28 6
27 47
29 96
28 91
22 40
15 57
10 25
17 73
16 75
15 21
12 18
14 42
14 19
6 79
8 76
11 43
2 13
18 14
5 49
2 87
30 74
0 38
1 37
21 32
9 90
1 50
5 89
10 87
14 80
7 15
18 47
29 19
5 51
1 6
18 25
4 64
2 41
7 1
9 80
0 86
30 22
0 96
21 44
30 92
24 60
24 90
1 84
8 69
25 44
30 23
2 41
5 47
24 19
24 43
20 48
8 65
11 46
22 4
14 16
30 46
19 68
14 92
19 91
19 61
12 30
8 52
22 56
6 8
12 75
23 56
5 79
8 77
18 99
6 33
23 47
19 64
17 27
30 47
17 1
16 99
25 32
23 16
23 90
30 11
8 97
20 82
15 3
7 23
16 47
21 46
25 90
1 31
2 32
16 56
3 92
9 61
22 22
5 37
17 12
25 96
1 85
2 91
12 37
19 78
24 75
23 66
8 12
17 32
26 82
25 32
10 41
0 63
9 60
3 85
7 31
15 72
3 70
23 61
11 99
12 28
10 27
14 21
8 56
0 43
0 23
1 92
23 19
12 36
29 26
23 85
24 3
5 48
19 6
9 50
11 39
26 14
21 37
29 38
6 62
7 45
27 40
14 59
6 66
12 17
5 3
21 3
25 88
18 1
11 66
21 99
29 18
19 97
12 64
15 4
28 50
13 63
18 28
14 66
10 70
5 68
18 98
30 63
8 47
13 87
21 29
12 37
17 59
23 10
30 80
19 35
11 46
24 1
16 16
8 23
23 83
13 87
5 98
20 97
17 58
18 41
29 30
23 44
15 90
9 10
9 98
4 30
18 56
24 37
22 73
2 82
23 29
28 51
9 85
12 39
13 95
25 91
7 68
22 40
2 21
27 76
27 2
22 70
25 73
16 17
11 78
0 85
3 69
8 53
20 17
26 10
18 21
0 6
0 75
24 38
6 21
0 42
11 29
21 52
24 5
9 29
9 60
27 22
15 13
19 14
4 1
6 55
16 46
22 55
30 100
26 31
17 54
8 23
21 91
27 78
17 10
0 90
25 5
26 22
0 50
25 26
19 54
8 99
6 97
23 50
12 25
24 24
23 36
4 86
24 63
27 47
11 96
5 73
20 27
18 79
9 43
22 51
0 49
20 60
30 24
21 4
5 31
5 58
27 8
26 96
14 95
27 52
12 55
17 47
28 92
25 14
30 16
19 3
19 16
0 93
21 80
16 57
24 34
10 19
26 21
7 82
23 20
9 80
2 99
12 50
1 79
12 77
8 70
19 7
22 1
7 79
12 36
19 75
28 20
26 19
2 77
30 83
6 81
8 54
0 76
28 36
10 77
5 42
0 56
2 20
15 8
4 18
16 18
9 34
18 15
13 19
27 16
5 1
30 97
14 57
14 57
14 96
22 6
2 24
16 2
15 54
15 40
27 14
13 51
5 3
1 74
4 80
29 2
14 98
12 82
3 76
16 26
17 62
20 70
6 71
16 32
30 89
27 12
21 72
7 22
17 51
25 55
6 66
15 79
3 3
22 27
30 13
19 44
13 12
15 58
2 93
25 91
27 41
11 44
2 77
30 32
9 52
0 96
24 94
25 18
18 84
27 60
9 82
30 7
4 62
17 86
24 12
20 66
28 60
28 87
9 18
23 88
9 16
27 88
20 83
11 1
16 90
30 33
4 11
14 73
21 98
22 86
13 47
27 69
6 38
9 65
27 73
3 51
13 45
5 23
21 65
16 83
22 39
8 96
22 94
4 5
26 9
22 71
12 63
28 21
11 57
13 33
19 44
24 88
18 34
6 47
29 12
2 59
3 48
19 58
15 60
6 74
29 83
17 99
7 61
18 12
19 84
22 100
9 56
8 81
24 55
12 53
3 9
27 9
12 62
22 88
4 69
25 73
5 93
23 21
13 44
16 12
13 51
25 51
20 42
11 46
0 87
4 1
26 90
29 9
24 74
5 15
17 6
13 6
3 55
1 62
22 48
2 70
25 18
21 97
13 1
13 65
23 38
12 93
1 11
15 91
8 53
29 45
14 43
26 86
27 83
0 31
21 79
3 61
15 75
12 21
20 17
18 3
0 73
28 50
1 88
21 21
20 67
3 98
25 79
21 79
27 35
9 52
4 94
24 8
7 77
1 72
22 56
10 10
5 19
17 24
5 93
2 24
19 55
9 60
14 33
19 23
2 73
20 40
5 55
2 65
6 34
7 75
19 3
10 6
22 1
21 30
10 5
3 58
9 68
23 5
14 50
20 57
13 81
30 19
30 23
21 22
10 40
14 14
9 92
0 91
12 23
10 75
18 79
19 18
7 75
17 61
25 12
27 35
7 73
26 69
7 41
10 13
16 95
26 64
18 73
15 74
2 17
22 49
17 26
26 78
4 61
21 90
5 83
7 37
11 69
29 87
21 40
12 94
22 25
16 40
12 92
8 97
14 94
9 23
21 64
25 77
9 7
25 41
24 57
22 98
13 98
18 50
24 36
27 86
6 86
4 12
19 41
22 22
22 71
11 66
19 42
16 66
28 65
5 1
1 88
13 25
7 56
24 21
14 56
15 70
17 91
26 16
5 95
11 4
6 11
26 81
22 35
25 97
9 16
9 85
29 97
1 80
7 25
24 51
1 32
17 7
23 57
18 27
19 61
18 66
23 2
9 40
16 66
26 9
5 66
25 22
3 47
9 50
11 53
4 98
23 15
30 61
14 97
11 70
6 52
11 53
0 57
20 30
0 83
13 72
0 39
30 11
4 81
30 95
18 83
21 74
8 15
10 23
8 50
29 18
27 41
11 2
6 7
26 92
12 5
23 7
28 56
27 49
8 53
7 6
13 32
25 44
20 86
7 72
4 96
22 48
27 36
13 88
23 88
28 75
24 37
27 67
10 77
16 12
17 17
3 39
13 5
16 45
29 73
1 61
6 24
28 63
4 47
5 66
19 49
8 83
4 12
22 60
27 93
5 83
21 68
24 20
27 91
21 77
18 20
27 10
30 88
15 62
14 56
9 64
4 70
22 47
30 3
21 78
1 61
1 26
9 53
17 84
0 56
16 72
26 86
10 49
7 62
0 89
28 31
12 48
6 24
24 54
28 21
23 22
23 78
12 19
25 91
25 60
19 28
26 70
13 30
12 43
22 10
3 51
3 59
8 81
23 25
2 54
11 45
14 49
19 62
18 73
5 18
7 16
10 16
22 65
26 30
5 10
12 6
20 41
11 33
0 96
8 54
13 85
7 58
29 30
27 67
7 49
15 26
11 95
2 14
19 46
24 94
15 23
25 1
14 39
24 46
13 4
23 83
9 37
2 6
30 90
8 32
10 98
21 2
22 83
13 96
24 94
9 51
27 89
13 68
9 85
10 39
29 78
17 10
8 23
28 33
16 32
30 73
13 2
0 44
26 17
12 79
14 11
7 98
0 64
16 29
14 1
19 75
7 51
5 82
25 8
23 95
11 48
5 41
0 85
20 26
4 76
26 22
29 37
22 97
12 70
2 4
26 80
26 64
23 57
6 35
12 61
29 30
26 40
27 14
22 73
15 62
17 13
25 11
26 24
10 27
26 37
1 24
24 73
25 95
13 73
29 59
26 58
17 1
6 86
25 36
25 31
22 36
7 39
9 9
19 18
3 21
28 47
20 37
22 8
4 62
9 12
8 80
23 42
8 9
22 26
28 99
26 3
6 62
26 49
20 55
5 50
30 29
4 50
10 17
4 84
5 5
12 57
5 98
27 29
7 65
16 16
30 57
12 48
28 50
9 44
26 17
21 2
6 25
19 73
12 23
3 77
21 34
14 68
4 61
5 94
0 75
7 53
21 18
3 64
8 71
15 100
16 16
11 59
9 7
24 12
23 86
26 15
6 88
22 94
13 6
11 96
12 46
22 65
6 60
2 51
0 31
18 16
19 22
28 56
12 18
20 83
24 44
14 24
18 49
22 96
30 75
29 36
1 12
12 51
4 36
17 3
27 4
3 75
20 25
16 96
30 34
13 4
7 65
15 40
23 96
5 7
8 2
1 11
12 94
19 88
23 93
18 47
16 73
9 36
21 2
16 49
14 55
9 71
20 21
13 42
10 80
27 2
25 89
5 96
29 58
13 1
15 46
29 39
3 3
0 8
24 58
2 16
24 80
22 9
1 95
29 34
21 42
3 98
18 9
15 42
2 1
0 73
28 91
10 9
30 39
8 51
16 42
20 54
17 74
20 49
4 97
17 46
27 88
4 10
5 47
18 43
5 33
13 36
21 57
30 3
15 13
20 100
24 16
22 4
10 53
26 16
23 29
22 78
13 20
11 89
29 18
28 85
22 22
13 44
2 76
0 55
0 31
21 29
13 65
10 33
14 86
2 40
30 67
27 47
0 24
2 57
9 97
6 73
30 100
15 64
25 28
16 78
20 85
29 9
20 74
18 48
13 64
6 44
4 52
8 28
15 29
27 93
13 48
4 32
19 33
7 8
8 28
25 81
14 43
17 50
28 52
30 87
6 29
13 43
5 33
8 79
9 4
6 79
10 85
11 39
17 21
11 13
17 77
25 35
11 17
19 41
15 34
15 3
17 100
28 56
27 69
22 3
18 42
13 74
2 7
21 59
13 80
2 12
29 14
25 66
11 76
11 95
25 1
27 89
3 7
22 29
17 4
26 61
29 32
11 35
2 88
23 13
22 59
4 92
28 85
30 64
20 2
9 15
24 58
0 17
23 27
0 24
10 27
29 76
6 25
3 71
19 60
5 44
16 27
8 13
24 27
13 17
7 69
3 56
14 9
11 38
10 32
27 58
28 50
12 45
25 15
5 76
24 46
0 53
2 12
23 41
21 97
17 59
27 19
14 44
22 26
1 36
26 87
5 6
14 6
20 37
9 68
6 14
26 45
8 10
1 94
6 74
28 92
24 50
30 89
22 67
16 61
30 10
17 23
15 33
26 43
7 27
18 59
7 48
20 25
9 75
17 49
27 25
24 91
0 49
11 8
20 86
11 66
25 49
26 68
5 34
30 73
15 69
10 23
29 5
7 18
19 67
29 57
0 30
20 67
20 46
29 31
22 98
9 85
23 69
5 62
10 2
8 71
20 88
9 70
1 5
6 44
10 84
17 74
13 69
11 63
8 40
22 55
5 20
22 41
30 41
14 98
12 93
28 47
27 2
14 12
8 48
26 82
7 64
24 95
9 58
30 5
30 38
23 28
7 56
10 37
17 62
30 96
14 36
29 32
14 23
5 72
12 86
29 27
24 63
30 97
4 11
14 44
24 57
19 78
