100
29 79
23 89
24 60
20 34
16 27
22 65
3 17
15 57
14 41
18 85
26 81
9 81
8 3
11 16
3 15
12 22
26 94
24 52
17 51
20 24
2 17
30 43
21 60
7 57
15 3
6 5
26 48
25 12
17 92
23 4
12 3
3 78
22 49
23 61
9 53
18 94
22 78
16 60
23 80
24 74
6 6
24 8
15 17
11 30
13 23
2 86
8 56
9 50
25 92
16 76
21 62
30 61
28 64
6 1
12 14
4 35
27 10
21 65
22 66
28 100
11 72
8 87
11 55
11 31
25 94
16 69
18 15
3 78
5 45
2 85
20 5
21 62
9 68
14 38
28 55
29 11
15 89
6 78
5 10
20 13
4 16
7 58
14 36
19 19
4 64
8 69
6 18
10 50
25 76
19 75
27 100
12 100
12 27
18 6
22 63
0 95
22 35
10 96
11 56
2 33
20 57
24 54
10 68
26 57
19 44
9 24
17 92
4 35
30 86
18 28
22 57
21 87
8 78
2 27
17 5
14 4
18 15
15 57
15 63
5 14
7 62
28 70
10 32
8 80
25 7
20 42
28 44
2 41
2 23
1 100
5 43
2 26
28 87
11 64
19 13
8 38
30 98
21 73
0 44
26 98
17 27
3 12
29 10
10 61
19 2
27 40
17 83
1 10
29 12
25 28
14 16
24 85
6 83
7 8
13 57
30 47
23 21
26 81
13 22
15 39
10 48
1 89
18 22
24 8
12 69
27 59
13 18
24 58
14 23
22 80
28 26
6 2
21 35
24 15
29 43
22 61
11 99
18 6
9 96
1 88
16 49
25 37
6 75
7 19
19 48
24 9
20 74
27 9
1 53
15 36
5 95
11 64
27 98
5 64
30 35
2 71
27 45
9 38
28 43
19 24
20 72
29 37
6 66
6 36
8 41
7 88
13 25
1 71
16 93
3 2
19 15
11 88
20 74
16 99
5 18
20 89
6 72
20 63
21 6
25 30
1 70
29 40
28 19
11 27
14 59
16 79
11 11
11 7
12 81
10 10
26 82
25 80
24 61
21 10
14 57
16 47
20 18
10 11
26 50
16 54
3 8
18 42
22 91
0 60
28 95
27 33
26 18
0 69
15 58
29 61
10 3
28 61
0 35
24 74
30 87
18 9
8 21
15 70
15 60
10 14
20 54
13 98
0 28
6 9
8 43
28 23
26 7
1 5
13 97
25 23
15 62
7 50
6 4
24 24
20 97
11 85
13 82
3 59
17 44
18 11
18 92
26 53
3 27
13 72
20 56
27 59
16 93
12 5
7 52
2 15
21 75
19 37
0 90
14 96
29 52
7 69
2 13
14 100
3 34
7 51
17 48
13 95
16 70
24 14
8 75
24 33
25 60
12 44
9 35
1 59
28 60
10 43
6 85
27 51
2 14
17 5
6 4
13 10
14 3
28 16
23 73
29 34
3 100
22 70
8 51
10 20
1 48
20 48
0 78
21 65
16 49
26 83
5 85
4 41
19 24
10 1
25 35
8 44
16 76
11 39
19 25
14 6
12 62
6 67
20 100
21 7
21 21
17 83
7 13
15 77
20 92
3 18
18 86
16 69
27 45
24 71
2 22
12 22
29 38
8 33
18 20
6 35
15 41
17 73
22 42
14 29
22 100
0 45
20 36
23 48
30 12
20 6
4 83
28 40
5 27
16 10
27 13
15 57
12 3
6 2
27 99
10 12
3 9
7 34
6 69
6 5
25 68
4 45
5 82
3 5
0 15
14 79
7 93
6 100
23 19
2 83
12 19
11 75
4 30
9 2
14 37
15 52
12 10
26 8
13 39
25 9
14 40
9 93
2 55
7 15
21 35
28 61
21 3
5 49
22 26
22 72
24 86
10 89
5 72
18 7
2 41
27 82
30 48
15 45
1 22
7 39
20 46
30 3
20 10
23 43
26 71
19 54
24 41
9 82
13 40
13 55
26 78
16 76
6 31
22 76
16 78
11 54
23 77
6 100
0 23
6 93
6 11
4 26
15 40
19 60
16 66
1 26
15 79
13 72
10 69
9 42
1 38
25 57
17 76
18 77
8 97
22 67
4 22
9 87
5 97
5 100
30 7
10 82
13 25
4 18
15 29
8 47
14 39
24 7
17 43
17 4
14 71
14 62
16 49
11 33
18 42
28 90
18 14
8 25
2 84
1 17
24 73
30 35
15 85
28 6
21 33
16 29
2 49
18 67
7 98
19 68
6 80
28 56
13 5
10 100
7 15
7 51
27 71
28 74
19 71
23 40
6 18
21 96
26 57
23 59
14 47
12 9
4 78
25 39
10 96
8 65
0 81
25 90
10 61
8 94
30 40
0 10
18 84
25 43
29 23
1 77
27 27
12 90
4 39
8 64
19 77
18 82
12 1
2 57
9 53
0 36
2 64
2 27
17 52
24 48
27 30
30 69
28 33
7 58
12 2
0 60
27 82
18 57
26 62
5 6
10 55
27 4
19 36
1 82
4 8
15 23
5 38
30 45
1 24
8 41
16 4
23 51
6 16
6 99
13 91
1 34
4 12
25 23
29 55
22 46
27 71
5 3
30 10
11 2
1 4
22 90
5 32
13 71
30 12
10 5
17 5
4 28
23 72
1 70
9 69
28 74
1 87
24 38
3 19
23 78
3 48
23 40
1 85
15 92
8 24
7 10
16 28
17 80
12 74
1 81
1 64
25 14
27 91
5 72
21 8
4 24
18 16
16 74
12 87
10 41
7 18
20 83
11 22
2 74
6 56
9 81
11 30
6 97
30 25
18 4
12 87
25 44
14 32
16 33
1 50
14 28
30 70
8 64
13 79
17 92
11 82
24 93
3 87
6 34
7 26
29 86
1 31
22 29
29 85
10 3
29 12
9 95
0 97
5 55
14 47
17 4
27 90
4 28
16 52
25 60
8 38
15 39
22 97
24 28
0 51
15 11
4 45
29 55
11 25
3 64
24 71
3 31
24 22
30 55
5 25
20 53
4 3
6 44
28 88
6 57
15 18
17 31
10 81
7 48
5 9
21 40
8 87
15 85
23 67
27 90
7 24
23 63
0 79
29 12
1 65
8 23
4 94
9 80
21 93
5 53
8 37
6 48
23 56
4 9
19 12
25 46
28 44
8 73
25 16
4 72
8 27
19 17
5 55
16 62
27 89
13 78
4 8
0 34
25 100
1 18
26 63
28 18
8 63
25 13
27 26
24 38
7 97
11 34
21 66
3 87
16 93
20 88
28 25
11 38
13 13
1 88
13 90
8 27
27 7
11 97
24 90
13 16
8 13
19 36
26 9
26 52
12 36
0 53
12 81
15 94
20 13
11 79
5 12
10 30
25 24
16 49
12 43
5 84
21 85
11 23
16 47
9 47
30 61
10 3
18 80
29 11
19 84
28 1
0 49
7 66
1 66
0 29
15 61
22 89
30 26
19 52
0 22
13 33
18 19
1 26
11 8
9 56
0 46
10 81
0 42
24 19
26 5
11 50
29 100
26 14
9 57
4 47
18 33
29 84
27 54
14 71
16 25
26 100
18 79
23 10
6 23
17 61
21 1
12 47
30 79
7 40
7 75
25 98
9 67
11 66
1 62
4 84
14 6
30 29
28 76
29 57
21 62
26 31
11 27
24 43
18 49
3 17
20 82
5 47
28 58
9 79
4 34
6 87
30 65
29 23
17 11
15 84
3 83
12 26
11 33
2 79
4 68
28 2
7 18
26 11
9 67
22 83
1 30
7 89
13 85
8 78
16 41
0 68
3 10
15 90
13 24
18 98
18 37
2 74
24 77
6 34
27 73
6 27
2 67
20 51
28 5
9 98
29 63
8 56
17 26
26 46
11 4
25 2
2 32
18 89
19 83
14 25
11 9
9 37
13 83
13 19
6 96
27 58
14 85
12 6
9 35
27 19
15 70
20 59
3 18
29 80
12 26
3 38
21 5
28 23
30 78
24 15
0 84
16 74
22 9
26 92
27 70
28 88
21 44
23 77
22 42
9 96
21 6
21 15
13 12
22 34
10 46
24 71
24 44
5 44
10 42
15 57
10 92
23 85
27 20
11 31
13 66
29 35
3 94
26 77
0 44
21 65
15 34
2 96
18 17
30 15
23 76
28 92
13 1
18 52
18 78
3 8
6 87
19 21
20 13
26 77
27 26
28 28
27 93
28 89
26 99
26 12
27 83
14 87
14 37
29 43
15 70
21 59
24 96
29 60
10 61
11 36
30 11
2 43
18 21
24 82
6 40
0 76
3 42
23 68
0 63
6 7
28 9
4 59
17 58
16 52
11 44
16 2
29 75
16 56
4 44
10 17
9 47
20 100
10 75
7 92
10 65
0 47
11 27
1 11
22 12
11 52
12 90
28 31
7 64
26 46
27 31
21 12
27 6
9 93
26 2
14 77
16 19
3 82
7 67
30 1
23 65
27 11
6 37
30 20
27 66
3 27
24 10
6 62
12 78
28 38
12 50
25 75
15 2
13 68
1 33
29 5
5 25
5 56
14 96
10 9
18 82
6 70
25 57
9 65
17 12
26 89
7 19
27 47
15 94
11 77
29 97
23 66
15 73
14 52
17 78
21 65
21 37
10 40
27 42
1 59
28 17
10 54
30 6
30 70
14 50
23 2
14 83
26 56
20 24
3 84
4 8
19 21
6 77
4 83
28 51
8 68
8 62
6 66
5 24
11 64
3 37
10 86
9 18
11 95
28 59
3 65
28 63
11 59
16 21
11 22
28 29
19 32
30 92
11 41
9 36
12 72
12 58
10 40
0 36
26 10
2 62
16 72
6 5
12 94
12 41
27 53
6 71
20 28
23 83
3 23
26 52
14 41
30 64
6 31
26 41
11 45
12 52
27 15
26 85
26 59
26 46
7 57
20 60
9 63
25 66
25 83
28 22
25 14
1 31
24 72
6 27
25 45
25 37
15 83
23 41
16 70
17 60
23 61
19 35
24 31
0 24
16 18
9 79
25 37
5 59
5 100
21 85
26 10
6 86
11 5
1 23
20 59
19 69
6 50
30 46
1 86
9 57
1 11
6 49
6 57
8 58
0 56
16 13
17 8
6 99
7 36
10 54
0 62
10 74
16 45
4 50
30 3
7 68
12 21
5 20
20 30
7 85
21 95
29 60
5 58
20 70
18 90
17 72
24 4
30 20
15 55
6 56
24 16
19 46
18 65
14 97
22 32
2 94
15 64
17 56
0 65
21 9
0 27
6 64
8 34
16 86
26 22
12 54
25 95
4 25
13 4
0 92
16 96
18 32
17 54
7 100
29 78
2 24
1 50
2 31
14 97
11 77
19 19
14 6
23 32
17 50
6 91
26 85
4 82
10 38
20 97
21 64
23 2
8 9
23 73
25 80
2 73
9 77
20 9
13 18
16 59
6 6
28 41
9 51
14 19
20 93
29 4
28 20
24 23
7 27
29 28
23 14
0 48
22 19
6 99
2 5
10 48
17 19
28 34
26 93
26 97
14 42
27 58
24 33
28 39
19 23
7 57
12 78
4 52
2 12
4 16
12 88
16 96
27 86
6 77
8 7
3 85
15 53
6 86
6 68
7 92
10 2
20 32
2 17
28 53
2 5
24 22
23 90
4 61
30 12
22 11
12 60
8 50
6 14
25 82
1 29
28 26
21 100
14 28
4 8
4 73
25 84
14 12
5 73
28 1
21 64
30 2
23 40
6 14
10 37
10 44
6 97
24 40
21 53
10 50
14 50
2 23
6 58
7 4
7 90
30 87
7 4
6 9
3 91
30 65
15 76
3 33
21 18
22 83
8 5
16 92
9 26
17 77
25 42
10 41
27 38
1 7
5 89
1 84
26 38
6 90
30 36
9 67
10 47
2 96
1 48
15 25
30 75
4 24
0 3
10 81
24 75
8 41
27 61
7 34
15 25
2 11
2 44
24 5
15 20
26 97
8 96
0 90
2 48
7 32
25 44
5 24
13 42
17 28
7 66
23 99
5 52
6 19
21 98
8 6
1 38
26 41
15 2
28 88
26 81
17 92
9 33
20 34
10 12
2 83
3 4
4 77
19 32
15 8
3 87
21 9
25 91
21 31
16 26
23 89
7 60
15 93
25 70
10 82
29 92
14 13
2 93
17 4
8 59
17 82
19 70
11 48
7 25
8 59
18 20
30 64
1 21
17 52
27 26
24 56
14 64
17 13
22 42
27 96
13 14
2 61
1 70
22 61
21 21
11 63
30 100
19 97
26 63
6 84
19 41
29 100
28 76
29 51
18 69
3 52
21 34
25 44
8 28
17 99
1 2
4 16
19 97
17 8
19 40
7 99
14 81
26 73
12 12
6 13
15 74
4 70
29 68
13 2
17 97
5 11
30 82
23 18
24 62
24 55
25 81
17 83
16 46
26 55
30 81
15 86
29 83
19 33
25 75
10 51
12 86
4 44
21 100
4 18
4 87
10 96
29 33
26 27
17 36
22 71
28 59
8 19
10 93
23 30
30 9
29 26
23 39
20 43
0 81
25 2
8 59
13 60
3 76
1 20
14 24
9 42
7 82
27 89
9 44
15 57
11 91
18 19
0 26
25 80
1 17
29 58
0 61
22 85
11 23
15 54
3 15
1 88
5 35
6 22
27 42
26 87
13 7
29 92
6 61
11 91
13 42
2 76
0 51
20 36
11 36
25 33
19 8
27 96
8 96
9 70
16 6
9 23
20 30
8 19
8 29
20 61
11 83
27 22
14 15
15 96
20 72
20 2
14 96
22 56
16 76
5 71
20 67
5 55
17 62
11 20
6 82
18 40
5 11
12 62
2 18
2 43
8 78
2 31
20 52
21 88
17 33
27 83
24 32
22 5
21 24
30 54
23 98
5 15
9 22
2 19
17 46
10 67
4 18
13 6
25 16
23 96
17 86
17 98
14 6
8 61
19 87
29 29
29 36
4 71
5 43
29 51
18 10
23 99
24 44
15 92
20 40
21 49
2 70
26 54
22 63
20 18
16 22
22 94
8 44
22 48
23 63
26 55
7 55
29 53
28 86
27 86
20 90
4 71
11 80
26 94
8 85
20 16
28 24
28 6
5 65
0 11
21 8
5 93
17 81
9 25
20 77
25 28
4 62
14 100
24 65
14 38
11 1
28 20
22 60
18 100
21 37
2 38
22 43
23 73
25 3
17 52
29 61
28 60
23 75
10 84
16 21
8 47
24 55
6 49
6 94
10 33
13 62
28 26
12 54
23 61
13 11
4 14
5 74
19 55
22 74
5 57
6 38
30 59
3 27
20 96
15 62
22 88
20 93
10 17
22 89
25 68
26 38
6 61
7 61
13 33
2 67
9 88
27 75
13 29
26 84
24 62
17 2
10 97
29 1
8 52
7 75
22 30
9 13
0 54
16 85
27 31
30 83
7 54
24 10
10 20
23 3
30 11
6 97
3 15
4 80
28 63
17 54
16 77
25 100
19 29
13 41
30 90
12 52
3 81
29 82
18 73
4 75
25 93
24 78
13 90
27 18
10 53
25 7
29 52
5 76
30 34
1 29
8 19
23 61
4 25
19 92
1 7
27 91
2 57
30 51
18 94
2 23
14 63
21 53
16 65
17 26
10 48
4 6
14 46
29 98
4 98
3 56
20 82
2 7
12 90
26 52
18 31
26 88
18 36
4 34
6 62
18 64
24 2
11 13
28 34
2 54
6 28
9 48
5 59
12 55
9 61
11 67
6 92
19 65
17 25
9 76
6 50
12 32
20 47
13 65
4 42
8 1
23 52
27 79
17 4
24 30
25 6
8 94
9 2
29 75
12 85
30 69
9 95
10 92
11 12
26 72
22 18
7 81
19 73
28 78
4 82
24 16
12 83
13 52
13 33
10 25
18 7
18 100
11 44
28 42
9 80
14 35
18 35
1 25
6 14
15 92
1 4
18 51
8 80
28 19
1 42
23 89
13 71
1 3
4 24
26 13
14 24
9 82
22 52
27 63
4 2
3 2
12 96
0 57
9 70
18 17
12 98
5 38
0 79
15 74
5 68
13 18
8 77
19 34
14 15
14 65
27 15
27 69
6 57
2 12
28 22
28 17
2 22
17 94
29 32
12 96
23 92
9 72
4 5
5 10
1 4
24 87
6 72
28 85
30 100
24 43
24 10
3 47
22 29
8 41
16 72
4 86
27 17
14 43
25 75
30 57
9 66
12 66
19 98
29 20
19 91
9 8
30 20
3 38
5 43
0 39
27 71
6 91
15 85
0 96
5 6
8 85
26 31
21 7
30 93
5 45
3 53
13 21
0 8
16 42
1 61
10 62
30 74
10 64
12 11
3 35
7 3
21 56
1 86
0 13
8 71
25 24
4 22
24 53
13 46
23 6
12 25
3 81
9 9
26 27
11 71
15 94
11 87
21 39
20 60
8 53
19 23
6 9
28 30
9 60
10 37
7 75
30 81
0 92
28 23
18 43
2 20
8 9
9 100
21 73
1 43
18 19
27 64
20 77
27 43
3 83
9 31
0 93
17 8
21 64
2 14
24 64
29 85
22 71
7 68
9 82
16 14
22 58
0 49
7 91
29 28
2 20
28 89
30 95
18 76
5 38
29 52
25 77
11 36
18 34
28 68
17 32
9 45
24 12
3 95
8 36
18 7
2 83
19 67
6 77
1 47
30 79
12 15
13 85
11 20
27 78
14 7
28 52
0 50
19 61
24 60
5 30
1 53
25 58
22 50
30 87
4 8
4 56
9 36
20 92
4 80
26 16
20 79
27 8
23 14
24 44
25 48
1 32
21 43
3 60
26 62
19 85
16 13
15 86
17 82
19 80
0 54
16 31
9 86
3 74
12 8
26 21
30 13
14 100
10 30
19 55
11 72
27 34
30 52
10 91
27 92
7 51
21 20
14 14
23 13
15 89
6 82
23 49
23 83
10 71
18 43
3 21
4 65
18 87
4 55
12 53
8 70
18 44
17 61
22 65
20 86
2 58
11 68
18 90
5 23
25 99
16 24
30 91
5 28
16 58
5 55
30 3
3 80
3 61
18 46
26 88
27 83
19 71
15 57
16 57
3 24
0 30
21 10
25 69
14 1
2 33
8 8
15 25
17 29
10 95
10 33
1 52
2 95
7 84
23 3
18 59
17 99
15 67
4 46
15 33
13 11
17 18
30 81
18 89
16 90
29 23
21 77
3 62
12 52
8 27
30 18
10 60
2 31
21 68
25 90
14 16
12 44
28 91
9 54
2 66
4 85
22 85
29 5
5 49
28 77
27 10
28 38
12 96
3 65
29 71
20 96
1 41
10 55
6 71
5 71
9 59
17 21
27 46
16 58
2 15
1 100
8 63
23 73
13 4
14 23
23 68
19 32
14 41
8 29
28 30
24 95
16 14
30 44
18 70
26 38
24 50
11 96
14 3
26 34
18 76
11 55
25 34
15 65
0 6
29 28
30 41
30 21
2 66
6 55
1 43
27 94
3 24
14 45
14 10
10 8
18 3
29 1
21 63
19 83
17 26
4 9
26 39
4 100
3 89
20 57
30 53
21 14
24 11
1 63
13 63
12 78
14 5
26 89
4 9
1 70
25 17
2 14
23 46
28 37
29 86
3 52
18 36
1 25
7 10
18 25
26 88
28 44
1 45
28 95
30 14
17 38
29 75
20 75
2 61
10 45
4 53
29 30
29 99
27 56
24 1
9 60
9 39
25 38
1 40
18 40
26 87
18 79
23 88
1 29
23 59
21 76
15 52
27 22
0 15
13 39
26 85
6 1
24 76
6 88
2 33
4 55
24 98
14 70
28 7
22 77
2 59
9 6
19 10
25 40
28 91
27 32
23 28
0 67
2 45
4 47
27 41
26 87
13 6
2 4
5 41
16 50
5 23
14 89
29 52
13 84
23 58
25 68
29 42
28 75
13 50
11 90
20 20
18 32
17 31
22 54
26 92
18 67
19 44
4 47
2 36
2 20
24 95
8 68
9 98
21 88
27 55
2 48
20 15
25 96
25 20
22 89
23 43
23 63
24 21
1 93
9 92
11 79
11 67
27 7
20 28
19 39
29 69
3 73
27 81
15 5
23 15
17 89
22 89
0 2
14 27
17 39
29 80
14 51
28 69
21 93
1 40
24 57
12 61
21 58
23 50
23 69
4 56
9 45
22 82
19 4
9 63
23 19
16 62
16 52
3 55
27 39
7 49
15 43
21 73
9 38
23 95
18 67
21 51
24 4
23 10
16 89
29 27
9 5
28 67
19 86
16 63
5 22
18 88
28 56
26 8
9 36
20 23
22 31
3 11
6 90
24 69
25 21
29 76
23 24
16 41
22 73
3 86
30 45
5 59
12 68
24 99
4 61
30 7
26 25
7 33
8 21
27 81
26 39
6 17
8 68
3 95
28 2
7 53
20 98
15 100
14 39
4 8
15 52
11 62
7 5
20 78
13 21
17 68
19 11
8 33
15 66
29 27
6 42
17 21
13 33
23 65
28 25
30 88
26 10
14 39
30 20
8 77
1 83
27 75
28 62
0 17
28 69
17 88
25 17
25 87
12 81
2 63
24 65
13 94
0 28
14 42
6 79
29 47
26 54
13 6
8 35
4 10
16 11
4 43
19 48
2 100
23 14
4 97
6 99
24 11
25 18
23 75
30 53
25 51
2 71
5 5
19 96
28 78
8 84
21 87
29 73
30 62
5 42
20 25
19 49
9 82
4 89
19 81
8 79
20 38
19 71
15 30
22 47
17 54
19 91
0 77
10 15
0 81
23 84
5 29
7 29
16 76
11 31
28 78
29 15
17 99
30 47
0 30
28 64
8 82
3 30
27 27
24 49
1 55
26 28
21 41
5 76
27 80
26 39
22 26
17 67
5 8
6 36
24 7
25 84
1 38
0 6
7 75
8 55
27 7
5 28
9 18
0 56
3 51
1 10
13 34
27 80
30 91
16 68
25 94
11 30
1 37
12 57
29 87
2 28
28 100
2 64
15 72
15 69
21 9
9 2
4 51
23 40
12 41
19 80
10 75
23 30
3 81
25 52
13 89
7 5
23 46
13 95
16 9
10 32
22 50
25 78
25 44
4 23
28 19
24 79
24 36
12 88
10 52
2 56
28 19
9 3
19 99
0 76
4 68
3 35
8 35
19 1
26 14
18 21
3 97
0 1
30 81
29 49
28 83
3 59
24 86
0 77
17 1
6 6
0 6
23 19
21 1
0 4
26 32
18 95
17 29
20 70
4 67
4 99
13 26
17 18
3 13
6 38
1 27
30 87
23 7
8 68
12 61
2 28
11 47
27 26
16 70
17 35
15 86
4 58
18 30
19 84
23 34
10 69
21 16
1 27
20 52
21 88
28 12
1 46
23 72
30 61
16 27
4 98
28 3
29 86
25 99
29 8
3 37
4 94
11 83
5 54
3 36
22 13
29 82
1 98
25 95
22 85
18 33
9 84
1 92
16 77
26 82
29 88
13 73
20 72
30 14
25 3
9 60
27 30
28 89
27 97
28 43
22 56
29 24
20 3
12 63
27 15
15 16
16 72
15 48
11 20
28 49
22 70
19 91
3 58
6 8
23 98
14 48
0 19
7 40
1 89
0 38
22 22
26 67
12 61
6 54
24 58
4 83
14 22
14 53
10 42
19 50
5 54
30 27
16 99
25 2
24 10
7 51
25 84
6 42
19 13
30 61
20 7
24 26
27 37
25 63
8 51
25 12
3 50
4 66
0 5
19 84
0 63
19 45
28 28
27 3
9 12
24 60
6 99
8 8
9 87
26 40
25 98
7 94
1 36
16 89
8 90
9 14
13 47
25 17
5 2
6 63
8 52
28 62
8 36
4 10
23 44
18 87
1 55
15 38
26 1
20 63
1 100
10 26
22 90
22 2
23 12
28 55
24 43
21 24
17 6
24 62
28 63
2 16
16 55
30 28
1 47
10 28
26 81
23 19
27 36
6 33
0 41
2 76
13 86
28 21
19 65
12 43
8 25
28 75
12 89
8 21
8 19
18 88
6 26
9 14
25 29
27 47
19 50
3 68
26 81
29 46
17 50
5 96
30 99
5 100
11 46
0 2
22 55
22 75
11 97
3 11
8 73
28 11
0 71
19 6
1 97
6 22
15 100
12 66
7 71
5 36
0 81
16 41
27 1
14 12
30 22
10 66
28 37
0 19
20 41
8 58
30 83
8 66
19 43
25 6
9 34
22 32
19 24
14 14
17 71
9 22
0 74
27 8
26 27
20 30
7 85
30 25
15 73
18 75
29 61
1 55
6 89
22 77
15 77
21 45
15 91
23 46
1 46
14 87
12 46
8 28
15 95
0 99
1 49
23 14
17 73
21 48
23 62
7 24
9 73
21 65
8 14
26 2
22 35
16 72
10 74
16 75
28 87
24 51
24 35
19 38
25 26
19 16
20 7
2 16
3 73
7 20
30 31
22 50
30 7
30 1
10 33
24 14
2 63
6 29
11 65
16 20
0 20
26 32
12 50
22 11
29 93
16 24
28 36
24 13
1 65
12 9
7 22
4 58
4 64
13 83
11 30
17 58
22 46
12 72
7 47
4 45
4 81
8 14
17 96
1 51
8 53
13 28
17 99
13 31
7 56
4 99
24 73
23 26
26 21
18 75
6 84
22 91
5 58
13 79
14 70
5 11
9 50
5 45
19 69
13 61
29 89
10 98
5 2
5 58
2 49
6 1
18 37
10 93
20 6
5 67
4 83
23 58
0 97
10 78
2 11
19 25
11 87
8 75
13 18
30 9
14 96
4 55
10 36
27 34
12 59
19 28
5 84
4 33
5 96
1 8
20 91
29 37
20 76
11 26
13 64
12 13
2 13
7 64
17 96
27 32
12 47
10 14
17 40
21 95
19 98
7 75
28 7
7 76
12 47
19 83
23 56
12 47
7 69
15 52
20 22
13 12
10 66
5 70
23 41
30 51
27 91
29 47
7 69
14 44
9 90
6 41
28 24
29 78
1 5
15 55
23 1
19 94
17 59
18 16
28 66
28 77
18 56
28 12
3 93
28 45
11 30
26 15
7 67
17 92
24 18
1 87
5 69
11 62
3 36
21 85
12 96
14 55
25 81
30 97
15 33
5 74
7 78
13 96
22 36
14 59
1 62
6 49
24 44
19 62
0 66
21 57
22 24
21 14
3 83
8 58
23 15
18 79
20 67
16 10
2 71
22 57
6 79
18 18
24 54
29 28
13 95
21 6
9 3
12 62
18 99
13 14
16 23
10 30
7 61
10 15
8 53
19 25
2 37
16 85
9 39
16 94
1 14
5 4
12 59
7 90
30 25
22 68
1 8
12 78
26 87
14 60
9 87
0 17
14 27
26 7
27 92
15 60
1 46
9 1
30 43
22 68
6 61
16 39
16 23
4 77
17 53
1 89
7 41
29 34
27 51
8 95
13 81
0 22
30 71
7 78
25 31
6 27
14 18
22 49
26 69
27 99
22 98
1 49
2 69
12 34
1 43
15 28
25 14
1 71
27 80
15 97
2 74
20 27
4 67
7 37
13 41
13 44
1 55
24 8
19 62
6 51
30 80
3 34
1 51
4 9
19 75
16 89
14 71
11 97
19 91
22 50
18 41
28 68
18 77
6 46
29 10
16 32
12 23
20 85
16 67
10 26
6 77
8 6
28 95
22 56
11 1
29 26
30 59
17 33
23 78
22 58
4 83
13 52
7 45
7 17
23 99
20 58
6 30
27 87
7 48
24 30
27 73
27 66
14 98
4 77
1 91
0 13
7 72
2 10
14 92
18 33
26 92
17 33
25 67
0 35
16 21
7 34
24 31
28 10
5 88
28 16
14 76
16 77
2 87
21 47
25 5
24 91
19 87
25 12
5 95
1 74
29 57
5 62
8 50
24 54
20 65
18 61
15 64
4 15
9 23
8 65
25 45
4 71
4 82
22 46
25 27
0 60
3 87
27 26
7 82
12 88
24 37
22 57
18 11
10 60
0 96
12 10
27 52
25 44
5 46
26 66
19 35
18 72
16 35
28 84
0 48
17 55
11 81
29 42
27 44
16 56
28 32
12 19
20 48
4 87
2 66
23 24
12 12
18 13
20 9
26 28
2 88
10 32
18 5
18 35
26 77
10 58
8 67
25 8
15 45
20 96
16 97
29 65
22 6
7 26
0 68
8 20
22 46
28 3
30 93
24 67
14 66
5 99
18 19
18 3
9 63
23 93
14 70
6 44
12 16
27 9
29 60
0 22
6 8
29 56
13 17
4 22
24 54
24 97
25 98
23 89
18 63
14 58
20 29
4 85
18 93
28 31
27 6
10 95
24 19
0 94
1 60
19 5
22 14
11 83
18 24
6 61
27 94
20 97
30 96
20 29
19 10
2 73
8 89
20 17
9 36
14 49
15 7
29 47
13 86
24 21
10 22
1 10
7 51
0 63
14 14
20 55
16 18
0 86
12 5
28 32
1 50
12 20
27 53
15 97
6 54
10 25
2 6
8 13
25 75
17 8
23 26
28 77
16 20
3 33
3 98
15 46
21 81
29 23
10 23
18 67
30 81
20 26
4 24
23 40
12 85
22 45
8 8
9 41
12 23
6 46
12 23
19 20
28 1
28 63
20 82
0 42
28 24
19 21
9 14
19 61
22 83
10 43
3 60
0 80
21 62
21 11
26 99
7 85
15 98
14 20
28 81
27 31
7 17
2 1
30 46
12 66
18 61
24 54
13 3
2 48
24 18
9 46
23 1
7 43
10 61
8 82
11 17
22 16
20 67
22 47
14 54
22 70
13 28
16 5
27 65
29 24
10 81
7 50
23 63
17 19
25 13
10 86
6 18
8 20
30 28
13 41
20 83
2 82
4 92
16 47
26 28
2 73
28 3
12 87
30 28
29 19
7 77
8 51
26 89
16 71
9 98
17 56
3 51
23 23
22 11
10 1
3 27
17 46
28 24
21 83
7 73
11 3
25 52
10 8
11 99
19 81
1 100
1 38
24 40
21 44
9 32
5 29
5 9
23 17
13 43
9 52
6 100
16 80
16 52
4 68
9 96
13 58
13 24
18 11
22 75
28 27
7 69
21 17
6 11
17 96
30 8
15 49
12 92
1 72
0 60
30 65
15 36
15 55
27 70
30 39
11 78
5 38
23 75
27 73
30 14
10 15
5 85
13 55
10 91
30 23
20 52
8 71
13 9
2 34
6 30
8 59
18 18
5 11
3 2
11 53
17 83
8 8
27 54
30 87
14 21
7 52
27 69
28 4
13 22
14 34
19 62
2 93
25 65
27 97
8 18
4 74
12 69
20 25
23 74
9 89
2 91
24 32
25 68
18 24
3 11
19 76
9 5
15 6
22 32
5 19
7 79
15 94
9 2
28 38
27 81
2 60
25 43
0 93
1 15
2 72
24 13
12 25
13 31
10 85
9 86
7 34
2 23
7 56
8 99
2 66
13 67
15 3
17 10
13 6
10 82
24 48
5 99
15 84
23 32
14 56
25 88
22 71
9 76
4 34
17 71
27 59
26 84
22 16
21 6
23 29
1 5
22 6
15 36
5 100
24 97
18 2
5 39
13 57
29 50
19 48
9 68
15 20
11 31
12 39
10 54
27 31
11 22
8 12
0 55
17 36
1 93
17 77
25 6
15 43
19 12
17 35
26 29
26 38
20 63
25 66
22 37
22 3
0 36
29 18
14 67
4 43
0 61
14 7
6 50
20 48
28 5
14 22
14 66
5 93
7 63
30 95
8 8
4 93
16 48
1 53
7 54
30 74
11 52
24 1
26 73
0 66
30 52
23 99
17 26
22 59
11 68
2 21
18 78
9 25
30 32
22 83
5 45
10 32
13 66
15 53
3 38
2 53
8 68
0 99
22 74
14 20
28 8
11 17
25 50
30 3
19 34
23 6
21 87
17 37
21 92
20 36
27 24
16 97
26 91
24 61
25 38
27 4
7 85
3 68
14 48
30 45
26 92
2 60
7 64
10 86
19 28
13 11
2 39
13 99
0 86
16 65
4 82
0 45
26 32
7 28
16 47
21 22
30 32
13 45
4 56
2 72
20 94
17 89
8 9
9 32
23 73
4 3
10 5
19 1
16 34
19 46
28 84
23 46
6 34
5 19
1 49
21 39
25 7
18 73
27 40
4 22
25 35
30 67
7 1
26 61
10 26
27 87
19 69
22 94
5 2
14 45
1 50
2 90
28 59
14 21
6 32
15 69
12 46
9 63
25 79
8 14
17 64
8 20
25 55
14 11
24 77
2 8
15 26
5 89
2 93
27 8
0 71
15 8
6 100
6 13
19 75
25 56
4 52
16 88
13 74
23 3
3 27
22 25
28 58
26 59
25 44
22 27
7 78
23 62
1 45
8 31
10 67
16 24
30 95
22 52
23 84
7 60
22 22
8 76
13 96
10 74
3 21
8 53
13 43
4 39
19 69
1 20
15 49
12 62
12 1
14 40
11 45
24 22
6 100
13 98
1 86
29 53
8 44
12 99
0 16
8 18
17 1
29 41
10 21
10 39
7 86
21 14
9 81
29 8
4 70
2 10
23 54
18 55
5 54
20 7
20 52
29 21
2 75
5 77
5 90
22 46
5 49
26 47
27 51
28 39
0 72
11 72
2 99
7 3
13 59
5 5
18 67
8 37
4 29
21 7
9 2
10 36
12 74
8 10
19 90
30 50
8 71
10 27
26 33
6 8
23 33
6 11
15 89
22 37
21 41
25 72
28 50
28 39
1 26
9 64
14 65
17 73
18 37
28 30
14 6
22 95
28 1
24 81
13 2
13 66
14 7
28 68
28 90
21 84
22 27
13 69
3 10
8 72
18 16
27 66
5 52
19 56
1 51
30 81
13 61
14 77
19 24
28 64
24 33
24 10
6 96
2 38
2 29
6 38
22 70
20 45
28 53
13 8
7 19
29 50
10 61
29 59
18 35
15 34
5 84
2 1
13 20
13 62
7 91
25 19
5 12
9 76
12 20
19 54
3 94
2 13
19 55
16 92
18 20
14 48
14 13
19 24
6 91
18 93
7 88
17 52
1 53
21 26
30 72
27 62
9 22
12 69
5 45
11 50
21 78
8 64
9 19
4 34
28 20
12 19
14 76
11 4
5 37
24 57
20 77
2 74
7 31
6 38
15 39
3 44
21 38
28 15
12 83
1 55
19 95
13 54
23 45
9 71
29 47
16 100
4 27
24 24
10 69
25 78
24 87
3 2
0 76
12 25
21 25
20 21
24 83
21 9
9 100
7 9
16 54
4 27
9 81
14 9
26 81
3 41
19 51
21 93
28 46
10 71
24 86
26 37
4 33
9 25
8 68
22 78
6 62
22 60
20 86
14 76
25 43
13 56
25 57
24 1
11 44
18 92
7 70
24 32
4 9
7 34
21 60
3 19
18 77
13 78
1 25
27 26
12 52
21 64
29 15
10 94
0 28
28 32
22 92
30 66
3 81
30 82
24 9
19 64
2 88
8 91
15 31
3 82
14 97
8 66
17 71
23 49
23 50
24 20
28 27
11 12
19 74
9 68
18 45
7 9
30 41
5 46
9 88
22 46
4 5
9 21
17 37
10 36
22 45
10 72
18 100
0 100
14 13
11 89
23 14
3 67
18 78
14 8
8 61
20 3
12 78
22 63
7 13
7 6
7 97
2 34
16 44
23 59
24 50
19 36
5 4
22 87
6 91
25 37
20 2
13 53
26 68
10 96
8 16
2 66
25 13
20 27
6 40
25 93
18 34
29 34
19 53
9 22
13 61
19 34
9 65
4 3
21 50
16 94
1 74
2 74
12 23
30 11
1 90
6 80
18 83
27 2
17 41
4 88
9 9
4 53
7 14
13 55
22 69
6 75
25 49
30 81
9 1
27 55
5 32
5 86
10 79
29 75
4 54
13 61
27 34
26 38
0 86
14 40
15 54
19 56
7 9
10 30
25 26
22 29
13 2
2 3
8 12
4 48
10 50
27 93
5 56
27 41
7 70
6 33
9 37
13 88
3 31
29 93
30 28
15 48
5 34
12 44
7 16
12 35
0 24
2 15
28 18
7 95
13 66
15 78
5 37
18 90
28 36
18 65
17 7
30 6
16 60
12 70
1 34
14 92
3 33
2 77
6 85
2 39
14 24
0 55
2 25
15 34
28 11
8 91
29 2
7 53
12 8
10 60
0 81
21 59
11 47
14 40
15 92
0 92
5 79
13 50
20 39
14 41
5 10
5 67
22 97
9 27
17 34
0 64
12 95
11 17
21 18
11 88
2 68
11 33
10 48
10 47
6 33
8 20
8 30
9 36
9 89
9 41
14 89
11 7
22 57
29 65
4 84
26 28
11 7
1 97
2 26
5 14
16 9
14 60
8 22
8 90
4 58
17 22
21 67
14 90
13 68
30 74
1 3
13 56
1 78
6 59
0 26
5 81
14 65
5 100
29 28
9 39
28 66
0 82
24 67
29 48
21 19
21 77
25 95
13 98
21 73
13 64
27 77
6 31
8 14
6 35
25 73
13 71
25 44
13 53
3 40
12 77
3 69
18 53
7 8
20 80
8 87
12 39
5 96
5 4
11 55
11 80
28 49
1 58
24 55
0 74
29 83
5 96
4 94
9 76
4 45
4 69
12 34
18 34
8 34
5 44
21 33
6 26
14 12
11 74
14 74
3 16
21 63
2 3
4 36
20 11
12 86
17 21
11 47
19 81
14 4
27 47
19 34
20 23
5 70
0 8
26 70
28 25
26 49
30 21
21 39
2 73
17 61
6 4
23 18
22 26
28 77
18 13
24 19
5 41
3 91
6 20
20 41
11 3
21 38
0 64
5 10
12 4
9 8
28 37
2 9
10 72
12 46
12 17
26 83
19 11
7 22
20 88
11 52
0 62
27 12
25 59
8 15
9 70
30 21
21 45
15 95
8 24
4 33
0 45
7 43
16 30
8 54
20 58
8 21
12 19
1 53
26 96
0 27
24 59
11 63
14 61
13 13
19 54
0 9
8 96
19 98
22 64
28 23
16 85
25 56
22 61
18 73
23 25
6 65
17 3
13 38
24 28
13 28
23 77
23 78
22 17
15 53
5 22
7 68
26 59
1 22
27 92
11 93
16 92
26 41
19 68
2 8
1 49
17 99
11 74
26 9
22 86
24 67
11 70
3 75
0 17
15 44
21 40
27 53
19 92
30 7
4 48
12 73
27 56
15 46
10 11
23 100
27 40
22 59
30 16
1 56
8 65
19 60
27 98
29 17
20 97
15 74
9 8
16 2
29 48
16 30
16 82
26 67
27 89
28 32
12 60
4 43
25 15
30 81
18 29
30 5
25 63
6 4
17 70
30 52
2 55
19 44
19 44
13 33
16 60
16 68
30 19
24 9
8 79
26 46
7 88
11 23
30 95
21 95
28 60
18 7
1 81
13 86
27 47
21 65
2 14
14 21
24 70
17 59
24 21
14 98
23 62
2 68
21 50
11 68
9 60
26 77
28 81
11 43
15 67
20 81
8 32
26 46
19 10
19 41
7 59
9 42
27 61
13 26
14 59
20 9
6 25
7 7
24 36
26 63
4 67
5 95
29 83
28 99
23 1
18 72
11 56
20 82
25 99
25 53
13 20
24 78
10 84
27 82
9 67
24 5
9 52
12 96
2 1
27 8
24 72
24 1
1 57
17 75
28 92
11 100
29 72
28 66
29 74
13 100
7 39
8 61
25 26
2 50
2 5
1 68
24 36
7 30
15 45
25 11
0 57
13 53
7 67
28 99
6 54
9 2
30 72
26 13
20 63
1 59
0 90
9 90
25 48
16 76
2 57
24 74
26 23
10 56
25 75
10 41
25 13
17 54
13 88
21 44
11 75
30 59
18 56
15 26
0 40
9 95
19 49
19 33
8 23
26 73
9 32
7 93
29 81
18 67
29 43
9 62
13 40
9 87
0 59
10 82
7 23
10 15
28 57
6 73
15 30
29 23
28 84
1 16
28 92
13 76
4 15
17 62
1 8
15 13
19 65
16 83
24 29
9 14
2 13
5 70
0 39
0 6
28 12
17 48
11 79
4 20
22 65
16 98
5 65
19 12
10 5
27 77
7 64
26 13
25 58
9 67
18 48
23 62
21 62
20 30
28 14
3 2
21 50
10 32
7 24
14 32
5 77
12 47
21 88
10 44
5 12
3 15
0 78
23 31
10 58
0 89
20 74
29 63
12 100
5 13
12 75
12 44
19 99
3 56
22 70
16 75
9 38
30 86
8 85
3 64
24 2
26 76
17 16
9 7
25 21
3 60
20 98
0 98
11 55
20 34
4 78
8 14
27 90
20 81
9 66
24 75
22 7
24 68
22 58
1 100
5 22
14 94
19 62
19 53
2 24
13 18
1 64
13 87
9 8
12 63
27 41
9 46
1 5
3 71
12 58
14 30
12 92
20 19
5 65
7 59
8 54
5 19
16 69
23 29
0 19
18 77
30 67
22 19
1 80
4 23
9 55
11 69
1 85
28 91
5 55
21 14
26 7
6 35
7 72
22 23
10 12
3 59
30 25
8 57
26 76
20 49
9 59
28 26
16 57
7 70
30 56
29 91
12 92
9 28
23 14
4 35
14 50
29 28
16 23
17 18
13 10
7 55
7 83
29 41
10 3
21 5
18 7
2 3
21 56
28 46
4 100
19 70
13 14
24 100
28 65
9 50
22 4
10 100
17 87
4 35
11 18
4 45
2 69
21 43
20 82
18 6
14 86
28 35
12 47
17 87
17 64
6 49
17 73
24 15
24 65
19 82
12 46
13 79
10 90
9 76
18 75
11 43
22 5
16 49
19 100
20 44
20 86
18 40
11 9
1 69
10 16
30 91
11 91
15 6
15 21
26 24
27 9
26 71
5 41
13 60
27 65
7 26
29 51
8 3
3 32
15 2
22 47
23 77
24 45
24 49
26 14
7 76
21 100
11 57
23 82
3 62
25 18
21 11
17 81
23 88
30 63
3 89
23 73
7 87
19 66
17 89
25 61
25 17
18 96
26 86
27 69
1 24
15 3
15 42
21 55
18 78
24 89
22 15
24 43
24 39
18 43
6 39
12 83
4 72
21 12
26 54
9 77
15 50
1 91
20 27
13 50
23 74
1 7
2 90
2 77
24 6
1 99
27 87
22 37
25 13
17 37
0 77
5 66
10 49
30 80
12 78
18 34
23 34
24 85
11 14
7 4
13 98
17 47
16 7
29 21
18 6
15 46
7 44
17 90
3 89
28 67
17 30
20 96
18 96
27 78
11 47
16 26
21 13
12 65
12 37
0 65
12 62
18 35
28 59
12 8
22 31
1 42
4 54
22 70
19 49
10 26
19 5
19 53
30 85
29 92
7 83
26 32
27 54
12 91
14 68
2 33
19 4
22 56
20 82
30 16
21 11
27 39
29 27
12 71
3 66
30 75
22 5
17 68
4 9
2 53
25 19
26 56
6 29
11 2
2 46
13 14
25 83
19 16
7 90
16 49
14 97
10 46
13 65
1 8
30 92
10 97
29 87
5 35
16 44
2 84
18 21
28 63
18 45
22 27
19 93
4 7
21 40
22 21
25 40
18 90
28 86
2 18
14 25
6 13
18 34
2 40
18 53
27 44
29 84
20 8
5 47
10 69
10 12
22 28
8 73
0 40
23 30
26 40
19 33
6 96
25 90
2 75
24 84
11 17
24 1
14 2
12 7
14 56
11 52
25 85
25 100
23 54
18 21
21 9
25 19
25 100
15 24
17 44
9 56
6 55
8 66
2 34
9 6
13 29
5 45
29 68
28 63
11 23
11 71
21 84
22 35
22 85
17 46
2 89
15 83
30 63
21 36
9 48
10 39
6 13
29 15
4 70
2 62
15 57
16 18
1 77
6 50
22 2
11 43
29 78
7 59
25 92
0 93
15 9
4 2
13 29
29 35
6 13
21 90
26 7
12 3
18 73
2 15
27 85
0 44
12 92
21 71
24 35
21 20
26 11
28 76
28 1
28 37
19 38
14 97
24 1
16 97
22 2
15 68
25 24
9 88
13 48
7 88
11 23
0 99
23 7
4 32
0 7
12 20
6 55
2 12
25 70
19 40
10 97
29 7
21 4
23 93
17 39
16 95
16 76
29 58
26 27
11 74
19 56
12 33
1 17
23 50
15 24
6 10
12 30
16 22
14 51
19 88
22 50
10 88
11 100
20 70
18 27
16 96
8 94
18 13
7 90
25 70
13 12
12 88
13 73
17 52
8 73
7 2
15 44
25 7
11 92
26 48
18 20
19 24
29 12
10 5
1 38
2 58
25 14
17 92
14 68
23 26
11 43
5 21
23 44
12 24
28 78
4 83
20 7
28 86
14 82
29 57
3 55
13 60
24 50
0 90
0 14
24 25
20 13
12 45
4 70
17 47
16 24
0 54
2 73
6 60
30 19
20 23
28 27
13 73
21 91
6 86
1 78
10 97
24 49
1 7
19 13
23 3
2 44
18 92
11 81
10 68
23 64
13 35
12 21
16 43
29 34
20 31
12 77
20 38
27 5
25 93
14 94
22 16
28 65
17 1
5 1
19 69
8 64
14 19
18 2
24 55
29 6
7 18
20 1
12 12
24 23
12 31
18 35
6 66
9 13
25 2
29 22
25 8
22 88
1 52
22 70
4 65
16 90
19 99
19 68
29 57
28 58
27 43
19 72
17 73
9 77
19 71
17 53
6 62
2 84
9 71
16 29
21 76
25 65
17 40
19 49
1 1
0 46
8 91
0 17
30 33
6 5
11 96
10 20
14 65
7 18
25 43
22 84
13 56
23 48
18 83
16 28
14 3
17 38
3 76
12 73
17 25
5 52
17 63
5 98
28 1
28 24
15 25
23 64
7 67
23 31
3 47
2 90
3 89
8 75
4 85
19 38
6 24
26 97
24 83
12 48
26 79
8 1
10 33
12 30
25 1
15 46
19 62
11 68
8 16
18 2
12 9
25 73
19 92
24 60
24 82
22 33
17 66
16 59
2 88
3 54
15 86
9 10
20 72
29 86
27 82
23 32
10 75
23 40
2 35
13 31
29 64
30 11
16 32
23 42
13 42
1 38
24 31
15 90
17 29
21 64
21 49
18 11
18 58
7 47
23 81
8 66
12 60
25 12
17 7
7 42
9 78
27 26
2 3
30 45
14 63
6 71
19 37
28 84
19 64
16 24
16 36
8 28
10 40
12 1
0 48
8 34
2 35
23 85
4 90
16 22
10 38
29 21
18 75
21 66
19 40
0 12
30 83
23 84
3 30
19 63
24 5
16 61
3 63
5 39
16 66
27 34
24 73
15 81
21 24
18 73
20 29
4 83
24 6
26 81
6 53
18 96
15 98
21 71
2 45
6 55
9 52
25 28
15 99
29 17
12 70
30 34
15 19
30 69
1 18
20 42
22 59
29 20
14 47
19 96
4 94
29 69
21 5
15 33
23 16
12 60
4 31
3 35
19 47
26 84
27 46
9 28
8 31
11 36
28 1
24 71
16 55
0 9
6 8
6 69
5 99
15 92
23 77
27 63
15 88
22 2
30 4
21 15
14 62
1 75
17 8
0 38
2 29
11 81
3 58
4 78
0 33
3 6
5 58
19 41
19 91
29 8
4 89
18 48
2 53
22 36
23 53
22 33
6 21
30 90
27 98
17 27
4 74
23 43
12 56
18 72
13 51
6 21
1 78
9 45
30 15
12 37
14 84
27 43
5 60
5 17
14 79
22 6
28 71
11 46
4 79
22 55
15 24
30 86
4 91
16 26
26 17
5 57
12 21
19 80
21 43
17 36
1 42
30 82
26 35
14 38
9 89
6 43
20 27
11 30
23 46
27 79
1 100
27 18
0 49
13 61
10 69
9 48
6 93
21 59
25 97
7 59
4 96
28 63
10 47
30 60
3 25
11 33
5 29
26 20
20 77
7 89
15 75
7 26
17 19
16 81
15 98
13 43
0 55
28 88
21 95
23 72
28 70
11 58
7 17
12 7
16 76
24 86
0 4
16 7
27 92
3 39
30 42
19 61
28 69
18 90
23 28
3 72
23 63
4 96
24 39
0 62
30 46
6 19
30 52
18 99
15 92
0 16
0 68
17 63
19 48
14 52
29 10
29 100
23 88
8 83
21 99
14 95
19 93
0 5
8 45
8 91
28 19
9 2
6 32
10 7
10 12
17 78
10 49
6 64
11 99
12 77
25 26
23 10
7 53
27 25
16 87
13 54
8 88
26 95
11 89
9 21
22 55
25 81
7 68
11 10
26 86
10 86
11 50
12 81
12 14
15 46
18 51
4 55
27 83
17 34
23 1
13 69
1 63
14 53
15 54
19 49
18 93
0 86
16 12
17 33
0 27
10 78
27 9
0 72
6 29
2 31
22 24
9 45
24 44
25 23
7 33
24 3
30 2
10 92
12 12
18 15
12 78
30 93
26 11
19 28
21 53
11 48
3 26
5 59
3 67
23 29
17 2
23 64
16 62
4 38
18 91
30 52
22 32
26 54
22 95
14 5
24 35
29 10
10 37
26 10
23 71
15 21
0 93
26 99
25 22
2 72
30 76
21 41
16 49
15 10
22 48
29 73
12 26
26 65
19 11
13 29
13 99
10 8
8 37
17 78
30 53
9 84
16 21
8 6
17 8
29 55
5 4
25 68
6 48
1 78
16 30
26 63
19 94
15 92
6 71
13 29
19 36
5 25
2 77
22 21
8 1
2 4
1 26
15 71
4 71
9 32
13 20
6 51
7 44
20 58
2 67
19 84
27 22
23 28
26 99
12 19
14 70
15 45
21 18
17 13
14 7
16 22
6 30
2 89
10 78
5 60
2 10
4 24
13 93
12 88
2 83
7 14
26 27
30 100
3 81
30 39
12 83
3 62
14 44
0 62
26 87
7 98
24 18
22 54
4 96
15 63
3 84
19 74
11 43
6 11
28 100
14 92
23 8
23 98
12 66
10 11
19 15
10 83
28 89
0 39
19 66
19 82
11 98
19 63
5 17
19 81
2 17
20 67
11 21
1 43
20 55
19 66
25 67
24 40
26 39
16 31
18 79
6 27
10 47
30 74
3 70
16 95
27 11
23 76
8 57
22 65
14 81
1 89
24 84
15 8
2 1
17 30
29 93
22 7
0 91
30 36
1 76
25 63
11 56
7 47
16 34
24 43
12 85
19 90
28 69
9 33
24 88
22 2
2 39
17 14
9 81
26 31
6 86
24 84
19 18
3 40
24 45
22 21
8 62
16 69
21 73
10 58
15 73
26 80
6 89
26 69
23 42
3 35
1 74
2 96
24 26
9 93
15 4
6 59
9 65
7 53
20 93
16 66
6 75
29 71
14 21
8 23
3 10
12 81
4 68
10 17
27 54
5 75
9 36
10 33
28 19
7 5
25 36
6 25
25 31
28 47
3 66
6 66
19 17
23 35
10 36
6 71
14 31
0 3
3 89
27 49
3 33
23 37
19 58
1 98
18 50
13 34
4 31
27 2
13 58
22 39
5 20
15 26
1 99
30 26
21 54
20 92
12 8
12 42
21 98
30 49
21 6
20 17
29 89
27 88
10 4
19 43
19 65
22 76
16 16
17 79
24 63
9 29
10 34
16 23
30 19
28 65
16 2
13 43
25 9
25 36
11 60
5 2
4 46
20 37
8 56
14 38
4 93
17 64
3 26
27 12
5 26
24 98
14 19
20 56
14 70
14 4
18 50
15 6
12 30
19 51
3 34
8 86
16 33
3 77
19 87
7 80
18 94
6 49
5 50
5 26
28 14
21 18
30 16
8 96
24 29
20 16
13 58
13 91
3 82
21 43
4 48
5 48
16 67
7 58
11 77
8 86
7 46
7 28
19 25
11 12
10 61
26 14
15 60
24 68
11 27
7 2
18 89
2 13
0 14
7 4
13 34
13 97
22 45
12 47
20 21
18 2
25 60
21 39
0 51
20 92
23 5
17 100
19 74
12 21
3 78
3 75
6 53
1 96
26 58
22 55
30 60
1 82
3 32
10 17
26 2
22 48
14 69
18 46
16 55
24 41
7 36
1 52
13 23
28 71
2 50
22 22
4 10
22 10
10 86
22 33
22 56
1 37
23 23
14 76
26 88
25 91
6 98
12 24
6 93
8 58
2 13
16 65
28 71
12 17
26 84
5 51
1 88
24 83
6 86
16 40
12 68
18 27
22 85
7 9
25 36
25 73
15 53
27 83
22 97
25 52
27 1
20 43
9 5
17 51
5 83
21 11
1 80
16 23
3 86
30 94
25 65
8 17
16 33
1 34
25 61
8 84
12 25
8 52
20 40
19 51
22 64
8 87
5 90
24 85
20 24
22 77
0 77
9 75
6 5
23 55
24 88
19 66
18 63
24 23
5 97
22 45
0 64
13 65
6 62
30 1
30 81
18 53
25 93
17 93
15 36
26 34
14 88
30 42
23 74
13 18
8 57
29 27
29 28
24 6
28 75
8 73
16 68
3 49
28 33
26 53
26 14
25 79
26 57
3 23
28 26
22 86
10 3
9 48
8 41
15 68
16 92
16 31
23 31
12 5
7 70
11 41
7 10
3 64
30 43
18 41
27 48
8 100
2 20
14 11
23 87
16 65
25 29
6 44
23 95
22 65
24 62
5 10
22 92
0 68
13 88
6 74
24 28
18 98
8 4
28 51
13 77
1 17
2 94
26 9
19 22
2 55
15 63
1 68
11 87
2 76
28 42
29 62
28 62
7 91
29 10
25 95
17 33
9 70
12 63
28 33
17 6
28 61
19 6
11 86
17 29
8 56
13 22
20 73
21 60
27 29
12 75
29 43
3 15
2 83
30 1
8 63
11 63
18 53
27 52
2 3
4 37
13 95
28 52
25 14
1 42
13 33
11 36
27 79
14 69
3 22
8 75
8 32
21 90
26 31
22 93
22 40
16 31
24 53
7 21
26 5
27 31
7 38
29 22
1 97
11 39
4 81
28 71
3 96
26 96
11 79
26 98
29 5
30 99
10 79
29 83
10 5
1 50
2 30
1 45
1 14
5 29
13 19
10 98
20 31
24 43
14 63
18 79
4 34
1 35
13 57
1 72
3 38
8 93
12 9
19 34
22 68
5 6
25 27
3 94
24 28
8 43
24 56
17 37
5 17
26 58
19 10
4 43
7 72
30 77
21 77
29 67
18 51
8 75
24 48
16 21
28 77
30 56
16 99
26 73
23 18
14 6
20 47
21 15
9 61
19 70
26 81
2 80
3 96
5 42
3 34
8 81
2 61
29 32
15 64
0 78
25 55
16 73
8 81
24 30
14 84
21 46
23 10
15 1
5 93
21 54
21 84
26 93
0 61
5 67
2 35
30 76
6 74
17 16
29 43
6 37
27 5
25 27
14 25
1 77
13 53
3 62
17 9
9 48
6 84
9 3
15 42
6 19
20 77
13 2
27 58
13 37
16 25
0 88
0 88
26 1
19 86
25 18
24 66
12 39
19 67
13 83
19 54
16 7
28 73
27 99
21 19
1 87
2 19
3 6
12 13
7 35
5 65
7 49
28 43
15 81
30 4
1 72
9 94
15 73
15 53
28 38
25 39
12 8
29 83
30 18
1 47
28 24
11 58
23 7
14 56
26 9
18 47
9 26
15 71
25 81
28 62
17 87
1 76
7 25
17 14
3 77
23 37
27 74
12 1
22 100
11 28
17 49
25 79
1 31
27 35
3 44
14 20
27 6
4 56
22 33
29 42
2 93
24 22
3 51
20 72
14 34
25 55
19 31
22 41
19 68
7 87
24 32
24 84
16 29
25 89
21 88
0 66
12 13
0 65
14 86
0 39
20 77
11 43
8 27
19 35
5 75
17 51
8 32
5 65
14 60
26 100
30 8
11 24
22 50
11 64
30 53
4 51
26 90
29 2
8 75
3 9
24 62
7 88
14 59
27 96
7 13
23 41
24 76
19 25
16 81
27 83
17 1
28 15
16 87
18 56
0 91
12 48
30 74
21 26
25 63
22 18
20 38
14 57
9 57
21 87
7 19
7 6
22 49
9 71
8 73
22 47
22 10
6 42
14 56
29 3
25 93
19 52
11 78
13 11
5 89
7 53
30 96
24 99
18 15
0 27
20 23
2 46
19 97
20 87
0 40
12 20
11 46
23 37
25 34
30 44
30 65
30 32
25 38
0 39
12 14
14 74
18 98
4 93
4 26
0 2
25 57
2 40
13 36
23 29
3 64
12 8
21 52
15 27
15 94
17 86
24 74
16 72
13 51
15 39
5 89
14 32
10 58
4 89
18 12
29 95
7 63
10 89
26 62
18 49
15 69
5 43
13 61
0 30
10 98
28 3
5 17
0 74
27 66
28 56
27 35
16 19
21 69
12 55
13 96
29 22
29 23
4 12
21 2
15 70
7 12
23 46
5 5
0 58
25 70
10 8
6 48
9 2
16 82
28 7
24 75
30 2
18 81
5 22
0 57
18 19
25 81
16 41
21 9
20 44
15 28
2 84
23 63
8 51
23 10
3 20
13 45
25 55
12 35
24 96
4 78
2 90
15 84
2 28
5 93
2 42
1 9
25 20
10 59
13 66
0 68
28 100
4 34
23 41
23 66
22 63
12 64
13 1
18 49
20 57
6 32
17 79
11 83
7 59
19 3
28 41
24 19
17 20
17 28
16 58
26 1
10 89
23 19
20 56
15 64
15 97
18 75
22 9
25 95
19 83
0 82
19 52
8 16
25 72
27 57
20 74
22 100
3 3
12 24
5 22
17 64
