100
14 75
14 84
4 72
13 13
18 93
21 15
29 32
7 75
4 10
25 80
21 66
14 17
24 90
9 63
4 30
23 66
11 54
0 72
17 87
3 68
17 81
1 99
5 56
18 17
24 52
11 72
2 2
19 3
0 76
11 19
7 40
7 45
10 5
15 79
16 73
3 98
25 32
5 17
1 30
13 59
26 11
2 61
24 79
28 92
17 85
25 80
23 3
29 96
30 77
25 93
19 43
4 60
16 95
9 79
24 21
30 25
13 11
4 69
18 25
26 12
2 18
7 52
20 43
7 71
9 16
4 36
20 74
30 32
19 73
16 84
0 30
15 76
12 36
13 1
3 41
26 31
29 27
2 3
18 74
5 98
13 74
29 56
23 97
12 31
7 29
8 90
6 71
23 91
25 59
13 22
24 66
24 87
10 13
11 56
14 58
17 96
4 69
16 35
21 68
16 7
8 15
19 10
7 48
24 20
23 83
1 31
6 88
23 10
19 89
27 97
0 25
5 1
4 96
7 65
21 37
19 15
8 23
2 15
10 80
19 46
30 90
4 54
30 41
20 12
29 31
20 87
10 22
0 98
24 40
24 42
20 42
18 44
29 88
16 35
13 45
11 81
11 70
16 29
13 47
23 78
2 10
22 40
6 84
27 76
25 38
18 44
16 18
1 35
24 64
7 90
25 18
2 78
17 38
22 26
4 68
21 36
9 74
3 38
19 18
1 84
27 19
10 2
20 40
5 2
1 87
9 42
27 47
27 55
20 38
5 99
12 16
21 75
0 25
4 82
5 54
28 47
25 44
11 1
1 6
11 79
9 19
18 91
28 46
29 32
29 79
7 35
13 61
10 88
15 100
25 71
24 83
2 79
15 29
17 34
24 7
17 80
27 86
16 22
1 11
27 44
0 29
28 95
30 87
25 22
24 67
21 89
19 93
23 86
22 88
17 67
27 43
2 51
3 52
25 75
5 71
6 78
3 9
20 24
1 16
25 36
8 31
17 57
19 52
11 71
30 75
28 63
15 84
3 20
23 3
25 55
5 43
22 16
16 41
25 57
29 1
13 63
25 12
7 30
30 9
10 23
20 30
6 41
10 88
20 83
9 67
4 14
19 16
25 26
25 33
16 71
23 87
4 79
17 34
20 98
29 84
19 70
8 43
18 32
3 69
27 24
12 63
24 91
11 93
13 90
6 18
29 100
6 27
25 65
14 76
10 96
7 6
8 93
29 62
13 53
21 100
4 77
29 30
2 41
24 35
12 71
14 44
8 19
30 54
30 77
7 38
8 13
6 74
27 85
12 55
9 95
30 28
23 48
30 29
19 24
30 53
0 74
2 69
29 78
18 21
8 69
11 76
29 87
9 42
12 85
0 89
14 50
14 45
15 22
23 98
0 54
23 68
6 63
3 96
1 72
25 73
16 18
27 87
10 90
23 47
1 10
0 29
26 38
23 56
0 38
20 98
9 6
8 54
12 80
18 100
14 37
5 40
24 51
19 93
12 45
21 39
3 85
23 43
27 65
26 77
12 96
17 100
19 68
29 13
29 8
11 37
15 20
13 45
11 51
4 18
25 79
0 66
25 45
1 77
22 8
16 88
5 8
10 69
1 62
9 34
25 1
3 1
15 16
4 29
6 80
6 15
21 74
4 67
11 73
18 53
9 11
24 56
1 69
0 31
23 18
24 28
30 25
4 36
15 93
27 42
28 56
1 26
20 41
7 56
22 39
18 24
14 20
3 41
16 31
1 26
15 91
0 12
8 92
27 99
18 95
7 67
8 44
16 25
18 37
2 53
14 7
1 65
23 64
15 20
0 93
16 51
4 35
14 10
22 21
18 79
19 83
7 34
9 4
19 86
26 82
20 37
10 90
15 28
23 29
15 72
17 68
2 27
13 14
8 18
24 19
7 99
2 98
4 41
7 13
6 79
26 95
10 22
10 85
22 4
13 9
24 19
9 77
12 70
20 25
20 25
2 74
12 53
19 36
11 96
21 70
9 49
22 89
6 73
28 56
20 48
25 81
18 43
26 33
23 27
1 53
27 95
24 16
17 13
29 53
21 36
7 77
25 91
18 59
10 39
7 64
30 75
25 15
26 8
14 42
27 58
11 3
28 43
8 91
27 21
26 42
0 9
20 40
19 80
30 42
19 47
23 24
23 98
18 13
23 57
13 91
28 39
8 9
9 82
3 91
30 1
29 62
17 79
8 36
29 70
2 14
22 61
18 96
3 94
18 20
6 58
9 91
19 68
23 16
9 85
6 100
21 49
22 79
23 89
27 68
20 72
19 32
29 92
18 74
5 80
14 64
16 95
19 49
26 92
28 97
8 62
21 57
21 24
2 38
26 19
28 83
8 69
14 68
6 26
5 95
8 22
22 28
13 37
29 84
26 96
10 10
4 49
16 10
17 5
24 55
14 13
6 28
8 2
19 94
19 25
22 92
10 44
20 4
17 71
0 10
11 35
19 47
26 29
17 6
23 91
29 85
24 78
6 54
3 42
18 71
8 78
18 56
10 68
19 37
27 73
6 33
16 95
15 42
25 92
10 94
2 20
30 56
26 79
14 55
10 46
18 30
29 36
22 11
13 92
14 85
18 19
20 4
11 17
4 100
16 67
1 30
26 79
25 43
21 80
6 41
29 32
21 44
6 90
16 24
28 84
19 43
20 41
10 93
1 91
14 17
20 56
28 14
10 68
30 70
25 77
15 56
18 55
25 15
13 74
7 94
28 88
4 61
12 80
19 97
23 14
8 67
0 74
10 80
15 10
8 97
27 22
3 4
0 10
22 46
5 14
25 27
23 82
22 97
6 82
14 64
7 66
17 84
7 91
12 26
4 23
19 73
25 26
22 68
12 98
14 45
3 84
24 2
10 20
24 29
8 8
6 88
4 85
11 55
17 36
10 26
20 42
9 97
9 78
13 88
19 7
15 53
6 19
12 2
12 69
11 1
5 15
1 13
28 10
20 22
17 40
28 7
22 80
22 92
3 32
12 43
8 54
16 94
28 100
19 22
4 87
16 5
24 73
3 26
10 78
9 87
26 52
28 70
14 13
18 23
3 6
21 85
8 5
1 38
4 17
16 90
3 4
15 31
26 68
25 99
12 54
5 11
30 83
7 48
9 63
8 50
28 44
9 40
6 25
2 16
19 86
23 94
17 25
22 61
27 63
10 92
9 92
28 56
27 34
1 84
2 69
14 99
22 18
24 86
9 17
1 4
26 61
13 92
18 90
20 89
23 21
14 57
3 16
24 40
28 60
21 8
12 53
11 76
24 88
9 27
1 72
3 57
15 23
8 89
20 32
28 35
20 87
2 52
21 97
22 28
18 83
4 32
28 79
1 52
14 53
7 49
4 67
16 76
7 47
24 12
24 65
4 9
25 34
1 14
9 44
11 63
0 9
18 94
21 14
10 81
8 54
24 1
0 38
5 99
9 41
18 65
19 2
22 16
8 64
17 21
25 21
1 42
25 65
28 40
22 99
22 80
15 52
24 93
29 27
14 77
3 14
17 54
16 53
20 27
14 76
24 82
30 17
21 77
27 31
21 81
19 34
3 97
16 53
19 62
23 87
18 57
13 54
16 99
30 70
7 63
1 35
1 69
16 88
18 6
28 19
13 84
22 42
26 33
9 73
21 52
8 47
2 38
2 62
22 81
17 55
2 32
3 49
13 85
26 1
9 42
14 22
7 77
23 44
9 96
7 35
13 42
5 28
10 22
4 95
19 72
23 93
7 31
22 23
22 20
20 65
6 68
1 100
8 30
18 19
15 83
5 44
15 64
29 76
3 87
21 39
14 45
30 97
6 56
30 62
26 14
30 3
22 47
9 63
16 51
8 83
1 29
23 69
22 84
3 32
2 67
17 20
16 64
20 90
9 9
18 31
5 67
24 72
16 86
0 1
27 45
15 25
14 85
25 6
4 47
25 62
19 67
29 18
22 62
23 16
16 69
0 36
25 58
6 1
24 59
23 34
0 21
13 75
28 20
12 40
29 18
30 49
25 51
8 6
30 88
17 4
1 52
8 42
30 55
2 89
13 47
16 36
3 29
27 45
8 86
12 86
7 60
10 41
23 73
19 57
25 90
0 82
10 12
24 74
4 49
16 38
1 83
14 5
18 3
1 97
4 89
11 11
4 3
30 85
4 60
25 6
3 75
0 63
12 100
19 27
25 12
12 53
12 90
23 83
25 28
30 44
9 35
4 13
7 7
27 34
1 25
4 58
9 18
0 37
18 26
24 74
24 21
25 4
16 95
16 41
9 62
28 52
20 22
11 76
18 47
1 69
21 11
10 5
16 25
15 44
22 9
8 40
29 37
28 6
4 4
20 62
23 71
9 11
7 8
18 77
4 59
19 69
0 54
13 28
23 100
0 20
24 8
4 12
27 64
22 38
12 64
26 12
26 15
13 50
25 73
24 80
11 97
9 37
18 31
7 43
28 70
22 62
30 68
1 95
6 29
7 76
29 86
4 64
14 53
4 62
28 55
25 56
25 98
27 53
1 23
23 84
15 86
29 14
9 16
8 59
2 100
27 29
24 78
16 78
6 12
25 99
19 89
25 80
14 96
21 62
14 26
14 42
29 66
18 26
19 100
26 97
8 86
30 79
19 94
5 72
23 84
9 24
7 25
16 97
0 31
16 29
9 44
23 80
15 16
8 64
19 70
23 71
20 90
23 15
18 54
24 19
18 87
1 38
16 60
30 52
11 18
3 8
11 43
8 58
10 30
9 63
0 16
30 42
26 43
8 32
4 34
30 40
22 8
4 53
25 57
15 57
30 93
23 46
1 6
16 8
16 24
22 91
16 48
23 36
7 97
24 44
4 39
19 89
19 24
8 32
5 50
30 30
12 69
21 56
21 13
30 40
25 49
30 71
14 91
27 91
29 48
17 90
17 75
27 56
10 13
24 90
7 23
11 45
3 79
0 18
17 62
7 55
26 53
29 58
28 41
13 88
3 20
17 40
11 97
1 44
25 74
18 86
23 55
21 63
19 69
24 76
9 95
19 26
11 16
21 80
11 22
16 11
12 12
27 10
20 77
18 55
27 9
2 1
15 4
24 53
22 18
24 47
10 93
16 73
20 19
2 26
16 38
23 39
5 22
22 90
27 38
9 62
0 77
10 89
14 62
16 47
4 21
0 4
3 25
0 5
29 75
3 74
7 14
26 99
4 95
12 50
23 35
9 31
27 14
18 46
13 60
18 68
15 22
28 43
9 68
21 6
6 81
5 30
25 34
1 10
5 84
5 64
10 80
20 8
2 64
24 6
7 77
9 75
22 49
17 13
9 5
18 84
19 38
16 32
21 49
10 100
26 96
18 20
12 44
14 27
20 66
22 13
25 53
16 60
10 58
6 14
27 50
21 93
6 82
9 6
13 52
4 38
13 54
21 89
21 35
19 86
22 50
4 67
4 22
17 8
5 35
19 53
21 76
1 2
28 80
22 91
29 65
28 94
12 47
19 85
15 47
11 70
24 55
14 44
15 57
29 78
16 9
21 28
14 55
1 17
5 4
23 18
16 88
6 95
18 27
1 10
0 70
3 24
18 1
18 2
1 70
0 74
13 20
1 87
11 45
12 83
9 53
17 28
26 57
13 2
17 68
7 45
4 15
9 10
2 69
20 39
25 98
12 85
4 96
13 62
13 77
5 67
25 100
23 99
11 51
20 95
26 11
6 10
6 87
12 74
23 20
20 64
10 35
14 41
12 22
25 92
14 16
21 92
4 52
17 53
24 47
29 15
11 30
5 43
14 80
14 86
7 45
5 29
17 21
27 19
22 81
7 39
13 93
22 69
22 17
13 10
14 53
5 15
9 45
23 61
15 90
22 89
14 28
22 49
19 6
29 19
6 41
30 45
22 18
10 83
12 81
15 96
15 59
20 34
17 58
10 27
27 12
28 59
12 88
12 25
2 43
23 92
22 2
8 23
16 17
14 70
18 46
19 21
5 10
26 42
0 2
13 96
19 78
20 56
23 95
19 50
26 85
25 92
18 86
8 88
28 35
7 42
6 95
19 89
16 98
18 38
0 83
19 58
27 13
8 57
28 12
29 45
19 55
23 52
6 43
0 73
27 94
13 22
25 39
29 2
20 88
2 29
21 62
25 76
4 12
11 48
18 31
21 9
4 72
18 37
22 29
21 87
4 24
8 21
23 66
12 80
8 72
28 64
20 27
26 54
13 9
21 28
5 79
23 73
19 94
9 49
17 30
30 28
24 68
24 89
11 56
12 1
6 26
15 55
13 50
18 96
8 34
7 85
6 86
0 24
2 63
12 7
27 60
7 43
21 65
16 50
2 19
16 83
24 57
6 74
15 31
4 83
22 73
20 44
28 53
23 21
7 49
27 81
28 34
25 89
19 20
24 56
28 25
9 39
6 26
21 63
7 99
2 7
25 84
12 30
8 45
21 42
12 60
19 13
21 54
18 37
22 47
23 70
11 18
29 77
22 49
18 64
16 7
17 73
30 28
19 74
9 17
9 57
18 91
24 47
9 98
21 32
0 77
30 76
22 79
18 26
2 28
9 35
6 74
1 95
7 32
4 31
28 39
5 27
28 38
8 65
9 48
25 37
14 14
18 1
25 10
3 85
8 44
24 62
22 86
29 78
4 90
27 68
29 24
13 30
26 2
13 17
6 54
6 70
27 18
27 75
0 94
23 89
2 93
19 1
5 72
14 92
15 24
15 18
22 35
4 29
6 27
1 45
5 52
13 5
7 38
9 14
1 47
26 98
16 12
6 40
1 97
22 17
18 52
14 60
7 4
20 12
2 86
16 16
23 68
20 51
21 87
24 25
1 30
12 2
17 96
16 15
17 13
12 67
21 61
21 87
19 52
8 87
12 40
21 77
21 46
1 37
13 7
1 1
29 23
29 38
18 36
1 12
2 51
10 8
27 14
2 86
0 65
28 56
4 80
30 76
18 85
13 17
19 87
22 71
20 97
26 86
13 17
8 37
21 99
10 87
30 63
25 41
4 98
5 72
22 66
30 70
26 37
20 91
25 73
19 56
0 78
2 12
17 18
1 59
4 83
16 65
24 49
24 16
15 84
14 75
27 42
2 19
6 7
11 59
10 14
9 39
20 47
24 34
28 41
9 67
17 25
24 43
12 19
24 80
10 66
16 9
11 77
8 22
15 62
16 54
15 78
21 27
27 66
11 41
3 79
28 70
7 49
2 83
11 29
20 44
7 94
27 51
2 75
10 62
4 61
0 12
15 91
5 6
19 17
18 39
29 17
10 90
18 64
8 67
8 98
16 17
30 98
2 68
3 65
19 2
2 19
23 50
25 31
9 18
23 69
10 13
20 87
10 49
25 48
30 64
17 20
1 48
6 23
27 62
5 72
28 90
8 90
5 35
9 1
26 26
0 92
27 65
7 35
24 6
10 94
8 60
19 63
27 59
25 80
29 98
6 51
18 70
5 4
28 30
22 12
22 3
11 82
19 80
0 88
4 93
20 69
5 49
18 4
13 2
10 85
2 63
29 82
8 39
15 28
25 23
18 43
29 74
16 48
23 36
25 3
16 49
12 52
23 41
24 87
7 76
29 75
30 40
20 95
2 97
28 54
1 27
1 74
11 17
27 94
2 79
6 82
6 65
3 47
8 10
29 26
17 11
0 87
29 81
14 57
19 40
26 90
17 81
6 1
10 51
27 27
10 55
17 40
22 66
1 62
7 80
28 23
3 67
29 1
23 50
8 64
30 26
9 14
23 78
2 1
23 85
3 32
7 97
4 55
3 75
10 22
12 84
21 36
0 74
25 87
0 82
24 28
25 34
13 1
14 35
10 35
23 5
5 47
10 93
26 8
17 9
7 63
26 75
29 4
11 88
27 49
5 20
21 57
30 53
19 61
27 70
5 57
11 72
13 20
3 24
16 10
21 92
21 1
15 78
0 92
25 43
27 62
8 72
19 96
21 82
3 12
8 31
11 68
27 90
18 3
30 1
15 28
17 68
15 49
16 49
20 34
0 37
26 88
26 22
7 62
6 6
9 3
14 54
22 28
28 2
12 64
25 8
25 24
12 68
18 54
10 93
18 15
9 63
15 65
13 48
21 25
5 30
8 91
13 51
5 63
19 21
20 40
7 32
11 8
22 13
30 50
8 33
3 87
10 15
6 86
19 42
9 85
5 73
28 50
8 45
17 82
10 22
8 63
25 35
16 52
22 89
25 38
7 90
29 27
14 73
10 83
14 75
1 79
29 88
27 20
20 38
13 7
21 39
12 77
16 87
4 6
30 61
16 38
27 59
30 48
1 17
12 77
30 7
7 24
11 84
23 14
10 26
0 21
20 53
22 97
20 58
8 30
9 19
16 89
22 13
0 15
18 88
26 4
18 74
13 26
26 16
16 64
8 15
13 12
27 65
11 23
6 36
8 60
4 21
5 47
12 76
21 75
11 3
7 80
29 5
4 5
28 18
5 34
9 68
30 22
25 61
4 51
5 4
7 61
0 85
23 58
19 67
10 7
1 20
2 59
18 76
0 80
2 91
21 49
25 22
18 18
17 21
9 64
6 48
21 23
18 72
8 99
9 41
30 98
5 94
10 78
18 61
27 8
25 58
23 1
8 17
20 54
14 34
0 48
20 32
5 80
17 80
5 22
23 6
7 90
25 53
29 11
26 55
6 5
29 54
23 49
0 74
2 44
26 48
21 48
30 41
16 61
9 18
11 52
24 65
6 84
3 98
17 14
17 80
4 76
10 97
12 23
7 42
16 71
4 14
6 58
26 82
13 72
26 19
11 28
28 61
5 73
29 87
18 31
11 75
28 9
14 26
19 7
9 75
1 97
5 61
22 90
27 59
19 29
27 30
17 34
13 34
3 23
0 78
15 44
6 71
17 38
27 20
10 87
6 80
13 32
12 39
12 31
25 65
7 63
9 51
1 70
20 45
22 43
19 7
18 49
27 35
27 70
2 47
19 87
9 33
14 1
17 74
13 30
30 66
5 31
29 19
8 50
18 81
19 46
2 21
25 46
26 70
7 81
24 78
8 70
18 49
23 12
5 44
18 93
19 98
24 75
7 62
21 58
3 94
10 35
5 67
30 90
4 81
0 100
16 82
11 1
22 31
30 25
29 80
20 60
13 94
11 68
5 27
22 33
5 61
21 57
26 69
0 4
15 70
12 32
26 51
0 5
21 8
30 92
11 19
27 53
14 37
30 88
23 60
8 52
18 63
15 2
14 33
30 78
3 89
11 51
19 22
3 41
4 96
16 42
13 29
19 85
22 24
5 97
24 42
29 15
11 89
12 96
10 76
30 97
1 44
2 19
24 55
26 45
20 59
9 89
13 80
10 77
12 69
28 96
1 53
6 34
27 29
30 22
15 3
21 77
18 36
6 56
23 93
1 69
24 17
16 45
16 90
24 7
18 46
25 41
11 15
2 46
7 52
11 44
27 54
11 28
8 87
8 74
4 70
30 95
8 51
15 9
25 61
7 76
9 69
19 94
29 66
20 18
6 59
30 49
30 13
3 90
23 8
29 91
13 3
26 81
9 83
20 77
0 10
3 100
23 17
21 100
0 9
11 95
5 19
30 100
8 90
2 79
3 43
8 79
26 23
5 42
7 63
0 27
7 52
25 32
29 58
4 16
21 40
3 74
11 36
10 34
3 37
26 14
23 17
6 36
25 71
8 100
12 96
2 14
15 87
18 71
25 28
6 32
15 84
7 54
19 53
0 86
24 4
13 87
6 10
5 93
15 23
21 68
8 26
29 75
7 59
18 2
19 98
26 81
12 10
21 73
6 66
27 32
2 9
23 17
25 62
24 76
22 66
4 100
10 41
25 26
30 97
16 69
17 30
23 72
28 4
4 1
24 9
15 28
18 7
20 16
11 58
7 92
19 98
26 56
28 7
6 34
16 32
10 9
14 52
8 69
29 34
22 24
25 46
12 11
4 49
11 17
11 7
13 11
4 21
18 40
22 47
7 33
22 56
8 3
13 11
8 15
11 94
5 69
19 49
27 69
28 11
2 57
14 5
15 80
24 77
8 40
28 32
28 57
6 41
8 1
13 32
9 75
29 23
11 54
28 67
15 87
6 50
0 58
6 54
25 29
21 70
30 62
22 51
29 62
1 75
19 53
11 72
2 58
27 50
14 46
8 36
8 47
0 91
17 86
0 94
16 56
1 71
10 23
7 16
14 66
5 73
12 89
30 99
1 70
27 3
23 36
26 58
5 12
29 39
24 50
20 1
7 15
15 21
6 10
23 36
16 17
22 75
29 80
17 19
7 72
21 56
22 71
26 64
25 4
5 38
10 34
22 89
18 15
26 2
6 95
13 98
29 45
14 99
26 8
27 47
19 50
25 43
27 92
5 3
21 32
3 20
3 92
6 50
7 31
5 73
20 38
13 84
14 56
14 99
13 76
30 52
16 60
10 60
29 59
13 84
25 44
7 44
15 22
23 5
12 80
21 2
19 95
14 37
22 74
12 38
4 97
20 13
26 1
26 39
0 82
29 82
23 79
24 24
26 45
4 73
1 61
15 7
16 95
25 27
19 13
8 16
12 53
8 32
25 53
12 12
2 54
2 5
13 1
30 3
26 49
22 86
21 38
5 60
5 52
10 33
1 86
22 70
12 81
17 73
3 62
14 41
24 50
22 44
15 21
30 33
20 1
28 5
24 47
17 64
1 24
13 19
4 61
15 67
3 46
15 70
2 70
13 51
27 67
10 84
9 30
4 53
1 68
30 92
25 32
5 50
10 41
23 12
20 59
27 78
9 62
0 36
14 1
3 65
4 70
28 44
8 84
11 14
8 12
5 59
6 47
24 56
3 47
20 68
16 50
19 45
21 42
6 96
14 76
3 33
6 96
27 23
8 58
18 94
15 75
19 7
28 50
28 67
28 51
21 40
4 10
3 91
2 45
21 17
8 38
6 47
5 54
29 93
16 87
6 40
27 91
2 70
14 80
11 86
6 91
6 36
21 32
26 36
22 80
15 8
13 99
7 83
23 75
11 98
2 39
13 15
16 19
1 7
25 18
12 2
14 16
27 88
10 81
22 98
0 38
20 25
3 79
1 25
7 23
0 15
27 38
24 42
9 32
9 6
11 51
21 49
20 88
22 35
27 24
24 97
16 43
6 28
4 58
27 36
0 76
23 77
30 57
17 98
21 7
24 80
5 3
27 35
9 73
15 51
15 61
15 75
14 24
7 85
27 9
23 96
30 16
9 78
18 25
17 76
15 70
6 35
0 66
11 69
29 18
20 55
7 71
26 48
16 58
0 98
17 4
30 50
27 29
14 78
9 98
27 74
6 92
8 76
7 44
28 43
28 64
5 42
14 20
10 4
18 85
18 39
21 17
2 18
17 70
27 9
15 59
11 53
6 96
23 90
18 40
9 20
29 4
1 55
14 54
0 76
16 79
22 43
13 68
0 17
23 64
4 81
1 26
14 99
23 49
30 29
0 1
25 29
9 31
25 1
3 22
7 46
10 50
16 59
29 53
25 76
25 66
10 100
8 83
28 54
20 37
30 64
6 44
20 78
25 86
12 22
14 80
21 51
26 100
20 34
14 52
30 64
28 75
26 31
11 50
11 90
29 80
1 68
29 17
9 43
16 3
24 15
14 38
30 52
6 38
17 89
27 50
27 1
11 77
1 58
1 23
20 46
14 93
9 51
25 12
4 67
21 45
21 4
27 7
13 62
2 14
13 94
23 86
24 65
24 62
1 69
18 83
0 84
4 8
9 20
10 77
29 62
11 36
8 8
27 83
18 24
23 99
29 86
24 92
6 98
4 80
0 73
28 78
11 99
4 57
21 97
15 33
19 57
2 15
8 55
28 14
20 5
3 60
2 80
23 80
9 20
21 32
16 94
23 14
17 70
17 22
4 55
17 74
8 8
26 42
28 95
4 53
12 15
10 83
9 63
5 79
12 18
21 88
2 46
6 70
14 70
18 72
20 88
14 15
1 61
8 93
27 66
9 23
7 66
12 24
10 39
21 51
3 60
8 80
26 86
25 42
8 84
11 52
12 35
25 31
29 6
10 67
24 28
30 14
5 62
24 71
16 15
14 5
8 80
18 57
28 61
11 37
0 21
19 53
26 78
19 49
7 36
4 94
29 68
8 78
5 61
25 18
14 82
27 73
10 90
16 89
5 53
17 42
18 45
7 75
10 97
2 38
18 99
6 62
0 92
16 5
1 24
12 81
27 62
7 4
15 52
15 2
10 20
18 25
12 66
18 50
29 17
1 32
10 58
28 12
12 71
8 70
16 69
16 32
30 58
20 84
28 47
1 22
7 14
17 74
27 2
13 11
12 56
22 8
10 68
4 61
20 23
16 21
5 37
10 52
15 48
25 29
30 61
12 34
0 72
16 6
16 55
11 94
30 54
14 12
14 87
28 53
1 25
21 44
19 49
3 45
3 8
1 35
17 49
6 90
11 18
1 75
15 14
27 57
10 67
10 45
5 37
1 74
21 17
18 100
10 28
10 93
20 61
16 21
27 85
22 1
12 28
6 35
14 45
8 88
12 86
23 36
19 60
14 1
0 83
22 73
20 26
25 75
23 29
12 56
28 32
0 75
16 52
21 99
27 55
9 58
18 1
12 80
4 94
0 17
12 95
17 64
12 50
15 74
8 65
14 93
2 42
3 87
6 71
1 59
23 74
28 80
11 18
24 59
6 15
7 69
14 51
13 47
30 83
15 26
29 32
21 78
20 9
10 45
27 87
12 8
12 96
15 83
9 87
9 7
28 81
21 8
16 2
22 98
16 25
21 8
30 35
16 69
27 82
8 46
24 60
18 16
24 91
22 19
2 97
18 83
22 1
26 100
30 92
15 51
16 28
24 19
3 92
9 57
11 100
3 52
13 24
14 37
3 1
5 21
8 35
6 93
26 11
17 54
14 43
3 86
29 40
30 19
15 32
20 64
30 80
15 55
18 74
0 84
22 81
18 37
21 13
3 58
16 91
18 57
3 85
30 24
24 97
25 71
20 25
12 46
25 9
1 99
24 7
13 55
16 1
0 96
6 13
2 18
29 88
26 76
30 36
8 20
2 4
26 42
10 31
29 72
13 87
13 16
8 12
27 84
0 84
1 21
8 32
28 4
16 14
26 20
27 24
24 3
26 51
9 73
22 12
12 16
1 32
0 4
23 56
29 90
17 53
18 21
22 14
29 82
16 10
21 65
13 4
9 85
7 57
18 21
12 14
1 31
22 87
11 75
17 30
6 34
5 85
22 31
27 2
17 42
17 98
23 37
1 66
21 18
14 26
24 88
1 88
16 34
15 95
4 90
23 95
17 28
4 5
8 43
3 74
30 41
20 99
20 13
6 65
21 19
4 94
18 84
27 98
29 57
28 40
29 15
0 18
10 60
20 33
9 21
3 93
12 19
30 90
24 17
28 40
14 70
25 100
28 59
26 56
10 10
24 38
2 66
24 23
16 93
13 89
9 79
1 76
11 95
28 32
6 15
29 53
28 5
16 18
26 57
12 33
25 28
16 77
1 99
9 87
8 28
16 61
5 37
25 76
3 77
5 85
18 63
28 24
24 49
21 10
0 71
14 41
2 87
14 20
29 52
9 54
29 69
29 62
15 42
23 96
10 83
9 24
14 54
29 86
14 69
13 27
22 83
21 26
11 70
20 58
10 10
2 86
2 26
7 61
11 65
19 27
13 82
12 8
23 78
9 16
8 9
22 57
30 13
24 5
3 2
15 72
8 77
12 52
17 44
16 64
10 61
9 98
29 17
23 19
11 49
12 18
9 27
24 17
1 74
20 39
23 86
9 32
2 97
13 13
20 57
12 30
23 93
4 5
21 56
24 56
20 61
16 5
13 5
16 79
18 84
30 43
15 62
3 37
0 81
29 34
30 18
25 29
5 72
27 15
10 54
28 64
25 89
11 20
24 11
5 74
16 27
28 74
0 17
23 23
18 93
19 43
0 61
2 3
5 73
1 70
12 24
9 96
22 77
15 14
0 3
0 62
29 85
24 92
10 6
11 31
29 95
24 2
19 17
17 98
10 42
21 66
23 44
5 57
26 40
19 99
9 76
18 48
15 23
29 44
28 92
20 12
2 34
20 42
12 76
12 86
11 20
4 41
30 66
14 60
20 69
18 60
28 2
19 53
6 9
17 13
12 24
0 92
7 38
21 81
14 48
17 65
10 51
4 76
22 13
3 7
19 5
0 11
29 53
21 79
14 52
19 53
2 65
28 89
24 30
12 16
24 99
11 59
6 31
30 71
6 83
17 7
13 52
5 87
22 85
22 65
24 2
29 88
13 26
18 14
15 12
23 54
3 19
30 78
12 29
27 80
13 85
22 15
19 86
30 25
3 8
4 71
22 16
18 83
23 51
26 17
10 71
5 90
2 19
19 64
15 32
5 7
1 76
27 21
4 59
29 65
10 42
14 57
30 18
28 87
22 22
16 24
8 4
19 19
11 13
19 82
30 28
6 7
14 38
10 27
9 45
15 31
15 58
6 63
30 61
3 83
12 95
12 94
22 21
4 72
8 53
29 100
26 28
26 69
26 79
13 66
1 86
12 16
19 54
2 57
29 72
22 83
8 39
14 81
22 30
5 78
6 60
27 34
8 16
29 17
9 53
24 54
20 9
23 71
27 45
27 94
20 59
3 42
10 22
8 18
4 35
30 1
3 94
0 63
21 50
3 24
15 38
17 63
10 83
12 29
27 41
18 90
28 15
9 83
10 86
4 21
17 52
16 53
29 26
12 83
7 10
29 89
2 30
12 84
9 18
13 59
30 8
10 42
4 5
19 23
6 69
21 16
30 20
26 82
9 67
28 70
25 85
12 66
8 6
24 56
1 11
23 70
29 57
25 41
16 7
17 23
22 56
16 48
19 61
19 69
23 11
5 98
11 78
3 89
5 80
13 35
29 98
13 88
12 55
10 29
17 9
18 37
14 24
12 70
22 91
16 13
10 86
4 67
30 76
28 12
4 71
6 76
22 35
9 3
19 13
9 78
18 56
24 61
9 88
11 55
30 11
20 75
7 88
25 17
24 99
15 81
22 37
24 98
29 41
4 43
0 25
13 50
4 93
19 91
7 10
18 83
18 60
13 43
10 64
18 63
28 59
9 17
11 62
30 63
30 49
6 36
11 58
19 68
23 86
14 65
20 13
10 4
10 21
17 21
2 27
14 27
18 99
1 3
11 93
3 91
21 40
8 64
28 62
20 20
26 83
16 43
11 98
10 68
7 17
29 77
2 75
21 45
9 59
13 37
19 99
17 43
27 50
15 37
4 5
3 22
1 85
11 41
27 76
3 19
12 24
21 96
13 62
10 76
26 28
10 90
15 2
26 16
4 67
20 45
0 98
19 36
29 47
9 43
3 47
14 8
11 30
3 87
4 68
18 57
22 20
14 77
22 63
15 41
27 87
26 9
17 82
1 98
20 68
29 95
1 88
9 33
5 92
28 39
18 21
6 59
28 7
9 89
19 28
12 9
7 21
3 46
6 61
20 7
11 85
23 46
6 59
16 72
4 8
27 90
0 100
15 90
25 2
24 42
6 87
20 80
21 3
23 81
30 15
1 34
3 35
14 48
2 17
21 40
26 78
12 64
27 47
6 48
7 98
5 6
9 99
12 15
15 52
20 17
1 66
28 2
1 58
24 21
15 3
2 71
8 100
14 29
1 28
3 67
5 17
1 26
20 12
15 37
30 19
21 28
16 64
6 6
20 5
12 2
14 90
8 6
23 8
2 5
12 85
16 4
15 74
26 60
5 94
13 6
13 68
24 12
15 83
26 27
7 54
18 1
7 97
24 96
13 36
14 35
16 100
30 40
9 76
8 7
6 75
12 60
17 28
23 42
30 55
22 18
28 37
26 80
24 55
20 91
8 30
10 96
11 78
15 61
27 36
10 33
4 66
20 86
16 59
19 9
11 95
29 88
5 71
25 17
13 92
23 20
20 31
10 81
4 66
27 8
21 4
18 54
14 87
11 54
14 64
5 60
8 31
28 35
28 31
19 76
16 71
18 43
3 33
29 7
20 88
5 7
11 42
13 35
23 63
21 78
1 15
12 32
13 13
26 93
27 90
11 41
13 26
4 14
19 8
29 26
5 98
18 15
17 19
17 7
25 43
2 56
4 27
0 92
3 82
5 99
1 48
29 33
19 67
21 8
9 19
28 58
24 14
27 81
6 67
19 41
23 16
23 69
3 62
22 36
18 9
2 43
16 36
14 45
20 81
8 21
7 77
22 84
10 25
3 38
27 27
15 40
28 69
9 88
15 72
25 57
6 49
22 6
14 27
15 11
6 5
1 75
11 32
15 1
17 96
29 46
7 84
23 79
22 42
16 22
5 27
2 23
12 94
15 3
15 78
8 98
22 56
12 55
6 71
13 19
5 5
24 40
15 17
19 21
14 89
20 40
6 75
24 89
18 64
22 98
27 34
10 86
28 91
17 2
8 49
20 78
4 71
17 93
29 4
11 14
22 85
22 1
13 29
0 84
5 68
15 61
18 43
0 18
5 43
21 47
0 93
24 64
9 14
4 70
30 98
24 51
27 84
1 85
27 38
25 12
7 9
4 94
26 9
1 23
18 88
11 83
20 46
5 18
2 14
29 71
27 72
10 44
5 24
6 67
10 51
18 21
3 95
6 50
15 42
1 68
22 55
26 32
18 97
16 70
12 77
27 59
10 89
11 18
13 14
30 65
4 22
8 28
20 76
11 79
20 95
22 66
17 59
23 37
8 62
9 28
20 40
29 99
30 70
23 66
8 34
29 99
9 65
5 84
1 22
8 93
16 27
17 42
30 33
15 93
16 32
4 28
17 53
14 15
22 78
20 16
0 84
9 52
15 39
29 49
20 100
10 78
13 89
23 100
20 50
8 63
2 51
21 15
7 54
11 1
13 51
27 100
13 9
0 70
29 24
8 40
0 53
0 35
3 21
20 79
12 31
18 65
30 99
14 8
12 11
0 52
17 93
23 34
1 32
13 76
11 71
1 60
4 49
28 97
11 10
12 76
20 31
17 99
17 4
2 92
5 57
2 50
21 75
29 61
0 69
14 24
30 48
0 78
28 20
29 57
1 94
12 98
5 77
27 93
18 77
29 75
4 15
27 46
23 75
28 61
17 7
1 87
5 73
18 74
19 43
8 68
30 59
8 4
9 56
27 50
25 68
7 26
11 36
14 8
24 23
16 49
23 70
18 32
29 19
23 88
15 74
11 54
20 21
18 20
25 83
14 30
29 3
8 29
2 32
21 17
8 21
25 54
25 26
16 34
6 53
29 80
21 20
12 51
16 72
21 60
22 62
16 55
17 99
22 59
17 30
17 12
3 48
13 24
11 41
3 92
17 21
17 83
10 59
25 70
25 23
11 64
4 95
3 6
15 17
16 20
26 24
20 54
18 98
22 22
8 7
30 26
30 83
28 27
9 87
8 27
10 72
3 68
16 70
25 62
28 48
25 98
26 36
1 53
10 76
2 17
22 53
11 42
7 99
30 94
28 55
3 11
17 13
6 69
14 90
13 88
16 75
18 76
12 100
4 48
8 17
18 89
22 55
17 36
2 39
17 83
12 64
0 38
15 49
11 58
21 91
2 24
0 53
29 72
7 72
18 40
25 99
13 16
24 50
3 38
2 32
20 23
18 91
13 71
25 52
24 40
24 46
13 36
14 70
4 97
10 92
22 35
0 42
4 52
1 92
12 70
22 38
9 32
5 17
30 31
22 79
22 98
23 75
5 66
11 59
7 36
2 35
17 96
4 61
29 62
25 32
23 88
26 39
19 20
12 41
9 93
4 53
14 71
29 32
27 84
9 29
18 20
19 25
9 58
14 92
4 72
22 99
18 68
20 98
27 7
3 55
14 78
21 5
6 51
0 23
16 49
14 74
12 95
2 64
24 75
28 42
6 36
30 92
12 55
23 96
21 32
15 90
4 18
3 30
20 83
28 65
16 81
6 31
29 47
18 18
19 51
30 99
3 23
2 41
3 83
26 1
5 36
18 97
23 52
17 72
6 62
3 65
7 46
1 47
27 27
9 77
19 42
20 10
29 51
11 20
20 5
6 49
15 32
16 70
7 33
6 8
6 44
18 77
5 23
8 8
25 67
26 77
29 63
23 16
9 56
24 63
24 88
10 17
14 31
14 99
12 58
6 89
18 82
28 89
9 92
13 3
4 79
24 83
10 51
8 43
21 43
17 41
11 80
25 90
23 13
12 76
12 58
25 29
1 82
20 89
25 39
1 68
13 97
29 81
24 26
24 81
29 15
23 97
16 68
28 27
6 58
1 87
12 6
0 26
5 90
16 81
25 86
3 84
28 85
25 3
8 79
30 35
29 32
18 1
0 76
21 99
28 17
5 10
7 44
2 61
30 26
25 37
27 85
12 43
12 13
19 74
19 29
11 34
30 52
24 77
20 86
3 49
11 3
27 27
29 98
4 83
8 39
14 56
26 21
26 8
19 79
9 65
20 20
10 22
1 53
28 49
8 43
26 46
15 88
19 14
12 20
29 7
6 86
16 44
5 41
21 44
21 33
7 30
11 70
24 94
27 99
29 56
1 40
15 62
3 66
11 91
10 69
23 14
8 97
21 79
4 39
2 69
18 99
12 66
5 26
24 98
4 22
4 63
7 37
18 30
20 31
8 76
25 66
13 88
23 18
4 6
0 64
15 14
13 4
12 95
5 49
20 77
19 54
12 50
6 15
10 18
18 90
16 36
27 9
23 21
9 36
22 63
4 46
2 85
13 97
4 65
26 63
21 58
2 36
14 49
9 74
24 56
26 30
28 76
16 48
5 15
5 62
0 71
3 31
2 30
18 66
27 19
8 26
25 66
7 71
26 60
8 88
23 31
22 3
10 64
5 2
28 23
4 14
1 52
0 65
15 82
3 68
22 50
15 67
1 42
2 4
23 13
23 99
11 1
4 43
25 31
9 77
30 37
5 76
15 53
25 83
29 50
1 21
2 68
14 52
15 60
25 98
20 38
10 19
21 70
5 59
4 12
24 7
23 53
3 26
19 67
8 9
0 63
17 82
1 93
2 70
28 85
22 94
7 97
14 91
3 92
27 87
15 89
4 82
19 7
19 84
4 23
28 70
13 43
20 41
4 66
6 76
20 55
24 54
11 54
5 79
3 69
0 40
26 25
20 66
26 27
25 52
30 55
6 60
29 76
29 12
8 50
10 66
12 49
15 90
9 98
19 77
19 32
3 71
24 56
22 70
2 5
22 47
13 59
6 70
29 78
12 19
18 76
5 6
21 14
2 61
4 46
5 71
13 76
28 89
20 17
13 59
1 93
11 22
14 46
28 28
20 57
17 32
25 79
23 25
12 41
24 2
12 41
7 60
19 51
2 98
4 17
20 20
0 39
7 98
12 36
30 15
15 94
26 99
28 25
15 17
24 41
3 2
17 57
2 23
4 87
16 61
0 31
29 87
14 17
23 60
6 94
23 4
14 35
13 78
10 66
4 57
17 67
26 48
21 93
28 22
19 55
27 10
2 91
23 56
15 49
29 6
23 27
2 75
24 59
25 92
5 29
7 79
5 23
9 60
12 77
13 75
12 65
5 27
16 47
30 44
9 3
26 96
9 13
22 100
14 45
23 71
6 54
9 71
1 29
0 98
8 12
13 34
1 83
27 43
7 74
12 61
6 52
28 68
13 25
1 100
6 40
10 13
7 14
7 34
28 93
4 74
26 33
23 96
27 84
6 42
28 33
28 98
0 76
29 14
24 71
2 72
12 53
1 57
29 37
20 64
16 9
21 27
7 63
14 11
29 85
3 80
25 100
11 16
21 80
12 13
11 9
9 85
29 33
5 14
10 79
23 35
11 17
27 13
2 32
27 82
8 79
26 69
30 96
8 29
8 55
20 32
12 79
25 43
9 49
15 78
30 23
2 45
14 10
23 70
22 73
8 59
9 8
14 34
21 20
9 16
3 48
15 82
24 6
28 71
3 29
13 90
19 56
24 85
28 31
3 82
23 72
0 65
6 35
0 54
13 70
4 97
19 64
27 46
20 59
22 88
25 51
29 76
2 22
14 26
2 93
2 9
26 7
12 16
24 37
20 32
21 86
17 28
25 9
2 19
28 42
3 78
0 49
1 19
26 42
7 3
10 100
28 65
0 24
22 18
6 52
26 99
21 58
15 20
30 14
16 7
16 44
22 91
26 51
25 90
7 75
28 31
16 30
5 55
27 28
0 64
21 3
16 63
7 68
9 64
20 32
7 87
28 75
16 90
28 6
10 15
18 10
14 60
29 28
7 84
16 26
12 35
27 39
15 34
0 83
30 15
17 64
9 99
28 41
26 2
24 12
29 85
27 44
10 96
10 41
17 96
26 64
5 63
1 99
7 11
3 59
30 70
0 78
17 1
18 61
10 19
25 78
4 74
7 82
1 29
9 76
0 26
17 76
12 90
2 95
27 85
16 6
30 86
10 97
21 46
21 98
13 50
29 94
10 83
16 84
24 96
7 27
2 44
5 37
15 35
15 71
23 35
4 31
11 60
19 59
14 94
8 61
23 21
26 16
10 82
5 73
3 26
5 26
27 75
11 79
7 7
0 86
28 74
25 93
3 75
28 81
17 57
3 49
22 74
24 3
5 61
19 17
16 72
4 22
12 94
21 34
23 59
8 24
24 72
25 31
20 18
10 93
15 42
16 75
1 40
6 90
6 6
5 82
7 7
6 68
30 99
19 97
1 15
22 46
18 78
9 15
9 22
2 86
3 24
26 3
11 87
21 53
25 33
23 18
6 47
7 69
29 95
4 78
30 83
19 17
19 92
18 63
30 39
13 88
17 12
27 79
6 45
16 43
22 60
1 3
28 20
4 7
13 15
25 6
7 34
8 50
21 67
4 14
16 34
28 38
22 77
25 73
14 48
8 55
9 22
18 27
28 95
11 27
6 33
29 57
2 87
10 76
8 78
15 48
2 75
18 28
13 41
15 77
28 6
7 19
10 10
12 70
17 74
21 96
27 27
25 31
0 80
19 69
6 63
22 77
1 17
7 91
30 96
21 25
2 34
25 53
26 77
23 1
30 79
27 19
19 4
22 81
23 76
0 16
29 6
26 35
24 63
25 76
25 92
29 56
5 18
18 9
2 43
25 44
26 45
13 67
6 71
11 100
7 32
7 89
23 88
1 52
9 7
25 71
15 34
29 4
10 19
14 18
1 85
29 56
3 81
2 50
26 32
8 75
5 32
15 34
21 28
10 68
15 75
25 85
25 29
13 13
20 52
15 76
25 92
23 76
30 51
4 15
0 10
30 40
14 63
2 6
17 97
28 36
20 17
11 46
29 41
6 34
17 15
23 42
6 96
4 20
26 56
27 1
23 47
11 72
21 41
15 87
9 44
27 73
28 3
26 49
24 62
30 88
22 35
6 2
14 82
5 63
6 6
2 44
24 63
7 50
10 47
12 17
18 99
15 32
4 27
5 19
26 51
13 62
4 46
30 20
0 89
20 88
20 58
30 35
21 10
2 73
19 98
8 100
20 80
20 32
30 53
16 100
8 33
30 25
9 90
17 64
12 66
23 9
7 47
20 67
18 67
5 74
22 23
8 98
7 90
25 73
26 24
14 90
21 82
28 83
17 32
17 58
8 39
28 22
8 83
3 20
28 58
22 45
23 49
4 38
27 31
4 29
24 91
22 44
5 31
14 77
18 78
13 70
13 62
16 87
11 21
0 73
28 88
28 51
7 6
19 94
20 29
18 51
23 20
6 18
14 78
5 51
3 61
9 45
26 45
9 16
19 74
12 4
11 1
28 1
1 55
17 8
17 92
9 58
10 52
9 90
24 30
30 60
22 12
25 29
9 81
29 35
28 31
28 25
9 27
17 35
19 38
10 47
5 91
21 51
8 7
24 17
21 51
19 100
19 85
13 34
6 43
20 93
11 60
21 14
11 74
30 17
12 40
15 11
29 99
9 19
15 31
24 26
8 85
15 89
29 93
28 65
7 63
14 37
27 8
23 55
9 17
8 70
21 85
24 18
19 98
22 11
4 39
29 80
23 49
5 92
3 72
21 99
30 8
19 26
25 2
23 93
29 21
8 17
26 14
8 48
12 55
20 90
30 12
22 25
27 29
2 33
25 1
27 37
3 41
7 31
25 17
25 12
9 93
4 50
27 22
7 35
18 64
14 79
28 31
4 67
1 43
10 95
20 50
8 79
25 76
3 59
8 2
21 61
5 49
22 95
27 59
13 2
18 21
2 49
17 49
17 9
16 99
14 93
9 43
21 21
6 49
14 34
16 14
3 95
14 53
4 76
11 53
10 32
27 4
29 83
21 51
1 94
26 7
29 74
3 34
19 84
30 61
12 79
17 8
21 46
29 33
8 74
8 94
30 28
29 47
28 87
16 14
2 12
22 10
18 13
0 30
20 86
29 7
11 47
20 21
17 96
9 39
22 53
25 25
5 96
18 77
13 9
6 12
4 92
4 98
0 47
18 70
1 35
24 44
25 35
12 66
21 36
13 78
30 47
23 45
13 3
3 73
29 33
9 57
26 16
19 28
4 56
28 71
16 27
4 51
28 61
25 93
7 6
13 13
0 54
18 56
9 26
18 76
3 59
9 78
5 94
29 6
27 43
13 37
11 63
16 25
8 85
22 90
25 61
29 53
17 17
21 23
12 4
27 45
1 39
3 77
4 33
20 88
17 96
25 67
5 86
20 62
7 26
17 86
23 36
28 27
0 28
17 48
24 38
1 16
15 91
15 53
12 40
22 43
27 57
4 2
26 6
14 76
19 37
7 43
0 36
5 7
3 83
19 44
22 64
7 72
26 56
14 31
25 40
13 75
19 26
19 44
16 47
29 87
9 61
17 31
10 11
20 5
3 19
16 7
9 84
19 74
0 21
26 19
17 80
18 64
11 89
11 78
24 80
19 45
17 97
10 30
7 22
19 78
19 20
7 100
1 72
2 98
11 56
5 6
8 99
3 54
27 25
25 9
24 74
18 27
26 28
6 42
12 93
11 64
12 48
2 47
16 90
18 72
26 72
25 72
12 52
4 33
14 88
18 72
23 22
29 18
1 55
17 44
16 61
24 2
25 26
13 76
25 31
1 90
10 53
19 64
8 45
27 1
21 38
21 91
28 34
12 71
20 67
12 86
3 53
18 31
3 42
25 60
23 59
25 41
9 78
11 79
3 52
22 40
29 10
26 85
3 49
11 54
21 83
23 63
29 15
25 83
25 89
15 26
4 35
27 77
3 42
7 1
20 68
0 84
7 85
24 72
13 70
10 15
14 35
3 62
4 65
8 85
3 57
28 88
1 34
21 49
13 87
12 81
25 66
6 35
12 50
3 13
20 80
17 85
17 77
6 29
8 99
15 38
12 15
30 95
1 33
12 64
25 94
18 82
20 69
24 71
14 4
17 57
16 95
4 82
6 77
12 40
27 56
26 34
9 22
30 23
25 24
24 90
22 68
3 79
11 62
16 80
18 65
20 28
28 20
28 47
27 20
0 45
5 89
14 21
3 11
10 52
20 32
0 58
18 41
13 11
21 11
16 19
4 56
10 9
0 87
14 30
16 62
30 91
11 62
3 92
12 33
6 53
0 53
2 77
20 100
15 76
6 57
4 84
11 62
13 82
30 72
18 5
13 99
16 14
19 57
1 60
1 20
11 20
25 24
10 30
19 17
23 27
2 26
17 70
25 56
23 78
19 58
1 11
5 78
21 94
15 63
6 14
14 58
29 38
11 97
22 88
8 85
10 98
6 24
16 12
25 47
28 83
19 35
19 89
26 27
16 76
18 79
14 71
17 10
27 45
8 3
16 40
0 81
2 83
21 11
9 24
17 15
17 100
14 30
3 87
22 76
16 20
21 46
14 60
25 35
27 77
21 32
15 66
21 90
27 93
17 80
14 22
12 52
24 4
16 86
11 10
15 20
18 100
14 62
13 75
5 91
6 53
2 46
20 72
0 49
25 43
17 90
28 10
19 79
10 58
21 43
27 33
0 97
13 54
7 45
5 34
12 30
10 28
18 39
15 84
30 22
3 24
29 47
18 64
25 16
8 16
2 12
6 56
23 46
30 98
10 13
3 11
7 88
7 61
25 33
17 40
12 70
21 79
8 50
17 77
3 77
23 92
19 13
9 46
11 93
14 29
3 91
26 34
4 93
18 87
25 28
30 16
7 33
19 71
22 9
5 29
30 70
0 12
11 31
20 61
29 62
1 97
22 2
15 58
20 74
6 49
27 63
13 97
15 74
15 66
3 42
4 83
13 58
8 82
25 27
13 23
15 32
5 63
7 44
28 57
28 40
29 67
17 99
18 64
2 38
17 23
20 6
20 44
20 67
18 43
28 62
10 100
13 57
12 41
11 33
28 26
29 46
14 39
13 35
5 21
7 33
7 67
23 90
26 30
7 33
17 79
6 90
4 17
26 13
29 6
18 57
26 66
9 15
7 99
3 15
28 43
18 99
8 23
14 13
6 83
16 60
30 70
13 58
18 100
5 22
28 18
4 5
23 1
9 73
11 32
3 37
28 37
23 73
26 24
1 50
7 88
11 10
17 47
4 48
25 87
2 83
16 16
8 97
23 27
21 84
15 38
0 89
28 49
10 50
18 20
7 26
3 59
3 30
13 18
25 87
0 18
11 11
21 19
0 25
13 86
22 10
3 51
19 61
16 72
5 46
29 2
9 71
17 76
12 24
12 100
10 16
24 8
15 37
11 84
10 66
19 7
29 39
25 56
7 89
22 98
24 76
21 50
23 77
21 5
19 86
0 10
17 80
18 14
26 67
28 73
25 71
6 33
25 4
12 62
1 100
1 82
29 47
16 46
27 6
25 20
6 25
26 73
30 65
10 48
27 51
24 8
28 68
0 61
18 21
19 35
15 16
3 65
10 54
24 26
17 51
6 80
21 90
5 93
21 16
18 63
9 32
3 92
15 13
11 85
26 98
30 45
26 93
26 55
14 59
15 75
18 3
24 10
6 79
1 90
18 3
25 2
18 38
6 18
8 79
22 48
0 19
25 34
23 34
22 2
27 83
14 90
5 98
16 71
5 11
15 29
8 33
2 15
22 76
20 35
8 2
3 77
13 47
9 70
11 80
7 60
4 15
9 87
20 59
26 58
30 54
17 50
25 50
6 25
28 44
8 61
12 74
0 61
15 8
9 9
0 12
23 36
22 30
8 3
24 28
10 67
3 24
28 93
15 25
2 19
17 84
20 82
21 20
3 18
12 89
26 94
3 51
9 28
22 12
26 89
1 5
0 47
14 18
11 74
6 82
6 98
17 59
6 40
11 27
28 41
22 78
21 97
27 77
9 52
11 88
30 71
22 99
28 95
4 31
30 47
10 17
9 97
3 77
4 63
14 89
11 63
22 78
9 64
12 55
2 29
11 40
7 55
6 52
7 80
29 2
30 77
2 96
13 20
3 38
3 25
30 70
9 33
8 95
3 43
6 58
19 15
30 21
24 30
16 33
3 68
10 54
8 93
17 19
17 62
4 22
18 17
0 5
30 71
26 93
29 95
28 50
6 57
25 62
26 15
13 39
5 73
1 54
27 95
21 47
1 59
21 88
5 4
8 75
11 47
10 71
0 4
4 30
3 13
10 23
9 49
21 33
27 50
17 15
6 88
20 49
8 50
17 5
2 73
6 1
19 99
2 53
16 22
9 66
0 98
8 51
3 53
12 65
18 16
9 75
25 7
29 22
2 61
2 51
16 87
6 12
28 24
4 10
26 93
26 51
7 46
28 42
16 19
7 27
22 28
27 8
6 32
30 22
9 95
1 41
12 69
16 55
7 41
3 3
0 74
5 63
14 92
12 66
4 99
3 23
29 45
15 48
4 12
20 33
7 47
4 38
26 65
26 26
28 66
14 51
7 78
20 34
3 6
13 74
14 76
18 22
3 8
15 6
30 20
16 73
0 16
24 25
29 65
7 98
15 94
12 43
10 27
23 73
27 54
23 49
17 64
18 39
29 30
7 83
16 57
20 21
2 51
22 9
8 1
18 15
28 84
8 57
17 100
27 2
19 20
7 15
14 10
0 48
24 23
6 14
6 52
13 1
7 15
30 15
20 79
6 62
23 29
12 21
14 82
8 69
27 71
19 32
12 75
30 94
23 32
22 1
19 96
9 89
9 5
5 95
3 31
27 70
22 62
2 28
26 10
5 60
11 50
14 70
24 100
12 49
3 89
26 94
20 57
25 35
6 95
2 30
23 80
30 27
12 42
4 84
13 77
29 57
6 34
10 5
12 58
23 97
23 48
2 38
19 12
14 18
15 46
16 58
25 85
13 55
16 60
15 4
15 60
29 63
16 30
0 91
30 66
4 1
14 24
4 18
28 5
18 16
11 72
29 6
12 70
22 95
23 20
12 30
29 11
29 73
4 64
5 57
8 22
6 82
17 3
2 42
27 100
20 14
6 15
12 7
17 74
11 98
6 98
5 95
11 79
19 7
27 34
15 94
26 93
3 89
26 57
15 40
22 19
30 87
2 32
23 23
5 46
2 79
16 69
13 39
16 15
7 57
14 3
14 80
4 25
0 36
26 57
26 2
5 24
30 14
15 66
28 49
18 16
28 33
24 8
29 26
26 95
11 60
6 93
28 42
5 19
13 95
1 42
2 29
26 64
28 33
13 77
9 75
0 30
3 17
15 91
12 37
22 23
19 23
7 73
16 69
21 89
10 52
19 66
6 84
10 88
14 61
24 80
10 2
12 84
18 14
16 26
26 61
1 60
15 42
11 94
27 84
23 76
10 60
17 59
26 96
22 90
30 4
13 55
27 33
24 22
29 68
20 99
8 85
18 13
7 15
1 74
19 8
3 88
12 72
11 54
13 39
8 4
13 52
27 81
11 56
14 25
27 23
15 37
13 79
4 23
27 83
26 82
26 82
27 72
2 96
25 37
12 7
8 11
22 7
6 39
25 63
18 37
14 23
1 89
18 37
17 19
18 63
26 85
11 46
10 68
14 31
21 32
22 48
7 81
9 85
15 25
18 97
30 38
22 79
8 6
1 5
23 97
21 24
4 3
12 54
20 80
18 39
18 2
3 92
13 37
16 86
23 31
19 50
6 48
10 40
17 37
3 22
26 38
12 79
3 38
30 89
6 47
6 3
5 83
10 12
10 71
2 52
5 95
22 17
10 40
11 37
4 51
23 31
19 54
17 90
12 2
24 96
17 78
8 85
13 40
15 56
26 4
24 1
28 55
9 29
22 33
26 17
9 2
18 13
6 32
27 23
28 73
2 26
9 54
10 52
14 56
8 20
21 48
18 50
14 82
8 81
23 41
14 93
18 22
11 3
24 9
2 20
4 56
4 67
16 96
7 26
21 68
24 66
11 83
17 69
29 21
18 29
21 40
5 22
11 66
1 66
22 62
25 13
0 22
20 64
1 46
1 63
13 27
26 15
10 77
6 86
6 17
17 24
7 1
1 21
18 23
17 73
13 52
27 16
10 41
10 60
25 82
29 29
16 2
21 45
9 57
9 39
0 36
12 49
16 61
17 90
23 41
9 16
10 93
24 65
29 45
0 12
29 77
7 75
28 31
18 25
24 97
20 72
20 66
9 83
22 1
22 19
29 66
12 62
12 38
15 5
28 45
23 90
25 8
13 2
11 64
17 99
15 95
4 46
20 23
14 98
1 72
16 66
7 68
10 19
27 80
9 77
8 69
3 25
11 24
18 10
6 43
15 56
14 95
22 68
25 78
30 35
23 61
2 12
17 58
20 59
3 62
26 24
17 42
4 30
22 65
20 35
22 59
12 9
23 78
9 53
29 13
12 89
4 69
3 20
24 37
10 57
6 88
21 36
27 61
19 93
7 46
29 50
27 39
12 71
3 90
30 58
2 27
21 25
26 86
8 13
24 18
25 50
2 91
17 42
9 29
21 88
3 74
16 32
19 51
23 86
10 13
5 5
0 72
29 86
3 25
0 75
6 65
11 60
3 43
5 52
12 99
19 35
14 22
10 73
24 37
6 1
22 19
2 32
1 17
6 23
22 1
23 79
12 38
22 35
25 100
25 33
7 90
23 77
26 32
16 22
30 53
12 27
5 53
14 23
16 11
4 77
16 99
12 7
24 29
24 82
19 59
26 35
7 96
16 63
11 95
17 16
3 52
23 3
2 27
2 41
11 81
13 79
22 5
2 94
26 8
7 13
21 61
21 49
15 8
14 28
2 2
1 60
17 14
7 3
29 91
18 3
21 5
16 21
4 75
14 59
30 28
28 65
14 68
28 15
18 2
8 74
18 6
5 84
10 67
22 53
15 54
4 50
0 22
16 62
10 11
7 45
11 20
28 13
12 57
8 12
28 39
21 9
22 73
30 92
30 81
0 12
12 71
9 54
20 26
27 30
29 68
26 79
25 88
4 36
13 81
20 24
15 51
4 80
5 10
0 28
28 58
23 15
23 10
8 26
17 20
12 29
13 36
12 40
22 78
13 24
23 68
5 69
3 83
25 43
21 87
1 75
30 21
2 38
7 50
5 95
7 98
4 19
2 76
29 50
14 10
3 52
4 100
30 19
24 47
2 84
11 77
12 36
7 62
7 52
26 35
6 97
29 63
21 27
18 73
15 60
6 31
23 80
1 46
28 60
23 59
15 87
14 33
22 28
2 36
6 97
5 27
16 81
9 33
6 22
7 95
14 97
11 69
20 70
19 83
21 67
27 44
5 1
17 84
9 28
