100
8 15
26 78
6 21
6 13
14 54
17 34
24 17
12 66
4 50
3 28
26 83
13 42
20 35
18 62
21 56
0 31
9 8
8 100
21 60
22 39
6 27
7 27
9 1
30 49
29 21
14 49
10 40
25 29
3 7
11 2
8 19
13 54
19 42
19 59
29 77
10 8
27 75
12 99
2 37
28 14
19 18
2 21
25 66
6 73
27 1
28 41
10 76
8 32
1 48
19 16
20 79
30 85
26 55
8 23
7 19
17 86
27 60
17 33
14 29
29 45
2 5
10 3
28 10
24 100
27 10
21 82
30 45
20 77
0 61
26 10
26 42
14 77
9 97
3 61
27 33
23 27
17 9
19 46
5 32
29 78
20 18
3 22
26 52
8 8
20 6
20 87
22 92
20 61
17 54
28 16
29 52
27 13
4 5
1 56
30 40
22 86
5 71
20 40
8 74
5 58
8 44
17 79
21 69
19 35
30 76
26 40
14 14
7 9
26 73
12 81
11 9
14 75
3 69
24 79
3 99
9 60
14 12
29 92
12 97
9 8
26 1
0 36
9 80
24 64
13 44
23 22
16 23
7 72
27 55
0 74
16 51
23 91
21 82
22 14
23 100
26 86
2 95
16 65
17 55
23 51
12 54
27 68
21 88
30 79
23 6
19 8
7 7
9 29
12 1
10 52
2 55
7 95
20 5
27 68
1 68
27 47
19 45
17 93
17 18
21 16
2 65
20 92
26 9
27 15
19 31
17 2
6 7
23 23
13 58
8 78
3 28
5 46
6 1
3 34
10 5
23 19
28 58
14 16
26 100
23 51
21 78
16 94
2 73
26 50
27 41
0 58
3 50
16 54
17 87
19 25
7 68
12 2
13 28
26 79
16 5
11 20
10 76
24 76
7 90
20 86
18 14
1 29
16 41
0 85
24 65
14 13
5 88
26 97
9 73
16 12
22 33
28 17
7 42
26 22
6 32
25 11
16 76
21 20
9 5
18 87
16 44
11 96
12 2
28 54
0 59
15 29
16 61
25 15
28 1
26 82
15 88
27 36
17 30
8 38
4 20
8 75
20 15
5 5
26 41
3 51
30 18
3 71
15 3
8 43
15 39
8 54
8 96
13 98
19 45
25 84
7 28
22 84
9 79
18 99
26 34
14 17
25 6
10 68
28 39
29 29
3 90
29 2
16 2
14 44
30 1
26 21
11 91
25 72
27 20
13 78
11 31
17 41
18 94
11 66
15 32
26 49
17 79
30 44
7 16
30 91
4 45
5 23
30 16
17 52
3 59
23 41
1 11
2 19
11 98
10 22
30 12
3 1
27 66
10 75
17 91
4 14
0 16
15 34
23 62
8 87
19 44
4 39
20 36
27 93
12 84
22 97
8 42
27 86
13 91
25 43
13 75
10 68
1 44
17 92
0 88
13 11
23 88
10 4
27 23
23 99
9 16
30 94
19 14
13 49
23 88
1 36
4 73
28 31
28 77
25 63
9 94
23 75
24 94
1 36
4 24
24 30
9 98
4 66
8 25
4 87
19 76
6 41
19 41
13 93
30 98
15 32
29 100
13 38
5 43
26 48
9 84
11 69
12 40
29 87
29 42
6 2
20 6
14 70
3 1
7 85
2 77
12 80
25 84
7 12
26 75
30 18
0 16
9 1
27 39
15 61
15 33
24 59
18 33
8 51
21 18
4 83
7 66
12 16
15 16
15 2
6 49
13 12
13 39
13 56
10 53
21 92
22 20
8 3
11 97
1 1
6 14
29 12
15 39
22 13
0 91
11 92
20 36
24 77
21 14
28 20
15 76
24 1
17 79
4 14
23 46
24 1
28 98
28 7
27 47
18 39
18 96
24 33
2 51
11 50
23 28
21 85
15 77
28 90
5 83
28 98
20 29
17 96
4 89
10 62
29 11
17 35
27 15
29 16
15 19
7 19
18 20
12 36
24 72
11 68
6 61
25 65
10 7
3 54
0 54
24 8
24 66
12 67
9 35
8 43
3 52
27 35
30 21
10 28
20 26
13 97
6 55
30 19
29 12
30 88
4 66
28 79
27 10
18 24
22 30
4 59
16 29
10 42
21 54
15 66
0 10
11 84
27 53
18 28
9 40
12 80
27 64
30 12
10 53
9 68
26 32
1 70
12 34
10 71
4 40
15 56
13 57
5 11
28 98
15 16
30 94
3 1
19 80
0 3
0 52
25 89
21 63
29 12
22 96
12 68
3 1
28 48
25 39
17 30
3 15
12 41
1 81
17 60
4 67
20 43
19 21
21 54
5 40
8 64
10 97
4 40
18 50
6 32
9 100
20 90
8 84
19 70
28 55
29 45
17 27
6 99
9 98
16 60
28 33
11 70
25 18
9 46
9 20
20 46
5 29
24 2
12 60
13 68
25 93
18 49
18 95
20 8
14 17
11 24
18 90
22 28
28 32
7 25
7 17
4 66
27 21
26 89
9 77
3 35
11 94
10 86
9 6
18 43
16 63
5 10
30 89
0 40
5 16
23 79
1 8
12 70
22 81
30 48
2 46
23 80
20 47
13 59
5 26
1 100
24 77
16 66
10 3
12 59
4 6
2 69
5 87
3 77
4 68
11 9
3 11
25 19
12 62
5 2
14 43
17 27
21 32
25 53
28 16
9 55
7 18
8 12
4 26
2 14
18 80
6 89
14 19
19 14
3 20
12 26
5 82
23 88
3 95
23 89
3 57
26 78
12 80
26 68
21 59
28 20
23 83
5 100
27 25
4 10
2 95
0 85
5 51
4 97
6 66
12 92
3 66
27 92
25 10
19 59
23 62
12 79
21 48
26 56
25 75
26 64
22 48
4 54
4 4
18 66
8 21
8 59
28 16
28 17
19 97
30 14
3 78
0 84
2 11
19 9
4 50
17 24
0 66
18 44
22 59
3 95
5 56
17 60
11 51
7 59
29 53
3 51
3 3
24 51
24 57
6 69
21 78
15 92
27 2
19 40
29 19
24 55
29 54
20 89
30 93
26 81
3 29
9 82
3 19
3 83
2 62
19 30
2 55
16 89
11 55
12 18
22 69
3 50
12 38
27 97
15 23
14 86
27 7
7 17
1 82
15 58
0 37
0 8
29 21
21 93
6 48
8 96
6 67
29 74
21 3
25 47
1 72
4 56
28 75
1 29
29 59
18 24
4 96
15 96
22 43
18 71
22 66
30 15
3 47
22 30
15 3
1 62
28 82
23 43
6 63
15 29
22 92
3 59
30 40
21 31
19 12
24 33
4 92
3 49
4 60
7 91
6 9
4 31
26 72
13 8
1 37
20 67
20 78
26 48
14 95
7 19
15 80
5 90
10 96
8 27
0 30
14 56
5 76
19 43
1 5
24 25
15 62
18 72
12 62
6 85
13 47
6 59
16 14
9 81
10 97
19 35
1 22
9 1
26 82
4 56
7 15
28 30
5 51
22 86
4 84
12 21
11 60
5 52
15 14
18 42
0 38
16 44
0 23
29 19
13 94
14 18
8 55
18 21
16 56
26 38
26 43
26 15
8 81
24 29
9 23
26 66
5 99
14 48
26 53
19 11
5 16
8 62
9 64
2 93
15 69
9 92
4 27
5 6
0 73
30 61
28 73
21 98
3 40
12 16
3 84
4 66
28 24
17 34
15 69
23 19
26 10
30 25
24 43
7 12
24 92
30 94
21 10
17 40
13 56
29 17
3 84
11 28
5 94
28 25
30 84
28 13
20 18
30 5
9 55
28 31
26 42
22 2
19 72
18 22
5 15
3 75
8 27
5 73
28 84
23 38
15 16
25 83
5 76
7 4
12 74
9 76
24 13
4 51
9 22
23 7
30 69
25 2
22 78
11 40
6 100
16 25
9 29
19 39
29 9
26 42
22 38
13 50
24 4
17 21
24 41
23 79
9 47
19 14
7 10
8 62
20 48
2 37
8 69
8 53
18 47
19 72
24 94
2 85
30 22
7 6
20 30
1 85
30 59
5 91
22 67
11 68
2 42
1 40
24 77
6 69
17 58
14 74
14 64
12 37
25 34
1 32
22 65
22 73
26 39
24 4
11 84
1 8
29 16
29 71
13 69
14 51
19 73
25 85
9 73
28 30
16 80
12 88
0 70
10 82
25 79
21 58
0 2
16 28
26 91
10 86
9 75
18 88
19 18
25 92
29 67
17 47
29 81
30 90
12 96
25 36
25 96
25 82
3 32
19 86
27 19
12 98
15 37
17 47
7 47
26 39
9 41
20 22
9 66
18 67
26 29
7 16
22 54
16 78
25 28
13 65
25 17
20 55
25 59
20 75
22 96
4 67
15 69
5 67
9 19
26 51
2 84
23 29
9 1
22 23
12 28
0 39
11 52
19 100
20 26
8 52
4 85
29 6
9 66
16 64
16 17
29 46
10 83
9 2
6 96
30 76
12 88
8 78
22 8
19 93
5 59
22 91
28 85
27 97
17 94
28 42
29 71
6 28
28 53
13 50
28 66
22 47
9 52
22 94
25 9
1 14
28 57
16 68
30 4
20 15
17 42
18 86
18 11
11 82
17 63
25 80
19 84
17 22
7 1
30 100
2 67
1 50
28 50
27 50
0 58
10 49
17 5
21 70
23 12
4 22
29 50
29 52
26 10
18 60
10 46
1 97
11 21
29 94
30 44
0 74
19 87
27 16
11 95
14 56
18 33
1 36
8 12
16 19
27 25
13 47
27 36
20 32
29 72
16 39
18 31
2 93
6 55
18 63
0 28
2 11
24 5
21 48
22 23
16 42
13 19
27 81
10 7
13 14
1 51
7 33
22 67
27 48
2 60
28 10
0 79
26 9
30 21
3 74
18 41
3 85
8 26
2 28
23 11
17 9
7 93
14 67
2 86
17 15
6 85
13 68
30 60
3 100
26 12
17 88
2 4
22 89
28 30
7 60
28 66
1 11
28 81
26 12
17 72
2 51
23 3
5 92
24 97
27 5
5 87
17 69
12 24
26 74
14 11
26 38
13 21
21 95
25 37
30 99
11 21
24 100
14 5
8 26
2 52
29 99
8 64
17 34
15 94
8 44
18 5
15 49
24 19
5 43
21 72
12 5
10 75
27 20
8 52
13 97
16 18
22 18
8 43
27 99
14 16
0 70
14 41
21 65
15 80
14 26
19 33
4 7
24 68
8 32
10 48
3 26
9 42
23 29
11 42
21 73
17 39
7 99
30 23
3 27
19 61
25 1
5 62
12 89
19 33
23 19
9 68
22 72
7 45
30 72
18 32
8 50
23 29
29 91
18 5
17 91
8 93
5 37
28 3
21 13
17 41
16 90
28 95
2 4
20 45
21 73
27 42
26 77
0 35
30 10
9 49
9 91
12 77
6 31
12 5
0 95
22 68
4 35
22 88
21 3
6 43
5 72
9 61
1 83
11 98
29 44
27 12
15 20
6 93
10 80
27 45
27 93
21 58
3 7
4 92
1 17
22 39
12 82
2 37
23 93
7 44
20 6
3 54
29 19
21 3
21 75
16 66
22 11
13 11
16 43
10 64
5 6
13 4
17 69
12 31
12 36
19 58
1 10
3 21
25 81
27 56
1 51
5 97
5 84
5 10
17 5
11 56
11 19
19 60
7 31
0 5
25 14
10 21
12 57
25 37
4 18
26 36
9 8
12 42
29 41
26 30
26 22
26 22
30 57
28 53
22 23
7 24
11 39
22 46
1 91
25 4
0 47
28 32
13 81
17 57
26 70
3 46
10 73
7 40
8 64
12 17
12 42
28 73
30 3
27 40
26 58
24 89
22 77
19 54
27 61
30 48
18 36
29 96
21 28
30 10
19 54
3 55
9 48
26 64
30 25
24 6
25 43
19 99
17 2
27 99
2 32
26 15
3 85
17 86
6 54
4 17
20 2
14 28
27 75
3 31
0 23
27 76
12 49
29 87
25 86
1 36
14 94
21 92
3 59
21 28
10 95
4 11
30 36
17 100
23 51
8 7
11 54
27 88
12 18
9 69
15 25
25 12
19 71
20 84
0 74
9 2
5 12
27 76
30 19
15 61
6 79
7 30
17 89
1 35
9 59
12 55
28 17
17 9
25 13
22 54
30 67
9 15
5 55
16 83
5 98
4 54
23 46
2 58
30 80
12 97
18 20
18 18
26 83
28 21
13 4
28 13
3 34
22 86
17 2
2 93
27 91
2 77
3 21
3 50
18 34
13 9
27 80
26 26
0 20
5 81
10 67
8 93
20 67
2 23
15 40
16 32
22 39
20 56
1 7
30 7
14 99
5 66
6 73
23 65
23 95
12 83
23 17
24 57
18 71
25 71
1 15
21 56
21 70
5 28
0 34
10 2
2 93
7 28
16 51
26 48
5 12
28 1
21 55
24 87
15 94
17 97
17 50
10 4
9 61
12 31
7 51
13 78
14 66
3 23
22 7
21 15
8 35
4 53
18 52
20 38
28 6
22 80
6 47
5 42
12 33
4 90
14 65
7 30
28 97
9 95
20 98
6 87
30 39
22 45
10 28
2 29
14 78
3 6
9 27
21 43
17 16
28 91
22 37
10 2
5 83
23 99
21 39
3 100
26 72
15 20
26 51
12 19
12 1
1 82
19 1
9 66
17 1
3 5
10 57
19 92
9 93
13 64
27 21
28 52
15 46
25 86
8 71
1 52
23 91
26 31
8 39
0 60
12 81
20 70
22 53
30 94
30 86
13 55
7 39
24 59
19 45
13 49
5 15
2 23
3 74
9 37
12 46
3 94
10 81
20 5
7 26
23 56
1 94
7 5
18 84
2 52
26 35
18 78
26 8
14 72
25 49
9 44
17 14
28 57
1 43
24 20
5 68
29 41
12 86
13 41
14 92
2 87
14 34
30 15
5 11
16 56
13 23
9 60
14 91
26 68
14 78
24 52
19 68
12 9
14 56
30 48
12 12
28 40
3 59
26 71
27 17
26 91
15 96
9 15
15 24
9 60
2 19
16 42
2 39
28 50
6 59
29 50
1 55
24 3
10 2
15 68
30 30
0 16
1 57
8 53
29 95
17 24
11 37
2 1
18 44
3 68
25 90
27 19
21 86
10 57
4 9
17 29
29 48
12 50
26 98
8 26
10 55
10 24
21 7
12 31
26 52
20 20
15 74
18 68
26 27
9 50
5 100
24 51
9 32
18 57
25 1
22 58
8 4
10 71
17 36
28 88
7 54
1 84
15 71
25 32
24 12
14 84
12 92
11 39
10 75
11 49
19 73
25 1
7 66
23 5
16 30
20 77
21 37
1 87
12 97
24 93
29 9
9 51
24 56
11 55
16 73
4 21
10 44
29 55
13 15
20 18
18 19
7 74
5 40
29 93
8 72
0 55
17 43
1 47
24 67
21 74
15 95
14 18
19 40
7 36
0 91
14 53
28 61
24 10
26 35
23 11
18 94
20 86
1 56
15 84
4 96
17 93
21 86
0 9
20 58
18 30
13 22
6 10
25 39
27 61
22 2
17 57
19 26
17 1
27 86
24 42
20 40
7 92
6 27
25 42
16 31
20 52
20 13
10 8
19 22
29 81
7 15
27 72
13 11
20 36
28 35
12 92
7 91
10 78
30 67
23 41
6 22
14 1
13 5
26 31
25 46
22 64
26 95
18 38
14 23
23 26
26 68
22 68
17 88
14 67
25 96
13 24
0 29
23 79
14 55
10 59
3 88
30 24
5 28
7 41
1 69
21 82
9 2
11 24
23 50
24 39
9 6
4 55
25 54
18 67
4 84
19 18
6 80
17 77
18 54
6 2
5 53
23 93
21 70
1 32
27 40
11 69
29 84
26 89
20 51
16 14
29 30
21 5
3 95
11 89
25 81
4 96
18 56
9 33
15 78
30 59
29 36
22 50
24 7
13 28
29 98
22 79
24 83
30 5
17 70
29 66
26 19
16 83
3 81
4 98
11 33
26 89
12 87
28 38
12 92
20 91
16 75
10 4
10 54
24 96
30 60
30 84
15 91
9 7
28 42
1 59
28 55
0 28
14 70
22 38
21 48
22 53
2 11
18 29
27 12
25 95
30 84
13 35
29 25
24 81
11 74
27 77
4 56
14 18
1 11
29 39
23 71
24 69
22 7
4 55
28 6
22 13
9 22
12 1
23 69
8 81
18 88
23 78
17 77
21 33
17 55
3 13
13 24
17 70
4 8
26 95
2 52
8 8
9 21
26 23
15 40
28 10
17 94
19 94
14 37
30 93
28 12
4 26
14 73
29 54
25 31
15 69
4 58
3 39
1 85
23 95
9 17
19 4
26 55
14 56
28 94
10 62
0 2
6 32
10 66
29 23
19 61
1 80
6 74
5 72
7 93
12 37
10 57
10 47
30 80
5 60
23 4
7 100
9 99
17 38
27 9
25 45
12 71
24 19
1 100
2 43
12 98
23 45
10 57
30 66
14 56
26 25
23 21
6 63
28 59
2 53
16 63
29 90
5 39
22 27
29 90
23 78
15 3
5 29
26 34
23 73
16 10
13 8
15 7
17 61
16 50
26 24
9 26
2 83
4 5
28 34
6 34
30 8
15 78
30 85
22 93
6 54
18 79
15 6
2 41
7 71
2 44
17 22
24 22
9 97
29 21
10 59
5 18
0 68
13 54
6 74
18 14
24 79
23 2
3 17
3 57
13 38
2 9
19 11
2 14
24 67
8 38
0 97
11 92
2 48
0 6
22 19
22 28
19 22
12 65
5 23
27 81
21 42
7 69
26 97
16 15
9 59
15 86
25 98
20 95
23 4
23 48
1 62
0 81
22 90
11 60
22 97
3 7
1 71
15 60
20 86
23 42
28 67
29 51
25 74
1 23
26 54
19 50
29 83
6 43
21 59
26 96
1 53
30 37
7 95
19 92
28 89
16 93
5 28
2 9
1 76
24 64
2 9
14 10
22 29
17 45
29 60
26 38
18 99
19 15
29 19
2 26
22 85
18 19
11 54
11 93
13 3
19 13
26 72
25 84
3 90
30 13
5 65
24 47
16 46
16 94
10 82
17 17
12 45
18 6
7 9
5 7
4 45
15 57
16 11
26 86
22 48
21 95
30 90
23 10
14 85
8 2
8 59
30 11
7 10
20 49
12 59
15 33
5 74
3 22
29 49
0 86
29 66
30 64
27 85
20 90
29 25
25 2
0 95
11 45
0 5
18 60
12 84
29 26
23 69
18 55
20 7
23 44
12 18
0 94
11 63
19 55
1 40
10 62
3 16
23 94
10 22
0 7
16 43
27 78
26 67
17 97
23 73
19 86
21 13
15 12
3 69
29 49
4 48
16 18
28 21
5 6
2 17
5 90
9 76
17 57
6 72
26 43
17 59
8 24
9 52
12 79
15 31
21 81
27 10
3 26
30 86
18 52
3 11
4 78
28 13
12 96
1 76
29 35
1 27
28 86
17 24
24 35
29 28
13 98
14 14
2 12
26 76
19 66
4 63
22 23
19 34
1 94
7 49
9 9
3 97
24 45
15 2
1 5
4 35
13 71
14 23
9 7
11 100
0 27
16 36
30 85
15 15
4 11
0 8
29 85
22 12
21 2
14 10
7 42
16 14
27 40
15 68
30 71
22 75
4 91
15 32
3 77
28 71
8 27
6 80
9 46
16 79
10 96
28 66
1 19
6 88
28 41
4 55
7 1
12 18
15 34
25 22
12 87
4 90
27 19
13 41
7 46
19 56
14 29
28 17
9 35
18 19
8 69
10 66
4 60
26 75
26 56
9 34
26 36
27 63
23 27
11 60
10 68
7 52
13 75
23 69
15 61
30 71
16 57
5 74
13 52
18 78
2 39
14 86
24 64
21 62
15 5
30 5
24 76
5 65
13 7
13 75
13 81
0 67
30 59
12 4
15 88
27 72
28 95
17 52
12 2
29 13
13 91
17 52
27 47
19 53
20 3
13 38
2 69
12 92
3 93
2 58
13 87
3 64
21 85
20 1
27 84
13 54
15 27
1 10
0 9
24 59
0 78
28 2
22 70
16 55
15 34
8 93
20 50
14 61
3 25
1 26
16 43
20 40
9 28
11 72
18 5
15 13
26 35
20 25
0 50
9 90
7 82
13 46
19 72
16 89
6 61
10 96
5 79
23 80
29 53
28 40
8 86
10 16
5 25
19 57
9 44
20 38
17 92
8 32
9 32
30 21
6 89
25 18
13 3
28 64
2 50
4 34
29 38
24 18
2 91
1 12
13 69
18 48
11 53
21 90
13 40
10 51
24 36
10 47
15 98
2 72
22 72
6 43
27 38
29 99
5 18
17 10
8 11
10 60
30 8
30 94
29 18
30 5
30 40
26 83
5 76
6 65
7 79
24 48
13 8
5 5
29 2
3 15
4 1
8 59
17 88
2 70
12 95
4 45
9 98
14 92
19 65
27 88
9 60
16 92
24 99
9 2
11 45
16 3
25 15
1 52
13 95
4 36
1 49
7 6
18 70
2 60
29 19
17 100
22 90
4 70
4 7
1 26
8 20
20 100
18 37
19 41
15 63
18 8
14 63
3 24
14 57
16 11
15 67
23 45
6 14
23 98
10 68
6 71
27 41
13 6
0 39
13 87
14 89
3 89
2 63
4 44
5 63
16 55
2 72
5 27
26 53
29 39
6 76
30 47
29 95
21 69
25 21
25 22
14 34
1 73
1 67
22 36
25 13
22 77
23 25
12 97
28 90
17 41
29 7
11 60
1 68
13 21
18 36
3 95
30 90
22 43
27 48
9 95
23 46
1 55
13 58
14 46
16 45
21 63
18 85
3 64
26 87
0 46
23 39
15 18
19 63
10 44
19 40
8 5
23 46
6 55
16 30
13 41
26 4
20 25
1 62
3 34
9 4
16 4
20 6
20 82
16 96
16 6
13 80
25 49
10 41
29 23
25 15
5 51
30 9
14 80
27 3
3 56
22 73
30 40
13 29
29 57
13 25
13 29
15 64
28 73
8 67
4 84
12 12
0 5
23 28
29 37
23 95
23 18
3 55
15 39
16 24
7 82
24 26
3 35
9 53
30 39
6 16
6 29
13 22
1 76
16 75
14 62
18 66
16 67
15 91
29 2
12 60
3 19
24 5
9 53
30 53
21 41
7 59
14 45
4 90
7 43
14 45
18 35
10 70
24 4
13 84
9 39
3 45
22 94
4 35
27 24
4 93
20 94
24 9
30 21
6 64
7 51
3 74
30 19
8 100
3 69
10 25
17 97
10 81
12 75
2 39
9 35
26 74
5 75
0 46
10 89
0 28
30 38
22 97
5 96
21 77
18 56
22 25
26 14
0 82
28 35
6 86
23 40
2 93
19 31
9 16
13 83
30 21
3 40
22 62
16 31
19 29
30 59
28 27
26 70
3 43
20 95
8 95
23 15
1 64
5 35
27 60
18 2
9 20
17 85
17 23
7 58
20 29
29 49
15 33
15 78
6 48
26 17
26 62
2 50
23 60
4 12
15 1
30 63
30 86
18 19
15 11
19 40
20 39
4 68
28 12
28 50
19 55
0 56
23 68
1 88
14 51
12 29
12 9
16 69
0 27
24 76
28 85
10 6
3 96
2 16
5 35
17 55
6 75
24 6
24 8
23 27
4 22
3 34
7 77
2 87
19 28
2 52
15 7
12 79
9 31
3 70
7 55
22 84
30 53
7 43
16 29
0 50
26 80
19 54
9 23
25 52
14 35
15 53
23 33
23 44
15 69
9 28
17 42
22 44
25 98
2 13
3 6
6 45
5 48
19 22
12 89
14 100
26 57
6 55
3 62
9 53
26 97
10 11
28 78
17 7
11 20
5 94
23 12
17 6
13 95
7 57
23 90
28 13
24 97
9 64
29 12
11 48
3 37
24 19
22 43
15 36
14 69
26 42
24 29
10 93
15 91
8 13
1 43
16 58
14 19
11 66
28 85
21 79
19 31
9 51
2 52
6 90
0 85
13 42
16 37
0 29
9 24
21 3
13 67
15 78
6 54
9 42
15 94
15 83
2 16
23 87
18 77
27 93
1 13
20 1
20 57
0 15
30 5
24 20
13 36
17 4
1 83
18 55
16 20
10 26
25 72
20 95
10 20
22 51
28 16
13 38
10 93
20 71
4 11
9 72
26 33
20 87
24 80
20 89
12 71
14 68
2 18
25 92
20 28
24 16
12 99
20 11
25 25
11 78
3 58
1 97
2 94
21 94
17 65
20 85
18 59
12 96
1 48
24 66
22 49
4 89
15 1
12 99
22 70
21 21
7 68
3 81
29 5
21 3
18 23
2 66
9 91
17 17
14 69
18 40
11 87
10 84
23 34
30 88
2 44
15 26
8 8
8 99
8 87
23 9
17 47
22 75
9 50
3 21
15 79
9 68
22 28
8 41
0 62
30 61
14 40
4 51
25 28
23 78
1 30
2 54
13 97
3 93
26 94
2 46
24 22
17 90
3 24
8 39
8 98
14 65
21 9
9 63
20 92
30 89
21 37
12 32
19 75
22 2
13 100
14 17
13 72
18 82
26 57
17 37
11 18
10 17
27 22
27 2
19 33
11 53
25 26
17 2
5 48
7 22
8 84
12 27
0 54
22 46
8 74
8 11
7 100
16 77
18 7
2 73
20 86
26 94
6 32
25 63
11 62
13 62
22 47
26 2
8 25
9 49
30 86
8 29
3 38
8 31
1 24
20 88
2 81
20 90
6 59
8 73
17 10
13 76
0 32
10 2
8 29
2 12
12 6
24 93
19 81
25 98
6 5
19 45
10 9
30 95
6 39
12 15
4 3
7 4
10 98
9 54
3 62
22 65
27 50
0 44
12 31
29 23
20 12
23 51
13 27
11 99
0 10
13 30
10 74
3 82
4 68
9 91
26 3
28 88
30 57
17 42
21 56
17 3
26 70
5 1
20 1
24 24
13 95
4 34
25 26
9 98
26 9
3 32
22 2
29 36
5 16
11 3
29 60
10 94
20 76
23 46
2 96
7 55
14 33
28 9
14 5
25 91
18 90
27 17
3 73
11 94
17 23
10 3
5 36
28 58
23 85
5 4
17 60
14 83
9 8
2 3
0 64
16 72
4 96
6 18
21 86
18 79
29 78
0 24
3 17
25 19
17 89
17 62
0 35
11 33
2 88
1 88
18 26
23 66
26 78
27 22
6 60
7 38
1 15
0 61
28 56
26 56
23 9
5 78
23 3
28 44
13 55
12 100
28 4
17 7
30 38
15 95
3 29
18 19
10 12
26 37
5 74
23 100
27 70
10 14
21 9
7 18
2 16
28 50
1 13
25 18
22 14
24 25
18 100
24 49
27 82
13 19
13 21
15 92
3 41
20 91
14 64
2 68
18 50
17 51
25 89
29 44
4 15
12 81
19 52
3 39
10 85
16 67
30 62
27 39
5 55
15 43
0 49
0 1
5 24
9 7
24 46
7 44
19 64
26 83
13 31
22 8
0 97
0 26
24 47
28 85
30 49
11 13
16 98
14 98
29 92
3 26
4 36
20 98
16 23
2 60
7 36
10 6
23 23
5 9
22 42
5 69
1 44
17 13
28 67
21 98
27 13
14 23
12 35
29 65
10 19
28 22
3 59
23 2
9 82
23 61
4 90
15 90
28 16
6 96
28 39
6 34
29 100
27 63
17 40
1 92
8 78
0 88
30 50
5 24
25 1
10 70
3 39
20 52
9 3
3 44
27 91
18 10
22 58
1 53
6 55
26 49
0 58
25 25
2 47
4 37
6 75
27 63
3 51
6 93
9 76
19 72
29 14
22 20
21 44
26 97
9 30
0 35
23 63
8 38
16 69
5 93
16 34
7 43
11 91
27 39
27 22
10 48
26 90
17 52
20 34
13 95
1 59
7 79
21 25
12 76
21 61
4 66
8 70
26 26
5 84
13 66
28 52
27 79
8 9
0 60
14 67
10 88
15 51
3 67
21 69
9 59
20 59
9 60
20 58
7 76
2 36
7 28
19 18
18 11
25 97
12 62
28 17
12 84
29 13
26 62
20 48
20 13
24 24
23 73
22 19
25 25
16 56
25 81
27 100
26 41
1 41
12 50
19 90
24 77
17 34
7 97
17 97
30 86
18 61
9 46
20 41
3 12
7 43
11 90
22 95
12 46
15 1
12 45
10 81
19 57
17 86
7 49
4 19
13 84
22 2
23 47
7 49
30 53
4 10
8 36
11 20
14 51
0 19
18 84
4 77
19 9
7 68
21 46
7 9
19 46
4 99
7 82
12 78
7 42
4 64
18 58
11 17
18 32
16 48
30 73
21 47
3 59
6 18
24 7
6 54
20 80
23 22
18 16
3 93
5 71
1 52
15 73
2 24
9 86
30 74
0 45
20 31
28 12
24 90
27 67
21 30
17 26
28 78
18 28
20 59
24 54
19 33
0 48
19 48
25 47
10 94
15 84
23 76
17 11
2 58
17 21
4 48
4 44
14 53
10 50
17 3
13 34
3 8
5 31
15 22
21 75
5 18
22 18
25 58
2 23
17 57
7 61
0 95
14 9
16 34
8 27
1 52
13 47
30 60
5 54
6 88
7 14
6 18
7 80
2 33
24 59
30 100
14 8
2 44
12 21
30 71
11 56
20 28
0 58
13 38
12 77
15 39
8 36
11 25
2 47
28 64
5 39
4 50
10 86
16 45
23 8
27 4
16 85
0 75
15 30
13 74
7 100
1 96
15 4
1 17
7 79
7 92
12 29
14 61
3 5
1 46
12 56
23 6
7 20
29 63
4 92
1 46
21 70
27 10
28 49
16 84
21 14
15 34
17 26
27 39
6 72
14 46
30 68
15 63
19 49
1 71
28 2
4 10
15 62
1 72
19 63
16 8
8 6
14 47
9 4
4 74
26 1
8 29
16 13
27 27
0 67
11 1
14 24
19 26
5 80
7 34
26 76
21 60
17 92
1 75
2 24
12 84
0 2
29 3
0 8
30 73
6 81
1 31
9 98
5 77
3 99
21 21
1 36
8 32
14 57
14 34
25 51
22 80
25 35
6 4
21 1
9 66
30 16
2 36
30 89
6 46
21 90
23 67
22 87
0 73
25 1
20 18
8 40
21 66
20 53
3 8
26 31
11 15
26 75
8 61
22 84
16 43
20 87
22 53
22 69
20 49
8 34
17 53
25 21
25 14
16 77
4 72
10 74
6 67
16 25
30 68
6 54
22 7
26 94
13 77
8 10
5 92
21 81
19 84
14 55
12 30
7 18
26 80
19 60
6 29
28 85
4 99
24 11
7 56
1 43
17 64
13 39
26 83
21 67
25 6
17 10
11 27
19 95
13 32
17 54
27 76
13 32
20 16
16 3
23 18
30 54
8 91
25 34
10 49
2 11
17 5
27 86
7 13
18 90
12 5
12 37
27 77
27 99
28 12
29 96
25 84
10 89
24 95
28 14
3 12
10 83
30 37
2 100
13 45
7 39
4 97
20 70
8 35
28 10
24 94
11 53
30 9
17 65
7 85
27 67
3 4
25 2
9 96
29 41
22 53
21 4
14 78
14 68
24 41
9 61
14 80
1 15
8 91
27 11
6 6
14 18
23 45
18 25
12 57
13 11
4 82
18 67
9 67
13 47
7 12
4 25
22 73
18 92
1 93
8 40
26 33
2 43
16 76
8 80
3 18
21 58
4 77
10 43
13 94
4 15
12 99
24 45
18 85
20 35
15 49
23 36
29 50
27 92
25 85
7 19
21 63
0 14
3 45
2 62
21 60
3 87
15 18
22 40
27 82
30 63
28 97
22 93
14 88
29 35
4 32
12 87
3 6
19 23
7 36
9 2
30 83
16 6
9 32
22 98
26 25
12 63
1 60
27 92
16 49
29 15
9 85
8 8
16 55
3 65
22 82
28 78
14 76
7 50
22 35
22 43
9 74
1 12
8 30
12 16
6 17
10 67
20 20
12 2
22 92
22 53
29 43
8 97
17 36
13 77
17 39
16 45
26 62
3 38
15 41
21 81
26 17
12 29
26 11
3 39
27 32
24 79
30 60
22 33
4 52
1 52
7 85
6 43
25 95
8 25
14 90
1 42
25 51
30 38
8 76
12 26
19 14
26 94
4 24
17 24
27 65
21 29
11 25
22 52
17 56
16 95
22 48
20 67
7 79
13 66
7 45
14 71
15 67
2 89
24 49
7 9
17 34
0 86
7 43
8 55
17 22
8 10
10 70
30 44
4 6
2 39
15 95
4 72
11 47
27 55
21 96
21 70
4 67
18 96
22 13
25 60
21 14
7 46
18 34
2 10
8 55
18 24
21 17
19 83
4 69
22 72
17 50
4 72
7 5
14 73
18 36
16 60
19 22
25 86
20 10
4 57
11 58
30 51
12 27
23 44
2 84
21 50
7 84
11 90
27 14
25 80
23 14
10 31
7 13
18 54
10 85
28 42
6 87
14 74
25 66
0 21
9 23
0 77
24 3
27 33
7 2
29 95
3 31
16 64
22 6
17 50
13 9
13 23
30 93
27 72
24 43
18 36
22 98
10 64
19 33
17 57
4 24
25 2
12 85
24 39
6 10
13 26
23 6
23 30
12 76
4 2
9 59
13 26
24 13
2 65
25 57
28 59
13 32
7 76
17 48
12 22
13 77
5 19
15 90
24 98
4 24
11 98
17 52
6 4
15 44
2 29
8 71
0 16
30 73
19 54
1 61
11 45
28 31
15 46
18 35
13 79
3 21
28 11
19 96
4 43
5 15
25 66
10 37
28 59
10 29
28 84
5 63
29 27
13 44
5 21
1 79
2 63
21 46
29 79
15 6
8 20
14 55
4 42
8 17
24 64
20 96
19 58
9 88
30 89
10 61
9 38
11 25
6 14
22 75
8 53
17 37
12 71
7 70
5 16
21 78
8 65
13 21
24 48
27 23
21 11
29 18
25 38
29 32
2 59
14 9
30 9
5 9
18 14
23 47
6 74
30 44
28 51
9 92
25 20
25 56
3 87
18 33
9 13
13 37
11 76
18 39
7 50
18 2
20 22
20 86
13 44
29 38
30 57
13 78
6 11
8 31
17 1
5 10
25 96
11 6
30 35
13 60
29 46
4 29
1 35
8 11
8 83
9 89
14 2
24 90
17 32
24 59
29 40
4 9
29 45
6 24
15 65
18 59
8 8
2 95
8 76
15 99
22 34
29 80
8 10
25 20
29 20
12 17
24 86
1 37
30 27
0 33
3 36
26 86
23 29
4 86
7 58
9 16
11 75
1 27
5 55
9 42
25 21
5 67
16 11
16 25
4 48
27 64
15 56
13 89
17 47
20 91
0 15
8 56
5 77
29 53
6 84
15 59
23 57
9 91
11 1
15 88
9 19
2 17
10 89
25 25
17 50
2 43
15 26
1 66
26 53
8 24
17 49
11 89
24 3
23 57
19 30
6 42
11 100
8 12
14 58
3 35
22 81
22 46
9 29
7 52
19 67
4 75
11 33
25 75
23 86
18 49
19 67
13 45
3 5
28 7
25 67
8 70
13 95
13 67
27 66
15 67
16 50
3 87
21 30
9 4
4 49
1 36
13 100
3 26
18 100
23 32
24 83
27 41
2 100
1 8
3 35
19 54
20 3
19 94
21 76
9 14
27 30
12 56
26 84
3 91
7 28
9 14
21 79
20 5
18 5
29 82
16 64
2 77
21 83
17 62
17 43
10 7
8 96
25 21
19 71
28 1
4 77
11 1
29 2
19 31
5 52
10 59
19 8
12 21
30 53
26 96
3 41
0 20
21 86
0 7
8 40
0 38
0 46
13 40
18 19
26 65
12 88
11 96
10 86
8 18
8 94
27 12
8 9
2 11
9 69
12 3
14 50
17 44
2 56
27 90
20 14
3 3
5 55
6 38
24 91
15 21
5 48
18 92
30 78
14 35
18 79
4 19
28 74
6 92
19 23
4 68
6 26
17 1
1 74
25 93
4 41
0 29
28 61
20 43
22 60
13 41
19 56
5 18
19 63
25 94
8 61
12 10
10 13
28 65
21 80
23 71
6 16
0 67
27 49
11 74
8 28
9 52
6 90
0 30
5 77
11 41
25 30
21 11
29 58
22 36
9 2
0 21
6 88
26 41
11 33
28 69
11 94
25 16
4 10
24 15
19 49
23 11
19 62
4 41
22 62
12 67
9 23
9 79
15 100
19 25
22 36
19 62
13 79
5 90
22 63
3 52
20 67
24 49
1 28
26 73
10 36
23 82
16 13
9 13
19 31
5 81
27 48
29 36
18 86
26 49
20 51
28 37
25 26
5 19
16 1
27 69
26 22
19 31
26 100
26 27
3 94
22 78
13 78
13 22
19 44
25 97
27 63
27 37
24 11
19 26
1 24
2 97
29 12
14 71
0 70
3 32
1 13
21 56
2 9
1 67
23 25
3 29
3 76
3 20
17 87
4 21
16 16
6 27
20 92
17 15
10 95
4 30
18 24
7 73
8 72
5 94
30 3
24 75
17 80
13 97
1 11
28 37
27 39
24 87
13 34
4 82
6 15
26 14
20 1
9 89
30 24
18 88
4 61
10 62
13 41
27 74
8 7
15 45
15 78
19 59
22 36
10 85
0 59
6 59
25 25
11 87
27 9
15 11
22 65
6 13
15 55
23 11
13 30
26 71
17 1
25 66
4 88
28 61
5 24
17 85
5 69
16 6
11 69
4 68
30 36
15 4
30 38
5 30
30 51
19 81
3 26
28 30
1 1
8 17
7 21
19 36
3 97
10 46
18 80
11 55
24 56
10 82
21 28
20 29
24 68
28 37
30 17
11 65
8 5
12 66
1 51
23 53
24 3
23 68
30 55
30 64
6 85
17 60
13 82
3 20
13 49
14 27
5 26
13 2
28 97
12 66
17 28
2 15
29 94
27 37
15 93
19 56
9 38
5 13
3 15
19 52
7 38
27 92
23 5
9 69
4 81
9 78
18 43
3 13
26 34
3 54
2 58
30 38
24 16
2 16
26 21
25 35
1 98
28 17
7 29
12 76
10 99
22 56
5 26
25 99
3 11
6 11
25 52
11 81
30 49
4 76
29 83
14 67
14 50
17 99
20 3
9 93
28 68
6 86
13 92
21 25
19 85
19 34
7 88
12 50
21 14
23 39
15 96
26 38
18 27
12 23
2 48
24 18
20 34
1 40
11 9
9 64
9 97
27 67
28 41
19 17
12 32
6 31
9 1
17 56
24 35
8 19
5 12
15 45
1 76
4 36
8 92
15 52
14 14
29 61
24 65
6 85
19 72
23 97
0 82
8 98
24 62
3 48
14 13
24 21
28 56
27 46
19 50
10 56
18 44
11 62
5 41
13 70
23 62
23 92
28 98
18 1
21 4
9 64
14 81
12 13
1 39
5 41
0 91
24 12
4 77
3 72
14 74
20 86
2 89
15 41
25 48
24 2
8 48
24 24
17 48
5 10
11 54
27 46
7 50
2 69
20 43
5 77
29 90
26 75
2 66
19 27
25 90
14 87
18 14
26 56
0 44
29 41
11 85
4 24
17 16
7 6
26 100
17 46
21 35
5 98
28 69
28 91
26 87
3 35
2 53
15 86
29 50
2 31
9 48
19 19
23 61
10 11
4 72
3 55
24 37
27 6
0 43
28 87
21 19
0 82
20 32
7 94
19 56
0 85
23 36
16 94
25 46
4 78
13 94
7 70
15 31
24 83
4 97
24 19
18 52
22 93
2 5
22 76
21 14
29 96
9 75
29 92
10 6
22 95
2 96
11 85
25 17
13 63
15 20
13 88
4 74
12 23
20 98
6 61
25 41
28 17
28 12
14 88
19 25
2 36
10 56
13 62
18 22
0 94
25 31
22 90
23 88
29 78
20 13
20 69
24 76
14 80
6 67
12 21
29 62
24 26
5 55
20 26
3 66
13 48
6 77
24 3
30 87
2 68
11 65
25 23
6 56
6 81
5 25
6 43
3 97
21 74
14 92
24 41
21 64
27 37
10 35
25 41
23 42
27 13
18 12
29 91
11 50
4 30
13 2
16 19
0 46
25 75
14 94
27 77
1 90
17 59
1 74
27 39
25 82
1 76
27 9
19 90
0 17
22 68
6 46
19 87
12 99
23 38
9 57
7 17
27 63
0 67
10 3
8 79
6 55
20 94
15 32
12 48
8 52
14 19
27 81
29 7
12 63
10 53
17 26
4 2
6 5
14 55
28 66
20 36
19 35
12 17
8 23
13 3
0 39
0 19
1 73
29 5
21 80
1 22
28 81
16 16
9 32
25 87
25 91
17 99
7 47
18 51
13 80
20 36
0 74
17 23
23 73
17 82
4 25
13 52
6 18
29 91
22 65
28 50
8 65
18 43
18 88
24 24
1 81
25 26
17 27
27 40
12 3
21 88
7 8
15 51
23 2
10 27
20 78
28 37
30 12
23 6
9 47
2 52
20 95
1 48
22 96
12 35
10 33
26 2
4 47
16 32
5 29
1 21
30 78
28 96
30 54
21 84
24 45
21 59
10 95
2 77
15 15
17 67
28 27
21 89
11 63
3 90
6 80
22 6
6 8
18 19
0 98
27 20
30 24
21 65
17 69
28 44
8 62
10 55
8 32
19 22
25 24
12 56
16 5
16 11
18 53
5 11
0 74
5 74
3 89
21 37
5 14
18 19
25 97
21 67
26 23
9 75
29 49
20 64
15 8
7 27
29 78
21 74
15 69
4 33
17 32
25 19
29 35
5 43
17 73
24 97
10 89
24 18
3 96
25 48
10 28
9 28
3 38
11 59
28 69
27 46
24 39
3 48
26 79
23 2
30 3
4 30
20 55
29 63
5 35
1 57
25 64
14 1
25 10
17 9
3 75
0 81
4 79
10 8
23 8
23 23
19 51
12 31
1 69
3 13
27 12
20 37
30 6
25 25
17 94
22 63
6 67
13 47
3 98
3 92
27 16
12 39
20 40
17 91
9 12
6 15
25 47
19 81
8 12
7 57
5 92
30 2
15 61
25 33
15 16
8 57
4 3
17 51
27 35
2 86
22 29
8 47
8 60
24 45
28 89
11 22
5 87
28 91
30 73
11 90
5 37
22 96
27 46
14 91
11 60
0 70
24 28
28 28
11 23
15 95
20 73
7 95
9 67
20 15
1 28
16 63
14 70
9 16
23 69
8 22
14 56
22 48
2 40
20 43
7 72
2 44
2 95
7 79
18 41
9 11
4 75
17 23
14 48
8 11
0 28
26 40
17 39
0 83
9 6
10 64
20 71
28 65
28 53
2 84
19 31
12 18
29 83
23 49
11 52
27 59
17 70
6 31
26 11
0 88
21 72
27 31
21 52
18 55
25 16
23 19
28 5
6 64
8 60
7 72
1 100
7 93
5 23
29 92
29 69
28 8
15 39
1 38
6 31
1 58
19 14
14 8
12 34
18 16
14 55
12 66
20 99
4 81
10 1
9 61
2 100
0 79
21 12
2 13
11 23
26 2
24 46
10 72
26 60
0 91
29 60
6 32
8 13
18 49
19 50
19 17
16 91
2 44
22 81
29 84
0 1
16 9
3 8
29 16
5 65
24 23
4 12
9 14
11 72
16 46
26 42
2 77
2 69
2 84
25 2
0 73
28 51
18 46
15 78
0 1
7 68
9 89
18 52
7 38
28 100
19 95
1 73
28 28
9 65
28 22
25 79
1 78
26 59
29 9
4 36
12 91
1 69
19 27
13 33
20 73
27 57
11 65
11 27
15 48
16 93
2 53
8 19
10 19
1 30
5 92
14 36
5 89
6 51
19 86
30 17
12 89
12 8
29 16
8 66
9 97
5 23
24 37
20 28
30 99
0 97
4 44
8 44
1 35
25 34
29 65
12 27
15 9
22 83
16 81
13 4
8 44
3 37
27 60
18 27
12 63
25 89
27 66
2 68
15 26
24 82
23 6
28 24
29 1
1 50
30 6
8 19
19 40
12 71
10 87
14 75
5 13
30 6
14 12
5 48
25 35
10 63
13 67
0 86
5 20
7 84
26 78
22 94
16 70
12 82
23 81
2 39
4 86
22 73
8 37
7 67
3 20
29 10
19 72
28 22
4 91
24 30
6 43
14 42
13 36
6 90
20 23
21 25
3 70
7 89
14 47
28 86
14 59
6 47
7 27
23 69
22 3
29 95
10 95
18 26
2 69
27 95
24 68
14 68
12 99
12 68
12 14
0 43
28 19
28 50
9 72
8 82
27 36
24 48
24 6
26 97
0 87
6 30
16 42
29 20
1 12
7 34
16 75
10 58
16 26
30 20
6 63
26 56
29 35
18 35
22 51
24 84
11 80
1 46
16 61
3 17
23 86
0 1
28 6
3 19
16 48
24 61
14 18
12 100
6 58
8 99
25 14
3 35
26 95
12 23
12 10
6 47
30 29
16 38
12 56
7 11
9 75
9 26
16 44
11 54
19 92
8 8
6 68
9 86
12 12
6 24
7 60
30 63
23 35
20 100
29 72
10 62
22 13
2 59
9 73
14 69
28 43
6 67
27 44
7 14
7 7
12 90
12 67
3 67
2 15
10 60
12 13
15 45
24 45
13 36
29 26
10 86
8 7
26 43
16 54
4 42
3 71
28 87
15 69
27 98
11 77
15 41
10 45
30 74
2 10
26 48
25 7
4 39
0 32
19 89
13 40
25 10
17 49
4 68
4 81
24 4
17 23
17 70
1 14
18 79
19 87
8 23
8 51
29 69
3 63
21 21
4 19
29 13
26 17
20 38
21 70
5 55
19 90
1 38
21 98
17 91
5 62
11 21
30 76
25 13
21 3
21 63
6 12
27 51
2 65
20 77
15 11
29 62
18 32
21 92
9 10
18 63
21 18
7 62
16 87
9 63
4 1
22 38
3 10
22 19
13 75
7 89
29 73
16 12
10 49
11 65
16 63
1 10
18 68
19 60
2 21
1 14
20 48
13 79
18 74
14 78
24 20
2 99
16 71
15 46
17 27
6 3
29 98
27 50
25 53
3 82
1 78
1 23
3 39
5 51
12 20
16 17
27 5
28 39
21 11
18 23
29 67
14 62
17 72
26 75
22 54
22 68
12 20
2 32
27 80
18 40
12 48
13 68
23 58
28 84
11 8
0 60
26 96
15 68
19 28
15 86
11 98
12 93
18 71
8 44
9 66
28 54
4 77
13 47
30 36
3 67
11 17
5 5
3 20
10 35
23 81
19 96
2 59
12 96
18 87
15 71
4 71
29 69
19 71
8 1
9 30
7 14
18 66
29 92
4 41
5 47
29 88
1 51
21 11
19 28
24 37
13 89
12 41
9 34
10 42
4 74
0 92
7 63
15 23
18 74
7 62
15 21
12 14
15 11
17 41
25 44
30 73
1 58
1 42
5 80
25 51
2 51
4 69
5 29
10 17
9 52
19 37
26 56
25 54
24 1
6 64
4 7
12 7
27 57
3 37
23 74
7 43
29 6
20 5
29 60
18 36
12 8
10 79
4 86
16 95
0 18
25 56
30 98
12 28
2 13
27 36
3 35
9 80
4 42
23 96
7 81
23 69
23 41
22 59
25 3
18 93
16 13
5 46
27 82
30 30
11 26
26 25
5 63
9 73
24 14
3 84
26 92
16 19
19 83
24 47
26 4
15 23
5 89
24 88
30 81
30 15
3 57
20 68
1 66
6 52
1 35
16 57
3 14
12 60
5 15
19 36
29 20
12 40
24 17
19 20
28 28
11 14
17 78
22 32
1 59
3 20
29 60
20 72
18 18
1 77
16 50
30 100
7 54
15 47
30 66
23 66
3 56
10 82
4 45
2 35
0 25
6 59
22 50
25 28
4 10
29 84
10 3
27 54
25 11
9 46
7 100
15 56
22 65
24 60
18 25
12 72
20 88
28 70
23 20
3 11
16 91
5 36
8 44
5 94
10 43
17 4
15 27
4 30
7 38
11 30
15 14
12 30
4 74
19 49
13 42
11 10
13 20
29 52
24 24
25 50
17 95
3 95
16 75
3 99
6 47
7 97
23 72
30 31
0 35
27 23
9 89
29 13
11 42
4 53
5 30
15 20
8 62
24 59
14 61
24 95
9 93
29 35
12 22
10 73
3 95
3 60
3 72
16 66
3 35
20 47
12 100
14 2
5 65
8 83
15 32
15 31
18 87
27 29
20 73
13 36
19 97
16 23
2 82
11 68
28 5
6 55
5 81
23 6
19 60
29 13
4 73
0 9
28 96
10 6
30 11
16 93
14 52
18 52
11 63
3 11
9 10
10 11
11 49
17 83
18 89
1 83
8 92
2 18
19 54
18 25
2 12
23 14
14 44
21 62
23 82
27 80
4 100
18 12
13 30
8 98
25 81
16 79
2 42
10 89
23 74
19 43
10 79
15 2
9 89
30 11
4 19
24 29
29 87
5 93
28 61
9 73
15 83
11 45
25 8
16 47
22 16
10 94
20 48
27 79
5 18
3 42
22 10
29 80
19 77
30 46
9 96
5 14
17 69
24 17
3 47
2 54
10 52
0 28
15 29
19 1
28 92
6 22
12 49
18 68
8 65
14 81
5 43
13 17
8 1
4 19
8 46
13 85
29 21
9 4
5 3
21 16
26 89
16 42
2 96
8 48
15 41
10 45
18 20
11 74
10 74
0 97
26 16
19 87
20 96
21 50
5 83
2 60
1 29
14 81
21 81
18 89
14 89
20 52
3 48
13 63
6 61
13 47
14 3
29 57
22 25
22 25
3 28
23 37
0 57
22 58
7 90
5 75
3 44
11 20
23 31
13 23
12 66
27 51
16 73
27 53
7 31
22 78
14 85
9 61
8 38
16 54
27 29
15 31
15 35
2 27
10 24
17 76
1 19
10 73
1 69
18 86
14 3
9 82
18 14
15 15
7 72
11 69
30 13
13 32
3 87
8 54
16 18
1 28
8 48
3 19
22 67
19 15
18 52
15 9
3 58
18 74
24 15
3 64
14 2
19 18
9 87
9 85
13 42
15 69
19 33
6 80
30 82
13 51
2 44
2 5
29 42
10 25
30 5
4 65
26 6
19 48
14 32
29 47
21 54
9 23
26 6
12 41
23 66
27 36
9 42
4 74
21 27
5 98
10 59
13 66
26 75
27 12
18 64
17 52
30 13
14 57
23 5
19 5
9 100
27 33
3 33
9 22
29 56
25 26
11 97
18 9
16 92
7 29
29 23
15 97
19 60
3 80
29 44
27 58
26 25
2 36
3 91
7 53
27 32
12 66
28 14
27 80
20 42
23 68
6 81
22 56
17 39
23 62
6 62
1 27
4 28
8 54
20 13
5 84
2 85
20 54
20 47
18 49
25 19
19 98
1 97
21 72
21 59
12 65
2 37
29 8
2 29
1 71
12 61
29 55
1 82
21 96
13 89
19 39
25 97
2 81
18 50
18 13
11 56
6 51
16 69
15 35
25 54
28 3
24 91
25 30
0 92
0 23
10 61
6 13
7 5
0 35
25 11
14 16
17 36
4 3
20 8
7 24
29 18
17 45
4 86
24 53
21 20
2 100
17 81
18 69
13 55
7 89
27 25
5 16
26 63
26 43
26 31
16 49
16 39
12 100
22 13
15 73
30 20
27 74
23 82
30 13
2 99
18 84
26 23
3 38
23 94
0 9
24 9
1 100
10 65
5 98
29 29
21 90
7 9
15 59
27 82
19 25
1 55
3 74
27 57
27 33
13 91
11 26
28 33
23 27
0 44
15 85
24 28
10 45
20 19
20 79
17 71
27 19
24 54
17 39
18 65
22 76
14 35
6 37
4 86
18 27
29 5
18 89
30 51
1 55
23 47
8 56
14 99
23 52
8 46
20 47
19 66
8 41
26 51
17 80
23 68
8 91
11 11
14 54
26 96
21 51
21 20
18 24
12 84
6 66
13 16
15 92
5 75
2 51
1 11
9 12
10 17
20 56
27 66
24 18
4 33
19 78
24 80
12 85
10 55
5 96
21 13
2 18
4 100
19 66
6 42
26 5
11 88
9 13
5 29
2 45
15 55
8 37
22 94
27 28
3 66
28 23
27 6
30 29
5 71
2 92
18 58
2 26
25 77
29 80
9 59
15 95
11 48
29 59
5 70
28 7
20 64
20 32
28 54
8 38
26 8
13 14
5 38
27 90
25 100
16 52
16 85
18 2
4 62
19 73
11 69
25 76
14 96
8 77
28 17
19 17
13 74
0 18
6 91
8 65
22 37
29 79
20 89
14 26
7 83
8 57
9 42
23 63
24 1
0 60
28 1
23 15
18 43
24 27
22 93
6 48
16 29
26 12
12 65
10 17
16 48
17 83
12 33
13 88
30 94
30 23
11 48
14 70
15 45
28 48
24 16
14 84
17 9
7 21
0 50
12 53
30 33
18 32
9 55
18 99
22 25
16 98
12 85
20 83
26 66
24 6
12 54
18 18
14 52
10 37
30 52
28 55
18 8
8 8
29 34
5 8
12 84
19 91
11 40
29 46
0 82
8 17
0 77
15 72
27 81
16 15
29 46
23 40
16 57
21 59
15 68
22 50
9 37
14 85
17 11
25 100
13 30
25 56
25 98
24 17
17 29
3 44
21 96
30 68
3 47
25 36
28 76
10 35
24 19
12 32
16 55
23 55
15 1
24 38
11 17
13 26
26 4
17 17
19 61
30 79
3 2
27 39
26 47
14 77
9 10
7 13
27 9
15 92
7 48
29 66
25 58
9 23
3 90
22 91
25 52
7 56
21 58
10 90
28 28
11 30
14 41
20 22
15 16
1 45
20 44
26 4
7 51
22 32
14 19
0 62
24 44
28 19
20 19
5 11
23 66
18 46
20 74
29 99
3 28
29 79
17 92
11 19
14 38
20 92
0 16
0 73
29 71
10 95
18 19
18 71
26 61
15 80
30 56
20 80
17 47
9 84
0 54
24 96
5 18
29 67
2 33
12 24
15 92
1 5
19 95
17 26
14 15
16 83
8 26
13 77
15 50
16 36
9 3
29 92
24 84
27 88
8 18
18 51
27 30
2 22
17 60
2 71
20 5
22 63
14 79
9 7
26 66
0 86
19 5
1 1
25 17
4 31
29 50
20 65
11 9
23 28
20 7
21 18
11 65
19 24
15 10
7 46
16 32
26 4
13 71
8 48
18 79
10 90
25 81
22 34
7 93
28 15
25 17
2 10
19 81
28 57
8 23
17 95
22 78
5 53
10 26
12 19
11 70
24 24
10 23
2 87
16 21
28 81
12 8
2 70
21 71
30 63
27 88
20 14
8 47
5 97
23 14
19 26
29 55
4 79
17 2
13 4
18 26
27 36
4 43
3 36
17 43
6 12
9 27
22 43
14 83
27 36
12 99
21 66
15 56
6 36
9 41
25 44
12 87
28 63
26 68
21 10
23 64
12 72
13 23
10 72
23 66
30 22
28 2
17 80
1 52
5 16
1 33
5 9
1 22
6 6
21 10
6 19
28 80
1 10
11 74
0 4
12 70
11 96
26 38
0 18
5 57
3 9
10 93
22 98
7 66
16 92
12 75
3 84
15 56
20 73
19 62
30 10
27 73
14 41
0 18
15 19
30 34
6 61
11 24
13 67
3 80
5 59
26 34
30 2
28 10
11 10
15 38
16 30
8 97
14 24
7 86
0 31
17 16
28 20
14 23
22 35
24 69
30 91
27 79
12 7
23 47
4 3
2 57
15 28
23 45
19 3
19 92
23 21
5 21
22 23
19 20
7 20
28 97
27 75
10 19
18 14
3 22
5 6
6 59
4 64
25 9
28 62
20 35
30 47
10 68
27 17
26 28
13 14
13 42
8 39
30 4
28 75
28 39
9 52
9 67
28 58
12 16
10 71
0 83
4 8
30 36
9 80
9 35
15 7
29 63
21 15
4 84
27 35
29 36
14 64
9 20
19 78
29 8
18 8
5 65
12 47
2 60
25 30
16 52
13 63
1 61
16 100
23 45
0 4
0 14
11 96
11 7
23 34
10 15
17 92
16 20
21 92
24 23
11 69
10 51
0 85
29 95
27 10
8 76
15 19
26 100
15 18
2 23
10 28
9 60
0 14
27 16
27 60
25 55
14 45
2 88
4 36
27 44
7 36
21 94
27 100
10 24
30 70
30 22
21 17
2 88
18 67
6 33
0 42
27 79
24 37
15 2
28 17
9 66
9 59
26 58
16 32
12 84
9 64
6 30
21 25
27 4
23 24
14 43
5 57
8 45
11 96
24 73
3 2
20 15
19 17
5 24
3 90
21 51
17 32
18 73
20 59
3 40
11 94
27 75
21 82
25 33
27 9
6 18
8 69
20 7
11 10
20 60
13 6
7 75
29 63
20 27
19 100
20 1
18 26
12 52
0 8
14 64
8 16
0 96
9 55
20 58
26 30
24 69
15 49
16 55
14 76
5 4
21 90
1 3
14 2
25 23
8 63
3 93
9 8
21 91
8 55
14 22
30 60
2 69
30 25
19 58
22 21
22 66
20 62
10 28
0 33
8 56
28 77
26 7
5 33
4 24
19 49
23 55
23 58
15 80
10 16
7 91
6 34
21 79
17 34
29 79
16 89
15 60
29 36
1 53
14 64
24 27
13 43
10 58
21 75
1 33
6 99
19 59
14 52
29 51
30 37
11 64
14 90
12 76
13 21
27 89
21 52
16 72
22 14
6 92
19 38
25 99
12 33
9 9
22 99
4 51
25 30
14 20
18 15
3 56
8 92
30 57
14 79
20 14
19 86
14 28
20 49
3 47
14 6
16 80
23 44
21 91
26 30
20 92
13 36
24 51
16 16
