100
1 1
19 51
16 80
17 89
16 63
11 25
11 14
9 73
10 22
4 79
8 12
22 45
1 84
26 11
25 71
11 61
13 44
5 7
23 91
16 82
8 52
4 25
27 33
12 84
15 95
13 7
26 85
16 97
17 11
6 89
7 52
18 95
28 19
2 71
11 8
2 31
5 47
17 36
29 84
28 64
10 19
4 23
4 98
11 93
5 21
26 59
7 40
23 96
4 93
10 36
21 51
4 59
10 16
29 44
27 7
12 2
15 46
13 86
22 48
13 37
20 65
20 13
15 64
5 81
15 14
7 81
3 68
25 93
23 27
5 37
4 5
23 60
24 9
24 32
12 77
2 77
3 44
4 5
29 99
15 59
13 41
15 7
22 59
18 58
14 58
3 31
13 22
17 48
13 32
19 31
16 79
24 70
17 5
6 47
10 75
7 80
7 95
14 60
18 52
30 31
21 29
24 17
2 93
23 72
26 49
7 86
9 62
28 53
24 1
1 29
17 12
12 54
4 86
7 34
26 60
12 80
11 77
4 91
29 2
7 30
7 44
2 94
23 36
1 51
22 6
16 91
16 19
9 60
29 65
8 44
24 47
30 22
28 2
11 73
10 68
13 96
28 5
17 98
16 93
27 100
28 63
29 9
24 83
28 60
7 55
12 30
16 24
18 58
26 26
27 1
16 91
11 21
27 91
13 26
2 27
20 9
25 80
14 63
23 61
16 86
28 39
19 31
14 93
25 31
16 48
20 65
1 2
25 58
27 51
16 75
2 75
0 52
1 50
8 52
16 12
18 100
26 87
4 49
29 65
3 20
15 99
29 52
24 60
9 90
28 14
16 60
16 44
27 48
26 14
7 14
14 56
29 99
17 57
6 5
21 47
16 62
27 80
4 35
3 30
13 28
23 58
23 79
7 33
29 21
18 89
14 96
6 23
2 21
13 65
1 62
22 10
30 81
30 34
24 2
4 69
23 4
29 94
12 10
29 3
15 80
10 72
3 90
23 53
11 34
6 33
18 10
15 53
3 69
3 61
19 93
4 69
23 70
17 51
29 41
19 11
4 85
22 62
25 97
20 2
29 12
17 72
5 37
17 69
7 31
2 16
5 18
6 84
26 57
28 29
20 42
3 6
25 5
29 80
4 15
18 2
12 13
14 6
27 77
9 70
16 31
25 80
6 37
18 40
20 88
4 36
11 77
0 63
18 18
26 78
4 71
22 68
21 5
4 99
3 51
19 77
12 45
3 62
25 46
23 43
2 70
2 82
9 70
17 95
10 66
20 22
10 12
18 63
23 57
13 14
1 89
8 41
19 48
4 48
28 68
15 27
12 2
9 6
29 56
16 83
14 67
15 7
7 67
14 79
25 8
15 9
16 9
2 66
27 88
5 9
11 87
30 52
22 28
21 95
1 52
28 83
14 20
28 47
6 85
29 94
3 48
5 88
12 68
6 34
0 9
12 21
19 19
17 66
13 84
6 7
23 35
22 27
14 42
7 37
1 75
12 51
21 55
11 60
8 75
19 94
26 68
1 57
21 26
18 30
1 86
1 57
20 46
26 17
8 48
23 99
23 90
6 21
22 38
10 88
25 80
21 58
10 32
25 65
18 73
27 77
19 5
18 22
15 59
14 50
2 31
15 59
28 44
10 85
25 34
22 76
29 76
8 55
29 80
15 63
1 86
30 94
21 2
12 98
24 70
6 70
10 32
28 12
17 64
15 46
14 73
3 91
18 87
16 73
29 91
25 93
30 92
1 5
20 31
16 69
10 84
24 25
26 94
18 21
4 42
26 42
23 88
26 19
16 27
29 17
0 59
17 93
23 32
19 6
0 94
10 66
20 85
0 90
25 18
19 48
7 70
27 64
25 66
9 67
5 18
29 66
25 14
21 46
3 95
21 9
14 66
25 85
19 59
18 11
24 92
20 58
8 61
2 51
12 80
14 5
15 100
17 12
30 83
2 50
8 67
10 79
20 23
22 63
13 71
1 95
11 32
10 76
15 82
2 91
17 71
13 8
15 65
22 40
21 35
29 45
20 7
23 27
12 75
17 81
18 50
3 11
20 51
19 89
17 42
25 2
12 46
17 43
16 68
27 97
6 66
19 47
3 63
22 1
3 92
6 25
9 81
0 1
3 95
22 31
28 38
6 56
27 71
3 91
2 26
30 21
20 36
27 85
21 22
29 47
15 26
1 60
26 35
29 77
25 19
4 44
2 86
28 75
28 27
23 39
2 54
18 49
26 56
21 98
6 69
16 69
9 31
4 77
8 100
16 62
22 81
4 38
6 32
26 14
0 60
2 21
17 65
23 59
5 46
30 46
1 32
13 17
8 86
17 98
6 90
5 75
13 58
11 97
6 95
18 35
12 80
20 14
0 99
23 83
28 41
7 75
2 76
24 12
16 3
19 48
22 16
20 76
10 96
3 56
15 17
0 72
24 51
25 38
8 36
27 92
14 35
4 11
29 82
11 52
26 36
25 65
9 57
17 10
24 55
13 9
9 74
25 22
14 81
9 89
30 11
12 45
19 22
26 9
21 72
27 40
21 48
14 35
5 14
24 38
15 17
20 49
20 94
12 49
23 36
9 100
1 25
11 88
11 10
22 61
9 9
7 69
28 42
12 8
28 44
25 39
26 83
18 90
2 92
24 16
17 6
4 33
18 48
13 43
27 36
10 57
26 56
2 5
17 64
1 84
5 93
6 24
11 51
27 63
28 9
28 26
25 63
3 90
10 36
4 30
8 21
24 23
4 65
2 91
19 46
17 62
14 9
25 30
7 6
20 11
18 77
11 97
19 15
6 58
5 23
13 10
7 84
28 93
5 84
17 58
21 36
24 20
22 81
16 32
15 61
21 83
3 43
17 56
27 96
21 71
23 9
20 34
12 8
20 58
9 6
16 49
28 5
0 39
17 59
21 33
10 36
28 29
26 96
17 71
23 1
18 95
15 79
2 22
13 77
17 55
0 79
18 36
17 3
8 51
3 37
5 39
21 29
13 98
15 74
22 4
27 7
25 86
23 65
6 87
19 61
8 44
5 62
13 7
23 64
26 75
28 11
11 66
5 18
30 56
27 32
3 29
26 33
28 84
11 95
19 33
13 99
22 17
10 37
18 100
20 2
13 23
28 47
21 65
10 37
18 43
17 97
6 35
6 74
10 97
21 48
9 95
18 15
2 57
19 28
7 47
20 13
11 80
21 97
24 43
8 81
11 60
5 20
19 87
16 48
1 6
23 89
23 14
28 11
30 3
18 91
16 26
13 91
15 50
15 50
0 35
27 49
12 30
12 46
19 92
6 20
30 72
0 52
29 13
14 42
2 48
9 92
13 100
2 11
7 71
2 79
21 88
30 84
10 51
17 85
1 27
16 57
1 85
25 69
28 5
5 29
9 87
6 82
13 73
24 64
3 9
30 6
12 37
7 96
21 60
5 81
23 75
6 52
2 50
23 65
29 91
23 47
27 16
23 76
1 53
6 39
9 18
13 47
24 26
4 51
5 55
6 41
3 49
15 27
11 56
11 69
28 64
12 20
7 6
28 78
17 71
23 88
22 48
2 60
2 51
28 44
6 94
3 74
14 38
16 7
8 76
5 84
1 95
22 4
29 44
15 32
23 51
18 33
19 61
12 65
10 71
26 95
9 2
27 20
27 4
18 24
22 53
23 54
11 71
5 65
2 72
27 57
13 42
19 20
16 74
8 22
14 44
18 44
21 35
26 38
0 25
7 78
28 21
25 2
26 47
7 8
16 69
23 54
16 29
24 44
22 44
19 91
14 89
26 50
6 26
13 41
21 22
9 86
16 65
2 25
7 92
23 89
16 16
3 11
2 65
30 43
6 40
25 87
17 1
1 69
5 100
27 73
4 51
26 7
4 50
18 43
30 84
28 53
1 22
26 32
22 4
7 15
8 53
14 29
16 20
14 17
15 47
18 71
15 17
4 69
22 61
18 61
0 46
4 38
28 40
20 58
3 20
3 49
1 82
29 72
16 48
8 28
18 39
22 51
28 4
4 92
17 87
13 45
23 39
21 9
3 60
1 28
19 87
8 66
24 8
28 54
26 84
12 32
20 58
27 32
16 70
12 31
16 21
28 23
5 58
4 75
5 83
14 41
1 7
28 79
15 71
12 30
10 87
17 44
29 4
10 60
19 50
21 59
13 73
23 97
2 31
9 82
10 94
17 9
14 24
1 76
25 65
18 24
4 58
8 59
8 37
27 30
7 62
29 66
28 27
7 15
17 40
1 70
10 81
21 68
19 6
0 5
12 30
13 19
20 92
30 74
15 85
6 99
27 55
18 96
24 80
1 76
2 5
27 89
7 69
26 12
20 63
30 21
13 8
26 42
19 47
8 70
10 16
28 9
27 32
10 24
17 76
16 49
14 12
5 41
18 24
2 63
28 62
5 24
12 48
9 100
8 45
22 19
29 53
17 57
0 83
4 86
19 74
30 34
24 56
0 52
8 19
28 67
9 60
17 94
18 41
17 93
28 52
2 17
9 21
3 94
23 43
6 3
0 95
23 19
22 55
14 80
29 41
15 10
22 94
27 94
21 31
20 91
19 44
16 76
28 18
7 73
17 27
7 3
7 74
13 16
12 75
5 93
4 17
30 79
26 26
3 1
25 3
9 70
9 76
25 1
1 16
2 79
14 92
12 98
5 23
11 61
8 47
28 72
7 95
24 38
3 20
23 83
19 83
5 99
9 99
27 18
15 26
28 83
6 81
22 77
29 97
25 32
9 31
24 73
15 8
1 23
7 33
3 30
11 20
25 25
6 78
24 44
1 54
15 51
13 21
0 58
27 90
22 84
23 1
25 25
17 30
0 26
24 46
20 26
30 3
2 68
23 75
0 96
5 87
13 66
10 8
20 68
22 86
16 84
9 98
29 17
25 7
19 82
1 85
19 41
12 64
20 20
3 86
8 27
9 99
0 94
11 70
26 100
7 41
30 53
18 69
19 25
15 47
19 52
1 93
19 23
28 80
29 49
7 7
19 86
28 16
10 94
25 81
6 54
14 98
26 92
1 32
20 61
28 99
6 14
26 50
7 57
17 33
18 28
4 22
27 15
25 35
23 38
4 69
20 4
20 96
16 9
25 38
27 54
11 68
6 27
14 94
18 68
10 54
28 100
28 54
26 68
25 36
15 12
13 94
24 74
20 24
29 79
3 24
27 12
24 37
10 64
12 62
28 14
14 18
9 44
9 43
5 28
15 74
18 32
4 94
0 95
4 10
2 82
21 34
22 56
4 96
13 13
19 51
27 52
12 65
14 86
20 48
9 93
23 80
24 98
0 61
15 48
9 48
9 8
22 71
0 51
9 5
9 18
23 81
13 10
14 59
19 56
9 15
27 73
10 85
28 46
17 41
18 47
0 71
2 26
9 62
28 36
29 87
25 100
9 10
10 41
15 80
8 42
15 3
24 5
6 85
9 79
24 40
5 54
2 48
10 11
30 2
26 73
29 93
5 92
17 16
4 52
29 10
24 11
29 100
22 35
22 15
7 54
7 50
22 69
25 26
23 72
16 11
2 81
1 97
21 93
7 18
7 36
14 29
4 43
30 45
9 71
1 47
14 98
6 89
9 38
14 42
2 59
12 53
11 9
5 82
2 95
10 43
20 36
11 11
10 58
26 41
11 67
24 80
12 37
6 68
0 3
13 95
12 2
10 67
23 82
25 67
24 91
12 11
12 52
29 73
14 10
3 18
13 86
4 41
17 62
25 48
20 28
28 69
27 46
29 92
27 9
29 54
14 7
22 66
4 50
25 99
27 28
2 100
14 59
20 23
14 53
30 100
27 61
27 79
1 99
28 98
10 3
4 74
14 7
11 48
30 5
10 23
2 77
6 26
5 36
5 84
14 23
16 70
16 69
0 84
11 55
25 46
18 56
30 42
11 61
28 60
3 55
4 2
0 48
13 71
4 42
18 100
4 13
1 57
1 60
5 5
6 57
29 35
0 6
9 50
10 37
15 20
22 26
29 2
21 21
5 80
7 75
0 34
0 82
15 52
15 24
29 60
8 25
10 35
9 85
26 66
26 59
7 53
15 38
0 80
4 88
29 63
23 16
0 23
10 42
26 73
17 11
0 31
24 100
24 99
26 39
11 39
23 59
13 86
30 73
2 97
11 82
27 38
29 85
9 48
10 34
18 11
19 39
13 93
24 100
14 39
1 69
1 23
12 9
25 96
1 44
8 56
23 87
7 69
30 59
22 12
11 10
7 71
24 78
23 97
2 63
12 29
20 8
18 8
4 10
24 86
12 23
21 100
21 61
29 79
27 45
9 69
13 94
8 91
9 93
21 71
8 70
2 9
25 41
29 40
18 49
8 22
10 73
6 90
1 46
6 51
19 62
28 56
21 91
21 65
28 16
6 56
20 67
22 27
29 81
2 94
0 3
15 64
29 46
27 53
30 19
11 3
10 38
18 59
30 30
7 67
5 84
30 35
5 60
5 99
23 84
17 53
3 67
20 99
22 32
19 19
10 20
9 28
16 14
12 1
25 83
29 91
26 14
26 19
0 85
15 23
26 42
21 94
16 3
8 26
0 18
8 83
2 94
24 2
27 27
18 79
12 81
21 91
27 61
16 20
12 50
27 38
16 67
27 86
11 89
30 30
10 81
18 95
23 16
17 76
30 97
25 64
27 62
18 66
4 55
23 30
29 26
30 87
23 64
1 89
18 62
5 75
13 11
2 27
3 34
14 30
21 97
17 76
11 26
16 25
15 100
8 72
11 12
3 95
22 74
21 45
5 94
6 35
23 20
23 34
10 64
23 76
14 5
25 2
13 18
29 1
11 72
2 76
24 90
6 48
28 15
24 26
5 56
1 35
1 85
20 29
21 57
1 4
23 31
23 4
18 36
22 66
4 82
4 46
22 65
17 43
22 2
18 90
10 67
2 33
6 31
24 23
9 73
24 30
20 53
13 41
23 68
25 3
12 93
6 3
4 40
12 71
17 11
23 38
27 36
8 3
12 85
21 27
12 24
15 85
27 3
11 48
16 71
19 85
15 23
25 53
10 64
4 72
0 76
20 55
16 13
9 98
17 28
12 15
28 33
13 32
14 73
23 87
1 53
3 3
22 6
26 27
27 64
23 39
15 39
8 4
24 99
30 86
12 41
14 39
14 76
19 53
9 43
30 48
5 56
24 19
25 35
25 52
8 41
5 58
3 89
1 21
2 93
11 37
8 22
5 76
26 6
20 97
29 15
27 16
0 36
22 5
2 63
26 6
24 25
3 25
26 26
18 71
24 77
12 41
29 42
20 51
18 42
5 46
14 85
2 4
26 12
9 23
18 90
16 48
14 87
26 24
5 52
4 100
28 13
11 47
15 61
24 41
9 6
5 28
24 80
16 67
20 39
27 12
29 98
6 22
20 61
19 28
24 49
29 24
29 76
9 56
20 8
21 69
25 60
19 44
7 70
14 68
21 82
5 50
6 58
20 26
11 83
2 40
16 12
12 94
12 17
6 78
19 19
0 49
30 60
30 38
0 52
19 28
14 72
29 95
11 74
20 98
8 16
14 95
6 76
12 97
22 91
10 84
20 61
15 16
0 53
20 78
19 26
20 78
7 49
23 71
12 38
12 98
17 13
27 93
21 13
9 30
26 50
2 76
10 31
17 33
10 61
23 9
1 25
29 11
8 7
12 30
24 63
10 40
9 100
2 6
17 81
16 80
27 4
30 34
30 20
12 2
16 30
25 33
26 96
12 11
13 86
26 26
13 63
3 92
29 1
24 1
17 95
14 4
7 64
27 21
6 4
28 67
19 5
1 95
8 46
0 72
4 99
2 83
23 2
15 7
6 37
11 74
5 45
15 69
15 67
22 48
16 18
5 32
7 97
26 78
27 27
13 71
24 82
4 14
23 37
10 53
4 45
30 85
28 4
3 68
10 48
12 97
0 15
22 49
29 39
12 100
13 12
26 2
0 81
11 98
18 6
6 50
20 99
18 77
17 23
28 15
4 73
26 89
29 62
2 2
18 50
27 80
0 69
25 95
23 6
24 65
22 56
5 81
20 32
8 92
19 36
30 48
16 14
28 87
3 5
30 84
11 16
13 55
15 59
27 20
20 34
26 62
9 75
4 69
19 12
4 98
25 16
27 80
27 64
15 5
15 96
25 67
18 34
9 3
2 57
13 58
26 26
30 64
28 46
11 52
11 76
11 100
21 29
17 26
16 25
23 25
24 47
1 3
19 20
21 71
17 53
25 48
18 34
20 68
11 22
0 68
18 71
23 27
15 61
8 95
11 88
24 29
8 6
26 43
17 92
8 65
29 47
23 72
14 44
5 97
1 31
13 43
7 42
16 81
1 66
10 77
8 12
2 25
19 20
11 96
13 11
16 46
6 30
12 27
22 15
14 86
16 80
26 12
22 90
0 99
23 33
12 72
23 31
5 78
27 86
13 35
14 78
29 8
3 33
30 36
5 13
12 87
22 83
2 88
11 87
18 15
0 43
9 95
28 80
7 38
22 24
2 67
7 90
11 59
5 50
18 9
28 11
10 9
4 43
21 23
20 78
24 16
23 62
30 35
25 15
22 16
10 69
20 25
30 90
10 64
0 20
10 59
13 89
0 1
21 67
30 27
13 20
29 61
4 45
12 43
0 84
6 87
1 4
14 15
21 70
18 6
25 65
8 73
25 49
12 90
18 88
22 82
16 19
10 3
2 43
5 21
26 77
21 19
20 72
8 20
15 89
24 47
5 51
20 46
7 63
29 47
3 39
12 46
18 83
9 31
9 36
3 29
28 23
13 60
12 40
29 16
23 5
22 26
8 62
27 47
21 55
16 99
29 61
21 81
23 54
10 7
4 3
13 25
15 49
16 13
9 68
25 52
14 77
5 32
22 82
26 29
21 22
29 60
7 46
26 37
17 4
21 36
4 68
10 49
1 59
26 50
2 20
26 28
11 27
27 42
16 61
29 97
28 60
22 66
29 15
30 10
0 28
29 13
21 47
9 92
7 16
7 87
22 12
16 27
9 83
2 7
9 24
11 95
1 64
13 91
0 14
13 38
11 37
2 75
7 76
29 90
21 28
19 74
12 72
28 20
29 56
4 4
4 9
28 34
14 68
23 72
16 96
26 18
3 41
2 17
5 86
25 52
20 64
14 53
21 62
8 75
8 85
26 26
15 37
28 12
25 81
25 91
26 54
19 69
13 18
10 45
7 56
24 97
2 26
24 18
16 26
10 82
17 33
25 64
20 84
16 15
0 87
18 40
17 49
19 96
14 67
20 21
3 45
6 66
1 24
21 24
9 70
0 45
22 12
10 82
21 60
21 74
29 2
28 21
2 97
20 95
23 11
20 33
27 84
11 5
21 57
8 7
13 62
15 58
18 67
18 78
28 100
16 67
17 6
10 24
7 84
0 7
9 27
23 75
5 97
10 90
23 82
1 46
17 9
2 48
13 20
6 24
10 68
26 92
10 93
5 1
22 95
19 5
30 18
8 61
7 80
29 17
3 52
5 22
7 64
24 67
20 20
2 5
10 18
23 87
21 69
19 96
18 12
28 33
21 54
2 40
10 13
16 40
28 34
24 67
14 7
5 77
27 29
28 62
21 52
1 24
20 47
9 60
5 46
17 5
28 28
3 18
3 72
6 60
25 21
18 49
22 61
17 82
12 64
16 47
25 77
27 53
30 45
17 21
0 25
23 5
19 14
14 31
28 16
20 41
12 32
5 50
20 73
23 61
15 6
0 31
16 47
24 94
3 12
20 99
0 39
15 57
2 69
13 67
14 70
23 84
17 72
27 4
24 39
14 53
8 79
8 26
30 76
10 91
20 16
8 54
14 86
23 64
10 12
24 40
7 96
13 23
10 61
10 8
22 89
1 40
24 53
20 34
27 81
20 87
4 15
18 31
28 45
11 51
12 66
4 20
20 30
27 37
9 24
25 67
8 79
15 28
8 15
6 40
19 26
9 63
9 96
27 85
2 2
29 71
3 63
21 60
0 84
16 34
15 12
23 9
20 86
20 11
24 31
2 8
10 60
7 49
22 53
21 44
29 12
26 61
16 99
29 10
21 3
30 83
30 46
10 79
28 59
17 79
9 63
17 19
28 78
8 86
3 63
23 100
18 73
20 49
2 72
26 35
16 21
26 16
28 2
3 29
24 63
6 90
30 83
25 37
5 82
15 21
13 98
6 10
22 63
24 31
24 16
26 39
8 11
22 42
10 89
16 48
12 96
16 40
4 37
3 84
29 22
14 100
10 81
20 40
24 67
3 71
9 60
24 21
15 12
6 85
29 79
24 66
22 7
21 85
29 9
30 21
24 64
1 84
0 73
9 78
10 59
2 87
0 11
16 89
25 11
18 24
4 28
10 44
12 28
7 63
12 61
30 60
15 49
14 90
23 59
11 36
28 64
22 6
12 78
21 20
27 15
28 23
9 29
5 22
14 58
19 63
14 30
0 64
24 92
10 64
5 46
8 33
9 58
27 53
1 25
4 72
20 26
30 83
13 39
6 43
12 35
19 75
5 81
11 68
12 65
6 27
0 17
22 63
25 94
2 37
12 96
17 78
14 71
3 38
17 98
4 71
11 67
10 91
28 94
19 33
28 36
1 61
24 5
21 31
27 13
21 45
16 32
28 24
28 22
30 7
19 66
3 35
6 66
9 16
6 29
30 68
15 84
9 73
17 62
22 16
12 85
12 14
7 72
3 45
0 39
2 13
17 5
15 37
15 20
8 75
17 29
13 4
21 59
29 17
2 9
11 26
10 40
29 83
13 33
22 27
3 97
13 17
18 57
21 84
3 6
17 10
29 78
6 88
17 83
11 95
0 81
25 79
28 3
16 98
12 45
3 53
17 53
8 18
28 70
4 48
24 72
4 6
2 10
19 69
0 21
19 96
16 56
7 22
13 80
30 27
11 84
1 84
8 30
6 69
23 38
5 25
17 3
24 17
30 51
1 96
23 88
25 47
27 7
12 15
27 2
29 75
23 17
21 28
2 19
11 49
27 44
18 1
24 97
17 56
4 42
15 60
14 10
19 88
8 12
17 18
18 48
25 29
9 9
19 91
17 82
22 67
16 64
27 79
16 2
6 36
6 88
4 47
11 67
17 60
6 83
29 52
4 71
26 21
25 38
8 53
23 45
8 49
6 43
15 34
19 63
0 15
17 72
8 67
5 1
1 46
27 49
13 82
5 7
29 69
7 26
11 13
27 43
11 43
28 14
18 91
24 24
22 23
24 29
22 70
2 51
0 1
18 18
1 43
23 10
19 47
21 9
7 36
30 34
8 27
13 53
27 14
22 29
9 45
7 45
14 10
17 75
13 53
28 100
12 48
14 41
2 52
16 57
13 90
14 20
11 22
0 79
9 22
19 53
12 64
17 85
15 29
11 9
14 1
13 19
17 47
10 89
11 78
11 37
14 55
24 99
1 66
3 85
9 76
3 28
25 25
20 81
26 51
21 61
25 84
6 23
10 87
4 5
12 1
28 60
7 51
25 97
29 91
6 19
9 44
18 20
8 13
21 9
0 29
9 96
1 55
11 14
29 98
2 88
19 26
25 4
3 34
0 54
21 72
3 72
9 60
17 85
28 11
6 9
17 32
21 34
6 45
28 74
26 68
16 41
13 15
4 94
2 92
0 51
9 12
7 56
7 58
19 54
24 17
27 84
29 53
17 22
28 34
3 4
8 85
4 87
29 60
21 12
23 94
27 96
16 72
17 39
0 5
15 26
9 9
0 99
1 69
16 74
6 37
28 42
25 34
19 10
4 60
28 19
29 3
12 95
9 46
21 4
11 43
18 7
18 62
14 91
9 33
22 36
2 2
1 39
19 67
5 48
17 7
7 9
27 92
30 97
25 51
29 84
11 70
9 29
30 34
9 70
28 8
10 62
2 68
9 40
2 91
17 97
29 84
14 70
4 86
14 62
4 39
16 52
14 26
10 13
16 87
27 84
5 18
1 7
2 59
18 25
30 44
22 69
8 79
29 61
10 52
20 27
21 5
15 61
19 52
14 4
15 56
16 8
2 69
18 43
16 70
15 19
5 11
29 78
10 34
25 39
28 24
23 29
26 80
17 80
14 44
20 87
8 19
8 95
5 45
5 65
10 59
28 70
4 26
0 68
26 11
30 24
20 51
12 81
6 47
30 91
4 99
10 56
15 10
5 8
13 13
22 4
3 2
4 100
23 76
30 88
23 6
16 66
4 7
16 83
18 58
23 3
8 6
3 79
20 67
11 80
1 54
4 39
15 16
21 90
25 5
11 18
20 84
4 19
23 76
2 44
12 32
4 2
12 42
7 88
12 96
11 37
1 31
9 94
14 22
10 7
9 23
25 63
25 93
2 41
25 95
28 86
30 6
0 95
21 77
28 83
2 54
5 30
23 33
22 82
13 46
11 27
15 46
27 43
8 91
3 63
27 12
25 5
24 22
2 41
6 96
29 35
15 16
28 94
4 54
3 78
24 13
30 31
10 81
6 95
28 89
14 15
28 19
27 16
28 17
10 65
10 68
15 9
17 55
25 61
28 15
30 82
20 94
3 32
10 41
12 27
12 14
6 40
2 15
26 75
9 78
7 21
25 94
18 71
20 1
29 8
23 10
23 77
16 96
13 25
21 78
11 7
16 97
13 4
22 2
21 42
15 7
23 14
23 93
2 27
26 4
8 37
7 98
8 32
15 86
17 93
11 62
23 97
14 8
17 93
9 50
2 86
14 76
15 97
8 92
17 21
2 71
29 79
2 30
26 67
13 31
29 1
4 36
6 14
20 71
16 34
15 45
22 56
14 51
15 94
9 30
15 35
19 9
18 20
5 42
25 71
28 25
15 4
30 3
12 45
21 81
11 65
1 79
11 14
15 36
5 90
11 6
21 97
14 14
22 97
7 54
7 78
10 24
22 16
20 52
0 8
2 72
24 59
8 41
30 21
8 40
10 3
7 80
30 76
9 75
30 2
24 48
16 83
10 24
7 75
28 10
9 19
30 47
16 85
20 46
1 52
17 72
26 52
0 44
12 7
18 59
24 21
19 13
13 15
24 15
28 23
28 84
25 69
2 79
3 73
23 100
29 32
16 24
8 31
30 62
27 69
8 3
9 23
30 94
13 76
6 68
16 72
11 40
3 35
11 68
5 12
18 29
2 78
12 5
17 62
21 64
11 45
27 42
1 76
28 89
5 39
10 54
15 22
27 36
2 78
17 37
4 27
13 79
23 69
0 41
15 56
15 26
14 45
9 71
10 59
30 89
0 90
14 20
24 70
29 20
29 92
4 17
14 97
22 32
1 65
27 83
8 70
29 86
30 99
11 41
27 47
22 74
29 66
18 70
3 40
11 32
25 6
9 80
14 42
16 41
12 16
2 11
3 56
8 77
14 22
23 53
26 32
26 24
16 57
10 97
0 31
15 52
14 40
23 4
5 24
27 64
29 67
12 30
11 53
19 34
11 83
6 63
29 100
13 23
0 16
1 9
25 24
25 96
25 68
0 23
5 87
21 14
29 58
15 42
8 22
27 24
6 32
15 8
7 79
3 88
9 66
8 34
17 7
18 25
28 100
9 54
9 9
12 29
5 42
19 41
10 98
14 6
2 62
10 50
3 48
14 85
9 21
27 9
25 16
24 79
2 4
5 4
21 58
0 10
10 13
20 5
12 87
11 56
13 65
13 48
4 12
26 75
23 38
10 96
28 32
7 2
22 27
27 11
4 13
13 71
9 26
2 93
23 70
17 75
17 84
5 45
25 59
3 83
4 12
17 42
30 16
15 5
8 52
20 94
12 13
14 2
29 57
15 5
3 38
18 39
17 76
24 47
3 88
1 58
4 18
5 51
23 29
18 80
25 64
27 97
6 95
28 71
16 85
25 88
17 69
1 18
0 31
23 16
2 36
26 3
16 27
10 36
12 57
28 31
30 7
27 27
27 61
29 48
7 33
16 11
20 30
9 31
30 86
5 11
5 54
6 25
9 55
26 35
12 72
13 22
27 44
28 88
3 67
24 36
25 35
6 28
2 82
29 46
30 65
29 94
2 4
1 32
14 18
5 5
14 94
30 28
7 8
29 7
18 26
26 75
13 64
29 17
18 80
0 35
6 82
8 65
20 6
4 72
18 32
10 60
17 18
27 16
22 9
23 62
7 4
1 97
18 21
22 93
29 45
10 68
3 43
10 75
9 55
9 81
0 13
30 59
27 32
19 8
19 94
4 2
8 52
24 5
19 54
0 38
2 17
25 58
26 7
24 37
13 74
15 33
29 100
15 18
6 92
0 20
25 59
8 93
14 97
9 42
22 22
20 12
10 46
19 15
14 65
27 20
29 41
10 71
9 93
3 90
9 44
29 4
16 25
15 38
15 94
12 76
29 13
14 3
25 36
5 64
2 96
13 89
19 27
12 24
21 93
13 51
4 1
12 90
5 46
25 27
17 97
7 88
13 42
23 93
16 25
2 16
13 57
8 49
14 92
26 2
21 14
12 4
5 68
23 90
11 51
8 61
25 20
21 61
20 61
2 31
30 73
11 50
5 22
29 92
22 81
18 30
29 60
15 25
30 54
19 18
6 19
9 3
2 39
4 81
27 14
13 48
10 50
16 33
19 33
11 66
4 11
16 8
23 71
11 19
22 21
21 34
13 32
21 40
9 99
21 65
21 93
0 64
5 39
20 100
3 49
12 20
2 71
15 55
18 92
3 41
29 2
9 96
28 12
7 6
26 94
18 84
25 72
20 18
8 21
21 49
13 38
20 86
0 43
14 41
22 57
27 59
2 3
8 33
8 19
4 83
1 74
29 95
27 25
15 80
14 81
17 13
15 27
24 26
10 29
13 21
26 41
20 60
28 23
23 92
25 58
7 20
9 75
27 94
6 50
5 72
26 17
8 35
3 10
9 58
9 77
12 22
8 69
1 87
17 55
15 27
17 27
0 17
3 52
8 80
16 87
29 11
28 64
8 82
2 81
13 56
25 85
2 16
26 88
30 93
28 98
10 94
3 20
18 59
12 81
23 41
30 51
26 92
2 50
16 67
12 18
17 26
21 18
6 49
5 37
26 5
20 2
21 37
3 10
3 2
30 13
12 63
13 80
18 99
29 49
22 15
19 18
2 72
11 41
15 1
16 2
0 63
14 3
15 41
10 81
29 38
4 61
24 10
22 67
30 45
25 30
20 92
13 16
28 41
2 5
0 80
25 29
4 55
0 71
13 30
15 96
28 55
7 64
1 13
29 13
28 31
22 24
19 38
1 31
25 6
28 5
6 17
7 66
13 72
11 74
11 43
14 54
14 12
8 2
26 61
2 52
1 10
18 45
27 61
14 20
9 68
14 7
29 98
11 1
27 45
16 44
1 53
12 38
22 26
1 17
27 9
14 25
12 80
3 25
28 12
1 35
4 88
3 93
21 79
20 91
4 77
17 21
2 86
5 68
12 63
15 6
21 44
21 44
7 19
30 33
6 59
14 64
30 77
14 22
30 86
29 24
8 71
16 78
18 62
26 37
28 12
30 19
6 69
24 94
24 89
28 69
22 95
23 1
25 92
3 67
0 2
22 81
28 48
8 33
19 81
25 49
21 57
4 30
26 57
5 34
17 64
11 68
22 74
11 35
2 10
6 56
7 18
10 27
1 52
18 65
12 50
7 56
22 59
16 14
9 48
4 18
13 98
19 44
30 29
22 41
6 40
0 44
19 78
18 72
25 6
17 51
1 31
2 56
18 38
25 90
28 33
19 8
7 18
17 85
7 1
26 11
27 87
23 74
1 63
14 36
17 58
29 80
18 43
1 99
14 81
29 88
25 71
9 88
0 88
22 30
11 18
10 57
7 35
7 91
20 72
27 26
11 49
15 11
6 68
7 9
0 12
14 38
12 72
17 98
27 50
21 30
30 8
8 86
11 50
20 91
6 35
5 3
4 42
7 71
28 71
3 36
2 24
10 3
26 95
6 14
19 32
7 6
19 89
1 62
24 17
2 28
13 63
21 86
24 54
15 64
24 53
2 83
15 13
28 65
4 31
30 40
1 79
12 65
0 80
18 70
29 91
26 10
9 37
29 47
15 93
2 65
17 95
26 71
19 39
21 99
20 75
15 55
10 39
9 88
16 11
13 42
26 31
27 52
1 33
12 22
20 12
16 23
8 31
1 39
20 90
21 98
5 22
1 1
9 61
8 27
23 91
13 52
13 25
16 58
29 27
22 6
0 50
8 79
17 13
26 43
5 38
10 60
4 2
19 10
30 98
6 44
1 72
16 50
28 62
2 63
30 51
8 55
17 21
20 88
21 8
12 32
0 84
11 39
17 83
7 54
2 28
5 16
30 88
29 80
10 54
25 77
4 72
13 11
28 26
15 48
26 30
23 11
6 97
24 77
29 56
25 21
17 2
30 93
10 11
8 76
5 32
17 92
24 2
6 9
22 69
10 54
7 36
24 44
2 64
29 16
11 70
3 67
21 44
2 34
18 92
22 18
13 53
22 48
27 48
9 79
22 30
20 24
10 66
28 44
11 100
8 35
20 70
6 49
23 33
30 41
1 38
15 6
30 13
1 54
13 67
11 100
9 88
22 83
2 69
15 43
4 42
5 26
11 54
8 82
22 52
2 82
21 78
16 73
7 35
15 32
8 68
12 66
22 77
25 23
2 30
27 99
23 24
2 19
0 95
19 29
27 87
10 68
1 89
8 42
6 49
9 99
6 8
13 70
22 4
28 91
26 14
7 73
12 33
22 60
11 97
16 83
1 17
23 32
17 37
25 54
2 5
1 18
19 72
13 82
22 34
4 2
4 67
0 23
10 41
15 49
0 51
8 17
7 76
13 89
23 76
1 49
17 8
19 61
8 52
8 60
14 36
21 100
8 50
15 69
4 63
18 79
10 33
3 79
30 38
2 20
11 9
17 18
19 69
4 7
13 24
12 17
7 12
29 9
11 98
13 9
25 69
5 24
2 6
28 45
29 97
7 74
28 7
23 15
12 84
30 35
7 16
20 70
12 30
21 73
8 86
25 67
8 36
26 6
1 37
7 29
5 4
27 55
1 82
1 70
5 17
25 8
10 36
13 62
16 44
15 82
12 100
11 28
5 54
20 100
14 91
17 91
22 59
18 76
1 52
24 60
17 29
2 75
3 11
30 37
22 30
16 96
11 86
23 83
4 59
27 70
23 47
0 41
11 61
15 39
27 56
24 56
23 11
1 26
6 61
27 43
26 50
1 10
9 37
24 13
6 34
25 42
29 34
8 1
29 79
13 65
12 81
22 82
13 19
15 9
25 37
27 32
17 55
29 44
29 74
12 49
12 18
13 70
20 88
15 37
29 91
13 90
26 40
24 10
15 96
15 20
13 100
5 8
15 15
23 88
24 76
9 50
11 26
16 66
24 4
5 72
1 28
18 20
14 44
12 4
18 76
15 27
3 82
28 26
11 56
18 30
5 50
7 56
28 89
5 60
25 67
28 82
30 13
8 49
13 57
3 50
24 80
1 84
14 23
18 91
9 2
10 95
2 57
19 24
22 45
5 79
2 79
5 18
2 7
25 55
24 17
0 2
23 3
3 59
16 44
18 37
28 19
18 45
15 53
26 57
20 89
0 61
24 18
27 39
21 51
3 18
19 20
2 47
21 20
14 6
25 15
7 26
2 83
28 26
0 59
18 61
11 10
25 1
3 25
21 21
1 17
7 7
7 1
0 83
1 28
15 8
22 34
21 78
15 66
26 58
26 9
12 79
10 14
6 61
12 69
25 29
17 73
5 53
26 50
1 95
30 30
9 56
13 49
25 93
24 79
6 97
9 55
17 84
27 51
0 88
18 22
17 50
16 70
28 66
15 67
24 25
4 44
13 100
0 85
25 42
9 38
15 34
21 11
13 79
30 2
18 43
16 36
2 50
16 16
5 67
22 65
2 72
19 77
20 72
28 100
27 94
12 66
2 83
5 7
30 94
29 43
14 66
5 18
19 59
19 57
5 73
24 76
26 21
29 75
30 8
21 92
29 5
27 81
28 78
12 78
0 97
29 31
29 77
13 7
16 83
17 78
18 1
30 83
16 44
24 45
24 3
3 28
29 20
3 81
8 99
18 20
23 15
9 92
24 85
6 5
16 4
7 71
4 35
7 63
5 50
29 35
5 63
22 9
24 42
27 3
13 51
18 81
6 81
14 43
5 81
17 45
27 56
20 35
22 13
8 63
24 73
18 60
20 79
0 28
14 32
12 11
22 77
1 47
13 21
3 8
22 83
15 64
22 8
10 12
16 28
17 72
6 53
27 55
14 89
7 94
12 64
25 65
22 2
7 41
9 60
16 97
0 57
1 27
14 41
17 97
12 56
0 38
30 88
6 9
25 77
17 4
29 98
3 31
10 62
4 29
27 77
11 98
16 66
7 68
23 16
22 68
3 31
24 22
16 34
21 14
4 47
10 4
11 36
1 12
29 77
15 7
29 5
17 39
27 70
9 4
17 47
5 62
17 85
13 70
13 14
13 55
2 21
28 67
9 3
13 11
27 51
27 28
17 2
2 71
2 88
15 47
17 72
12 12
13 66
18 16
11 21
10 98
7 56
14 72
12 63
0 55
23 4
13 19
13 80
24 68
26 40
29 83
11 72
22 45
18 2
20 25
14 61
26 71
2 41
11 3
12 26
3 72
24 88
29 46
20 31
28 20
20 68
0 33
20 10
30 53
23 55
6 97
2 82
12 25
12 27
5 84
7 99
19 89
24 65
14 75
14 19
25 35
6 65
28 69
13 58
29 15
30 19
4 57
20 8
6 19
28 46
15 52
0 16
13 70
12 33
6 97
26 47
29 9
3 89
11 93
29 95
1 36
10 55
16 29
26 78
12 19
8 32
13 42
16 64
17 55
25 95
19 7
23 4
9 42
8 14
30 4
1 35
20 78
22 98
27 19
3 28
5 76
0 71
12 75
27 8
15 80
3 8
0 42
18 26
18 5
26 22
16 15
23 16
3 7
0 37
29 47
27 47
16 92
4 61
1 19
4 58
5 24
15 68
16 98
10 26
0 91
18 19
18 66
17 80
15 58
27 81
13 100
5 2
25 73
19 36
0 88
4 33
7 56
12 2
18 20
0 82
9 71
24 8
13 87
27 98
0 22
24 26
12 90
16 84
21 36
22 88
28 43
10 41
6 92
27 58
12 3
4 33
7 98
18 73
1 43
18 46
12 92
24 98
21 67
17 52
19 12
26 10
25 92
13 16
3 8
26 83
4 34
7 25
23 23
26 95
16 94
21 35
18 19
7 56
3 20
13 18
25 56
14 91
16 69
3 17
16 86
19 98
16 6
5 11
13 40
10 41
16 27
18 92
22 67
27 90
2 33
4 55
4 67
3 63
9 3
4 49
3 22
26 68
18 91
16 37
19 89
20 23
1 81
19 17
4 65
3 92
9 85
28 12
11 11
1 100
2 96
12 3
21 94
19 73
27 94
17 94
29 39
6 12
24 38
17 15
5 70
0 57
19 80
20 4
9 41
29 83
12 72
25 75
12 99
22 46
13 50
16 12
21 87
4 85
22 84
13 35
30 10
24 10
4 69
5 75
21 34
4 56
4 48
16 65
16 41
12 23
8 37
29 85
7 93
21 23
25 53
17 76
22 97
15 58
27 35
27 18
0 87
17 65
4 1
29 45
10 86
7 56
18 11
17 33
7 71
12 10
23 27
9 86
20 54
12 47
23 71
24 89
0 47
30 89
17 19
30 16
15 35
9 23
8 88
20 38
25 43
23 60
0 3
30 5
10 59
10 23
11 41
28 96
4 99
7 97
27 18
6 32
26 66
3 65
24 74
19 64
4 6
29 7
3 76
12 34
28 23
0 33
10 63
7 34
0 80
7 70
1 82
29 32
11 70
10 91
16 1
18 35
20 48
1 76
22 98
20 53
0 60
6 96
1 64
10 58
18 56
19 7
29 53
9 64
3 26
15 49
1 79
6 13
18 20
17 21
28 74
8 75
0 94
26 2
21 6
30 80
20 34
29 47
21 32
6 52
0 7
17 21
25 15
17 82
8 49
8 6
7 15
6 8
5 3
0 52
9 75
0 81
9 4
26 38
7 24
30 71
6 74
16 28
4 59
9 47
0 52
9 38
23 58
4 25
26 50
25 72
4 93
2 25
25 65
0 41
14 18
3 98
19 61
11 61
7 98
27 74
27 55
25 84
12 64
3 39
6 11
15 97
5 14
27 69
23 20
0 66
5 28
2 70
3 77
30 87
21 91
13 85
28 83
5 88
0 35
9 21
1 87
2 43
16 3
28 23
0 51
21 38
17 43
23 95
7 55
10 42
5 48
29 97
7 65
28 50
21 78
10 92
25 88
15 22
29 83
26 80
23 36
22 14
1 50
15 13
29 77
6 17
23 55
1 41
14 75
14 100
19 71
1 86
28 89
7 69
5 84
6 39
6 8
25 18
28 74
19 20
2 54
5 50
8 42
30 38
16 66
2 97
5 71
1 16
12 63
23 92
25 14
13 1
15 21
19 35
23 48
24 99
17 20
9 70
5 46
1 94
3 99
21 61
19 3
2 64
17 79
3 30
24 5
7 17
8 47
22 40
21 76
3 35
3 33
24 76
15 25
10 75
18 68
12 79
28 10
6 39
7 85
14 99
28 95
12 98
2 65
1 37
19 92
22 62
18 14
18 48
27 73
1 16
13 86
26 10
23 78
25 97
22 41
16 84
12 69
9 53
8 21
11 78
5 80
24 11
20 91
21 79
6 19
7 15
6 33
4 24
9 80
29 54
13 92
8 50
0 97
2 19
8 55
17 98
17 14
6 100
18 1
6 30
13 72
15 28
12 28
14 79
19 56
19 81
9 40
26 98
12 14
18 37
26 29
3 74
29 27
13 82
19 11
4 69
17 89
28 23
4 86
5 63
15 39
9 56
10 39
25 47
20 72
8 21
9 10
18 12
2 81
1 64
4 57
28 29
10 98
23 14
24 38
27 30
28 71
19 38
5 95
26 57
1 52
20 44
29 13
2 43
21 13
26 71
10 26
20 81
8 64
22 4
0 69
30 68
28 75
2 23
20 2
15 57
16 60
24 43
20 43
1 44
16 6
23 44
21 46
21 84
27 15
2 38
6 56
16 13
15 23
4 2
20 12
9 38
7 51
29 100
23 75
5 83
14 2
18 49
4 20
30 8
24 64
7 33
26 63
1 61
0 51
11 89
1 39
0 32
11 1
24 93
28 16
9 15
5 8
19 9
28 35
5 70
1 13
5 51
14 11
9 42
23 7
9 96
9 79
21 40
7 7
23 76
5 50
18 84
29 58
2 77
29 91
2 50
10 48
22 85
11 63
1 31
13 74
24 32
16 65
8 68
18 5
20 70
7 44
26 43
12 55
24 67
25 24
22 38
27 4
13 6
30 66
21 19
2 40
22 90
26 70
30 23
14 100
30 61
26 62
14 54
7 15
20 44
9 33
30 43
2 14
16 16
14 67
12 25
30 35
10 8
17 90
19 96
26 60
15 96
12 65
26 86
16 17
29 64
12 63
27 42
28 1
20 1
5 13
30 75
13 91
23 95
9 10
29 32
16 46
8 74
1 69
7 36
20 18
9 17
15 23
18 7
20 30
8 79
11 86
5 33
30 50
9 16
28 39
25 13
11 94
5 3
29 8
6 99
2 46
12 9
16 38
3 70
10 40
17 96
3 2
4 23
21 82
6 85
11 72
12 48
20 17
4 50
4 93
0 3
3 28
6 51
17 17
28 100
2 72
24 39
28 62
11 98
4 9
2 46
14 47
28 51
26 55
23 42
13 91
14 2
27 33
13 14
17 4
24 100
5 36
20 58
25 79
19 65
26 66
27 83
8 85
10 14
30 3
1 89
18 92
29 21
28 60
23 93
26 47
11 37
12 26
28 68
6 85
3 53
5 68
0 48
15 53
21 8
12 31
13 59
26 33
3 49
0 48
28 34
2 35
13 75
2 52
21 63
2 8
27 15
23 71
29 9
9 91
20 94
7 86
3 83
2 80
10 7
0 47
16 13
9 74
8 11
14 56
13 86
7 81
28 26
18 40
23 66
24 82
21 36
4 95
12 33
27 79
19 45
23 30
2 50
25 10
17 4
11 2
0 44
26 91
4 33
20 77
27 65
4 83
9 14
6 24
10 2
24 48
15 21
27 100
20 45
13 18
29 91
25 1
0 97
10 50
23 33
28 21
2 41
3 38
1 62
0 96
0 45
27 91
3 41
30 56
23 85
17 98
7 55
13 54
13 31
25 18
29 30
28 5
20 97
26 19
11 77
29 40
19 70
1 38
30 38
29 42
29 10
3 5
16 41
4 55
8 45
15 80
7 16
6 13
9 91
19 44
19 81
15 45
14 80
1 9
15 10
7 12
28 72
28 83
18 34
25 68
27 40
26 53
22 15
21 30
17 47
12 60
4 75
1 13
24 27
5 42
4 90
16 21
0 66
3 57
12 50
24 93
6 43
12 31
15 25
7 29
20 80
23 73
14 58
4 5
20 89
20 88
1 76
7 50
27 98
27 77
22 93
14 78
28 55
29 90
19 39
9 92
10 4
23 89
20 33
10 19
11 57
6 56
30 63
15 84
2 42
22 55
12 63
1 32
5 4
23 63
3 9
19 27
27 29
27 93
27 43
9 87
25 5
13 56
29 73
10 95
11 40
0 1
24 91
29 90
7 94
30 65
16 30
23 5
18 99
17 33
9 100
21 32
9 4
24 72
25 57
8 84
29 87
17 62
22 50
25 59
12 16
13 69
11 56
13 22
16 54
17 51
18 51
3 56
10 61
29 10
24 35
18 29
16 61
21 8
4 7
26 23
5 87
24 55
7 85
9 90
14 44
8 65
7 39
22 66
7 64
20 58
4 20
25 73
21 13
6 73
23 31
25 24
26 31
30 38
4 75
10 6
26 47
26 41
18 14
24 8
26 36
30 53
17 74
10 17
21 12
30 69
22 41
28 70
8 63
0 85
27 68
20 44
13 29
0 67
8 10
29 84
0 28
7 38
17 100
25 89
13 82
3 18
24 15
25 41
29 32
28 42
30 25
0 43
19 9
0 97
13 7
20 9
8 42
26 6
4 53
25 42
21 33
21 39
26 5
22 90
27 7
6 62
19 74
27 71
4 13
20 22
24 81
4 50
28 90
23 64
23 70
2 96
15 19
14 42
13 23
0 67
25 13
12 17
22 7
5 92
18 79
7 6
11 39
21 58
23 85
25 95
26 22
16 2
18 34
30 100
8 57
13 21
18 97
26 100
13 91
4 95
15 76
5 81
3 48
3 24
7 52
26 32
16 20
5 4
24 38
22 60
25 36
12 99
24 44
24 67
13 3
20 41
2 76
23 25
8 32
2 36
17 10
13 71
16 68
6 86
24 39
11 72
14 38
27 39
20 25
12 54
7 34
27 84
7 20
29 88
8 25
28 15
5 32
30 92
11 91
18 62
15 64
13 73
27 97
8 45
10 48
30 1
24 60
18 42
3 3
15 15
30 100
0 94
28 64
27 100
25 91
20 21
9 28
9 92
15 96
28 23
30 58
14 81
19 65
19 65
7 36
23 32
4 4
23 78
14 25
18 43
13 7
17 65
19 85
5 71
10 14
16 36
22 40
2 36
13 1
19 85
3 13
1 15
10 75
29 70
16 65
3 12
17 38
18 82
0 17
29 57
29 85
6 6
27 34
9 29
18 91
10 40
16 10
26 33
12 98
8 53
20 49
6 33
4 41
26 89
15 13
3 82
11 7
9 49
12 81
0 19
14 35
8 20
1 74
2 72
16 86
23 18
5 95
9 80
20 93
23 41
9 3
21 1
1 30
20 92
27 2
4 60
24 11
11 34
0 8
4 77
12 8
16 67
6 85
13 38
8 34
28 42
13 64
21 44
10 41
26 25
30 55
29 58
19 69
21 35
6 28
1 77
6 69
10 89
18 50
17 70
8 68
24 24
1 31
19 22
2 42
15 58
15 25
30 48
4 92
13 46
7 6
10 22
6 14
8 35
9 26
13 100
29 22
11 58
30 3
25 86
18 74
26 38
10 52
11 43
1 10
27 2
22 65
2 39
11 100
23 4
8 52
5 7
29 60
19 78
22 32
24 34
0 84
25 31
20 28
21 55
8 19
25 19
2 53
11 83
2 67
25 41
8 40
23 30
22 81
20 78
11 38
18 66
29 34
27 1
29 100
24 77
7 88
2 86
30 88
11 7
8 100
28 70
29 73
2 66
10 24
4 15
12 80
17 44
12 55
14 14
0 44
17 71
17 48
7 89
4 18
17 65
2 11
4 97
28 53
23 39
16 53
29 76
14 73
20 5
23 58
9 84
8 43
21 50
5 20
10 44
27 99
9 49
10 4
23 48
30 75
10 62
24 16
13 97
4 66
28 62
13 50
14 76
17 49
27 44
22 96
26 50
16 62
17 32
24 52
22 80
20 55
4 96
15 69
18 42
19 37
27 68
0 62
26 93
30 32
5 90
18 68
17 41
26 74
25 38
30 89
29 3
14 92
30 34
9 66
24 64
2 59
28 67
27 75
27 9
0 76
11 20
13 66
4 78
11 75
0 59
1 11
4 11
26 42
17 57
20 38
14 84
28 52
16 6
8 95
10 60
25 53
1 14
6 93
7 80
11 40
25 47
3 99
22 68
27 33
27 31
8 10
5 77
10 100
19 97
26 53
26 60
10 62
17 40
10 58
10 17
30 37
27 11
22 91
9 93
5 95
10 91
8 6
25 15
29 80
5 2
0 98
2 88
17 38
2 54
29 47
17 76
23 78
18 10
2 73
26 97
14 47
24 50
12 60
15 40
0 42
18 96
6 10
29 50
5 55
25 26
23 51
9 39
5 18
30 75
19 62
21 49
4 49
5 37
4 93
4 91
19 3
27 54
27 19
3 15
4 98
10 63
20 98
5 93
22 85
20 39
21 26
4 73
20 69
25 87
7 70
30 57
7 45
14 80
11 4
9 60
21 50
29 95
20 27
0 89
8 60
22 46
5 14
5 67
24 5
22 15
0 41
10 30
10 2
22 39
6 49
30 29
26 95
7 29
4 49
10 24
27 64
23 52
4 78
5 79
2 98
10 16
16 42
17 89
2 76
11 92
28 53
18 86
9 79
18 76
13 6
28 26
25 42
22 21
13 14
21 78
5 14
30 47
25 24
9 20
28 23
15 94
26 59
6 39
4 27
8 10
17 48
22 100
0 24
24 13
9 68
7 17
8 27
6 92
11 44
0 38
6 74
18 63
30 79
16 9
4 82
14 65
14 75
20 57
11 87
1 17
0 47
17 88
26 86
18 33
16 36
18 33
4 96
10 90
4 14
9 29
11 76
13 83
2 50
29 88
0 29
3 63
6 50
13 50
3 37
0 79
9 60
9 83
20 28
12 10
28 96
19 65
27 14
13 67
28 95
13 95
16 81
15 99
14 98
11 48
18 87
28 28
2 25
26 5
3 11
16 23
1 67
8 96
22 45
2 79
28 51
9 38
29 90
8 68
17 9
7 81
17 35
1 62
22 26
11 23
0 76
20 59
23 56
23 56
7 73
4 47
23 74
24 53
29 94
8 5
27 47
13 31
16 27
5 55
19 33
1 40
16 23
26 92
5 66
3 89
23 3
24 73
26 82
14 26
18 80
4 20
20 35
29 59
16 78
20 33
20 50
3 19
30 96
7 93
21 15
22 71
16 61
7 27
11 4
20 85
29 45
4 64
0 52
30 30
4 44
10 55
11 27
14 9
4 71
12 86
21 3
7 5
30 43
4 63
2 3
28 36
12 98
8 64
22 56
22 54
13 92
16 6
19 92
16 60
21 11
25 72
17 73
8 34
30 3
27 67
1 23
15 37
19 66
16 43
15 6
5 100
11 87
9 3
21 72
8 12
10 91
19 56
18 71
17 47
0 80
8 28
6 14
15 31
26 87
11 95
2 55
17 99
7 42
24 42
23 75
28 42
19 89
7 82
6 77
9 52
19 51
12 93
24 94
0 82
26 37
4 23
12 22
13 82
15 10
15 51
19 36
0 13
15 16
18 42
21 99
0 47
23 78
13 54
21 85
9 22
22 26
5 22
7 97
30 94
12 3
19 76
18 80
6 79
14 38
5 59
11 4
15 44
28 80
15 72
18 13
25 52
9 41
19 70
14 6
3 57
24 48
3 56
10 24
8 34
5 3
23 77
24 29
22 58
7 23
13 63
12 48
7 53
20 1
19 20
4 58
23 16
10 61
16 31
30 34
1 69
28 79
30 65
18 90
3 67
22 33
7 30
6 30
15 16
9 40
8 53
24 20
1 12
7 30
10 97
7 44
1 30
1 82
30 94
18 66
29 41
21 6
22 54
7 10
26 100
29 83
10 78
18 54
25 30
13 31
10 79
15 48
10 23
23 15
4 13
26 27
15 19
9 89
16 64
8 57
1 99
27 46
13 49
14 10
14 36
26 38
6 78
14 78
29 88
18 24
27 28
15 90
24 17
2 69
0 18
9 97
18 12
9 53
14 61
26 71
12 20
29 28
17 37
27 96
5 62
27 82
27 23
24 4
21 70
1 49
10 21
28 43
3 77
11 78
14 37
27 83
26 30
13 99
22 23
9 34
22 99
6 77
9 16
15 21
17 70
9 29
19 91
29 41
8 95
15 16
9 4
22 82
12 95
18 35
2 62
20 83
2 46
19 83
3 75
1 68
24 81
27 24
13 35
7 82
27 23
13 46
22 87
6 84
27 80
16 55
1 70
14 50
27 99
6 100
2 40
6 35
20 72
17 22
14 87
16 17
22 98
5 85
12 73
19 28
3 94
11 40
13 73
12 64
17 67
0 62
28 80
19 34
14 86
11 51
18 10
12 5
27 4
14 48
11 2
17 43
19 32
22 82
14 33
25 71
16 37
16 18
6 26
10 39
24 76
1 24
12 78
16 7
9 45
19 30
15 100
5 66
14 23
25 86
28 82
4 43
29 72
5 44
14 35
6 6
20 88
0 45
9 68
24 26
13 64
28 58
10 3
15 71
25 90
23 48
8 81
22 86
26 47
19 68
13 5
23 53
13 2
0 84
23 41
13 24
9 16
9 68
16 87
12 27
18 30
20 36
1 68
27 1
15 3
28 37
30 57
22 14
11 92
9 29
15 29
28 78
27 30
20 88
17 50
5 59
30 72
11 64
2 36
13 67
16 35
6 74
24 71
4 57
9 40
20 16
26 1
8 45
3 84
13 48
27 50
1 54
2 60
11 99
26 62
4 33
9 22
12 57
17 57
3 20
26 98
16 45
28 85
15 59
23 59
10 33
16 67
14 68
12 27
12 63
14 89
7 55
3 38
6 11
4 9
14 28
18 19
16 29
25 96
2 43
1 18
3 51
9 57
14 3
18 26
24 4
27 82
10 20
30 79
16 51
7 43
14 52
22 87
29 78
23 51
24 12
2 36
1 100
15 30
10 39
22 81
10 61
10 65
8 98
24 89
26 51
24 6
25 15
16 13
3 16
9 9
22 69
27 33
8 3
20 6
19 71
15 83
12 79
23 95
19 87
17 81
9 56
1 4
20 14
6 8
12 76
22 52
13 91
17 89
27 82
23 60
15 47
29 46
25 93
8 24
1 11
10 2
12 9
10 82
22 8
19 14
14 48
0 24
3 17
29 53
17 11
18 11
18 37
16 19
21 33
30 84
0 80
0 27
11 73
6 25
19 26
7 5
10 44
27 53
6 55
20 95
19 44
29 96
19 27
24 84
29 51
12 23
24 98
18 89
17 92
30 33
9 83
26 59
1 81
0 11
14 66
24 65
11 97
26 87
1 11
0 44
24 8
11 73
13 26
5 39
19 67
7 26
17 80
13 99
0 5
2 17
22 4
9 64
16 79
11 77
1 36
30 94
23 27
30 31
17 85
24 59
6 13
19 17
8 42
24 87
19 11
2 40
10 80
22 100
9 97
21 67
17 38
20 72
21 2
13 18
4 88
5 99
11 81
4 67
19 91
23 49
5 50
0 89
14 50
8 23
2 83
13 60
15 36
29 34
18 39
4 18
25 87
15 81
28 72
5 16
18 61
29 30
21 100
20 86
20 7
29 49
23 84
23 57
15 53
10 44
24 12
27 69
0 87
13 9
15 83
1 27
28 65
13 64
6 2
22 62
3 49
3 98
28 56
27 72
18 74
6 63
27 40
27 17
17 22
15 85
6 62
22 46
2 35
13 42
5 65
8 32
10 38
18 59
28 15
2 62
24 63
12 50
19 92
17 7
5 7
21 84
12 92
3 44
7 40
30 71
14 48
13 21
13 75
8 63
2 55
3 11
15 11
21 43
7 97
24 55
9 40
22 24
22 43
10 67
25 55
28 6
3 72
13 66
14 25
0 39
2 41
9 56
0 43
16 80
15 42
21 23
21 52
10 74
22 35
29 47
7 10
11 55
30 36
4 22
12 72
19 44
18 42
0 10
24 7
24 28
16 49
6 10
0 28
30 94
0 73
10 91
14 7
2 32
14 87
24 36
6 76
10 22
29 33
25 7
25 77
27 70
13 21
29 2
14 28
5 24
17 92
17 55
18 75
5 33
5 99
8 4
7 57
25 11
20 48
0 35
17 58
24 27
6 2
29 65
0 21
28 41
21 9
19 47
10 58
0 73
26 18
27 87
26 9
12 52
20 54
14 88
8 23
29 14
6 5
10 74
9 11
7 74
4 23
30 49
24 76
11 99
29 91
