100
2 89
11 46
11 80
24 65
16 57
9 65
20 54
1 66
7 62
26 15
12 75
16 16
0 82
26 71
18 72
22 82
26 40
3 71
8 2
5 42
28 29
11 34
30 50
0 6
25 96
3 94
29 7
10 97
19 47
19 31
26 32
20 47
26 45
13 79
23 90
19 82
30 19
22 94
10 33
16 87
10 1
17 50
25 15
5 26
14 45
11 28
5 36
22 44
17 62
25 56
14 67
27 76
7 45
19 66
1 90
27 28
15 1
29 53
15 33
1 34
1 73
16 91
8 62
28 22
27 41
30 86
3 72
8 23
15 91
16 41
6 94
15 37
5 88
20 65
13 32
16 88
18 41
16 87
12 87
30 75
26 44
29 6
10 43
24 100
27 56
23 16
8 59
6 13
28 96
21 54
25 48
3 98
0 4
5 10
9 37
20 4
23 70
3 24
24 70
30 62
2 54
7 78
17 38
25 61
11 49
6 93
10 77
21 40
9 63
24 12
19 93
13 2
27 76
24 72
25 2
16 29
8 53
16 32
12 73
18 82
5 87
1 4
20 87
29 94
19 75
12 17
23 13
7 23
26 29
5 20
2 3
30 1
15 42
17 8
18 21
0 93
0 79
8 9
22 20
25 93
9 38
26 96
13 52
21 86
8 38
13 1
23 2
30 27
8 77
22 2
16 24
16 36
26 29
23 9
3 8
30 36
6 59
20 95
10 74
15 34
7 60
26 79
12 91
15 34
28 6
6 15
2 26
8 100
6 20
25 89
10 73
27 92
13 48
29 71
24 35
27 52
10 20
2 77
25 94
8 56
5 60
16 9
15 18
8 45
15 86
22 24
29 22
8 64
20 10
10 72
21 76
24 91
1 14
16 28
24 40
20 19
7 73
22 47
27 76
7 15
0 92
6 97
3 93
6 81
9 38
15 21
28 66
28 88
6 46
11 53
9 67
14 57
24 93
9 43
4 88
13 5
18 58
12 11
7 24
29 71
2 98
10 20
13 53
15 7
24 17
17 80
23 29
1 89
1 86
7 68
11 2
25 75
24 61
8 68
8 32
0 7
4 94
10 38
2 57
18 84
9 77
2 48
28 6
22 90
4 79
6 52
9 9
24 88
29 38
9 5
17 29
23 76
7 37
5 24
28 100
20 77
17 36
12 4
8 9
21 54
8 58
21 11
23 27
22 62
4 81
24 16
3 36
25 45
24 82
19 12
13 45
29 60
2 2
14 55
13 18
9 48
16 12
4 10
25 92
2 54
27 1
21 17
9 55
26 36
8 41
14 79
16 10
23 97
2 47
3 98
20 67
9 26
21 11
10 77
2 66
28 62
24 39
23 13
5 95
20 2
25 99
2 16
18 51
14 79
28 2
9 71
18 48
6 81
17 47
0 18
23 55
13 65
4 47
23 45
29 79
25 98
14 92
16 78
19 56
1 52
7 89
19 43
8 57
14 48
26 8
7 94
26 51
15 80
30 92
20 63
22 35
28 1
17 36
8 69
17 67
22 1
0 84
3 24
14 58
0 61
28 63
5 64
4 20
11 5
28 90
10 65
11 93
6 19
8 81
13 78
30 68
27 59
7 76
2 95
6 67
8 82
18 45
23 97
19 38
7 72
20 40
19 61
4 75
12 91
21 79
13 87
28 34
5 15
12 14
4 79
23 86
16 47
21 19
22 15
21 78
1 48
4 20
9 73
3 38
30 70
26 85
8 25
30 68
9 94
20 87
9 69
19 81
9 57
14 35
30 56
17 97
9 61
16 16
0 31
3 26
7 30
5 49
30 71
27 73
6 100
1 46
15 35
18 79
25 22
26 34
25 43
25 7
11 12
11 72
30 51
16 61
7 28
20 50
1 62
25 35
3 75
7 99
19 5
9 25
0 31
3 53
1 4
22 45
8 29
26 92
18 86
24 15
13 13
17 87
9 55
22 50
26 4
9 80
26 13
7 44
13 95
19 46
17 92
5 1
18 88
10 51
16 83
3 47
23 12
22 23
26 84
23 25
10 21
22 72
18 35
13 86
10 6
19 89
18 54
27 22
5 60
25 16
2 3
6 61
21 65
5 54
11 2
4 16
15 99
18 91
8 26
3 67
6 20
27 19
3 63
10 60
1 57
1 19
3 41
16 68
15 49
20 54
18 8
3 24
19 36
23 70
14 80
1 84
12 18
30 92
12 88
9 85
7 81
22 22
13 76
3 45
18 8
11 83
18 79
4 75
2 22
30 16
27 38
15 22
12 57
19 41
9 35
5 67
2 33
20 74
6 53
3 44
20 23
25 23
16 58
2 10
19 8
8 86
24 56
29 93
6 39
5 46
14 39
17 18
8 12
19 12
23 34
16 54
12 11
12 87
15 100
22 48
19 70
17 85
22 37
1 69
14 51
0 77
19 36
12 4
20 12
27 13
19 85
11 18
5 41
20 92
22 6
12 33
8 59
29 14
28 61
26 14
13 8
0 75
30 15
23 48
15 42
23 80
16 90
21 77
29 65
3 67
30 27
17 47
12 76
3 25
15 35
27 65
11 33
4 41
3 36
22 49
6 39
23 88
4 35
0 94
24 13
19 42
19 12
28 37
29 21
21 91
8 78
26 26
13 80
27 80
9 25
11 76
22 53
10 53
0 95
3 98
9 38
21 87
16 89
3 64
22 22
7 15
7 88
5 62
7 94
7 32
3 23
19 29
25 36
5 39
2 45
19 41
6 23
22 40
19 93
5 41
10 21
28 99
5 75
0 30
12 1
17 50
7 70
8 60
11 10
9 57
2 55
19 67
18 54
0 58
17 81
19 81
12 66
29 43
16 34
27 39
6 57
12 86
2 90
9 65
10 33
14 94
8 63
13 17
17 25
19 50
18 46
28 29
9 69
1 97
16 62
16 49
19 13
18 70
24 50
12 66
2 10
3 80
25 45
9 93
29 16
17 34
25 55
6 65
8 55
24 1
29 30
30 82
0 45
10 13
22 61
8 1
6 73
27 18
26 74
2 95
4 18
17 12
5 89
28 16
6 28
11 9
1 43
10 22
9 55
13 58
3 23
3 74
11 56
27 1
6 95
5 38
2 35
27 46
12 92
18 74
26 9
14 34
2 18
28 61
15 54
25 51
22 32
0 22
9 46
22 25
20 59
18 94
20 71
9 75
18 21
4 3
7 88
6 48
10 61
23 50
25 18
9 64
2 84
18 52
15 100
26 8
11 77
2 68
25 87
17 55
4 93
5 46
15 23
9 19
4 37
21 47
28 67
3 80
11 47
26 44
14 62
27 65
17 58
7 58
5 63
15 100
29 86
6 11
22 47
10 16
27 75
21 62
1 28
26 9
27 13
3 18
14 14
6 10
7 27
17 100
30 96
17 90
26 100
7 45
18 70
28 41
6 15
21 27
1 68
14 96
17 54
1 97
30 77
24 65
13 88
10 17
25 47
6 3
27 41
26 26
21 74
27 64
4 79
17 50
28 67
5 28
11 33
5 66
19 75
18 34
20 91
26 77
25 41
12 94
5 89
1 2
28 88
5 13
13 55
15 86
8 9
25 79
26 27
15 32
17 82
21 100
17 44
10 89
12 63
15 93
29 22
3 69
11 15
3 67
17 77
1 32
28 44
10 8
26 11
7 8
23 69
25 27
16 59
15 76
2 79
0 74
26 90
15 50
6 32
5 79
18 72
4 58
8 98
29 50
24 33
25 17
18 96
10 80
7 31
7 78
1 79
29 30
6 43
4 65
13 73
17 73
10 15
19 89
11 74
22 9
5 3
11 59
3 35
9 25
30 10
17 12
11 46
15 45
3 96
15 39
29 82
1 96
29 3
26 80
18 16
21 90
11 91
7 99
6 66
14 99
29 75
14 79
3 26
22 39
19 83
12 65
14 44
6 71
26 73
17 30
29 66
18 76
21 11
16 92
20 84
17 10
29 69
4 81
19 2
2 54
5 62
13 43
18 22
9 68
18 86
6 88
26 63
28 81
1 96
9 90
7 40
19 28
29 66
7 11
27 32
12 98
29 84
17 1
13 84
15 52
30 43
27 53
29 17
30 19
18 53
5 24
8 93
1 44
1 92
11 27
26 4
21 83
8 49
29 86
12 19
3 58
6 85
11 71
29 81
17 68
5 12
19 59
28 80
1 32
15 74
17 94
1 31
28 19
14 64
20 96
20 41
11 98
29 23
7 11
16 71
12 90
15 86
11 4
10 86
14 10
6 98
1 81
2 78
3 68
12 77
9 59
14 67
6 39
0 76
13 92
28 25
17 10
12 8
15 93
0 72
27 33
19 5
2 8
7 6
9 28
5 17
22 81
24 26
20 83
21 73
13 58
23 52
4 31
7 95
13 19
30 18
26 26
24 88
16 10
26 27
29 99
13 79
7 30
6 58
26 80
24 10
25 85
1 17
20 43
16 71
24 9
25 48
8 18
21 58
15 41
6 81
0 92
17 18
0 21
14 99
22 25
8 17
3 96
4 57
29 98
7 55
11 35
1 13
10 9
8 90
29 80
13 99
11 86
22 29
16 66
29 65
9 27
7 48
7 99
19 70
19 37
17 49
20 50
12 67
30 91
5 78
20 67
29 49
17 43
5 22
18 7
12 65
4 74
25 46
13 6
14 64
26 32
26 69
23 52
13 56
2 31
6 39
2 41
19 26
10 76
20 34
26 45
10 83
25 3
18 33
29 30
4 81
12 9
27 36
26 84
10 82
25 96
17 3
21 8
29 13
27 4
24 81
9 74
15 98
23 62
19 92
0 44
15 1
30 36
18 83
10 66
1 53
15 65
11 64
12 4
25 60
13 10
0 60
28 75
18 11
17 22
17 28
12 22
7 53
6 19
30 38
13 38
2 68
8 16
4 81
21 98
17 90
2 3
9 86
14 34
12 23
1 58
8 29
15 72
5 48
22 59
3 71
0 76
8 49
20 67
17 29
26 88
21 67
14 86
4 18
1 66
22 16
9 44
1 22
13 67
4 41
28 50
14 66
0 29
29 88
9 33
16 63
8 23
8 8
16 37
24 98
18 53
5 99
29 14
29 60
10 58
11 21
7 19
11 43
8 81
13 20
13 90
21 15
13 73
27 81
21 22
13 11
30 8
30 7
22 84
21 38
7 97
30 60
16 7
21 83
10 100
23 49
4 60
6 71
14 52
20 37
24 75
23 49
10 85
25 94
5 96
5 53
1 60
4 88
13 100
28 22
20 54
18 25
5 33
20 29
5 21
6 64
27 62
8 32
19 11
18 35
28 14
29 20
11 59
26 20
2 32
24 58
4 16
19 5
2 92
11 32
29 9
5 27
1 75
7 40
22 40
10 32
17 84
22 26
4 82
5 44
23 52
24 52
9 85
3 14
27 86
10 85
5 43
24 79
24 34
29 83
23 15
2 9
17 87
9 8
14 67
24 15
11 88
29 83
1 52
20 59
28 93
16 59
3 52
3 53
0 92
19 56
8 30
18 85
25 41
28 84
22 37
15 14
29 96
15 77
18 83
10 26
2 31
11 59
9 11
22 54
10 86
25 8
24 91
2 90
20 68
9 1
15 9
21 58
2 9
13 31
20 6
22 91
13 62
22 47
10 89
23 93
12 68
10 28
8 100
0 3
4 72
18 23
4 81
24 55
28 57
15 36
11 37
11 89
10 18
30 47
26 18
29 39
24 2
3 16
22 48
29 77
26 12
17 60
10 32
21 39
20 21
6 86
0 86
6 25
20 48
9 36
17 25
25 75
19 53
5 34
24 82
7 52
17 35
16 98
12 95
11 3
18 46
1 98
5 34
5 91
7 24
21 17
0 18
11 2
6 15
23 45
28 74
29 28
4 60
26 96
0 19
2 97
14 11
13 11
23 89
29 84
6 32
20 88
23 77
17 32
25 51
6 53
15 51
8 82
4 53
24 90
3 2
9 26
9 17
29 100
8 95
11 98
17 10
25 70
18 17
25 14
2 44
1 39
5 4
0 35
2 83
3 64
9 99
24 68
21 5
14 65
30 19
21 55
7 90
18 66
30 77
29 7
1 21
30 12
2 84
5 68
19 23
26 58
8 68
4 55
11 50
11 34
19 52
0 71
9 66
30 39
18 57
12 11
27 94
28 61
20 41
27 23
8 40
20 21
13 69
18 54
3 83
18 31
14 61
18 68
8 72
15 64
27 7
17 86
11 26
17 38
10 29
5 60
19 92
25 33
4 27
6 14
2 16
13 33
0 53
10 19
8 41
14 38
9 35
16 87
22 89
30 33
8 85
28 56
29 38
9 26
13 57
22 5
20 10
25 52
21 24
10 97
20 45
24 36
1 56
6 64
23 94
15 5
17 65
20 2
29 36
19 75
16 69
21 20
27 90
0 46
21 15
4 31
29 87
8 26
22 88
25 20
30 38
15 54
29 79
12 20
22 59
29 76
28 97
9 84
10 62
29 92
19 79
0 53
26 80
17 37
8 42
30 35
18 46
23 33
15 76
27 36
19 14
13 10
18 74
8 59
30 68
0 59
0 85
14 75
17 65
15 27
0 62
24 50
11 10
11 5
9 67
17 23
21 99
11 25
6 96
23 36
19 7
14 65
13 28
12 8
22 83
20 48
12 85
20 68
15 42
26 51
25 4
18 80
2 92
26 68
2 4
14 37
4 55
6 96
29 6
0 56
23 69
2 96
26 38
13 50
29 41
22 56
30 58
25 77
16 25
18 98
8 34
9 18
4 30
23 83
18 35
15 11
12 4
9 89
26 94
18 99
19 6
28 25
5 65
19 40
23 28
7 6
20 79
11 80
14 3
15 37
5 71
8 62
4 75
17 59
28 62
20 20
13 24
19 76
22 17
19 52
15 59
8 57
1 52
15 3
25 81
22 53
14 49
28 30
23 29
15 29
2 86
14 2
20 46
29 56
28 51
15 91
3 25
28 2
30 96
6 22
4 64
16 8
25 11
1 25
17 46
2 66
18 55
19 15
5 30
25 19
24 68
21 12
26 77
25 82
11 4
26 53
22 4
5 52
28 32
28 55
6 37
9 76
22 52
9 93
22 93
22 83
27 18
26 99
10 78
5 62
26 36
20 46
30 81
7 89
0 77
20 68
10 96
28 93
23 92
28 86
15 56
10 100
23 21
9 40
21 40
18 74
16 78
9 74
26 19
3 96
20 38
7 7
3 20
24 94
26 54
2 73
0 6
13 39
4 1
19 12
30 37
7 82
11 36
1 50
9 29
18 90
23 70
6 78
7 62
29 28
3 71
9 77
27 18
27 32
15 67
0 98
30 13
24 90
27 66
6 29
0 76
8 46
30 82
14 58
14 66
16 53
30 40
9 89
5 59
9 83
12 66
13 25
5 44
15 66
24 43
24 89
3 15
12 89
15 2
21 39
16 82
25 14
10 4
11 63
10 73
18 21
28 3
2 77
29 63
28 99
24 44
13 36
3 35
29 56
11 44
23 7
29 99
10 39
0 72
15 89
24 84
26 31
8 97
29 26
27 14
9 81
12 69
17 88
10 35
27 73
25 37
29 95
15 37
19 59
1 3
28 2
15 73
29 90
24 33
16 1
1 53
29 93
0 8
21 68
10 63
1 89
21 17
10 86
9 93
28 38
18 89
4 40
6 89
28 84
11 99
0 73
0 50
21 91
29 64
22 50
6 11
25 33
15 7
2 32
19 82
21 87
2 25
1 4
13 72
22 73
27 10
10 86
0 51
15 22
10 40
0 86
18 59
7 32
8 71
4 7
11 27
4 16
14 91
19 100
29 35
8 76
2 54
6 41
24 5
4 14
0 84
6 98
18 91
18 26
3 87
15 44
5 98
3 56
15 73
22 99
21 23
9 91
8 63
25 61
27 11
2 20
17 62
1 66
11 54
19 88
7 40
24 8
20 26
5 89
5 19
5 99
3 53
2 29
10 53
21 68
19 76
28 93
19 13
9 46
30 69
28 58
26 22
8 80
2 69
21 9
26 40
4 62
12 26
0 46
6 51
12 10
12 29
21 48
10 95
6 41
29 96
19 70
28 31
20 86
18 4
16 11
24 84
24 69
6 47
21 71
11 60
26 71
10 58
16 74
22 2
0 68
29 42
8 59
23 6
12 5
22 6
9 50
2 7
11 62
28 80
4 12
19 94
12 41
26 75
8 1
1 29
22 73
24 100
6 15
8 92
8 52
24 81
16 90
8 13
0 97
19 23
0 55
23 65
12 36
23 2
20 59
13 46
11 39
7 3
14 58
14 8
19 55
16 54
28 41
2 61
0 2
25 98
14 33
0 29
27 8
7 35
26 47
30 90
20 60
22 75
12 6
7 82
12 13
5 56
0 84
25 27
9 21
13 41
23 48
8 51
23 95
15 5
25 57
30 9
21 13
19 3
26 75
22 18
1 68
28 6
16 85
25 75
2 10
25 47
18 21
1 68
11 50
29 75
2 46
2 63
26 71
26 76
6 74
2 94
29 23
9 81
12 35
1 80
24 99
28 88
22 62
11 73
9 28
15 98
8 6
20 84
21 42
25 54
10 3
22 69
0 43
24 52
11 61
3 82
25 54
28 92
10 30
16 98
21 62
17 3
10 45
10 90
27 58
10 51
5 73
23 100
13 87
11 28
30 37
18 62
0 82
12 22
18 70
23 43
6 36
9 84
16 51
30 25
16 61
23 70
13 5
6 23
11 77
9 12
11 5
14 46
22 76
9 4
7 93
30 11
16 78
17 75
11 32
25 35
3 6
6 96
8 83
18 8
7 35
4 98
17 5
11 14
13 45
15 7
8 36
23 84
30 50
11 76
17 18
5 31
26 86
3 66
7 52
19 94
5 95
23 80
20 42
19 90
18 53
26 71
20 8
15 6
19 18
28 20
30 60
24 7
15 6
2 81
29 76
16 70
22 32
19 89
4 39
9 22
10 67
17 39
14 97
14 56
14 23
0 18
30 71
9 83
27 59
18 90
12 44
27 68
21 15
25 66
30 55
5 89
23 79
3 40
16 67
27 60
7 1
25 41
30 25
7 95
12 41
26 19
22 67
10 65
0 48
22 77
30 59
30 83
13 93
23 68
25 80
2 84
3 64
22 1
5 44
27 23
2 40
6 6
25 5
26 29
15 16
16 57
12 97
25 7
0 40
13 96
26 87
21 84
29 84
7 21
26 38
18 64
25 100
16 33
18 85
10 47
25 79
14 61
19 63
19 44
27 100
23 58
22 42
28 61
10 28
19 5
4 68
22 1
14 35
21 22
21 5
20 53
16 51
25 14
26 11
15 28
17 51
2 97
1 97
11 76
9 65
23 37
16 86
16 29
28 100
28 9
10 93
11 16
20 69
23 32
24 5
9 66
26 12
10 40
3 26
17 33
22 16
5 4
20 48
25 11
3 55
0 28
13 11
16 17
15 8
9 87
15 11
30 10
3 80
8 76
19 75
25 99
0 56
0 49
20 17
11 9
22 94
18 72
8 56
27 21
21 45
11 37
27 1
17 1
3 2
11 13
20 3
24 26
13 80
11 7
14 27
11 39
16 17
23 4
6 38
16 40
2 54
26 1
9 51
29 74
10 21
0 9
11 32
17 54
27 54
16 29
4 46
12 18
30 85
13 98
28 12
20 80
16 16
0 89
15 91
6 94
24 99
9 71
6 4
12 2
13 69
13 56
3 49
11 39
0 35
8 56
4 35
25 23
17 22
18 10
26 88
19 90
28 28
4 64
13 35
15 59
25 77
12 51
1 74
27 53
22 28
8 10
0 32
13 17
7 54
2 88
13 92
28 97
22 11
0 8
9 57
23 59
18 94
16 3
9 37
24 15
8 52
25 14
14 4
1 98
20 86
4 38
27 42
21 91
17 100
21 49
23 52
4 70
4 16
8 60
10 92
17 74
2 57
25 94
1 68
20 73
3 17
2 2
14 30
5 88
25 21
15 71
3 95
3 51
0 83
30 6
26 81
14 55
2 30
18 9
18 40
11 53
5 39
10 1
13 4
10 57
25 85
28 93
25 6
4 79
13 72
9 86
29 43
10 38
18 63
4 28
9 15
27 65
26 64
4 83
29 60
11 97
3 22
30 10
16 15
26 100
3 76
27 40
28 20
9 39
1 76
29 61
25 2
22 58
4 65
1 34
6 64
4 7
29 68
27 34
0 85
25 83
26 18
6 98
18 5
25 77
6 78
11 7
8 85
3 24
14 42
29 77
19 57
17 33
14 25
3 52
0 25
11 96
15 28
9 7
21 1
28 25
27 27
6 62
5 35
22 32
15 79
19 88
9 52
11 43
15 58
29 47
23 63
28 60
18 18
27 27
2 52
25 73
7 50
29 51
29 31
12 20
7 64
25 11
15 83
28 68
16 46
7 87
19 30
25 14
10 84
18 4
20 12
5 32
14 59
8 82
20 40
25 68
7 10
4 75
24 58
24 70
23 87
12 43
27 76
20 73
24 73
10 70
10 40
6 35
28 15
21 17
7 37
28 70
28 55
8 32
21 100
14 36
19 46
15 99
18 97
9 66
20 61
19 17
21 14
26 80
0 41
25 54
25 20
16 28
12 25
8 33
3 26
24 22
8 15
25 92
21 65
15 6
17 25
29 55
8 52
15 80
22 41
3 80
12 77
25 69
0 44
7 87
3 12
18 36
14 17
27 61
26 38
25 63
7 12
29 55
8 84
17 28
22 16
13 81
4 71
6 8
5 9
1 56
7 98
29 63
24 60
6 32
23 85
3 73
7 16
8 100
23 95
12 1
13 97
24 46
2 4
14 20
19 61
22 54
22 49
28 32
12 29
23 69
2 35
0 3
25 87
12 40
1 40
23 4
24 24
29 90
6 96
20 72
0 100
18 84
21 29
15 67
10 94
5 47
18 37
5 54
2 34
8 51
2 64
6 8
10 5
18 36
4 48
11 87
23 5
7 42
3 25
19 41
15 77
4 8
27 87
8 14
23 36
6 41
0 8
7 7
9 1
26 32
7 75
24 62
17 29
12 74
0 41
26 6
11 98
26 18
16 89
14 30
3 8
23 7
25 23
12 68
16 42
20 93
26 80
14 75
24 55
4 46
30 29
19 15
12 70
18 53
29 14
14 12
18 59
21 61
27 51
17 31
26 55
14 38
3 64
23 94
19 99
27 50
24 48
11 2
25 32
9 63
7 28
7 19
0 26
18 75
30 51
7 99
14 71
7 41
0 11
30 28
3 43
16 94
9 84
17 10
17 67
2 65
25 41
27 3
22 3
23 92
1 13
25 48
13 23
28 24
6 4
9 16
23 43
0 3
15 74
4 81
26 20
23 54
2 62
29 5
12 34
5 95
21 65
28 99
12 12
10 53
9 22
27 23
7 93
11 91
2 47
19 63
13 94
22 73
19 86
21 10
24 64
10 90
14 43
21 1
7 4
19 70
8 88
10 59
6 73
19 73
4 44
15 34
8 23
12 6
19 60
6 40
2 78
13 83
7 35
8 78
11 30
26 81
16 70
30 23
17 57
20 76
6 96
3 9
26 20
3 71
17 29
29 82
29 66
21 28
4 13
27 49
7 24
26 48
1 42
14 26
5 29
7 27
15 42
26 38
0 62
30 17
20 77
21 61
12 77
15 11
16 67
29 35
21 11
23 70
17 32
12 92
6 14
26 39
29 59
12 17
4 67
27 79
9 27
2 53
28 71
7 98
18 28
0 71
12 95
0 74
2 81
25 3
6 78
19 69
5 15
9 29
13 8
13 50
17 33
27 29
10 6
30 25
23 73
20 10
28 71
28 50
3 15
9 71
22 25
11 1
13 79
8 60
4 42
13 79
25 91
9 53
18 66
2 91
5 64
25 92
10 41
3 57
6 89
4 12
15 83
20 29
19 26
29 39
18 96
11 45
30 28
19 26
20 10
0 79
13 57
17 57
9 51
18 33
21 95
12 72
19 22
28 98
20 62
22 19
0 20
24 23
20 42
24 49
26 71
10 82
14 98
25 67
16 39
6 11
28 83
8 10
9 14
29 62
8 32
27 35
1 54
28 68
16 65
25 37
30 51
4 48
17 7
8 4
22 46
30 50
18 7
18 25
23 8
4 100
23 22
7 12
2 54
24 60
8 88
6 13
22 56
19 37
21 38
10 15
3 100
25 97
9 40
0 38
15 59
27 18
3 94
11 16
17 78
18 93
21 7
4 13
3 15
20 53
21 48
0 57
17 52
19 87
30 25
18 7
3 67
4 74
22 5
3 99
7 37
25 26
11 18
3 54
16 97
15 50
26 91
14 69
3 30
1 93
21 47
17 55
12 78
19 16
20 83
21 48
24 86
4 18
25 33
24 43
20 88
22 33
1 19
30 87
21 17
29 5
13 36
7 50
20 75
24 22
9 84
15 83
24 90
4 8
13 8
28 64
5 29
8 22
20 75
9 17
27 74
22 55
27 75
26 91
11 1
0 11
25 73
7 4
8 55
15 98
22 82
18 84
2 37
29 36
28 93
14 44
1 82
30 39
24 82
22 11
8 14
24 43
5 6
7 53
21 22
15 35
20 9
11 65
24 43
21 45
0 8
20 43
14 32
26 92
23 16
14 8
3 21
28 5
4 100
7 47
28 27
22 43
5 50
12 30
24 80
20 56
24 72
13 15
26 18
0 41
3 69
23 78
30 60
9 25
0 58
29 84
6 45
25 51
17 98
22 37
8 85
23 53
24 32
23 85
29 64
21 32
16 48
11 37
25 96
22 68
18 66
12 16
16 63
27 36
23 44
7 82
27 86
5 63
6 4
12 40
30 4
11 17
11 39
5 20
26 66
5 94
29 39
29 70
3 6
11 51
21 69
8 11
14 99
10 54
28 80
1 21
9 77
1 30
19 33
21 54
11 78
21 26
0 22
22 42
22 72
30 69
19 70
4 83
29 43
25 67
14 68
9 95
23 57
16 10
3 54
28 22
8 19
11 92
26 72
11 76
30 90
29 4
24 11
25 86
15 31
23 76
28 26
6 77
22 73
5 16
6 31
12 69
9 62
5 60
5 70
29 69
4 24
1 95
23 35
8 10
25 83
2 38
22 28
30 45
3 5
5 95
2 42
22 55
5 97
18 88
7 45
23 83
27 37
12 2
1 99
15 50
26 86
16 88
28 6
30 61
16 9
23 47
1 74
18 97
21 74
10 34
9 66
25 31
12 59
14 90
28 92
19 22
23 78
17 10
15 80
2 90
4 96
0 78
2 80
25 46
8 67
0 56
2 97
28 67
6 97
10 33
7 2
28 7
1 79
8 38
9 97
19 57
30 72
6 53
27 94
20 78
12 85
19 5
5 7
24 85
20 51
23 21
13 42
13 70
4 39
25 8
1 25
17 62
10 84
22 26
10 93
30 55
19 69
24 14
0 5
18 48
18 97
16 62
22 24
2 16
11 24
9 100
8 30
15 92
3 47
27 78
21 100
15 37
17 66
13 73
18 26
28 92
15 53
7 33
22 1
22 76
4 26
0 70
20 88
1 18
17 49
7 76
26 51
14 11
0 6
18 51
26 84
11 56
30 83
27 7
1 60
20 2
18 49
24 5
1 72
7 100
1 11
27 95
16 66
15 59
21 7
22 17
19 45
14 22
24 87
10 89
18 22
4 93
6 35
11 38
16 17
11 23
4 51
10 67
6 13
3 35
18 95
10 18
14 65
10 21
10 14
7 52
17 56
22 55
22 51
19 90
22 62
14 21
5 48
26 82
7 27
22 56
8 67
12 40
6 86
17 97
24 88
13 11
26 30
12 63
23 31
26 66
13 59
26 100
4 73
1 41
19 25
5 12
15 89
26 97
0 24
9 86
6 84
14 95
23 81
26 43
14 30
24 26
6 49
24 10
19 86
19 23
24 2
25 14
28 1
6 13
28 6
29 93
4 56
7 63
25 24
2 25
15 23
23 59
10 7
5 39
11 61
7 53
0 3
8 27
17 70
4 13
16 68
13 74
10 64
15 37
24 43
15 8
27 90
20 7
30 18
0 26
5 34
8 53
16 11
27 68
26 60
3 55
28 74
9 24
0 71
15 1
0 9
10 24
16 97
3 86
30 76
19 34
25 50
22 4
25 72
6 93
29 69
7 15
2 54
4 52
7 60
21 55
3 17
2 18
23 66
28 4
21 85
15 46
26 38
26 87
27 50
12 36
6 94
28 94
5 5
4 81
24 4
3 49
24 5
15 44
20 44
27 15
23 100
18 29
15 19
23 97
17 61
18 7
22 79
26 32
21 13
6 62
12 98
8 69
22 9
5 92
13 63
19 86
26 55
23 100
26 98
2 3
2 18
9 47
25 10
18 84
3 34
4 63
27 40
6 59
26 8
11 72
27 59
18 40
8 80
13 49
16 34
16 61
30 96
3 45
15 73
29 62
30 57
23 30
21 45
15 86
7 91
3 41
29 52
22 53
23 48
13 62
3 63
25 16
20 79
6 82
3 16
8 95
29 100
2 66
9 32
24 9
29 73
13 11
6 77
18 73
24 42
9 30
23 8
6 42
0 61
28 18
11 60
4 49
16 61
21 89
29 88
23 78
21 37
25 91
18 48
19 62
6 2
13 82
7 29
1 84
1 81
30 35
16 24
23 30
3 96
0 37
21 3
6 13
18 56
12 24
11 27
18 93
8 87
22 69
15 28
1 81
24 39
21 58
25 70
17 99
7 51
1 53
24 48
22 39
29 18
17 9
5 71
29 19
1 100
9 40
14 66
2 99
7 99
11 23
23 16
22 33
16 2
12 67
8 23
26 85
20 11
18 42
11 32
25 80
19 53
14 73
30 53
3 45
24 31
14 5
15 84
27 11
30 12
9 65
21 50
12 20
30 92
10 52
14 32
13 9
4 76
11 72
18 8
9 77
23 83
25 37
27 19
21 27
3 31
4 98
21 67
26 51
19 5
25 83
21 2
20 72
3 86
25 11
0 56
14 91
18 98
2 42
26 68
4 52
25 21
13 48
16 54
26 68
9 80
19 62
1 95
16 11
5 23
12 48
13 23
1 37
2 15
0 14
10 34
26 98
28 99
20 48
6 20
24 51
7 88
8 73
1 6
27 39
24 30
30 19
12 35
2 11
9 75
23 52
6 52
26 99
18 21
10 25
13 81
11 37
10 4
27 64
20 59
25 37
1 34
19 41
22 55
13 95
29 39
0 77
4 26
6 36
9 77
8 62
15 53
22 46
6 91
26 80
21 18
24 80
23 12
30 67
22 49
19 73
3 11
18 73
30 96
5 18
5 98
16 94
13 6
19 1
27 37
3 40
10 93
24 100
25 77
15 76
27 73
29 91
19 77
20 43
15 28
24 43
25 29
8 77
25 9
8 52
11 16
17 25
20 18
20 11
27 92
5 2
23 1
12 61
10 94
10 22
16 21
19 77
28 100
10 52
16 75
21 3
7 44
26 77
24 20
30 14
25 41
0 7
8 21
5 39
19 22
21 36
7 80
24 10
16 62
9 57
1 73
5 10
12 11
27 74
4 6
18 3
22 99
14 79
13 27
11 60
25 7
13 55
13 85
20 95
16 2
22 35
5 76
22 97
23 53
6 52
25 11
26 17
5 82
21 38
4 58
12 62
30 49
12 26
24 97
24 71
16 78
30 61
12 41
19 92
15 56
17 57
2 97
24 6
16 25
1 14
18 56
26 78
16 21
16 100
21 7
11 85
10 98
23 19
19 7
20 72
3 97
10 1
8 58
2 61
9 98
30 97
29 71
27 41
15 61
6 21
9 21
26 1
7 7
1 50
3 65
13 44
21 51
13 91
19 55
10 2
26 77
25 54
12 43
25 83
2 63
27 58
10 76
7 51
9 52
9 83
1 39
10 30
14 3
0 74
18 50
28 76
25 71
7 38
3 31
9 98
30 79
25 80
5 86
11 41
18 56
19 49
1 71
29 83
27 15
4 85
0 83
28 73
6 62
3 13
14 98
8 86
19 59
7 26
11 46
18 86
7 36
30 28
23 21
25 45
30 76
27 17
15 81
17 59
29 57
24 29
6 99
15 68
5 65
15 56
6 86
25 25
9 31
7 39
25 82
24 53
16 27
17 53
9 86
8 10
30 33
30 42
9 4
20 33
18 58
28 58
14 14
25 2
10 69
25 66
4 39
3 9
4 12
26 37
16 88
13 90
23 86
26 19
17 87
2 27
25 8
24 80
15 83
6 55
4 46
28 49
23 51
4 48
14 6
13 71
22 95
8 67
21 86
1 51
11 36
13 22
11 2
24 75
15 35
23 24
28 6
27 99
24 46
8 73
21 40
24 5
9 9
22 12
12 45
8 21
21 55
25 31
24 23
28 19
10 66
10 98
19 9
29 13
21 74
26 62
25 53
17 47
10 26
15 2
0 97
19 82
14 100
8 63
25 58
19 16
15 38
12 79
16 33
4 35
5 21
26 31
30 77
28 34
2 84
7 2
9 96
17 9
30 80
14 95
26 99
22 14
12 12
5 98
30 8
16 49
6 72
18 46
16 29
18 90
14 93
11 86
3 39
22 27
18 26
1 13
29 6
28 18
6 83
27 99
15 57
30 83
16 5
25 3
14 55
17 40
7 6
11 27
25 83
30 4
13 94
8 59
20 41
3 13
14 1
26 28
12 3
5 88
11 63
21 26
29 15
18 51
10 10
9 87
26 86
11 66
21 50
20 65
1 44
11 73
11 88
26 81
9 87
14 81
25 34
21 2
24 43
8 81
10 8
7 2
26 100
18 78
15 96
8 56
19 48
7 43
18 37
0 11
10 12
2 46
21 23
27 74
6 58
8 18
10 5
5 72
30 52
30 29
16 68
18 22
15 86
13 2
13 12
24 5
10 89
19 34
26 8
6 46
12 19
13 37
21 71
17 16
19 52
16 59
24 64
13 77
1 33
26 22
5 2
5 93
22 4
0 21
17 43
0 41
23 68
22 56
4 53
28 67
25 4
2 37
1 51
15 29
7 72
25 64
9 77
29 37
14 1
29 90
11 60
6 93
15 33
18 87
9 24
12 16
15 71
18 15
7 29
23 2
23 51
1 20
2 100
18 47
28 16
14 24
23 61
13 93
23 59
20 98
29 56
1 33
11 56
13 88
27 33
4 99
27 59
23 70
23 92
9 84
7 5
0 36
16 48
10 94
10 76
29 82
25 72
24 71
10 29
10 2
28 43
28 92
27 20
16 39
12 31
13 85
7 58
27 96
30 92
10 60
20 87
10 92
9 28
6 31
11 67
9 22
2 65
24 38
21 5
4 88
20 54
26 36
10 58
1 63
13 26
12 64
3 82
12 19
23 3
17 93
8 56
7 66
11 67
7 16
28 44
14 53
19 94
9 24
12 17
19 32
7 1
8 35
5 47
12 52
2 80
30 98
30 52
16 46
29 15
3 71
9 56
20 85
28 97
25 68
11 68
6 29
18 93
14 81
28 6
24 20
11 45
11 4
5 5
6 3
23 92
2 5
7 54
27 91
19 25
14 96
6 12
21 6
22 64
14 85
23 1
3 39
6 18
29 90
27 29
15 52
15 41
15 4
11 41
15 10
14 28
1 82
24 54
27 40
17 41
29 57
26 59
18 26
21 18
18 9
13 9
29 68
14 31
26 15
5 84
30 50
14 5
2 64
29 1
22 91
0 97
30 17
26 82
17 43
6 18
13 93
19 69
2 42
28 45
19 100
7 43
19 77
2 22
26 28
25 68
13 96
10 91
29 21
0 17
23 51
23 70
11 30
12 2
27 45
8 98
21 29
22 89
12 47
23 30
21 85
23 98
24 10
8 4
11 3
10 86
9 93
18 89
4 71
6 91
26 84
7 4
15 93
28 29
6 40
16 83
4 46
11 54
18 41
29 11
2 27
26 83
20 1
16 62
18 9
10 41
24 17
3 64
18 98
1 63
25 15
17 91
20 41
5 22
24 100
10 83
16 7
8 96
27 77
13 79
14 70
16 64
30 1
27 21
9 40
16 74
4 85
21 17
24 83
16 13
0 58
16 42
13 91
26 61
26 16
29 78
22 31
15 56
24 89
21 23
20 70
2 39
20 21
20 24
16 17
16 76
5 17
0 57
13 12
25 57
13 7
1 18
29 9
8 71
23 50
21 38
19 80
20 27
1 69
3 98
27 10
24 88
1 29
14 8
3 18
16 80
7 95
25 84
5 94
16 85
3 2
7 51
12 70
14 28
5 86
5 57
9 29
17 84
20 12
28 40
11 75
5 79
16 86
30 6
26 26
22 3
26 3
16 13
8 4
17 60
19 1
15 58
24 25
27 13
30 14
25 91
7 97
20 8
9 26
9 18
21 67
11 68
30 94
15 39
25 80
15 37
1 69
17 6
11 6
20 23
4 88
30 5
23 16
25 45
5 48
7 68
11 22
5 84
29 42
7 88
28 84
28 82
13 97
4 18
29 39
23 66
10 79
1 12
25 38
3 20
7 49
11 29
5 90
7 7
22 25
13 71
10 81
2 62
11 93
16 100
7 26
20 59
20 77
1 28
27 82
7 76
20 4
14 5
22 98
5 66
0 70
0 23
18 99
17 81
9 100
9 5
12 23
11 34
24 56
30 63
29 69
8 85
20 98
30 10
7 40
25 31
22 76
22 95
13 35
25 37
3 7
2 2
4 76
19 63
21 88
7 73
0 56
15 86
30 100
26 18
6 12
24 99
24 78
11 36
22 82
13 52
4 62
15 73
9 12
22 81
17 75
1 64
9 35
18 20
28 24
12 50
5 18
13 76
18 70
29 3
30 83
18 43
9 6
3 65
15 87
5 24
13 84
29 22
10 72
15 6
11 52
18 60
9 34
6 36
3 14
18 76
19 41
21 65
5 67
2 66
23 88
22 28
15 32
1 11
20 74
0 19
11 89
13 74
30 45
3 61
13 79
19 59
6 44
12 35
2 18
19 79
27 29
16 7
11 65
16 20
15 49
14 29
0 60
22 82
25 34
12 83
5 60
11 81
0 71
29 4
15 26
11 8
13 15
4 61
10 97
13 24
6 66
21 16
12 13
24 99
6 6
22 78
25 26
5 34
11 28
3 59
21 19
28 20
29 77
26 21
9 77
29 63
25 74
27 62
25 91
11 49
15 3
28 87
9 81
17 65
11 24
4 30
7 11
25 54
19 87
20 94
28 97
13 82
17 96
0 9
17 24
24 20
13 93
30 3
2 11
24 35
15 52
28 28
1 91
23 33
12 65
3 55
21 51
19 27
24 52
14 23
20 23
29 90
15 20
8 31
14 81
0 68
23 5
1 13
0 73
4 8
14 52
13 89
29 45
14 56
22 95
18 42
26 96
7 90
28 63
24 49
17 40
19 28
15 21
15 61
3 29
12 60
10 85
17 10
16 18
3 65
15 19
12 30
0 1
24 76
21 72
0 87
0 85
17 54
15 44
7 70
10 11
13 50
26 26
15 67
2 25
2 16
21 64
25 23
28 85
7 62
20 52
29 70
17 20
8 28
7 41
13 78
14 60
18 25
11 19
18 69
28 100
11 78
12 61
19 24
14 82
22 3
30 57
15 4
1 36
3 98
13 22
21 79
1 35
28 49
7 89
26 25
7 45
11 29
0 78
12 41
16 49
14 62
18 52
29 95
13 46
28 82
3 24
23 46
8 55
10 91
11 54
26 51
22 99
24 11
5 86
9 72
18 15
9 100
4 87
16 72
28 40
8 36
7 42
25 15
5 66
7 50
8 12
5 31
24 87
4 69
10 28
4 3
8 74
13 81
7 68
26 10
10 87
3 57
1 100
30 6
10 67
28 27
13 63
7 31
27 87
17 49
9 45
19 96
2 43
13 25
19 77
11 59
6 59
9 32
15 17
3 1
23 41
18 55
10 98
8 39
14 82
1 37
4 15
28 74
18 81
4 38
8 22
18 82
18 59
17 98
3 73
12 28
24 74
20 33
13 24
13 26
26 21
1 49
7 77
23 94
10 23
9 56
27 19
10 22
13 43
4 77
2 56
3 34
14 51
8 84
5 4
8 70
13 22
14 18
4 83
12 49
14 32
0 5
29 39
2 30
7 23
18 95
25 65
21 49
9 47
14 13
18 75
15 91
12 28
23 3
13 100
17 2
4 86
11 10
27 96
9 73
2 46
4 64
4 15
22 41
20 91
7 98
12 91
7 45
0 49
8 37
16 44
8 23
3 14
22 70
0 93
23 32
14 46
1 52
9 19
22 83
0 56
11 61
29 73
3 29
21 15
28 75
7 65
2 43
2 40
13 70
14 17
8 100
2 6
13 90
9 86
14 25
10 43
24 51
26 28
5 99
16 54
3 11
15 87
20 94
20 20
20 6
27 62
29 76
8 46
26 23
18 94
19 90
2 29
13 9
11 77
7 31
23 30
27 72
13 70
18 35
21 9
0 93
6 49
20 18
17 85
2 41
15 62
29 77
19 64
13 98
8 83
25 96
25 87
13 29
20 72
12 20
20 4
28 5
27 43
4 11
1 67
7 14
19 14
8 95
8 79
6 97
21 66
3 100
0 72
15 52
20 39
0 69
7 95
15 93
3 7
4 91
11 87
23 45
1 12
24 100
14 50
11 72
16 93
3 95
3 63
5 59
12 6
7 75
13 85
29 75
16 75
21 55
29 91
12 35
9 89
14 87
23 96
9 38
2 48
19 53
13 4
6 51
15 84
17 97
18 65
29 35
29 62
17 45
18 9
21 8
22 17
25 80
28 62
29 96
20 45
0 56
23 25
24 54
1 59
7 44
8 91
16 83
11 55
10 57
6 77
17 72
9 50
18 71
6 18
13 64
20 84
17 1
25 22
16 10
9 80
4 71
12 14
20 4
2 81
16 93
0 66
1 29
20 80
30 65
4 68
12 41
18 11
21 19
1 36
0 45
23 46
7 17
28 37
23 39
23 97
16 99
21 32
18 88
0 29
16 51
0 61
19 53
10 86
19 24
7 50
10 38
27 93
24 53
18 4
23 51
22 33
7 39
19 99
20 91
21 45
18 59
1 39
13 21
16 12
20 89
25 23
18 71
2 86
1 61
13 17
29 47
6 94
20 6
21 25
5 99
30 3
11 67
17 72
26 97
1 22
14 26
24 57
15 39
22 74
7 54
27 47
2 87
14 19
27 71
5 65
23 95
23 32
29 7
13 97
28 22
19 68
21 98
13 76
0 23
4 93
24 77
2 17
20 44
20 1
4 81
9 11
5 83
18 65
23 76
26 80
3 87
27 9
4 4
18 80
17 74
12 53
9 92
4 55
24 31
23 28
30 35
23 70
7 73
20 13
25 86
0 54
26 56
0 61
4 88
0 90
5 50
25 90
13 15
20 37
29 22
7 14
27 24
27 96
30 13
17 19
7 40
17 23
18 3
28 12
26 29
29 19
16 78
13 53
16 45
19 38
20 75
18 91
5 11
22 80
17 71
17 100
2 71
16 31
4 40
20 43
3 31
28 94
24 73
4 23
1 75
17 29
15 34
20 68
28 24
10 7
30 18
18 19
14 72
18 87
19 100
8 54
28 26
17 14
7 90
7 2
8 60
28 41
23 63
10 24
11 21
4 21
3 87
17 59
7 5
18 59
26 84
7 78
29 79
10 52
29 93
23 41
6 38
11 61
18 61
19 17
6 95
11 21
7 21
17 94
28 52
30 4
27 52
27 83
23 33
0 52
19 60
16 48
3 9
9 76
15 25
12 41
24 69
9 75
20 44
15 85
28 18
26 44
19 68
29 99
13 4
19 54
7 97
26 27
2 53
16 78
28 53
0 38
27 13
13 81
18 19
8 12
15 42
2 33
4 7
5 99
4 7
26 62
13 23
27 59
9 67
12 29
9 3
4 87
24 47
2 26
3 84
8 33
28 21
28 55
18 55
29 57
4 100
22 90
23 87
22 6
18 50
10 29
30 8
29 80
28 74
25 87
21 12
28 77
22 64
8 99
8 14
10 97
5 19
9 16
25 63
25 94
0 40
18 58
26 61
28 33
13 76
9 41
7 31
12 71
27 46
15 78
5 79
3 67
27 93
29 98
11 93
21 95
6 79
17 80
22 27
12 25
17 45
24 66
1 87
13 99
7 38
16 51
14 100
13 87
22 26
19 37
2 17
6 22
0 65
25 90
19 59
5 25
1 25
3 50
0 99
18 9
12 95
6 36
4 62
20 35
10 56
9 95
20 54
14 75
17 95
7 100
27 68
28 23
19 49
20 80
0 16
1 39
14 5
0 35
27 61
23 33
27 96
25 29
29 22
20 3
23 57
16 58
16 22
26 32
21 34
2 75
14 71
21 96
28 12
16 8
13 13
21 33
25 70
15 50
24 7
5 27
22 66
28 21
22 97
14 15
23 69
21 1
16 17
7 18
27 20
28 12
20 52
3 11
24 20
20 61
10 68
24 99
1 61
2 46
24 18
15 56
9 53
24 25
15 74
15 7
3 8
19 2
6 86
18 56
2 40
6 20
4 16
7 40
23 34
9 62
18 98
17 64
1 15
21 40
26 41
16 18
6 74
16 5
30 35
6 71
19 46
13 84
15 82
18 63
22 54
7 75
6 84
27 39
13 93
20 45
13 43
14 44
15 85
14 13
20 83
10 3
10 57
4 2
26 54
26 22
17 31
1 35
7 3
23 58
16 76
19 37
24 69
22 95
29 58
27 10
30 20
19 10
2 20
9 91
8 15
10 79
11 66
9 39
9 82
4 16
1 67
3 94
17 93
14 92
0 23
0 69
19 64
6 59
24 3
11 90
28 27
20 2
25 57
25 83
17 13
30 62
21 12
3 56
4 28
14 67
9 11
16 48
9 1
12 81
10 70
17 36
2 99
0 54
10 11
6 61
2 3
21 39
11 59
13 37
23 37
29 31
13 2
29 83
13 93
11 52
10 86
9 20
29 70
23 77
9 89
21 3
8 71
20 3
24 88
21 76
10 29
19 61
23 37
7 93
13 35
28 45
24 23
0 96
8 25
4 8
26 6
30 77
18 87
10 55
18 72
10 3
2 7
23 68
3 67
17 85
0 43
3 9
20 53
9 74
22 24
15 73
30 44
5 20
18 97
30 23
11 47
30 3
16 92
18 98
10 6
29 83
22 85
7 1
7 80
30 88
23 12
28 76
11 57
28 96
29 81
29 20
20 91
5 92
20 76
29 78
20 41
5 34
20 26
28 42
17 87
23 49
9 30
15 46
5 31
1 2
30 63
5 83
25 80
8 79
24 10
13 42
23 42
5 55
20 7
15 39
11 64
17 86
20 45
29 57
16 61
29 6
5 87
16 71
11 41
5 56
19 22
5 68
9 7
3 3
25 64
7 33
29 76
24 95
22 4
8 88
10 36
20 53
18 49
14 55
17 78
14 40
14 11
2 31
20 28
26 61
18 22
29 25
18 80
11 41
11 50
17 14
21 74
14 92
21 83
19 14
25 66
6 72
17 27
25 90
12 84
27 71
1 18
29 51
21 31
1 89
23 45
14 87
22 44
7 60
9 69
17 90
6 48
26 55
19 31
18 80
3 3
12 90
29 12
12 94
3 16
17 61
30 80
23 46
12 51
8 27
9 55
22 80
19 94
4 99
14 99
7 54
15 95
22 57
2 18
27 5
3 81
6 35
20 31
7 25
24 24
25 32
20 4
23 17
17 26
4 67
18 36
30 48
2 1
20 94
21 43
30 83
21 70
21 96
21 58
27 74
14 36
21 9
27 35
12 31
2 95
21 8
13 95
16 87
9 66
14 78
11 83
18 77
20 33
4 2
7 93
15 72
14 23
1 68
7 5
12 35
11 3
18 58
30 42
27 73
30 67
4 78
19 75
27 32
26 16
3 60
24 86
15 11
13 6
26 72
11 20
23 44
6 99
22 45
8 83
24 16
28 13
5 41
4 26
17 82
5 59
2 93
7 70
28 86
27 81
7 87
4 55
0 56
7 45
13 95
12 45
27 43
25 83
19 74
10 69
26 1
2 95
22 79
9 56
25 4
5 30
16 77
3 93
10 8
17 56
17 91
22 64
22 15
12 8
30 35
16 52
15 27
23 91
29 60
19 98
0 38
30 76
29 1
17 15
9 74
12 85
21 98
2 24
11 54
2 65
26 43
9 29
24 23
11 52
0 43
20 28
10 83
18 17
28 80
9 93
2 45
27 46
27 74
2 66
11 74
0 70
3 14
7 94
30 46
13 33
25 79
4 42
18 92
11 81
27 20
4 6
8 30
17 96
30 45
1 78
1 14
10 63
14 90
13 99
12 69
27 67
26 26
13 10
13 2
23 74
14 37
22 38
12 39
28 84
24 96
22 75
0 31
1 67
9 62
25 73
26 27
10 7
20 72
26 43
17 12
3 84
26 5
19 28
8 14
9 27
11 44
29 28
20 50
12 74
5 40
0 75
20 97
24 53
10 38
23 44
25 28
7 73
10 30
11 84
28 84
30 92
17 7
8 100
8 57
21 64
0 48
11 86
0 16
22 15
14 98
9 92
22 98
16 91
16 14
30 35
0 1
2 76
2 54
25 80
21 25
3 9
19 65
27 30
22 100
9 43
3 23
3 84
28 7
21 31
6 54
22 5
23 35
23 27
17 64
9 74
19 4
22 15
8 28
30 86
13 77
25 41
19 18
18 91
15 47
9 48
3 31
30 18
27 70
9 89
7 80
7 73
18 1
10 29
15 25
19 38
15 13
10 83
18 86
16 38
19 41
12 71
9 70
3 23
4 49
27 32
10 36
6 57
21 19
1 38
21 8
12 13
14 37
7 3
9 93
24 8
6 41
3 48
4 62
0 61
1 11
1 24
7 76
16 83
4 17
30 75
24 5
10 4
7 9
18 36
23 89
18 54
25 2
23 45
23 57
27 73
15 75
15 94
5 75
2 85
14 3
14 19
18 89
13 6
24 76
23 56
0 75
14 93
5 94
7 42
23 15
15 19
9 61
12 33
17 97
0 24
16 76
28 32
11 8
0 75
7 43
23 30
14 61
26 72
6 68
1 89
16 13
2 63
0 5
11 38
15 94
2 76
0 91
18 61
10 97
20 45
15 49
6 5
2 61
4 33
7 15
30 28
26 5
25 47
18 53
3 53
18 22
29 30
30 19
23 50
26 84
30 25
1 3
10 82
2 88
15 31
25 88
4 60
14 42
29 88
19 1
17 4
16 69
25 86
30 7
30 46
22 82
21 18
0 34
21 35
21 81
0 40
24 81
14 55
24 82
30 84
30 10
13 85
19 80
26 67
9 11
0 87
24 16
28 35
9 69
26 54
25 50
25 74
29 83
14 71
18 21
27 9
24 20
13 65
26 34
19 47
18 88
27 93
13 3
0 18
19 28
26 21
28 44
16 58
0 54
4 46
30 85
12 49
14 23
15 74
22 13
14 87
5 96
12 34
6 41
18 81
9 87
17 39
9 95
14 73
11 37
28 2
19 49
26 57
3 89
26 26
16 75
23 7
28 8
24 23
14 94
24 89
6 95
26 47
29 57
1 87
5 37
27 58
25 80
5 57
15 10
17 72
7 75
26 53
3 57
27 10
15 67
11 32
16 28
12 13
13 64
1 49
6 97
5 66
9 78
15 63
11 81
6 43
18 47
10 14
2 56
0 17
12 96
19 73
19 5
21 1
14 61
6 31
18 1
18 11
0 74
12 68
7 21
10 31
6 79
10 38
13 47
23 34
17 15
24 54
18 77
6 75
5 34
28 86
13 6
3 43
25 3
18 85
13 19
7 98
0 92
2 36
1 74
1 39
13 29
1 43
27 81
27 26
14 47
17 56
28 36
29 94
10 92
12 91
7 33
24 96
2 20
5 63
18 22
1 2
18 9
1 67
6 14
8 97
8 68
22 32
9 14
19 49
30 38
28 10
3 48
1 56
0 59
21 46
14 54
28 75
2 15
19 19
19 82
5 52
21 4
0 13
28 23
22 58
27 98
22 23
22 19
20 97
22 33
27 89
16 15
0 19
11 50
3 99
27 14
17 98
0 48
7 85
5 85
0 25
23 48
17 89
12 36
1 89
21 39
11 47
23 1
3 21
22 70
4 78
8 25
10 40
29 39
14 58
18 19
25 67
26 18
12 93
5 57
0 52
19 1
8 78
3 25
24 68
30 88
8 48
7 53
18 56
10 49
18 46
24 24
27 1
1 39
9 70
29 59
11 84
20 7
30 39
3 85
9 13
16 9
18 93
22 99
6 66
4 14
22 8
11 97
8 26
8 81
14 44
20 82
9 53
10 33
24 95
4 75
6 59
7 31
20 33
3 46
15 67
18 34
2 46
29 5
2 69
21 89
16 84
8 81
16 86
16 39
7 44
29 54
6 40
15 90
28 26
29 28
14 31
15 17
18 42
7 43
8 29
24 19
6 64
4 80
24 93
30 21
19 30
12 53
22 75
9 17
23 61
11 56
18 27
1 46
2 53
19 34
9 47
2 80
7 16
3 2
25 64
6 51
26 51
4 87
0 92
11 12
17 75
25 40
24 96
10 67
25 54
13 53
23 22
14 68
26 5
28 27
7 85
15 53
8 64
29 22
5 7
14 81
26 68
16 6
8 76
15 42
22 54
1 38
13 61
27 13
27 67
9 62
7 69
20 81
19 92
3 68
18 58
18 40
0 16
10 49
20 53
20 23
22 37
9 65
16 14
25 87
25 72
9 14
1 71
25 84
15 3
18 78
7 78
20 94
18 30
25 29
13 24
29 53
11 92
30 71
27 37
0 95
11 67
28 100
18 62
20 69
30 69
30 50
10 89
15 61
5 51
17 26
18 56
12 74
21 54
8 80
13 27
8 78
23 65
22 35
20 74
26 70
21 84
28 42
17 90
25 92
26 57
30 60
28 43
5 95
18 74
23 78
21 38
11 39
26 58
6 2
12 41
9 37
12 95
19 14
16 86
21 1
18 36
4 92
2 49
13 90
18 80
27 60
19 11
7 30
26 71
4 9
15 94
22 11
10 92
17 13
7 42
18 66
1 97
20 4
21 66
23 2
27 49
13 86
27 77
13 69
30 11
7 31
18 21
22 32
18 11
16 84
26 92
23 69
29 72
3 38
8 66
27 81
21 17
24 25
30 98
22 45
19 78
10 64
21 92
10 16
25 40
30 54
5 86
12 81
3 51
27 29
26 45
11 42
9 15
21 40
2 56
20 86
1 54
2 90
12 43
22 86
17 4
10 51
24 26
5 64
22 31
18 49
25 75
28 89
6 62
12 67
18 4
21 89
16 87
9 15
12 58
19 7
29 69
4 71
10 28
16 68
6 19
26 24
0 52
14 4
28 50
7 13
15 57
3 45
13 48
27 47
24 73
2 86
29 94
7 50
17 72
5 77
26 15
21 99
3 73
13 3
1 59
16 65
25 72
5 97
15 33
7 23
4 87
16 28
28 97
11 11
17 98
28 60
15 38
22 23
17 48
9 9
29 87
12 33
17 15
2 30
29 16
5 24
19 60
5 42
29 83
2 56
5 85
20 100
14 84
19 17
20 89
17 8
19 93
0 28
20 42
26 51
22 78
0 26
29 58
16 91
0 8
22 76
9 61
28 22
15 51
20 32
23 63
11 95
10 20
6 37
18 89
27 14
9 34
25 46
12 43
3 47
18 32
23 1
26 95
30 35
2 78
0 4
5 7
13 41
6 19
18 55
10 92
18 85
29 25
26 95
11 18
29 9
23 77
26 39
5 13
10 100
6 5
18 20
11 91
5 50
20 31
14 10
13 41
1 21
0 89
19 41
12 76
23 27
19 3
15 82
0 63
21 60
27 13
19 75
1 84
0 36
19 42
12 88
24 79
2 1
27 51
11 64
2 69
3 38
12 56
7 100
4 61
25 6
9 13
16 54
21 11
18 40
26 54
8 76
5 2
11 93
5 86
18 36
14 35
29 54
11 1
3 21
20 86
1 45
26 21
5 15
15 41
27 100
20 86
13 23
12 54
17 93
23 51
9 92
6 2
12 23
10 95
30 45
11 2
2 10
28 56
3 49
27 14
8 21
29 71
15 47
7 76
8 65
22 7
28 30
1 25
14 92
5 46
2 19
11 26
2 24
23 13
20 83
19 62
22 74
26 78
18 97
9 34
12 52
10 53
22 63
26 65
24 23
0 78
9 11
27 35
19 8
15 69
20 100
25 23
10 18
7 17
8 40
20 88
11 67
7 38
1 26
12 73
16 27
24 21
24 88
12 94
14 19
3 19
4 86
23 33
17 83
1 34
5 49
17 52
4 86
3 82
9 100
20 44
4 31
7 27
30 84
14 17
21 20
24 84
9 56
21 47
29 42
5 32
24 2
29 62
19 24
20 95
12 65
29 32
29 12
28 96
0 41
3 99
3 77
18 58
3 43
20 27
17 50
30 53
15 40
0 84
3 46
25 46
3 78
9 20
14 92
15 81
18 64
10 96
23 17
10 58
5 73
26 28
9 28
14 26
3 1
25 87
11 66
1 71
2 71
18 94
9 70
15 48
14 67
18 72
16 71
2 3
0 29
16 21
9 42
15 19
26 45
4 33
28 2
30 91
18 22
15 56
1 33
11 86
17 43
11 5
20 24
18 82
1 91
0 92
0 38
14 91
10 64
21 19
20 96
15 42
16 67
16 57
19 62
14 46
24 54
23 77
29 23
1 40
2 36
10 70
2 74
7 59
29 3
16 99
21 54
20 36
26 34
16 75
4 97
9 45
22 18
30 92
29 28
22 4
6 97
22 75
3 12
21 15
13 39
25 25
27 25
10 81
13 74
8 62
22 93
0 14
28 48
29 16
16 99
10 45
25 29
11 82
19 21
19 77
28 61
6 88
16 60
14 28
