100
13 57
9 34
1 52
23 31
22 52
15 20
28 33
7 44
3 26
14 11
21 33
5 23
14 2
18 36
27 82
12 87
3 89
20 1
20 92
16 57
28 39
10 20
17 10
25 44
9 37
16 40
21 100
16 10
22 36
23 96
13 54
9 52
5 59
4 100
15 16
23 94
18 70
14 18
21 14
14 60
26 88
7 92
5 21
10 70
1 19
16 43
29 86
15 3
18 36
29 65
17 82
28 96
18 58
6 21
25 59
16 98
9 15
14 81
29 69
27 1
10 8
3 36
29 89
22 5
18 77
6 58
25 21
5 55
23 92
24 44
24 74
0 66
12 74
2 73
13 73
26 69
30 31
17 77
29 25
22 2
14 75
8 66
26 29
6 96
7 98
7 55
0 76
3 9
16 61
14 33
6 2
19 79
8 34
15 36
1 63
0 41
19 42
10 79
3 54
3 29
28 59
8 34
13 51
14 14
4 71
12 87
15 85
8 74
20 8
4 97
1 60
2 8
26 52
19 76
21 29
13 39
10 76
9 60
2 38
23 90
11 10
11 94
29 23
30 3
1 1
3 9
22 34
17 28
21 92
15 40
3 36
22 22
23 52
24 50
24 30
14 34
22 55
8 44
20 89
14 20
21 37
20 19
26 54
5 21
2 98
19 94
11 86
21 82
18 55
7 42
5 96
26 62
9 15
25 95
25 14
19 18
4 76
5 82
20 57
17 8
27 33
0 37
11 3
16 64
15 23
10 20
11 8
5 95
2 98
27 56
16 92
3 18
9 35
2 79
19 43
25 84
11 79
0 91
16 15
3 16
18 14
3 86
26 6
25 57
19 59
4 4
18 13
9 98
9 17
22 16
29 97
12 97
25 51
6 5
6 9
28 49
27 45
19 24
19 71
0 96
26 15
17 33
22 4
0 17
24 26
19 75
8 17
3 2
24 97
4 43
17 68
8 22
8 62
0 96
27 90
23 74
16 4
14 63
9 66
29 56
16 26
28 5
19 15
26 41
18 100
24 47
10 32
13 57
9 8
25 37
22 22
21 42
18 95
12 32
9 76
8 54
30 1
29 94
22 36
19 75
6 19
12 19
8 67
10 48
11 66
21 3
15 18
30 73
6 61
25 3
17 31
7 17
5 90
3 55
24 86
26 73
15 59
1 7
17 36
21 1
24 18
11 1
18 43
12 40
26 35
18 61
30 82
2 9
23 77
11 31
0 30
21 24
22 73
4 81
7 6
6 40
6 23
27 78
30 10
2 91
29 96
28 74
24 38
24 36
27 33
10 34
3 5
15 72
7 2
29 88
5 47
15 33
20 62
9 45
15 40
0 86
6 38
7 9
20 10
29 54
22 99
8 58
9 9
11 51
18 47
6 80
9 62
6 21
26 45
28 66
29 45
9 87
25 87
1 17
18 97
13 3
2 40
16 74
1 75
0 16
27 34
4 28
14 17
14 14
7 93
20 71
29 62
22 68
2 80
18 25
30 6
27 62
24 27
7 23
26 10
29 87
10 34
3 96
27 65
3 95
6 54
10 59
11 24
17 12
22 64
7 87
1 16
19 97
25 47
26 18
17 7
10 83
8 92
27 48
19 73
11 23
18 55
18 100
23 32
14 73
17 22
8 99
10 9
9 41
11 56
8 50
5 19
0 30
7 100
27 31
23 76
30 61
8 73
16 2
22 99
15 96
27 51
0 92
17 71
27 82
4 5
26 74
12 42
1 82
22 18
6 61
19 49
14 4
12 94
1 92
7 40
8 4
7 74
3 58
5 45
3 16
14 65
6 25
12 40
25 81
4 78
10 31
15 46
27 44
11 99
23 90
24 19
15 34
30 2
4 46
1 62
4 5
4 5
20 67
23 17
26 71
17 93
5 47
21 28
9 98
15 68
12 54
26 41
0 49
29 61
25 10
3 77
30 85
19 64
0 49
15 24
6 94
17 32
9 52
1 66
17 59
25 97
12 97
8 75
6 37
30 5
9 53
8 12
9 96
19 29
19 84
3 40
11 18
12 52
18 79
29 98
15 58
11 54
25 3
6 95
28 68
29 72
10 14
4 69
24 88
21 96
8 45
6 89
4 70
22 17
21 90
9 42
6 95
22 93
5 8
27 67
11 60
26 69
23 92
0 2
29 76
8 32
22 55
24 39
10 34
18 10
14 67
3 14
17 3
28 72
9 70
7 67
14 45
27 73
7 4
29 14
22 13
18 65
24 20
2 51
5 12
0 56
8 74
2 69
12 9
25 87
1 3
22 40
18 17
20 48
6 32
10 76
11 34
3 85
12 73
21 52
9 58
7 60
27 67
28 61
26 74
23 95
21 16
23 32
30 74
12 11
17 62
30 99
14 39
4 66
29 41
21 7
9 52
0 2
29 27
23 36
0 95
9 69
21 22
4 46
10 46
29 40
28 44
5 43
27 88
18 81
7 4
9 69
30 10
9 65
9 67
11 92
1 9
30 34
23 66
12 63
17 85
21 2
14 84
17 48
27 68
3 44
4 11
11 63
10 78
8 78
26 37
6 36
8 88
17 57
17 82
3 71
15 92
4 62
21 55
14 74
3 66
25 33
1 34
26 36
18 51
3 62
28 89
16 13
20 36
8 21
23 47
4 66
1 11
6 8
18 60
20 45
29 25
25 70
7 17
16 63
10 36
15 99
5 42
24 97
16 7
14 61
24 74
16 46
14 46
2 25
7 33
5 70
21 33
27 41
9 96
5 48
12 82
5 14
16 14
5 100
30 9
6 32
2 59
9 67
14 6
12 43
25 17
21 97
13 13
18 57
10 90
0 49
24 50
15 70
15 42
22 71
9 64
11 35
13 2
12 15
15 56
30 64
28 85
7 35
29 91
15 100
21 30
29 54
22 75
13 62
30 9
5 9
22 61
0 60
16 28
2 94
22 42
20 38
17 71
28 19
24 51
19 4
26 31
15 81
6 36
24 54
19 65
16 88
16 75
29 36
22 94
8 37
14 80
17 2
23 71
25 17
4 35
16 62
14 83
27 79
27 40
24 9
30 28
28 88
21 1
13 33
22 70
20 12
14 7
15 8
29 18
2 72
17 40
5 60
13 88
25 24
25 95
17 41
25 10
7 98
14 11
18 69
9 95
0 15
15 97
13 15
27 41
23 63
4 81
15 69
3 34
25 3
26 76
21 17
2 19
0 54
11 56
20 55
17 62
9 59
29 28
7 21
26 94
5 37
1 21
2 48
10 15
3 31
7 30
30 23
3 100
14 14
17 3
12 15
0 11
19 93
23 22
5 93
8 18
19 18
26 92
27 16
19 16
5 80
10 55
21 68
17 39
23 82
11 43
20 98
13 60
8 20
20 91
7 23
6 77
4 6
24 71
17 74
11 59
9 46
27 25
1 93
23 31
22 36
29 31
11 24
7 38
27 71
12 8
5 22
6 7
22 31
21 95
7 74
29 17
13 91
10 50
28 27
23 59
29 35
15 41
12 46
7 84
1 21
28 39
22 47
6 73
30 31
23 87
30 37
5 37
26 10
1 38
22 46
13 6
7 78
4 24
3 74
10 29
28 56
19 75
23 35
30 38
27 34
5 46
0 97
4 76
21 38
10 22
22 38
10 23
6 47
13 96
25 95
17 40
5 96
28 11
5 55
3 56
26 3
25 70
24 95
22 20
24 10
30 31
23 40
3 88
22 71
8 29
1 62
22 48
29 92
5 9
7 34
11 55
6 84
10 68
21 74
12 22
29 74
0 87
14 42
18 90
25 73
21 24
28 51
14 53
29 14
1 69
7 31
29 8
18 30
15 70
20 52
13 69
7 3
1 19
4 52
21 96
30 32
8 2
12 38
11 24
2 56
26 45
1 45
10 5
18 60
15 6
12 2
11 23
11 82
0 16
11 79
29 37
25 13
8 44
3 24
29 40
10 33
23 26
27 65
29 64
17 70
28 83
12 99
10 61
25 39
8 39
26 80
11 2
23 40
1 99
26 53
7 68
0 63
14 70
26 42
23 73
0 68
28 76
8 3
1 41
5 32
16 19
2 3
18 88
27 50
29 96
9 50
21 40
15 20
3 42
5 79
23 76
30 27
3 47
23 25
3 43
26 93
3 82
25 63
23 21
11 95
25 44
13 63
21 90
18 13
21 93
17 77
7 12
20 18
22 1
28 32
8 19
13 12
27 35
19 70
4 81
16 61
29 33
15 84
24 9
18 31
30 66
27 72
22 81
13 64
2 80
17 80
3 81
1 24
30 25
13 71
11 11
23 35
22 13
0 61
2 32
30 73
9 20
15 79
0 85
17 100
17 2
10 81
8 9
13 70
30 60
30 68
8 58
7 22
23 98
4 90
11 90
27 93
20 37
27 92
27 4
1 5
17 43
18 91
7 37
30 28
4 96
4 69
11 54
18 96
29 97
29 20
22 79
11 80
9 31
23 25
15 71
17 90
14 76
8 73
20 83
4 52
9 51
18 61
11 1
17 88
30 3
1 57
14 80
6 77
3 34
17 36
14 95
15 37
5 47
8 15
29 37
0 97
28 95
28 84
23 53
24 47
26 50
15 25
22 87
15 76
5 4
18 92
23 63
24 53
5 68
6 19
9 31
13 70
26 28
24 47
21 47
13 42
9 78
2 7
20 38
27 23
12 17
19 23
22 31
1 99
18 63
26 67
1 43
2 56
7 52
1 61
0 92
30 46
9 53
29 41
17 17
27 38
18 100
5 30
7 93
8 28
14 2
27 7
5 30
25 3
17 57
13 73
1 100
25 89
8 46
18 89
6 52
13 76
2 36
13 11
12 69
27 17
5 5
6 69
1 62
4 7
5 63
6 89
16 58
30 30
13 66
9 76
28 66
14 11
24 66
24 52
28 54
5 87
23 23
17 88
19 34
5 1
25 64
9 82
6 40
24 14
13 72
13 30
4 71
16 16
30 64
21 30
15 35
13 59
8 25
5 51
28 93
13 26
3 48
17 20
10 33
21 17
29 36
23 5
19 65
19 16
23 78
0 52
26 62
19 66
5 60
17 92
10 39
4 54
28 11
24 3
29 65
3 56
3 11
19 81
21 47
6 60
12 13
28 39
14 22
27 76
9 41
24 15
5 88
25 69
8 60
7 100
9 5
5 52
6 29
22 39
29 3
5 44
18 84
10 95
13 11
28 61
26 17
19 76
1 48
13 19
0 68
26 35
28 17
19 54
17 27
11 33
14 65
21 5
11 75
20 41
6 14
4 79
17 76
16 98
22 1
16 3
8 9
7 44
2 9
16 8
17 85
24 78
1 59
29 98
5 20
23 53
21 100
10 91
30 6
20 38
14 89
11 93
27 33
5 46
14 96
21 76
1 63
3 49
26 62
24 41
14 33
29 51
2 71
16 68
13 20
27 90
7 39
17 97
3 97
24 14
9 3
7 21
1 59
28 45
5 28
26 90
19 11
10 9
27 23
2 24
2 58
25 90
10 37
9 86
16 84
18 85
6 41
17 42
23 9
30 93
5 77
6 43
26 14
21 18
16 23
14 39
4 27
3 36
4 64
1 18
19 22
17 88
14 92
28 4
27 97
15 95
3 27
21 72
24 76
21 22
14 99
28 38
30 33
14 21
15 37
16 9
10 65
22 28
16 100
27 45
12 43
23 42
25 5
7 3
10 73
20 48
1 85
15 31
4 16
23 49
6 81
16 80
17 96
10 2
8 52
2 54
1 78
27 12
20 21
9 10
17 60
4 63
24 71
20 6
25 15
16 77
7 86
30 31
26 45
11 47
12 64
23 35
13 63
28 26
17 60
9 48
7 77
20 26
24 7
17 20
6 36
25 7
13 24
6 95
23 20
7 26
19 23
12 93
16 45
25 86
17 47
12 53
30 63
3 22
20 100
0 55
10 87
6 9
6 96
21 15
6 19
23 27
21 23
6 19
14 88
22 39
17 29
0 18
15 5
1 98
25 7
4 27
10 78
16 72
26 17
12 20
27 94
28 33
29 56
5 50
30 6
12 54
21 75
20 44
2 7
6 59
18 35
3 1
5 59
12 42
14 97
11 45
23 82
21 96
17 14
8 100
9 55
20 94
26 29
11 88
24 40
18 80
14 46
22 76
5 23
21 90
0 11
23 67
30 47
9 89
30 85
25 71
9 45
13 6
6 47
7 82
18 50
26 15
2 79
2 45
5 100
0 27
22 45
30 65
2 27
19 45
28 88
28 31
21 97
6 83
4 93
1 91
5 12
21 96
27 71
0 33
17 8
25 90
11 99
30 4
5 71
0 69
11 77
25 39
18 27
16 3
21 58
26 78
27 46
8 93
15 88
21 78
5 61
18 76
20 7
22 78
21 91
17 4
24 4
24 16
7 17
29 20
18 7
29 55
19 53
0 91
9 63
6 38
20 23
17 81
28 58
12 60
4 84
11 45
28 70
2 75
8 28
28 11
7 39
21 26
10 28
23 79
20 47
18 1
20 9
12 84
24 65
16 75
28 67
15 54
27 40
22 27
18 73
26 59
25 97
30 16
9 63
21 49
24 32
28 63
1 65
1 47
1 73
22 99
20 50
17 72
7 98
15 80
23 20
13 29
18 82
5 91
9 90
18 99
29 87
30 44
25 51
21 79
20 93
15 67
1 78
12 30
16 91
6 80
9 53
13 62
30 74
18 91
24 6
17 45
27 29
6 1
24 1
22 50
6 18
0 20
17 82
9 89
18 76
3 82
29 95
24 50
0 83
28 9
16 30
9 52
11 26
20 89
6 88
5 79
26 74
30 69
28 40
27 46
28 98
12 7
30 56
9 88
8 37
21 46
10 71
0 13
13 37
17 75
21 52
13 55
8 51
14 84
28 65
0 82
0 85
11 55
10 15
11 5
21 40
13 37
25 35
26 20
14 10
8 15
9 71
12 8
30 87
17 45
26 53
18 30
8 6
8 45
18 12
21 99
28 53
14 16
23 47
17 81
0 96
13 42
30 72
5 94
11 64
9 63
21 14
5 48
4 88
2 62
20 61
25 59
4 66
15 97
8 37
8 31
25 57
19 1
12 22
25 61
6 17
0 30
29 69
10 69
25 37
23 44
10 54
21 59
8 4
23 44
12 84
9 51
11 76
3 79
8 57
0 44
21 100
23 13
8 55
1 97
3 63
11 74
9 79
9 58
30 90
24 88
15 81
24 83
7 95
22 52
18 79
18 64
27 49
14 52
15 95
11 27
13 22
7 27
2 50
19 81
17 86
19 49
0 78
17 40
30 61
14 12
18 96
22 54
28 51
16 80
19 84
9 73
20 61
19 84
13 84
17 95
7 58
10 94
28 16
27 73
9 56
4 18
22 21
23 71
21 29
13 95
12 27
30 23
8 70
21 86
14 45
9 9
21 63
20 56
27 39
14 48
19 100
5 70
3 91
3 69
9 39
3 6
18 4
9 27
21 37
15 37
9 66
0 61
13 96
8 87
8 54
27 42
15 7
0 79
18 56
3 75
13 97
16 51
12 49
23 75
1 98
8 52
24 13
21 49
27 91
22 83
11 45
4 2
29 27
22 8
19 25
14 82
4 8
5 72
0 88
17 56
14 42
23 94
2 35
30 59
5 60
21 89
29 81
24 74
19 53
1 91
5 44
15 25
24 28
20 19
27 15
21 16
24 56
11 35
16 51
9 26
14 43
28 81
1 3
17 31
25 64
9 78
6 87
10 41
29 12
24 39
7 39
22 8
21 81
26 37
1 56
13 77
8 37
10 74
10 4
16 40
4 37
2 11
19 20
19 38
12 1
1 15
9 61
28 27
9 56
18 7
19 3
27 23
14 4
1 80
4 16
6 98
18 61
6 27
23 47
12 61
13 76
15 67
9 34
27 73
12 97
11 26
4 34
23 89
6 73
0 50
25 16
16 69
5 20
10 45
25 100
2 93
8 36
19 4
29 27
26 29
25 45
24 8
26 6
9 51
0 52
18 78
7 29
12 76
10 80
24 2
26 19
13 42
19 13
8 6
18 77
18 35
15 92
10 88
11 76
30 86
19 31
28 97
5 61
1 9
20 30
27 36
11 47
18 8
29 89
17 83
6 45
21 57
28 1
23 35
4 40
28 83
3 71
30 89
8 24
30 82
0 15
20 39
11 56
14 6
4 57
23 97
17 61
7 95
28 90
13 72
11 57
20 12
21 80
21 24
27 7
20 4
7 17
14 100
3 94
22 3
5 60
12 92
28 2
1 52
1 78
18 45
14 78
12 69
18 55
29 61
6 68
22 42
9 95
20 83
14 64
2 87
13 100
18 45
6 67
22 43
12 2
16 14
7 23
9 31
25 75
4 71
21 95
25 6
23 39
1 60
3 19
21 61
25 96
22 24
16 6
20 18
22 37
24 60
21 13
7 18
10 31
2 74
9 75
0 79
24 54
8 78
13 100
14 95
9 7
22 82
4 48
5 99
18 18
4 66
29 84
30 74
0 14
3 53
19 38
12 61
5 81
1 24
7 59
23 43
23 60
16 51
14 99
1 52
12 55
4 22
25 51
27 62
7 57
2 91
12 80
14 97
26 22
27 25
24 78
2 85
16 42
25 28
1 90
11 77
1 91
23 27
17 87
21 96
27 42
20 51
27 83
6 56
13 37
3 26
16 43
2 9
21 51
12 93
24 6
20 45
7 78
24 95
12 86
11 25
15 99
8 78
9 53
3 86
10 85
22 69
29 41
7 51
7 32
4 32
19 52
21 63
5 33
8 42
28 16
1 21
25 92
10 28
28 95
12 64
19 57
4 53
24 42
8 13
29 6
18 71
9 13
3 74
6 11
22 74
7 51
0 20
18 59
0 15
16 45
23 35
16 32
26 21
24 48
29 46
8 72
12 51
22 40
1 8
22 43
28 95
0 92
3 64
29 88
0 36
14 63
13 99
4 88
28 35
20 86
23 12
1 71
17 75
27 90
22 16
5 23
16 58
28 41
14 41
25 77
2 9
21 88
26 71
27 50
10 21
22 7
15 41
26 31
24 93
15 47
6 50
15 81
23 25
11 82
24 34
27 36
9 100
26 60
11 93
3 15
16 1
29 44
19 9
1 62
6 1
9 21
2 58
6 50
16 38
25 19
23 57
28 69
2 17
8 95
7 74
26 89
28 72
23 51
12 34
29 28
8 87
12 79
27 72
6 89
8 39
3 100
27 83
6 64
6 19
21 45
6 20
7 67
3 94
0 52
21 82
21 4
5 28
4 50
16 30
30 92
22 99
4 76
12 96
14 1
8 43
26 84
8 95
5 5
20 5
21 87
10 81
3 70
25 58
22 96
8 55
1 75
27 27
7 40
23 50
24 97
1 47
17 39
27 42
12 35
9 96
7 87
24 57
26 14
29 87
12 72
1 55
8 36
14 12
23 68
13 79
10 46
30 75
27 31
7 19
28 38
18 29
22 93
20 18
4 71
8 92
1 78
29 86
8 38
29 68
2 83
11 6
28 42
28 21
23 85
7 23
4 32
4 77
0 73
4 62
26 47
22 43
2 1
20 42
3 36
30 87
29 10
0 43
10 19
12 69
18 67
14 20
18 24
7 61
27 85
29 80
25 14
5 59
5 12
29 85
4 27
1 42
28 22
23 16
19 21
1 51
29 63
15 71
5 44
18 80
23 6
6 57
26 39
7 71
22 31
16 73
11 12
18 92
10 19
4 13
3 76
0 89
30 28
9 26
4 64
29 99
6 31
16 87
14 33
24 63
13 93
19 100
15 38
30 49
10 11
9 85
5 14
3 8
4 13
17 27
9 98
12 35
0 25
9 2
4 81
2 31
22 11
20 24
27 17
7 26
25 28
29 80
11 59
19 93
26 45
19 78
28 65
0 74
12 9
29 20
23 92
6 13
23 72
6 78
19 80
9 15
26 94
3 12
0 83
9 100
5 18
24 72
10 21
14 95
0 58
26 35
3 84
20 51
30 17
12 62
24 59
24 79
12 55
26 84
10 66
6 63
11 47
30 80
2 91
4 20
20 22
7 4
13 47
17 14
3 99
11 40
30 60
24 92
29 54
19 40
23 52
20 67
26 22
2 9
20 75
22 60
28 47
13 59
26 83
8 37
25 21
28 56
30 54
10 45
7 85
7 20
0 53
6 10
30 19
23 23
23 16
8 90
11 40
28 52
14 43
23 30
9 55
0 78
4 60
19 35
1 75
17 70
24 66
0 26
28 89
2 15
27 2
19 87
14 10
21 53
13 21
16 2
13 3
15 3
30 87
11 41
3 71
14 85
21 9
29 54
1 42
20 85
2 61
9 22
28 89
1 64
1 31
23 1
10 9
0 87
13 64
8 89
1 2
1 89
22 65
18 22
8 26
22 73
5 65
19 37
23 25
15 36
27 55
26 20
1 38
22 52
27 29
23 59
19 19
16 29
19 32
16 68
7 35
26 97
12 40
29 85
17 73
14 91
7 25
12 80
2 35
26 13
6 77
15 52
22 30
0 62
6 39
30 93
10 90
1 14
26 76
2 49
27 28
29 77
8 69
7 83
15 56
7 81
8 69
17 82
29 40
3 15
27 93
18 74
11 33
13 94
21 100
22 28
0 47
3 35
14 53
10 79
0 54
7 54
4 88
25 20
20 70
29 25
18 62
2 63
3 92
30 16
14 58
27 68
30 81
20 84
16 63
3 29
15 4
2 61
26 78
19 90
29 10
21 33
7 7
13 51
7 93
6 2
15 96
28 93
15 20
0 27
5 64
8 13
3 90
8 39
8 71
21 87
22 96
10 91
17 84
16 92
5 18
29 57
3 15
16 2
18 11
26 82
8 48
6 71
4 21
1 62
23 1
15 16
11 84
29 23
18 100
5 42
1 55
6 84
10 72
21 36
29 76
18 3
27 76
5 16
14 95
6 74
24 55
1 93
23 93
11 89
27 26
23 93
22 17
9 32
28 12
1 96
13 28
2 27
25 72
20 83
23 99
23 26
29 100
15 52
5 23
7 50
24 85
4 44
0 77
1 89
15 81
9 87
14 86
4 59
30 63
1 29
27 9
8 27
13 40
0 80
12 22
1 37
5 65
2 52
15 93
10 53
28 90
18 65
25 76
9 53
20 29
20 54
17 66
6 14
18 22
24 77
16 87
0 80
24 6
17 51
10 67
0 60
25 58
28 47
2 67
19 59
6 77
20 12
27 89
2 16
3 98
6 8
10 28
23 78
2 89
21 24
15 22
24 56
11 30
16 50
20 82
19 68
26 6
27 56
26 63
3 81
20 44
21 39
28 89
1 48
4 70
16 14
23 70
23 37
19 44
19 96
24 49
18 19
1 99
26 71
21 5
4 97
2 79
29 16
17 80
25 9
14 99
18 96
10 85
6 68
8 9
0 81
19 9
24 28
8 51
30 91
22 15
8 7
9 32
16 18
21 73
7 25
0 7
13 55
0 67
3 44
12 63
8 95
19 51
4 8
3 62
1 72
9 69
20 73
28 50
30 51
25 39
14 67
24 32
6 66
6 63
24 13
5 99
27 20
13 85
25 38
13 33
10 12
12 33
12 38
25 83
2 98
26 51
13 3
23 88
16 11
15 30
24 99
21 100
1 26
26 11
0 13
16 62
15 88
30 81
23 36
7 22
5 61
14 1
8 79
23 75
16 5
21 88
30 47
19 47
14 84
0 24
0 96
10 28
18 35
25 29
18 9
8 79
8 37
3 37
26 53
6 65
11 98
11 80
17 3
20 99
30 71
1 18
28 43
11 17
22 70
10 72
28 5
14 56
15 6
15 30
16 60
26 52
17 78
28 28
16 46
30 95
13 22
26 55
21 33
4 82
21 74
9 16
20 72
15 98
23 5
21 5
0 13
23 66
17 1
0 48
17 63
8 100
0 45
13 18
30 27
25 25
7 99
16 19
16 52
21 69
6 11
3 43
27 39
21 55
4 39
6 28
9 8
0 57
2 40
4 82
28 8
24 79
20 64
17 5
4 47
21 24
11 71
5 26
3 35
20 32
3 39
27 24
10 71
2 15
6 10
11 43
4 33
8 99
14 69
22 27
6 23
29 36
26 52
15 60
29 1
3 41
9 33
21 26
12 100
11 27
18 32
5 59
12 13
3 76
4 18
24 68
7 42
3 28
26 32
22 100
16 25
0 15
4 79
1 11
24 55
19 2
0 71
13 39
24 78
13 14
26 93
12 23
17 65
29 41
22 98
8 15
16 67
0 79
4 75
15 13
2 12
28 13
6 19
28 76
22 15
15 15
23 87
2 19
13 87
23 41
7 2
25 89
2 62
10 58
25 75
9 20
5 4
1 89
24 12
4 27
7 88
16 78
5 96
0 69
24 17
14 65
28 11
26 16
11 56
27 58
28 40
25 4
10 80
17 70
14 79
21 100
9 56
9 77
30 100
7 29
29 16
27 52
7 91
12 9
27 51
23 82
17 47
6 58
3 43
17 83
26 29
26 41
7 78
21 90
0 88
3 8
23 21
10 39
26 32
14 35
11 51
4 69
29 25
30 21
9 33
22 14
14 92
26 79
19 16
22 46
30 50
11 49
30 29
9 62
20 13
29 69
2 3
26 67
21 29
9 45
1 52
17 17
30 67
1 92
27 9
4 72
19 20
15 41
2 68
4 76
29 17
21 35
1 64
21 99
3 77
16 83
24 45
2 40
15 11
30 89
27 59
12 35
14 19
19 78
17 96
27 61
8 54
2 45
20 51
5 97
30 73
1 43
16 32
2 26
14 84
6 32
13 13
17 100
7 52
7 85
21 100
24 46
20 63
29 32
8 71
12 94
4 12
17 68
4 58
21 66
11 37
22 61
26 23
17 95
6 99
0 84
10 8
29 66
29 42
3 86
23 92
5 28
4 84
17 70
9 37
21 96
17 43
6 2
28 78
13 31
26 93
11 12
12 9
29 40
14 26
29 97
14 40
19 26
26 87
2 80
1 7
28 33
0 21
2 15
29 38
1 92
21 22
11 66
8 50
17 61
10 87
19 34
5 64
9 47
1 55
16 38
10 30
10 13
16 16
18 7
8 70
7 57
26 56
22 66
13 41
24 75
20 90
30 7
21 81
6 72
6 17
14 59
17 45
1 27
18 10
0 49
28 47
1 65
20 29
21 11
23 71
27 98
0 12
22 33
4 53
23 31
26 11
10 50
18 5
7 12
12 40
5 89
30 39
5 46
2 26
12 10
30 92
29 67
12 53
23 17
30 40
16 73
24 76
0 76
8 35
11 50
11 37
19 89
29 70
7 2
7 10
11 54
27 51
26 20
11 84
8 2
30 93
29 72
14 27
29 45
13 67
7 94
15 80
28 97
25 30
7 38
26 59
8 35
2 60
1 84
7 96
29 97
14 94
1 7
2 84
9 98
4 31
15 35
23 53
17 29
9 52
25 62
28 90
19 55
22 83
22 99
12 51
11 14
1 56
12 17
13 31
17 93
19 88
8 52
6 68
9 49
13 62
10 37
12 57
9 43
7 84
12 64
16 98
12 30
26 87
26 8
21 69
6 79
25 72
23 64
22 30
15 51
25 38
6 53
7 91
2 68
9 67
1 88
19 16
17 51
20 94
6 33
1 58
14 57
19 94
12 67
13 37
6 20
29 69
12 94
28 42
6 33
24 72
16 28
2 75
4 64
28 61
2 68
19 38
8 64
0 70
7 68
23 53
19 55
21 71
0 78
14 53
9 13
22 17
5 40
26 66
17 97
21 93
5 27
29 21
2 28
15 26
18 1
5 49
27 83
19 49
20 73
18 54
15 51
18 55
17 20
17 45
17 28
5 23
10 12
9 14
0 5
0 11
13 97
30 5
26 34
12 89
25 63
2 2
22 27
4 80
4 24
23 28
5 79
29 54
15 91
16 79
16 7
1 65
13 8
7 29
3 21
6 90
5 86
4 28
27 23
14 48
27 32
13 41
1 93
3 75
26 54
30 28
1 54
6 11
19 6
24 31
7 98
13 96
9 40
3 50
15 73
24 80
11 87
14 6
26 47
10 100
5 55
4 11
7 16
25 96
10 40
5 30
27 14
28 92
18 11
2 52
27 95
20 68
18 14
15 33
9 5
3 55
27 97
20 96
25 82
6 59
9 86
15 91
13 65
22 67
16 54
12 68
12 56
30 78
0 72
11 97
6 73
20 47
9 22
30 54
25 41
15 16
13 5
18 25
15 66
15 50
5 67
30 15
4 4
19 36
21 56
21 11
20 98
21 24
0 49
9 82
30 94
28 45
19 96
11 76
20 37
16 35
22 73
11 60
24 67
0 50
25 10
5 93
26 60
6 75
15 40
16 65
20 21
30 3
3 30
19 54
21 19
27 30
2 9
20 53
6 12
1 7
28 63
11 65
1 53
13 72
15 81
5 68
14 53
29 43
3 47
28 41
24 94
9 63
12 22
0 31
3 4
23 67
4 31
20 36
2 39
9 40
8 98
13 33
19 49
6 21
4 48
3 76
19 11
10 45
5 44
26 55
14 36
9 11
24 18
12 47
0 52
24 43
16 20
2 53
14 19
8 75
0 55
7 32
8 9
23 79
29 34
6 16
9 88
7 100
15 58
19 84
20 35
19 82
21 78
3 39
17 41
20 37
13 50
2 89
2 73
14 82
24 29
1 73
17 49
16 19
20 64
29 37
14 97
29 82
6 4
3 34
24 59
23 75
16 21
24 24
2 60
22 95
3 27
20 96
27 68
16 45
19 89
13 50
17 91
11 13
14 28
14 2
25 16
24 31
29 21
0 94
18 40
20 77
14 35
23 31
1 100
30 72
16 2
4 56
12 91
7 11
18 78
17 56
24 13
28 49
24 28
14 66
17 74
6 34
20 17
22 77
9 66
4 23
8 38
24 75
21 42
6 58
30 81
14 45
7 11
20 6
3 21
7 13
15 64
17 25
4 100
1 47
27 92
2 38
21 3
14 38
30 83
26 40
10 37
27 75
9 49
10 23
13 40
2 66
27 50
1 45
7 72
18 79
27 62
3 23
19 73
8 8
14 78
7 48
11 65
17 81
14 62
20 5
30 47
23 16
0 43
28 95
24 80
17 17
17 43
3 60
12 40
22 50
9 56
11 43
29 89
0 51
7 85
5 20
9 7
4 32
3 55
29 93
9 24
22 78
19 67
24 28
20 100
28 17
10 71
19 26
17 73
8 15
9 49
13 42
27 68
15 88
14 16
9 71
12 26
3 23
21 96
19 5
7 85
19 43
3 99
26 78
12 34
11 70
0 1
6 4
6 54
19 88
25 94
12 38
2 49
18 3
6 33
19 25
10 76
15 71
12 13
16 42
27 42
19 45
7 97
21 72
20 76
18 15
18 50
27 8
14 7
14 6
3 76
27 53
9 95
24 21
1 40
8 65
7 68
17 85
23 35
4 89
19 93
25 12
17 82
30 38
4 59
28 62
29 76
22 32
24 1
6 1
17 29
4 84
4 33
3 96
6 42
16 79
7 92
18 12
13 100
21 31
13 28
8 58
19 60
8 53
13 21
24 59
15 42
1 14
19 77
23 6
4 5
9 69
17 44
28 12
3 31
1 11
16 36
3 26
28 86
16 9
25 55
1 24
7 76
13 85
20 16
4 22
17 43
15 74
14 91
6 44
22 12
15 32
4 54
26 3
15 36
25 70
27 38
10 90
10 73
22 20
12 44
8 72
29 47
10 32
29 18
13 80
0 52
5 98
22 43
20 10
30 62
16 12
3 98
23 96
4 74
18 58
30 67
13 71
29 50
10 16
27 72
18 38
14 73
25 78
23 23
24 70
22 4
30 25
22 16
20 14
13 87
5 54
28 93
7 8
17 14
1 48
13 30
12 14
13 66
15 72
9 59
2 70
11 18
25 94
22 100
20 82
24 40
20 99
17 30
23 9
12 82
15 92
29 4
25 74
14 55
21 75
12 87
11 91
24 16
21 63
30 61
24 8
4 93
13 65
11 6
24 28
13 3
7 50
8 62
25 23
23 11
30 66
28 39
30 17
4 50
27 40
22 15
11 18
28 95
9 69
14 36
15 91
18 60
3 22
26 52
22 77
2 38
3 8
0 62
28 76
30 78
7 81
15 100
13 84
12 76
14 65
4 84
23 15
15 94
9 28
22 20
4 74
24 5
7 48
26 33
25 65
9 13
26 18
20 98
21 76
20 98
12 58
22 14
12 10
22 58
27 99
29 20
22 83
2 34
12 98
24 62
17 24
29 33
15 27
11 3
0 17
24 6
7 53
29 31
7 43
3 95
18 17
1 90
10 71
3 13
23 79
7 13
28 41
17 10
12 89
19 32
10 15
29 61
0 73
4 85
29 18
15 41
6 14
9 57
18 60
0 54
21 84
6 28
9 24
14 95
30 47
25 3
7 53
9 73
11 34
12 96
11 55
1 27
24 69
13 57
19 66
2 77
8 42
2 31
6 39
30 17
15 66
10 88
11 72
8 56
24 61
18 64
17 95
9 94
27 57
9 18
28 52
2 38
15 86
17 24
20 99
13 40
4 8
1 77
22 61
11 49
12 68
12 55
28 59
27 59
13 72
29 33
3 93
24 45
17 7
11 11
23 10
16 42
1 1
9 62
13 96
24 24
24 15
19 74
19 52
12 40
2 40
5 1
9 8
11 54
7 80
0 97
12 100
7 44
2 36
10 89
12 4
12 1
1 42
2 45
29 33
1 69
13 26
9 64
11 22
24 48
24 19
16 36
6 70
25 58
5 85
17 51
7 20
14 37
1 87
25 59
24 90
10 30
25 90
18 56
7 65
7 6
30 11
6 49
5 13
3 34
5 10
15 99
13 84
27 3
5 71
18 26
29 60
26 100
26 93
25 35
6 5
22 19
25 19
20 46
7 42
11 22
5 16
22 77
7 95
29 61
12 1
8 41
28 17
5 97
12 85
0 61
21 67
23 41
2 82
19 27
11 37
20 89
14 83
19 2
10 55
2 51
27 46
0 4
0 98
11 91
22 60
13 79
27 58
9 80
21 100
1 32
22 7
4 82
30 53
10 57
4 38
14 87
24 23
14 91
24 23
7 43
24 15
9 7
2 23
3 38
17 80
15 49
1 60
19 53
9 65
25 2
20 4
14 82
22 6
24 44
18 39
19 7
14 27
4 41
0 22
23 30
18 19
29 26
22 8
23 38
26 5
15 65
29 57
9 11
3 98
11 87
29 10
18 19
0 5
26 43
30 7
3 43
24 72
26 29
14 33
14 72
8 3
30 19
0 98
28 20
2 16
30 97
23 78
19 61
2 99
6 46
23 85
0 42
3 22
0 79
12 84
18 48
21 91
17 66
14 76
10 28
23 22
18 96
30 43
12 19
22 74
27 14
11 100
8 38
25 17
0 89
16 26
28 60
5 89
13 82
22 99
14 21
5 98
8 91
12 69
2 84
29 43
5 7
6 79
9 29
3 81
6 3
11 50
20 39
27 95
25 33
25 13
14 98
25 60
5 18
15 55
21 91
27 83
2 26
0 25
28 15
28 91
7 89
25 10
1 74
29 13
21 32
15 34
2 66
18 40
18 47
10 48
5 63
10 92
6 64
12 37
13 17
3 74
18 73
8 59
30 71
19 78
25 12
6 46
6 94
18 15
1 26
29 72
3 2
26 61
10 36
5 52
11 86
22 69
8 81
26 76
1 41
3 87
23 94
15 54
23 71
19 70
2 25
22 35
7 64
10 61
18 5
8 45
8 53
1 70
26 80
27 8
23 34
19 37
11 77
26 81
19 47
15 27
1 81
15 88
14 90
10 30
7 27
7 31
23 94
14 71
4 35
12 62
7 90
7 56
27 72
13 24
25 91
8 95
13 35
8 94
13 26
15 56
26 50
10 36
17 18
6 97
17 9
27 58
5 76
4 92
3 91
25 40
26 19
5 1
2 90
29 7
10 68
9 70
20 79
25 46
25 42
24 57
7 92
7 22
2 55
16 76
24 31
13 86
11 95
29 50
24 74
23 94
4 43
12 5
13 36
18 26
27 94
17 77
2 96
6 14
26 33
3 33
30 56
17 18
2 69
0 72
3 21
7 19
17 79
9 88
5 83
30 88
7 90
27 56
17 61
28 33
19 41
18 35
7 69
24 29
19 44
22 30
21 20
13 85
19 3
5 3
18 27
9 78
20 80
9 74
19 42
16 69
19 48
4 95
30 30
22 29
15 91
21 28
7 98
7 39
15 90
29 25
26 28
26 41
17 69
28 5
30 30
30 34
3 96
6 96
21 47
11 16
26 97
5 12
30 75
3 24
3 6
1 88
2 98
15 81
25 94
1 8
2 62
28 42
26 33
7 57
30 29
23 1
12 52
0 59
15 57
3 31
26 49
0 95
21 83
17 55
24 28
10 19
13 60
19 60
12 74
10 11
30 9
14 67
16 52
10 81
22 1
5 54
24 72
19 38
10 56
7 72
24 26
1 97
9 98
24 75
12 19
10 72
29 9
15 96
9 2
2 41
4 33
25 43
1 13
19 26
6 12
14 24
7 97
0 92
27 88
3 17
24 25
15 96
26 84
21 52
18 84
24 92
16 50
30 77
20 26
23 2
3 85
25 2
0 8
25 95
6 85
19 5
30 32
22 63
10 48
30 74
11 79
21 96
22 94
16 32
30 39
16 92
20 93
20 48
9 64
19 9
0 9
0 51
14 54
25 35
19 68
27 47
1 12
27 2
8 15
5 52
19 50
16 72
16 79
23 22
17 3
0 89
7 8
20 47
12 67
22 8
10 27
3 19
16 43
25 55
16 64
15 63
30 94
23 8
28 20
4 72
28 64
29 42
10 88
3 29
10 36
16 90
30 48
29 83
6 98
28 60
1 55
19 81
30 30
21 42
27 56
15 56
8 65
16 19
25 97
28 12
19 45
13 59
8 32
28 68
26 38
8 65
28 78
6 72
30 92
19 77
25 62
24 23
22 52
10 59
7 22
8 94
3 56
19 71
15 54
9 41
13 24
22 35
13 42
4 38
2 59
3 36
14 26
30 24
24 60
7 61
2 30
15 57
0 62
16 47
2 47
12 76
10 56
24 56
16 69
25 21
24 22
27 8
0 99
2 89
18 99
23 53
14 56
20 74
12 60
20 18
13 8
21 75
9 25
26 49
10 40
5 94
27 50
6 28
6 64
3 67
3 10
6 84
16 87
27 13
10 40
23 70
8 65
11 88
15 56
26 5
22 40
24 36
9 41
8 21
25 83
16 43
24 96
12 91
9 30
15 75
18 67
17 57
26 96
10 21
5 78
4 99
16 3
7 21
10 68
0 77
23 44
30 15
1 50
13 58
9 57
13 86
19 84
25 67
1 46
12 61
9 81
6 30
13 28
14 100
28 72
16 25
8 38
19 23
14 81
19 18
13 19
8 71
5 30
30 36
9 43
24 74
5 4
11 87
10 80
13 71
8 93
27 75
28 36
7 15
0 90
12 13
10 9
1 58
11 59
29 64
25 20
2 63
11 42
6 65
10 55
14 34
7 81
9 14
2 8
29 36
4 78
7 34
24 56
4 44
30 88
13 96
7 15
27 43
3 1
12 69
15 19
23 45
3 21
4 57
3 27
2 80
11 58
26 85
21 93
14 53
11 43
26 85
19 31
13 69
20 11
1 32
27 10
10 23
15 49
25 20
9 72
22 98
6 90
18 80
28 54
11 37
4 99
19 20
5 34
26 68
12 76
7 96
1 77
26 43
28 19
20 32
24 48
1 56
14 93
6 77
16 77
27 78
13 16
22 96
11 75
22 12
2 70
0 60
16 76
7 60
11 68
23 69
1 94
8 33
17 96
15 12
17 100
3 28
17 26
8 3
5 52
2 18
18 47
30 25
6 19
28 94
25 20
6 54
8 20
27 40
28 71
30 67
22 100
15 95
3 37
3 88
7 64
18 100
25 45
17 61
30 82
6 26
24 64
9 74
29 98
13 80
22 59
24 28
4 37
13 73
14 36
8 44
17 80
10 66
8 19
10 76
15 56
13 53
5 72
8 64
26 85
30 75
27 91
14 53
24 37
2 72
15 8
14 24
1 75
27 65
25 66
26 47
8 10
4 84
19 57
1 92
21 75
22 53
16 64
14 42
25 96
29 81
16 92
14 61
21 77
10 50
12 79
28 33
18 46
7 61
5 22
9 34
0 98
16 92
15 68
26 36
24 29
3 86
17 18
6 90
8 43
30 7
19 46
20 6
5 25
10 63
9 45
5 65
24 19
8 70
22 11
2 31
14 17
25 56
27 69
30 19
12 17
21 80
9 94
4 17
12 75
28 59
30 20
29 44
8 2
15 75
11 32
1 44
8 46
9 61
24 11
16 14
16 65
7 17
4 66
13 20
3 100
5 94
28 16
10 21
9 49
3 89
7 53
1 61
27 25
12 77
13 69
0 41
15 28
4 31
0 66
17 71
1 54
6 30
21 95
12 40
10 8
1 2
15 38
27 64
15 46
22 14
1 75
20 20
13 40
29 30
26 13
11 13
6 98
27 7
15 41
8 31
0 8
22 73
4 20
7 17
30 29
8 94
6 12
4 34
10 16
22 48
12 97
7 11
17 93
30 5
13 20
28 74
8 55
18 50
21 47
13 87
3 78
4 50
4 50
8 68
1 12
19 40
8 21
2 48
3 91
14 45
28 42
14 6
10 58
25 94
12 21
4 14
9 9
25 51
30 10
28 83
13 74
0 6
28 80
21 3
29 90
23 21
22 75
26 44
27 28
9 23
28 31
29 65
2 32
28 89
28 70
13 48
16 7
7 5
2 39
16 19
16 56
21 95
17 42
14 82
17 7
18 67
6 22
28 97
28 87
26 29
1 92
24 75
26 46
29 78
20 74
18 25
3 80
0 8
28 27
29 41
1 33
12 98
9 99
18 93
18 62
8 62
29 36
7 87
21 95
22 45
16 73
2 11
18 36
28 11
4 15
24 52
8 4
30 28
29 13
15 14
24 39
0 57
11 89
19 100
26 57
17 81
7 51
19 16
27 48
12 100
22 50
17 34
25 23
16 13
23 19
13 1
20 77
0 3
14 7
7 37
16 7
8 58
6 35
21 20
19 22
24 9
30 1
19 63
1 87
16 48
2 66
30 78
30 59
28 91
20 10
30 100
24 42
1 38
16 17
11 42
9 50
10 80
24 65
25 30
12 19
4 76
2 65
28 47
2 98
2 40
21 72
12 63
9 1
27 98
29 69
12 28
18 33
8 45
19 23
8 49
8 64
26 79
28 14
4 9
23 89
3 3
5 37
14 30
28 31
0 59
11 7
5 40
17 26
3 28
11 15
4 100
13 98
4 67
9 73
21 11
17 34
9 93
12 95
8 56
17 32
23 98
11 23
28 41
22 55
20 28
22 30
11 61
14 89
13 1
16 27
3 93
22 34
24 59
30 75
23 59
2 22
5 10
6 98
13 3
22 25
20 27
13 59
25 60
22 48
21 48
9 65
28 83
2 22
13 27
8 94
14 33
7 12
21 21
18 92
20 34
20 44
19 79
17 34
21 50
11 20
6 64
14 99
14 24
26 48
4 62
25 24
27 1
15 94
4 32
22 97
3 40
17 84
6 57
15 81
19 21
26 19
18 66
30 13
4 56
6 79
2 13
21 14
4 44
29 2
10 12
6 73
25 26
22 99
16 35
18 47
21 40
17 66
30 95
9 44
28 60
11 79
17 72
23 99
6 16
30 78
5 87
24 44
30 96
20 18
25 55
8 49
20 34
29 82
11 66
2 97
14 88
2 15
5 88
12 61
1 95
27 81
14 76
15 57
1 37
8 25
25 10
16 90
12 22
28 76
18 10
25 86
24 50
14 76
6 32
12 57
6 17
17 61
14 55
17 26
24 92
21 4
29 5
17 37
17 66
5 86
1 88
19 15
22 92
4 66
30 58
9 18
19 8
6 65
12 65
7 52
13 77
27 12
16 51
30 90
11 69
26 62
27 24
12 25
11 48
9 15
3 92
18 22
10 59
28 18
20 2
2 64
9 21
30 82
8 100
2 76
11 1
4 97
21 3
17 93
25 22
24 93
22 42
3 60
5 72
20 46
28 11
1 38
18 35
20 34
22 90
0 9
28 57
25 88
25 93
3 25
28 32
29 50
3 86
24 25
1 48
5 8
23 89
10 18
14 29
3 94
26 9
6 100
15 63
17 75
9 11
20 76
26 52
6 47
18 91
7 3
29 87
2 80
7 86
9 36
2 96
13 5
13 17
28 59
26 55
0 33
6 84
23 41
26 89
21 35
23 33
27 28
0 96
7 4
1 59
21 96
22 69
3 30
9 68
11 57
18 54
28 5
8 21
9 83
2 27
1 53
2 48
19 19
21 49
3 73
18 6
9 21
18 87
25 38
10 44
0 55
15 21
2 5
30 49
19 79
20 43
13 49
20 91
19 93
18 68
3 9
5 100
3 48
29 34
26 53
17 35
1 14
8 48
20 6
11 48
26 57
21 56
29 22
19 33
30 9
24 41
0 12
12 37
8 10
21 94
10 8
18 55
27 52
10 53
14 30
6 24
19 85
29 28
28 75
20 10
19 74
6 40
29 41
29 19
4 39
5 47
23 47
27 43
14 83
8 19
26 35
18 28
0 70
23 37
6 5
12 73
8 54
3 58
4 23
26 80
29 60
24 59
29 98
18 28
12 23
23 15
26 81
15 35
8 32
3 12
24 45
4 6
28 45
6 13
30 33
17 91
19 60
22 73
6 64
5 16
18 39
12 90
15 53
26 70
13 52
24 30
29 77
12 45
26 21
8 54
22 46
6 19
23 51
4 41
27 32
14 10
3 75
13 74
6 67
27 87
7 40
23 53
19 55
26 18
2 27
15 16
11 83
30 95
6 67
27 92
24 47
14 58
26 17
19 83
25 77
9 79
13 90
30 72
18 92
10 42
0 72
21 77
30 73
25 81
9 46
3 67
4 6
18 48
14 80
1 93
8 41
21 33
26 90
23 2
22 75
23 18
15 39
17 50
8 77
29 41
4 4
5 62
9 70
22 45
24 40
9 20
25 74
3 84
19 38
3 71
4 72
6 68
9 36
22 32
30 25
2 26
21 63
15 67
29 93
23 42
23 98
29 62
1 50
12 73
16 42
30 15
13 27
8 58
21 75
27 22
15 30
13 66
16 5
12 28
0 99
3 60
19 65
30 3
23 3
30 18
7 27
12 70
10 88
15 32
0 54
21 91
2 14
0 59
20 55
14 77
19 94
10 62
18 11
14 8
2 6
21 69
17 86
18 7
26 76
16 29
2 97
4 91
5 46
25 88
21 7
16 55
0 70
24 52
7 97
26 95
23 61
1 66
16 28
3 63
6 38
28 89
10 87
4 16
27 72
18 55
5 32
30 37
29 82
1 85
19 31
10 27
9 1
23 92
9 49
27 79
19 96
24 85
9 38
14 84
10 27
25 92
29 90
22 23
25 53
30 61
30 95
27 20
17 25
30 58
5 63
23 48
8 3
20 24
10 17
26 91
15 41
5 6
29 7
6 5
12 52
8 76
21 34
5 1
22 27
27 53
16 10
16 55
16 13
0 86
20 80
14 30
12 40
24 16
17 21
23 41
24 33
30 42
14 49
8 63
14 9
21 54
2 99
0 99
2 83
22 48
13 83
11 64
2 22
27 97
11 100
0 83
20 7
24 4
30 16
30 7
9 76
23 64
1 5
0 23
25 43
13 19
22 26
24 30
6 62
24 83
14 38
23 26
25 23
19 94
10 98
23 34
23 45
9 50
12 60
12 1
13 73
5 74
22 39
24 10
1 65
2 24
11 20
18 83
13 1
30 95
15 45
29 32
21 37
29 53
21 26
20 87
5 50
13 73
23 47
5 99
7 44
19 47
5 44
19 63
3 49
11 88
27 12
23 88
0 37
22 75
26 69
5 1
1 12
24 85
20 32
13 88
30 34
21 1
19 85
25 96
17 100
20 75
30 41
27 100
27 90
18 88
1 73
6 26
14 51
27 92
15 11
30 69
13 97
19 42
21 70
10 79
23 44
0 22
30 21
30 52
29 25
19 76
27 50
28 95
29 83
22 66
0 41
24 23
16 45
25 28
10 12
26 96
0 30
19 4
1 81
15 77
26 53
2 69
11 4
24 83
16 28
9 24
25 85
14 69
24 35
1 4
9 94
5 94
30 48
27 78
17 87
14 16
6 15
1 94
5 26
26 51
28 56
29 74
4 16
4 43
22 17
16 67
9 90
17 69
5 52
28 18
7 62
18 1
11 55
7 70
21 27
19 35
19 25
6 43
9 63
8 41
11 100
22 18
3 93
24 4
30 55
2 91
7 77
1 63
21 78
20 49
16 18
20 45
17 93
29 99
9 9
28 67
11 80
27 69
18 3
20 14
0 51
4 96
5 61
16 99
9 81
6 84
12 94
20 88
19 25
7 92
29 12
10 35
10 71
3 54
16 60
8 69
20 45
3 21
21 96
14 57
10 57
2 35
5 69
22 44
14 55
20 35
14 17
16 23
7 70
24 22
12 16
14 6
19 49
4 9
13 12
0 29
14 21
21 65
20 3
7 66
25 67
1 47
29 25
10 17
7 77
12 54
21 57
19 94
16 84
29 93
6 98
15 13
30 81
9 29
28 66
22 7
9 59
12 97
30 3
3 20
9 16
9 58
29 76
7 84
26 55
29 21
28 3
8 24
28 63
14 87
10 44
30 53
13 48
14 72
22 100
5 34
22 86
11 67
9 22
13 64
0 16
13 84
20 20
8 17
27 25
5 83
24 88
2 3
11 15
18 79
8 49
22 19
19 68
15 79
20 21
6 90
30 6
8 22
28 52
14 95
19 23
14 71
13 24
16 32
22 4
30 35
12 69
8 51
29 17
20 31
14 79
13 94
5 55
12 70
22 73
14 1
21 6
23 83
19 47
16 15
11 78
13 16
8 54
13 44
10 36
18 57
5 73
4 90
5 29
11 17
20 78
10 13
19 48
0 14
4 50
20 10
4 90
27 33
21 15
12 20
7 36
0 45
5 93
24 32
10 93
29 15
2 41
10 72
16 56
7 14
7 100
16 90
2 45
12 42
4 98
6 43
18 80
26 20
20 49
10 96
18 32
4 30
23 55
10 93
27 76
18 35
24 94
8 45
15 58
12 77
19 36
5 81
4 76
0 52
23 47
24 96
3 34
1 13
26 55
12 79
30 47
21 67
22 75
17 51
18 75
14 36
16 36
4 76
29 57
7 25
1 43
4 10
16 39
1 15
13 26
12 82
22 49
16 10
23 44
12 92
17 68
21 69
18 33
11 87
21 50
7 40
0 51
25 65
26 83
30 83
8 16
4 28
27 79
7 69
22 14
5 6
19 27
7 79
19 64
30 37
10 85
27 7
27 45
6 70
9 76
3 83
28 45
3 33
7 7
4 88
9 73
25 5
10 5
2 40
7 90
24 4
22 36
21 73
2 95
25 35
11 5
8 82
1 55
1 80
10 4
3 43
10 83
27 34
20 25
16 6
20 91
4 36
1 21
21 37
24 17
9 62
30 13
2 94
25 27
4 40
7 80
26 29
22 85
22 54
20 20
0 24
16 37
3 8
24 61
11 22
12 34
11 30
25 27
2 81
14 73
10 53
13 79
12 66
28 84
27 29
21 86
8 52
22 34
13 37
28 52
9 12
12 39
21 63
27 70
29 95
2 97
8 27
17 68
5 12
7 88
20 38
21 24
25 88
9 46
30 43
1 92
23 17
6 33
8 100
4 49
26 82
28 13
14 1
18 94
21 28
18 46
28 22
13 89
27 17
8 58
9 67
15 77
8 35
6 61
29 85
30 46
25 83
9 5
5 14
21 69
25 39
5 75
14 82
17 32
28 10
2 61
5 45
30 29
27 26
11 95
25 19
19 77
12 54
24 75
16 37
5 41
12 92
1 90
2 97
21 32
28 2
3 17
14 50
27 51
5 99
11 66
4 7
5 44
23 58
23 95
20 56
4 25
0 25
3 86
30 98
5 3
17 64
3 99
25 73
11 20
20 22
8 87
20 7
4 7
14 62
20 72
18 1
5 64
1 7
8 50
26 49
14 48
14 74
27 27
5 68
6 81
22 19
15 69
9 68
19 66
4 26
4 18
16 36
13 24
16 10
24 76
1 77
17 35
17 46
22 37
18 46
29 49
9 35
21 50
9 45
20 11
5 54
21 13
25 6
1 12
16 80
14 36
14 28
27 2
3 86
15 84
18 49
6 10
21 100
22 29
21 18
28 31
10 27
17 100
8 93
30 91
30 71
13 70
28 50
23 65
27 84
5 53
2 81
27 13
16 48
17 65
9 41
28 57
20 2
5 20
15 29
29 32
23 33
2 69
27 50
23 5
6 48
3 35
7 68
8 7
17 9
21 64
20 97
25 51
16 99
19 60
19 18
2 60
25 9
22 44
17 60
1 100
21 84
24 61
10 33
25 61
9 38
3 59
19 1
20 39
15 43
10 1
25 81
22 44
2 20
8 54
4 19
30 67
30 6
9 39
29 90
10 71
18 68
15 92
0 15
18 33
5 6
29 18
20 68
30 60
7 75
24 78
19 75
30 86
28 3
4 60
21 28
28 29
17 12
13 92
18 47
19 4
14 38
8 30
26 45
17 32
22 41
16 40
5 50
5 71
5 4
3 52
24 75
16 49
21 4
30 44
9 97
23 8
17 65
24 11
24 15
5 15
23 66
25 24
11 76
12 58
22 9
23 63
18 91
25 6
23 77
5 19
24 77
25 49
20 52
13 80
11 80
19 7
14 62
25 77
13 42
3 46
21 40
27 43
11 88
4 35
16 18
8 88
15 50
11 73
14 57
3 13
12 50
6 14
21 48
30 24
8 83
28 86
8 38
29 5
12 20
17 30
20 79
13 21
17 30
27 36
8 88
11 57
28 1
0 60
17 85
7 100
30 21
26 81
1 69
2 55
27 10
1 95
19 62
29 48
19 86
2 61
12 56
20 33
21 35
4 74
16 5
4 30
29 23
7 97
28 75
19 20
4 64
27 30
26 90
17 64
25 13
16 69
30 70
4 32
13 12
16 21
0 64
15 39
18 89
16 24
14 17
19 66
25 92
9 33
0 66
10 82
5 8
22 75
7 91
13 21
22 97
27 100
2 56
28 98
23 84
24 32
12 100
7 22
0 36
25 35
16 42
1 99
18 66
22 99
24 15
2 60
10 9
2 90
30 48
8 48
28 66
0 98
19 43
15 89
11 14
2 9
18 19
29 67
8 29
28 60
21 36
18 33
2 76
16 45
22 42
0 84
25 14
23 1
8 63
0 52
27 96
14 68
5 54
19 41
9 86
3 68
16 11
10 38
4 19
22 83
23 42
15 1
16 81
28 44
5 71
24 96
12 63
19 54
9 47
24 28
8 95
22 86
6 24
23 49
3 9
7 16
30 26
11 27
14 59
26 24
12 91
15 22
1 14
23 45
10 86
5 52
8 36
14 21
10 18
3 81
19 20
24 76
12 88
7 89
0 81
15 60
17 10
29 1
5 41
0 36
28 54
25 55
8 55
22 72
24 72
17 35
16 37
4 12
16 2
11 78
21 61
10 32
0 64
14 64
21 78
11 60
5 40
6 90
13 14
11 27
9 91
19 77
13 71
7 2
30 96
15 32
15 11
7 17
22 49
28 4
11 96
10 85
14 58
16 1
23 99
17 79
13 45
13 9
24 55
23 60
3 4
21 73
4 44
6 60
19 14
29 92
12 54
23 87
4 58
13 21
23 86
23 85
22 52
3 96
10 70
11 37
8 12
8 61
23 75
1 57
8 59
4 96
22 31
19 63
17 73
23 25
6 98
8 22
14 57
19 47
0 12
30 44
17 79
0 94
18 79
19 45
14 33
6 23
1 49
29 13
1 8
30 22
9 57
10 22
4 40
28 65
7 49
5 6
0 72
7 4
21 49
1 57
19 85
3 51
18 22
20 15
11 10
6 31
5 8
8 91
10 10
27 30
18 64
0 24
21 71
22 43
30 44
4 31
8 22
19 45
23 18
13 36
4 22
3 80
30 98
1 99
21 57
24 77
15 88
18 94
8 97
9 2
15 97
19 60
30 58
6 24
28 93
2 55
9 38
21 50
16 78
0 11
27 66
22 10
8 61
13 43
15 22
2 96
17 87
5 58
22 72
9 56
18 31
7 78
7 24
19 93
30 29
15 42
14 35
20 22
13 44
18 67
9 46
15 54
28 69
28 21
27 30
3 39
17 81
1 51
13 78
23 71
11 94
21 11
7 14
28 51
8 92
18 46
30 22
27 8
2 23
15 34
1 6
26 69
23 70
6 20
24 60
7 88
30 36
25 50
4 14
6 68
28 42
0 64
28 47
7 43
17 26
0 82
13 22
30 60
3 67
15 44
27 77
10 85
23 58
0 48
3 96
23 52
7 74
0 54
5 98
6 50
7 70
8 11
11 65
10 46
19 67
14 81
0 95
20 86
8 32
24 98
23 46
27 50
12 25
28 15
29 99
24 62
27 48
26 25
7 92
25 60
15 81
21 17
4 21
19 81
19 64
5 7
6 32
15 53
5 86
18 77
5 92
19 41
29 88
0 16
29 4
0 23
10 36
11 82
15 80
28 92
24 44
15 67
8 24
20 47
2 85
8 11
23 12
24 79
5 88
22 20
17 60
2 75
17 3
12 47
24 68
23 20
19 87
2 98
25 67
12 77
2 22
7 36
7 55
16 77
11 39
21 73
12 38
5 79
6 77
6 47
11 1
24 40
4 11
2 97
0 32
5 20
13 92
28 92
3 8
16 30
7 19
4 82
19 57
29 7
