100
25 17
18 71
11 28
16 64
5 59
19 100
5 85
4 72
27 81
10 21
23 5
6 96
22 52
6 56
9 1
21 94
4 61
14 88
0 16
19 11
19 39
15 25
4 50
26 24
5 74
21 7
9 59
10 100
5 13
5 66
23 32
12 13
18 58
14 10
9 3
19 90
6 6
13 31
19 33
15 45
11 89
9 83
1 86
16 75
8 38
5 8
12 58
5 32
0 86
22 87
17 33
20 72
13 34
30 32
20 8
28 78
25 92
21 2
30 85
18 84
11 45
2 85
14 54
15 43
15 44
0 24
13 66
12 34
12 21
6 7
12 28
27 26
10 38
6 96
7 96
0 14
0 75
22 62
12 77
2 53
6 72
6 75
13 50
3 64
0 70
9 32
4 96
22 80
17 86
19 87
25 97
18 70
24 26
9 67
3 71
24 43
1 58
25 4
10 72
5 94
29 42
9 26
23 99
11 13
16 42
13 41
26 76
29 88
24 60
28 62
18 74
7 15
15 79
13 80
20 90
19 87
9 9
25 3
18 11
12 44
2 54
30 17
18 26
10 9
14 27
20 69
11 33
23 37
19 26
21 91
18 12
18 78
24 9
20 97
24 38
24 62
1 94
14 31
18 75
1 71
13 21
17 96
18 32
18 65
17 61
26 57
5 32
29 38
15 38
6 28
8 57
14 49
6 69
14 48
24 24
27 12
2 23
29 4
3 24
4 42
24 4
18 64
1 72
17 75
2 56
17 8
0 88
13 95
18 21
20 47
13 86
8 27
17 50
21 95
0 70
0 67
14 19
25 63
23 93
3 25
5 11
5 84
24 15
10 62
27 15
22 30
8 23
25 39
21 79
25 41
4 22
25 71
8 70
29 42
30 72
26 18
3 94
22 70
19 79
0 89
19 44
1 76
3 39
7 41
19 53
3 54
7 40
22 13
7 76
29 58
14 42
26 29
14 72
1 76
24 63
28 27
0 54
9 61
10 41
5 73
5 36
9 33
17 3
10 86
22 82
1 17
14 49
21 18
22 66
18 67
7 56
17 37
2 44
24 60
16 69
9 64
23 45
24 14
29 33
25 4
3 13
30 48
16 10
0 80
23 44
20 96
29 23
24 27
29 64
19 49
27 21
5 17
21 73
26 4
0 9
18 21
24 59
23 2
9 26
8 90
1 70
14 90
21 62
4 2
21 59
10 99
11 98
8 86
23 12
20 62
18 97
16 75
18 41
14 30
20 6
6 27
11 49
28 14
9 35
29 89
7 12
17 20
13 24
13 90
25 49
6 35
5 46
30 19
1 10
15 48
12 66
23 91
25 88
4 62
0 100
27 59
19 74
9 87
1 36
11 48
10 87
23 67
23 2
9 35
23 72
2 19
8 38
30 52
28 13
15 70
16 20
7 27
21 65
14 97
30 13
20 65
17 88
13 6
24 5
10 15
21 2
30 13
2 60
22 73
25 12
8 68
10 85
15 87
18 51
5 15
27 1
11 7
12 99
4 18
11 19
2 20
29 91
6 32
22 28
3 55
22 95
0 78
22 45
18 25
16 72
23 26
2 35
26 81
24 7
12 63
24 27
8 95
14 98
18 73
6 55
12 95
21 40
12 62
29 29
23 44
25 71
25 43
0 57
30 79
16 3
14 58
22 69
21 87
23 59
25 69
4 86
1 57
17 39
10 71
23 59
2 87
25 4
29 27
4 46
11 3
6 49
8 53
24 31
22 82
15 57
15 1
5 97
29 51
18 52
30 5
7 11
22 14
17 68
28 94
23 36
12 65
8 89
13 76
18 29
3 19
13 51
10 54
9 31
4 13
4 17
18 11
24 19
25 81
9 63
4 9
17 39
13 22
25 55
16 34
11 17
21 65
14 31
27 49
24 83
8 78
27 75
28 87
30 54
17 91
5 63
20 73
26 45
16 80
26 26
7 98
7 82
4 96
4 84
28 47
7 54
27 60
27 85
9 51
6 25
26 73
20 79
10 75
11 53
30 37
27 17
12 26
5 48
27 60
1 76
9 96
29 21
21 46
17 95
16 19
3 43
0 85
17 7
8 48
5 48
25 51
18 42
22 82
6 98
15 81
15 81
1 53
24 3
27 9
28 33
24 75
7 15
29 9
1 85
5 15
25 1
7 17
19 92
23 38
23 18
14 25
25 47
8 7
23 23
9 22
30 44
28 69
29 30
8 31
23 79
0 77
2 51
25 88
20 100
0 41
13 34
22 35
20 54
26 16
30 78
8 59
6 75
9 71
9 11
19 55
28 27
21 5
22 92
0 6
2 88
30 98
8 7
2 38
8 19
18 37
23 99
7 86
17 69
7 44
8 4
10 47
17 33
15 12
18 16
6 2
25 73
3 42
13 15
16 33
24 71
8 51
15 35
5 41
20 43
11 62
2 45
11 65
21 87
17 99
6 27
6 21
24 59
10 35
14 74
2 44
25 28
10 33
8 72
8 40
26 27
17 82
14 42
13 9
13 71
25 32
3 80
1 3
3 18
20 57
0 97
5 47
7 82
21 14
22 12
8 25
1 86
10 7
13 95
19 59
9 73
14 83
19 51
7 100
15 86
8 93
26 43
23 2
12 10
0 66
24 46
2 44
11 84
30 35
10 15
6 52
1 82
1 46
6 4
29 29
11 77
15 89
26 18
27 35
1 10
23 18
19 72
20 82
20 91
6 99
20 23
17 48
22 78
23 26
10 69
20 83
3 89
22 12
12 14
2 35
25 3
18 28
25 59
22 36
12 98
7 90
15 44
11 69
19 15
6 97
9 44
27 11
27 57
2 6
4 39
1 91
12 72
20 62
21 42
8 14
2 49
0 49
24 77
20 36
16 7
3 37
25 90
13 56
0 78
23 71
1 3
26 41
2 22
6 27
21 100
14 38
23 8
4 28
1 53
30 36
15 81
24 86
6 53
20 53
13 39
5 97
23 49
12 8
10 65
1 70
13 46
9 71
26 72
29 28
28 47
11 37
28 3
16 3
11 11
12 64
26 32
14 50
20 80
16 34
22 71
7 99
28 28
20 41
19 11
26 69
6 43
21 78
0 7
0 27
3 98
26 33
26 16
17 88
5 75
3 98
1 99
5 52
18 74
4 1
27 22
16 60
9 20
23 21
26 100
11 94
21 63
23 8
17 28
0 54
29 73
8 21
16 48
3 66
9 83
20 13
8 95
29 31
30 20
29 42
11 77
10 72
28 37
22 73
12 3
9 87
13 27
9 33
23 17
12 10
9 67
20 26
21 84
30 11
2 17
17 59
19 3
30 28
16 6
2 56
25 97
3 78
1 57
26 37
2 70
29 39
21 48
22 95
23 18
4 77
6 2
28 78
4 41
19 76
14 66
26 37
24 25
9 88
23 49
19 97
4 18
19 55
19 23
26 37
7 78
17 70
15 64
12 45
14 48
0 33
8 91
12 53
2 16
23 3
6 89
30 58
9 15
27 51
13 5
2 82
10 64
10 63
3 3
13 82
26 12
17 6
16 10
2 94
26 62
16 93
12 71
4 44
22 45
13 58
28 8
13 62
10 51
10 34
5 65
8 83
21 92
25 16
18 26
15 84
16 53
24 66
20 72
19 50
25 44
21 62
28 50
23 44
21 35
13 98
6 11
7 43
23 58
19 24
20 29
10 69
18 15
28 1
0 78
5 8
12 86
24 17
12 43
30 81
3 70
11 38
28 44
24 70
22 55
18 61
25 5
5 97
3 56
16 63
8 31
5 30
19 38
28 64
0 61
27 78
18 78
19 49
12 33
29 99
14 80
14 76
11 19
21 94
22 75
19 84
24 86
2 3
18 32
1 36
20 4
5 66
25 38
14 84
22 59
16 72
5 35
9 40
1 7
22 42
11 9
22 12
11 87
5 36
4 5
21 31
30 3
3 41
2 19
7 12
7 34
22 19
7 17
27 94
26 52
8 19
29 65
15 79
8 85
16 99
26 53
3 20
15 100
11 82
27 89
10 80
1 62
2 97
14 58
11 43
3 85
2 25
30 57
27 19
27 1
24 78
12 20
6 95
4 60
1 84
0 60
6 48
4 97
7 24
2 50
0 36
7 87
20 72
29 43
25 86
26 44
9 66
29 89
7 38
15 57
11 55
30 13
14 54
12 98
22 80
3 50
7 8
20 78
22 77
1 96
26 56
14 52
6 80
14 49
11 10
7 48
5 40
24 89
4 100
16 13
27 99
6 25
20 7
4 28
13 93
9 74
10 90
30 45
11 18
8 97
17 93
1 30
24 56
19 28
28 89
22 79
5 55
22 35
6 89
1 27
0 43
3 44
15 88
18 62
29 69
8 16
11 73
0 66
12 30
8 2
28 45
9 79
11 41
2 67
23 10
23 65
28 68
5 10
24 76
4 18
21 91
23 98
24 38
19 1
30 12
11 50
21 100
11 94
28 31
22 18
26 36
10 89
14 98
15 25
20 59
21 67
5 38
26 95
12 100
8 64
27 74
14 16
22 70
3 88
2 78
28 46
29 91
22 44
2 11
30 40
0 21
5 18
26 84
22 54
12 40
1 72
1 76
14 44
12 58
4 39
6 18
15 47
17 59
28 46
22 78
1 9
0 11
27 10
18 91
11 24
15 40
3 95
3 25
15 20
3 32
18 19
18 10
22 49
7 96
17 57
0 90
23 24
25 38
16 19
19 60
2 81
2 69
7 31
6 78
21 19
9 96
24 66
28 81
10 11
1 12
1 16
17 73
26 73
11 38
21 28
15 46
23 73
19 83
18 13
23 18
13 25
11 42
18 24
23 64
17 63
2 88
3 81
15 98
21 27
21 72
16 43
18 22
19 3
15 59
24 18
22 7
5 18
4 87
29 27
15 71
9 34
23 53
26 52
22 25
27 25
1 45
1 91
12 57
28 65
27 26
6 77
17 34
14 30
11 73
20 55
13 62
28 19
25 8
30 38
4 34
24 56
30 6
30 88
25 96
14 9
29 56
18 45
17 23
1 81
30 73
12 53
30 86
26 15
13 82
30 89
11 13
2 81
27 45
21 10
11 34
20 98
23 88
23 91
28 24
29 54
13 95
14 21
16 29
6 45
20 92
28 81
9 35
21 38
23 66
17 51
4 87
1 1
23 16
21 74
13 11
0 35
16 50
14 40
22 20
25 36
19 59
25 35
0 58
2 61
17 19
12 77
8 57
5 56
7 79
0 31
3 100
4 22
10 48
18 84
27 36
9 21
20 70
18 66
17 16
28 60
2 84
25 20
22 64
0 28
25 63
2 91
29 35
25 95
14 74
4 50
4 21
15 74
22 4
6 43
29 63
5 91
3 95
21 77
18 8
12 99
15 22
12 92
30 95
3 64
7 29
21 64
4 20
26 65
7 44
9 98
5 67
21 49
25 79
6 59
16 7
22 14
14 74
2 95
4 89
7 30
0 65
9 8
24 80
18 99
22 39
29 39
6 72
14 86
23 27
3 75
16 57
24 32
26 55
30 2
3 13
29 11
2 90
2 56
6 61
23 89
26 51
9 97
22 12
29 90
9 28
29 29
25 14
6 69
21 87
28 38
23 43
23 27
22 46
3 6
9 94
17 82
20 52
25 98
27 53
5 99
17 87
26 42
5 50
20 92
22 15
5 63
5 82
13 20
24 79
0 14
12 74
27 77
21 55
26 6
11 85
13 10
27 30
5 1
10 43
9 37
13 53
6 64
29 59
8 91
15 45
6 23
18 21
15 15
30 46
23 48
19 44
20 2
14 41
18 14
5 63
4 10
6 29
27 92
18 90
15 42
5 61
8 83
28 66
18 41
11 82
15 20
0 4
13 23
0 96
24 53
24 39
26 50
18 21
5 50
7 53
20 30
10 97
27 81
29 58
22 72
19 37
5 11
18 58
17 57
27 41
25 36
15 41
30 44
7 53
4 16
8 75
27 74
28 100
17 89
20 5
26 90
18 40
25 60
6 69
17 46
25 62
28 2
18 26
5 94
11 98
5 35
14 24
9 95
7 26
7 62
8 17
25 20
17 34
2 71
13 55
25 70
22 41
22 66
15 87
7 16
9 58
23 96
8 46
28 3
28 42
19 25
15 50
2 96
6 21
26 11
20 49
9 80
15 24
26 21
17 93
17 88
11 67
28 47
1 76
20 18
8 66
12 88
25 84
1 82
21 10
29 57
13 65
15 19
2 99
3 90
9 91
28 21
10 42
26 1
9 50
21 98
16 91
2 99
25 58
8 69
5 28
3 54
30 36
25 12
9 89
4 99
13 11
14 38
18 67
15 45
19 48
17 46
25 49
21 17
28 7
2 34
5 44
11 23
23 54
0 8
1 69
19 79
23 96
20 61
25 93
30 3
28 10
8 32
10 75
21 18
30 30
29 28
0 67
30 72
28 91
15 83
30 86
1 10
26 43
10 21
18 7
10 66
17 84
0 71
28 46
8 89
19 95
14 40
1 82
28 20
19 55
1 82
5 38
2 7
14 48
30 79
30 9
22 18
0 8
3 14
30 38
14 99
5 11
5 48
23 93
13 57
3 53
15 6
16 33
12 76
5 15
29 13
3 89
13 74
28 50
6 4
16 1
24 81
27 89
15 1
22 83
14 13
19 7
17 19
2 13
13 46
17 65
0 69
4 33
5 47
26 3
4 42
20 20
2 71
21 46
20 92
14 31
24 58
26 33
0 21
4 1
16 56
5 73
18 93
15 29
30 43
22 50
30 5
8 17
8 34
7 60
27 75
20 72
13 20
20 75
14 33
28 86
14 90
25 86
4 59
3 18
0 46
11 52
17 36
0 53
9 65
16 15
21 17
15 5
6 49
28 32
14 44
3 95
8 69
16 36
0 22
6 40
30 84
5 50
10 25
4 27
19 60
1 46
10 99
16 91
3 22
1 74
30 75
2 70
4 32
21 28
15 77
27 14
2 63
4 27
13 66
5 70
22 10
19 3
19 32
22 71
16 38
10 23
10 18
22 1
6 66
9 89
23 59
30 3
26 14
25 40
27 78
8 3
3 12
4 9
3 1
19 89
24 46
7 59
16 24
19 5
5 73
22 80
22 74
1 13
24 64
9 80
17 65
19 28
14 39
14 91
5 21
26 35
2 91
9 26
12 20
13 67
13 5
9 70
18 56
12 67
16 92
20 41
1 86
28 38
7 76
0 79
21 25
2 97
24 23
2 91
11 69
11 96
24 84
22 100
13 65
12 93
27 64
4 30
16 80
17 91
0 80
0 74
10 10
30 2
8 9
10 94
9 3
29 24
17 79
15 88
0 28
18 29
11 36
9 55
18 24
16 90
24 39
11 80
21 37
22 7
22 85
1 55
18 58
1 95
17 81
23 81
17 21
26 10
12 32
23 96
22 7
4 41
6 12
19 55
19 40
9 63
25 20
26 45
2 95
11 22
22 79
29 74
5 25
6 93
3 41
21 48
9 52
27 39
0 32
30 5
10 8
20 46
4 43
23 17
22 90
22 59
20 59
21 35
27 97
22 7
6 5
25 82
11 23
22 20
26 25
18 54
16 41
5 14
10 16
0 8
5 90
8 74
25 4
30 42
6 45
5 77
8 95
6 82
24 60
0 96
8 24
19 70
21 15
26 91
12 59
10 73
30 5
12 56
26 55
26 71
8 32
15 55
14 96
21 51
28 14
18 66
7 63
3 43
30 95
10 67
5 41
1 27
30 38
13 97
1 2
12 46
19 18
28 54
16 91
23 93
11 52
28 86
4 51
23 18
0 100
0 83
13 73
11 26
5 71
11 99
20 27
11 21
7 43
21 25
27 43
16 53
30 45
28 41
7 14
12 89
25 36
24 27
5 69
24 75
22 13
25 49
13 72
26 34
16 15
23 65
2 4
0 8
22 70
7 68
28 3
27 82
11 75
30 93
20 73
6 87
6 42
7 77
23 13
17 66
23 99
17 73
7 5
26 34
8 6
20 12
30 66
6 28
30 61
18 21
28 2
3 97
16 44
20 85
0 23
15 35
22 54
30 35
6 26
21 88
12 33
7 55
4 50
0 87
21 69
7 39
29 57
17 18
30 89
21 21
29 51
1 66
19 62
11 34
19 26
15 24
28 88
16 97
20 70
25 33
28 46
20 79
28 23
3 79
12 65
18 76
12 81
8 68
20 12
11 8
30 68
0 46
19 88
1 85
29 67
0 65
4 3
3 2
28 50
16 90
30 93
23 20
11 17
26 70
18 60
28 88
30 3
1 50
5 64
11 89
27 75
14 45
15 51
11 63
27 2
2 7
1 88
23 55
3 6
9 22
24 7
26 58
13 78
25 58
16 20
21 89
28 2
12 32
22 52
8 46
4 9
25 67
25 21
22 71
22 59
20 36
12 17
23 95
0 77
14 40
20 68
5 85
10 28
7 44
16 35
29 10
21 37
9 98
9 24
16 3
4 78
15 23
27 9
6 9
6 22
7 16
8 80
8 95
11 88
12 26
2 95
2 53
0 77
2 72
2 41
15 3
1 15
30 62
22 38
20 69
4 85
24 3
23 46
26 11
19 58
1 68
27 87
3 60
13 35
8 22
9 27
2 3
4 28
19 3
13 49
3 60
27 72
22 60
23 48
16 96
11 47
9 71
29 96
7 15
23 52
3 34
26 56
10 1
11 88
27 77
28 10
17 50
10 81
12 55
9 81
29 2
12 81
28 30
9 96
29 36
20 41
5 53
4 42
18 13
22 87
13 62
28 35
6 78
11 49
29 14
16 22
7 66
10 39
27 68
20 37
8 1
30 53
30 94
9 63
27 81
26 92
17 70
28 5
13 11
4 56
30 64
30 25
7 70
2 81
10 90
23 2
4 44
28 55
18 52
1 43
5 53
28 92
30 89
21 10
27 9
28 63
12 63
20 40
16 1
12 22
15 72
3 52
15 64
20 70
26 41
23 18
2 41
3 91
25 84
18 82
18 41
0 17
12 71
10 89
22 40
2 57
17 37
9 18
6 32
18 21
23 37
18 37
6 54
0 78
29 39
10 25
15 100
30 65
16 59
24 8
8 36
10 90
15 31
16 83
21 71
19 54
24 61
9 79
23 97
2 39
23 60
20 2
16 58
16 78
14 16
0 39
9 52
14 48
7 7
15 49
12 94
1 26
20 78
1 99
21 16
26 15
25 38
10 39
23 85
20 22
30 84
20 60
1 98
1 100
23 14
0 7
26 25
5 74
27 40
5 69
14 41
29 41
10 15
1 2
29 91
23 91
30 82
30 72
23 78
28 29
18 19
2 25
1 71
27 58
2 64
4 21
7 83
28 72
23 61
17 40
0 54
9 12
5 34
23 100
21 30
6 30
0 9
15 32
8 92
5 59
29 56
15 10
20 2
6 87
25 32
16 87
30 43
28 24
19 8
5 17
18 7
16 64
4 12
21 23
8 39
0 38
2 38
2 18
21 34
11 65
4 53
24 16
17 15
9 28
13 71
26 65
17 75
8 77
2 76
9 81
2 14
10 9
14 16
7 54
14 57
18 38
4 6
8 12
8 67
5 30
15 53
5 61
14 83
4 15
25 18
19 85
14 93
29 95
15 21
14 65
9 92
28 65
15 12
17 50
15 40
15 42
26 38
13 71
16 49
19 50
28 46
16 25
29 84
25 7
2 43
1 94
24 77
15 71
28 82
12 5
11 48
4 81
15 56
19 50
7 53
6 29
11 84
24 21
27 53
5 33
26 63
11 9
10 14
24 83
20 64
25 43
24 90
14 35
13 22
5 65
27 81
7 97
1 50
22 68
27 46
20 95
10 19
28 7
12 50
14 32
10 34
4 67
8 51
7 93
17 47
25 38
27 83
30 76
3 12
20 93
27 80
12 62
24 33
20 42
30 17
17 20
25 94
12 44
16 33
21 89
16 81
27 58
16 5
28 77
14 98
10 35
20 45
13 99
16 46
19 92
10 24
30 17
0 3
3 16
20 97
20 10
13 65
18 45
21 50
27 8
26 15
0 83
21 42
24 37
3 84
6 91
11 41
30 48
0 82
2 44
20 79
13 46
12 80
15 18
18 12
10 19
25 76
16 49
26 77
8 8
8 62
16 10
2 93
21 23
7 76
5 63
23 96
7 27
15 35
24 68
27 54
29 54
19 96
0 91
7 69
25 1
24 30
24 15
18 100
12 53
27 51
9 30
4 54
13 5
13 97
11 56
7 90
15 94
19 21
9 93
3 70
2 34
26 81
19 74
29 24
9 14
28 57
0 55
6 42
29 79
28 51
12 64
24 80
19 47
15 44
8 59
6 51
16 19
25 92
16 67
18 75
28 34
6 50
15 78
21 100
15 84
13 72
20 74
12 37
8 81
11 11
4 7
28 52
7 94
29 65
22 52
23 30
7 43
11 45
19 41
4 62
2 23
5 23
5 33
11 18
24 15
11 91
21 64
10 60
12 24
2 78
19 34
14 27
25 44
11 59
23 55
15 7
4 17
29 75
2 50
13 18
13 59
10 81
22 87
0 55
29 37
30 85
28 18
10 1
16 99
16 35
22 37
15 74
3 24
26 6
21 44
14 10
25 97
28 55
27 57
16 64
18 37
9 12
0 39
16 10
18 91
7 12
8 21
24 19
7 39
25 73
26 81
14 35
4 44
10 68
30 71
25 67
9 16
0 80
5 51
29 33
29 27
1 2
14 76
9 80
10 39
29 75
28 94
22 44
22 90
17 64
22 19
28 93
15 53
17 14
18 61
25 79
4 89
3 89
21 74
26 28
17 64
28 36
15 84
3 52
29 82
22 17
16 47
14 73
6 24
9 32
14 95
26 47
24 54
11 27
20 53
11 27
7 37
20 89
0 2
8 1
27 71
3 7
7 95
20 59
8 98
18 75
29 51
8 21
2 38
4 74
5 54
23 35
25 43
15 95
24 28
13 5
1 73
16 28
21 72
27 40
19 41
13 97
4 6
3 26
9 1
5 8
21 27
24 29
8 91
13 66
13 71
22 97
2 70
0 28
3 33
25 44
9 49
6 91
12 94
17 48
23 9
2 37
30 38
5 100
7 46
24 33
9 28
23 70
17 97
2 100
23 41
26 29
0 61
26 34
10 61
23 89
1 76
16 58
5 82
5 90
4 29
3 44
8 77
8 47
17 94
1 40
25 7
25 57
24 7
30 46
22 15
12 19
9 98
25 22
28 88
4 27
10 91
9 4
8 90
4 38
30 34
3 38
2 1
13 68
10 53
1 35
10 16
19 79
8 37
23 42
16 83
5 82
15 14
22 33
18 59
1 41
8 2
20 35
3 83
23 55
9 96
17 40
22 38
26 31
23 28
16 17
20 82
27 84
19 94
28 33
14 41
22 58
9 95
17 25
15 9
7 82
11 67
29 27
18 94
15 98
1 77
6 53
20 81
12 87
15 3
24 28
19 71
25 42
4 78
8 100
15 34
12 10
18 53
2 34
14 40
12 84
20 35
2 14
0 17
20 55
6 48
23 22
5 32
15 28
2 32
28 61
22 63
22 72
22 56
3 70
26 56
17 34
21 29
18 11
24 94
6 81
3 56
17 90
3 59
14 100
29 32
14 88
25 80
2 95
6 29
13 12
24 39
22 62
11 29
29 46
0 98
25 33
5 59
15 8
26 72
25 6
11 55
28 55
23 13
1 78
4 4
1 49
21 59
9 60
25 67
8 36
30 16
24 39
20 30
22 35
5 65
10 43
24 37
9 73
9 65
1 41
0 37
13 67
8 36
21 35
30 75
5 50
27 92
25 52
21 34
13 66
28 14
10 54
21 98
6 43
16 82
28 77
1 8
20 65
12 96
20 32
26 55
2 99
5 14
11 48
20 7
7 25
9 33
1 84
21 78
3 37
13 50
7 47
8 100
21 55
25 28
22 99
13 66
3 35
17 99
20 6
13 24
27 2
29 67
9 75
5 31
6 94
24 21
30 80
19 72
26 86
17 76
15 60
8 53
0 31
14 15
20 60
23 13
14 30
12 12
3 95
10 72
15 8
14 96
2 79
23 99
19 93
21 30
1 87
4 69
2 36
27 67
19 49
20 18
20 21
14 47
28 82
29 80
8 8
27 5
5 27
14 100
21 1
21 22
29 11
13 79
24 74
9 71
17 55
16 64
6 67
11 68
19 36
1 54
29 92
11 95
14 10
24 41
27 51
29 100
15 22
12 43
26 45
17 10
9 87
0 16
17 78
13 42
16 39
22 8
30 71
22 44
4 3
18 29
23 40
15 19
25 28
1 97
16 9
3 48
4 78
16 63
7 51
23 90
8 50
30 60
22 45
1 89
6 31
8 42
20 100
5 61
12 15
20 72
13 98
16 29
2 61
6 39
20 18
7 2
24 78
8 26
8 90
18 81
9 52
21 61
27 2
28 49
13 72
30 89
23 85
30 11
5 44
9 35
3 89
9 58
19 1
1 20
22 79
25 84
18 86
17 1
9 18
1 19
18 46
21 33
18 60
4 80
24 8
18 60
8 60
0 32
18 74
14 54
19 21
30 17
23 34
18 66
3 98
18 24
4 25
13 41
4 10
18 78
17 87
14 82
9 63
3 94
27 72
3 13
22 50
17 70
16 66
23 8
2 65
3 1
25 42
5 8
22 63
18 68
8 57
13 48
28 61
28 76
26 64
19 3
18 94
15 81
7 64
17 91
14 46
15 70
3 5
22 44
22 27
4 88
30 82
3 38
4 76
11 5
17 3
19 83
11 12
5 15
21 65
29 70
12 19
1 94
7 53
6 54
16 38
28 69
14 28
30 15
29 25
22 74
6 30
16 54
7 33
14 46
27 55
9 71
18 49
18 5
27 84
18 79
8 69
21 64
2 96
4 47
12 14
14 63
30 81
3 27
15 12
3 42
3 91
21 41
25 43
14 40
15 4
26 41
11 9
3 10
15 22
8 30
1 55
20 40
17 35
15 59
21 58
22 58
26 37
22 76
20 46
23 64
19 85
12 100
4 31
22 61
2 43
7 79
19 65
18 20
22 39
28 65
19 30
28 65
12 56
8 31
17 18
0 96
1 27
11 63
1 51
9 2
12 90
20 62
29 75
9 40
5 48
24 70
17 83
12 8
2 6
21 8
7 76
4 66
6 20
3 34
11 21
1 28
6 94
12 65
10 57
24 57
26 49
4 69
1 17
5 50
12 4
12 90
21 63
5 74
12 87
0 75
9 20
7 28
27 96
19 86
0 65
27 78
27 94
13 37
23 24
6 19
0 52
5 12
23 7
20 74
29 38
17 13
1 36
17 75
15 82
7 59
8 35
2 99
22 89
10 13
16 2
12 100
19 27
5 56
3 85
1 75
7 11
13 60
10 60
15 80
18 66
29 75
21 18
11 4
13 46
2 23
1 76
6 54
16 45
26 16
10 5
8 5
29 43
25 98
29 66
24 98
17 23
2 71
8 11
20 54
22 8
28 1
3 8
9 32
10 79
18 94
1 98
25 82
26 63
22 15
0 37
15 41
20 45
19 38
2 48
25 76
17 81
23 95
27 41
16 11
19 56
27 1
29 8
8 33
18 31
17 47
27 88
15 9
30 11
19 14
16 84
30 38
22 16
19 64
16 4
10 58
0 18
30 59
17 66
30 46
23 78
17 52
21 58
23 20
5 60
27 67
28 88
21 92
3 45
25 64
10 88
21 73
21 52
17 12
6 14
22 14
16 13
28 77
17 44
9 61
2 15
24 32
28 38
4 76
8 83
16 69
26 93
21 29
16 50
13 61
8 60
4 30
3 65
7 26
5 34
5 97
14 59
0 94
4 25
14 56
10 88
26 27
26 57
15 97
17 50
9 15
8 2
26 29
15 44
13 96
17 88
16 25
25 70
12 91
22 19
28 37
3 19
30 31
29 71
24 70
10 40
2 68
13 26
17 59
28 18
16 92
13 96
11 63
2 56
8 64
29 64
9 2
27 70
3 33
23 65
17 25
4 80
11 3
14 20
4 58
25 62
3 35
0 44
13 54
15 51
1 79
13 18
22 34
21 61
1 20
22 35
20 35
7 83
24 53
23 5
6 49
23 53
10 17
26 32
0 2
14 56
17 5
20 13
30 40
6 88
9 57
21 51
6 20
15 96
8 56
20 47
30 60
18 61
15 60
6 91
30 34
10 71
3 43
6 46
12 82
4 93
9 73
28 25
22 3
15 89
9 97
28 51
25 2
20 3
4 30
19 27
3 26
0 54
9 63
3 79
27 28
28 21
11 75
18 38
24 36
6 64
8 52
11 54
15 46
6 2
21 50
2 92
18 93
9 83
5 68
19 27
22 50
15 50
8 56
24 34
19 96
29 87
4 63
15 85
0 60
24 76
23 1
9 38
2 38
28 38
15 73
8 99
16 37
8 71
19 32
20 16
21 77
16 53
1 18
18 15
13 18
0 41
22 17
21 43
21 10
16 65
27 78
14 51
0 22
11 66
1 51
26 92
24 15
5 7
6 12
2 54
22 42
2 37
14 78
13 37
23 76
21 10
6 4
3 22
16 32
8 25
15 7
24 73
15 12
12 75
16 23
20 88
8 51
30 65
15 64
27 62
12 40
11 52
14 11
8 55
22 9
12 99
21 57
2 9
18 35
17 13
4 36
23 88
12 90
18 25
18 37
3 58
23 61
0 70
11 73
13 42
18 88
23 97
3 15
28 82
16 1
10 75
11 31
5 25
9 73
9 70
16 21
16 21
8 64
18 1
19 81
23 95
20 92
23 58
14 20
11 33
7 100
6 75
3 45
28 2
15 58
30 19
2 62
22 50
18 3
23 62
21 50
7 76
23 37
7 19
11 45
5 40
0 15
17 97
4 35
14 71
11 91
8 95
6 87
16 21
8 44
16 62
21 33
22 62
26 90
11 95
0 63
20 96
6 12
10 55
0 95
7 4
30 72
28 80
1 48
0 85
11 82
21 11
10 98
0 42
22 6
5 30
1 49
27 24
2 47
6 58
0 22
15 58
0 80
24 46
10 47
17 28
29 54
28 15
9 60
19 100
9 3
26 54
26 36
0 70
20 5
29 84
29 31
16 62
22 33
12 74
18 38
4 51
12 7
13 23
4 63
5 84
9 22
15 73
30 55
2 25
16 48
30 8
10 1
30 10
27 2
3 39
16 26
21 61
25 82
0 79
0 38
14 92
20 75
4 16
15 36
6 53
3 79
6 67
22 72
24 76
12 94
27 14
2 71
14 49
0 12
18 53
15 25
17 6
2 87
10 81
23 61
24 71
16 14
30 73
20 97
21 61
21 80
26 20
20 80
7 37
1 94
12 84
18 12
1 9
8 92
28 5
5 37
2 60
21 18
6 40
8 12
28 64
4 19
25 88
6 39
21 85
24 72
14 16
22 65
28 26
24 85
7 71
15 10
20 32
10 64
26 11
28 12
5 49
29 93
13 57
20 19
29 59
3 42
8 40
11 39
23 99
20 43
13 83
19 94
1 79
23 89
28 51
22 14
22 69
1 55
26 57
9 13
26 24
25 79
6 45
5 2
2 20
11 32
11 12
12 79
11 28
23 39
16 87
23 13
7 43
5 36
17 80
28 20
20 22
10 85
20 65
20 63
21 32
24 13
3 73
4 44
18 35
20 18
29 74
16 28
23 54
2 51
23 9
29 19
27 54
26 72
24 89
6 12
18 32
28 87
29 85
1 1
9 51
9 66
28 40
15 78
5 25
9 58
4 6
3 89
20 34
15 66
18 16
18 24
26 76
23 50
10 40
19 45
28 21
18 85
5 8
1 91
18 70
26 34
17 60
29 74
14 14
8 79
12 98
29 29
19 10
26 8
18 15
12 93
11 75
14 61
23 3
11 39
16 89
8 5
15 61
11 21
29 81
3 31
27 80
30 40
7 70
5 87
3 81
20 3
9 71
3 58
27 54
5 9
7 89
11 98
29 59
7 44
17 80
29 86
20 85
27 1
15 57
13 20
13 82
18 98
17 42
5 39
18 7
1 5
14 6
7 74
17 48
20 11
18 35
12 2
13 13
20 50
21 78
28 72
20 36
10 67
26 26
29 25
9 79
2 49
23 75
24 94
5 90
8 62
21 13
30 39
0 82
4 43
24 26
23 74
27 23
27 48
21 18
18 81
4 93
8 6
10 83
24 54
20 91
8 4
20 17
15 39
17 90
22 94
17 41
6 72
6 49
20 21
22 37
10 89
23 74
25 86
26 73
22 12
11 44
24 76
13 74
18 30
20 25
14 53
7 37
9 33
16 89
5 76
22 95
2 12
7 9
12 41
25 80
3 50
1 6
20 54
15 72
13 8
27 47
2 27
30 12
16 79
0 11
13 75
21 15
27 94
29 5
26 74
20 70
21 35
17 59
8 89
15 39
0 64
9 67
13 99
29 42
3 53
1 48
18 62
12 46
29 3
20 76
11 6
23 36
28 74
25 58
3 79
1 38
15 14
23 35
26 78
19 16
7 70
6 44
24 89
15 7
11 14
15 71
19 74
10 52
22 71
18 11
16 12
13 79
5 2
23 20
10 24
0 87
15 16
17 44
26 65
24 50
13 61
22 64
25 51
1 98
30 93
10 90
5 64
22 9
7 41
25 29
5 38
16 65
27 55
15 40
0 98
0 49
4 70
10 98
3 28
27 57
7 15
14 78
29 41
23 32
25 33
21 65
26 39
13 53
7 80
30 30
29 95
27 42
27 71
1 39
1 100
23 17
7 78
14 44
6 27
29 23
30 60
6 82
4 51
17 27
19 41
0 45
23 99
26 100
23 71
4 42
13 88
12 76
16 83
5 80
0 59
25 58
26 100
23 50
28 76
20 84
7 30
4 87
10 11
28 43
28 38
15 56
3 49
20 51
3 50
12 1
14 97
9 54
19 100
10 98
22 2
16 98
21 15
26 32
5 96
10 96
7 76
30 32
7 62
19 17
23 97
14 60
27 47
22 80
19 97
28 55
26 73
28 41
17 60
19 56
20 75
23 52
11 52
3 76
24 88
6 31
11 34
5 83
29 40
26 93
4 93
13 38
16 62
11 8
23 85
22 65
8 5
29 72
11 68
24 20
11 42
16 26
21 94
6 39
6 97
18 31
1 50
15 95
21 73
10 60
24 14
15 43
10 54
25 40
23 31
28 53
27 97
1 92
3 23
19 72
14 48
18 96
19 77
14 22
8 88
3 87
8 72
26 78
3 59
17 82
15 40
19 22
19 98
29 66
29 56
23 93
8 94
8 58
27 86
0 52
29 2
12 59
12 65
4 84
28 81
8 11
4 46
12 58
16 42
20 2
30 42
16 24
21 25
11 69
21 10
8 50
5 4
3 18
17 25
28 33
21 92
14 33
22 80
20 42
11 9
5 65
16 25
21 30
29 99
16 91
27 4
30 61
20 66
20 3
6 87
3 37
2 91
8 12
20 94
2 9
1 41
14 21
19 9
13 82
20 17
29 90
5 45
23 45
10 60
23 53
20 56
22 37
27 71
23 82
29 93
30 58
16 9
24 53
21 48
24 41
28 34
0 59
13 24
30 75
3 33
7 5
21 79
13 88
16 47
25 48
16 47
2 8
17 76
13 9
24 55
15 80
30 12
20 51
16 1
25 43
9 38
24 86
2 66
0 35
2 34
9 23
6 53
26 41
8 36
6 97
22 1
16 81
9 65
10 46
27 39
9 66
1 27
11 39
10 10
5 68
7 84
30 93
1 69
0 54
0 12
28 86
19 7
17 43
26 37
17 16
24 18
12 47
21 5
22 23
11 86
18 69
20 56
25 94
24 53
25 16
6 97
7 30
12 26
2 35
16 67
27 45
9 79
30 66
28 77
14 76
7 25
30 85
1 50
1 72
9 30
25 9
30 3
11 22
12 13
30 63
2 22
4 43
23 75
10 64
16 48
24 25
22 1
7 48
9 69
25 77
16 96
20 98
19 77
8 45
26 33
10 53
28 50
19 76
20 31
28 31
22 51
27 84
20 99
8 48
17 6
20 60
16 82
29 38
3 54
4 8
29 44
24 53
18 36
22 27
0 5
2 69
18 98
24 15
8 8
27 56
6 73
17 47
19 22
30 18
25 36
18 69
16 95
25 42
29 11
5 45
3 56
10 71
26 45
23 29
19 30
15 69
23 12
1 5
18 27
22 2
12 41
8 76
24 14
6 87
29 81
2 85
29 23
9 62
24 36
15 98
18 82
10 38
20 17
0 49
8 55
29 74
26 94
1 92
24 75
8 74
27 32
0 1
23 85
27 73
19 96
19 70
14 41
28 43
1 12
4 94
22 56
0 6
14 40
23 99
26 31
12 59
14 89
13 30
21 54
25 96
12 46
28 62
9 72
10 55
3 85
20 20
3 10
15 1
25 55
12 57
16 67
28 81
28 11
0 15
6 89
30 43
26 72
10 77
29 13
5 42
4 85
0 18
28 16
19 34
0 81
24 83
29 68
5 26
29 54
20 24
7 92
19 16
22 15
7 96
0 73
24 77
15 39
9 95
2 34
0 29
23 84
23 17
21 32
25 58
5 36
9 28
8 41
24 46
16 97
26 37
1 33
15 29
27 42
14 30
8 30
23 39
26 25
8 74
6 70
28 74
5 88
1 29
29 77
30 32
15 16
26 70
28 85
15 88
1 78
8 44
5 89
15 42
13 25
5 11
19 24
7 10
8 22
6 47
6 99
18 77
30 70
1 54
19 68
29 49
9 52
12 27
3 41
9 14
10 38
15 48
5 63
0 26
6 54
20 46
26 34
1 2
6 83
15 96
3 37
18 90
3 29
27 74
22 86
5 19
15 5
5 27
7 40
11 63
4 81
11 91
16 59
12 48
21 26
29 18
0 49
21 45
15 62
26 78
24 75
3 98
14 96
27 38
29 81
6 3
6 37
1 60
7 8
13 78
22 30
17 24
20 74
29 49
22 88
11 61
18 68
12 46
6 33
11 97
4 51
12 70
9 27
19 73
8 28
8 32
17 88
15 82
18 4
15 64
4 2
15 66
6 32
17 55
23 30
4 94
15 38
3 3
23 78
9 35
17 86
23 81
24 24
20 77
8 2
2 97
14 38
26 5
24 82
26 25
16 92
14 49
6 41
24 17
2 45
5 24
30 33
11 8
20 2
28 50
27 51
11 2
11 62
25 78
14 51
5 14
14 41
18 33
9 67
30 85
13 20
15 42
13 24
9 25
29 73
18 99
16 92
9 52
16 74
24 6
29 72
29 68
25 75
23 77
10 29
18 1
26 86
24 38
3 37
28 10
17 16
24 50
20 39
14 2
20 19
5 2
8 33
4 27
11 50
14 20
20 32
21 45
13 55
0 91
8 55
17 95
20 40
8 72
15 75
30 16
3 38
29 52
26 26
27 45
9 70
18 27
14 64
15 37
25 92
25 57
6 79
18 68
3 65
27 72
14 50
3 19
2 49
11 45
9 2
27 26
1 53
21 93
0 70
20 28
16 7
23 30
25 29
13 96
23 65
13 81
2 71
25 61
18 58
9 30
16 7
6 21
10 46
14 83
18 79
25 7
5 46
28 7
11 60
4 85
8 23
24 14
5 81
7 17
27 63
9 7
25 41
18 75
11 20
23 92
30 64
7 71
0 28
1 78
9 51
20 74
16 90
6 55
24 99
28 96
0 75
20 28
8 100
5 23
20 100
16 20
3 96
19 32
17 45
8 87
25 72
6 42
11 68
8 64
0 99
8 38
19 79
20 64
19 3
18 90
30 45
21 63
7 59
9 91
28 49
10 1
4 59
4 64
6 72
21 39
26 65
3 12
4 16
0 92
15 61
22 79
30 62
11 96
4 48
12 70
29 2
9 79
1 99
18 19
24 51
27 38
4 6
1 24
21 2
1 47
23 25
30 51
29 96
16 47
1 81
25 39
10 87
25 86
28 28
25 98
2 65
16 98
2 5
28 49
0 45
19 2
21 92
17 69
22 3
8 3
1 79
11 18
28 95
8 8
9 26
13 69
21 81
5 63
11 78
16 73
12 88
0 37
18 50
7 61
6 58
10 80
2 37
1 65
25 51
4 81
26 64
12 72
14 59
1 19
5 12
9 5
9 52
26 17
15 64
15 22
26 48
11 47
26 32
23 87
2 3
7 56
20 79
4 89
8 15
14 82
9 54
27 1
15 95
27 37
14 67
16 9
14 99
12 61
8 7
19 35
0 43
2 16
11 7
11 81
29 48
19 74
12 55
1 78
23 65
6 25
22 89
26 13
23 52
11 95
0 71
3 80
30 44
19 51
19 39
15 32
22 91
3 23
11 62
19 92
24 49
11 81
12 64
11 71
19 95
24 63
23 78
2 99
0 24
9 79
8 57
21 65
18 51
23 30
19 21
9 14
22 13
27 52
14 26
20 62
27 17
16 100
21 49
3 89
0 60
27 24
12 11
15 100
13 63
6 45
15 10
27 42
22 82
2 46
26 48
26 25
22 50
26 34
4 72
27 24
7 54
25 30
24 39
10 14
3 26
16 42
21 59
18 49
29 86
28 52
18 97
27 82
12 47
27 46
17 58
11 61
27 15
3 56
15 45
7 7
17 9
25 100
10 90
2 100
26 76
7 6
1 80
14 48
20 62
27 9
21 87
7 21
6 43
20 59
19 50
22 36
19 96
28 44
23 36
21 58
18 83
2 74
14 20
17 83
3 71
23 95
15 75
9 57
26 63
15 7
2 22
18 4
1 2
1 8
7 55
28 88
18 22
11 16
1 49
29 9
13 57
5 49
12 44
14 8
24 37
11 97
26 6
21 9
21 30
14 57
14 86
8 31
4 99
23 94
11 8
9 24
17 11
14 72
3 80
7 99
17 84
3 46
30 28
20 35
13 8
26 7
11 20
26 32
11 93
13 31
13 46
4 43
22 68
11 52
26 73
16 4
23 14
30 85
17 93
0 20
10 16
29 53
30 67
14 44
14 33
1 66
0 22
15 11
25 19
3 14
21 92
11 17
5 87
24 20
18 95
14 100
1 30
1 75
11 14
25 8
19 61
6 23
4 81
1 77
9 35
4 49
22 57
14 82
26 6
5 77
12 86
14 14
5 91
28 60
9 90
30 41
29 56
23 81
5 74
25 65
23 58
20 30
8 37
2 26
22 24
9 56
14 34
1 28
26 57
21 67
29 18
16 33
18 93
26 61
10 9
2 50
15 1
10 62
13 22
15 95
24 42
8 42
27 100
23 77
30 68
12 76
27 70
7 13
26 20
3 49
6 80
24 54
12 51
7 60
24 31
28 58
18 35
27 55
2 80
5 28
23 93
18 60
5 93
23 97
25 75
17 37
22 66
20 30
15 16
14 57
14 66
27 27
13 61
26 47
5 50
2 53
28 97
27 85
26 3
13 75
17 65
29 69
19 25
8 74
7 96
11 1
26 63
22 34
15 24
2 26
2 60
28 43
23 28
20 86
11 22
29 61
3 27
20 75
12 84
13 66
24 78
7 79
26 54
27 64
12 13
8 96
5 46
26 91
17 36
17 17
8 69
6 4
17 81
19 27
25 83
21 60
13 24
10 44
5 81
16 37
11 75
22 80
9 53
21 68
2 63
30 3
4 72
2 73
28 94
25 89
1 22
24 42
9 41
14 11
28 77
14 43
18 93
24 55
11 66
29 74
8 42
18 6
8 85
30 23
3 27
4 68
21 90
0 86
0 75
17 30
24 65
28 42
7 93
21 88
27 27
28 16
14 36
13 27
1 63
2 5
1 49
18 27
23 8
10 26
17 15
10 4
21 16
6 26
22 36
23 85
29 46
30 90
23 15
22 17
15 6
28 48
12 50
16 59
5 40
18 12
8 87
4 89
17 51
8 13
3 23
2 74
28 52
3 33
10 1
2 5
9 62
24 3
24 58
16 10
9 78
0 48
2 41
28 44
3 68
8 15
1 30
27 29
2 100
12 58
27 1
16 79
22 50
16 31
23 49
4 90
30 36
1 57
14 67
12 28
4 84
27 50
10 60
29 50
28 33
6 11
6 11
5 54
21 5
17 93
28 42
19 43
0 64
12 37
15 32
9 26
23 79
4 88
12 19
21 79
20 14
10 86
18 36
28 81
29 10
1 77
12 13
15 50
1 26
18 96
11 45
0 55
10 8
27 31
9 85
21 84
14 94
14 80
16 4
6 48
28 16
10 100
20 25
16 2
0 44
1 90
23 52
12 4
4 83
11 20
21 75
12 22
2 91
22 97
17 43
16 99
26 58
17 14
9 15
6 11
23 94
4 55
23 31
11 24
25 17
22 52
21 82
24 92
19 8
9 94
24 7
4 25
6 62
8 2
21 62
12 77
2 83
13 11
24 93
22 59
2 15
28 79
24 62
0 18
24 81
23 35
27 100
29 99
7 11
21 48
3 48
7 1
7 72
12 76
10 54
7 42
4 57
0 61
18 69
25 85
6 42
17 63
2 18
2 72
2 80
19 85
24 77
12 92
11 4
30 61
18 71
3 82
13 68
23 48
25 26
14 94
11 44
14 61
19 64
7 100
28 27
16 80
17 67
4 97
10 29
25 90
5 5
15 95
2 42
10 19
8 60
6 72
14 40
2 54
25 89
20 9
22 40
4 45
20 27
0 30
15 86
1 68
30 43
25 4
22 48
9 87
7 79
13 72
8 9
5 97
17 93
9 43
26 56
14 73
8 55
21 72
23 7
18 35
7 87
16 46
24 73
18 82
16 66
2 73
10 37
27 24
9 12
12 4
7 41
18 94
23 26
11 88
20 36
21 5
28 56
26 53
16 63
29 29
20 26
11 100
12 26
16 46
1 21
10 16
11 38
26 30
17 53
12 58
7 17
12 13
3 9
1 96
13 17
21 43
30 75
10 82
11 7
17 32
21 34
16 70
12 15
13 37
7 4
5 97
4 74
15 97
16 69
23 7
18 30
20 94
0 77
12 66
17 59
30 76
23 10
21 73
26 100
5 70
20 18
12 66
4 47
0 84
26 4
17 11
15 95
9 42
18 61
15 64
8 64
28 73
25 66
27 75
22 92
30 44
1 38
6 97
9 59
1 68
6 32
30 38
4 69
24 90
25 46
9 42
7 55
9 3
24 23
14 22
21 37
18 61
11 45
7 80
14 11
7 27
22 42
26 11
24 4
25 99
13 52
3 92
7 73
16 41
29 51
17 10
25 6
4 86
13 51
24 84
17 22
1 81
4 91
23 6
7 4
14 66
28 50
29 85
3 95
5 41
26 32
6 1
8 76
27 62
19 10
12 22
23 43
11 46
20 77
12 7
10 65
10 25
23 39
4 94
4 95
5 95
13 72
4 45
28 23
17 26
15 32
24 63
18 92
8 68
8 35
1 15
7 57
3 41
8 66
14 44
0 67
30 82
25 27
28 16
8 78
14 12
12 82
20 33
22 56
26 38
14 97
21 62
7 79
21 14
13 76
7 7
11 62
16 98
2 98
14 6
10 69
16 7
13 11
1 32
2 98
25 98
0 61
15 88
28 14
25 44
15 41
16 94
3 77
17 53
22 95
16 43
23 40
20 97
30 12
15 38
22 31
16 72
27 23
0 4
26 29
23 26
27 73
27 45
28 81
7 52
6 91
19 71
12 13
20 92
15 62
30 100
0 39
15 77
17 94
20 57
13 46
7 58
19 49
11 39
27 72
21 31
22 26
9 51
14 2
1 52
18 31
7 89
24 2
3 95
13 65
8 84
0 90
15 25
17 84
0 93
12 100
7 74
25 9
4 41
7 98
30 12
15 53
29 54
6 27
16 43
27 41
30 59
3 83
22 26
7 31
25 82
28 60
20 53
14 55
17 95
28 67
11 48
29 60
14 40
6 55
15 100
11 9
1 20
19 64
19 36
9 75
11 89
8 43
25 61
7 52
29 15
5 69
27 48
5 34
4 96
12 65
16 4
9 53
8 56
9 64
6 74
21 76
30 21
26 22
20 25
5 67
24 20
13 84
4 70
29 67
22 39
5 11
2 28
28 1
23 42
5 89
18 94
12 47
1 43
5 74
13 97
29 2
10 67
18 30
7 66
17 79
4 2
29 6
4 66
25 10
20 60
23 79
28 16
17 99
29 66
30 68
23 91
28 95
4 37
29 2
2 48
2 76
9 15
8 40
18 14
26 57
4 29
24 100
2 92
9 55
14 30
29 82
26 69
15 93
14 10
18 91
4 70
22 51
1 65
2 18
11 85
3 68
8 44
23 63
18 51
30 48
14 84
30 84
20 30
25 84
8 10
27 66
11 53
20 2
14 36
18 100
17 25
25 25
7 88
16 28
8 51
18 72
9 11
13 79
6 62
23 48
11 60
12 53
8 75
25 4
3 78
18 71
27 51
24 59
29 48
19 55
10 80
7 42
13 52
18 68
24 90
8 10
27 60
21 3
19 43
9 89
12 58
10 24
15 24
18 80
28 50
3 84
10 100
4 87
7 30
7 28
26 32
8 34
0 66
3 63
28 32
19 50
17 64
24 75
6 53
26 16
30 95
6 3
9 28
7 34
28 26
16 63
27 89
23 63
8 33
19 81
17 57
2 21
22 80
1 95
9 76
8 91
30 28
12 43
29 61
19 68
20 93
20 11
21 88
27 82
1 79
0 54
30 84
27 72
10 92
30 73
0 16
16 27
26 7
29 46
3 37
8 61
8 34
16 54
27 83
27 6
11 56
9 61
23 61
16 75
11 42
14 39
23 13
21 99
8 86
17 91
5 89
19 98
18 37
20 78
1 12
30 12
26 9
17 78
30 59
3 74
13 50
16 62
22 97
22 27
21 47
22 53
12 77
14 81
20 92
1 59
30 100
30 12
22 95
9 51
25 17
14 42
6 99
29 65
13 50
5 81
12 100
30 71
25 29
10 23
5 20
22 74
23 81
12 25
28 34
30 7
11 21
13 82
15 62
23 81
27 42
19 94
7 86
9 72
2 46
5 26
18 61
15 76
22 83
12 86
30 97
7 76
6 65
25 11
0 92
16 42
1 34
5 43
9 9
17 29
1 30
11 90
20 12
16 63
14 13
0 69
26 41
6 67
29 7
27 61
10 53
7 3
23 67
17 10
21 20
1 61
22 85
28 49
18 96
3 85
20 50
25 19
22 4
8 6
27 72
21 46
29 18
17 82
27 32
30 1
30 69
29 50
25 15
17 31
7 96
2 66
13 3
2 27
10 77
10 21
1 39
24 33
24 99
3 40
7 35
30 64
2 9
11 91
11 79
20 6
26 50
2 67
18 49
20 79
13 59
2 84
16 52
12 45
30 77
1 73
0 9
25 99
18 61
2 5
6 4
29 9
2 52
11 64
26 36
11 48
15 30
24 100
4 54
7 58
24 31
23 46
6 20
19 76
23 62
17 28
0 61
25 15
17 23
15 51
0 36
15 61
21 75
12 69
29 77
14 36
19 11
21 35
5 88
14 57
1 38
18 91
8 17
28 23
25 48
12 15
26 32
5 36
0 57
11 22
16 86
27 9
4 17
22 27
19 69
27 81
15 31
15 58
27 58
15 14
17 22
22 15
28 79
12 73
20 56
30 84
25 62
28 33
12 63
4 30
28 95
25 60
29 41
14 63
15 15
26 9
10 73
30 99
14 95
28 89
30 61
3 40
11 37
20 91
5 100
27 50
11 54
26 96
2 82
3 52
9 16
13 73
28 32
11 6
13 39
15 25
1 83
28 66
16 20
2 56
17 20
9 83
18 34
18 4
29 23
14 98
6 29
4 11
4 29
2 100
15 54
10 75
15 84
20 99
2 74
11 45
20 70
14 4
29 99
16 49
24 85
17 46
23 88
2 46
4 87
17 50
30 53
23 85
27 82
13 79
25 4
10 83
23 76
0 5
16 40
28 48
26 63
30 67
18 73
4 95
20 87
19 64
24 91
22 66
20 20
4 69
0 82
23 11
30 98
12 87
10 3
28 36
8 44
0 56
15 74
8 95
16 6
29 78
25 10
5 33
8 46
20 73
1 11
6 74
2 15
30 68
27 56
21 81
0 77
19 6
29 99
25 27
15 22
20 75
23 56
30 43
8 13
26 100
6 55
27 48
9 93
15 15
9 68
29 56
13 75
24 76
21 27
27 34
7 19
6 61
12 44
23 37
28 43
26 83
4 1
17 74
15 97
17 9
23 82
18 13
2 26
26 86
7 69
13 32
15 76
4 35
9 71
24 79
7 24
7 2
22 12
10 62
16 69
23 24
0 59
19 3
12 64
6 98
1 46
4 73
5 52
19 24
22 59
21 68
21 83
7 94
21 54
23 33
29 92
14 61
9 73
24 12
2 17
6 56
9 21
1 92
30 84
28 24
17 73
0 43
2 52
29 41
5 17
25 83
15 52
29 52
23 83
23 55
16 43
22 34
3 94
20 15
12 99
22 43
20 58
2 7
19 10
23 48
0 99
2 35
29 80
5 84
23 25
27 20
14 19
12 46
25 10
12 44
30 16
18 8
7 92
19 52
25 12
8 73
0 22
28 4
6 35
3 80
14 33
21 34
25 10
20 22
16 29
12 53
24 59
25 20
11 12
12 60
23 82
30 43
7 85
16 95
26 36
28 27
6 14
21 11
21 93
1 34
18 33
12 31
20 10
24 7
11 33
20 67
19 81
19 5
30 38
18 55
16 88
5 20
5 56
17 100
28 6
27 64
11 12
2 90
14 53
25 26
23 46
6 98
21 17
19 16
24 30
2 42
26 44
27 74
8 69
23 25
30 83
19 22
11 84
24 7
23 86
4 52
23 65
5 82
26 48
20 4
12 56
8 79
30 84
25 94
6 26
23 15
7 11
21 67
30 2
5 77
22 65
10 85
28 29
27 87
24 53
11 74
25 73
11 68
22 52
6 93
19 77
10 6
30 33
27 66
4 88
23 53
17 29
22 32
5 25
26 1
5 42
30 91
19 23
13 27
6 18
20 3
13 86
2 95
13 69
29 38
5 80
6 17
20 80
10 85
14 77
19 99
24 18
16 25
28 83
15 70
16 83
17 73
3 48
18 13
1 10
8 70
20 40
24 67
4 49
15 52
24 12
11 5
4 70
30 17
21 85
9 72
11 2
23 54
10 7
28 49
5 72
18 74
27 19
10 4
3 19
21 40
18 96
29 14
15 19
4 52
19 37
15 86
7 13
16 76
5 61
25 12
1 90
12 45
15 28
0 3
14 98
22 95
21 54
20 49
4 62
1 69
26 39
4 84
11 53
22 72
23 72
23 12
14 20
16 31
6 38
25 71
14 81
10 46
24 15
20 91
15 4
15 39
11 26
26 21
10 92
26 38
21 64
0 17
6 25
7 8
23 33
17 23
30 100
11 42
28 97
25 6
24 50
19 4
5 20
21 78
1 47
29 83
28 6
13 93
14 49
30 91
18 50
16 53
23 16
12 58
8 17
1 49
30 51
14 80
18 37
28 44
1 29
27 38
4 82
18 45
24 71
30 12
16 89
1 2
29 20
22 85
5 67
22 26
3 6
12 22
22 4
28 17
30 77
16 100
18 94
13 71
8 85
20 68
20 78
16 59
0 37
4 79
26 1
24 79
13 100
27 76
24 30
13 84
13 4
12 3
14 87
18 27
19 79
5 39
1 16
16 79
1 76
26 8
6 92
15 17
2 18
1 18
26 75
0 49
24 10
21 65
0 44
1 44
9 16
25 87
18 49
9 54
27 25
26 19
17 75
26 24
27 63
3 97
21 37
12 10
5 90
2 34
4 26
30 2
21 32
28 53
17 11
9 2
11 93
26 99
26 97
3 4
24 66
2 97
10 31
9 77
17 49
28 96
13 45
7 27
30 13
6 77
14 63
1 53
1 88
17 93
16 27
24 16
0 62
25 67
20 59
18 17
25 9
16 48
18 26
11 73
12 24
25 12
13 99
15 73
30 32
15 32
11 33
28 69
30 79
15 17
22 25
22 79
27 41
4 10
16 64
25 20
7 95
28 47
2 85
12 3
24 38
19 41
10 5
19 32
1 48
16 84
24 84
27 77
12 90
10 90
22 62
16 15
17 57
5 22
26 91
9 96
18 33
12 14
0 96
25 40
1 68
29 90
23 72
25 52
18 15
30 100
20 86
10 38
16 88
6 31
5 74
24 86
24 14
7 69
21 44
27 7
21 6
20 47
26 90
9 35
22 57
18 48
16 6
1 9
25 37
1 83
30 38
21 27
3 72
23 99
3 84
6 2
10 6
18 77
14 69
1 69
8 72
26 24
7 18
23 3
17 42
19 68
26 47
7 8
6 69
24 61
26 42
12 37
21 95
25 91
28 96
0 55
3 10
4 4
2 45
12 69
3 29
29 61
30 1
24 33
2 13
19 26
3 91
29 19
19 7
5 19
10 45
5 64
25 87
27 67
0 84
22 58
22 85
16 55
21 70
14 79
5 39
8 94
19 19
14 15
25 25
3 54
1 90
25 16
28 86
12 36
6 57
16 87
22 83
23 57
23 82
4 3
20 57
26 15
2 23
29 96
4 22
0 87
17 21
11 91
26 5
25 68
28 50
19 75
25 88
19 53
23 45
12 84
24 55
23 69
8 9
28 28
17 18
23 51
18 42
1 20
29 12
20 64
14 41
2 14
18 26
2 97
18 12
28 94
1 78
14 42
11 71
12 97
13 77
14 71
18 56
25 29
5 4
27 63
22 86
4 27
1 74
3 70
13 68
2 55
29 45
1 71
29 79
24 94
11 29
18 74
23 22
26 95
24 63
27 76
19 12
15 85
13 67
26 45
15 95
11 8
15 22
25 27
5 86
3 79
21 17
21 7
0 26
25 38
25 58
6 74
27 69
20 53
9 53
5 8
26 14
28 69
19 69
