100
13 52
15 7
10 79
14 27
1 12
16 98
30 55
14 29
24 11
27 14
26 18
20 18
4 11
10 13
14 70
14 65
3 30
18 14
13 61
30 31
21 39
24 55
8 37
6 93
2 21
23 4
8 89
15 10
26 82
26 77
23 66
25 48
4 20
1 71
16 56
14 54
2 66
16 55
23 20
11 93
30 45
21 49
21 61
18 38
29 1
5 69
11 80
0 69
16 83
7 66
30 48
18 71
22 46
17 82
28 32
19 10
21 45
19 52
22 20
25 67
13 59
14 24
8 63
10 49
27 83
27 45
20 56
28 23
23 41
10 32
16 38
23 64
10 64
27 14
15 60
25 92
21 42
17 92
5 76
25 86
28 67
22 44
0 2
2 96
11 81
11 32
28 27
30 58
9 14
27 42
8 91
9 54
30 42
20 44
28 45
10 53
20 11
27 29
14 28
19 89
7 88
7 41
19 69
13 33
24 16
24 20
2 78
8 85
11 49
7 89
27 35
13 58
12 93
0 23
20 73
0 44
26 14
12 73
29 72
13 67
2 6
19 3
22 25
7 93
19 49
11 52
2 1
2 50
19 69
4 48
21 17
23 95
7 3
17 92
6 58
20 37
9 71
20 57
5 8
30 52
6 96
27 55
11 94
28 61
26 80
22 14
19 11
22 4
28 84
30 98
24 35
23 50
9 99
9 50
2 82
10 31
15 94
25 26
23 16
19 60
24 40
3 14
23 87
8 49
2 50
27 87
15 82
27 6
3 34
10 9
13 85
2 4
21 65
23 72
15 24
2 34
19 33
5 86
9 80
16 57
22 67
23 56
7 54
19 33
3 41
22 72
22 13
3 44
12 53
8 84
22 31
30 80
20 7
3 89
27 11
16 8
17 89
8 3
29 95
2 24
7 78
28 19
0 88
13 24
14 27
1 48
15 71
24 40
27 54
9 94
2 86
25 56
30 44
5 24
29 96
21 57
27 57
11 22
9 14
14 22
11 4
21 94
15 46
9 33
3 16
22 85
15 31
26 85
4 76
29 20
23 64
28 87
0 40
20 54
26 72
23 25
4 98
2 31
12 43
11 96
8 54
17 83
8 77
14 41
30 1
29 32
6 70
24 17
14 5
2 76
3 28
3 32
10 4
20 20
21 79
30 29
3 59
26 99
6 61
10 37
18 66
5 85
17 95
15 55
18 20
13 2
10 34
12 56
4 97
0 74
29 61
1 10
25 54
6 75
17 6
24 74
28 77
0 65
9 10
22 75
6 9
20 52
8 89
13 59
29 76
20 37
18 93
16 99
20 11
8 8
11 7
8 70
2 20
1 77
10 83
0 88
26 19
1 48
26 42
1 85
12 33
17 32
28 59
13 28
3 20
28 51
19 60
22 29
1 86
27 24
26 69
18 52
10 88
18 61
5 27
18 28
17 98
20 31
14 100
22 22
2 49
11 46
16 9
17 47
27 46
5 59
10 90
20 72
20 13
14 5
4 68
18 16
8 82
21 18
18 33
16 83
22 39
11 31
10 4
21 79
27 92
8 18
8 49
28 83
12 15
7 97
1 8
5 53
8 75
8 36
27 23
19 11
26 39
11 70
3 70
22 23
19 47
11 54
23 56
20 37
1 61
14 11
18 37
8 70
5 92
12 49
18 100
4 2
27 39
26 73
21 32
26 47
19 55
13 52
23 32
14 3
2 45
24 1
7 18
10 84
9 68
7 77
3 50
30 23
8 52
27 71
5 25
0 49
11 91
27 41
21 94
18 92
10 36
27 45
23 98
4 12
26 9
13 30
30 45
5 26
12 84
26 50
24 53
19 11
1 46
22 17
15 74
5 88
24 2
15 17
21 44
28 89
15 86
24 10
18 86
6 68
30 48
28 88
26 4
8 46
23 70
14 72
16 29
7 28
4 47
19 55
8 37
4 71
30 3
15 90
10 30
3 11
12 65
6 64
5 40
25 79
24 27
9 23
2 14
16 1
9 80
11 17
0 96
18 99
30 22
2 88
17 85
27 47
26 21
4 29
30 48
26 86
28 71
11 51
10 7
3 15
27 56
25 16
1 77
11 55
3 93
20 59
28 22
13 54
24 2
7 27
30 51
9 5
26 2
21 42
12 84
19 47
24 57
14 24
27 97
1 56
20 65
4 38
29 40
5 18
28 2
26 16
23 47
8 19
28 75
16 2
12 58
6 51
26 27
14 39
1 49
8 55
27 43
6 92
2 15
21 48
19 3
15 34
1 42
30 71
19 68
28 75
18 65
19 44
22 17
9 81
13 86
28 80
15 1
14 93
27 24
6 90
23 55
23 47
30 45
19 42
13 10
2 5
0 54
6 76
13 27
10 88
17 73
8 77
1 28
4 10
3 46
26 14
15 14
4 40
18 25
3 91
30 45
5 90
25 41
23 68
3 15
13 54
14 58
17 38
6 18
4 64
19 68
3 22
21 52
23 93
7 81
15 58
24 66
14 39
27 70
8 76
7 61
23 95
12 67
21 28
11 72
22 68
13 59
23 34
16 20
27 32
23 30
0 72
28 91
9 60
8 78
11 37
0 77
2 78
19 26
3 94
24 90
2 27
23 52
18 62
12 80
6 57
23 67
9 6
0 42
30 40
15 28
7 71
28 77
6 64
29 10
16 13
0 77
29 94
4 50
4 17
6 7
7 80
17 61
30 29
3 100
9 96
12 2
2 51
29 75
26 2
24 53
17 85
15 5
23 25
21 61
17 2
27 36
28 90
16 28
22 8
30 39
20 26
17 67
17 5
23 3
6 94
24 55
22 7
3 20
9 12
8 16
16 17
3 4
23 41
20 76
20 61
22 49
25 33
22 27
20 83
16 30
18 39
22 83
2 25
21 43
9 55
18 74
30 94
22 65
17 95
13 7
6 80
6 92
29 93
24 41
14 71
15 14
19 26
14 99
7 58
5 73
4 70
12 99
11 26
28 4
17 74
29 94
12 84
8 70
23 25
7 88
27 74
11 63
14 23
9 98
4 92
12 43
8 68
29 53
25 29
1 47
2 57
1 97
20 97
30 54
16 97
20 50
25 13
12 18
4 94
0 60
3 24
23 65
1 76
9 46
5 75
29 42
16 61
17 21
8 23
2 55
24 65
7 55
20 6
16 27
30 54
27 86
19 50
9 95
29 100
10 86
2 55
13 18
1 42
20 7
21 100
7 63
8 68
12 53
17 13
24 21
27 48
23 5
17 69
6 10
22 60
24 25
15 64
22 66
19 70
21 10
13 43
0 42
12 6
28 25
1 67
28 9
13 70
22 13
22 64
17 93
16 82
4 3
1 3
6 5
12 68
22 92
23 43
20 34
16 37
0 95
22 14
23 33
8 95
13 33
4 41
18 29
5 24
24 73
15 66
4 77
26 3
6 74
19 70
12 56
17 10
27 49
7 99
2 38
16 98
28 75
12 21
27 29
5 6
29 16
8 62
28 79
13 40
20 75
3 45
5 95
26 43
7 95
18 85
11 16
2 34
13 63
5 5
0 15
20 5
6 59
27 74
5 58
8 48
0 20
7 54
4 87
22 81
6 99
6 28
26 45
12 59
22 31
17 34
26 66
24 46
14 35
4 98
3 82
27 77
3 29
15 76
29 76
14 41
24 18
13 47
28 58
14 46
12 60
25 87
2 95
25 17
15 7
1 35
11 42
18 39
18 34
2 68
8 64
22 11
17 59
18 55
9 50
15 1
30 88
2 39
22 83
6 2
0 22
0 77
9 45
17 11
5 50
14 79
0 36
13 68
25 13
19 66
30 66
24 70
4 31
8 79
27 38
27 71
24 72
23 94
29 58
24 40
13 55
6 36
22 8
30 28
19 23
9 1
4 2
2 15
4 26
18 33
19 72
14 9
25 21
29 14
16 4
27 67
18 60
15 29
20 82
26 11
18 45
13 45
18 19
29 92
16 39
20 30
9 2
23 6
15 8
8 15
11 97
4 86
8 91
18 89
20 85
22 5
29 57
19 66
16 1
13 86
12 87
14 85
17 83
18 98
11 98
21 10
6 89
0 98
13 77
13 19
6 84
20 36
11 50
7 44
18 1
18 29
3 68
8 42
7 17
7 100
0 38
16 83
7 55
23 19
15 30
26 45
16 61
0 90
5 46
13 55
12 71
20 42
21 52
11 49
30 41
14 56
25 22
15 50
9 59
24 26
4 73
27 63
12 17
0 73
1 84
11 88
28 30
16 49
30 67
21 90
20 20
20 79
3 15
21 48
3 65
28 85
13 71
1 68
11 100
5 15
17 15
18 41
20 9
2 18
12 80
26 68
18 72
17 75
20 24
20 84
1 87
14 84
26 30
8 88
20 47
23 12
13 40
30 1
3 3
14 20
4 14
26 29
18 67
14 15
26 94
4 39
4 67
4 84
18 89
3 35
15 58
26 15
8 44
16 66
3 39
30 19
26 85
26 20
7 7
20 64
27 54
18 3
12 50
8 54
29 28
9 90
1 62
9 20
6 19
28 49
5 8
4 25
5 2
13 42
8 82
18 24
9 84
15 58
28 11
15 58
11 43
16 7
20 70
26 20
25 41
9 66
8 71
25 47
24 92
20 85
23 5
12 96
21 26
30 49
8 41
11 1
12 10
7 21
29 72
29 69
28 46
29 13
6 88
4 40
21 3
0 32
29 20
19 70
20 12
23 30
2 13
26 53
0 77
22 49
23 59
30 94
23 96
17 91
15 49
15 38
17 24
2 72
25 48
18 9
7 56
24 82
17 38
16 8
12 22
6 1
6 52
1 72
6 7
1 16
9 83
3 12
23 54
30 78
17 37
29 60
25 32
0 34
30 92
29 35
5 18
13 71
1 11
22 22
16 98
10 13
23 75
0 6
3 24
4 83
25 32
2 4
22 4
14 34
3 41
1 12
23 68
20 79
11 43
6 93
11 12
26 21
25 22
17 8
25 71
8 47
28 33
5 44
8 21
19 26
4 86
23 22
12 23
23 66
14 91
20 55
11 82
4 97
13 83
7 17
26 8
3 78
18 63
27 39
4 1
3 93
5 47
22 32
25 15
20 58
22 58
18 3
15 16
28 13
11 5
17 13
17 87
29 66
6 94
19 24
13 52
14 94
28 84
27 59
16 64
5 34
11 7
16 73
14 84
29 20
5 99
2 24
6 56
17 67
27 74
21 34
8 68
15 53
21 76
18 45
13 4
28 47
8 74
24 84
30 78
12 64
18 19
11 5
28 12
30 85
9 30
11 24
15 18
9 57
30 88
25 3
18 23
18 65
18 31
6 72
8 71
19 3
23 82
24 56
26 29
18 91
30 9
13 93
6 62
12 25
8 89
18 86
25 51
30 6
28 33
10 10
1 75
0 52
12 38
27 51
22 59
10 60
7 81
18 38
7 85
19 80
10 10
0 9
12 11
30 52
15 12
8 14
15 31
19 59
7 41
12 13
7 92
28 26
15 46
4 75
25 26
1 34
13 94
6 5
13 38
23 96
17 28
10 14
24 18
23 63
24 34
23 87
6 98
30 19
22 39
14 55
14 90
27 62
4 17
6 5
20 33
2 77
19 90
24 46
4 68
21 84
15 38
2 30
12 80
28 71
19 27
14 91
11 46
2 41
2 7
24 90
18 36
10 40
3 52
12 93
3 73
5 47
0 57
9 5
25 53
21 95
5 100
1 84
26 32
9 65
24 32
19 94
16 66
12 42
3 86
16 3
7 49
9 14
27 76
14 52
0 25
9 22
5 46
27 91
3 29
30 14
18 88
11 18
8 54
29 73
27 61
5 31
19 6
27 77
27 83
15 73
20 24
14 26
12 91
5 71
24 89
2 29
22 88
10 30
14 65
13 26
12 16
6 100
29 39
2 94
3 23
30 21
27 57
14 25
9 41
18 42
18 93
28 10
6 89
8 28
3 21
15 35
12 72
18 59
22 59
0 30
5 47
29 82
15 84
0 16
23 35
6 72
28 68
16 82
26 51
11 75
14 9
19 95
10 21
28 23
23 41
30 45
4 99
20 26
3 12
29 49
11 43
2 17
15 2
9 17
19 2
25 84
14 90
28 7
9 60
17 1
0 49
22 45
26 20
11 79
21 89
8 62
8 18
9 100
14 66
19 36
13 35
19 88
27 56
29 69
21 83
18 56
21 46
4 76
23 17
10 53
16 92
5 55
5 57
14 37
10 84
4 17
22 74
4 33
7 53
19 59
12 74
5 70
25 5
25 72
28 34
9 18
26 25
7 13
0 96
21 85
7 70
29 46
20 15
6 8
8 23
23 67
2 84
10 4
21 17
17 78
30 13
8 88
0 25
2 68
25 79
21 76
29 53
13 9
20 57
16 52
2 92
17 37
3 7
13 75
24 7
1 67
25 27
13 78
9 2
27 75
28 72
4 23
25 17
13 70
9 96
25 81
17 91
24 36
11 55
6 1
9 33
22 71
27 21
27 16
14 86
7 60
28 48
28 77
18 44
0 73
12 37
13 37
18 77
21 73
8 67
15 47
18 15
11 29
22 68
27 95
13 31
21 68
23 82
21 29
1 55
13 56
24 23
3 97
6 14
4 62
12 46
17 30
11 7
22 74
24 65
15 43
25 42
9 23
20 60
2 7
26 30
19 17
10 10
20 32
22 49
11 36
7 42
2 2
0 49
4 16
11 17
16 78
28 81
8 69
13 91
4 98
6 51
14 49
9 25
7 84
23 8
7 63
25 37
12 32
29 86
9 42
14 35
21 95
17 55
30 18
26 94
18 93
6 25
8 82
5 59
18 84
8 74
19 56
28 49
21 98
12 16
27 71
29 68
21 55
13 27
5 12
30 63
22 69
16 52
19 47
20 71
12 16
5 67
28 24
18 29
5 5
24 84
4 71
25 10
1 6
1 61
3 12
9 95
29 87
14 37
24 58
30 98
8 29
4 14
21 51
15 2
27 49
4 91
13 16
24 55
11 92
10 41
30 98
4 56
15 6
9 53
25 66
6 63
30 18
19 88
9 25
9 18
19 67
20 93
13 28
19 40
27 33
17 69
21 51
13 45
11 70
9 23
24 72
6 20
0 73
19 37
19 14
16 14
21 96
9 11
10 70
30 42
13 65
30 98
19 26
17 71
12 50
19 44
6 2
10 52
29 58
1 29
18 79
28 65
13 39
18 97
7 67
17 68
4 63
13 68
21 17
25 19
5 93
14 98
25 38
16 7
19 39
0 17
30 74
23 39
13 7
9 1
4 22
18 82
0 56
11 5
29 13
16 12
12 74
14 25
8 21
11 79
25 19
8 53
17 58
24 83
0 3
21 85
17 16
22 99
25 1
24 45
15 78
8 75
29 82
14 98
14 57
20 81
6 54
30 57
17 86
9 23
20 62
23 32
7 24
9 8
20 14
18 49
9 85
6 21
9 31
19 8
26 42
28 93
12 85
27 31
10 69
23 11
23 76
4 19
10 84
9 79
30 52
22 23
19 97
18 11
16 16
14 60
19 64
2 75
15 58
18 70
17 69
27 57
20 96
25 15
2 27
0 40
1 89
27 70
15 5
20 23
6 13
16 23
3 34
26 54
7 86
15 35
4 17
11 51
15 37
18 91
9 71
29 96
9 69
2 43
17 17
18 61
12 85
21 20
18 17
11 61
12 75
11 11
23 25
3 38
7 57
28 4
22 39
18 35
1 62
11 99
21 98
22 37
8 16
18 18
11 98
12 70
25 7
24 59
12 12
30 93
20 22
11 42
14 51
2 18
9 75
19 82
11 12
30 94
17 37
3 98
24 80
22 55
8 40
2 15
25 2
17 87
23 4
13 35
13 41
25 25
0 12
20 71
1 17
11 31
0 47
2 6
1 52
26 75
12 35
19 99
0 27
18 61
15 62
5 75
9 28
2 87
6 10
5 88
0 33
28 69
0 55
16 85
16 67
9 56
28 37
30 84
23 81
29 3
28 26
14 71
9 57
5 5
27 86
15 97
5 69
20 85
23 99
12 53
28 67
27 26
7 27
30 70
20 97
0 44
0 57
20 65
21 53
2 57
11 31
1 78
29 34
24 10
18 55
12 33
4 89
22 46
19 29
11 66
10 21
3 63
17 77
28 50
25 60
29 55
16 50
17 28
29 87
14 76
18 33
8 100
25 77
14 24
6 3
18 62
9 31
6 81
12 83
5 75
6 15
2 21
25 99
20 53
28 95
10 9
29 8
29 50
1 60
3 28
15 71
7 33
25 84
12 73
7 85
16 92
23 40
6 29
4 50
7 33
1 39
5 42
7 10
25 95
26 41
7 93
22 10
20 54
9 96
22 62
20 6
29 16
18 31
20 63
15 55
30 67
18 6
17 98
12 30
5 31
2 31
1 80
0 64
25 73
12 94
23 24
15 87
1 72
29 34
1 16
20 56
29 39
5 5
4 18
29 13
15 82
30 8
20 65
8 21
14 22
23 96
24 9
2 18
20 15
14 60
15 65
10 23
29 58
17 70
3 39
17 41
9 93
28 68
12 15
24 62
30 10
19 17
20 83
10 38
9 50
25 3
2 55
26 14
27 16
17 35
7 47
19 93
8 62
30 99
13 55
0 53
10 38
18 37
9 87
17 31
8 58
13 65
17 60
8 52
17 72
20 4
21 21
25 57
20 31
22 65
6 24
5 77
29 13
29 19
29 56
26 84
14 98
19 5
29 57
27 36
14 30
2 29
26 66
18 59
15 75
7 48
5 68
23 26
27 15
23 66
21 23
8 22
17 75
21 80
13 80
29 83
5 41
6 9
22 9
30 24
5 36
30 48
11 20
15 54
0 39
3 8
29 29
4 9
10 8
14 65
9 68
6 32
19 7
29 35
28 77
14 8
24 89
26 13
10 66
7 60
3 80
21 14
9 24
8 11
16 62
9 63
5 47
14 60
7 18
4 49
11 94
9 5
10 2
10 69
1 63
6 35
9 63
1 40
9 28
25 45
5 60
6 48
8 34
10 96
0 38
8 27
30 100
11 84
28 63
11 29
27 83
7 20
21 97
25 12
11 97
28 93
27 89
23 13
6 24
10 83
23 1
14 69
20 29
0 52
18 47
24 91
8 14
27 63
21 38
19 66
27 38
29 76
26 85
3 16
27 87
16 31
14 61
10 72
15 83
22 84
24 30
23 97
24 39
19 33
27 87
26 73
27 100
8 84
6 98
24 99
0 52
19 28
5 90
23 72
7 75
10 40
0 39
12 52
17 50
11 90
18 47
18 77
1 15
24 95
28 53
19 39
16 66
8 70
12 84
11 63
0 22
25 35
1 79
27 79
5 84
4 24
25 82
25 67
15 93
11 76
0 59
7 60
10 34
15 19
13 25
22 66
16 88
6 9
1 92
15 90
18 74
3 74
1 44
0 67
0 76
18 43
29 91
18 65
27 59
19 89
7 10
12 77
5 80
12 34
25 52
14 26
9 22
24 22
15 75
19 98
15 95
23 13
29 79
3 83
6 82
20 63
15 72
15 44
0 27
21 49
2 6
13 54
3 7
19 63
30 100
5 20
22 45
8 8
24 12
15 1
15 74
10 81
26 58
10 72
27 75
5 43
30 76
28 22
5 88
17 37
1 66
30 36
4 91
1 28
11 6
22 42
21 97
11 29
7 59
11 48
1 40
8 95
1 62
18 74
11 79
14 30
28 66
25 29
29 90
2 67
24 88
27 69
5 11
13 76
12 36
6 27
27 21
19 78
12 12
18 71
16 39
19 50
11 76
14 60
16 57
18 45
23 30
8 92
24 33
15 7
19 100
29 91
15 32
15 26
27 1
12 11
7 97
9 74
4 61
1 86
12 25
1 54
7 40
22 14
15 51
13 6
25 23
24 70
29 91
6 38
7 67
20 61
16 87
13 44
4 25
14 22
21 58
11 24
0 94
6 12
15 37
27 9
8 8
4 100
30 23
24 1
27 45
24 96
4 97
18 46
27 15
28 45
29 95
9 62
15 7
23 18
27 74
15 54
6 57
22 30
8 95
0 59
21 51
12 58
3 82
22 63
27 64
5 63
27 21
28 13
20 69
7 66
8 42
13 63
12 78
25 65
16 73
27 91
16 27
1 57
1 97
23 96
23 92
19 98
26 98
10 58
20 38
29 4
23 54
12 57
9 17
12 80
26 100
6 88
24 30
23 34
5 77
7 28
25 84
14 71
28 29
2 21
10 72
25 27
17 16
30 3
4 54
2 29
6 83
5 73
3 45
14 79
24 83
13 66
1 19
10 38
15 29
18 80
25 57
11 55
11 57
26 74
9 90
6 10
19 26
23 48
29 22
13 38
18 13
25 14
12 17
16 93
22 84
29 90
25 50
21 75
21 85
20 50
14 22
29 63
25 15
24 13
3 60
1 70
24 6
24 67
5 52
5 64
26 2
20 89
6 96
21 64
9 49
16 79
19 43
21 39
1 21
1 15
25 25
20 11
27 100
19 17
7 72
9 60
28 55
16 88
29 75
30 17
6 64
5 21
12 1
2 29
13 46
9 33
0 54
8 82
1 25
12 41
13 64
26 14
0 30
2 49
10 49
8 37
28 2
26 20
29 62
6 17
27 76
4 77
11 29
17 50
17 19
21 51
19 83
11 47
13 73
16 31
14 90
0 57
26 11
1 88
25 15
22 12
0 88
4 13
30 30
15 25
24 68
27 29
21 29
26 88
13 32
0 33
25 32
29 58
0 78
9 54
20 44
2 26
22 11
20 29
22 43
13 64
7 23
19 11
0 72
10 86
13 68
1 39
17 83
11 17
16 67
8 43
20 78
12 9
22 38
30 86
6 70
3 30
26 9
26 89
19 73
20 10
1 16
18 57
14 7
10 65
7 68
29 11
11 79
2 21
1 68
13 61
12 51
4 26
19 9
30 64
29 12
10 63
4 25
22 32
17 54
15 20
3 18
25 20
27 17
12 28
23 44
16 27
24 7
17 36
5 53
19 63
13 17
22 68
14 75
17 92
5 6
8 54
11 5
5 76
7 100
22 63
10 41
11 52
16 34
9 81
27 10
23 13
24 96
15 10
13 97
22 30
1 43
4 65
12 48
20 50
16 43
29 56
24 67
12 51
27 88
30 31
4 66
28 59
3 48
24 59
26 71
27 73
26 62
13 11
14 59
24 21
15 77
9 37
15 98
10 50
25 14
29 11
11 84
22 26
7 89
17 81
2 96
29 66
6 80
18 69
30 30
28 10
11 66
13 19
5 29
13 48
27 4
27 46
29 37
10 26
17 21
20 5
10 80
28 54
11 53
25 85
19 81
3 82
2 48
28 88
9 92
15 52
22 94
4 91
16 6
6 97
18 72
25 5
29 22
22 58
3 20
18 52
23 42
3 57
25 16
15 79
21 15
22 86
18 92
8 35
9 59
19 62
18 5
29 98
25 72
22 64
8 53
7 55
23 54
15 72
25 89
19 98
15 16
2 62
24 11
25 32
9 60
4 5
30 72
0 73
2 55
16 21
2 98
4 74
4 49
29 18
22 36
13 43
30 39
29 57
10 49
25 50
30 85
28 61
28 94
8 38
16 89
24 2
12 51
20 28
28 25
11 44
18 24
3 96
22 29
23 39
20 10
22 4
7 42
16 21
5 45
9 81
30 57
5 38
11 35
26 92
12 92
24 49
23 90
29 61
11 71
17 3
29 34
26 75
11 5
11 71
28 83
16 12
9 79
2 13
4 40
7 20
24 71
6 70
13 71
15 40
15 50
1 49
10 91
3 55
13 48
20 61
29 43
19 61
2 79
27 83
5 50
22 39
21 81
4 60
24 28
10 21
23 67
2 26
5 66
29 28
15 37
4 44
12 33
7 50
19 41
13 52
2 90
24 8
26 58
13 23
18 24
26 77
27 76
15 38
6 17
30 83
24 57
3 57
1 95
19 16
22 92
12 79
26 92
3 61
25 94
5 25
26 15
1 29
26 37
17 12
27 19
7 24
1 98
15 13
30 94
28 33
7 58
19 29
19 59
25 35
4 17
18 19
26 46
7 99
13 6
9 12
15 45
0 21
25 31
26 46
24 47
22 57
19 100
17 43
22 24
20 51
14 30
1 6
22 87
9 35
18 33
4 5
2 74
1 72
27 83
9 99
20 17
21 99
10 99
25 13
29 1
6 99
17 56
7 95
12 91
26 30
12 15
21 88
0 62
1 28
5 66
8 50
16 82
29 80
25 92
19 39
10 81
25 27
1 29
6 7
30 86
17 50
5 8
26 55
1 60
20 22
2 35
0 92
14 24
21 91
8 30
4 63
1 1
13 46
23 94
9 5
25 99
23 32
13 71
0 48
12 20
13 86
9 61
16 20
28 79
11 99
10 68
13 59
28 77
2 86
11 20
23 85
10 52
8 61
28 65
25 49
18 26
27 63
0 52
29 24
19 74
20 68
27 55
8 3
10 69
24 29
1 90
14 39
28 73
0 80
18 30
25 47
29 13
2 24
22 99
13 73
11 32
9 62
30 89
22 62
22 90
7 22
25 60
20 59
24 76
5 26
8 94
14 87
1 54
19 57
4 98
24 8
1 90
14 48
11 16
1 59
23 7
4 61
9 86
14 14
1 74
14 2
17 45
15 34
22 94
5 26
0 3
7 40
7 87
8 43
8 32
20 39
4 12
20 64
5 90
15 10
30 39
9 89
19 5
12 8
26 47
22 39
8 84
15 81
28 94
26 34
30 81
29 56
5 58
21 51
1 15
24 39
5 56
26 49
15 60
4 36
29 12
16 40
20 3
17 74
13 7
14 65
11 55
30 40
29 35
8 49
25 90
23 97
29 95
21 97
27 11
15 27
26 45
6 67
8 70
7 81
5 17
4 48
2 60
5 57
6 80
22 2
30 7
6 84
11 80
0 90
16 65
30 4
29 55
29 52
9 33
2 82
26 25
29 79
18 22
3 76
4 16
18 8
13 91
18 67
13 14
0 24
26 76
1 44
20 80
20 71
13 74
1 47
21 43
26 71
6 41
7 100
16 98
27 30
14 70
1 5
19 42
3 15
24 14
6 15
7 77
7 99
3 85
28 74
28 73
4 93
19 73
6 92
30 82
4 13
5 45
28 83
18 46
29 85
11 88
24 18
23 87
16 82
8 37
3 77
1 37
1 53
3 13
14 62
20 65
2 6
26 7
4 100
29 97
12 90
25 99
14 81
26 42
15 8
20 41
19 51
3 66
30 61
3 74
30 94
5 8
1 79
16 34
22 71
20 75
4 64
0 18
29 50
14 92
13 26
24 63
2 46
25 89
4 83
0 48
30 35
5 70
17 97
4 73
20 16
13 3
5 34
25 87
28 5
2 62
15 86
30 55
13 41
4 59
22 3
14 77
25 50
20 75
24 19
14 94
25 58
7 45
23 14
20 43
13 12
15 53
16 42
29 64
27 8
29 40
29 28
11 66
11 75
2 59
3 19
29 31
27 49
6 29
6 30
16 16
30 12
9 88
18 79
2 89
16 99
21 12
19 54
13 18
22 25
0 42
23 49
17 53
3 38
3 81
9 76
5 28
0 10
14 73
18 65
30 9
17 34
25 5
8 58
21 28
17 3
25 77
1 42
28 98
28 13
21 53
16 37
24 49
9 65
6 43
28 91
15 16
9 4
20 98
24 60
6 40
7 92
28 17
13 66
23 59
2 86
9 10
4 4
17 16
21 29
25 56
27 84
1 68
0 87
24 1
28 67
1 91
2 62
24 25
17 18
30 21
15 99
23 20
2 33
7 26
25 19
16 38
19 74
2 61
2 88
16 21
12 10
23 38
21 9
24 65
12 70
26 81
10 33
5 23
14 96
22 92
28 15
12 75
14 80
22 35
16 45
11 26
0 52
11 29
8 1
5 62
25 9
12 88
0 59
10 81
4 95
29 98
21 65
15 6
25 69
11 48
28 13
30 49
24 72
24 27
5 19
24 41
4 18
11 12
29 46
17 1
22 3
12 67
28 75
11 91
3 63
21 18
10 50
9 45
30 60
20 94
15 35
18 96
21 54
11 14
3 76
30 49
2 91
13 33
6 15
12 52
21 17
30 25
12 41
10 60
3 28
9 66
9 61
28 83
5 4
25 22
4 4
17 38
30 98
3 38
1 17
12 10
8 40
25 91
14 79
9 87
9 13
26 3
15 78
17 3
2 15
28 37
27 64
8 69
25 53
16 54
22 57
13 38
3 50
22 78
26 9
12 73
29 67
1 100
15 70
7 38
12 76
23 28
8 90
10 65
3 14
9 82
19 96
20 12
3 50
3 79
14 75
22 92
9 25
1 23
5 59
20 31
0 69
15 66
29 2
27 88
14 65
6 45
12 29
12 25
2 31
6 32
18 53
3 83
11 15
24 33
25 98
15 61
1 14
28 61
30 85
0 65
5 43
19 64
25 8
23 86
14 26
15 81
4 55
28 63
27 23
26 99
8 21
16 89
23 80
24 25
15 36
14 89
24 29
26 16
10 24
26 20
22 89
24 71
16 75
16 100
17 84
16 18
24 78
27 68
19 17
28 59
23 16
16 12
5 39
27 31
5 95
28 74
22 81
30 30
7 34
21 9
26 51
3 99
2 49
17 79
1 57
5 91
30 47
0 57
14 18
15 45
13 98
20 70
1 43
1 86
10 41
27 10
30 98
0 81
22 14
13 74
17 57
13 79
12 62
27 76
16 100
9 16
10 64
11 67
0 68
16 48
15 53
4 59
23 64
27 99
20 64
8 76
27 88
8 31
25 14
19 47
27 73
13 21
12 55
20 23
18 69
27 14
30 68
4 21
25 32
10 31
30 2
11 33
4 92
29 6
2 51
10 60
29 63
21 57
9 80
25 90
12 54
15 79
5 18
3 8
12 67
19 4
15 90
27 95
25 94
2 50
25 7
21 89
17 77
5 4
6 60
8 14
6 30
22 95
22 70
27 58
29 70
12 28
11 76
30 76
25 7
0 61
6 36
0 39
8 1
1 33
9 94
28 13
23 26
21 70
25 93
14 99
7 67
24 24
20 85
6 93
25 74
29 71
6 92
11 34
16 53
0 28
5 73
0 71
22 59
28 51
24 78
9 43
23 58
21 55
17 1
12 33
19 64
26 1
3 7
26 83
28 18
18 47
0 100
5 37
24 26
11 16
3 50
15 64
18 31
18 87
23 12
30 52
22 12
29 68
19 31
5 9
21 49
25 46
1 24
9 21
8 75
7 52
18 28
7 91
22 80
24 6
5 91
23 94
30 17
10 32
12 8
23 26
0 52
5 95
2 10
13 74
27 66
12 88
25 70
4 25
11 86
6 79
10 30
17 53
22 45
19 98
10 3
9 75
18 41
12 90
19 34
30 81
10 59
1 63
17 78
26 59
17 17
0 49
27 74
18 83
3 55
28 71
23 88
21 48
21 61
13 22
26 91
20 72
1 66
14 91
19 17
5 84
21 19
0 33
19 34
26 22
2 80
17 86
20 35
14 73
22 30
12 26
19 14
7 7
12 8
21 39
12 7
30 17
17 61
9 22
29 100
1 62
29 48
20 49
28 21
8 88
22 71
30 15
1 17
1 58
9 85
3 11
8 54
27 37
10 60
5 75
10 6
11 86
4 32
23 94
26 34
17 60
5 7
7 47
11 73
10 92
20 24
11 48
9 64
23 59
24 97
15 88
16 44
1 17
14 76
17 99
25 92
15 23
16 59
2 50
2 32
9 96
25 19
4 71
26 73
9 27
15 10
27 11
8 22
1 59
18 12
27 68
27 92
11 19
4 23
5 14
0 66
1 83
10 10
14 36
15 43
4 39
9 40
10 83
1 72
27 81
29 58
2 68
24 92
7 59
18 47
3 85
20 40
26 47
7 69
20 87
13 3
5 56
19 24
5 49
11 86
12 55
27 84
10 13
22 76
29 60
1 60
24 90
10 78
8 89
11 92
23 52
14 77
16 81
15 82
0 3
24 52
20 76
30 94
20 95
13 18
12 30
1 64
10 14
16 89
27 22
3 56
8 16
18 13
21 80
26 60
25 43
17 53
1 9
30 10
15 48
14 16
3 73
1 99
28 56
23 40
29 38
3 7
0 100
16 54
10 19
28 34
26 37
15 45
10 30
25 63
23 48
6 28
20 57
11 56
20 92
12 91
1 21
16 46
9 69
28 67
9 94
7 40
23 28
5 99
16 66
0 91
28 99
4 75
1 10
2 8
7 27
7 96
21 22
18 75
15 75
7 92
16 59
2 59
16 13
6 98
13 93
22 69
11 83
6 43
6 81
26 77
2 24
20 69
3 12
6 63
3 34
11 8
12 11
0 14
7 66
23 79
0 73
13 44
15 9
29 81
17 38
29 63
0 92
22 15
22 52
28 77
16 60
22 35
21 43
11 8
1 39
24 13
13 99
30 81
24 8
3 76
5 60
22 35
19 29
30 5
23 68
5 37
11 80
12 98
8 89
23 92
10 1
15 83
11 13
15 81
18 92
26 50
13 65
5 69
6 67
18 71
30 89
4 69
25 86
15 35
3 48
28 33
8 72
17 24
26 5
14 23
8 45
26 75
8 89
1 80
7 77
20 66
17 90
8 73
10 35
30 68
17 23
24 98
11 69
29 39
2 45
30 5
10 33
14 61
13 39
24 89
17 13
1 76
18 98
20 40
26 19
24 58
11 83
25 23
14 91
4 44
28 1
30 10
29 3
11 8
10 22
29 83
8 19
13 12
24 60
21 62
18 80
21 35
0 33
15 41
14 73
24 14
25 76
28 13
30 8
2 93
21 68
17 60
18 84
4 84
15 27
5 72
9 45
24 96
14 68
8 42
17 21
27 14
28 85
26 92
25 96
2 32
24 84
7 87
13 67
25 61
14 50
16 99
10 69
12 12
22 39
28 7
5 73
21 52
1 67
7 16
30 64
24 17
23 29
11 64
2 53
21 29
12 87
22 57
17 78
28 34
11 19
26 9
18 1
20 39
29 3
26 97
19 56
25 44
0 24
18 92
20 97
5 77
9 1
16 52
2 94
13 5
28 47
21 76
6 78
25 59
22 50
24 78
12 84
18 1
25 61
0 41
13 79
8 2
1 72
3 57
29 94
0 34
25 14
22 57
30 92
22 1
15 83
12 7
7 2
24 42
10 19
14 11
11 25
4 77
9 63
27 56
28 5
12 42
25 62
23 67
19 54
4 81
8 37
14 34
11 27
5 79
1 72
18 73
6 42
12 24
6 84
23 53
10 79
28 97
20 84
27 22
24 50
13 34
24 57
11 67
15 13
21 33
17 60
20 46
9 56
8 89
23 84
15 5
17 97
29 71
12 24
14 28
25 54
1 74
20 81
15 64
9 7
11 59
9 48
8 87
23 49
19 9
10 22
12 88
27 70
15 16
30 20
22 37
0 26
9 74
14 35
12 50
12 100
13 71
17 65
15 25
17 57
26 52
29 61
4 16
15 95
10 55
15 16
30 63
8 100
25 21
12 55
7 58
30 82
23 55
1 97
25 80
11 10
8 69
6 28
24 60
18 46
22 89
1 70
12 62
0 31
6 6
5 72
13 6
20 74
27 100
6 14
0 30
0 78
15 43
9 13
3 68
16 23
12 7
0 22
19 1
10 63
10 85
23 46
17 3
19 27
3 73
18 22
12 24
13 98
30 33
26 27
18 82
17 70
4 32
27 5
22 55
10 85
7 100
20 20
12 58
19 48
0 54
5 35
22 13
5 48
18 91
8 57
7 38
20 74
22 94
29 47
30 79
5 65
26 50
18 16
16 45
29 36
2 62
7 10
4 56
11 30
14 77
20 79
10 86
6 37
29 48
22 100
30 59
29 52
13 48
23 88
26 80
12 21
12 36
25 11
28 24
18 18
25 42
16 48
28 60
30 84
19 6
14 98
24 28
24 57
28 34
17 99
4 43
23 30
2 45
18 67
24 81
18 99
12 56
27 16
17 95
13 20
21 64
5 50
4 74
23 8
23 83
19 16
9 81
19 89
5 46
10 23
11 50
25 48
0 90
16 24
23 20
21 65
7 15
9 2
25 4
8 79
15 71
12 37
6 59
29 8
23 11
11 77
29 73
29 85
17 41
8 27
15 76
20 16
15 1
29 40
2 78
19 62
11 20
19 64
7 18
0 92
30 11
19 74
21 78
25 6
28 39
20 32
1 3
0 58
0 75
22 3
11 82
11 74
21 63
28 93
13 93
2 61
17 14
3 20
22 24
15 12
11 43
5 77
30 62
16 41
25 86
18 54
29 86
29 4
15 42
5 8
15 65
2 13
21 44
26 6
29 47
19 75
0 43
21 1
8 50
20 26
10 91
18 45
1 68
10 66
4 18
5 53
4 26
13 88
29 59
22 66
7 17
0 38
4 35
27 66
23 88
28 48
28 34
6 64
17 73
21 90
2 76
8 57
14 95
15 32
18 14
23 47
27 50
8 60
2 50
22 36
22 1
0 3
18 24
4 46
7 68
28 20
19 46
26 91
24 86
18 56
10 55
30 95
4 98
2 85
5 27
22 70
17 85
14 34
2 81
8 52
15 48
11 44
15 79
25 43
29 75
27 90
6 35
16 3
18 70
11 88
28 85
29 9
1 28
6 16
27 48
14 56
30 79
17 13
6 57
7 16
30 88
19 32
3 16
0 74
23 63
3 68
23 60
14 64
22 99
5 81
8 31
12 35
2 25
13 78
22 2
24 22
27 28
9 34
12 32
3 70
25 82
0 23
10 41
15 62
30 10
7 81
19 9
18 27
3 72
28 35
26 84
4 82
9 74
17 15
2 26
24 38
1 100
1 100
25 1
1 47
22 35
28 45
3 92
2 81
5 53
14 60
2 79
25 59
7 59
16 57
24 83
21 40
9 13
1 28
28 22
15 3
17 71
29 14
18 78
4 15
15 87
24 44
8 64
11 100
28 32
30 89
6 15
14 97
27 40
9 52
18 78
6 72
24 22
0 51
29 18
16 99
12 58
6 80
10 10
28 40
26 35
9 71
9 57
30 5
5 94
14 79
30 21
29 57
1 20
23 57
16 30
9 97
17 63
28 97
5 22
30 45
21 78
13 96
6 70
23 86
29 91
23 50
7 75
5 37
26 97
29 52
30 67
16 63
8 3
28 98
13 25
0 27
13 100
22 68
13 43
26 14
29 85
12 90
10 77
25 28
11 89
17 92
17 19
17 3
2 83
18 33
9 67
25 83
25 19
28 89
6 88
0 15
19 97
4 14
3 51
28 78
14 20
1 32
24 87
9 44
9 13
7 43
4 25
2 2
4 40
24 8
13 53
8 17
18 83
11 3
23 32
18 27
6 42
17 27
1 28
7 47
18 87
28 60
12 87
7 51
27 62
18 25
3 45
10 88
11 85
28 24
18 40
22 10
2 57
24 76
10 82
27 33
9 29
15 68
19 70
30 86
21 21
8 73
3 79
25 84
15 51
0 8
27 77
5 71
11 75
1 20
2 4
24 19
21 66
12 57
22 57
0 91
17 46
28 3
19 1
26 80
22 31
22 91
28 26
2 85
7 16
1 76
30 54
28 4
24 13
29 3
9 23
18 47
1 88
12 27
11 36
18 1
30 98
8 100
30 3
17 33
23 39
5 12
28 54
25 54
15 13
16 20
25 1
6 79
7 89
12 98
6 97
6 26
15 23
22 95
30 40
17 56
16 28
15 22
8 45
21 57
22 47
16 35
17 20
16 71
18 94
20 80
20 57
18 95
28 16
10 22
5 22
1 55
27 76
20 17
30 93
30 11
0 16
15 16
26 50
24 2
11 77
8 82
10 92
24 93
4 17
8 76
23 14
16 21
13 67
21 97
6 75
6 47
1 60
21 80
15 37
1 71
4 21
28 22
0 58
9 59
10 9
16 80
11 14
6 2
15 83
26 44
21 92
13 37
12 96
28 53
13 3
28 86
21 98
0 92
11 37
13 41
22 75
11 5
12 55
29 21
16 90
16 35
21 26
24 58
2 6
3 93
20 22
28 63
6 19
14 62
13 16
12 91
20 67
1 98
20 7
29 41
9 34
19 68
29 8
23 75
20 18
3 36
29 3
8 12
17 15
8 81
12 54
22 87
1 55
30 41
6 48
2 62
5 79
10 56
18 52
18 11
13 91
29 27
4 20
27 35
24 60
24 99
0 30
16 48
22 13
10 71
2 44
15 4
22 53
1 4
25 21
10 55
4 65
28 72
12 96
15 87
20 55
7 9
17 36
17 36
8 17
27 77
4 76
29 22
13 1
15 38
12 22
12 69
25 60
22 11
16 7
8 10
14 39
13 34
8 24
30 26
17 1
14 10
24 21
18 80
1 98
22 89
23 57
25 21
18 39
10 84
11 7
27 18
17 6
24 73
11 86
29 68
17 3
25 83
30 29
26 26
11 23
28 33
20 53
24 15
29 93
12 34
9 43
4 65
5 94
17 15
26 65
6 17
1 99
2 42
11 68
3 83
24 1
27 66
4 17
16 33
24 85
12 76
28 16
5 74
18 32
0 21
13 78
25 82
19 84
4 30
27 45
15 14
4 26
17 3
8 45
18 70
0 6
25 22
29 68
27 90
17 67
14 27
0 61
25 47
29 81
9 7
20 57
1 84
24 38
0 99
6 22
13 71
19 86
6 81
11 50
12 17
19 54
16 1
10 16
1 61
19 86
7 44
10 35
4 4
26 51
26 97
13 14
27 14
14 99
6 18
30 88
17 13
26 61
18 37
18 40
6 70
4 75
0 33
4 96
20 62
6 46
16 72
14 39
15 76
17 91
4 32
12 38
19 16
13 65
16 41
26 51
8 62
14 21
21 23
18 23
10 61
2 94
0 23
29 70
21 56
28 54
15 79
23 100
23 36
24 55
18 25
10 2
27 95
24 51
2 76
14 80
23 90
25 15
5 48
17 91
29 43
4 35
10 88
15 43
29 24
9 64
28 36
30 10
10 31
22 33
27 35
1 78
27 52
3 85
24 51
4 73
28 48
19 83
25 49
28 81
20 15
22 76
28 39
3 25
7 15
13 33
25 97
30 23
21 94
25 39
3 94
1 4
22 28
28 76
17 40
8 89
22 86
1 74
9 98
13 79
29 71
15 100
10 36
4 47
27 17
29 38
15 31
16 31
13 3
23 57
30 24
21 91
20 84
24 28
6 80
29 99
18 17
1 10
7 94
5 36
17 79
6 53
0 61
5 50
12 94
24 75
18 54
5 1
24 88
20 72
7 12
10 16
17 48
19 33
10 77
3 45
10 41
13 74
17 23
12 16
9 7
20 30
8 40
11 85
27 86
12 71
27 3
2 85
15 39
24 68
24 70
4 54
29 41
8 66
7 63
15 56
13 92
26 35
27 69
26 48
16 10
21 11
10 26
1 93
18 19
29 49
2 62
25 1
27 83
1 60
23 31
0 92
21 75
16 40
27 4
27 26
8 60
2 27
15 64
11 77
5 24
28 100
20 89
15 30
10 7
14 95
17 88
30 96
24 48
19 57
28 55
23 24
7 79
1 43
23 68
22 46
12 38
18 33
10 88
26 85
19 88
18 80
21 70
24 96
21 44
21 75
10 91
24 51
27 37
9 20
9 98
27 88
4 73
1 20
22 55
10 8
6 59
18 39
28 84
16 67
10 48
24 33
1 60
30 38
25 52
19 66
28 15
5 33
2 2
7 20
29 43
21 3
14 55
6 81
5 20
27 30
9 92
13 62
25 88
22 76
12 49
23 100
11 88
2 55
21 34
22 20
24 26
30 87
22 81
12 30
25 90
5 94
0 4
20 62
30 89
7 45
29 74
21 9
27 2
30 57
7 49
25 43
2 87
9 37
17 49
21 90
23 12
8 97
26 33
23 94
28 12
25 7
11 21
11 73
0 25
17 43
28 67
29 13
5 62
29 28
18 5
11 45
23 35
11 50
6 92
22 59
10 53
28 42
0 100
1 83
28 10
11 27
26 67
10 100
20 73
7 45
9 12
5 96
29 86
4 94
4 32
20 15
29 78
23 68
11 31
5 27
3 46
11 34
30 41
21 63
3 75
16 61
13 96
13 24
26 68
29 7
9 1
5 53
30 39
12 88
28 51
26 65
17 12
17 57
30 47
13 6
10 65
16 92
1 44
5 82
13 98
28 26
27 25
8 13
6 97
23 12
21 94
0 91
4 74
10 96
17 13
24 18
7 2
21 71
14 82
22 67
16 40
0 7
12 75
29 87
3 99
30 54
19 33
4 90
13 40
22 51
28 49
6 56
17 69
2 89
15 6
15 24
24 16
28 69
8 84
6 36
28 20
12 15
28 70
23 64
16 11
22 22
24 52
27 54
12 84
26 44
23 30
17 19
9 51
6 20
7 86
19 61
15 12
25 77
30 75
12 17
7 85
30 36
6 5
23 46
21 3
14 100
1 53
13 26
9 85
2 39
24 60
25 81
0 46
26 44
17 33
19 63
28 88
8 44
0 55
13 15
2 99
3 87
9 2
5 48
10 52
28 74
8 43
18 23
8 21
20 83
25 68
30 83
18 33
6 91
15 11
6 36
14 63
7 44
1 1
10 85
25 6
21 28
15 11
24 7
6 97
3 11
1 69
2 57
12 53
26 18
16 94
12 42
16 38
20 16
26 76
30 99
28 44
21 40
9 1
23 43
15 85
6 44
1 39
15 86
5 88
26 36
30 32
2 64
2 46
30 53
28 55
4 35
21 82
26 39
16 22
23 76
2 61
29 69
13 7
4 58
29 39
8 4
19 82
22 14
28 4
8 73
12 2
12 55
4 75
25 15
17 50
24 41
16 34
26 7
5 92
3 70
8 90
13 90
13 13
24 100
0 75
24 46
22 17
25 84
5 62
13 34
17 60
13 19
3 82
23 13
14 94
12 40
6 63
9 82
23 81
8 84
17 67
22 78
11 57
24 61
12 57
2 6
13 97
11 9
17 75
15 54
17 50
27 24
21 92
25 60
27 17
10 96
24 91
20 45
2 98
11 92
12 99
1 78
23 33
10 28
1 18
13 54
13 47
30 99
14 100
19 61
18 88
3 43
19 52
30 61
19 63
28 82
3 70
7 39
27 100
8 98
12 40
16 70
4 88
12 11
28 60
23 31
24 61
19 22
4 34
25 91
30 36
19 78
3 51
13 33
3 3
18 40
0 49
20 10
0 38
29 7
10 7
6 17
8 7
25 51
19 98
0 90
12 17
15 73
25 11
29 36
26 84
15 36
10 89
10 84
18 10
25 77
1 43
11 76
17 39
12 65
28 17
8 53
19 20
27 84
9 25
7 22
24 70
5 33
11 78
14 81
12 85
7 70
19 62
17 68
6 18
5 95
19 96
17 100
29 54
23 90
0 75
27 17
2 25
13 92
22 55
4 89
3 92
24 20
17 65
20 7
2 25
17 80
21 9
18 84
8 58
19 6
11 18
10 2
23 62
22 55
13 92
20 23
4 15
9 98
28 56
15 62
23 83
24 38
25 62
10 79
14 5
29 55
7 21
10 66
16 14
15 42
16 61
5 100
22 72
18 61
16 10
14 27
0 43
6 93
30 8
30 46
9 42
3 18
15 3
8 4
30 26
5 65
3 66
7 90
30 49
26 25
1 27
16 58
10 82
28 98
7 79
26 90
9 59
16 87
25 10
22 23
24 71
25 70
8 69
7 52
10 97
15 81
1 96
24 57
1 87
18 91
29 15
10 24
10 64
13 61
5 40
20 13
5 76
23 20
13 26
7 15
29 64
4 60
6 89
6 41
29 89
11 95
26 44
19 29
28 2
16 19
21 47
22 70
23 96
21 21
17 22
18 87
14 38
29 4
8 100
16 16
13 33
13 16
29 52
3 91
0 29
12 13
5 6
14 43
0 69
21 92
21 14
19 98
22 19
7 74
0 9
25 52
1 6
27 1
6 6
5 53
27 72
12 10
22 94
14 50
29 12
22 50
13 73
16 81
29 81
7 20
10 53
7 20
28 4
16 23
4 23
28 13
5 74
9 75
15 77
14 41
11 39
10 17
6 66
10 87
21 38
24 58
6 80
8 84
1 63
19 34
6 59
22 96
11 2
28 76
9 18
10 51
22 70
28 32
24 69
10 27
11 37
15 80
13 49
20 12
6 45
29 86
17 90
12 83
5 74
25 78
18 68
27 26
10 42
0 34
1 90
7 4
17 61
22 36
20 65
3 8
6 86
25 22
17 71
30 12
16 97
17 82
29 43
17 80
5 87
18 41
7 60
11 66
23 24
10 43
11 7
5 48
19 54
18 19
12 25
12 95
13 20
18 19
9 79
21 90
24 33
16 2
6 67
5 61
24 46
19 93
8 45
1 9
16 68
26 28
24 61
1 24
8 63
6 22
17 5
6 99
22 81
9 64
30 12
17 50
5 68
8 33
17 27
25 99
3 98
12 47
17 30
20 98
17 33
16 36
10 29
12 5
27 69
29 94
25 64
17 12
5 65
28 59
13 18
20 51
0 4
15 94
7 14
26 11
26 73
13 76
11 33
13 91
8 6
15 91
11 1
22 74
19 36
11 25
15 55
8 4
2 58
11 35
20 77
19 77
0 39
29 49
27 10
7 22
4 75
8 50
20 29
29 12
21 22
6 67
29 79
0 67
1 12
0 58
29 98
25 97
29 18
15 51
2 41
11 4
14 89
24 65
21 88
29 72
25 96
1 63
30 9
25 47
10 60
12 46
21 44
12 61
15 24
30 31
14 32
14 7
28 13
12 44
19 49
23 90
17 76
20 12
2 79
25 85
28 5
24 85
11 30
5 4
14 23
6 76
2 17
29 29
19 50
9 64
14 1
16 72
28 73
17 93
25 72
2 42
8 74
3 85
2 53
23 11
16 100
3 45
24 95
8 12
4 92
1 1
28 32
14 45
3 84
15 43
8 55
8 25
11 45
15 34
13 37
11 12
8 29
24 32
3 50
3 87
6 5
0 73
25 99
21 46
3 2
25 9
29 21
9 32
16 73
12 92
17 21
14 63
0 70
0 13
21 39
4 70
29 78
17 79
25 41
6 86
1 99
26 36
9 68
27 93
18 4
12 6
29 75
2 72
17 40
16 6
22 10
11 65
29 72
4 22
19 43
24 49
4 65
14 53
12 64
8 71
21 90
1 35
10 67
7 100
1 38
10 83
14 77
14 18
3 17
5 32
1 94
28 28
12 10
1 22
5 61
27 62
11 8
4 2
9 30
19 91
23 44
28 53
13 100
13 87
13 12
22 40
14 98
25 9
23 30
9 10
14 95
0 22
27 94
12 22
9 77
20 85
16 88
0 28
16 42
8 48
7 48
12 98
24 47
2 30
10 64
24 14
25 14
15 24
1 35
1 12
28 19
29 100
25 37
17 16
20 92
23 98
8 92
20 76
27 20
24 2
25 13
14 25
4 47
1 24
11 39
7 9
20 23
9 97
15 70
10 73
12 76
26 75
20 7
30 24
25 17
21 49
4 10
21 78
4 32
13 31
23 41
6 50
19 26
6 30
22 53
25 97
26 88
10 26
21 41
23 53
7 92
6 11
20 50
6 20
22 63
8 69
2 50
22 69
0 78
22 33
0 26
19 56
9 98
30 1
21 36
7 37
19 57
2 22
2 13
26 94
6 81
25 43
3 97
3 34
26 41
16 94
11 61
16 100
28 35
11 76
16 24
20 58
1 20
4 52
30 23
5 51
11 62
12 81
18 72
12 64
3 63
3 82
12 38
9 39
23 26
19 81
8 27
10 97
10 62
4 36
3 87
15 10
15 53
10 31
3 66
8 29
13 44
21 75
29 27
11 35
17 91
27 84
24 23
21 54
13 93
25 100
28 8
16 35
29 64
7 78
2 4
4 68
14 69
25 78
23 22
26 67
17 74
1 69
19 98
10 3
10 75
25 22
25 91
19 79
28 93
0 89
19 37
5 22
5 18
5 7
22 23
1 80
14 14
29 23
17 25
25 93
11 36
15 83
15 98
22 12
12 97
7 69
7 26
16 30
7 25
21 62
10 21
13 81
29 89
10 68
20 97
3 28
3 98
5 95
19 31
25 63
0 11
12 47
4 77
12 57
16 15
9 30
21 58
19 14
12 81
2 5
19 78
11 10
12 57
29 34
23 27
1 59
2 41
23 24
17 23
30 32
8 12
13 87
12 22
10 41
5 62
17 55
9 34
0 58
0 71
6 26
5 99
20 84
18 44
29 7
9 2
17 20
14 92
9 17
29 65
7 16
26 73
21 94
7 5
6 54
18 72
6 15
9 52
8 11
22 17
2 18
12 1
27 1
11 2
1 54
3 36
7 99
18 36
9 12
10 74
18 68
10 76
26 2
9 79
17 90
22 79
10 8
2 49
9 51
15 34
10 95
7 7
4 89
10 29
0 33
15 39
9 45
9 9
19 1
9 41
13 7
9 38
18 73
8 34
5 86
2 23
22 98
17 62
20 95
25 85
10 9
4 61
13 10
30 97
9 24
11 77
19 34
1 15
25 18
6 48
23 23
27 86
8 97
20 94
10 70
3 30
12 88
22 32
13 75
13 37
11 21
28 80
5 3
16 16
0 1
27 5
26 69
6 92
1 54
16 88
2 69
8 11
20 25
20 61
29 83
9 74
26 21
24 13
26 31
10 52
5 46
19 99
17 69
5 96
16 14
6 18
5 69
19 81
2 5
1 21
9 81
23 12
3 34
22 25
17 69
17 39
22 50
28 40
15 26
18 53
9 43
15 15
9 47
1 88
13 47
14 67
14 28
24 10
26 35
16 91
0 33
4 59
10 47
6 36
25 40
13 87
18 100
16 51
27 75
27 91
3 71
16 42
22 39
15 12
5 98
3 64
16 33
21 7
6 79
8 61
14 72
3 14
9 25
9 62
30 32
23 58
13 58
2 2
30 95
5 13
8 14
2 64
9 15
24 17
7 68
15 83
21 60
30 82
4 95
15 2
18 87
4 34
25 23
9 55
16 10
14 22
29 9
20 72
6 71
1 49
20 57
27 67
6 39
22 79
16 24
26 34
25 70
8 54
20 55
8 2
14 96
21 42
4 46
28 66
18 21
19 67
28 15
14 30
18 16
11 67
27 5
22 47
23 63
3 7
1 45
19 18
8 69
22 99
6 76
8 66
9 70
9 83
11 41
10 28
29 7
20 22
10 27
15 18
30 18
18 41
23 81
5 90
8 3
21 29
25 5
7 69
12 13
1 40
14 43
3 8
17 88
26 12
24 24
7 85
11 41
16 22
4 88
24 32
13 9
15 6
12 96
1 68
21 5
0 62
19 8
24 62
15 76
16 15
28 9
0 98
30 71
30 48
23 90
26 23
2 94
6 54
22 27
9 77
1 100
10 64
29 40
3 41
20 21
22 23
29 68
22 71
26 74
3 60
23 75
13 12
29 99
26 40
4 6
15 9
15 58
19 83
26 3
26 7
16 47
11 75
9 98
26 37
25 70
8 41
30 87
7 60
23 68
8 94
24 46
7 59
25 2
10 76
24 25
12 26
22 100
22 57
14 90
28 36
9 15
12 19
18 26
28 53
30 74
30 2
10 66
15 64
3 65
13 70
7 94
14 57
22 80
10 81
7 64
6 15
27 55
17 32
25 68
6 74
24 44
9 67
7 18
18 21
15 58
2 15
27 66
23 24
19 66
13 45
11 35
27 98
19 58
24 51
11 45
21 1
14 91
9 41
28 54
5 85
12 90
9 70
0 86
0 49
8 92
25 7
0 60
11 44
8 32
18 83
18 8
20 60
21 33
11 62
16 38
23 16
25 100
6 29
25 90
16 73
7 64
19 96
19 71
27 54
12 22
10 82
1 84
3 3
2 92
17 69
1 89
7 55
27 20
6 55
18 66
27 50
12 38
12 60
11 54
2 76
9 43
2 39
30 60
6 53
5 38
0 66
12 60
14 33
28 33
16 43
8 28
27 67
19 87
6 83
13 79
3 51
0 4
22 11
11 82
0 99
29 34
7 53
11 70
21 93
5 60
0 61
9 87
19 78
4 93
17 71
8 27
29 47
23 63
13 35
28 78
5 11
0 35
11 55
18 13
19 46
7 12
16 4
21 77
20 74
30 86
8 86
3 74
6 66
14 38
20 47
27 35
12 31
13 11
11 3
0 54
0 11
25 25
9 24
6 78
5 35
23 81
18 31
20 20
16 50
15 89
19 99
12 83
4 53
16 57
5 12
25 95
30 60
9 84
8 87
13 44
3 73
12 6
3 43
13 64
8 64
8 63
0 82
13 60
5 21
21 38
14 50
29 29
19 39
20 76
30 48
29 73
14 30
26 46
26 97
27 94
8 22
8 27
4 38
12 98
28 83
5 4
3 94
28 72
24 100
4 7
5 52
20 1
16 60
28 66
13 67
15 64
10 48
5 87
10 25
16 29
19 71
28 50
21 37
1 64
4 57
29 10
18 58
12 70
24 7
30 26
23 99
21 91
12 15
15 24
20 44
9 75
17 95
15 68
10 60
26 30
6 72
23 93
9 93
27 43
13 54
22 62
21 29
13 48
11 85
2 37
24 15
8 52
12 7
3 73
24 64
26 61
18 67
30 98
22 94
8 8
4 48
2 70
8 49
29 42
28 46
4 8
29 71
23 72
1 42
8 3
27 84
18 61
16 56
3 12
18 36
9 8
19 84
13 75
29 58
26 81
16 14
6 67
14 61
1 81
13 89
14 20
12 68
3 33
18 85
3 86
2 12
16 87
1 19
2 76
7 90
29 64
21 40
10 79
30 56
21 89
21 96
2 15
12 42
17 95
3 22
21 8
25 24
9 58
5 38
3 75
30 98
12 51
2 2
28 92
