100
28 70
28 45
13 26
5 94
18 87
1 94
2 31
30 10
7 4
20 24
28 91
5 97
17 2
27 45
8 44
7 72
19 68
20 34
4 75
27 41
13 74
7 91
21 68
18 5
17 20
22 75
13 15
25 81
2 6
7 96
16 57
1 42
25 43
28 20
8 69
9 6
0 59
29 74
12 93
29 34
17 99
24 38
24 95
13 80
14 90
3 18
25 66
1 52
16 19
20 99
28 34
26 74
28 92
14 21
30 27
4 17
3 52
0 44
30 97
25 52
22 41
12 100
7 5
24 69
16 74
11 80
11 39
25 42
16 25
9 61
5 24
27 60
30 2
9 59
10 12
23 24
1 87
14 74
23 77
1 4
19 36
20 98
13 55
22 53
24 22
1 99
4 76
20 6
22 67
5 36
22 8
16 58
0 92
27 21
5 28
17 69
6 52
9 48
2 31
16 33
27 38
10 53
22 95
23 13
12 26
24 36
14 96
14 16
10 65
27 59
20 68
7 58
15 3
29 86
29 33
13 23
6 50
7 43
13 67
21 84
25 86
12 37
15 95
4 82
14 59
21 84
10 82
18 27
16 71
15 9
18 100
1 2
19 96
7 7
25 60
3 47
3 98
7 96
11 1
20 90
18 24
2 4
0 61
1 43
25 55
3 61
2 57
18 36
14 5
1 72
10 8
12 2
17 28
15 64
19 28
9 12
14 100
29 47
3 72
12 29
8 16
6 74
0 23
27 97
23 31
27 58
13 13
5 37
20 51
25 33
22 65
16 11
7 38
25 40
11 24
7 95
4 100
27 86
20 12
3 70
1 61
7 93
2 43
23 79
25 19
7 47
2 46
24 55
29 46
2 95
12 63
27 42
29 5
0 55
19 83
10 59
23 63
30 42
23 83
6 85
26 69
8 38
2 52
15 9
16 5
14 26
9 53
28 96
0 79
28 9
7 37
14 8
12 72
7 100
0 35
3 67
27 18
3 22
2 65
11 84
28 9
28 68
21 92
28 51
14 31
24 97
12 77
18 60
23 62
25 42
5 76
21 49
6 87
7 71
23 29
20 48
29 80
23 67
29 99
20 91
6 78
15 44
4 25
1 66
1 15
22 5
8 34
25 75
0 85
26 62
28 74
19 74
22 99
29 38
16 36
11 80
0 71
29 88
24 98
7 48
19 89
12 41
19 38
24 82
15 100
23 40
1 11
14 84
1 26
30 57
12 36
24 38
10 36
13 44
30 95
2 61
14 22
7 88
12 8
9 86
5 83
11 26
3 46
17 32
16 39
20 92
1 27
28 53
2 20
28 17
11 25
16 33
16 27
16 26
4 12
22 5
24 75
28 12
11 3
11 25
30 13
27 87
28 13
15 74
22 25
28 42
0 28
6 72
25 65
23 69
1 21
2 10
21 43
6 24
5 76
3 89
5 96
17 99
21 70
14 69
16 35
11 9
13 71
10 20
5 65
14 62
4 21
12 47
21 79
3 93
18 70
25 40
27 43
18 8
10 16
10 26
23 37
7 17
2 38
19 9
29 3
21 4
3 94
13 33
29 61
19 43
27 80
15 79
24 5
9 84
29 3
13 1
26 26
19 9
26 39
26 20
11 89
10 93
4 98
10 92
29 7
21 47
20 48
21 46
5 19
24 47
22 88
5 18
0 1
18 8
7 18
16 14
14 92
10 14
22 70
29 34
16 76
12 46
8 89
21 82
10 30
24 79
23 65
10 81
18 34
7 63
20 47
25 92
15 21
21 34
26 13
16 56
30 15
2 27
26 65
6 55
18 99
19 25
2 74
8 8
14 9
3 82
4 45
3 90
5 85
2 25
15 49
0 41
15 88
27 21
16 73
12 27
21 28
9 62
4 58
28 43
2 86
13 5
22 84
1 23
26 92
6 73
0 80
8 13
11 23
10 34
19 33
19 90
3 87
18 51
9 37
21 44
20 75
25 88
15 72
3 32
14 49
21 74
14 16
7 59
18 90
0 76
17 93
15 21
15 44
28 96
1 21
0 54
13 100
19 10
21 14
28 3
29 4
27 30
25 60
3 41
0 43
3 12
1 81
9 97
3 1
1 3
19 24
8 38
26 86
8 73
25 25
12 46
2 98
10 99
26 48
16 75
4 96
5 46
10 48
4 96
15 47
2 24
26 60
4 37
7 11
30 6
24 10
7 4
25 32
5 80
27 90
6 99
1 10
29 14
26 10
21 88
4 48
26 25
9 97
2 90
17 37
10 24
29 62
3 37
21 89
16 93
21 10
29 6
19 22
12 49
9 69
26 50
23 44
22 88
2 95
27 2
8 96
26 82
4 62
20 72
8 65
6 6
30 53
29 10
25 67
6 52
30 75
8 6
30 1
11 36
12 25
18 58
6 31
14 3
11 95
28 96
26 31
30 8
27 16
25 25
22 31
1 60
6 21
27 19
16 60
6 60
4 44
7 40
8 56
10 49
4 39
6 7
14 89
24 55
27 12
25 66
14 48
9 86
8 80
5 70
25 27
18 35
9 95
22 83
2 22
9 17
19 74
18 21
15 84
15 18
17 14
21 30
6 39
22 45
26 8
24 17
2 3
19 37
3 72
18 26
13 88
6 98
13 81
20 92
28 48
15 59
10 14
5 15
7 36
14 83
23 91
14 45
13 61
24 54
2 62
22 24
1 49
16 14
16 43
5 24
1 87
30 60
13 50
0 73
2 8
22 54
28 65
16 82
9 53
20 19
8 63
0 60
0 85
10 12
28 73
20 75
14 82
19 6
8 17
11 37
29 67
10 54
29 18
3 53
27 39
6 13
20 57
20 23
3 65
6 1
0 79
10 88
15 3
4 8
22 27
27 27
10 88
2 33
14 19
25 87
16 89
27 39
9 77
28 46
13 43
14 16
17 19
5 17
4 34
5 91
1 37
0 99
1 51
29 47
1 14
25 1
14 36
6 63
2 52
24 69
9 24
24 18
28 44
13 13
21 2
29 69
0 91
22 95
0 34
8 64
29 79
1 3
12 92
2 16
0 39
19 94
21 59
29 56
18 11
28 81
20 14
7 18
21 84
16 18
2 97
30 4
19 26
13 13
25 33
18 32
9 84
14 86
23 29
22 75
29 85
15 11
4 66
1 97
7 58
2 91
17 16
21 97
10 73
25 54
28 77
5 67
11 27
13 28
29 23
19 18
8 17
8 95
9 55
21 52
27 18
7 10
15 20
8 50
2 35
25 17
0 18
18 88
25 100
24 24
5 59
25 2
16 69
16 71
15 70
12 85
0 64
2 84
24 11
17 4
0 91
1 17
26 99
0 94
13 22
16 75
14 97
18 69
9 97
12 83
15 66
16 69
9 74
4 29
20 59
11 92
24 2
6 42
27 20
3 13
6 90
8 67
21 57
22 14
30 93
18 76
24 58
4 50
10 14
12 9
25 17
4 26
11 40
24 48
13 47
21 43
26 55
3 37
15 48
9 53
10 66
25 22
19 32
24 64
22 21
2 38
16 59
24 41
2 16
2 8
22 72
10 75
30 2
10 42
2 17
3 7
7 18
11 64
26 87
30 46
30 36
13 35
18 17
0 79
20 50
22 86
6 41
12 53
27 30
7 77
29 39
26 96
29 23
4 42
27 82
4 70
16 23
11 87
28 36
22 15
13 89
29 34
18 44
27 63
13 10
9 57
15 9
23 56
4 67
21 34
8 42
19 39
5 97
8 93
21 40
20 58
11 62
21 65
3 80
0 44
10 18
26 32
0 90
15 16
27 73
16 74
23 95
7 80
26 97
8 1
22 32
2 52
29 60
23 1
23 12
4 43
30 10
3 79
23 53
22 54
28 80
30 91
30 43
16 49
16 11
6 57
14 49
12 57
20 3
21 87
20 35
2 63
18 84
7 14
5 6
17 6
9 56
15 47
19 93
16 61
9 3
5 11
6 40
15 66
22 48
17 73
10 79
17 98
14 10
11 18
11 13
26 45
19 15
27 85
29 56
16 64
12 100
16 99
4 61
12 66
8 66
27 10
9 16
20 21
19 19
10 87
2 11
15 27
22 88
21 31
28 57
16 45
12 97
29 21
26 44
24 3
26 18
10 1
25 74
18 94
6 18
30 76
28 55
9 74
14 63
14 44
25 84
27 26
19 87
11 83
5 59
16 41
21 10
10 52
26 94
27 1
13 1
1 94
16 36
26 6
10 72
11 46
30 21
6 75
28 20
2 92
7 1
27 67
19 27
14 14
27 82
30 54
4 43
16 55
29 90
4 61
8 8
22 21
25 32
18 76
28 66
20 17
8 55
1 12
20 58
22 53
27 29
7 48
10 99
9 51
15 76
20 65
12 55
8 81
8 57
3 46
14 99
14 2
7 24
5 98
25 92
25 68
24 55
18 36
30 23
4 94
7 51
5 35
7 69
6 61
23 51
0 60
8 86
3 58
22 4
0 39
7 85
24 31
25 38
10 42
20 35
0 43
3 57
11 73
14 8
26 80
26 91
11 92
3 20
1 62
21 14
4 97
16 43
5 55
4 21
23 62
4 98
9 33
26 58
8 11
28 8
21 36
20 64
19 42
3 29
1 44
25 71
0 63
2 26
15 28
17 14
28 22
15 70
21 51
1 34
13 80
0 66
25 36
4 45
26 37
19 29
30 43
15 32
25 27
19 94
22 29
9 62
14 71
29 41
12 31
25 37
18 2
1 88
3 55
24 46
22 89
0 5
11 1
7 74
5 48
4 17
17 95
14 64
18 30
24 90
4 53
27 98
2 56
22 9
14 100
17 59
22 14
28 53
19 29
23 14
1 58
28 40
0 61
0 68
1 68
0 2
22 21
19 37
8 92
7 62
26 84
13 29
22 87
27 81
4 73
30 41
14 40
12 47
1 31
23 78
3 51
4 61
29 42
18 64
5 38
3 60
8 34
0 75
28 47
8 94
19 32
23 99
4 78
23 95
12 95
25 30
22 51
11 16
21 11
13 71
29 57
15 24
27 36
13 40
6 32
0 38
15 31
15 65
12 87
2 41
9 89
0 11
20 34
3 79
19 54
21 15
4 91
16 18
30 69
7 31
25 42
16 89
30 36
25 72
27 58
25 30
3 98
24 79
10 98
9 42
5 80
9 59
11 99
3 13
27 17
11 2
23 63
24 37
11 57
0 100
2 48
1 80
10 4
24 56
5 52
6 92
12 88
12 37
25 6
21 68
5 44
17 60
8 16
4 19
9 57
1 49
30 71
28 28
22 71
13 93
9 3
19 79
6 68
8 52
25 15
1 74
0 33
13 43
7 60
20 19
11 14
19 9
15 76
4 75
21 49
14 46
22 43
28 76
22 4
5 69
3 69
14 35
17 95
25 6
8 15
3 42
22 25
16 43
17 72
25 18
9 49
23 51
13 32
0 36
20 49
3 90
25 21
13 61
29 38
28 23
30 49
8 44
13 93
3 48
28 66
7 21
18 78
23 19
14 10
20 74
20 2
17 27
0 44
27 55
29 25
5 15
16 49
21 94
11 41
20 66
10 19
2 24
27 9
12 5
5 78
9 72
0 28
22 55
12 36
27 33
2 54
30 42
28 63
26 32
14 21
9 71
26 71
26 40
0 39
16 38
16 5
0 59
13 42
20 25
4 55
28 50
23 6
13 82
3 82
17 37
23 80
9 8
14 9
18 40
6 4
9 16
24 63
12 12
19 97
26 26
17 82
3 75
9 18
20 26
1 72
0 22
23 80
2 20
18 36
21 34
1 89
13 20
14 47
29 72
22 57
15 98
23 63
14 22
0 57
5 10
18 75
19 51
19 8
29 4
11 96
13 29
8 100
24 26
3 14
21 85
26 89
22 77
20 49
27 92
16 63
22 89
30 36
18 16
29 4
9 7
24 75
16 76
0 16
0 11
3 89
23 33
22 73
26 56
2 92
25 72
16 23
14 48
15 75
12 54
21 2
9 91
10 78
18 16
1 18
8 63
29 67
15 22
27 22
24 83
25 19
29 51
6 19
26 30
30 75
19 83
19 44
19 69
29 38
9 77
12 7
21 86
27 62
28 80
24 32
23 16
17 13
11 63
5 25
7 35
14 10
26 16
14 74
0 48
29 50
8 65
14 25
6 91
11 18
20 3
30 11
14 15
28 56
7 99
29 43
25 84
18 20
17 55
6 82
12 74
23 10
30 66
9 100
24 67
29 75
20 7
1 68
1 79
15 98
9 65
5 37
11 45
20 5
2 10
28 94
19 19
17 9
25 22
10 9
12 34
14 42
25 56
20 83
19 35
27 57
18 100
11 48
18 80
17 8
6 68
14 11
20 17
23 2
0 62
11 70
29 96
10 12
25 20
24 25
10 55
16 86
8 91
6 66
15 42
10 95
0 13
16 89
9 97
9 62
14 27
12 41
19 74
9 16
23 85
28 30
22 82
6 17
25 49
18 57
4 83
7 100
17 44
15 6
5 65
13 27
30 40
26 96
1 25
9 91
12 100
24 38
19 73
5 91
15 89
25 83
28 36
18 94
0 88
24 70
23 82
29 86
2 52
10 57
12 9
2 95
18 83
11 45
2 51
6 92
5 39
25 90
20 68
25 94
0 44
9 64
9 55
7 83
12 100
27 55
14 22
3 86
11 78
23 6
0 52
1 42
15 1
2 34
19 17
14 27
0 35
24 30
17 81
26 19
14 68
24 29
22 16
5 76
29 28
3 43
10 90
19 94
19 12
17 95
14 62
25 29
14 79
3 72
19 100
19 59
16 74
11 74
11 27
21 52
22 98
5 54
15 23
19 57
28 26
17 48
19 99
18 62
0 38
27 39
16 41
27 5
29 67
6 69
30 46
10 92
18 63
6 95
25 73
4 9
20 41
25 70
21 39
9 22
8 76
14 27
24 36
0 5
26 38
10 25
25 49
27 45
8 34
5 21
16 75
30 60
6 65
20 58
19 95
29 86
2 39
22 53
16 29
13 81
25 6
18 23
13 36
2 17
0 84
4 94
6 38
29 22
5 11
6 81
9 87
27 98
4 85
21 8
2 67
19 61
24 43
23 43
5 68
24 19
20 50
11 22
1 31
20 88
19 88
8 27
22 14
10 27
26 60
1 4
17 82
17 29
13 68
8 42
30 72
2 96
18 71
17 80
10 60
14 43
28 81
18 80
7 38
28 87
23 93
1 6
0 53
2 78
6 82
11 78
27 53
18 80
17 35
28 25
21 55
14 39
28 49
17 40
23 91
24 49
30 15
0 3
22 85
2 25
7 18
19 66
5 10
20 15
30 4
25 89
12 71
14 94
24 95
15 42
26 7
13 73
25 72
10 31
21 60
26 3
27 80
24 62
5 19
25 32
30 50
19 21
27 82
7 67
16 52
22 48
13 84
7 12
17 32
11 26
21 40
28 71
6 62
13 5
28 39
26 8
20 86
14 12
16 72
2 22
9 95
1 25
9 64
25 6
21 17
0 67
16 2
12 60
25 65
9 10
16 23
2 2
8 84
25 60
10 64
1 11
29 99
18 66
5 62
22 59
11 22
3 2
7 56
24 6
4 8
28 11
21 27
17 97
9 8
23 89
3 57
30 41
26 80
0 62
24 96
6 91
8 57
21 98
7 58
12 36
18 9
26 29
24 47
0 41
10 23
11 18
2 100
1 38
3 59
1 41
17 66
2 43
22 41
3 20
16 62
2 87
3 70
1 97
24 37
5 11
17 88
23 54
30 7
30 11
14 77
1 43
16 90
1 37
25 94
18 69
5 65
2 47
25 98
22 7
25 48
6 9
13 41
23 74
16 54
5 8
23 92
22 36
26 48
21 5
20 95
11 90
12 21
13 58
22 96
20 41
15 21
6 77
3 89
30 18
6 92
26 95
22 46
13 50
8 89
22 39
14 37
3 89
14 1
8 98
13 8
23 58
28 67
15 95
29 5
13 51
29 56
7 78
14 90
29 48
24 91
22 7
11 76
11 91
10 89
30 37
15 2
13 47
3 61
18 88
13 99
4 62
23 25
19 70
21 36
0 32
0 10
21 76
12 71
25 16
2 2
1 35
7 92
15 79
5 80
24 61
28 37
10 74
26 46
11 16
27 20
7 94
8 68
11 36
15 96
11 90
20 98
12 22
26 87
18 53
0 33
21 86
13 20
28 99
20 26
27 20
1 54
3 73
22 81
18 17
19 62
17 31
26 6
3 69
0 87
25 72
30 18
5 82
9 7
7 40
22 35
5 53
6 52
22 73
25 17
1 39
14 88
22 27
27 14
1 33
14 43
29 61
23 1
14 43
4 23
16 13
5 3
23 61
25 68
28 8
12 83
26 72
14 13
24 2
6 66
23 39
9 12
28 18
9 11
27 33
24 6
0 54
22 44
1 81
29 51
5 34
17 96
10 30
24 45
2 63
29 17
6 27
12 46
1 20
9 3
21 42
9 45
17 16
25 91
19 51
13 10
11 68
6 57
3 26
7 41
6 72
23 74
6 97
25 25
25 25
6 27
11 7
8 18
27 32
24 65
29 96
11 99
10 3
13 13
1 54
22 95
5 15
0 20
15 24
20 3
27 19
30 28
20 37
20 88
19 86
15 8
17 87
0 58
17 14
3 76
15 21
10 27
1 18
6 94
17 81
22 96
29 72
25 35
13 22
25 55
14 73
7 6
12 6
1 34
5 90
16 77
3 47
27 12
11 69
6 73
5 82
30 89
11 41
25 10
12 14
19 24
25 42
27 47
18 90
6 72
3 5
16 49
11 94
24 97
25 5
7 59
13 75
0 17
28 29
2 88
11 6
25 97
13 65
9 83
19 24
10 88
12 85
25 71
15 13
5 84
18 8
20 31
29 95
21 70
20 48
17 49
15 62
6 49
1 65
4 87
16 2
4 52
14 28
30 1
22 40
15 90
22 51
11 76
5 48
5 12
13 48
19 92
20 36
2 21
23 8
30 96
24 52
11 33
10 10
18 68
4 58
14 69
21 72
30 38
7 100
21 16
22 53
11 93
15 23
19 57
11 90
24 61
22 16
8 6
15 30
18 64
6 75
1 10
22 89
19 73
24 13
22 67
28 88
9 22
19 59
30 23
2 38
28 64
14 32
19 99
25 4
11 46
16 62
8 19
12 38
1 88
7 14
8 94
4 37
28 85
21 17
19 100
18 51
27 74
20 14
15 47
7 54
10 37
25 40
21 65
28 86
12 63
25 60
11 97
2 46
15 84
14 6
14 51
17 50
4 77
30 65
9 8
1 4
3 25
11 72
2 62
27 50
1 53
13 100
22 15
21 28
14 21
25 53
0 8
10 2
20 9
0 14
23 86
21 20
16 100
14 86
7 1
7 99
10 22
6 13
25 37
26 80
12 40
24 10
29 82
29 89
0 13
4 36
21 26
7 52
12 90
7 85
7 10
11 96
11 66
22 68
27 10
22 93
16 33
21 42
4 70
24 30
16 24
18 57
7 57
3 12
22 64
7 91
14 88
13 100
9 93
1 99
28 2
0 1
21 51
27 44
18 68
16 45
30 71
10 12
21 14
9 5
10 82
25 34
4 47
15 13
0 54
17 61
20 70
5 25
13 18
13 65
21 28
21 74
30 12
5 45
0 91
0 87
18 45
9 3
12 86
9 31
17 84
18 30
7 40
0 35
27 10
27 79
24 55
20 14
14 63
29 1
27 95
23 93
18 78
26 8
22 5
11 35
19 84
29 71
9 85
26 27
22 51
29 56
1 59
20 12
12 43
3 45
30 23
29 1
30 35
26 79
22 82
6 83
12 31
28 93
15 39
20 18
0 90
11 15
5 75
24 27
10 29
30 96
12 79
16 48
18 25
2 40
30 60
13 82
12 38
21 33
1 15
16 2
9 53
10 81
15 18
9 43
13 78
16 1
5 54
2 48
0 45
0 80
6 49
30 81
7 98
27 12
17 99
15 61
20 8
5 12
6 55
0 2
3 84
21 17
23 38
13 67
5 58
0 36
2 42
0 60
16 54
28 70
14 96
24 12
7 88
27 99
5 84
26 42
4 14
24 6
16 63
26 91
29 25
5 33
19 40
4 12
8 24
3 18
29 63
0 23
15 92
13 31
9 93
16 52
0 51
28 93
12 52
5 78
30 38
9 68
12 45
13 47
23 53
5 19
27 47
10 6
16 52
11 46
19 58
25 1
14 2
22 92
20 14
11 98
14 35
20 57
13 43
25 14
26 32
1 77
22 67
11 73
22 34
5 42
16 57
6 68
18 81
29 33
1 29
7 88
17 67
13 80
23 86
12 4
1 93
30 91
22 43
8 74
8 84
0 79
22 23
28 22
1 70
9 95
28 17
14 63
5 35
19 56
23 78
8 68
9 79
21 93
11 65
18 18
15 31
23 10
19 7
27 18
15 74
0 27
16 89
30 9
4 3
18 18
26 76
1 34
9 28
26 84
15 17
16 61
20 99
8 34
20 58
20 36
19 29
10 89
12 50
13 21
17 14
13 51
2 73
30 2
1 22
28 2
22 23
4 14
28 79
10 87
8 55
6 73
25 71
2 55
16 90
0 65
27 97
11 59
7 25
13 36
20 6
19 62
9 21
22 31
4 7
27 44
10 63
0 16
7 72
30 96
1 70
5 66
14 54
29 52
21 11
3 22
2 20
17 4
14 68
26 10
10 76
22 97
13 93
19 11
20 72
16 58
4 56
17 68
21 55
10 76
12 17
28 24
26 100
23 3
7 93
0 84
29 82
9 50
8 94
17 12
30 95
1 45
3 2
0 27
2 29
30 66
8 78
9 2
14 96
27 43
26 83
7 43
1 38
14 43
12 96
29 19
15 67
26 3
14 43
3 28
28 30
21 99
14 37
10 22
19 33
16 21
18 44
13 97
20 17
9 86
5 6
17 70
6 96
7 62
13 43
24 42
17 86
29 34
18 41
16 13
23 37
10 32
9 62
29 44
19 32
4 55
26 51
29 94
19 58
11 97
20 9
4 15
25 6
26 81
5 75
27 7
4 65
3 84
28 60
9 77
29 94
12 50
25 66
15 38
29 95
9 38
7 44
22 38
29 49
30 95
10 34
10 49
10 84
3 61
14 80
22 20
15 42
3 47
10 43
27 85
21 7
4 100
23 53
11 62
10 68
16 83
27 16
15 87
27 89
3 89
19 88
24 30
19 67
19 76
19 73
29 57
26 44
2 80
9 81
17 55
15 23
10 66
8 56
17 76
17 17
9 59
7 14
7 75
10 34
25 69
16 47
24 100
2 71
25 92
9 55
6 8
14 55
12 95
4 99
13 44
29 66
26 79
29 25
0 97
11 32
16 17
13 5
17 56
29 46
28 35
9 61
11 70
22 73
19 28
17 70
17 58
9 22
26 17
2 47
11 93
11 59
4 21
26 59
3 66
29 71
28 10
17 18
27 37
11 90
0 67
27 29
12 80
3 18
24 12
18 30
20 9
27 53
4 23
22 46
15 25
14 63
4 69
7 62
16 13
24 69
28 79
29 56
3 78
1 82
11 76
2 19
12 36
0 3
14 89
28 10
1 64
17 67
5 36
3 61
9 14
21 19
29 22
9 95
5 65
28 78
14 99
24 44
18 39
20 10
15 65
25 67
5 35
2 75
16 42
21 43
13 82
9 65
20 15
6 67
9 18
21 61
3 82
21 70
23 9
15 87
13 63
18 71
27 26
3 14
28 91
28 50
13 35
0 23
0 62
29 59
2 87
2 81
1 42
30 49
4 65
7 17
24 59
24 87
8 48
12 54
5 63
7 50
13 20
19 58
6 64
20 51
0 68
18 82
15 96
19 2
14 6
28 60
3 52
22 19
23 78
27 35
28 56
5 99
19 15
24 18
0 20
28 9
26 59
29 19
15 62
22 36
14 53
8 52
10 24
20 37
7 94
1 77
20 97
8 48
27 87
21 58
15 49
8 26
27 88
26 40
14 16
7 21
26 34
13 34
11 66
2 51
23 25
5 54
4 6
27 58
22 72
14 74
26 73
11 10
1 71
2 13
15 100
13 35
16 57
20 48
4 49
17 28
7 77
8 94
15 84
18 38
9 21
1 13
20 96
30 80
18 54
1 10
26 49
7 86
20 43
28 47
16 44
11 40
19 64
9 79
18 51
29 27
20 25
10 85
30 38
30 77
14 74
16 22
9 79
22 84
10 80
14 20
7 40
6 28
0 1
26 7
11 18
19 80
12 96
19 46
10 65
16 8
9 82
30 77
6 98
16 12
13 28
23 81
10 60
21 54
22 36
22 71
19 64
2 13
16 93
11 20
8 22
19 87
5 48
14 73
8 71
29 71
14 15
28 94
29 80
17 27
2 13
13 63
12 74
27 65
8 25
13 70
1 76
1 15
16 41
5 5
29 7
10 2
7 70
27 46
29 92
28 66
8 74
13 88
3 99
25 75
17 96
28 27
14 62
11 18
16 50
17 57
9 33
5 38
24 47
5 71
24 64
5 10
0 89
1 7
1 68
23 46
14 49
28 40
5 11
21 29
30 22
4 35
8 53
14 42
4 48
1 92
4 87
21 18
18 21
27 9
28 30
23 26
28 6
19 8
12 75
4 74
30 12
10 29
15 79
12 46
14 27
24 15
13 31
18 4
8 40
29 82
9 44
18 61
8 62
0 43
2 14
12 90
15 3
27 14
23 50
17 69
15 7
2 47
8 61
19 8
4 47
24 87
6 99
11 24
7 38
15 65
26 43
6 100
23 57
18 22
7 42
5 69
1 27
0 68
16 95
17 83
30 88
25 34
6 45
27 36
27 28
11 55
26 47
9 49
18 19
15 77
18 59
8 32
11 2
21 5
19 20
2 90
2 57
19 38
21 69
24 38
13 35
22 11
15 60
16 72
25 14
3 21
13 63
1 91
11 12
7 88
11 51
26 47
15 35
22 9
17 38
23 14
6 7
30 94
30 70
16 13
18 43
10 25
0 70
14 15
6 10
29 4
11 85
30 3
23 34
29 74
28 8
5 30
27 94
24 77
11 10
11 61
17 51
2 26
24 48
18 85
29 71
8 14
12 57
25 23
6 16
22 41
5 46
1 81
15 87
24 25
13 62
7 97
27 49
9 15
18 20
21 35
11 11
12 65
12 65
3 4
11 21
13 67
1 60
5 9
28 24
2 36
14 55
11 9
2 78
4 77
3 25
0 7
30 89
11 27
26 55
12 12
24 52
12 69
14 24
2 97
0 8
10 59
19 82
7 48
13 10
28 40
8 62
23 22
2 93
18 56
0 66
23 11
30 71
21 91
21 85
1 31
13 12
26 83
20 1
14 96
12 10
27 75
5 63
5 23
24 42
24 76
25 65
26 30
14 42
7 62
16 24
10 26
20 59
23 79
12 14
23 52
15 14
6 58
15 71
7 34
5 28
1 65
9 91
11 39
15 53
24 26
29 97
10 89
22 89
6 30
6 81
19 1
16 49
25 58
25 39
24 22
29 19
2 20
19 67
17 71
9 77
13 80
14 91
19 92
0 49
16 53
29 72
4 41
7 74
23 33
22 70
6 95
21 84
3 82
10 70
20 58
3 83
15 39
6 74
28 20
30 50
29 36
20 73
20 46
20 57
26 4
16 61
9 64
6 83
5 98
12 21
29 89
7 97
4 83
5 93
5 75
22 39
1 23
11 53
11 6
5 99
27 79
13 46
30 55
20 12
7 13
12 3
22 50
16 53
7 14
7 86
11 27
1 97
11 82
28 72
2 3
24 87
20 63
23 89
5 32
30 20
25 23
7 42
15 90
6 4
23 49
8 87
2 57
7 40
26 37
29 80
13 57
13 37
26 100
24 83
0 8
7 87
4 51
28 43
15 36
30 100
29 81
0 67
18 60
17 85
24 74
22 14
0 18
30 92
30 76
17 57
15 88
10 82
28 44
10 87
8 88
20 39
18 79
22 58
17 66
0 47
13 50
14 72
28 64
26 76
14 65
28 13
17 83
18 35
2 18
30 75
24 78
6 74
10 9
24 68
22 33
21 1
18 34
13 77
2 41
1 16
9 41
23 89
24 7
17 28
16 31
8 11
15 42
6 27
3 6
24 46
29 9
1 34
17 66
8 68
8 84
30 28
16 91
29 29
24 94
12 58
0 74
27 45
11 43
12 86
1 40
4 5
16 43
30 28
10 30
10 4
6 88
21 17
11 31
30 14
17 78
7 17
7 64
11 40
15 18
6 97
1 33
10 42
21 30
17 42
22 6
26 99
12 15
26 62
3 86
3 32
0 55
21 79
16 1
16 92
24 89
13 37
1 66
7 65
24 74
8 8
19 27
13 79
22 89
7 20
7 88
17 81
8 31
15 58
11 36
7 79
17 48
12 10
0 35
8 15
10 11
4 7
20 73
30 71
17 64
26 78
8 52
18 96
18 76
28 49
14 56
29 45
13 82
27 42
10 84
20 36
23 100
2 40
7 35
24 6
16 94
8 25
7 47
18 55
15 22
30 45
18 66
20 74
23 74
24 33
1 10
26 40
3 53
0 32
17 17
13 92
26 64
4 87
8 3
6 24
12 2
7 88
0 89
23 45
27 7
19 31
19 87
12 98
17 73
12 74
6 72
8 85
17 75
0 24
25 56
26 32
1 76
30 54
30 1
7 20
8 46
3 66
23 4
4 10
13 8
11 3
1 63
5 22
27 94
9 11
24 93
27 17
20 45
11 67
14 42
11 24
22 23
16 41
20 45
14 98
5 51
10 31
26 57
16 78
23 15
29 17
9 66
20 30
3 70
12 50
28 99
16 78
26 54
28 38
3 88
18 78
9 3
4 70
6 59
12 11
19 1
7 95
27 76
13 34
19 34
10 86
24 88
29 80
29 50
17 75
9 4
21 54
26 52
24 99
4 2
7 54
19 36
28 70
12 94
2 42
25 69
21 30
27 7
18 95
1 16
6 25
29 48
11 95
29 82
10 73
28 20
21 70
6 35
27 83
25 100
7 6
23 32
24 8
6 93
12 4
29 66
9 4
4 28
18 35
1 92
18 28
7 73
17 38
2 70
23 2
19 70
23 25
4 4
27 33
5 51
22 84
19 25
25 18
5 60
10 33
15 83
1 62
9 54
4 69
19 93
11 75
23 96
15 88
0 15
12 79
19 60
18 58
13 95
16 70
23 80
24 62
30 48
25 20
18 66
30 53
29 22
19 45
21 20
14 41
9 77
14 46
18 94
30 52
12 13
12 37
8 65
11 47
10 68
29 62
28 53
19 42
17 72
17 19
16 79
5 36
9 93
21 93
2 66
21 60
21 32
27 41
25 32
9 9
21 89
2 83
7 59
26 23
1 52
4 95
18 73
19 55
13 88
20 56
5 98
4 55
30 90
20 79
15 84
5 91
16 70
19 77
30 40
5 61
19 78
3 54
6 20
20 84
21 100
4 43
23 84
9 20
26 81
10 21
19 22
25 38
28 64
12 70
29 66
1 90
25 9
12 69
3 22
6 5
13 60
19 2
19 75
26 27
7 97
20 8
23 100
28 72
1 3
4 13
8 4
23 19
13 51
4 23
6 56
4 49
7 70
14 14
10 93
9 22
24 77
18 95
17 57
13 61
22 2
16 94
20 52
25 96
18 81
20 12
17 54
5 35
0 36
0 31
11 67
4 55
26 4
15 3
28 73
7 39
16 20
27 56
11 16
19 99
23 86
6 49
26 68
4 7
24 91
0 84
13 70
10 42
21 15
0 17
5 12
0 61
0 27
21 60
11 61
19 33
18 79
12 73
23 81
28 22
1 66
11 27
23 94
4 85
5 28
9 58
14 8
19 39
0 32
2 61
25 66
29 41
24 71
19 39
10 98
27 80
14 81
10 72
7 74
18 76
23 76
24 99
12 7
20 43
8 62
29 78
2 86
11 59
13 97
16 48
29 80
20 80
5 38
7 35
23 40
7 72
23 5
5 75
0 97
3 92
0 97
28 20
23 7
1 20
18 96
29 79
2 47
21 23
7 71
26 96
9 36
20 47
24 17
16 88
28 20
3 46
17 33
14 77
1 6
13 6
7 22
0 57
19 13
1 100
23 47
14 4
4 21
29 44
10 25
7 8
13 63
25 39
15 75
28 92
17 53
7 69
0 76
3 69
27 15
9 44
25 59
12 20
15 4
21 27
26 74
17 1
18 91
5 28
15 69
4 45
22 46
30 25
24 7
11 100
4 10
13 56
28 83
5 12
27 52
19 47
0 10
1 90
12 49
22 42
4 71
14 34
7 70
14 32
16 69
11 68
17 54
13 26
16 75
18 29
26 56
20 50
25 58
25 35
27 38
15 86
3 95
4 74
20 86
29 19
5 39
2 30
22 96
16 3
22 47
6 82
11 35
29 85
11 11
26 54
28 46
27 63
7 37
5 26
7 58
1 18
25 50
8 20
4 71
30 89
15 80
14 6
0 17
5 81
14 44
19 61
5 78
29 2
0 47
17 30
23 58
28 63
16 47
11 38
14 70
28 17
1 90
8 42
12 55
17 26
23 25
13 69
15 34
15 18
7 72
22 38
25 34
13 71
5 31
22 24
29 13
8 36
5 98
29 41
1 15
26 67
27 33
11 6
16 88
29 39
15 68
7 2
24 100
29 27
4 93
8 20
16 91
17 82
12 29
13 25
12 96
12 38
13 93
5 69
28 93
12 90
28 43
9 49
23 37
29 60
26 67
13 25
29 96
15 94
21 7
12 95
17 48
27 33
26 81
6 30
14 35
18 31
7 25
24 94
18 14
28 75
0 70
25 50
20 24
20 81
18 53
20 52
15 55
25 69
9 45
27 6
2 57
22 94
9 28
14 59
22 93
13 4
30 21
28 96
10 77
13 32
28 80
9 99
10 19
3 9
29 78
17 56
20 74
6 75
7 14
19 32
22 50
29 88
16 61
0 68
16 35
27 31
8 12
10 58
26 99
3 2
5 71
6 78
9 75
6 70
10 59
12 36
30 87
9 44
30 24
16 34
15 93
18 91
28 60
25 95
19 25
23 87
30 91
24 74
26 90
5 95
22 77
11 74
14 39
1 49
25 22
13 27
15 17
15 90
6 20
0 75
8 83
18 39
21 31
25 25
1 32
1 72
11 31
23 89
20 47
12 46
8 56
30 41
23 57
26 63
7 36
28 7
13 38
26 87
16 63
10 12
22 82
19 77
6 10
5 54
11 75
7 79
6 24
1 35
26 69
14 52
2 41
12 61
9 94
5 27
30 49
9 28
0 4
14 67
10 98
25 8
20 89
4 39
6 55
24 26
20 79
3 90
10 33
9 37
6 43
2 72
0 83
23 31
30 37
13 21
17 41
27 7
14 97
2 53
24 31
10 54
20 42
18 52
30 75
19 23
7 60
0 69
10 90
8 40
19 36
21 16
10 94
24 83
17 29
27 29
13 93
23 67
21 40
1 35
14 26
18 21
0 96
27 85
16 67
21 15
11 54
28 88
14 87
4 92
18 36
25 46
27 70
10 17
27 98
2 11
22 38
20 13
16 7
21 72
8 46
3 16
0 79
11 60
5 75
23 14
5 9
15 98
9 58
18 40
30 46
14 78
8 51
15 95
27 59
22 69
27 20
16 79
4 90
13 41
30 95
2 1
20 80
29 16
5 33
18 86
1 27
27 82
12 11
15 95
20 60
18 19
22 72
0 24
7 33
7 97
25 48
22 27
29 98
12 62
7 42
28 76
25 76
30 43
21 91
2 18
3 12
12 72
16 4
2 100
20 43
4 5
25 82
0 40
6 90
16 91
9 77
23 37
30 73
1 82
28 88
29 59
14 3
29 19
3 19
28 59
19 50
28 61
2 70
6 44
9 40
9 17
11 44
10 95
17 62
25 33
3 7
30 88
26 66
25 12
10 16
8 20
14 48
16 50
20 12
6 99
6 3
15 79
19 46
12 42
0 34
29 96
3 64
24 52
10 10
21 10
13 10
19 53
24 78
27 11
2 16
21 59
24 77
21 100
10 60
23 67
17 88
8 53
9 50
22 63
5 92
1 88
22 77
17 84
20 37
21 19
11 77
14 4
9 8
15 1
5 41
9 76
13 12
12 77
4 77
15 26
3 99
1 25
29 55
28 41
26 20
30 63
18 30
1 44
9 35
11 82
8 9
9 71
10 48
6 37
16 64
5 70
3 42
8 76
13 42
16 78
21 57
14 14
25 34
16 62
23 91
23 2
14 13
9 91
2 57
25 5
2 5
15 26
5 23
30 15
11 54
28 81
1 66
26 11
5 11
22 2
27 21
0 61
23 77
24 55
23 64
18 64
2 72
19 50
17 37
19 39
27 17
5 26
0 8
3 31
9 55
13 67
0 63
11 100
29 48
15 19
13 23
29 89
29 76
9 17
14 54
24 44
21 99
14 83
16 55
21 21
1 81
18 36
12 2
21 41
8 54
12 61
6 55
9 13
25 42
23 65
24 92
21 85
8 28
6 3
15 86
15 68
26 80
28 52
11 48
18 28
2 92
20 75
21 90
17 39
4 79
15 99
28 1
12 66
19 37
1 92
19 62
0 38
4 21
24 18
29 58
7 55
10 64
16 21
28 37
21 92
14 1
13 16
4 71
14 66
25 57
12 8
7 21
25 92
19 84
30 99
12 8
26 33
27 94
13 8
0 31
24 13
21 11
13 61
4 87
24 9
19 97
28 97
8 11
1 31
10 14
3 24
26 71
21 62
3 10
29 100
4 93
30 23
24 29
17 64
14 81
14 58
4 77
24 17
0 54
30 56
19 93
1 70
13 25
24 68
22 77
26 6
9 5
17 50
4 96
7 92
12 25
20 86
25 74
28 60
11 71
16 7
4 25
1 98
24 30
0 67
11 41
25 100
28 51
8 31
10 18
25 93
30 93
29 29
0 64
4 74
30 67
10 69
11 24
0 18
21 64
29 44
1 66
9 66
21 50
29 76
3 1
17 57
28 38
1 24
1 62
25 11
18 7
5 77
14 37
26 29
21 56
2 26
9 57
9 23
5 1
17 53
7 58
3 35
30 53
27 95
27 49
3 77
4 72
15 19
23 81
0 38
13 84
5 89
8 64
0 23
20 83
19 37
6 59
16 60
5 4
23 97
7 57
30 36
8 46
15 69
5 90
10 37
6 61
29 23
13 98
19 6
17 100
10 98
2 93
2 47
15 53
23 72
7 81
28 93
13 81
19 33
27 83
8 80
2 86
1 79
28 2
19 37
28 46
10 42
24 6
10 14
20 90
29 45
1 78
2 28
20 26
27 39
9 68
20 52
29 17
16 86
30 50
22 37
17 82
26 74
7 15
0 78
4 83
29 19
7 55
8 93
23 84
30 99
4 45
20 7
1 96
19 6
8 43
17 55
20 41
29 29
19 1
9 51
25 33
9 26
17 17
12 80
4 100
23 92
26 38
21 35
23 72
8 14
18 76
23 66
29 45
7 46
23 27
22 30
13 26
14 52
19 18
5 17
9 26
3 91
11 22
26 59
13 97
21 47
2 19
11 60
13 91
20 36
1 49
15 95
20 73
15 53
13 91
14 78
20 93
8 3
13 31
5 57
13 26
8 32
28 87
14 35
10 55
3 36
6 64
15 97
11 23
5 44
8 6
16 71
27 69
26 54
5 50
27 88
17 17
6 86
30 93
1 38
10 28
21 21
2 16
9 48
16 21
18 87
4 18
20 91
11 13
23 79
22 87
2 64
16 17
12 43
14 13
14 1
0 92
1 32
17 92
15 10
23 73
28 8
6 17
22 77
12 68
5 98
26 10
12 100
8 38
30 99
7 33
13 55
12 55
15 80
0 84
6 96
6 68
27 61
20 99
20 19
21 32
19 31
12 3
20 15
28 16
11 71
0 22
24 83
20 63
4 61
27 31
16 35
13 1
27 91
15 72
29 69
1 64
19 91
9 97
24 70
18 28
3 78
30 82
26 51
28 46
4 74
10 71
12 36
24 16
21 39
8 51
27 12
13 68
27 24
26 13
25 23
13 84
19 66
19 40
4 29
5 81
28 20
17 22
26 88
30 59
22 80
25 1
23 46
13 72
9 36
2 32
29 64
12 9
7 69
17 65
20 78
19 32
10 15
9 32
16 70
20 12
10 22
17 59
12 59
28 2
7 55
5 86
11 20
17 11
16 35
30 85
11 19
5 14
19 42
5 17
18 95
8 67
18 22
9 73
9 10
15 22
17 31
5 96
26 91
25 64
27 24
8 62
1 95
6 34
5 73
11 68
25 39
25 14
7 43
24 39
10 69
26 8
14 90
27 12
1 5
23 1
5 91
1 100
19 80
9 19
30 25
27 82
28 57
6 37
8 64
6 76
14 23
30 65
20 47
16 79
0 7
22 64
2 11
5 97
19 39
16 55
10 62
28 80
18 33
22 60
2 40
19 50
25 97
23 72
22 20
21 8
28 23
19 23
16 76
13 89
10 52
26 90
4 6
7 38
14 46
27 37
15 92
11 95
26 57
18 91
29 57
11 68
20 12
9 95
14 75
17 97
12 56
26 41
0 10
16 35
7 60
19 75
27 80
17 48
27 46
21 47
30 31
19 16
27 47
11 100
3 23
19 75
16 69
15 98
23 67
22 7
1 93
19 43
27 57
14 87
26 92
27 24
28 24
22 45
15 15
22 65
13 77
0 60
19 76
11 44
16 69
8 77
27 78
19 83
16 36
26 10
29 5
26 40
11 25
25 89
30 100
18 53
28 65
3 65
20 50
5 48
0 66
3 42
27 99
19 75
17 71
24 26
9 88
24 46
27 33
12 90
0 85
27 28
28 26
17 84
9 20
30 73
20 89
18 81
8 43
27 22
1 17
11 86
1 95
26 76
12 8
27 98
11 26
24 29
22 61
19 43
1 1
27 14
12 42
17 53
29 75
19 14
16 27
25 87
10 54
18 76
8 17
1 68
1 3
1 45
30 73
20 62
17 62
0 42
7 15
28 86
10 79
0 67
23 83
22 90
4 47
0 79
26 22
22 73
18 35
10 97
4 31
11 34
11 99
10 8
7 84
12 91
15 73
13 43
28 52
29 70
18 76
23 67
4 14
24 13
11 4
4 78
29 30
24 17
18 95
6 21
12 55
16 94
0 28
11 77
27 9
18 34
13 64
12 53
18 20
26 59
29 60
8 84
14 52
20 90
15 34
23 54
11 34
8 56
12 51
24 29
18 40
26 57
1 72
20 27
18 32
6 34
15 71
0 66
29 77
16 2
5 21
16 61
28 53
6 52
30 98
20 13
23 15
9 88
30 21
18 54
5 53
2 51
9 6
17 79
20 80
19 14
3 17
3 54
10 89
29 98
9 74
16 53
15 27
22 86
27 90
18 19
30 100
21 60
19 17
10 78
28 48
4 88
4 48
25 1
16 28
11 74
28 9
23 36
3 82
13 70
12 87
19 1
13 80
28 2
23 33
8 44
28 10
2 93
29 73
8 32
3 67
13 1
5 99
16 36
13 28
6 2
10 46
0 41
3 30
26 57
30 91
24 85
12 56
3 23
1 20
15 59
22 79
13 12
28 34
1 38
24 74
17 67
26 7
8 49
18 12
2 38
1 21
9 61
22 48
2 57
8 80
7 78
2 53
24 53
27 22
27 20
16 75
14 21
10 41
4 13
5 43
15 52
30 40
1 90
14 31
29 41
30 71
8 44
7 53
27 12
9 44
21 50
9 69
19 12
0 1
13 82
13 71
11 73
21 61
9 40
12 92
11 42
13 61
14 19
6 99
23 80
13 24
26 58
0 85
12 27
3 44
28 32
18 24
18 83
2 51
28 22
21 92
16 16
23 93
17 1
2 97
13 90
0 25
5 30
19 17
13 15
3 79
13 41
6 93
26 12
16 35
2 60
5 30
27 84
22 76
18 80
11 79
3 88
14 59
12 13
17 24
29 64
18 8
2 56
30 85
20 51
28 42
28 69
28 12
22 44
25 69
27 25
20 57
13 59
2 27
15 98
9 24
24 33
10 48
21 77
2 33
24 73
6 75
21 92
13 80
7 84
4 52
28 38
10 50
19 13
21 87
19 31
24 46
18 21
1 69
11 18
29 97
17 73
27 65
21 68
28 18
27 74
7 55
7 56
15 35
12 20
15 98
30 51
27 73
22 25
0 21
14 82
5 2
8 34
15 14
3 36
7 87
22 73
24 83
6 24
22 72
12 79
12 34
0 67
27 54
17 58
27 72
24 49
5 95
21 87
21 2
27 53
14 83
28 44
1 55
24 72
29 85
3 60
26 91
6 73
8 22
29 82
4 86
10 33
0 95
25 36
11 23
18 37
3 95
15 79
20 14
5 36
15 60
9 78
24 29
22 18
28 9
4 59
6 84
13 1
3 23
18 22
27 52
11 95
29 74
26 80
5 48
12 100
22 44
28 12
21 37
27 83
1 77
0 50
28 72
28 58
29 20
22 93
13 56
9 100
21 59
29 19
8 39
3 44
15 67
13 92
27 47
17 53
8 17
6 52
10 14
18 37
12 29
26 90
9 9
13 1
7 17
25 91
2 5
8 14
16 42
7 70
13 44
20 19
2 83
23 64
7 62
0 78
6 91
11 76
28 73
4 45
30 36
8 72
0 41
10 10
3 42
29 61
30 68
7 15
26 98
18 92
23 20
19 10
0 91
30 28
12 61
0 32
19 8
15 60
1 72
2 100
10 65
20 4
11 95
8 3
10 69
2 31
5 76
25 14
23 54
3 44
17 18
15 52
24 37
28 87
29 40
25 47
5 19
10 2
9 42
4 72
9 7
23 44
9 25
13 14
5 72
9 2
10 32
29 37
16 76
28 62
8 61
4 26
6 43
2 36
19 98
23 56
23 67
16 24
23 78
16 11
21 94
21 67
16 75
27 67
5 34
22 66
5 89
15 17
27 57
6 30
20 38
8 65
2 96
25 42
3 17
25 75
28 41
4 69
21 38
19 45
10 24
9 60
29 32
18 24
5 27
26 58
17 11
20 17
29 43
18 14
7 36
12 85
16 16
22 15
23 25
7 67
1 95
4 58
26 43
10 63
18 18
8 6
8 28
25 54
20 70
18 1
3 87
19 79
26 39
6 12
29 34
7 4
18 28
18 77
28 82
30 39
23 90
28 64
8 87
4 89
18 6
23 87
15 8
3 59
17 18
19 55
4 73
12 36
1 8
19 85
8 58
13 43
20 77
19 64
2 16
9 57
10 22
11 98
4 11
20 55
10 97
27 22
21 50
6 53
6 16
28 86
5 3
6 10
4 28
24 9
25 62
21 53
13 76
17 73
9 72
21 97
30 2
0 44
19 17
13 54
29 28
17 63
19 92
5 63
2 1
3 27
7 22
20 97
21 32
30 93
4 63
26 7
0 12
25 37
13 88
20 38
20 2
20 14
10 44
4 93
8 45
29 58
27 43
4 47
25 60
24 97
0 59
8 26
28 74
15 47
21 41
30 65
0 72
15 30
18 22
21 76
18 29
9 46
23 29
17 84
4 13
6 6
1 5
19 37
24 95
3 92
26 5
11 94
26 71
17 56
30 43
26 62
6 11
28 67
7 25
29 22
12 77
15 5
23 27
21 67
3 43
13 76
26 74
21 92
10 5
21 77
12 67
29 7
18 17
28 85
6 89
10 47
13 70
10 48
10 9
2 89
24 12
12 48
9 84
29 96
16 61
7 18
28 45
0 27
21 33
5 52
13 27
1 81
0 70
29 37
26 61
28 2
26 93
11 92
9 46
23 22
12 51
20 73
22 48
23 19
23 59
14 46
24 14
28 55
17 39
13 74
3 69
18 57
10 16
19 51
2 39
26 2
21 24
28 19
17 67
7 56
24 59
0 52
23 18
20 77
4 6
30 26
29 83
18 54
13 3
29 2
25 97
6 96
28 22
27 76
8 21
18 69
11 70
9 81
10 66
15 41
23 41
10 68
19 13
21 70
27 97
26 80
13 61
3 52
18 89
19 58
4 53
23 54
23 88
6 35
1 96
16 53
30 85
23 28
23 43
10 98
15 10
2 11
18 3
23 86
29 59
1 79
28 77
23 81
25 100
30 17
0 47
14 99
22 17
23 75
9 14
23 100
6 41
28 55
30 49
12 28
15 77
22 44
3 78
3 9
28 65
0 61
25 21
6 74
19 13
23 63
1 71
5 38
13 87
5 20
24 41
10 93
30 85
4 11
17 52
3 13
14 31
17 97
24 33
18 96
12 87
26 64
8 89
28 5
2 47
12 42
18 75
27 18
20 36
17 9
27 62
16 28
22 36
3 58
16 86
22 42
26 50
7 38
28 78
26 10
29 28
21 85
19 72
2 46
21 6
9 51
6 22
21 17
23 19
10 7
29 50
26 39
26 36
10 6
20 50
24 46
16 27
16 4
26 98
12 27
6 1
13 64
10 69
5 17
14 51
20 93
7 92
16 13
2 37
11 100
19 59
3 50
7 81
12 78
6 33
4 8
1 92
9 9
24 30
30 93
2 43
19 42
27 79
1 55
27 76
29 40
11 8
0 34
12 89
29 68
7 63
26 43
30 51
24 50
5 10
15 5
12 36
24 5
10 95
11 83
29 20
11 52
0 90
6 52
1 84
10 41
10 100
2 59
18 12
12 98
4 84
30 86
3 39
24 54
13 45
7 20
14 54
8 28
3 59
14 65
7 34
2 98
8 92
8 89
20 16
23 14
22 100
12 66
5 58
21 62
28 72
2 70
23 10
21 84
30 93
17 62
9 24
22 73
22 25
25 19
25 94
26 43
20 44
5 94
2 12
0 4
13 32
6 20
29 94
17 23
29 88
17 49
16 100
6 38
26 73
9 78
14 76
13 98
11 31
8 42
14 61
12 44
0 30
2 18
16 25
5 89
24 14
15 3
11 38
5 85
11 34
10 66
1 29
9 52
26 30
18 52
17 7
16 44
8 4
22 79
0 24
4 86
14 25
19 40
11 54
21 21
4 67
26 91
7 17
13 95
24 15
18 44
21 43
10 35
10 23
10 78
17 22
4 93
27 46
30 74
4 83
3 74
28 74
9 46
25 82
24 55
4 96
28 13
27 77
4 89
25 29
14 59
23 43
8 84
1 94
2 20
13 71
29 29
29 46
3 23
22 70
26 80
23 25
0 69
29 84
8 79
23 2
24 43
19 25
16 36
10 76
27 53
3 44
9 54
9 59
25 71
12 10
12 89
24 28
13 66
9 22
8 31
12 90
18 62
8 69
6 18
2 88
4 68
27 15
16 68
28 27
11 75
22 55
18 50
17 46
1 14
4 56
15 3
22 15
9 8
16 1
24 84
20 3
11 68
15 60
16 49
18 53
13 32
19 63
1 67
16 40
0 91
5 99
11 89
7 80
9 69
2 99
9 92
2 17
15 46
16 39
7 90
13 68
14 25
29 71
5 69
26 9
4 46
18 25
8 34
18 1
2 98
24 30
10 12
0 96
25 83
10 92
27 79
6 72
7 75
22 35
7 76
14 49
5 64
27 43
18 32
22 79
26 3
12 56
1 73
1 90
7 3
11 73
22 68
28 95
6 96
27 82
24 82
14 66
30 29
17 8
9 6
20 99
26 97
28 49
11 33
23 82
6 37
26 99
10 69
17 56
0 95
20 21
20 26
24 39
22 87
7 8
7 5
2 39
5 15
1 17
29 61
26 13
0 27
10 68
22 52
20 69
13 80
4 32
26 92
21 81
30 32
10 45
5 70
20 9
3 19
5 18
6 38
10 1
0 91
18 29
30 77
23 23
10 76
30 91
23 34
21 42
5 97
30 99
14 53
28 32
20 94
7 80
23 100
19 60
23 87
19 43
23 94
27 75
4 24
2 89
27 12
10 83
3 92
6 6
10 33
14 51
9 69
19 64
27 29
27 40
17 45
15 73
11 24
10 45
14 24
15 47
22 38
19 96
23 55
14 74
28 23
12 60
24 13
18 79
28 10
7 54
0 66
2 53
26 80
19 29
9 50
29 21
20 66
6 97
29 65
25 47
17 17
17 48
8 85
23 67
16 20
20 50
29 48
10 73
30 66
25 21
0 8
21 19
17 98
4 19
22 73
22 79
29 69
20 25
24 96
22 45
4 95
22 37
5 90
11 100
9 71
1 90
27 38
20 47
17 27
24 55
26 50
6 1
17 57
25 9
29 56
16 93
26 37
15 51
12 94
30 95
25 16
7 25
19 3
4 5
10 46
30 34
24 43
20 39
13 27
26 59
9 77
10 66
10 43
16 87
8 44
4 39
19 22
2 35
18 94
25 57
18 48
22 32
9 40
17 60
18 54
27 42
15 4
2 68
26 28
24 53
28 51
13 77
29 92
25 90
7 84
1 44
9 18
17 69
25 74
9 33
26 99
24 36
12 62
18 90
21 74
16 55
15 39
16 93
10 66
8 63
22 77
30 36
26 3
19 62
21 7
7 62
6 43
6 1
23 6
24 12
29 51
5 18
12 93
23 4
30 3
14 35
8 99
18 27
22 29
25 28
7 60
7 40
20 96
22 80
7 78
20 4
2 25
10 66
3 63
16 34
16 87
21 21
0 26
27 95
19 84
25 84
5 51
27 58
5 33
7 83
18 8
25 24
19 42
1 81
16 12
0 51
21 89
24 38
21 5
6 11
13 70
19 66
11 94
12 32
0 36
4 70
0 54
23 27
11 22
10 46
23 62
16 70
11 79
11 71
18 68
26 50
21 97
27 58
0 77
5 97
9 39
6 21
23 31
26 12
2 62
14 43
7 67
14 84
9 67
30 16
9 9
16 6
4 71
9 84
3 23
17 16
26 51
2 31
4 18
12 78
12 48
9 51
17 38
6 27
9 47
14 74
24 42
25 92
20 87
29 74
17 73
18 64
28 42
16 1
20 71
22 52
19 46
3 46
2 32
12 63
14 1
22 35
12 82
13 89
17 84
19 87
21 72
29 42
14 14
15 19
15 73
0 50
26 64
5 90
7 7
10 10
15 99
18 68
0 77
21 3
9 15
23 38
23 90
5 44
23 15
0 51
8 51
19 82
2 93
21 58
8 57
6 94
25 99
17 81
15 39
0 73
17 70
6 62
6 76
3 81
24 33
29 72
25 71
14 1
13 48
27 47
27 37
23 20
21 31
23 15
17 25
21 76
11 26
5 55
23 87
24 86
30 22
17 81
29 60
28 13
3 64
2 11
17 28
13 99
6 80
3 80
29 38
14 75
13 14
24 39
26 72
17 80
13 17
2 25
27 68
30 22
18 63
10 31
26 98
9 8
8 55
5 44
11 79
2 9
13 94
11 56
20 41
24 41
25 57
18 50
24 15
18 16
18 37
28 39
29 77
8 49
27 38
19 36
19 95
1 74
6 21
18 38
20 42
16 73
19 64
25 5
30 61
6 42
14 1
1 23
24 7
4 20
7 61
3 33
2 50
30 66
20 31
17 61
8 78
14 96
27 6
10 25
27 40
18 85
1 15
23 34
16 94
21 89
3 80
20 18
2 5
7 46
9 97
30 28
27 85
7 3
29 61
10 94
26 25
19 58
21 7
17 52
2 94
3 42
28 12
10 25
22 47
28 94
25 95
7 54
13 61
12 19
26 83
0 37
23 69
19 3
20 17
5 77
21 50
24 95
9 66
30 29
13 96
14 68
28 75
30 51
10 12
22 5
29 61
29 39
20 69
16 96
10 69
0 27
18 20
17 55
9 10
0 43
4 45
4 4
18 63
2 57
14 45
7 72
23 95
6 96
2 10
0 77
23 98
26 47
18 93
19 64
23 52
7 85
18 97
5 26
14 68
17 44
3 87
6 25
27 55
4 69
10 62
15 26
13 52
20 100
25 90
30 79
26 20
17 50
17 38
17 68
21 57
8 82
10 64
24 93
4 79
13 32
28 25
16 82
23 71
29 7
22 58
22 98
5 4
15 50
11 66
21 68
10 64
28 84
11 75
5 76
28 43
13 3
10 48
24 80
21 64
26 38
6 95
25 49
2 63
4 47
23 77
4 62
0 29
19 82
20 89
1 98
3 72
21 73
5 36
6 67
24 96
16 5
17 88
8 95
1 28
23 19
7 33
23 49
10 65
30 24
9 74
11 57
24 15
16 5
18 49
23 66
24 91
3 4
27 24
22 74
1 99
26 78
6 60
22 4
11 20
6 18
7 30
20 8
26 6
25 25
15 57
4 80
15 14
1 76
2 18
6 44
13 13
15 81
24 56
21 44
21 56
28 97
2 80
22 72
16 70
10 35
12 79
7 15
28 45
14 69
6 36
20 32
10 62
3 48
23 75
3 28
19 39
7 11
10 67
22 21
3 23
9 13
1 29
19 81
14 12
14 76
2 31
28 29
6 33
24 99
4 64
0 17
19 29
14 37
10 36
8 91
15 4
29 5
25 82
20 78
14 87
11 37
25 36
3 78
28 41
15 92
6 67
15 92
23 12
24 33
18 45
13 32
1 3
24 8
7 76
0 3
13 12
4 83
19 44
2 78
2 33
8 42
2 50
25 31
22 47
14 54
6 68
8 51
18 1
11 47
0 27
19 5
17 34
26 52
30 80
0 21
13 61
23 58
10 61
29 4
3 26
2 40
20 39
0 14
16 49
9 3
12 11
25 13
27 61
14 95
5 27
12 64
2 29
12 77
14 68
12 92
3 32
23 87
2 43
5 54
23 17
21 64
12 42
13 67
26 14
22 14
27 77
24 58
14 77
26 52
10 62
14 23
12 65
21 85
3 53
3 95
25 54
11 2
9 89
12 42
20 93
8 79
4 20
23 21
14 34
17 8
18 53
8 85
20 32
21 84
2 11
7 98
9 84
27 86
25 53
25 38
1 81
16 96
