100
5 12
23 99
23 47
24 19
16 55
23 18
18 54
29 50
19 11
9 13
1 58
28 21
13 12
24 90
1 97
27 7
28 63
16 52
21 27
16 20
6 42
1 23
22 16
4 40
17 93
26 51
21 66
20 77
19 84
17 38
0 82
6 67
13 69
2 27
14 53
23 97
13 49
7 22
27 41
13 45
29 70
4 31
4 13
27 23
0 12
6 30
6 2
5 69
1 96
8 92
28 58
25 26
7 63
24 60
29 93
10 7
30 65
3 87
11 74
29 29
20 27
13 80
13 60
30 43
1 16
18 60
3 42
18 91
3 91
21 16
18 94
25 44
13 42
8 41
16 51
13 81
25 65
1 52
3 79
24 55
6 74
26 83
25 38
26 33
14 64
7 5
19 17
2 60
21 18
17 54
4 91
12 84
24 25
17 24
20 35
19 91
15 14
12 53
3 9
16 40
25 20
18 31
13 92
26 87
28 100
12 33
25 71
14 83
22 46
9 29
29 44
27 48
21 57
18 20
22 42
12 4
5 3
6 79
25 19
8 2
5 33
11 77
11 10
24 41
10 83
2 50
8 17
6 21
11 4
19 7
22 10
27 83
28 99
3 19
1 25
17 72
12 45
28 2
13 30
6 5
21 38
11 35
1 77
14 17
1 58
28 70
28 85
28 46
6 74
23 100
27 67
22 66
21 72
28 68
9 9
25 58
2 36
1 69
25 56
28 84
26 78
9 43
27 18
0 80
12 40
12 33
27 52
9 2
18 53
23 59
21 46
15 2
24 29
2 51
25 96
20 72
9 66
27 91
3 10
7 59
19 35
14 56
17 50
5 1
13 100
22 76
16 14
21 43
21 27
13 96
18 72
14 58
8 82
22 42
1 82
14 51
5 92
12 92
14 89
18 59
30 76
17 41
2 92
16 93
25 63
25 74
4 24
17 32
24 94
5 64
13 10
29 83
21 61
9 94
27 26
30 81
19 67
1 55
25 85
21 41
8 63
14 98
29 65
22 25
23 83
3 73
24 88
21 37
6 18
2 83
20 51
4 64
3 30
22 68
22 50
30 69
19 97
23 23
16 17
0 51
25 91
28 48
27 45
7 39
12 54
23 63
11 24
4 80
9 18
11 2
3 21
14 99
9 92
4 59
18 78
21 20
9 100
1 85
20 80
17 20
12 77
17 73
0 12
26 25
13 8
27 84
2 1
12 30
27 38
20 70
18 6
26 72
14 35
15 99
24 25
12 55
7 54
30 11
2 27
9 57
13 68
16 53
15 40
26 80
29 5
11 84
25 4
29 69
25 26
9 9
5 13
11 61
18 53
0 36
11 1
9 89
23 38
1 79
5 95
21 78
7 13
30 43
29 84
20 8
17 40
25 93
6 51
0 50
20 90
6 82
24 66
6 18
22 89
16 49
12 29
4 80
6 68
17 87
2 46
3 43
1 78
28 65
28 6
18 22
13 43
18 88
3 31
20 50
13 93
30 60
20 76
28 25
1 11
2 100
13 74
10 19
12 47
13 64
27 58
18 39
11 68
21 75
14 71
1 40
16 51
0 18
2 36
13 72
6 45
26 30
22 91
1 17
18 16
30 3
13 22
26 13
19 98
15 82
1 38
9 22
23 35
9 76
1 14
6 24
16 69
20 37
14 14
12 21
25 78
4 2
10 3
26 38
26 20
14 49
15 94
22 21
3 71
14 16
13 88
14 71
9 75
26 7
21 11
26 19
5 67
6 73
18 82
22 72
4 71
7 50
21 78
5 89
28 6
14 19
28 77
2 11
6 21
27 81
14 35
19 1
29 18
27 13
13 17
3 100
8 86
20 28
20 48
2 63
15 60
3 99
19 6
10 83
11 90
9 27
28 20
22 34
0 11
29 11
3 25
1 32
17 29
14 13
20 51
13 88
7 15
21 99
7 7
28 23
22 55
6 71
20 93
27 63
27 36
25 30
17 39
2 31
17 99
8 35
24 67
19 30
21 34
30 54
12 2
3 29
8 79
24 100
8 48
22 56
26 51
15 93
6 2
15 86
10 75
13 7
15 69
5 29
15 53
25 12
9 40
19 48
22 62
7 79
15 32
24 64
25 7
0 63
21 82
12 71
12 6
25 74
10 91
10 40
12 4
21 45
29 30
29 42
13 34
13 65
29 6
21 27
1 69
0 69
4 86
25 96
15 52
23 29
16 29
4 77
3 18
21 88
9 88
15 15
1 79
13 44
1 24
25 57
20 54
20 66
4 29
7 76
17 29
7 75
16 66
16 76
21 79
16 6
10 76
5 95
2 5
8 56
11 59
7 37
15 29
2 90
12 86
23 57
9 28
14 29
27 10
3 92
9 98
12 36
16 72
14 16
29 33
22 21
15 96
17 12
19 67
13 90
22 94
19 32
24 7
15 72
17 65
19 38
3 81
8 96
28 83
10 54
23 33
9 96
3 9
2 61
2 3
13 73
17 92
30 12
18 84
12 90
11 1
14 48
28 69
13 24
18 21
3 56
14 19
2 43
14 45
20 93
4 57
1 79
6 35
14 55
10 29
25 1
1 57
13 47
24 10
7 57
26 11
1 3
28 31
10 32
6 23
0 58
4 82
17 20
29 21
8 33
0 51
4 60
12 59
4 73
17 38
30 24
1 75
23 15
13 10
26 4
15 81
20 62
6 53
30 64
22 51
17 29
18 17
25 24
28 97
6 28
17 97
20 26
0 28
27 42
11 8
28 12
17 15
14 46
29 11
22 58
0 98
16 25
23 27
2 45
25 32
14 13
0 63
11 78
0 18
19 73
16 56
2 41
10 49
23 68
21 17
2 60
12 73
1 77
5 36
11 94
24 87
4 12
27 38
16 40
18 93
27 14
7 4
18 36
11 27
27 61
3 27
1 68
12 28
25 23
12 21
22 21
19 75
3 38
25 6
17 82
24 27
22 61
19 56
9 51
29 35
29 73
16 40
26 72
12 81
8 11
6 75
9 53
19 18
26 6
21 43
17 32
9 13
20 76
17 48
9 19
18 46
16 34
20 49
6 96
22 67
7 1
18 1
18 45
30 1
29 42
6 22
29 38
10 36
9 22
4 29
29 51
6 39
29 16
29 73
20 85
0 43
21 37
29 7
6 33
11 5
6 26
24 77
6 38
15 71
15 85
15 95
29 18
21 53
4 33
3 80
24 24
4 77
6 2
26 16
22 89
10 30
12 1
25 51
24 69
28 83
20 73
14 75
27 6
6 72
15 31
19 29
28 61
23 48
27 9
11 99
25 94
3 27
22 64
23 32
12 95
18 9
27 23
11 23
1 28
7 39
30 58
2 80
6 39
20 29
11 29
16 40
26 43
26 58
18 64
19 80
0 8
26 95
14 98
14 50
19 98
28 62
2 62
4 8
29 79
5 53
8 75
11 57
4 84
9 70
0 94
5 80
17 53
24 33
20 22
12 27
10 57
15 66
6 27
11 77
10 6
12 11
26 66
25 7
25 62
12 91
24 3
23 47
2 46
2 36
25 31
21 3
19 32
20 82
9 27
24 18
8 57
25 91
2 27
8 49
28 3
9 23
1 51
16 79
17 17
21 17
9 35
26 44
12 10
11 88
21 52
1 98
18 31
23 100
10 27
2 39
3 41
9 61
19 78
28 81
30 59
16 14
8 1
18 10
20 22
23 4
14 7
29 100
21 1
2 45
19 25
12 66
16 73
17 97
8 43
19 80
8 55
14 100
24 90
3 6
13 3
24 87
1 100
20 56
11 71
3 31
24 69
19 90
10 32
7 35
29 12
27 39
4 37
2 66
6 18
9 5
1 30
10 8
27 67
16 54
0 37
29 73
29 10
14 75
8 6
24 77
23 26
12 59
29 56
4 81
11 95
6 5
12 34
20 48
13 68
19 1
12 21
9 91
6 59
13 97
15 94
19 73
27 94
5 13
25 28
5 50
1 81
18 8
24 100
1 82
9 11
6 16
18 10
24 90
7 65
5 30
2 20
0 41
7 2
23 30
2 53
7 2
14 2
2 78
18 9
19 78
22 29
10 68
20 64
19 24
17 90
3 31
6 35
24 61
29 12
3 39
18 71
7 76
8 62
29 76
16 1
18 49
22 81
3 75
16 60
18 94
24 31
11 17
27 98
26 78
27 65
5 38
19 97
18 78
10 94
7 69
19 13
17 80
11 61
11 28
17 61
2 57
21 58
25 34
12 87
11 24
6 82
18 11
3 24
19 17
18 37
7 62
12 22
30 29
26 1
24 66
15 16
19 64
7 31
6 76
1 39
5 43
19 88
19 3
28 73
20 99
17 17
0 7
2 44
12 75
3 21
18 95
22 42
23 18
22 51
26 86
16 28
20 49
2 72
29 23
29 9
6 20
12 71
28 3
14 31
22 7
24 40
28 44
25 25
20 2
19 47
19 57
9 70
11 88
2 35
28 44
0 99
12 93
27 29
6 52
27 94
17 72
24 85
24 75
29 88
9 89
18 95
7 41
23 31
0 31
2 13
18 29
27 71
17 50
8 71
21 44
1 27
21 42
20 92
27 71
23 47
17 26
30 70
27 63
5 24
7 66
29 91
1 36
27 55
19 15
15 13
7 95
7 74
22 67
22 49
25 59
15 49
19 58
18 31
17 74
6 33
9 25
20 66
19 64
16 24
8 86
6 67
6 74
18 58
0 53
23 79
9 56
12 18
10 40
5 29
8 15
12 35
18 59
28 67
22 44
2 19
26 51
22 24
30 28
16 60
30 43
11 26
0 11
16 20
2 43
16 13
2 91
30 84
21 25
28 86
6 73
7 52
4 81
8 21
22 70
6 4
28 10
3 62
29 7
9 97
21 98
0 92
30 68
23 31
21 91
0 8
14 11
25 92
17 3
7 66
16 5
23 32
24 59
10 25
13 43
10 12
28 99
11 50
30 56
1 7
20 96
20 32
26 18
24 50
1 94
16 52
28 98
1 7
4 67
21 61
11 22
25 42
24 94
11 15
28 67
10 30
5 66
18 19
9 2
4 36
5 61
13 35
10 87
14 33
22 70
3 42
7 60
11 45
24 31
27 53
14 19
18 54
26 1
0 34
11 72
1 4
1 46
13 59
28 49
30 22
24 76
19 84
22 82
30 46
27 29
18 98
25 19
2 23
20 57
15 25
13 100
2 85
12 85
16 20
6 84
4 35
12 89
26 57
26 60
20 99
16 62
15 99
7 19
2 36
22 100
26 4
23 41
2 34
15 62
20 48
25 21
20 75
4 5
0 1
9 32
4 20
7 95
20 74
3 31
20 66
8 71
5 18
27 6
26 7
22 73
12 45
20 38
27 46
4 25
28 58
18 55
5 22
16 36
7 93
12 23
5 22
2 21
15 67
30 40
4 24
10 12
26 16
25 30
9 60
14 38
7 9
14 20
11 88
30 55
20 25
6 52
12 23
11 11
8 82
27 60
16 27
12 88
19 21
9 26
4 23
22 75
9 23
15 40
9 12
0 98
17 85
12 58
7 68
25 18
20 81
13 98
7 58
6 73
18 77
18 75
22 9
9 39
15 67
12 92
17 22
29 6
14 72
11 1
21 7
10 40
8 57
6 34
15 73
30 65
9 29
15 47
29 70
16 49
26 56
6 14
10 26
13 88
5 37
4 7
23 38
6 59
5 34
0 18
1 11
22 65
25 94
11 27
8 28
25 45
3 96
14 94
22 29
19 37
17 83
29 39
16 81
21 19
19 99
23 100
6 87
11 35
23 69
12 95
9 70
21 71
3 53
1 53
26 58
13 86
9 12
24 92
13 60
8 18
25 66
3 82
6 87
13 90
6 7
9 80
0 17
7 87
24 100
0 19
27 51
1 43
28 68
30 27
24 60
3 3
10 27
1 98
13 20
30 60
0 24
29 24
21 19
6 4
18 56
19 17
10 39
7 54
25 38
14 35
29 16
4 63
16 73
17 6
0 34
7 54
28 25
26 70
22 41
0 38
13 69
23 49
2 26
1 49
6 58
1 6
10 8
12 88
8 45
7 53
1 88
10 91
14 36
30 100
6 87
20 41
0 13
27 99
22 30
6 11
10 68
6 40
5 34
23 55
10 30
1 60
30 32
8 54
4 50
6 31
14 70
17 45
23 32
16 68
9 17
14 23
0 8
15 13
6 55
13 67
10 7
4 76
20 42
29 80
12 32
19 65
10 73
12 41
19 78
13 33
0 83
13 74
5 47
16 3
27 22
21 76
22 21
30 12
4 100
6 33
3 79
23 6
24 88
10 89
19 58
21 12
10 45
4 50
8 66
28 53
26 32
11 90
15 48
3 91
2 1
11 4
28 71
9 24
30 16
30 13
6 90
1 89
28 92
22 16
8 85
0 91
0 85
6 51
22 84
28 57
15 48
29 10
5 21
13 94
16 80
12 31
28 23
3 48
11 37
21 33
13 39
7 41
3 9
21 83
16 91
9 78
30 25
23 76
25 40
28 73
2 55
18 11
27 51
24 24
8 36
15 65
8 69
1 66
26 73
2 11
12 2
2 41
23 23
22 83
11 60
30 88
8 59
16 53
11 73
6 70
24 27
18 70
15 55
24 23
1 49
5 65
3 61
2 16
16 68
28 57
27 56
29 26
30 54
17 6
29 87
3 69
23 2
11 71
21 19
7 11
25 94
12 98
5 64
11 52
7 15
29 68
22 59
4 33
29 4
13 62
30 68
1 48
18 96
19 1
8 71
27 41
22 4
23 4
21 100
22 31
18 25
6 97
25 60
15 65
12 46
5 4
23 64
10 22
5 25
10 65
2 89
14 68
21 27
14 18
23 83
1 9
19 56
0 95
10 49
12 96
28 4
0 77
29 37
15 75
26 32
1 37
13 3
30 88
23 42
1 6
6 23
30 73
1 54
21 67
21 69
17 53
27 44
9 99
28 71
10 78
19 34
13 75
8 82
1 18
13 79
29 53
4 90
0 28
29 17
12 91
19 82
30 36
4 13
6 69
30 92
8 64
7 98
6 11
16 61
30 4
22 53
17 86
13 56
19 50
13 7
14 11
25 15
0 83
7 26
21 31
27 3
3 91
27 44
7 81
12 1
15 92
16 45
0 63
6 99
16 52
8 55
2 72
1 91
14 60
3 71
21 65
17 100
7 86
14 30
10 55
29 58
11 97
14 50
0 14
9 94
0 4
8 72
26 100
22 72
11 10
26 49
25 11
10 33
21 19
25 69
6 81
14 22
16 6
24 53
20 88
10 100
2 48
8 70
12 41
4 42
9 44
10 49
8 51
7 6
14 75
26 35
13 41
10 75
18 59
8 76
17 84
2 80
4 20
25 58
21 57
24 46
27 57
19 64
25 21
18 38
25 31
9 75
21 19
24 51
1 87
21 23
21 94
7 23
17 58
2 79
17 78
22 60
21 87
10 98
29 32
17 12
27 72
7 87
0 17
22 26
12 45
8 100
8 78
0 79
18 51
21 25
21 55
22 18
19 3
27 76
1 85
7 12
18 16
12 37
5 48
17 63
9 31
27 47
9 9
12 94
0 37
20 47
5 21
21 7
19 25
8 52
17 43
19 22
2 30
17 46
14 14
19 24
12 79
23 27
19 19
23 16
3 74
7 2
24 73
23 44
15 86
11 7
16 42
4 97
21 3
23 48
4 94
9 27
26 10
12 49
21 45
28 100
1 12
14 81
0 32
4 59
14 67
25 62
19 20
5 1
10 89
29 43
20 30
2 88
12 85
23 55
4 6
8 30
10 99
7 96
7 58
0 18
30 66
26 30
22 57
4 84
5 91
5 84
14 17
23 62
13 76
1 83
12 31
3 72
26 70
23 45
0 17
21 92
10 10
2 92
24 29
12 45
23 100
4 100
6 39
19 11
26 36
30 14
28 90
8 79
26 22
23 71
15 13
24 19
1 41
17 80
23 98
2 89
21 65
19 55
17 65
4 30
30 52
3 48
27 38
2 37
24 45
5 86
23 17
26 84
18 61
16 24
15 22
28 12
3 64
6 20
30 62
5 5
14 43
16 8
6 98
15 9
15 100
1 91
8 65
16 49
14 47
24 79
22 3
29 97
24 4
9 18
23 14
29 26
21 42
9 47
5 58
10 93
1 7
22 29
11 18
15 7
27 42
14 19
6 45
14 27
3 91
6 11
8 23
1 24
5 65
23 29
22 46
29 74
4 31
16 91
30 49
19 30
0 13
13 80
21 16
29 93
16 51
19 99
5 60
11 14
11 46
4 23
10 88
4 26
9 24
3 49
30 93
3 28
7 16
4 51
24 90
9 53
0 21
26 22
17 88
22 80
22 59
17 99
29 99
28 77
13 10
13 50
5 37
4 54
21 63
27 16
4 6
29 94
18 46
3 70
27 75
9 7
28 90
10 56
6 70
13 51
11 20
23 85
24 2
28 80
27 73
27 35
16 92
9 48
7 74
9 41
14 17
10 78
4 52
23 47
25 31
21 31
2 82
22 77
12 45
13 66
27 22
23 90
8 53
21 60
6 5
30 27
29 76
16 28
14 6
7 45
27 71
19 19
13 73
25 5
13 69
21 80
20 52
4 20
16 74
26 96
9 77
18 96
16 23
7 33
20 47
10 89
3 4
10 57
21 52
21 88
23 48
23 40
28 2
7 33
13 47
21 43
24 98
13 8
15 7
4 70
15 95
23 82
22 18
8 8
28 47
27 75
24 19
11 34
28 2
7 42
20 52
0 77
20 45
18 85
25 7
12 82
14 87
25 100
6 61
26 83
13 47
16 63
1 25
10 64
24 83
12 75
19 18
23 1
17 96
7 50
25 20
21 30
13 65
2 90
2 71
4 78
19 12
16 65
27 72
29 25
8 37
10 28
7 7
27 18
24 78
24 59
23 72
24 17
29 25
0 8
9 24
15 91
1 22
14 58
16 91
23 10
22 3
29 93
0 22
26 83
7 9
16 60
17 19
9 63
13 23
17 48
8 21
19 16
30 89
29 51
4 39
2 48
30 8
24 39
15 39
19 94
16 38
25 33
11 31
6 76
17 98
21 24
3 61
6 18
23 74
2 67
13 37
17 98
19 48
8 86
30 17
20 74
24 93
16 94
8 70
8 92
26 67
0 16
1 32
15 90
24 52
18 48
17 29
11 84
5 58
11 17
27 16
5 49
26 88
8 27
1 25
2 21
0 5
1 25
14 93
14 81
24 52
16 72
27 37
2 73
24 98
24 20
15 41
16 37
26 14
3 47
27 19
4 15
23 36
4 19
23 16
4 87
13 56
7 22
17 89
28 60
18 5
7 73
11 3
13 73
20 62
19 31
10 71
18 18
3 44
4 62
3 53
30 86
24 74
21 12
29 2
0 86
25 50
8 85
18 56
8 79
22 42
7 25
20 28
29 15
18 77
30 12
16 45
21 53
25 46
2 87
30 2
29 96
29 80
20 87
15 5
20 29
18 72
6 54
9 44
0 32
16 96
17 33
7 60
24 91
29 58
17 73
19 23
24 7
29 54
18 85
2 72
9 8
7 15
16 77
28 23
16 84
0 78
21 52
28 11
5 49
28 72
19 88
23 51
9 2
4 22
27 19
1 63
26 50
29 42
6 54
29 81
1 13
15 39
28 45
15 52
1 28
12 4
14 17
1 46
18 73
4 48
23 72
10 88
5 61
17 53
3 100
22 27
17 4
5 32
18 78
4 29
12 19
12 2
19 20
8 69
0 77
11 75
11 62
2 89
26 30
27 30
13 35
15 74
27 15
8 53
1 20
11 96
25 40
29 94
28 53
19 16
12 54
10 12
6 71
5 70
14 43
12 71
16 53
22 12
6 31
20 100
22 49
29 75
30 25
18 28
22 42
21 2
2 26
4 41
1 30
1 100
9 47
14 43
10 30
17 35
8 11
27 67
18 11
26 10
14 11
21 18
4 62
11 97
16 19
30 54
8 60
11 54
12 46
7 88
15 20
21 9
12 46
6 52
8 23
25 30
16 92
24 8
12 27
8 77
24 47
17 43
4 66
7 85
6 69
8 78
12 26
11 18
12 64
23 79
29 37
17 47
25 91
21 1
8 10
9 84
4 91
28 44
16 86
2 97
28 72
8 99
23 36
4 27
13 65
3 11
22 54
17 19
7 99
4 60
28 31
19 52
2 31
17 73
25 28
10 22
14 78
18 98
3 16
24 79
15 74
15 80
17 57
22 65
6 29
21 56
5 49
29 6
9 41
16 79
30 99
26 55
18 8
4 9
25 43
13 90
25 24
14 70
0 83
12 4
13 31
7 20
4 2
8 96
28 30
19 93
4 73
16 87
26 34
1 32
1 87
14 53
20 59
24 45
30 58
26 85
28 25
3 97
10 47
0 72
26 79
17 74
24 65
24 86
11 99
6 50
7 79
18 98
15 80
2 52
3 88
20 42
1 58
0 89
10 47
16 22
12 59
11 95
0 17
8 67
28 71
26 53
16 98
11 39
4 94
20 9
13 99
25 18
24 55
7 3
0 85
21 51
21 64
13 53
18 53
17 99
9 63
9 58
26 75
16 80
29 27
13 7
29 82
13 16
17 22
22 61
11 62
27 30
0 94
18 57
12 75
6 16
23 50
8 5
3 77
24 53
0 56
19 31
16 61
6 50
15 96
3 94
15 85
7 92
6 60
4 16
10 50
3 15
1 36
1 22
17 58
20 89
12 13
23 45
4 61
18 20
6 38
0 31
29 24
27 54
4 99
29 88
24 78
6 22
24 61
13 10
14 35
15 26
4 89
24 95
3 48
0 44
0 68
16 84
3 61
26 55
13 75
30 96
9 96
25 78
6 89
0 67
30 51
6 42
16 54
4 16
17 90
2 75
24 25
4 96
19 4
3 77
25 45
14 33
18 45
27 68
19 71
13 15
21 30
10 83
17 97
9 70
9 93
21 81
18 8
10 50
24 9
24 14
27 93
14 14
0 58
21 29
20 23
10 60
17 22
7 67
2 53
13 5
16 51
12 13
6 84
11 72
5 43
15 80
22 48
22 48
15 10
21 25
21 97
0 89
25 38
23 36
22 93
4 46
17 24
1 86
4 87
21 32
1 69
11 1
14 95
18 36
26 25
8 82
6 27
13 99
2 5
29 51
27 76
5 74
10 56
28 52
23 13
27 84
0 2
6 80
21 96
5 54
9 31
11 96
25 34
3 38
16 15
7 53
22 74
4 47
12 74
7 56
16 22
1 14
15 21
25 98
30 40
25 38
23 45
23 45
28 48
17 37
11 83
25 65
13 50
23 98
1 74
5 7
30 88
13 70
15 10
23 52
2 96
8 89
16 29
8 10
28 74
12 55
18 66
30 62
9 43
11 81
14 47
6 64
20 8
17 99
24 91
7 15
6 91
5 25
9 10
30 14
0 7
4 26
8 75
5 22
4 66
19 26
25 27
3 51
29 7
3 75
9 93
13 48
6 4
24 81
16 97
30 39
10 25
12 63
9 56
6 85
24 55
1 14
20 93
11 93
6 59
13 93
1 37
13 71
13 18
18 2
3 99
16 47
5 65
3 13
21 4
11 6
20 5
2 8
28 61
2 67
24 50
19 55
2 95
6 78
15 58
5 41
13 75
9 87
10 12
3 73
1 37
10 98
5 82
30 99
1 40
2 56
16 2
5 22
18 66
9 61
5 97
26 21
29 55
29 22
12 42
5 30
8 28
9 27
5 98
17 56
27 65
14 93
29 43
10 68
30 100
23 34
13 27
9 90
3 12
29 7
4 59
10 13
22 64
2 54
20 42
15 35
3 35
23 2
3 40
4 25
16 73
7 55
19 68
11 63
25 8
18 49
3 54
13 60
17 43
9 66
1 25
19 95
20 38
8 24
6 30
16 97
27 18
0 76
27 100
1 7
29 100
2 19
25 12
16 33
20 56
20 80
10 46
9 6
9 30
19 94
14 37
15 88
13 14
8 84
22 56
18 9
24 30
11 31
23 16
8 45
16 48
24 73
21 85
12 89
15 18
4 88
24 62
27 81
27 81
9 86
26 69
21 89
21 83
25 65
11 72
13 31
17 8
27 75
29 19
1 85
7 31
5 63
25 37
9 97
27 26
23 34
20 47
29 67
24 55
28 40
30 45
7 70
28 36
10 77
18 8
16 83
20 74
16 60
18 7
9 12
19 91
0 59
22 48
8 90
16 96
8 77
28 34
0 94
17 16
14 46
2 38
17 58
2 60
14 96
5 13
5 86
22 28
3 84
6 100
2 68
6 28
18 66
0 23
18 12
15 50
3 22
23 15
12 17
25 92
11 38
10 85
23 22
2 96
29 75
3 32
24 18
18 34
26 25
24 58
4 7
4 53
12 23
30 12
16 62
2 7
23 76
14 28
1 98
29 25
22 57
14 4
14 87
20 43
1 56
2 83
7 4
13 1
22 1
26 13
28 15
1 22
5 25
2 64
12 11
14 74
19 86
2 68
10 42
13 51
3 53
23 35
7 84
10 90
18 89
27 57
27 84
23 51
17 14
7 84
9 84
15 52
24 5
27 67
19 64
16 54
17 45
1 2
6 14
26 48
2 98
7 35
8 51
10 19
26 29
17 48
0 83
11 76
17 21
30 80
12 86
18 20
13 1
18 4
24 29
20 23
19 48
13 100
13 28
17 62
23 36
22 7
1 70
26 23
14 19
3 6
0 38
27 82
29 45
16 34
29 51
8 97
12 18
29 40
16 65
25 96
17 99
27 82
29 68
30 10
15 20
8 14
9 66
19 65
13 81
21 56
17 45
26 74
22 72
28 3
9 99
13 32
10 77
12 81
18 65
30 32
21 62
6 32
6 21
6 93
2 56
1 44
26 16
19 57
10 67
15 76
24 2
0 47
18 55
22 39
7 52
11 46
19 14
25 91
15 32
14 84
29 77
26 83
8 44
28 76
25 44
23 26
22 98
8 17
6 82
18 36
25 40
3 21
23 21
12 98
25 30
17 58
17 85
15 54
28 80
30 23
23 73
7 54
19 46
15 86
4 78
25 77
12 70
12 29
26 73
25 19
15 8
0 27
3 39
16 26
10 65
3 94
7 89
24 33
17 15
11 31
28 31
2 23
15 67
22 21
18 25
27 10
15 95
17 90
22 98
24 78
11 13
21 22
14 53
1 40
30 36
2 48
25 94
19 66
15 46
5 40
13 53
16 3
25 15
1 91
11 29
19 80
25 43
1 28
6 56
24 71
16 45
30 25
2 40
11 25
14 21
11 14
22 68
2 46
22 8
0 24
9 83
24 66
25 79
12 19
9 26
6 67
19 88
20 16
21 28
29 20
26 46
12 43
30 46
29 25
17 49
26 94
1 18
24 96
16 10
26 63
2 83
29 84
30 34
27 37
9 45
28 99
3 70
27 53
14 43
9 84
23 24
14 17
28 30
24 23
3 34
20 5
30 90
14 28
23 60
21 69
17 29
9 27
2 8
3 15
27 70
15 22
28 67
4 81
3 86
4 51
27 83
21 100
10 70
9 64
19 17
9 15
22 75
4 96
4 80
21 68
0 59
21 93
28 63
19 44
13 6
13 68
15 67
2 19
25 86
5 40
7 29
8 3
24 31
9 44
20 78
12 31
12 78
3 47
6 83
7 48
20 28
11 70
14 93
15 63
23 46
16 16
11 53
21 12
5 22
3 9
2 37
5 10
11 36
10 46
18 51
2 60
5 48
23 17
18 59
22 98
3 14
9 5
6 96
29 10
16 45
24 52
1 25
5 81
8 85
8 8
22 73
5 85
11 47
7 75
25 7
14 4
8 28
11 1
22 5
23 22
18 83
2 84
17 88
21 25
12 81
16 97
30 95
25 97
29 4
7 7
13 20
9 90
23 48
28 25
19 25
3 26
18 94
6 70
5 12
8 44
11 65
20 33
5 36
6 6
16 21
17 58
16 56
10 64
23 38
28 42
17 47
18 30
16 9
23 51
9 36
5 88
0 56
24 50
22 100
3 57
10 48
14 9
11 4
6 67
21 72
6 87
10 26
24 56
27 90
24 14
2 44
11 56
3 15
19 100
30 61
4 86
26 82
3 87
12 54
8 51
23 75
0 83
27 73
11 42
9 37
28 50
24 8
21 40
9 15
3 22
20 5
15 55
22 85
4 11
16 91
3 92
1 22
14 54
26 99
4 62
24 24
11 57
0 30
2 9
16 38
17 9
10 78
3 65
6 26
10 44
2 14
5 29
2 89
8 20
19 86
12 9
21 27
27 46
16 80
7 92
14 93
19 6
19 26
6 9
9 93
15 33
17 99
30 88
19 53
21 23
8 7
22 85
4 82
0 49
16 9
10 49
20 30
2 86
30 54
13 27
21 58
9 89
5 44
22 63
5 28
23 82
29 15
11 86
13 69
15 43
13 100
15 73
28 39
13 38
25 65
1 78
18 78
5 82
8 4
16 32
2 8
24 90
3 49
20 78
0 63
25 43
3 19
30 37
22 26
5 38
1 79
15 40
29 69
15 57
18 98
7 77
29 48
28 64
16 60
24 63
30 58
17 7
1 76
7 74
11 71
28 100
10 81
18 98
3 61
30 16
10 7
5 87
20 36
3 24
13 16
18 97
15 59
27 45
4 37
13 66
20 64
7 2
13 80
1 48
13 57
27 89
29 82
24 9
20 75
14 91
25 1
6 72
14 10
3 12
0 95
22 25
21 67
28 91
0 49
25 83
18 92
3 66
12 20
17 44
29 79
22 60
20 40
13 89
28 35
6 50
19 37
22 12
14 59
7 36
27 69
21 54
24 88
30 58
9 71
29 96
26 83
13 69
4 94
11 40
25 16
17 70
21 80
15 13
17 82
29 67
13 65
14 5
28 82
2 5
30 7
8 39
25 70
24 68
6 1
12 6
29 61
8 96
7 90
30 24
25 43
28 1
9 66
8 88
18 2
2 16
17 75
15 25
3 53
15 17
29 4
6 30
27 46
1 34
21 93
8 17
11 16
2 61
8 31
12 28
19 86
21 75
23 94
27 38
6 3
11 42
22 78
15 3
22 57
1 16
27 76
12 37
19 29
18 68
20 82
1 80
9 65
5 78
18 49
5 57
14 16
8 4
0 91
30 31
1 62
28 58
23 38
24 92
24 95
13 77
27 21
13 17
2 60
6 54
11 98
0 87
10 69
15 74
10 55
17 21
26 100
14 52
11 24
19 59
21 56
6 25
25 45
6 82
22 71
15 93
28 36
1 71
28 9
3 77
10 2
13 6
26 51
13 83
18 70
28 78
1 50
24 51
17 25
6 93
12 37
11 80
21 99
3 62
0 1
16 28
2 37
7 62
19 67
8 60
13 22
23 36
29 19
9 94
9 82
10 95
20 73
14 34
5 18
8 56
12 4
13 79
0 87
2 22
27 35
23 7
11 50
22 10
24 97
5 71
16 81
19 77
18 38
11 100
8 71
17 56
11 7
1 62
21 23
21 23
25 30
0 54
10 61
2 61
16 3
27 54
17 63
1 60
9 87
11 64
19 89
12 91
14 81
20 97
0 15
25 23
10 58
1 11
23 35
16 57
17 99
22 62
9 54
2 91
28 59
25 99
24 8
16 70
3 23
5 93
15 44
23 24
14 3
19 48
21 76
30 70
24 87
2 66
28 85
11 75
7 52
30 33
25 100
19 84
9 85
26 79
14 11
11 83
18 50
6 74
4 16
2 71
16 41
24 4
4 31
17 83
8 40
28 76
14 24
5 55
27 31
20 15
21 33
0 31
17 49
3 29
4 51
6 26
28 88
5 34
19 43
30 37
5 67
13 35
7 53
27 34
10 53
11 31
15 14
3 15
24 3
5 10
30 92
26 30
30 49
29 37
30 68
2 28
5 28
16 100
3 62
13 22
5 1
18 32
6 19
13 48
11 4
11 1
29 92
8 55
5 21
10 38
18 31
20 96
4 95
23 56
24 79
13 100
25 91
26 85
26 88
23 67
4 59
27 89
13 64
17 34
2 8
17 38
11 67
16 40
5 6
12 3
15 44
20 56
9 12
8 61
30 4
24 80
22 31
20 27
0 39
1 11
25 62
20 69
26 68
18 53
20 24
1 13
17 6
5 72
8 63
13 54
29 76
2 36
0 21
28 2
9 56
24 45
24 85
0 47
25 86
17 33
0 1
18 95
12 52
18 87
9 55
0 18
8 70
9 3
22 74
13 37
22 45
8 82
2 59
11 47
9 82
13 77
4 68
24 7
13 92
11 81
23 39
28 42
12 81
23 95
2 97
8 77
24 8
6 16
21 79
2 40
8 42
10 30
8 1
20 22
7 48
7 96
19 99
4 92
5 14
3 93
8 65
8 68
13 69
10 42
30 45
20 99
22 39
13 30
0 35
6 62
15 96
30 41
3 53
25 96
0 73
24 81
13 34
8 55
21 3
22 86
21 6
15 73
18 78
9 68
1 22
20 5
3 38
15 12
0 65
16 97
14 70
11 100
18 31
14 90
28 35
26 68
10 42
5 46
7 17
20 93
12 15
18 92
27 53
6 69
16 88
30 50
0 63
4 82
26 59
19 34
15 35
3 50
23 40
16 58
20 54
1 91
22 14
26 63
11 56
24 42
0 61
6 84
1 21
24 18
6 10
15 31
17 4
12 16
5 53
26 56
5 38
1 6
7 10
17 36
3 75
24 69
12 96
26 40
16 18
7 39
11 24
10 40
1 4
30 91
3 79
26 23
6 76
18 68
8 92
21 21
10 87
4 91
25 4
9 98
28 55
27 55
22 15
8 70
23 63
20 94
6 87
30 20
16 42
29 16
16 15
18 16
4 67
11 27
10 90
26 7
7 71
6 85
24 59
6 20
2 53
3 21
7 69
11 36
23 44
20 38
30 80
28 47
11 28
20 42
28 72
13 75
21 43
26 19
16 15
5 33
25 32
29 99
5 6
14 53
7 79
23 39
9 95
30 88
27 21
12 61
2 61
4 84
4 98
24 36
8 92
12 67
15 79
12 68
0 94
1 68
30 61
5 29
17 62
16 16
14 29
13 98
30 31
10 27
22 18
8 97
2 58
20 11
12 31
16 98
20 11
29 97
4 32
16 16
9 52
21 5
8 73
19 37
24 27
30 45
7 97
11 68
18 63
4 30
16 35
18 6
13 14
11 49
10 15
26 86
18 49
0 94
30 44
12 1
26 2
30 26
28 96
16 97
23 72
14 39
2 56
17 78
2 89
13 84
10 3
11 79
12 74
6 70
27 39
5 76
10 39
18 44
2 15
25 77
4 10
14 66
6 65
9 29
3 45
5 57
1 70
27 80
13 38
9 7
3 62
0 90
14 81
23 48
22 22
1 19
15 82
15 10
23 1
21 15
8 73
4 86
21 28
3 7
2 22
23 12
14 10
3 73
4 91
8 49
13 34
6 21
0 81
11 39
16 16
19 59
9 49
27 95
24 76
29 4
1 37
13 51
19 55
29 75
14 74
29 80
16 95
28 99
21 65
19 61
22 9
14 46
24 26
10 24
24 74
3 81
22 70
20 41
13 27
26 32
15 87
6 77
2 56
11 24
19 7
19 76
17 72
11 24
14 78
19 9
0 66
25 18
1 7
17 85
26 25
15 45
6 84
27 99
3 75
17 88
30 7
19 82
27 51
9 24
7 88
21 51
26 35
5 59
22 14
16 94
15 8
16 69
8 70
10 19
28 71
25 56
0 12
18 71
3 65
17 13
27 87
5 98
1 98
6 15
22 84
2 19
9 6
29 13
23 22
30 28
13 23
30 20
24 4
5 33
10 14
4 42
23 100
5 1
1 49
18 20
23 45
5 22
8 47
9 77
30 78
28 10
21 62
4 59
0 20
22 31
28 66
29 33
5 92
0 46
24 17
17 43
22 88
1 63
7 82
18 38
17 12
25 35
6 83
8 4
14 46
11 81
27 100
9 13
12 57
20 56
3 23
5 13
25 60
30 23
2 79
8 46
28 67
27 88
19 92
26 14
25 60
14 38
21 90
5 57
22 59
5 94
27 88
0 22
1 31
0 91
12 93
3 43
12 59
9 42
5 43
18 54
25 81
12 74
18 7
20 66
1 36
21 41
1 59
27 1
8 19
18 15
13 1
9 74
13 25
7 22
24 81
11 48
26 5
11 10
14 15
24 36
4 39
20 78
7 94
17 29
19 21
16 29
8 81
22 64
22 39
1 25
12 71
28 85
30 86
6 45
3 74
30 31
13 88
5 64
19 75
14 23
8 92
10 9
13 50
27 77
3 84
13 26
23 24
30 83
0 7
27 94
11 89
22 28
23 19
28 23
7 10
30 77
29 11
3 29
2 80
28 90
15 72
21 81
25 59
30 60
26 31
11 23
3 57
0 80
3 58
20 74
20 22
13 80
28 5
7 21
28 6
23 81
20 42
21 76
6 17
6 38
0 19
0 38
8 5
5 12
25 11
29 68
28 22
9 6
7 62
9 43
10 19
23 32
15 67
16 49
6 54
2 91
14 84
28 51
11 8
7 66
24 7
26 83
5 45
21 37
22 24
16 51
24 84
19 8
25 61
0 69
7 72
30 78
3 62
20 67
27 93
29 73
16 96
17 54
2 6
10 65
19 80
6 63
22 12
24 38
16 35
23 67
11 5
20 18
26 86
25 56
10 21
2 43
4 83
26 8
7 78
21 30
18 7
7 75
9 12
29 23
16 86
17 45
13 74
22 80
15 96
10 92
23 4
10 58
24 65
7 74
7 26
7 13
25 62
18 27
16 9
21 54
9 74
2 98
12 49
15 64
2 44
17 97
25 7
18 1
6 56
26 43
5 71
30 67
6 69
17 67
10 74
27 28
24 25
14 81
17 60
1 14
7 6
5 2
30 75
3 48
23 7
8 51
15 20
22 96
7 75
15 38
16 68
27 94
23 95
18 65
15 17
22 50
23 68
16 38
12 9
13 8
18 75
14 26
14 83
9 6
1 74
14 17
17 15
9 29
4 43
7 63
8 31
26 15
24 73
12 19
30 44
2 2
4 62
12 92
28 96
9 4
15 67
15 20
5 14
8 84
22 87
19 7
1 90
8 9
8 82
6 33
23 99
2 84
17 39
10 68
28 41
26 36
25 21
18 82
3 94
10 29
27 85
28 100
26 52
23 6
3 92
21 31
13 100
21 40
30 92
14 99
12 9
6 34
7 37
29 55
17 12
23 38
6 70
14 85
13 62
17 17
27 15
9 17
22 32
4 57
11 80
23 50
5 46
15 51
26 78
22 51
7 74
13 26
7 39
27 64
27 28
15 77
22 39
23 67
18 1
2 58
10 91
0 93
11 76
13 50
3 46
21 83
3 34
19 4
6 63
20 71
30 28
25 34
2 78
27 12
2 71
10 35
21 30
12 92
17 63
14 15
16 69
21 13
26 76
8 18
17 96
19 65
29 50
4 100
13 24
3 24
2 38
4 73
21 53
2 92
18 70
0 70
3 93
25 88
27 96
0 28
20 1
24 84
8 47
15 26
0 14
15 91
14 52
23 44
12 29
5 68
17 38
30 46
1 52
28 64
28 5
30 7
14 70
27 23
0 87
14 25
4 58
5 48
9 41
14 85
6 15
16 10
6 65
23 20
9 21
11 56
0 15
14 4
12 76
15 91
9 38
15 96
7 27
8 67
0 39
16 27
21 55
19 96
18 55
16 81
25 79
18 84
19 4
28 73
9 70
19 66
28 74
19 78
12 42
23 97
8 1
24 83
9 16
23 68
21 66
30 4
16 7
3 71
14 78
17 63
20 62
19 9
1 30
0 30
8 16
4 11
4 42
12 80
19 39
16 79
13 34
3 1
1 37
3 2
3 42
9 14
16 15
29 1
24 66
24 4
0 93
23 78
28 60
26 56
28 37
15 29
26 26
4 4
12 67
23 60
8 7
28 10
19 75
13 45
5 16
11 97
15 39
9 54
20 95
16 59
26 24
10 43
11 66
6 16
4 77
16 75
29 39
23 14
16 7
17 95
5 57
15 74
11 89
16 27
9 100
20 68
5 27
3 46
9 35
14 2
7 18
12 98
15 3
23 11
4 73
11 45
13 11
19 53
10 78
19 91
21 14
28 89
13 55
25 4
14 6
4 34
23 89
15 17
4 48
29 2
22 90
18 43
29 33
15 96
25 78
4 78
9 52
8 26
21 18
6 69
22 8
7 61
1 26
0 80
27 90
20 28
13 90
25 37
19 15
13 48
1 10
23 63
30 21
16 86
28 11
6 88
7 20
28 56
18 92
10 25
24 48
30 75
14 3
28 29
23 73
11 56
14 74
12 31
21 88
0 71
10 83
22 56
19 82
4 85
23 27
23 10
27 72
18 17
20 42
24 20
11 83
14 90
13 66
11 22
26 83
2 7
4 37
13 92
16 28
24 96
19 93
30 53
13 85
18 39
30 33
24 24
6 72
24 3
20 20
23 27
22 70
29 95
0 88
15 65
5 41
26 81
1 25
20 61
15 28
7 11
19 19
7 54
30 80
22 60
8 16
2 17
6 39
14 85
19 34
21 42
15 23
17 55
18 78
1 70
8 38
29 22
21 23
14 5
9 85
5 65
6 12
5 47
27 94
7 8
16 68
6 81
13 64
7 65
12 23
7 72
27 18
0 69
8 24
11 99
27 9
18 29
1 69
4 55
18 10
5 99
14 7
14 18
18 50
7 100
4 93
29 40
13 67
0 53
4 79
7 29
18 41
12 6
30 32
24 95
18 44
7 73
9 9
3 15
14 9
9 77
8 65
18 100
5 72
14 17
30 18
27 90
25 18
18 60
4 12
18 37
22 2
19 37
26 73
8 12
21 79
19 42
26 79
8 46
4 87
23 92
18 16
11 49
4 34
15 10
20 94
27 52
18 70
15 66
8 24
14 77
20 12
28 36
1 19
26 26
13 74
22 23
25 40
22 75
17 35
16 4
13 94
22 86
30 51
16 3
18 73
24 98
29 88
19 33
5 39
2 79
9 32
22 92
13 8
1 55
27 70
0 1
12 92
1 83
23 9
16 26
28 84
8 68
18 14
0 86
2 20
4 99
27 84
22 78
18 64
3 84
11 35
17 31
26 52
26 37
7 83
0 53
22 1
11 88
20 86
23 15
16 8
25 75
15 21
16 31
12 25
28 86
26 54
15 14
26 76
19 90
28 15
13 34
1 14
1 17
12 33
9 67
4 77
15 42
24 7
22 65
16 81
15 31
29 60
18 96
18 16
30 98
17 51
9 77
22 5
10 70
3 21
3 84
7 96
29 63
9 16
5 65
30 68
4 95
6 89
29 3
10 60
4 69
17 3
8 39
2 53
12 79
15 9
27 75
10 73
13 49
7 31
15 51
22 1
20 72
27 38
29 34
25 42
14 3
12 43
26 50
29 28
9 92
25 69
0 74
27 78
27 73
6 81
10 77
5 97
16 48
16 64
6 38
12 34
15 23
1 90
27 53
1 9
16 60
18 53
23 51
25 15
11 97
10 13
11 87
9 1
22 42
30 33
4 96
27 47
19 6
11 35
26 8
16 89
27 15
2 74
5 6
10 27
19 4
6 63
14 14
17 52
15 31
4 5
12 67
18 44
26 41
4 25
1 80
6 65
23 82
15 61
30 15
9 20
8 14
13 67
13 20
26 21
14 94
13 11
14 11
9 24
6 31
2 8
15 35
18 52
10 37
7 87
17 7
13 70
13 7
15 49
22 54
29 74
6 34
18 20
0 52
16 44
11 18
14 62
24 22
26 54
9 11
18 28
28 27
1 62
8 61
11 63
6 34
1 77
10 10
16 45
8 98
16 60
12 72
29 14
18 22
2 80
16 76
13 14
28 11
5 19
6 25
12 78
13 1
14 16
8 49
9 1
28 77
8 39
2 93
23 35
2 70
16 99
13 76
3 13
23 51
21 57
7 57
27 18
21 55
3 32
10 57
23 91
30 36
26 31
9 74
2 94
16 87
26 52
29 11
12 20
11 74
4 42
22 91
12 62
11 89
13 92
12 62
22 84
25 66
19 25
22 27
22 45
25 51
22 10
19 33
9 68
7 99
11 11
16 11
0 52
14 98
16 42
7 64
4 11
8 27
0 50
5 56
12 45
3 88
9 87
23 11
21 36
2 47
13 71
25 12
13 2
4 43
5 47
12 11
25 37
30 50
15 90
27 42
26 20
24 91
25 6
29 89
0 50
15 30
21 68
24 94
10 85
12 88
2 8
3 96
16 95
29 53
20 54
23 34
21 23
11 60
14 19
20 80
3 12
10 14
11 6
6 56
12 100
29 40
22 85
8 88
30 83
18 43
2 29
6 28
19 89
14 29
1 32
26 86
19 27
13 17
17 35
24 69
15 86
16 78
23 82
22 50
2 65
12 55
27 67
13 46
8 80
22 8
3 44
26 97
21 1
9 95
17 40
3 40
3 15
23 7
8 68
4 78
17 10
3 77
24 9
6 11
0 75
21 86
11 38
5 39
9 13
16 56
13 7
20 7
11 32
11 91
18 47
30 29
5 35
7 54
28 4
24 12
7 82
20 8
15 42
10 32
9 36
16 8
19 7
16 83
3 37
7 14
15 42
23 17
18 94
13 40
27 54
8 43
1 60
21 82
22 75
22 44
4 18
18 17
0 70
10 41
3 67
17 5
23 100
14 49
11 43
25 39
16 25
11 1
16 48
15 57
19 21
6 73
12 92
25 50
2 40
22 3
10 31
30 20
13 15
21 45
16 96
29 11
5 63
8 22
5 48
8 74
30 36
28 63
7 86
16 61
15 68
19 94
29 79
19 2
10 63
28 41
18 49
7 63
22 75
25 30
20 75
0 88
28 49
22 19
8 74
16 8
28 96
11 82
25 54
10 38
6 44
15 33
9 86
28 3
14 55
4 65
30 11
20 76
26 27
29 31
9 19
23 27
1 95
9 2
21 65
7 51
16 34
24 51
24 10
0 34
4 57
17 54
24 51
15 41
1 2
3 19
29 60
24 14
5 1
25 5
11 42
8 67
17 66
28 56
6 44
26 41
0 29
23 76
11 4
15 17
0 2
10 4
26 25
26 42
29 52
15 22
11 32
12 90
24 44
24 73
24 9
26 21
7 13
16 71
11 34
30 9
0 10
3 32
9 33
12 89
10 24
24 100
12 21
28 22
2 88
18 41
25 30
0 29
12 13
24 32
5 60
1 83
22 17
7 22
26 23
30 91
5 6
28 15
16 76
21 91
22 53
21 51
15 20
8 26
18 95
7 93
23 20
23 37
14 63
1 60
5 59
13 5
1 41
11 9
18 33
19 96
6 18
10 24
18 81
10 79
17 67
23 80
3 27
16 70
30 41
23 43
22 28
6 96
25 82
21 35
6 95
3 73
13 83
3 38
16 51
16 65
13 58
1 90
1 67
10 39
1 34
21 80
19 35
24 3
16 58
25 36
10 79
10 73
2 95
3 3
16 41
26 79
6 48
26 29
22 21
21 96
20 43
19 95
24 27
17 94
18 93
10 2
17 49
5 79
4 46
19 52
11 41
28 92
21 42
23 70
12 52
0 9
5 59
28 96
25 11
23 69
1 5
23 82
6 23
17 14
27 5
16 26
3 63
21 81
1 54
14 43
28 49
22 100
17 4
6 38
21 3
25 100
10 39
11 99
7 96
8 48
17 27
7 92
8 26
0 70
1 39
5 78
7 57
11 16
18 3
23 45
28 100
8 95
26 44
15 87
16 2
0 83
26 24
16 45
0 60
2 47
7 20
7 84
20 97
28 4
14 36
4 98
10 15
6 39
6 48
26 90
17 12
4 22
2 81
13 89
30 83
7 5
15 79
12 73
10 56
28 68
2 4
28 54
28 16
8 20
9 45
26 3
1 62
26 82
19 13
7 60
17 76
16 5
11 45
11 20
30 9
18 57
29 42
12 33
6 28
20 65
18 41
3 55
6 42
7 47
10 39
23 44
9 4
4 69
6 21
28 88
28 32
11 84
4 60
28 46
0 90
30 69
14 10
9 23
4 100
2 62
2 50
19 56
15 30
20 68
3 73
11 52
5 90
22 75
21 52
4 58
8 83
0 74
30 21
18 58
1 22
9 57
22 55
16 39
26 55
29 70
7 73
10 82
8 35
11 34
16 93
16 77
1 36
25 94
19 51
6 4
22 76
23 1
23 19
15 11
5 97
20 57
2 16
24 75
1 6
20 14
9 77
26 97
12 45
30 14
17 27
28 14
6 88
2 87
28 94
18 87
0 87
28 73
24 45
8 79
9 75
23 50
22 73
13 26
6 28
3 47
27 22
6 28
0 94
2 34
1 29
26 59
4 56
0 97
3 44
18 12
25 9
13 22
16 48
24 13
8 51
20 1
10 31
1 20
25 75
25 1
7 36
8 9
5 62
21 37
5 52
10 98
17 15
27 38
8 66
1 21
22 99
14 35
4 9
2 72
23 90
11 99
24 68
25 64
26 95
13 84
5 62
15 10
0 27
7 97
17 86
14 17
30 45
20 69
26 8
21 95
9 30
25 96
6 5
14 34
7 47
15 21
10 5
6 8
26 96
11 15
26 41
30 29
7 14
22 65
1 63
21 9
17 74
0 6
19 66
4 74
30 68
17 92
29 28
9 65
20 71
0 71
11 77
13 15
20 71
27 91
3 83
11 44
7 93
30 81
11 88
10 21
20 86
1 85
2 14
6 8
2 1
18 85
13 71
23 93
17 31
25 1
25 6
7 93
17 28
14 48
1 80
0 74
25 33
0 52
19 87
13 55
30 76
24 95
6 24
11 34
16 17
2 12
6 35
9 37
21 71
18 98
5 28
14 58
6 27
17 100
3 28
21 52
21 32
23 50
20 97
5 61
26 18
14 90
23 76
9 19
24 56
7 66
29 78
20 87
11 12
26 91
0 73
4 11
12 4
9 3
2 28
26 23
11 19
0 85
7 64
30 36
17 85
3 7
1 89
12 15
26 76
23 97
10 55
3 16
28 92
7 63
3 38
29 64
11 57
17 9
9 83
9 46
2 86
17 26
30 55
24 54
2 92
29 7
15 38
19 45
9 20
5 9
25 58
4 51
11 26
18 36
8 26
9 15
16 50
2 17
30 51
9 29
1 79
9 69
24 4
4 26
8 58
20 49
12 22
13 2
30 14
18 95
20 50
22 68
21 19
4 84
15 74
9 51
22 33
30 19
4 100
8 59
13 90
22 57
5 5
20 55
20 35
30 16
17 79
21 60
23 41
21 1
5 65
29 86
28 30
10 12
23 44
16 23
26 63
18 77
18 91
10 47
23 57
29 93
27 52
0 52
0 95
15 47
12 6
29 19
17 82
0 45
1 87
19 99
24 100
2 84
18 67
29 79
12 10
18 66
17 80
11 57
0 51
15 58
3 84
8 22
30 44
9 72
25 39
14 78
16 45
23 65
22 34
20 4
20 77
22 74
24 7
26 92
25 95
6 46
28 89
11 79
0 93
13 73
23 89
6 1
20 68
23 75
29 45
10 48
26 41
15 85
4 59
5 45
19 80
11 42
29 28
0 27
1 25
26 19
18 4
29 30
23 69
8 5
8 30
3 84
17 32
8 69
20 58
19 6
18 92
6 22
28 38
29 76
15 47
19 81
5 52
6 98
1 5
4 73
2 6
30 48
27 64
17 91
20 74
7 11
12 19
17 10
4 33
7 59
28 41
29 14
29 100
23 98
3 33
29 62
10 39
17 98
8 82
16 42
29 14
27 28
29 35
14 96
22 76
26 49
19 43
27 18
4 4
23 76
25 28
8 11
14 92
26 32
13 66
17 89
23 19
12 28
21 39
30 93
1 81
3 89
24 63
20 95
27 22
1 84
5 34
15 82
8 18
17 42
2 76
16 64
24 62
0 26
12 51
26 100
13 6
7 65
5 24
4 40
14 72
23 17
0 25
5 39
3 42
20 9
21 9
18 93
11 42
19 37
0 45
6 47
4 72
3 75
6 8
21 87
25 98
27 67
20 61
16 71
22 60
3 87
28 18
24 74
1 31
14 81
17 54
11 47
27 12
9 83
2 63
12 34
4 18
19 11
4 35
18 72
4 27
25 11
7 29
17 25
3 90
17 80
7 6
8 57
30 97
30 24
22 78
25 90
17 92
16 25
23 78
16 53
0 16
2 48
24 14
28 38
24 98
20 38
23 56
22 11
4 97
30 20
11 54
5 13
4 92
23 95
2 53
28 7
0 14
17 38
2 69
8 15
1 21
16 91
11 81
13 49
0 2
8 24
20 34
2 13
29 26
0 54
27 28
15 7
14 2
25 77
20 10
21 13
6 60
0 92
1 13
1 71
20 24
13 20
2 79
7 98
10 96
29 35
16 87
5 70
8 44
13 56
16 24
27 80
28 70
15 96
14 23
20 10
4 97
7 43
9 72
15 39
28 6
5 50
8 24
2 44
25 25
24 6
21 17
6 14
1 48
6 92
18 32
4 85
17 40
20 98
2 77
12 67
17 75
16 82
7 21
2 65
15 83
4 77
28 50
28 23
11 17
17 66
10 27
19 31
18 47
14 91
15 97
17 43
24 21
20 19
21 51
7 98
15 100
8 8
25 11
13 48
20 52
28 11
24 8
8 65
5 49
27 87
18 42
29 41
1 100
11 85
14 98
15 45
12 88
10 59
28 99
18 80
11 56
16 78
20 27
16 5
18 40
13 4
30 81
29 92
6 98
25 27
23 89
15 32
7 16
25 34
9 71
10 4
21 46
24 8
18 14
8 8
26 76
21 55
27 73
15 53
3 52
20 69
27 54
27 35
1 100
6 11
18 59
12 65
16 59
14 98
12 88
7 54
4 38
2 10
10 86
7 25
25 69
25 7
21 69
24 40
7 87
24 95
29 75
3 47
0 94
15 53
9 9
17 13
7 71
8 54
4 38
20 31
7 66
20 47
29 77
14 48
0 22
16 52
27 97
12 46
27 16
4 16
11 98
24 86
24 89
28 70
17 78
8 4
27 83
25 29
2 100
12 3
14 14
20 5
12 14
10 40
17 25
0 86
10 16
12 24
4 69
6 8
23 55
16 2
10 82
29 47
13 33
30 92
18 10
29 69
13 16
24 31
11 8
4 63
5 74
6 33
7 57
10 25
25 21
11 45
2 34
24 20
7 82
25 17
5 42
28 13
22 76
26 1
8 72
18 86
19 59
5 36
3 76
20 15
7 21
19 16
18 63
25 59
10 46
0 36
20 88
27 88
3 98
15 29
15 47
27 29
24 45
30 71
20 89
7 30
23 16
9 16
28 10
15 98
17 26
16 16
26 37
24 34
5 95
7 17
27 94
6 78
26 50
11 65
18 37
20 74
7 15
24 21
30 78
23 68
27 81
9 46
15 44
22 62
13 56
10 67
16 38
3 33
9 55
29 82
28 34
17 100
13 75
20 21
15 11
12 92
12 62
29 100
1 27
22 1
15 93
17 31
28 80
29 16
3 82
12 12
18 42
25 79
10 72
3 64
4 79
13 60
4 8
7 90
24 61
29 50
10 11
15 40
4 7
20 35
17 67
17 39
12 83
23 55
15 68
7 21
26 1
16 8
5 38
25 20
1 39
12 46
2 50
4 15
19 59
6 89
26 86
0 26
15 62
15 57
18 35
27 28
8 31
30 26
24 53
12 74
16 65
23 90
20 75
7 34
28 86
20 17
6 1
1 42
8 10
9 24
0 93
18 36
13 23
16 73
27 28
22 76
25 33
16 90
27 51
11 57
13 30
17 83
16 80
13 58
20 98
20 63
22 15
12 33
22 56
25 25
9 91
18 86
18 91
28 52
26 33
22 96
11 39
14 82
3 48
8 73
10 28
0 15
4 54
9 86
21 28
21 4
23 15
9 45
4 63
3 20
28 20
20 72
12 53
0 34
15 76
26 8
9 38
4 70
23 66
12 8
10 65
26 13
26 53
2 54
20 3
30 87
14 82
21 15
3 63
23 42
24 34
0 12
2 67
21 47
14 75
14 78
21 90
27 92
20 20
30 70
11 48
26 42
2 18
30 7
1 94
9 73
21 60
26 25
23 6
5 9
5 65
23 6
25 93
15 84
11 55
19 6
17 93
28 84
4 23
5 9
20 57
15 12
24 67
23 33
29 59
8 5
4 17
17 91
15 5
1 26
17 1
21 73
18 59
1 33
19 79
15 10
22 20
30 32
3 54
1 64
26 30
12 63
29 10
12 73
9 46
26 33
23 3
10 74
12 14
26 39
4 56
14 34
3 9
6 80
2 86
24 94
10 67
4 42
6 70
15 60
7 43
13 64
16 86
13 6
28 13
11 88
25 58
8 65
1 35
24 100
8 10
5 99
18 41
2 82
29 86
0 6
20 19
2 58
4 61
1 58
23 77
26 72
15 16
21 51
17 39
25 28
30 100
13 86
18 97
20 80
22 99
3 72
22 59
15 97
23 86
4 55
10 42
4 6
8 77
20 42
8 52
2 91
25 32
27 64
25 64
7 91
4 59
24 7
17 42
7 65
1 32
26 64
11 52
11 70
3 7
3 77
28 34
19 48
25 79
28 14
23 52
26 27
12 99
19 92
30 81
22 12
7 93
8 52
30 50
3 9
22 65
8 98
5 39
18 64
15 79
0 92
29 14
30 82
21 86
12 72
20 68
21 73
1 64
15 73
16 6
20 81
8 62
26 28
16 43
3 66
5 9
2 86
4 31
24 97
28 76
20 75
14 42
11 77
2 45
8 43
25 58
27 46
3 92
16 58
30 56
19 62
26 17
22 31
7 76
24 50
18 37
6 58
3 80
3 83
10 3
7 62
25 52
10 52
27 31
4 45
1 59
13 91
