100
14 45
19 20
20 55
26 65
21 78
6 85
23 78
29 54
6 83
18 63
2 24
26 25
8 86
1 4
19 99
19 62
10 94
21 31
19 2
1 5
9 9
17 83
13 72
11 73
9 78
10 1
26 48
26 42
29 11
12 18
13 10
28 47
29 54
25 31
30 16
5 29
6 28
24 9
15 9
0 83
12 42
14 43
18 10
24 98
2 34
27 4
9 41
20 35
6 71
8 89
6 37
19 24
0 53
18 76
5 59
26 16
17 19
30 39
6 96
3 81
24 85
22 52
9 80
18 18
9 75
30 42
22 58
1 63
13 83
12 76
27 36
3 48
30 20
11 1
12 36
12 71
5 17
17 37
3 80
12 41
23 1
25 77
1 98
7 21
17 93
16 15
5 70
8 80
26 8
14 8
29 88
6 72
15 46
24 31
29 91
5 77
9 53
3 15
15 96
9 53
6 33
18 24
9 60
13 14
8 15
30 96
22 99
4 85
20 48
23 76
30 45
25 25
23 90
28 86
28 63
12 14
24 14
15 54
18 79
26 76
11 92
18 4
14 48
30 57
29 13
16 30
16 50
7 70
22 23
28 8
4 61
6 11
16 55
10 70
15 87
5 48
29 79
26 76
17 71
11 31
0 99
30 24
15 25
29 74
24 98
23 39
1 1
4 73
23 77
2 99
23 99
25 61
19 95
14 21
10 24
5 98
23 40
14 70
27 24
21 62
18 68
7 22
23 1
17 72
8 22
21 48
24 58
24 45
12 64
8 79
28 7
6 16
24 100
9 48
14 5
17 23
6 35
29 56
5 73
19 61
26 78
17 41
5 18
0 28
21 60
18 3
4 9
12 59
24 36
19 49
11 17
26 1
15 85
1 99
0 25
0 29
6 47
17 75
3 31
20 24
2 67
13 32
14 38
28 49
24 24
22 100
28 56
24 2
9 18
6 80
13 46
18 12
16 24
12 56
19 46
22 37
19 17
24 24
25 62
29 77
25 3
8 23
14 24
17 39
11 25
1 69
22 4
11 29
13 81
22 54
21 23
19 41
3 18
8 98
27 61
7 66
2 12
15 41
4 4
9 62
19 87
4 14
30 49
13 100
30 27
25 94
5 41
13 24
24 57
29 76
29 79
16 36
28 90
12 40
25 21
15 56
20 37
10 48
5 97
30 52
1 97
25 84
10 83
13 92
13 69
20 28
25 72
24 74
4 17
3 13
6 41
19 35
5 54
10 15
2 53
21 13
1 70
17 7
20 95
0 34
16 7
19 48
11 37
27 69
11 3
7 44
22 8
20 74
10 83
17 82
12 82
16 54
1 36
17 94
17 69
6 88
4 75
2 80
30 65
21 11
8 91
5 57
29 8
21 3
14 91
28 38
5 98
1 92
20 24
1 80
22 11
22 38
30 53
19 82
21 88
25 87
10 59
13 89
16 5
9 15
30 49
6 87
1 36
10 37
16 87
15 66
26 81
5 27
22 81
6 85
1 29
3 15
3 64
17 54
4 39
5 13
29 75
9 28
13 13
30 90
24 73
15 25
14 95
22 76
28 27
30 3
0 37
2 7
7 81
27 57
29 81
16 2
30 52
26 42
23 61
13 76
11 56
18 41
15 53
9 66
29 73
28 66
4 87
20 43
14 98
10 22
19 53
0 4
16 73
25 88
19 4
1 22
24 52
4 62
17 66
21 98
12 16
6 59
10 59
9 62
28 55
0 41
27 42
25 90
20 23
27 58
25 88
30 71
1 54
9 47
11 10
23 68
20 29
0 21
27 10
28 43
23 40
20 63
11 54
14 16
1 33
2 16
0 29
1 6
6 1
18 66
25 100
11 9
2 76
24 19
10 90
13 88
24 18
5 10
28 12
20 29
16 75
23 88
20 20
4 16
30 62
27 71
14 33
14 89
9 21
1 30
0 40
19 92
21 80
5 62
14 26
19 66
2 6
29 40
19 99
4 100
19 50
20 51
15 71
27 7
9 4
11 33
10 79
1 23
8 31
3 25
22 67
20 33
15 97
8 13
3 1
0 56
11 36
6 55
23 16
30 89
23 65
0 99
9 18
5 2
11 92
18 97
14 65
16 91
14 89
7 24
1 33
8 64
30 68
8 69
9 68
27 36
12 58
5 89
3 73
5 4
24 53
4 12
25 70
1 16
30 48
19 100
5 12
17 6
12 91
22 77
26 49
12 45
21 64
10 54
10 56
16 83
13 4
17 12
6 26
9 42
10 3
12 50
11 86
26 14
0 76
11 12
5 93
4 78
5 47
11 63
28 90
14 78
3 42
4 79
30 75
20 58
8 98
23 23
25 92
5 99
18 56
16 38
2 10
28 68
27 100
8 77
1 73
9 81
13 46
6 75
25 6
1 81
26 1
29 3
24 80
14 27
10 37
5 82
12 45
16 12
14 40
8 41
5 87
27 95
6 58
2 28
7 85
5 97
9 78
22 84
8 97
28 46
25 92
14 88
7 58
1 95
23 78
18 31
8 2
26 44
17 11
28 64
27 83
27 80
26 22
23 83
29 62
21 84
27 37
18 52
1 74
10 71
28 44
23 31
9 31
9 64
26 74
19 21
2 68
10 86
29 36
29 2
6 41
25 8
16 45
20 72
30 93
18 34
4 35
2 19
7 52
6 16
15 69
1 63
24 51
5 59
24 37
28 43
13 88
19 33
9 46
9 66
27 68
6 70
3 100
29 34
3 90
7 56
1 29
23 1
27 64
12 81
30 9
23 18
29 91
15 98
5 31
17 31
5 59
2 21
7 47
26 77
21 27
21 7
7 4
25 40
23 84
1 26
15 53
27 16
5 48
23 16
4 46
27 34
22 57
15 44
23 16
16 7
4 23
25 74
1 86
23 45
8 72
28 44
15 25
23 98
15 20
13 98
2 72
9 82
1 27
2 19
12 16
24 80
2 84
10 25
28 22
28 85
16 3
19 4
6 48
30 45
27 47
18 33
29 53
25 40
23 65
16 94
20 47
23 47
16 88
11 33
27 10
0 24
26 76
19 21
12 46
17 99
20 9
12 89
17 38
1 43
8 4
6 38
26 9
4 4
1 93
9 47
24 7
13 85
4 82
10 78
26 28
5 3
6 80
9 15
0 61
27 48
28 21
18 84
15 36
17 79
9 65
22 54
23 56
4 58
12 49
18 48
21 10
25 47
18 38
19 73
0 92
1 18
20 89
16 89
18 13
8 49
1 2
27 62
25 4
17 85
4 32
2 33
7 86
12 7
11 99
18 31
15 39
28 12
19 65
3 86
23 68
30 66
16 58
24 19
8 76
21 71
26 63
19 39
21 4
23 87
13 22
18 93
18 97
27 53
28 16
9 14
10 72
30 96
16 81
25 3
11 76
30 36
14 34
27 16
10 28
27 77
18 98
25 28
19 69
13 96
8 36
11 41
14 19
29 9
5 38
13 73
27 94
25 52
7 22
18 13
2 16
13 53
26 39
23 48
22 32
12 51
13 37
8 44
17 12
29 27
2 68
4 39
17 73
30 7
13 81
15 11
13 65
22 44
3 10
3 2
28 91
17 68
29 81
6 78
6 47
4 92
23 63
8 46
9 19
0 9
7 96
4 22
9 84
1 47
15 95
6 46
7 50
6 80
0 89
30 17
6 77
8 33
10 61
25 43
18 27
7 67
7 36
18 64
15 42
10 33
16 2
29 29
9 63
28 68
2 27
16 49
1 76
4 17
3 46
21 84
6 78
19 69
22 78
26 11
15 32
22 15
11 75
21 66
8 37
6 65
18 81
1 25
13 81
9 43
29 100
14 61
10 50
17 91
0 84
5 77
16 86
30 84
14 27
23 18
22 9
14 81
17 63
12 70
21 21
6 17
7 20
15 47
26 50
14 70
22 44
3 60
11 35
8 81
4 99
8 10
4 62
10 59
26 10
6 7
22 65
1 53
29 78
29 4
26 19
12 35
26 3
4 29
12 41
24 90
26 13
19 37
1 30
13 88
25 88
16 48
15 30
30 94
3 85
5 46
1 52
6 67
6 86
17 99
29 88
4 95
24 90
23 74
17 33
3 26
16 4
8 16
18 67
1 49
4 94
13 32
5 11
16 32
22 8
7 23
5 4
10 99
7 60
7 92
5 11
21 65
3 33
21 79
26 86
4 65
9 4
27 75
5 63
0 72
18 17
28 96
23 37
6 99
20 54
2 28
8 57
0 54
19 17
2 22
30 82
5 86
28 73
28 91
29 93
21 78
3 82
25 5
6 91
9 52
8 99
28 9
30 6
2 58
18 93
2 78
4 46
11 65
10 65
4 2
26 43
12 52
5 3
3 43
10 26
22 52
24 88
6 17
26 30
8 20
27 39
25 98
22 71
1 98
26 9
21 72
15 10
1 43
11 1
23 25
19 13
8 87
1 36
29 88
23 2
10 14
28 3
24 53
3 82
29 86
19 31
19 51
3 86
24 69
24 70
15 100
15 83
21 46
15 99
13 19
27 32
2 50
5 93
18 56
27 20
0 49
18 44
23 13
13 21
20 95
0 75
9 15
9 58
1 98
29 98
0 94
23 86
25 81
5 14
20 64
16 53
8 98
8 58
21 99
23 66
30 29
10 42
22 14
26 68
18 92
17 79
22 77
22 32
22 55
28 21
19 56
26 81
12 79
0 95
11 80
29 12
25 27
7 84
26 44
2 99
17 55
3 13
9 92
27 30
17 15
6 23
18 44
23 62
10 3
30 47
11 60
29 41
28 99
18 34
24 69
23 36
21 10
25 39
25 70
9 7
9 1
10 87
6 97
20 86
24 92
1 57
12 60
27 67
25 93
12 27
19 50
15 18
27 87
29 62
8 7
28 48
16 84
13 93
28 15
20 54
0 21
11 38
21 92
6 23
13 28
14 77
3 9
11 99
21 40
28 12
17 57
6 92
30 8
0 16
29 87
8 31
30 40
23 2
20 88
21 15
23 91
11 22
0 19
8 9
20 55
2 38
16 76
18 34
24 74
4 2
10 14
29 7
27 53
20 36
16 25
4 16
22 53
13 98
26 97
16 18
30 57
6 6
0 87
0 95
13 77
13 78
22 61
3 19
16 90
29 83
5 86
15 74
4 86
8 54
28 52
30 40
10 38
16 75
5 90
8 30
20 78
1 48
3 79
1 95
26 31
2 22
3 85
10 70
5 65
10 59
15 12
26 90
7 2
3 84
12 52
0 67
10 90
25 26
13 82
16 25
6 63
18 65
9 35
12 76
21 18
14 34
4 43
16 68
7 60
3 74
17 81
17 38
27 77
2 99
25 69
22 85
20 53
18 10
19 77
30 66
7 84
14 53
29 1
14 97
19 25
25 6
7 16
0 28
24 22
9 58
11 39
29 8
8 2
10 4
24 69
3 90
0 73
6 27
8 37
8 23
1 33
19 6
19 86
25 97
22 2
22 66
25 12
13 84
14 67
1 13
5 38
11 76
28 55
26 58
6 46
28 56
14 53
4 36
0 11
22 15
13 8
21 6
17 66
7 33
25 30
8 29
24 28
1 19
11 62
17 42
13 6
2 83
8 80
5 100
14 20
25 92
13 6
3 23
0 89
5 25
28 68
26 33
8 54
28 19
3 94
16 40
1 18
20 31
17 30
23 100
13 71
29 60
3 54
6 26
30 63
15 12
20 33
13 14
3 78
24 85
20 53
18 27
22 19
12 84
26 52
1 30
13 59
13 92
3 69
5 57
26 97
16 62
2 67
27 1
24 99
16 15
14 77
17 76
12 72
20 3
3 90
29 38
13 88
20 90
12 22
9 62
22 53
7 8
6 7
0 16
12 99
25 32
11 9
16 94
23 43
17 36
15 44
29 60
0 58
25 62
15 97
12 13
21 83
16 61
29 65
20 7
13 14
0 63
12 18
30 81
16 97
28 35
29 78
9 98
2 74
22 75
11 46
30 9
29 62
28 38
30 49
4 72
3 82
0 92
7 2
9 81
23 85
12 15
24 81
26 76
24 76
22 76
2 89
30 41
2 43
2 10
5 27
6 91
27 18
30 72
23 46
15 35
7 93
4 19
4 64
22 35
27 15
4 38
10 91
27 99
24 24
13 66
26 62
8 93
22 7
10 14
21 48
17 68
26 30
3 76
21 52
14 87
11 93
11 52
20 6
4 31
27 69
6 63
25 65
5 45
0 83
27 100
1 22
6 40
6 83
5 52
15 10
18 58
23 48
30 100
10 86
13 94
24 57
16 60
24 39
23 26
29 20
29 88
17 37
9 29
5 69
24 4
20 100
19 40
17 60
22 93
25 7
28 12
23 53
29 26
16 10
22 52
4 4
1 37
29 14
24 45
27 30
13 71
6 31
14 51
0 97
14 42
22 66
4 76
14 64
2 76
4 45
6 89
12 67
17 68
4 82
24 99
11 22
2 61
29 31
30 59
19 7
8 25
23 58
11 21
3 9
2 40
7 93
12 89
30 9
8 34
15 87
28 14
11 13
8 60
7 79
5 11
6 30
23 61
25 97
16 55
27 32
22 12
0 38
1 75
13 100
12 93
16 98
5 2
6 70
16 68
19 41
7 64
16 76
30 96
23 13
16 75
2 91
27 81
17 44
18 16
23 87
1 89
19 86
4 90
3 60
30 58
24 51
8 12
6 2
29 89
19 3
14 59
2 69
21 34
29 80
19 66
12 2
17 40
11 15
9 20
26 61
29 44
23 22
27 55
3 45
19 47
29 26
16 8
1 24
2 19
16 58
7 37
24 39
19 4
4 76
27 70
9 64
28 28
10 60
26 51
19 8
12 5
6 33
15 19
6 71
23 59
10 33
25 54
15 23
23 100
3 97
22 30
6 62
28 63
21 51
10 52
26 22
25 53
10 51
6 24
2 31
25 90
2 6
30 39
11 70
4 95
11 89
13 54
10 41
29 81
5 65
29 19
23 59
20 89
24 51
3 85
22 17
9 54
17 55
13 47
4 48
29 57
30 63
12 7
19 10
7 52
13 18
1 57
17 28
25 11
17 15
15 40
22 41
17 79
10 100
23 93
27 92
27 63
30 38
20 66
16 98
1 90
28 9
17 49
26 83
8 14
2 58
3 65
5 97
25 47
27 3
3 61
24 81
24 33
0 67
15 8
28 84
22 77
18 37
7 24
8 18
24 13
13 14
22 37
16 20
4 96
28 18
22 53
28 75
8 82
5 70
22 30
7 89
0 26
8 96
12 70
16 15
22 15
3 76
8 58
21 20
7 29
24 41
13 95
21 75
18 62
7 33
5 41
27 63
13 3
29 84
27 14
1 77
26 11
13 31
1 55
1 21
24 72
21 10
21 59
26 80
7 94
14 35
18 23
16 14
17 99
11 40
4 83
13 44
20 86
9 8
0 66
19 3
5 39
5 24
24 93
30 23
26 8
3 54
29 85
23 95
11 66
8 38
29 88
4 32
8 59
7 74
28 4
4 7
22 25
19 32
12 68
30 78
5 65
27 86
2 53
5 35
18 75
3 11
11 38
19 26
11 43
0 19
3 52
22 84
4 75
10 20
23 5
21 93
19 44
12 97
8 85
30 64
15 67
30 56
12 63
10 80
22 68
14 99
29 21
11 1
28 3
8 8
4 93
3 19
14 86
8 56
6 74
3 30
3 58
13 15
2 73
28 41
29 48
23 71
6 50
29 81
20 87
10 59
11 55
5 6
11 62
30 33
28 24
26 66
19 58
26 80
30 100
0 76
22 65
13 62
6 93
27 43
6 1
30 62
15 2
12 10
3 25
30 75
25 66
25 55
29 81
27 85
22 99
29 13
0 98
26 22
5 59
4 8
18 77
2 37
15 13
5 37
19 92
14 60
6 18
23 42
19 24
10 94
0 15
26 12
7 37
14 19
13 22
22 42
16 98
19 11
3 29
10 61
7 56
8 41
17 44
14 47
8 12
20 93
7 26
16 14
1 56
13 33
27 19
6 24
16 21
14 33
18 78
14 8
8 35
20 69
28 66
13 60
25 62
23 7
10 40
11 94
24 30
5 96
5 74
0 93
3 92
10 9
25 80
6 3
3 69
24 67
9 65
30 79
21 57
7 78
19 37
17 34
22 46
2 70
8 42
26 20
16 50
0 43
15 77
25 53
7 22
21 41
0 73
9 66
4 1
5 73
19 93
20 11
15 73
6 32
0 46
13 63
6 82
25 38
24 73
29 97
23 23
22 80
29 98
11 72
21 80
16 29
9 67
26 89
30 31
27 28
2 35
29 26
11 61
14 95
28 79
27 35
20 98
5 9
20 77
1 69
9 51
1 60
7 24
15 4
21 9
0 36
20 73
14 69
23 33
20 49
14 41
10 84
8 68
27 21
29 1
0 93
24 68
13 37
16 43
11 69
28 32
22 89
25 46
18 28
26 63
19 74
18 27
24 75
24 30
4 1
22 87
19 24
11 45
0 85
15 70
4 58
6 8
7 5
30 5
15 12
4 38
20 98
23 36
28 79
8 47
6 11
26 68
7 1
11 3
8 37
26 8
9 22
30 45
14 51
8 90
2 87
12 53
13 9
25 13
16 53
3 26
19 54
3 44
18 72
16 68
18 52
19 70
6 63
30 89
1 59
23 74
4 94
17 2
18 53
2 55
29 15
21 98
4 71
17 55
7 17
10 66
26 47
3 60
19 71
11 51
7 15
9 22
15 75
1 1
29 95
21 94
14 54
6 24
13 93
2 77
23 86
23 18
29 80
26 81
9 60
23 76
20 27
6 49
27 37
4 28
3 12
23 63
14 84
5 85
8 75
1 42
3 45
8 71
13 40
0 84
0 15
22 3
3 60
30 97
10 26
18 54
19 58
26 67
4 44
10 48
8 73
13 80
25 81
18 58
1 2
5 66
20 98
20 73
29 32
10 83
13 21
10 22
18 15
24 46
18 60
25 99
8 60
16 54
26 55
16 44
11 59
2 76
7 1
15 13
22 99
5 98
24 98
26 47
10 43
12 80
11 29
16 65
5 97
11 67
14 85
12 7
10 66
13 84
2 64
6 66
7 90
11 23
5 54
26 66
3 20
18 63
2 52
1 43
21 92
21 58
1 87
28 57
15 6
27 27
24 58
3 50
6 69
18 44
17 74
15 42
23 41
30 62
2 13
8 1
3 96
12 83
22 90
28 62
26 47
26 94
11 35
18 96
7 13
19 90
11 40
28 76
4 65
28 8
18 19
20 30
7 29
17 75
7 46
21 46
14 62
15 74
11 32
0 41
29 8
26 89
11 16
25 2
16 2
18 61
28 39
16 64
22 16
17 80
13 27
9 69
7 94
3 62
23 18
23 44
23 51
22 32
4 80
27 94
11 74
9 18
9 78
3 16
13 39
18 6
24 48
17 25
19 16
7 90
1 64
26 14
28 40
5 42
29 7
6 68
0 91
17 69
23 61
17 26
25 100
15 71
21 44
24 17
0 30
3 48
16 59
18 97
14 97
3 76
22 74
28 2
11 5
21 73
3 3
27 47
8 33
10 43
23 46
25 72
23 56
19 30
17 3
16 81
11 48
8 71
19 87
29 15
11 43
12 87
11 22
7 28
27 47
25 36
22 54
13 74
1 34
9 68
11 81
9 14
8 25
26 15
23 92
3 48
17 59
26 59
12 1
16 22
14 44
25 53
14 9
28 88
22 33
5 7
3 34
10 52
26 66
20 80
7 97
30 84
2 61
4 27
18 5
3 36
10 26
8 33
14 35
22 73
11 24
18 53
0 95
12 93
1 77
30 45
0 67
5 83
26 87
16 85
20 65
2 19
26 78
6 4
24 2
2 87
24 68
6 40
2 22
19 63
24 80
25 79
28 51
26 8
28 13
8 8
18 89
10 32
15 81
17 3
2 10
6 27
10 97
26 81
1 19
26 39
13 41
22 20
23 44
2 27
7 6
30 63
23 21
2 8
6 54
6 39
17 86
29 86
16 1
15 84
8 56
9 10
27 10
13 55
7 92
20 71
1 89
3 91
18 99
19 77
26 48
6 80
23 64
15 24
14 42
24 53
8 24
21 12
21 56
21 46
27 58
12 35
8 97
0 67
9 59
22 71
8 99
15 27
7 91
16 1
1 62
3 72
27 29
6 77
30 60
23 59
7 18
12 77
1 69
15 36
0 26
15 93
7 59
24 60
22 94
2 71
23 4
27 45
28 11
12 45
5 28
2 99
2 72
5 100
4 5
14 89
8 1
17 46
23 35
12 44
27 60
10 87
28 91
12 91
22 46
11 93
1 24
17 91
16 49
10 75
11 59
6 53
15 51
3 66
28 3
10 86
8 97
10 41
11 37
26 99
9 17
14 71
18 84
28 88
2 13
13 90
10 15
11 72
24 66
5 61
29 43
21 96
30 32
13 94
13 81
5 96
23 61
30 44
13 19
17 42
30 90
23 45
26 80
23 9
20 49
0 6
2 34
22 25
24 23
20 16
0 49
5 92
1 17
1 66
14 54
30 69
16 40
11 52
5 26
0 23
21 5
17 37
8 53
11 69
27 28
28 30
28 87
11 87
13 62
10 8
19 58
4 16
14 99
5 81
10 64
14 41
12 96
3 96
9 78
24 10
10 4
26 33
29 39
12 47
0 45
19 23
11 71
24 95
16 55
21 97
30 45
6 54
15 29
5 33
24 34
25 70
27 67
12 13
1 98
8 66
17 29
16 69
16 30
16 9
5 68
3 71
7 72
23 20
5 49
24 2
9 30
13 64
22 39
10 46
0 45
27 47
4 28
5 89
19 43
26 77
3 39
27 78
28 87
30 35
16 39
0 18
28 67
7 19
3 58
29 48
0 4
0 20
21 35
18 74
29 91
17 32
8 24
14 67
0 25
26 33
2 64
9 9
30 85
5 80
6 9
7 81
12 92
11 93
28 32
18 1
13 21
14 27
30 38
21 15
26 18
28 25
8 92
25 34
15 20
16 7
13 70
11 5
27 30
26 55
2 65
4 60
27 31
29 24
21 90
22 16
0 71
7 1
21 20
6 13
17 65
21 70
27 58
0 78
10 66
15 51
2 98
2 67
27 11
16 15
27 53
17 50
22 89
1 62
30 19
9 65
7 75
17 9
26 72
16 6
9 6
26 76
29 74
9 84
6 75
28 77
1 42
24 92
8 1
16 10
22 35
29 82
8 54
20 83
23 64
11 10
0 66
3 39
7 55
22 54
3 89
3 47
22 82
23 41
23 5
29 53
22 9
19 74
2 24
30 73
10 13
15 59
30 89
28 65
2 17
20 49
5 22
19 60
20 94
25 16
9 50
9 67
6 31
18 46
17 42
3 28
17 83
13 41
4 44
28 22
29 93
27 83
15 22
25 88
30 55
15 30
29 100
27 19
24 5
15 60
18 70
2 36
20 89
13 37
24 16
26 81
13 74
3 91
23 24
4 20
8 75
18 6
15 46
12 42
22 58
27 50
6 25
29 24
14 58
16 57
6 19
5 88
4 43
15 23
13 48
21 4
2 65
3 80
25 80
10 53
21 75
16 31
23 2
30 93
0 57
28 26
17 68
1 9
10 94
12 72
18 34
18 53
18 52
26 38
6 58
24 70
4 26
1 10
10 91
0 63
24 73
14 61
8 64
0 8
20 58
10 9
21 53
23 82
30 99
28 48
3 54
14 10
6 89
11 17
14 58
1 79
16 2
25 35
17 40
21 5
5 50
2 62
8 67
12 96
15 86
3 98
27 58
8 73
5 23
1 96
7 87
18 62
28 40
12 70
3 90
8 83
30 6
22 100
15 68
27 49
9 57
18 37
18 55
2 92
6 53
23 73
10 4
23 63
4 40
5 85
30 55
19 100
4 45
27 50
22 87
19 19
24 45
2 88
26 71
24 9
4 83
10 37
18 71
7 100
14 72
12 67
5 77
15 95
16 99
13 66
11 97
25 56
0 1
6 56
22 79
26 2
15 58
21 98
2 97
21 9
13 59
23 47
8 57
4 53
22 35
15 86
23 60
6 85
22 97
28 13
12 98
30 16
28 69
18 84
22 35
1 99
26 83
13 75
5 70
15 17
8 82
11 63
19 74
17 98
29 57
13 1
13 53
15 5
13 4
22 75
22 43
14 65
12 18
3 65
1 77
23 96
2 48
11 64
29 65
5 88
8 12
21 20
25 44
4 30
9 37
16 100
0 1
8 80
10 22
2 92
13 62
13 54
1 99
4 18
29 80
11 87
3 76
28 42
5 24
26 40
30 83
16 11
12 41
17 9
4 88
28 96
15 84
0 21
6 56
5 29
11 76
29 82
21 57
2 74
30 74
28 34
15 26
7 45
25 67
12 94
22 38
10 6
11 96
15 15
20 33
2 21
10 12
17 83
18 26
26 9
28 11
15 42
6 47
0 49
5 44
9 62
28 59
30 3
10 67
16 50
26 11
14 31
10 64
28 7
26 52
20 99
0 23
24 44
20 82
14 63
5 29
20 97
2 51
18 82
26 32
18 89
13 80
23 72
20 53
26 62
4 93
12 29
0 70
26 73
7 65
18 42
17 58
20 87
29 68
25 2
15 6
14 41
15 25
15 89
12 26
22 94
29 10
18 85
21 71
25 85
19 3
6 74
2 91
13 72
29 55
26 58
13 12
28 94
24 90
16 3
5 38
29 33
14 7
14 94
24 17
11 90
24 53
1 8
1 45
23 60
16 31
30 7
22 59
9 17
29 42
25 57
12 55
16 93
4 77
28 30
13 19
13 17
15 11
5 64
22 3
27 66
2 100
18 47
17 47
7 50
20 48
24 87
20 77
23 90
3 31
23 55
14 95
20 63
23 62
3 96
30 6
10 97
3 48
29 93
13 90
28 85
26 7
12 21
26 27
29 71
4 64
7 5
24 50
8 46
22 63
24 20
3 24
2 25
4 59
29 42
28 55
19 68
17 15
15 96
12 61
10 26
18 62
13 18
3 40
22 20
28 14
25 59
11 7
2 17
14 59
2 12
4 49
16 46
5 28
28 78
2 55
10 7
23 46
14 39
27 22
24 24
15 78
18 38
25 61
2 83
15 3
18 58
21 42
11 79
8 15
14 40
15 34
29 51
5 63
15 38
16 49
19 32
2 34
5 84
19 28
0 16
14 31
16 33
7 9
22 69
21 69
21 82
16 51
6 66
1 41
8 24
12 64
30 31
22 90
18 58
6 85
20 6
3 48
19 44
29 86
28 13
3 12
22 2
5 32
28 87
9 77
1 34
21 98
4 41
16 4
16 52
22 13
19 93
15 76
27 79
25 61
9 14
26 63
7 19
12 70
14 36
14 97
3 56
9 7
13 50
6 99
18 75
13 70
20 31
12 51
3 17
27 19
7 85
13 66
22 62
13 66
3 15
29 23
23 50
22 94
24 91
27 36
18 29
21 71
10 37
18 86
6 3
1 80
23 71
3 62
24 47
20 59
6 56
8 34
8 32
12 23
22 25
27 15
18 6
13 49
14 25
23 69
24 57
22 41
28 48
6 22
15 41
8 45
3 59
13 62
5 46
3 13
13 67
22 20
28 76
9 96
9 45
8 15
5 31
13 71
5 95
23 50
2 8
8 10
2 98
24 4
27 21
13 73
0 30
5 9
17 68
24 6
8 59
4 95
26 62
7 83
0 1
25 69
22 65
25 99
2 86
5 72
18 8
11 38
2 44
8 12
23 84
3 28
15 98
7 94
28 48
4 17
26 89
6 60
10 15
18 16
1 40
15 92
14 2
9 41
4 28
28 29
25 99
15 88
29 19
26 5
2 47
21 22
24 42
12 85
28 50
15 6
27 88
23 92
18 54
14 27
6 81
7 80
14 3
4 5
6 7
21 24
22 94
10 30
2 86
11 48
22 70
8 92
5 97
14 41
15 74
27 69
27 10
7 27
11 86
20 59
13 27
2 39
21 90
12 33
0 60
4 42
27 32
1 94
29 52
27 44
4 80
0 52
29 89
2 85
11 43
20 42
21 3
26 84
11 73
5 90
19 23
12 89
21 84
5 43
14 8
23 21
20 20
13 22
26 36
9 53
15 3
23 58
26 22
21 51
5 34
23 84
8 29
26 49
15 60
17 67
8 87
0 40
7 39
29 21
11 50
22 30
26 71
27 70
26 29
7 17
24 23
2 97
20 72
4 81
18 29
18 35
16 70
28 88
10 59
18 96
9 80
30 49
17 31
24 83
30 14
15 51
26 46
2 19
5 17
21 25
20 30
27 42
4 66
6 68
2 58
1 68
8 41
1 3
12 50
10 27
3 4
0 67
30 72
30 88
2 14
10 7
14 51
16 41
21 92
27 48
26 82
24 49
18 40
2 61
15 29
8 78
15 35
9 90
5 55
21 32
21 32
4 55
15 41
11 60
28 48
29 91
8 46
16 92
29 22
17 35
17 6
23 34
18 54
0 89
18 100
15 14
13 68
4 82
29 43
3 16
14 100
24 63
6 6
24 92
15 45
13 68
12 66
26 38
30 60
1 49
10 3
9 99
6 22
25 47
23 71
18 87
25 54
8 72
26 12
1 40
4 36
24 42
7 20
16 70
5 12
24 66
9 35
27 55
27 37
30 95
13 60
9 96
20 3
7 30
27 76
18 50
25 89
2 38
17 7
22 51
8 53
11 41
20 38
20 54
23 18
11 26
28 2
7 21
29 58
26 61
27 88
19 85
4 17
20 73
25 54
13 62
12 80
6 99
12 56
1 86
3 16
25 47
23 49
27 32
14 14
16 48
3 59
26 36
26 74
20 74
8 12
28 100
9 72
3 82
5 87
11 18
9 87
2 70
20 80
14 64
15 36
27 61
1 25
4 13
11 90
9 70
19 4
22 33
25 6
16 89
8 20
0 43
8 59
0 63
3 23
26 14
8 84
9 21
11 3
4 27
14 75
0 14
1 92
6 93
22 89
25 1
10 13
2 45
22 33
26 10
12 84
10 2
25 72
27 28
6 33
22 80
11 48
14 72
20 44
10 83
10 54
20 78
13 75
19 75
14 95
13 6
10 5
7 2
14 13
20 60
28 5
1 65
26 23
28 95
19 32
1 65
10 68
2 43
4 22
15 27
29 75
16 32
8 98
6 37
23 43
17 54
24 90
9 67
26 30
12 15
27 53
2 42
22 49
30 4
7 50
4 12
17 48
15 13
17 87
21 24
19 91
12 2
0 23
24 32
1 8
20 16
30 41
30 21
0 39
5 17
7 16
5 18
8 39
24 40
19 58
19 69
16 51
8 92
24 13
19 68
5 95
9 96
4 5
30 70
5 83
16 78
20 42
9 68
26 74
9 20
17 81
11 35
22 28
24 26
8 22
27 55
7 59
0 90
21 5
18 47
14 37
3 53
11 40
5 90
6 22
23 45
16 64
22 18
26 18
18 40
21 74
8 97
14 57
17 45
9 98
15 18
21 14
15 62
29 90
25 95
6 14
7 71
11 83
22 27
19 2
9 85
11 99
23 51
28 63
17 29
0 21
2 78
14 54
7 70
11 17
8 10
7 51
26 18
8 74
11 20
10 74
10 70
28 87
12 11
27 16
26 19
20 76
24 27
2 19
9 89
8 27
14 72
11 18
13 32
25 13
22 43
13 74
22 94
29 84
8 27
14 77
13 13
21 5
11 7
12 96
30 22
4 24
17 38
22 16
25 41
29 50
23 99
12 71
20 67
2 32
10 41
0 88
7 89
18 93
11 41
1 37
20 65
18 94
23 27
7 32
30 45
20 49
2 25
30 26
5 77
15 20
18 20
19 6
27 26
24 98
14 70
5 45
20 86
28 45
22 92
4 35
10 9
4 64
6 56
19 13
5 95
10 53
22 83
7 9
15 5
10 43
19 14
28 58
4 67
23 39
16 21
8 67
20 89
8 25
19 5
11 46
9 28
28 50
15 87
1 52
17 61
3 74
15 50
29 12
23 59
5 27
22 67
10 34
23 81
1 34
0 66
5 25
23 23
29 96
3 73
18 76
29 78
23 20
11 57
15 37
1 74
30 15
19 4
30 52
2 67
19 7
11 62
15 15
19 98
1 25
16 55
8 99
9 54
1 82
0 20
20 83
11 100
25 9
25 85
2 35
27 41
2 34
19 2
3 39
24 8
4 46
5 89
3 34
23 63
24 56
20 8
5 96
23 62
26 1
27 31
24 5
16 65
17 59
20 37
21 43
1 76
3 47
29 36
14 39
4 63
14 69
27 78
22 100
5 16
6 46
14 7
8 84
27 39
15 72
10 65
10 44
23 43
15 91
17 73
19 94
29 84
15 38
9 3
18 12
26 95
5 67
11 66
10 21
23 47
6 77
24 82
23 60
14 70
4 69
16 30
24 69
25 74
9 24
4 21
18 77
29 83
6 77
4 34
28 43
24 62
13 47
8 89
24 19
26 59
13 76
13 12
6 57
15 30
26 33
13 18
8 75
2 59
9 44
4 31
24 46
8 65
23 77
15 82
21 25
14 12
24 34
3 79
10 19
14 95
1 44
27 5
0 65
15 91
6 91
26 63
28 63
25 35
1 97
27 49
9 22
18 47
16 12
24 14
14 56
15 3
0 66
19 85
25 61
30 34
0 33
1 92
5 26
30 87
19 60
27 62
22 75
2 2
11 4
24 78
24 2
21 79
18 20
4 32
12 48
13 92
25 47
22 35
3 92
5 64
4 62
14 92
24 28
23 11
1 40
25 59
8 57
25 79
5 45
23 41
3 28
21 51
29 96
27 25
6 27
12 75
18 96
0 5
12 19
10 63
24 30
5 97
1 23
7 57
7 92
14 71
15 13
26 58
30 7
19 21
20 90
7 94
8 54
8 27
26 53
10 63
8 83
0 38
29 26
4 25
13 27
9 48
0 60
8 5
21 26
29 33
16 61
28 29
10 26
6 46
15 6
2 33
20 83
23 54
28 25
3 84
24 37
19 65
16 33
5 100
15 36
13 63
12 69
11 78
9 79
29 13
12 46
7 23
29 63
0 54
27 22
15 86
6 5
13 6
29 8
12 96
5 93
21 84
29 56
7 92
6 56
25 88
19 25
19 8
18 72
6 33
19 68
11 33
4 87
22 46
1 13
28 92
13 8
23 74
10 29
10 26
25 46
22 27
7 80
16 51
0 19
10 53
25 61
13 27
4 73
6 1
14 7
28 96
13 77
29 42
8 27
12 100
20 31
16 57
23 3
0 64
29 67
9 98
12 17
15 72
3 31
6 6
27 63
16 59
8 80
0 23
20 28
17 41
20 67
21 39
30 28
24 83
14 81
2 10
20 37
22 77
12 100
22 2
20 5
18 68
4 76
19 61
20 71
14 15
30 55
6 3
1 19
5 15
5 2
5 85
30 8
6 82
19 66
22 75
27 75
5 83
20 70
6 7
25 58
30 89
11 78
25 55
24 29
20 49
5 31
17 94
13 8
16 100
10 31
21 88
22 60
16 90
7 75
11 81
12 65
12 97
8 40
8 47
1 18
29 26
3 27
28 22
12 81
27 52
12 27
10 25
10 41
20 84
10 16
12 24
16 44
16 10
15 39
6 94
11 93
5 27
23 27
23 12
15 12
12 73
30 30
9 62
12 29
2 8
17 16
0 55
23 67
12 63
27 64
25 55
23 95
18 90
20 36
26 84
24 46
1 80
14 11
24 80
28 40
17 70
30 20
24 71
19 67
10 69
18 54
10 63
18 43
27 39
3 95
28 24
9 43
7 70
11 69
10 42
30 49
9 68
16 51
18 97
26 54
3 13
19 52
9 83
27 68
11 60
10 24
12 97
9 17
19 87
29 8
19 100
30 4
4 4
9 40
19 93
10 47
6 73
25 41
22 19
24 73
20 86
3 69
10 1
22 67
25 95
12 30
7 69
8 45
7 76
29 44
20 1
22 41
10 95
12 8
1 97
9 49
0 73
30 82
3 60
20 8
27 96
25 13
14 94
3 11
15 96
21 15
16 84
20 51
27 98
15 14
10 44
27 94
19 26
3 54
16 3
20 90
19 18
29 99
26 82
30 70
17 45
20 29
15 58
2 86
10 53
3 37
25 72
27 60
15 88
11 96
28 4
21 12
8 99
28 99
21 58
22 78
20 86
26 33
3 67
20 78
22 86
3 67
19 18
22 29
18 63
20 47
0 5
12 75
4 73
8 95
19 38
12 69
28 100
3 79
30 89
21 8
23 87
15 98
17 65
11 12
13 60
20 84
23 39
27 3
20 2
10 69
26 30
21 7
5 45
26 58
2 32
18 98
15 76
16 51
3 40
15 67
5 33
20 29
4 22
3 90
15 83
6 62
20 20
0 76
18 60
15 54
7 52
29 18
21 9
15 21
13 45
30 54
20 14
29 51
8 60
30 78
23 37
28 65
13 97
9 67
12 59
18 63
8 42
13 52
25 59
12 87
0 58
13 19
27 24
14 72
22 16
0 89
19 25
19 95
30 79
3 40
14 84
24 59
3 51
7 60
20 53
30 37
0 42
7 99
19 20
22 15
17 63
12 100
4 6
14 72
29 59
21 35
1 74
17 72
20 46
6 52
29 78
28 74
2 72
23 87
9 81
20 6
21 44
28 99
21 67
9 32
16 32
16 27
23 90
19 4
0 27
18 71
2 46
4 96
25 75
26 70
11 7
13 13
30 65
29 87
11 73
10 64
5 7
18 74
2 17
30 66
30 18
13 98
13 13
13 49
25 77
22 45
20 17
12 7
10 44
16 24
6 47
1 94
26 57
8 8
22 28
18 97
29 81
9 44
17 12
11 59
2 71
2 43
1 5
2 56
25 26
14 42
14 47
8 52
11 100
21 11
1 65
23 17
19 82
2 45
1 38
6 73
13 10
30 59
25 60
14 26
11 84
5 69
7 84
16 52
29 100
8 78
11 17
2 98
15 13
4 98
6 2
15 22
3 57
4 63
11 87
27 67
13 83
15 40
14 50
11 15
14 5
28 26
3 4
14 51
14 56
9 65
23 68
25 65
28 36
23 86
19 99
7 25
11 67
15 49
10 28
1 99
30 76
0 9
17 72
18 63
20 89
14 52
0 75
17 98
25 43
25 82
27 53
15 42
6 69
6 30
4 61
17 13
23 33
25 84
9 68
30 23
13 49
17 12
4 85
18 19
28 32
24 82
5 69
11 25
6 63
29 65
4 61
24 94
8 74
0 95
6 30
20 71
15 32
19 14
12 6
27 30
6 45
30 3
10 31
24 26
19 49
21 20
11 43
7 73
24 7
7 61
10 86
17 82
6 31
27 55
18 57
15 13
28 8
15 77
12 51
26 53
0 47
4 55
29 33
26 58
4 63
29 86
0 59
13 74
16 11
9 39
8 62
19 18
5 39
3 68
22 28
9 73
18 26
4 31
6 95
13 89
1 10
29 7
24 45
20 76
16 75
20 8
2 67
13 67
10 93
15 91
27 84
24 56
29 79
10 82
9 27
7 60
14 82
24 89
9 50
6 78
29 100
25 100
4 7
15 46
0 100
30 86
12 10
24 9
10 49
4 8
3 37
17 24
6 86
11 73
10 46
4 24
29 29
3 95
16 39
24 35
9 95
13 34
6 21
13 14
1 95
25 26
29 10
10 62
6 92
20 53
29 84
13 95
26 100
19 78
14 39
24 36
10 37
12 86
23 69
26 56
0 76
27 51
15 15
28 20
7 82
15 2
3 78
20 66
8 50
25 81
22 9
30 56
30 16
1 26
5 56
17 80
27 22
11 79
10 32
16 2
1 17
11 3
10 68
18 33
1 80
6 3
21 59
0 16
6 46
16 97
23 41
30 69
11 70
10 76
2 13
1 44
12 12
23 58
18 58
1 57
10 48
25 98
25 96
8 97
15 54
6 82
15 48
7 2
3 72
24 22
7 100
22 21
26 95
17 31
26 37
30 95
13 19
19 24
13 85
20 31
24 42
25 76
24 6
13 25
25 92
5 60
9 77
22 35
20 9
4 87
20 56
17 37
0 87
18 53
21 7
7 22
24 31
16 22
20 92
28 35
2 74
13 31
17 19
21 61
19 49
12 44
11 3
7 36
17 82
12 38
28 38
23 59
7 34
7 38
8 91
11 37
9 47
18 33
11 35
25 18
0 80
1 67
6 46
19 80
29 82
30 67
14 40
17 58
12 63
6 17
30 59
25 27
0 37
1 35
10 81
8 42
15 94
5 31
29 26
3 9
6 36
19 34
27 26
24 33
10 93
14 25
18 50
10 66
26 78
6 69
21 24
20 30
10 60
15 41
14 40
18 27
26 98
26 14
3 78
12 47
9 16
0 64
21 8
2 23
26 52
8 31
22 21
29 59
17 39
7 52
22 59
21 64
6 51
13 1
9 14
4 31
3 80
16 56
15 7
17 3
14 25
27 42
16 20
19 2
13 3
18 64
7 27
12 23
12 77
8 85
22 84
18 95
20 9
10 76
24 42
6 65
30 96
3 13
23 50
0 79
10 18
17 25
8 60
30 56
28 33
1 18
21 46
12 30
22 52
23 43
19 95
2 14
23 99
23 70
18 2
6 17
29 23
15 23
27 85
11 15
22 11
17 23
24 73
1 31
11 2
11 91
6 59
24 75
29 52
29 40
14 42
20 55
12 92
0 18
5 11
23 14
20 45
25 7
4 82
3 25
9 85
11 35
7 80
30 65
0 99
17 82
9 74
12 36
4 4
28 45
9 39
6 60
28 54
6 37
19 12
18 17
2 33
30 30
26 4
12 78
0 23
7 24
14 93
2 92
25 50
14 90
21 79
14 51
0 19
4 73
6 14
25 50
22 71
17 3
0 96
30 8
27 9
8 19
18 58
14 20
7 43
30 56
14 99
3 47
19 37
19 62
27 94
8 70
1 23
10 72
8 38
8 16
0 43
9 45
20 75
9 13
0 32
0 66
6 24
20 33
11 93
12 95
17 63
19 1
27 35
28 95
6 44
10 62
22 8
21 9
30 38
1 7
14 95
1 75
7 63
0 22
24 82
29 12
3 5
26 10
14 14
21 49
18 73
21 31
16 93
23 49
21 88
29 20
17 21
28 65
20 97
18 25
0 43
27 10
15 45
2 46
19 77
18 32
14 13
9 47
0 20
20 34
12 17
23 77
28 82
28 91
3 88
17 47
9 33
27 57
25 29
21 99
4 59
14 41
24 13
17 36
23 76
3 66
1 10
14 33
30 47
20 37
30 23
0 8
13 14
3 69
21 18
1 85
19 65
4 46
8 6
11 21
21 82
21 46
22 26
8 14
9 19
8 31
24 6
13 11
4 94
9 69
26 27
9 100
7 4
23 64
5 77
0 75
0 10
6 15
17 9
27 82
2 72
19 1
9 4
19 37
13 3
26 47
9 84
28 44
4 38
20 21
12 7
26 42
2 61
14 51
18 74
13 35
11 31
10 34
4 40
26 86
22 5
9 78
19 93
15 41
3 34
28 4
30 36
28 74
23 17
6 17
27 45
20 10
12 26
29 28
14 18
16 75
30 81
30 47
24 8
24 12
16 12
22 24
18 16
13 69
21 44
22 36
27 82
0 44
18 7
0 58
19 52
25 21
19 7
21 41
24 55
9 45
25 23
19 6
8 75
9 15
2 89
22 37
29 67
24 52
19 43
20 56
1 91
27 36
7 79
30 87
23 50
15 30
7 20
1 59
29 94
24 55
23 5
10 11
25 48
13 78
18 83
9 67
24 32
5 34
29 80
25 7
28 2
19 5
11 14
6 73
27 78
17 2
24 89
11 76
11 38
15 74
29 93
11 46
5 73
0 20
8 70
17 9
23 70
9 92
26 12
13 17
18 9
1 57
11 46
13 67
7 47
28 3
3 36
14 21
29 69
2 21
19 71
12 66
20 13
21 80
25 74
3 67
4 95
4 60
10 87
0 74
21 34
10 3
20 74
24 25
23 60
13 29
13 10
23 3
23 90
18 45
5 68
28 12
22 45
0 16
0 61
27 18
16 66
28 74
27 38
2 21
28 65
13 46
14 37
11 64
27 51
18 84
16 56
28 42
26 47
11 67
26 53
3 94
5 18
10 43
25 1
17 16
21 21
12 32
28 89
7 17
2 27
7 37
26 71
26 45
1 19
17 58
12 58
8 26
3 59
25 42
14 99
30 90
12 70
4 61
20 30
4 39
13 56
30 83
8 26
2 25
21 21
5 99
3 77
4 62
0 55
18 87
14 60
4 27
30 11
4 6
30 85
21 100
24 81
10 76
15 19
26 17
24 48
10 36
11 35
10 97
30 11
12 73
4 52
14 18
14 54
20 96
22 12
28 29
19 73
21 30
15 79
15 29
4 43
3 8
11 53
25 54
7 27
20 12
9 60
0 59
25 16
15 85
29 67
27 42
10 60
29 2
0 84
2 11
5 42
6 98
22 57
26 37
30 61
16 2
16 65
26 5
12 62
30 5
6 6
16 23
28 100
24 24
27 94
13 83
1 22
19 89
28 35
12 36
0 87
26 81
2 59
12 62
17 71
27 53
19 32
7 10
11 92
10 93
22 2
26 44
22 40
15 30
13 83
16 61
12 49
0 88
29 5
3 18
18 30
27 55
23 58
21 33
11 60
26 90
17 98
23 98
3 18
5 53
28 36
18 96
10 30
0 56
12 62
20 75
4 66
26 17
18 26
4 59
19 48
5 7
26 17
3 37
9 5
7 46
14 94
20 53
22 37
6 74
6 35
25 55
28 56
5 13
13 50
0 49
26 15
29 38
23 1
12 47
8 50
29 41
10 89
1 99
1 88
5 87
12 85
8 21
28 77
5 13
19 1
26 8
28 13
18 28
22 34
13 94
10 79
16 33
7 37
10 54
27 15
7 55
17 13
16 11
18 32
23 26
13 62
10 80
6 49
29 60
4 4
12 32
4 14
20 90
10 62
16 91
7 17
29 53
24 38
17 35
4 85
17 48
0 33
30 12
12 21
5 67
2 11
16 36
5 94
4 4
3 31
16 32
6 10
19 49
21 54
25 99
27 89
20 91
18 32
20 33
29 80
17 87
10 12
25 25
8 89
13 38
13 52
0 87
21 60
8 46
18 96
3 100
11 2
30 98
17 68
21 54
7 53
4 19
24 2
9 23
14 69
10 31
22 65
7 74
27 39
26 41
5 22
11 16
0 66
28 1
21 12
3 68
22 41
1 64
26 9
17 30
23 6
25 49
10 31
9 78
7 39
7 3
30 39
18 70
18 42
15 9
10 41
12 34
10 98
23 8
16 72
5 86
26 69
17 79
14 81
17 36
14 94
13 8
22 71
18 92
7 17
11 3
20 82
19 35
0 100
11 61
25 85
6 61
28 63
5 37
20 96
20 53
0 62
29 96
13 17
4 51
11 6
10 74
19 38
0 76
30 82
5 9
20 3
25 68
4 28
28 3
15 90
13 39
14 39
1 51
26 31
21 26
24 2
26 14
23 9
23 32
27 3
8 48
6 42
6 89
10 21
17 89
17 48
9 83
6 3
16 84
15 100
7 50
26 44
20 37
19 98
13 7
5 61
22 84
18 84
17 2
3 5
5 11
18 8
22 34
30 61
28 87
11 57
14 88
15 85
26 41
14 9
0 17
8 85
24 3
21 54
12 51
25 92
16 70
25 77
10 52
6 4
22 87
11 26
8 74
22 24
26 53
29 71
11 26
14 7
1 56
1 54
5 77
16 22
4 7
6 22
9 23
24 21
10 65
10 92
19 32
4 84
14 42
22 16
24 17
29 28
3 86
19 79
24 82
24 35
27 70
0 45
23 40
25 75
29 2
23 31
25 59
23 4
30 2
22 53
0 77
20 74
2 31
9 60
8 27
25 35
25 94
20 69
26 30
24 22
0 88
29 94
11 50
15 55
10 62
19 6
1 9
16 87
25 36
22 84
8 91
28 82
2 52
15 26
19 80
19 23
1 100
5 58
13 8
26 18
13 85
22 43
30 62
25 28
26 2
7 28
20 38
9 22
10 67
10 16
9 4
10 94
3 25
9 32
12 98
1 67
25 83
25 59
16 7
28 23
15 36
28 58
7 90
28 22
7 70
3 1
6 84
13 23
0 1
16 95
25 17
18 64
18 49
22 34
20 79
15 88
28 6
16 26
9 47
30 42
6 71
24 88
14 27
15 28
5 53
22 14
4 71
5 89
25 88
25 27
25 6
11 64
8 18
3 12
7 18
17 77
25 54
5 57
27 60
5 55
25 89
29 63
21 73
13 52
22 10
12 13
20 99
19 54
5 11
5 63
21 6
25 43
28 11
22 90
18 15
22 27
15 58
21 77
14 3
29 85
9 58
18 26
2 41
3 13
6 18
5 9
5 10
2 96
16 59
18 46
14 10
7 57
26 45
22 94
30 86
4 57
29 66
6 8
17 66
21 30
17 24
0 99
0 50
21 64
7 89
16 89
3 46
25 82
2 11
11 18
9 53
15 18
25 63
18 54
13 48
21 99
19 70
13 48
19 69
14 24
0 32
25 95
7 30
4 44
15 18
15 32
13 5
18 7
21 34
12 36
4 17
28 22
13 11
7 79
27 72
18 4
1 3
13 33
5 25
24 27
11 58
25 17
8 8
14 49
24 9
8 20
11 65
17 49
0 95
5 87
1 44
14 57
9 44
2 50
29 57
6 71
0 81
21 78
27 3
24 15
24 52
13 78
29 24
0 98
18 42
3 7
19 21
30 45
6 80
24 55
24 4
16 38
3 98
5 10
9 80
19 100
13 57
15 9
30 59
14 36
9 81
30 13
14 94
27 57
3 56
0 7
29 42
28 28
11 23
18 65
21 47
11 25
20 91
26 30
14 35
19 63
1 2
0 62
21 16
30 38
24 40
21 95
9 74
8 92
24 31
11 49
16 80
0 32
22 53
22 49
0 21
21 5
29 3
27 67
11 65
14 61
21 42
4 42
10 7
29 4
2 86
4 38
8 39
29 34
4 68
8 92
21 74
14 94
6 13
20 95
2 95
22 13
5 48
15 90
25 97
22 79
7 13
29 78
7 48
6 100
19 36
29 52
12 98
20 19
10 54
12 2
25 65
4 28
17 15
17 42
2 26
27 69
21 65
4 78
21 51
8 81
3 52
17 82
1 3
10 55
22 17
20 93
13 20
25 27
12 72
0 28
1 61
3 75
10 79
13 78
8 84
27 35
13 78
7 14
8 21
29 46
24 10
23 75
27 61
18 9
12 29
2 72
1 16
4 12
2 47
22 81
16 66
16 42
9 50
22 44
9 62
10 24
13 56
11 90
12 19
1 22
16 51
8 29
28 76
2 33
22 53
29 58
28 53
11 18
27 48
10 19
18 6
25 84
9 38
8 35
14 8
19 94
4 51
10 75
2 68
27 52
18 64
14 36
9 8
8 78
17 16
27 51
30 34
23 15
14 16
3 19
30 31
30 72
19 30
19 32
9 86
11 46
21 26
16 68
10 49
5 95
21 72
29 54
29 68
20 58
19 41
8 21
22 10
22 10
7 17
26 82
12 95
30 17
26 40
22 36
4 25
20 65
19 56
16 100
7 41
2 35
26 57
29 27
27 79
20 28
15 3
4 31
28 47
20 31
22 80
21 4
11 70
16 9
10 64
28 93
4 84
25 23
3 28
8 63
2 68
20 62
10 92
0 33
11 12
12 77
20 69
23 65
18 53
26 75
2 90
1 85
4 34
30 28
14 66
20 36
16 55
14 3
23 47
4 71
2 64
28 90
19 46
0 30
22 35
26 90
27 68
7 56
24 87
28 52
6 14
8 61
28 42
6 94
16 68
4 11
18 51
4 10
7 40
2 57
25 63
9 91
6 37
24 28
4 12
22 31
0 14
11 32
21 22
26 73
0 42
25 70
11 29
21 88
30 43
14 75
21 91
30 5
14 89
27 94
0 56
27 55
25 12
10 39
26 43
19 86
23 17
3 65
0 35
13 76
0 45
0 85
5 65
11 76
21 59
7 34
6 1
5 7
16 18
7 61
25 9
23 3
25 85
24 6
22 78
5 85
7 9
14 71
23 81
30 100
1 38
26 91
4 83
5 76
4 95
11 80
22 52
8 23
0 35
5 43
14 100
7 18
18 35
26 3
29 92
19 39
6 79
21 75
16 90
11 82
3 88
18 92
23 3
9 58
27 46
28 82
29 90
24 77
27 83
20 74
12 13
8 39
23 10
1 31
13 35
0 62
25 73
20 77
21 87
9 97
25 37
24 88
13 73
18 21
25 78
20 40
28 70
14 26
6 33
18 93
12 59
30 45
21 45
24 29
12 27
7 13
6 48
5 26
7 83
27 23
21 91
9 1
6 51
7 97
11 10
2 11
21 87
12 96
2 73
5 38
27 83
4 53
12 99
20 42
29 8
2 40
17 76
25 46
28 43
11 25
19 54
21 92
27 29
26 70
20 22
9 53
14 65
3 74
24 97
24 29
11 7
29 52
2 7
22 76
12 41
5 7
13 5
20 26
26 86
18 44
15 92
11 97
24 11
24 1
11 62
24 56
14 90
15 29
1 72
19 10
27 33
20 60
28 32
8 14
14 63
22 59
13 59
14 57
10 68
17 5
24 52
7 71
0 96
8 38
2 38
27 12
1 71
0 30
0 51
17 63
30 95
22 18
2 1
17 88
16 14
28 84
7 75
25 66
19 35
22 43
9 88
25 55
25 17
12 84
28 3
7 36
12 67
14 27
28 40
23 77
10 8
28 60
3 54
28 22
0 63
23 7
14 79
8 75
11 35
15 38
9 79
12 22
18 80
27 83
18 25
10 14
20 86
6 40
17 100
24 38
6 34
30 8
14 76
30 12
19 98
22 63
4 87
14 51
15 39
8 19
24 34
24 14
16 8
6 4
25 17
27 89
27 31
9 3
18 64
2 49
13 59
28 84
9 15
18 69
20 31
26 3
28 54
7 99
7 44
9 84
23 78
20 94
25 74
12 30
14 13
25 94
1 33
3 19
1 50
15 86
8 16
0 72
28 67
3 32
25 66
8 13
19 15
29 40
19 14
30 41
6 93
8 31
27 94
14 66
18 97
14 65
8 60
20 75
12 91
16 79
8 47
14 32
17 35
5 7
7 3
2 76
10 65
29 21
4 61
22 100
0 69
5 38
29 15
12 93
17 80
15 73
5 34
1 69
7 61
2 32
26 76
29 100
30 39
13 90
24 82
21 59
8 65
9 48
3 27
3 96
2 98
2 67
4 63
25 60
7 95
21 21
0 56
19 85
26 89
19 16
11 27
20 80
16 91
22 22
19 28
21 90
25 34
1 13
18 82
1 37
21 96
28 46
21 64
11 7
18 31
21 56
23 29
19 47
13 57
28 47
29 80
3 67
10 70
7 3
17 81
17 74
4 33
13 34
30 60
11 74
19 68
11 49
5 17
17 8
22 86
21 13
29 57
16 82
5 100
22 57
8 32
9 53
3 71
16 40
24 50
9 59
18 34
17 43
8 77
16 70
6 12
12 66
23 15
5 43
14 16
3 16
29 56
13 31
15 49
29 89
14 100
10 24
9 6
0 2
3 58
28 49
5 65
29 25
22 32
23 59
20 14
13 26
12 61
1 63
19 18
10 25
3 22
23 60
20 12
20 69
1 20
19 49
29 5
29 46
25 42
4 53
25 7
14 23
6 70
19 57
28 67
6 90
15 31
10 68
4 56
8 41
27 91
8 9
21 83
21 31
15 62
19 87
23 45
4 31
14 65
16 57
3 93
1 28
3 16
18 47
3 3
26 43
27 18
24 79
9 95
20 81
9 40
12 9
10 24
13 89
3 14
28 83
10 95
6 59
11 86
25 46
2 72
17 71
8 2
9 63
14 40
8 78
12 69
25 38
3 61
25 65
15 2
13 51
15 52
18 99
7 59
20 50
16 70
15 37
22 18
5 31
21 12
8 28
23 40
22 2
23 49
12 10
8 42
18 11
13 85
13 62
23 10
24 13
15 49
25 59
30 65
1 30
25 49
3 85
2 12
28 91
17 90
18 84
21 89
2 5
12 3
17 66
15 50
0 100
5 36
25 84
11 38
20 15
13 34
20 74
0 9
7 24
21 80
26 60
17 83
5 56
18 3
13 64
6 61
5 40
2 13
8 87
27 32
27 99
20 80
15 6
22 19
28 26
8 94
4 53
2 95
10 56
13 43
27 20
25 87
26 28
4 48
30 31
7 65
29 1
22 17
3 39
29 16
27 2
30 6
25 39
25 34
7 63
29 44
27 86
17 6
30 21
14 69
26 3
20 19
18 46
20 75
19 56
17 81
14 58
13 87
9 43
30 51
18 63
26 48
9 16
3 3
3 25
0 30
21 34
6 71
18 68
27 6
24 75
30 19
27 76
11 74
25 81
30 9
29 7
18 23
28 73
12 47
24 45
20 26
29 66
1 7
2 25
2 79
19 69
1 18
15 16
27 22
19 24
4 60
8 13
6 1
6 57
19 5
13 24
13 7
13 91
24 35
12 17
11 33
14 55
3 46
14 23
16 83
7 37
15 32
20 24
29 8
5 5
20 63
8 13
28 78
5 53
14 52
3 70
2 13
3 84
12 100
2 94
10 24
10 62
3 58
10 96
14 80
2 85
21 56
4 82
2 50
24 82
28 65
15 31
6 22
14 78
7 35
15 57
17 83
20 18
11 31
4 98
13 56
14 78
27 34
21 8
2 54
10 44
24 83
24 89
26 50
10 67
4 29
1 71
0 60
14 94
5 93
5 72
4 92
16 70
27 74
15 65
1 96
20 94
24 48
25 33
1 7
18 3
18 72
12 90
8 80
29 71
7 45
9 72
8 94
1 61
21 4
13 90
29 46
28 43
9 8
7 8
