100
2 72
16 52
2 29
22 68
3 96
11 44
25 88
30 15
10 18
23 59
17 82
17 92
15 97
29 4
22 93
20 20
3 5
18 78
11 32
20 61
8 20
30 32
29 68
15 4
24 66
5 45
30 34
4 11
16 8
28 40
28 22
2 51
1 38
6 69
25 50
25 13
7 47
12 35
9 81
24 13
14 19
21 10
24 4
26 82
28 40
16 34
18 100
11 1
0 45
1 18
16 20
10 17
26 29
11 50
21 58
14 12
14 44
25 24
2 18
23 70
25 33
6 87
15 46
2 3
26 52
17 12
26 67
23 45
2 40
21 56
9 68
0 64
4 40
11 30
18 43
6 29
29 43
11 56
17 9
10 86
8 34
11 41
9 22
14 11
28 24
8 74
5 24
23 20
21 41
27 43
4 73
0 22
9 80
24 71
0 45
30 72
18 43
19 19
6 100
0 22
29 77
20 23
23 8
20 77
10 79
6 52
19 84
24 98
6 58
26 92
5 32
24 36
22 25
4 34
3 13
22 88
3 50
25 77
9 75
21 78
18 54
5 68
21 22
19 56
26 66
22 73
25 98
23 95
3 44
8 92
6 44
25 80
8 77
15 74
14 43
1 35
29 28
28 16
11 20
30 78
20 45
18 14
24 28
20 90
13 52
15 17
12 11
7 16
25 45
0 32
5 17
13 86
14 50
18 68
20 27
19 100
6 25
19 9
19 93
11 31
15 87
12 23
18 2
7 78
26 60
28 73
19 73
20 47
3 82
29 95
12 5
18 13
2 88
8 15
11 57
18 14
2 3
0 30
19 2
20 1
30 93
29 81
28 8
16 53
15 27
9 47
3 11
6 34
28 68
28 92
16 87
30 79
25 61
29 1
24 78
17 4
3 98
27 31
24 1
29 82
16 12
22 39
17 86
8 6
19 6
24 5
1 23
12 41
13 84
11 98
29 55
9 52
19 28
21 14
0 75
0 38
2 45
28 28
24 85
4 84
6 67
25 96
26 9
27 35
10 45
15 86
17 24
19 1
2 24
23 84
19 42
7 34
2 38
24 64
19 73
2 40
0 28
30 61
4 23
11 45
28 89
26 20
26 53
7 63
10 62
6 2
29 59
23 32
21 26
22 50
24 18
4 80
24 85
10 38
7 95
17 29
5 74
6 61
3 36
15 30
8 53
1 98
10 50
7 39
24 32
28 52
15 35
7 20
15 18
4 32
19 7
27 16
8 87
20 89
26 4
15 48
2 73
27 77
17 74
22 72
15 17
18 15
28 61
15 30
11 90
20 95
16 85
1 79
27 4
30 66
2 56
19 39
10 52
23 51
6 55
20 60
12 40
3 89
30 41
8 43
8 21
14 83
9 4
14 8
2 78
5 68
15 15
12 21
13 37
15 37
11 92
1 57
1 62
29 5
17 29
1 9
7 100
5 40
18 80
23 28
6 1
17 64
25 54
2 69
22 35
12 87
16 75
10 66
2 52
27 64
27 81
25 17
17 68
14 7
15 16
0 89
20 26
30 73
11 14
23 30
25 3
30 30
17 75
12 100
18 85
23 7
4 25
27 93
26 14
30 78
28 31
6 78
21 40
15 11
28 48
0 39
8 62
7 29
2 82
26 38
16 54
9 45
27 45
9 70
28 38
19 13
25 70
26 49
12 61
5 7
3 44
1 5
29 55
20 47
21 47
15 85
25 12
28 16
10 34
11 36
6 83
22 15
26 95
13 92
7 73
18 53
22 39
20 71
26 62
2 58
17 37
24 80
10 69
0 63
4 9
7 60
23 80
1 26
0 14
8 22
10 35
5 92
15 34
28 77
12 91
0 94
24 10
13 18
12 69
25 83
21 8
29 2
14 81
6 66
18 49
19 5
15 42
27 38
10 79
0 59
10 20
5 48
20 100
25 93
23 76
25 99
30 97
26 11
19 86
15 52
15 12
16 10
0 70
8 95
4 17
19 26
19 23
13 37
9 6
11 67
21 55
27 54
8 62
18 41
7 27
25 77
27 11
29 60
8 80
8 2
8 62
19 29
8 6
25 28
16 30
26 42
18 8
8 4
0 81
14 64
13 98
13 32
7 1
17 97
2 40
12 74
28 97
23 31
27 63
27 26
7 15
26 18
4 16
12 19
21 38
2 79
19 12
22 66
24 8
15 86
14 42
17 32
30 27
18 88
10 19
0 79
4 3
19 99
15 45
3 8
14 85
28 52
14 55
26 23
12 2
22 80
19 40
17 23
24 91
21 78
16 50
24 93
11 46
5 36
20 98
14 8
16 81
14 7
27 34
10 61
10 6
3 86
10 39
23 75
13 16
26 97
7 24
25 70
5 8
29 37
3 53
12 28
24 49
13 53
2 78
18 50
13 44
10 61
14 92
23 51
23 83
6 54
17 12
9 94
11 68
23 50
10 85
23 45
2 35
7 39
19 56
2 76
5 80
15 70
7 88
21 32
11 23
26 1
14 72
23 52
23 84
8 44
17 66
8 18
0 51
1 74
20 7
28 56
24 20
0 51
29 86
22 63
30 66
27 3
24 93
6 93
9 58
11 64
29 23
12 41
10 58
2 25
13 86
5 84
8 99
2 79
16 49
2 14
27 72
4 46
27 66
16 54
8 50
24 100
26 90
29 73
14 8
16 21
12 82
9 72
30 76
9 29
27 20
0 7
18 71
6 96
29 97
30 5
15 85
25 94
1 6
5 70
4 96
15 79
24 61
29 84
21 51
2 7
8 16
11 72
25 72
26 7
19 1
13 99
15 59
27 81
8 57
28 68
14 16
9 52
25 99
24 23
15 68
5 19
30 67
13 16
3 1
25 100
12 65
30 85
23 37
11 12
23 59
0 21
11 6
9 70
8 6
14 55
21 91
12 51
7 30
14 81
22 97
15 14
23 5
11 35
2 82
2 91
21 52
15 57
21 10
26 66
26 8
5 38
3 37
14 74
25 13
2 97
4 95
10 10
11 30
18 33
17 86
26 10
3 17
3 34
7 30
16 10
19 50
11 36
1 79
13 70
28 61
14 88
30 98
8 30
22 53
0 4
21 66
18 23
13 31
15 87
18 54
2 68
12 49
21 59
26 26
16 96
19 76
4 19
4 40
6 16
13 73
11 44
11 24
12 25
28 28
3 59
24 78
4 36
29 52
2 25
24 55
12 46
14 37
20 13
9 62
17 65
23 82
4 37
2 9
15 28
14 95
19 86
30 5
11 74
5 10
28 88
0 2
0 26
11 95
20 92
12 4
2 75
30 32
30 57
13 30
11 15
10 12
10 9
20 83
21 11
16 10
24 66
22 28
16 79
1 80
10 62
14 2
30 80
16 28
10 63
5 14
1 41
12 18
25 72
4 12
27 69
2 42
5 39
15 89
30 54
0 45
23 82
7 22
14 24
22 53
26 55
1 20
10 91
1 32
10 59
26 47
10 55
10 55
5 73
26 57
20 44
17 36
3 26
7 69
18 95
25 17
10 84
28 78
8 32
7 33
14 81
8 65
12 36
24 30
7 84
22 74
13 91
12 52
17 43
9 31
21 47
29 79
14 74
28 80
5 87
6 22
18 66
27 41
18 53
20 20
1 65
16 74
30 7
4 52
27 95
26 58
1 100
11 62
3 65
10 3
14 67
22 32
25 45
2 26
4 7
29 22
17 59
22 10
22 27
0 49
2 14
16 13
21 27
5 3
4 5
7 55
17 29
30 75
12 78
0 28
11 88
9 58
24 30
6 96
20 75
8 69
19 15
12 1
25 15
12 29
24 91
4 78
2 78
12 19
23 22
17 70
19 2
15 23
13 61
25 91
0 100
11 12
1 61
11 29
12 51
10 92
29 14
9 14
26 98
17 82
24 28
3 80
2 77
27 18
15 9
2 21
16 95
7 50
16 73
9 84
19 34
15 98
0 64
4 2
16 80
17 9
6 57
15 32
18 7
8 58
29 94
28 89
17 86
13 3
9 72
23 52
2 42
4 43
21 29
20 32
8 25
13 3
12 52
17 79
0 73
18 27
19 45
19 25
13 77
24 66
13 47
6 46
2 65
14 38
25 6
27 43
1 40
2 34
10 30
29 34
8 29
13 49
26 38
9 30
19 52
14 51
22 66
11 93
25 86
16 4
23 54
14 64
2 79
30 21
23 89
6 29
23 60
12 27
17 73
20 5
20 23
23 61
30 55
9 3
15 43
6 57
4 50
30 79
17 2
3 7
8 42
16 70
6 6
2 29
27 37
17 45
17 65
18 75
10 23
28 97
27 98
28 86
25 96
18 42
10 94
24 64
30 20
6 88
20 62
8 9
1 13
15 27
6 50
4 55
1 5
1 77
26 50
15 81
26 1
25 74
2 91
6 41
10 45
13 67
2 34
29 65
6 100
1 53
5 52
20 94
26 2
7 11
27 76
2 40
27 68
21 63
2 91
1 60
27 94
27 46
14 68
24 2
7 61
23 31
4 27
8 2
19 100
29 56
5 39
20 32
28 42
27 80
9 49
11 94
11 91
18 27
27 35
28 18
20 64
3 10
24 81
23 14
14 62
22 29
9 5
3 79
13 88
20 53
9 87
20 88
12 51
12 95
5 11
7 70
1 59
7 98
1 81
3 46
30 29
10 8
6 66
24 8
19 74
22 95
16 85
29 4
17 44
24 37
2 94
14 94
29 96
28 47
2 97
21 50
0 87
14 7
30 84
14 94
29 15
21 51
26 3
22 11
6 13
12 39
7 39
13 35
20 55
2 9
4 78
25 65
5 5
1 94
19 54
18 17
12 36
13 29
14 63
8 81
3 69
17 79
23 66
10 6
15 5
21 33
20 63
7 89
1 7
22 16
24 56
24 32
2 2
28 36
25 31
11 21
4 26
15 20
22 51
26 14
2 99
2 74
26 78
19 92
0 24
29 57
0 73
21 63
14 83
23 73
24 78
23 2
24 79
23 50
27 88
15 28
19 51
2 73
3 50
25 38
6 12
5 44
17 12
19 90
5 75
21 62
26 26
16 38
17 89
10 38
5 30
6 15
25 65
25 85
6 85
3 77
19 23
6 39
17 27
8 10
30 24
14 82
5 34
14 78
27 96
19 5
17 100
6 71
5 45
28 66
9 24
27 50
22 34
10 76
9 69
7 88
5 69
30 33
19 55
12 24
29 24
13 35
14 85
0 21
26 98
2 61
16 54
0 18
2 39
22 23
1 89
5 34
0 59
5 78
19 35
15 54
29 45
15 14
19 59
4 50
4 23
21 38
19 9
25 84
20 5
1 7
2 67
26 97
13 10
21 86
29 5
3 39
8 19
3 82
30 18
17 20
15 50
22 68
12 52
24 81
13 100
9 12
28 13
3 50
0 33
27 73
27 62
8 53
12 22
23 50
9 89
16 14
16 90
24 48
2 51
20 81
8 19
26 77
28 9
11 79
14 99
16 7
4 35
21 31
27 100
22 3
16 40
30 28
23 85
27 41
29 25
14 20
14 44
29 100
15 38
10 55
3 48
27 30
3 43
20 10
18 83
6 7
25 46
21 44
30 19
17 2
8 58
20 7
6 23
17 49
4 72
26 7
22 27
21 85
22 29
20 42
3 33
14 23
27 49
19 12
12 27
19 3
19 58
20 48
4 39
15 74
13 78
21 49
7 11
9 57
17 46
13 59
23 93
27 56
22 15
22 66
23 44
17 10
21 7
20 64
4 48
25 53
11 87
15 23
12 86
28 52
5 7
9 44
3 40
3 54
12 16
0 42
30 8
21 48
14 13
3 30
25 2
29 68
1 3
25 59
9 67
10 96
3 54
10 38
17 9
26 4
4 28
10 16
13 17
7 59
24 56
25 94
22 22
30 49
24 24
28 73
24 27
29 38
5 63
17 14
18 10
23 28
21 40
29 73
27 77
17 5
20 31
24 14
11 14
16 29
0 92
19 67
8 97
23 55
10 42
30 61
20 35
2 38
1 67
13 5
5 23
13 98
8 4
25 49
2 21
0 17
18 14
1 39
2 40
11 63
21 30
0 33
22 21
15 59
28 98
9 15
0 38
3 90
21 28
29 87
1 99
15 69
16 70
24 41
17 83
23 89
29 42
5 26
8 7
22 23
20 43
28 32
17 19
2 42
5 99
0 19
16 8
3 60
3 19
21 87
10 35
15 86
6 90
29 67
30 24
23 33
12 44
23 52
28 28
5 79
18 100
13 22
21 40
29 43
8 20
1 85
12 100
14 19
23 60
29 70
9 85
5 61
13 73
7 19
3 18
20 18
1 56
20 28
10 28
1 20
11 35
28 9
16 65
19 71
15 8
28 41
16 73
15 69
23 3
23 31
1 77
29 10
14 55
26 14
23 95
30 57
19 1
10 90
2 27
14 68
15 2
3 67
8 77
9 88
3 28
14 90
11 59
2 40
5 25
30 96
24 38
28 47
9 19
24 84
3 58
9 20
7 5
8 64
19 23
11 24
9 75
14 83
13 57
12 63
10 28
27 79
30 71
10 26
14 57
4 33
28 52
26 17
12 96
0 74
9 28
24 2
10 23
1 36
25 73
8 59
24 14
15 17
29 21
27 12
15 80
11 61
3 83
22 44
29 43
13 98
14 74
8 45
12 47
14 66
25 29
2 69
12 90
13 97
16 57
12 96
13 21
23 40
14 70
10 46
17 24
10 19
25 34
13 85
24 36
9 5
3 6
13 19
14 88
6 46
23 67
28 58
1 62
26 64
19 2
6 27
15 65
9 94
24 24
2 44
1 91
22 33
4 32
2 12
15 47
26 65
24 87
4 6
4 55
28 83
22 44
5 46
7 77
6 52
26 43
20 12
24 50
18 9
24 90
27 37
11 55
18 15
25 66
14 5
4 35
7 68
6 83
2 27
6 83
18 92
13 92
26 78
7 79
9 80
5 33
19 66
27 14
21 78
20 39
7 24
2 35
20 4
20 68
6 17
19 66
15 85
26 72
15 79
5 84
23 55
8 15
8 100
26 85
22 6
15 19
15 9
16 50
30 96
28 70
1 41
21 22
27 4
1 57
20 93
6 12
17 72
6 65
15 39
20 74
27 98
0 41
5 64
28 30
24 23
24 36
27 36
21 27
20 40
25 54
8 27
0 77
30 63
5 38
19 33
6 10
22 90
11 3
14 68
22 13
23 24
4 99
29 45
30 94
9 72
6 59
23 69
26 68
9 95
23 84
5 61
12 70
15 71
6 29
30 29
7 51
11 15
5 97
6 54
2 16
23 14
8 66
25 11
18 10
6 41
16 82
26 80
16 15
10 54
26 32
2 83
26 30
25 58
15 52
8 33
7 25
26 68
2 49
16 67
23 77
18 57
17 25
11 62
6 78
2 60
27 20
3 65
4 29
8 98
30 35
21 50
9 12
22 33
14 65
30 78
19 11
28 5
3 87
0 72
17 15
8 94
12 13
26 16
6 42
4 5
13 67
28 37
18 41
6 26
9 5
17 46
2 58
16 53
8 43
3 52
14 91
27 99
0 87
9 59
3 35
23 4
23 4
12 72
24 38
23 71
29 91
6 39
28 37
1 72
12 51
7 35
4 39
3 61
14 47
17 31
19 31
15 99
21 36
7 65
18 29
20 81
11 29
22 88
13 15
0 51
23 21
6 100
26 45
24 56
3 90
14 76
23 64
28 46
1 27
3 21
11 8
20 72
24 4
2 53
20 93
8 80
13 47
25 96
0 80
22 60
14 79
6 58
15 19
0 30
26 58
16 21
7 50
23 4
20 59
9 26
8 94
14 8
4 76
14 12
24 16
24 43
10 2
17 15
19 71
20 95
22 68
27 67
30 64
23 58
4 38
27 81
13 13
2 77
24 61
27 61
14 67
30 54
5 56
2 34
19 30
8 88
9 36
29 21
5 37
30 26
29 55
24 78
1 45
22 41
28 52
20 84
12 12
29 23
22 68
21 47
18 46
0 73
25 84
9 43
25 97
14 84
19 99
30 63
4 83
15 96
7 18
13 97
28 53
12 56
17 15
5 97
14 91
17 88
4 49
19 92
29 64
17 31
9 62
25 35
19 50
7 6
9 61
24 60
24 79
7 58
0 31
27 56
10 3
16 86
4 59
13 79
19 31
14 13
14 16
28 90
7 41
25 37
20 39
17 92
16 58
3 44
19 25
11 61
10 43
11 58
30 44
11 56
10 33
12 25
0 10
0 3
9 98
7 87
17 54
13 66
20 16
7 89
18 78
21 1
8 91
2 99
7 43
10 93
17 77
11 80
5 74
8 32
10 7
13 13
9 48
4 49
24 74
14 17
24 22
13 32
26 92
16 91
27 31
6 69
15 92
23 61
2 42
13 48
13 2
22 41
0 45
18 53
2 15
0 30
14 23
3 79
27 100
15 28
30 68
13 64
6 13
22 63
30 2
26 47
21 44
16 48
27 62
20 97
14 6
25 27
28 90
14 99
0 44
1 29
16 40
11 34
5 70
6 28
12 78
5 100
20 33
2 18
2 30
28 7
7 82
22 97
26 47
19 1
10 50
21 100
15 57
22 9
20 47
12 38
0 87
12 70
6 22
3 10
1 62
16 41
1 64
30 1
2 34
2 8
27 98
2 82
17 56
22 13
15 64
30 63
9 87
29 63
16 25
20 42
16 58
10 17
29 2
16 72
2 52
17 71
28 28
4 2
21 25
18 59
22 14
17 38
13 83
21 60
14 23
30 39
5 46
16 70
9 17
4 32
20 42
23 4
10 34
26 51
9 88
20 75
1 12
1 18
21 13
19 23
21 36
9 22
20 60
28 83
3 65
14 50
2 15
19 23
30 44
22 94
26 75
15 93
21 98
9 46
21 16
10 58
25 98
10 54
23 7
22 17
26 38
24 53
26 42
24 42
28 81
2 68
23 57
18 13
22 58
27 80
6 41
24 30
29 62
30 51
28 76
26 84
18 78
12 65
11 29
20 20
21 98
21 7
20 30
6 81
9 42
16 14
12 9
27 35
0 21
9 52
11 44
2 1
17 53
19 91
14 22
15 36
22 84
1 40
19 90
16 83
8 14
27 22
30 21
5 30
18 75
8 33
26 12
25 58
6 69
22 90
28 56
2 62
20 42
10 99
16 67
15 2
17 49
0 19
21 64
25 94
1 34
18 10
11 57
25 69
0 93
16 29
29 1
7 26
23 87
16 13
18 57
0 7
19 83
30 10
26 40
0 50
14 68
25 83
19 76
5 71
0 99
12 84
17 57
16 96
26 67
26 40
15 71
28 30
27 76
8 4
29 93
12 46
18 57
12 74
26 85
18 59
7 97
20 92
18 40
4 20
2 9
27 43
14 100
24 21
3 18
10 60
20 64
22 52
0 92
19 54
14 75
22 93
0 47
6 35
10 6
1 15
24 40
10 37
26 57
4 19
18 39
30 8
20 94
29 32
19 54
6 21
21 44
29 33
27 91
25 46
30 31
18 3
8 82
7 41
8 59
30 30
29 73
6 55
12 28
22 69
5 74
20 55
1 78
0 49
11 17
22 91
12 91
14 89
18 32
24 17
13 69
3 40
18 36
27 28
17 85
11 94
19 66
7 8
5 41
22 87
4 39
10 80
4 72
9 34
30 12
17 94
13 80
18 81
0 15
28 68
8 26
27 7
5 53
0 11
20 94
25 78
16 90
27 82
17 80
11 93
24 87
16 97
28 22
5 81
9 34
23 45
3 59
9 66
2 86
26 74
8 48
23 7
3 98
8 24
24 86
20 13
16 7
4 30
26 59
17 60
17 28
4 39
9 98
12 1
19 20
5 66
25 88
12 21
4 3
6 38
21 56
1 68
5 92
23 88
19 85
3 30
10 51
24 14
9 85
18 67
7 62
9 85
29 71
8 90
17 79
3 72
4 29
7 53
11 63
20 58
23 61
20 71
6 60
8 41
5 41
18 8
5 12
5 82
26 49
18 57
12 87
24 50
19 50
18 92
20 5
6 18
13 14
27 41
22 27
24 64
3 72
4 59
0 86
25 50
4 53
12 23
6 86
5 76
19 77
17 99
13 72
23 75
19 5
9 83
18 76
4 20
16 5
30 20
8 90
5 9
16 3
30 10
13 58
6 65
30 6
8 76
2 11
28 3
10 94
2 51
11 7
4 65
6 24
18 86
28 81
26 19
8 12
19 27
4 31
13 85
14 6
4 59
1 19
7 24
2 35
21 61
3 17
0 85
24 7
24 74
25 12
25 3
4 97
13 71
11 88
9 56
14 76
7 98
18 48
18 57
10 34
28 56
12 5
16 74
8 51
28 12
21 79
5 94
16 10
7 73
1 36
17 46
4 29
19 5
9 21
20 96
8 96
28 27
26 100
12 40
13 95
0 25
21 38
3 10
22 92
13 19
30 53
25 72
15 67
30 63
10 78
23 34
14 43
1 40
17 48
10 2
23 20
13 53
16 68
7 6
1 18
20 25
18 21
18 45
4 65
1 65
2 71
1 62
18 48
21 50
2 20
19 75
10 89
10 46
1 83
1 14
3 37
30 29
12 71
8 59
29 20
6 91
26 88
22 3
22 73
19 34
25 41
24 80
20 64
25 47
5 9
21 45
25 30
13 57
11 99
4 23
14 30
18 64
12 53
13 97
14 14
27 16
20 33
3 45
1 47
27 66
24 25
5 98
6 93
0 84
23 72
10 4
18 36
11 93
0 81
10 86
25 97
5 66
15 31
2 5
29 38
5 62
4 97
6 68
2 45
4 18
19 97
3 74
12 15
25 36
8 36
29 96
20 80
20 60
29 35
25 43
19 70
19 61
1 39
26 41
19 80
24 83
27 28
23 36
15 93
10 61
26 77
28 86
5 89
23 89
29 39
1 67
8 77
25 36
3 22
4 12
2 8
18 24
1 66
25 78
10 55
14 92
3 33
30 6
29 38
25 72
8 11
15 54
30 27
22 73
11 27
4 8
26 62
19 55
1 53
13 64
0 93
1 29
25 83
5 53
25 11
24 11
25 99
5 2
20 20
6 88
16 96
13 80
15 5
23 10
5 98
29 1
11 36
9 38
5 25
15 91
6 84
14 73
12 61
21 6
3 25
27 82
21 37
9 66
27 63
8 41
13 68
0 53
0 66
6 54
26 14
15 3
8 11
9 30
4 48
1 75
16 94
9 23
28 22
7 57
17 68
8 4
9 26
23 82
2 2
8 67
27 46
23 50
27 77
28 37
30 77
12 52
24 14
4 72
29 9
12 33
20 11
27 70
13 6
22 55
30 35
9 6
6 93
4 71
21 84
23 86
21 85
29 35
24 2
9 54
10 88
3 51
16 30
23 68
5 40
24 92
15 89
3 97
8 76
17 10
14 4
30 48
13 32
3 62
11 6
14 92
5 41
17 51
3 43
18 22
19 97
18 11
10 53
27 11
17 45
2 31
3 40
21 61
0 26
15 85
5 1
15 92
29 82
27 60
9 71
21 43
0 66
11 41
15 98
15 90
13 96
26 100
11 7
25 91
27 29
5 87
8 27
10 58
11 3
23 71
27 5
6 95
2 72
25 90
17 42
17 39
30 57
20 24
18 3
20 34
21 53
17 83
13 72
8 34
20 72
30 4
2 84
11 29
29 91
29 24
11 24
13 65
16 79
1 6
25 93
5 87
7 56
27 75
9 83
10 94
18 30
19 89
13 64
7 39
17 25
11 96
0 32
29 63
18 74
28 60
24 79
9 12
0 78
21 28
4 26
15 31
9 79
27 69
22 94
7 26
23 64
6 41
8 68
16 41
28 2
20 7
25 78
15 85
9 87
18 21
17 83
27 18
6 49
9 58
22 26
14 5
12 82
22 74
6 84
17 93
2 23
28 40
10 75
29 85
8 34
0 16
10 90
2 1
4 50
30 29
10 16
14 3
17 67
1 32
15 56
25 98
11 90
9 88
5 90
7 42
21 62
13 87
15 94
1 41
16 53
19 82
0 52
20 14
28 4
21 27
13 38
11 98
17 68
28 69
25 78
6 94
21 87
7 68
5 21
18 33
11 100
12 81
30 81
27 40
17 77
21 84
18 88
0 10
27 8
25 25
1 83
27 68
26 50
30 43
5 45
7 16
1 81
4 8
2 4
3 83
14 59
5 26
27 8
19 40
5 1
9 5
9 82
19 72
0 84
0 53
24 79
16 29
4 74
29 69
13 17
12 74
18 93
10 98
10 77
11 98
0 28
24 53
29 58
6 23
11 74
3 33
4 56
27 54
7 98
24 55
7 32
17 82
2 38
7 30
17 18
24 81
14 22
29 45
23 77
5 26
11 13
13 72
9 89
8 49
26 77
8 71
7 37
3 24
10 81
28 62
21 25
16 69
26 78
20 97
16 94
10 7
18 42
15 33
14 87
24 13
7 94
21 39
6 32
10 68
15 15
8 76
20 11
17 80
4 11
1 11
16 52
15 58
20 2
8 46
22 27
19 72
23 26
30 58
12 93
1 38
27 68
11 13
18 78
9 10
10 30
19 22
6 24
19 81
24 9
7 36
17 3
11 60
10 28
4 35
14 38
16 12
20 95
28 61
11 56
23 56
16 19
21 58
19 60
16 31
10 43
20 41
18 33
28 68
25 69
23 52
14 95
6 41
4 38
16 28
21 26
1 66
20 15
25 7
12 91
28 50
14 46
9 18
18 81
7 93
16 67
0 65
20 19
7 78
19 25
12 94
3 82
26 83
1 2
26 45
2 98
11 55
0 88
20 1
23 98
1 96
14 84
29 2
13 67
17 61
25 83
15 75
0 76
12 56
28 49
1 24
0 84
25 64
7 75
11 12
15 27
17 6
22 87
22 41
0 65
8 78
13 71
30 22
10 36
18 57
19 88
28 35
27 33
17 14
9 96
6 63
29 36
24 60
17 96
5 98
7 93
19 35
10 56
19 85
9 70
13 83
26 2
14 55
2 85
7 58
16 52
7 92
1 19
27 7
11 23
6 45
8 81
2 33
30 23
30 100
30 82
23 1
22 20
0 84
15 35
21 47
12 38
2 84
1 93
12 59
21 76
19 45
3 39
2 64
28 51
24 66
17 32
17 92
27 38
6 19
13 17
14 15
26 81
0 46
8 36
24 25
15 38
1 9
8 24
17 22
26 73
20 28
19 67
28 70
16 47
21 43
23 69
24 64
27 20
30 26
6 83
1 21
7 10
18 67
7 32
8 49
29 70
5 60
19 69
17 14
15 74
4 34
2 29
21 50
17 31
2 90
23 15
30 3
7 42
28 43
23 92
20 14
2 3
1 18
13 67
20 20
25 84
18 54
11 48
22 36
8 11
24 77
22 51
2 1
11 64
2 59
30 3
28 7
8 4
8 94
26 49
24 32
1 73
16 70
2 2
17 74
8 1
27 81
24 1
10 24
12 61
20 93
17 34
24 84
20 35
4 4
0 18
3 76
3 79
26 5
24 97
6 31
11 27
4 70
27 54
13 37
30 55
7 87
7 61
2 20
9 1
28 27
7 3
23 86
15 31
5 69
5 16
23 80
8 76
26 51
8 23
30 5
18 23
2 16
18 70
21 17
24 2
27 47
30 25
12 83
29 83
11 77
13 24
15 42
13 3
12 57
20 73
14 94
21 55
1 85
11 9
6 60
16 2
19 93
13 67
2 67
22 57
1 76
21 48
10 63
1 92
4 37
30 5
22 88
25 66
4 14
17 43
4 28
20 51
15 21
0 24
29 88
10 10
2 42
26 23
0 91
1 30
16 15
18 91
7 36
28 37
7 16
5 28
27 62
3 33
8 26
26 2
27 29
26 31
6 99
15 3
2 66
11 47
3 25
9 29
10 64
13 65
5 100
9 73
18 18
18 12
3 88
11 99
7 72
2 89
6 42
23 33
13 40
12 79
3 59
16 70
17 13
13 86
26 23
28 58
5 83
2 35
11 36
20 76
5 59
8 85
7 56
17 27
5 79
3 37
21 90
1 46
20 84
12 24
12 33
30 86
15 46
22 43
17 22
24 9
14 67
30 45
24 63
13 85
12 50
30 66
11 2
30 43
7 79
19 99
27 94
24 75
21 36
0 68
3 59
10 50
12 66
19 70
0 23
16 81
3 27
30 69
17 14
6 38
6 100
2 82
23 31
6 32
17 13
12 70
10 72
2 75
0 97
21 25
0 10
29 11
18 53
12 38
22 32
21 12
9 67
23 59
27 64
20 93
19 31
26 39
5 19
7 18
29 81
27 80
7 39
16 82
14 18
8 15
19 35
5 9
16 36
22 38
25 33
4 56
13 68
23 84
20 4
6 95
7 22
9 96
8 9
14 27
4 51
21 84
29 100
27 94
27 36
4 5
26 88
18 91
0 50
11 58
3 80
16 56
1 89
20 34
30 73
24 26
6 70
3 95
19 68
30 27
23 71
15 33
10 30
15 95
13 75
19 12
7 9
1 2
30 95
26 52
7 21
4 9
11 34
30 54
5 40
11 64
1 52
22 94
2 2
14 91
21 97
18 3
29 84
13 61
29 18
14 39
4 23
2 33
23 11
22 30
24 16
22 55
4 69
30 40
15 92
10 19
6 27
6 23
12 20
25 23
30 60
10 81
30 90
0 91
4 41
3 49
16 22
1 15
0 9
28 54
10 74
17 83
25 4
17 61
14 34
15 94
0 42
20 95
1 62
22 71
12 6
23 6
10 5
13 76
29 43
21 75
30 16
15 72
27 34
22 5
3 44
3 81
14 85
25 98
16 27
12 53
2 84
24 100
24 60
27 53
20 16
28 87
0 75
1 32
3 47
13 47
7 92
16 81
3 63
10 22
1 23
14 42
19 57
30 20
9 90
20 64
19 51
18 13
1 23
25 15
26 30
15 67
18 56
22 69
19 14
3 80
22 21
30 6
23 45
26 63
4 81
13 45
6 28
18 87
8 69
0 55
10 88
19 88
20 41
14 93
10 39
11 60
15 44
15 22
30 63
20 58
5 99
1 45
21 85
29 6
17 5
1 61
11 64
11 49
26 2
30 75
7 32
10 75
25 1
13 58
14 68
26 69
22 60
17 75
2 84
6 41
15 92
2 100
26 60
12 1
25 30
27 47
8 23
24 53
6 68
9 95
10 71
24 8
13 36
23 98
24 62
8 17
30 100
14 81
2 2
13 2
18 17
24 79
5 92
7 35
27 65
28 19
26 53
12 97
1 33
2 59
1 70
1 42
5 62
17 70
17 71
7 21
29 4
12 59
15 67
20 47
2 87
23 66
3 38
24 57
9 88
13 91
10 41
27 70
23 75
24 2
15 28
15 49
18 59
20 55
11 96
16 96
23 21
15 77
3 42
1 73
30 32
29 72
19 17
8 70
8 25
15 9
27 80
8 50
26 74
9 98
9 7
30 97
3 79
21 86
9 95
1 96
20 64
8 68
4 89
1 16
28 62
2 78
17 60
22 26
19 99
18 41
23 27
13 76
4 62
3 51
21 5
30 85
29 87
9 34
19 28
25 83
2 67
2 27
9 41
11 84
7 46
22 19
16 67
26 75
29 96
13 12
16 53
11 93
18 85
12 56
24 82
14 46
4 30
28 62
10 59
9 31
12 50
21 5
4 31
13 22
11 12
10 13
9 72
8 23
14 97
5 77
21 63
10 48
17 74
7 70
11 97
2 53
9 76
7 59
10 45
13 99
14 89
26 69
3 31
7 18
29 49
1 27
23 75
17 29
17 24
25 57
29 83
2 49
6 53
20 72
30 73
9 28
23 19
2 50
7 51
4 41
5 19
11 19
7 90
1 83
4 38
13 46
17 45
16 15
14 55
7 95
10 12
10 69
14 75
1 63
30 12
1 42
7 13
6 77
20 89
24 88
13 36
5 68
2 74
5 64
29 11
7 8
17 71
11 14
11 84
30 8
26 18
20 33
16 92
27 94
14 51
11 27
26 29
11 70
16 20
8 82
14 54
26 16
12 76
29 69
15 15
12 78
21 34
3 38
0 62
17 59
8 12
18 89
28 23
29 97
1 7
16 74
3 95
20 18
13 27
0 82
26 60
2 43
25 51
24 15
7 40
16 20
2 63
12 54
27 4
26 29
22 88
30 47
21 39
7 97
8 43
26 43
8 42
7 8
9 98
17 36
17 40
9 1
18 100
11 60
14 32
0 97
26 58
7 62
20 67
3 94
29 82
20 20
5 25
15 11
30 60
5 48
24 20
1 12
9 2
2 82
28 62
5 32
14 33
26 59
26 71
13 47
24 14
19 17
1 12
17 39
3 21
2 61
19 47
10 6
4 88
21 27
3 85
30 27
7 15
0 61
9 4
11 16
12 81
12 17
11 68
16 52
17 64
0 36
12 53
4 56
23 81
12 8
1 77
22 60
12 68
27 19
13 61
16 96
10 60
25 63
22 44
0 72
29 19
11 89
25 54
21 83
28 38
15 23
26 50
18 7
29 71
11 1
18 71
11 63
12 37
30 73
27 35
16 96
19 68
2 38
29 60
11 77
30 52
29 24
4 8
5 21
16 8
14 33
22 59
9 97
3 94
3 3
11 9
10 98
3 20
10 11
8 14
16 75
28 41
4 88
23 11
2 26
2 40
18 76
17 58
19 40
29 42
25 16
22 39
22 48
28 21
26 30
17 79
26 90
17 90
8 39
23 14
23 70
2 99
30 5
15 86
11 54
3 25
20 84
7 92
5 93
6 32
27 86
13 87
22 9
13 31
4 33
21 29
10 74
12 30
6 46
6 67
24 41
3 64
15 62
17 79
19 14
23 98
10 12
26 11
27 87
14 84
21 39
28 67
28 3
27 53
29 67
10 50
0 23
19 57
0 93
23 1
22 11
28 54
18 18
10 32
8 47
19 33
22 74
1 69
29 5
19 49
1 89
6 62
13 100
0 88
6 7
21 37
16 51
2 45
14 16
28 27
1 90
8 16
8 8
27 100
19 56
24 24
1 32
0 23
14 71
17 14
22 32
22 50
12 49
21 58
20 41
14 78
6 70
6 50
19 90
4 95
7 19
25 75
26 49
7 18
19 91
19 66
29 57
26 91
18 5
8 96
23 39
14 88
1 11
28 46
26 49
30 94
12 50
12 22
7 61
3 39
19 11
18 51
14 6
24 1
7 26
16 45
18 99
19 27
6 29
28 64
16 40
17 79
6 27
5 34
5 33
7 100
6 66
13 57
27 42
19 47
25 63
16 94
15 31
24 71
2 67
11 39
20 33
9 78
19 48
9 43
23 93
10 60
3 3
11 52
10 69
6 82
20 83
22 26
22 82
20 38
3 81
19 21
18 43
15 18
6 21
15 21
27 18
20 94
22 96
26 36
14 51
13 95
6 73
17 79
25 20
27 37
2 4
0 30
7 19
28 70
18 19
16 27
19 23
2 63
21 51
21 3
4 76
18 71
30 12
23 41
22 38
6 63
17 4
22 65
16 74
18 71
12 69
23 15
12 23
12 33
12 4
22 30
20 75
6 56
9 67
2 24
24 98
28 21
16 71
26 1
19 87
6 89
19 79
1 64
23 53
21 35
30 90
5 29
4 71
15 69
26 10
4 85
17 35
27 42
25 44
19 80
20 87
22 72
12 78
12 40
26 72
6 17
4 73
11 72
25 74
9 84
24 78
1 57
27 83
21 7
17 29
28 40
13 92
23 60
29 88
5 67
18 85
6 85
18 33
21 30
7 23
14 80
21 25
24 43
7 43
7 56
1 14
28 67
0 79
12 28
16 60
13 25
8 55
22 71
30 53
17 75
23 50
25 20
29 72
25 32
20 85
18 40
15 9
0 50
17 89
16 45
14 34
18 3
8 14
7 91
19 65
21 79
26 43
26 32
2 33
13 50
21 8
8 42
30 91
4 23
25 9
19 31
28 88
2 98
0 52
12 43
26 31
22 43
7 39
29 63
17 11
11 46
6 77
24 29
23 58
9 28
14 50
21 86
6 68
1 76
29 73
22 15
21 96
15 18
2 46
30 40
0 90
29 84
22 61
9 14
0 77
2 30
25 5
24 17
20 3
25 66
6 3
10 76
27 18
29 2
3 56
3 65
5 8
11 13
23 92
1 39
5 70
24 14
2 89
16 24
24 21
5 38
5 54
1 59
25 90
25 20
8 62
17 54
14 30
5 12
29 7
24 73
1 53
4 86
8 62
19 61
30 89
16 56
12 82
19 62
24 40
25 74
28 22
28 69
20 12
30 5
9 37
1 26
5 33
23 21
17 4
21 91
22 6
24 83
20 38
22 29
2 44
24 18
23 39
8 58
9 74
10 20
5 64
25 63
18 44
29 24
7 76
11 9
27 58
12 39
21 33
11 5
15 98
19 94
18 61
6 96
7 58
2 43
1 25
25 28
20 48
8 42
16 75
20 2
2 88
7 29
6 41
5 18
15 15
23 16
11 26
24 86
22 27
8 30
13 78
8 61
17 85
3 16
11 20
2 73
11 1
3 24
18 69
18 49
20 20
25 38
27 35
26 86
27 42
29 6
29 59
7 16
10 78
17 3
11 13
7 52
1 60
3 22
7 41
5 81
26 70
3 26
25 95
29 49
6 81
12 84
6 75
22 97
23 13
10 86
30 74
23 93
21 88
15 62
20 24
4 41
19 37
21 26
9 22
27 44
25 16
10 51
24 60
3 3
6 56
29 51
7 58
29 6
28 22
29 31
17 19
20 72
9 28
2 35
28 61
19 63
17 71
20 4
9 83
5 31
11 58
11 3
9 76
30 43
6 73
30 95
2 99
20 65
7 85
27 64
29 76
11 26
29 33
6 27
1 82
17 19
21 11
19 18
8 87
21 69
14 48
13 2
21 33
18 29
10 46
26 26
8 78
0 15
16 4
4 67
15 51
6 40
8 74
22 6
8 78
15 10
11 32
19 9
5 53
21 76
26 81
27 99
5 10
6 20
23 84
26 14
1 56
16 64
21 43
15 35
23 88
30 82
29 55
6 3
1 21
27 23
1 94
20 69
30 16
28 48
6 39
1 84
1 87
24 96
17 66
3 7
9 5
21 19
15 1
2 53
7 99
7 93
8 9
13 68
15 76
11 76
8 25
23 83
7 21
4 92
3 99
10 34
2 47
3 49
20 64
25 77
16 13
20 69
26 56
16 22
26 23
26 87
26 10
2 40
17 29
11 85
7 53
20 13
11 28
20 81
11 26
25 41
25 25
29 17
7 40
7 17
10 43
8 98
5 77
5 48
10 88
9 30
24 42
18 90
7 82
10 51
27 48
19 40
24 94
21 91
22 64
25 26
4 95
10 48
1 63
10 61
16 63
18 84
23 47
14 38
4 46
24 33
19 100
1 50
25 78
18 26
1 74
5 97
14 86
17 18
15 46
25 5
23 53
4 24
21 94
2 38
8 92
25 55
29 74
28 37
18 88
3 60
27 85
2 35
18 78
8 53
22 8
26 33
7 91
1 4
22 97
25 21
5 51
12 51
23 8
2 91
8 51
25 94
7 60
14 31
27 38
13 73
15 43
19 87
21 38
26 20
15 82
4 96
3 85
26 17
9 91
11 41
25 96
15 75
23 20
23 84
21 75
21 89
11 6
28 40
5 14
29 9
25 97
21 64
26 80
29 8
30 76
30 2
18 71
8 45
24 71
6 31
9 51
20 41
25 61
22 14
26 31
28 84
8 60
18 53
19 16
29 19
9 12
11 62
19 21
26 41
29 72
25 30
26 89
13 40
16 71
8 5
26 58
3 29
26 48
11 59
30 11
8 96
28 69
18 67
3 21
25 87
6 53
24 97
9 26
24 78
1 11
17 2
19 92
20 44
30 86
9 9
25 100
3 84
11 35
27 34
24 38
26 34
29 44
0 20
18 29
30 11
17 49
7 39
7 83
25 25
13 39
0 47
10 1
25 34
26 15
5 50
15 8
27 74
14 11
0 40
22 4
0 32
12 83
9 36
30 78
19 8
23 30
30 32
5 29
25 98
29 32
18 52
22 53
15 40
29 12
17 28
6 2
22 21
3 25
22 68
25 6
26 70
2 7
16 4
5 44
27 73
18 4
24 16
18 53
23 24
10 83
1 93
27 83
27 83
30 91
5 2
5 36
4 42
27 96
25 62
3 92
8 47
15 19
19 3
14 27
21 77
18 96
18 10
23 54
21 31
5 98
8 31
13 31
30 46
6 58
2 13
13 47
16 62
18 66
22 15
18 19
8 24
0 9
8 47
30 97
8 93
7 31
30 81
24 71
7 43
6 23
18 42
4 98
11 24
28 39
7 87
30 10
21 42
1 7
8 46
12 35
8 34
21 78
10 36
17 97
12 90
26 59
20 17
28 25
3 7
27 15
26 69
18 80
16 53
26 83
20 23
4 55
15 42
7 66
0 40
25 50
20 67
6 68
17 82
17 18
6 61
6 42
28 76
6 57
6 77
15 91
17 59
24 27
11 57
4 43
30 59
26 1
1 55
10 66
23 59
19 33
28 3
28 85
21 54
22 5
29 72
30 19
27 12
30 51
30 96
20 13
23 79
18 27
16 52
21 82
16 4
3 80
8 6
4 16
27 17
11 15
14 33
4 15
23 91
6 14
27 10
16 35
14 94
30 86
9 53
7 97
2 62
29 42
17 55
25 88
25 66
2 56
30 16
11 81
27 42
13 45
5 8
13 58
29 17
4 76
9 60
8 35
30 8
20 49
18 5
0 97
26 21
16 9
28 79
3 21
24 40
19 18
14 53
8 100
18 91
2 17
27 58
6 16
6 58
5 63
5 52
11 38
18 97
3 18
22 14
19 98
11 50
17 45
9 80
12 34
1 8
18 17
21 99
29 60
16 74
30 3
4 91
21 3
29 29
12 44
12 36
14 54
30 12
14 29
20 86
0 99
27 20
7 58
14 41
15 90
18 91
29 8
10 81
18 100
20 71
28 90
17 99
26 76
14 31
0 91
5 42
21 13
25 77
15 81
3 76
1 44
26 99
22 57
24 53
14 13
13 62
28 21
20 61
13 46
0 77
5 25
0 3
19 47
9 96
0 80
20 78
30 83
25 22
13 75
8 8
19 54
16 90
10 84
0 1
0 66
30 98
16 33
12 65
16 43
18 83
20 60
15 82
29 99
25 91
13 16
30 62
18 58
14 97
6 4
18 88
30 64
30 84
12 84
10 17
22 86
17 74
17 87
2 36
5 22
16 92
2 45
27 43
14 88
0 23
28 7
11 29
11 83
30 85
28 55
3 46
14 97
6 18
29 33
13 63
5 40
29 81
7 10
18 44
7 71
6 100
2 17
9 12
2 21
30 63
24 43
29 63
2 55
13 50
3 17
23 96
1 84
7 79
3 25
18 23
2 28
19 44
28 66
22 14
25 34
0 47
12 59
14 12
27 87
2 34
21 39
30 26
18 74
11 55
6 5
7 44
3 87
10 41
11 87
10 97
4 91
19 42
1 72
11 33
20 65
11 97
2 64
9 90
1 96
24 100
26 41
11 47
30 78
20 85
12 9
2 2
11 68
9 12
9 89
28 40
2 89
4 69
2 80
4 80
9 86
7 6
27 75
4 75
4 69
19 91
4 63
20 93
11 10
21 29
22 37
10 86
24 62
17 39
19 16
15 82
13 68
17 26
1 49
10 22
10 4
10 66
5 12
14 69
13 15
27 92
30 73
29 64
29 52
8 46
24 85
12 57
10 91
15 14
0 35
27 16
17 71
27 81
23 6
23 10
8 87
8 4
12 92
17 42
4 51
11 94
28 90
22 25
14 30
26 24
23 43
11 100
6 54
12 48
29 36
6 91
6 2
2 19
21 56
8 62
25 48
21 63
14 9
12 77
27 67
18 47
24 27
3 85
30 11
30 99
1 93
4 72
24 27
29 49
30 38
29 14
15 77
6 79
30 2
24 46
18 27
17 81
19 83
17 84
8 21
9 88
9 1
26 92
2 66
25 58
17 100
6 75
15 28
29 20
16 64
5 80
7 15
25 2
21 75
29 10
4 21
19 45
15 64
25 14
11 43
22 78
13 52
7 12
16 100
22 79
6 60
14 85
12 93
21 33
24 42
16 39
5 19
8 72
17 15
1 81
4 52
5 62
5 52
2 87
11 23
19 11
25 26
18 84
18 32
2 62
15 69
29 21
0 81
30 77
7 12
16 92
20 7
15 20
4 96
21 18
5 34
6 18
5 4
9 40
23 23
5 34
8 14
23 36
24 86
18 2
21 47
18 29
25 54
20 81
2 24
18 53
19 35
10 23
18 95
17 79
6 5
12 55
18 48
17 64
24 47
30 64
17 52
12 12
28 22
23 100
14 32
22 82
10 100
24 91
20 39
0 95
21 65
8 14
27 100
5 22
1 93
6 94
24 24
26 30
8 4
23 77
10 71
18 37
17 47
28 26
9 16
21 63
24 84
18 18
8 89
5 20
20 73
11 40
1 76
16 24
3 12
30 65
30 39
14 39
14 27
9 23
7 60
14 53
23 43
25 81
14 89
8 42
26 8
24 46
27 65
14 85
16 96
8 7
21 46
18 54
28 91
10 82
1 55
15 90
22 84
12 61
2 92
15 56
14 82
6 34
12 28
28 80
27 48
13 29
23 35
23 80
15 73
19 69
4 100
24 86
28 96
1 74
22 62
25 77
15 96
0 74
20 26
14 31
1 24
9 11
24 24
27 41
15 41
5 95
18 89
1 20
0 52
23 88
3 40
11 27
1 53
0 20
1 32
18 22
7 98
23 16
13 18
16 45
2 62
23 18
10 79
17 16
20 63
25 33
1 37
20 26
2 26
22 49
24 66
30 6
24 43
27 3
6 88
24 45
27 33
24 61
16 31
27 33
1 33
27 44
3 50
2 16
27 15
20 66
15 63
13 83
13 39
19 56
1 31
24 75
26 35
21 91
26 97
22 23
15 88
2 83
25 50
13 90
27 35
7 39
24 13
22 24
8 22
10 70
23 42
2 93
17 64
26 38
1 59
11 48
21 56
0 64
30 10
9 56
11 42
20 52
27 55
23 38
26 63
18 73
27 40
13 84
30 48
16 20
23 42
23 84
23 49
23 25
4 96
7 89
26 67
15 42
26 34
27 41
20 95
14 100
27 29
1 22
15 85
4 54
19 67
0 44
4 94
15 3
8 93
21 30
28 5
26 81
6 11
0 81
12 91
12 31
22 4
18 13
12 98
29 99
0 1
0 23
11 22
2 51
5 99
5 64
0 37
18 11
4 56
26 77
26 44
10 37
20 7
29 84
9 99
25 57
11 25
16 5
28 77
25 1
27 89
20 17
5 3
19 27
27 49
2 15
14 67
29 7
2 55
16 100
8 85
3 36
1 8
11 44
29 56
22 47
29 73
29 27
0 29
4 51
5 74
11 7
10 15
20 54
0 32
8 55
15 21
23 81
4 60
12 77
11 77
8 50
11 86
29 22
23 19
23 70
11 2
17 84
14 88
7 76
10 19
29 83
27 53
30 87
25 33
20 45
22 93
9 88
7 86
26 61
22 4
1 74
17 20
4 86
15 42
10 55
18 23
13 98
16 18
26 90
20 45
3 47
5 58
10 69
17 78
14 25
14 40
28 32
26 55
11 91
30 40
22 74
1 6
17 3
1 65
7 4
10 88
20 47
11 65
29 54
25 57
3 21
9 54
10 42
14 17
29 65
3 12
29 16
26 61
4 38
15 95
20 39
27 59
3 69
12 32
5 24
22 57
26 8
7 3
22 26
13 61
6 80
15 17
10 50
12 68
14 38
18 18
26 59
21 67
27 97
27 74
6 17
30 77
19 24
12 53
29 4
15 32
2 66
29 81
9 74
15 23
5 75
5 36
24 64
8 68
12 86
23 74
19 69
0 7
7 95
21 51
18 29
21 50
6 4
21 94
18 15
5 100
26 51
5 3
21 25
4 93
0 21
17 77
17 23
26 24
19 92
13 60
2 39
3 77
14 33
1 41
20 59
23 52
11 87
20 28
0 30
25 55
23 33
25 10
7 68
22 36
22 100
3 50
14 54
24 76
11 71
7 93
14 5
9 20
2 86
30 43
26 32
27 89
20 76
18 89
8 57
11 18
30 89
26 47
13 2
24 34
30 100
21 12
23 60
13 47
30 97
28 44
3 82
10 52
16 90
18 55
7 65
20 35
17 75
6 81
21 2
27 67
13 93
6 76
7 9
8 75
13 18
6 77
17 41
26 63
14 52
4 26
20 98
0 25
12 41
11 3
4 41
21 2
9 26
0 85
8 82
30 75
4 74
2 57
1 11
14 1
24 44
28 32
4 4
23 46
10 5
0 38
29 27
1 56
14 87
1 8
20 73
21 48
18 17
10 4
15 61
2 94
21 13
14 30
23 48
19 79
17 61
25 80
29 35
19 27
16 27
10 44
13 25
13 15
23 61
14 26
5 46
30 70
11 14
4 11
20 81
22 63
18 76
29 35
6 93
25 90
24 50
28 34
22 71
26 92
2 61
19 55
9 96
4 68
5 30
15 19
23 65
5 98
12 42
15 11
2 44
22 62
30 72
19 44
12 57
26 22
16 87
17 40
2 84
20 89
11 89
0 93
16 1
7 14
16 74
26 89
16 97
29 26
18 87
28 55
0 51
23 66
5 68
29 9
9 83
2 78
29 43
30 60
3 71
14 37
19 83
29 75
3 75
25 29
19 10
8 37
9 25
13 51
24 27
6 86
30 32
26 93
0 49
8 11
5 56
26 21
10 35
3 13
25 25
3 73
5 53
20 1
26 72
21 9
11 66
0 54
28 52
4 48
8 3
21 37
25 51
29 13
3 99
10 96
8 2
29 100
27 70
27 38
10 40
3 57
18 56
6 19
20 14
0 31
17 72
27 98
4 75
5 10
19 31
20 32
19 81
1 82
2 22
23 35
4 98
11 54
29 21
2 7
8 19
20 91
17 39
20 48
19 26
21 4
4 87
11 16
25 6
4 97
6 22
19 32
17 72
10 64
5 38
13 87
28 4
26 17
0 22
10 54
10 35
6 1
21 70
18 95
0 88
8 80
13 65
15 28
10 93
12 50
28 16
5 46
21 30
24 5
23 27
11 69
16 13
5 77
9 18
17 68
16 92
0 87
7 39
29 59
17 63
22 75
26 45
25 38
8 62
27 29
10 52
20 85
26 9
13 21
8 51
6 74
17 72
0 49
21 27
25 93
22 88
5 52
2 80
6 100
25 51
26 28
17 12
29 85
24 45
6 50
3 10
20 48
25 8
3 92
22 97
18 93
28 53
28 80
4 29
9 100
24 16
0 71
25 25
14 99
18 78
14 42
23 98
8 91
25 17
3 37
22 56
29 38
19 20
1 98
7 19
22 81
8 43
22 13
24 36
8 55
5 80
16 38
8 56
30 15
27 57
15 29
3 98
12 23
26 20
23 38
12 7
19 40
0 33
26 72
2 92
11 30
21 42
21 60
7 15
9 50
19 94
14 94
15 34
18 75
16 46
8 80
16 5
5 47
18 39
10 43
30 57
23 12
27 83
22 7
9 4
13 32
10 20
4 52
16 97
24 12
29 12
20 83
1 29
4 44
3 10
0 34
23 96
8 96
8 39
3 36
18 73
13 12
0 27
5 62
0 90
12 86
27 15
17 98
3 44
22 90
15 58
10 50
23 83
17 14
12 91
28 93
23 83
24 50
29 78
28 49
21 52
10 61
0 70
18 25
28 69
24 40
21 92
5 55
9 89
0 21
9 19
15 31
29 71
2 56
13 42
3 15
7 78
9 31
16 56
14 50
30 53
26 67
3 44
8 66
4 86
26 39
7 93
4 58
26 50
19 69
11 42
20 69
28 23
1 42
5 41
29 68
27 5
8 73
24 57
14 45
7 38
29 71
20 47
20 85
3 2
13 55
12 59
23 44
22 27
27 58
2 54
22 8
23 78
2 46
30 35
0 66
18 68
4 52
29 35
25 65
3 2
8 25
22 39
2 68
28 65
16 49
16 28
21 80
16 17
16 57
12 89
23 99
25 20
11 93
16 33
10 78
4 19
7 15
0 72
23 71
13 97
20 39
7 70
20 81
0 51
24 23
21 8
26 50
5 56
30 24
12 23
3 93
13 54
17 50
25 14
22 76
13 74
0 85
28 34
18 90
9 97
6 35
22 79
21 85
19 92
4 16
27 33
8 54
23 96
27 36
11 41
12 50
10 65
2 31
17 70
22 23
8 85
9 61
4 3
4 22
8 58
10 87
29 49
18 28
16 30
16 26
10 52
29 92
19 88
19 2
2 53
2 70
20 67
0 20
24 4
2 97
10 81
13 13
11 1
15 53
5 95
27 45
21 40
23 83
26 98
27 91
17 54
16 68
11 36
12 82
21 46
0 28
19 35
22 91
22 13
30 34
1 51
5 71
15 66
14 16
13 76
11 13
1 98
17 23
13 62
11 9
29 27
8 84
9 12
12 17
21 91
7 39
9 62
18 60
17 66
0 44
0 16
20 85
11 95
6 97
9 80
6 39
23 76
6 60
19 28
26 7
21 2
0 78
4 38
5 62
1 99
24 41
19 10
0 14
8 88
23 92
6 20
9 80
5 26
18 15
8 21
4 61
9 78
19 11
2 71
26 61
18 40
20 95
27 12
23 99
17 18
23 69
19 87
23 68
27 88
18 46
5 52
2 88
18 16
1 15
4 35
12 8
10 85
27 98
29 15
6 25
6 95
12 96
14 95
9 81
21 37
22 55
2 67
21 42
20 99
30 16
13 2
10 17
1 78
23 35
24 100
11 56
15 90
25 46
11 43
14 63
29 98
4 17
24 62
21 32
8 77
20 95
12 31
19 27
3 1
14 22
8 12
15 74
25 19
18 94
19 35
4 54
6 7
30 75
16 52
9 51
18 73
29 50
18 99
27 21
18 46
6 65
7 23
19 48
11 53
26 24
26 34
1 41
10 71
21 77
9 31
4 36
23 82
17 63
14 4
4 7
10 4
8 27
17 98
22 46
11 55
23 30
30 40
16 41
25 56
21 76
15 10
17 91
12 80
3 79
3 18
15 36
19 38
10 60
13 16
6 91
7 99
12 36
30 73
29 2
28 6
28 77
20 87
26 81
8 54
30 36
4 88
12 31
4 33
1 19
12 85
6 44
22 49
19 6
5 10
25 37
25 93
0 24
4 28
2 78
4 11
27 84
20 99
15 96
16 98
12 18
6 62
1 48
27 61
15 6
23 52
9 31
25 8
29 7
24 6
12 48
11 8
19 29
19 11
15 69
15 1
22 50
30 11
19 26
14 51
23 76
15 54
20 34
18 71
17 97
6 68
14 83
28 49
20 2
11 60
11 62
16 61
4 61
18 46
21 45
1 76
13 24
9 6
1 79
25 25
20 46
13 50
17 79
6 27
5 50
26 30
19 16
30 84
22 52
9 33
8 58
30 34
16 21
15 85
8 32
26 99
15 77
25 7
24 82
10 5
28 73
28 13
6 47
28 27
13 12
15 9
1 66
12 68
0 72
16 82
19 41
8 89
19 75
3 86
7 26
3 23
25 3
19 70
23 24
3 39
1 64
23 89
13 26
1 18
12 43
1 22
5 59
28 70
15 88
29 64
6 9
24 10
1 64
15 96
10 80
6 64
18 65
17 29
24 38
23 16
19 76
23 32
5 62
19 72
15 100
10 11
18 7
24 78
15 67
27 4
8 85
20 39
26 97
26 85
27 12
13 82
10 88
5 57
8 25
5 16
7 24
23 68
17 4
19 9
4 21
28 6
3 3
15 39
15 6
6 71
6 80
3 4
17 3
0 94
24 35
14 54
26 35
4 56
27 82
13 9
2 34
29 7
0 6
4 8
11 12
22 3
8 62
3 88
19 48
17 64
21 93
17 74
12 54
25 19
11 83
9 17
29 69
9 72
20 15
5 55
16 28
21 88
12 16
17 12
2 10
8 13
27 98
8 17
24 95
4 98
11 61
9 77
7 51
8 21
18 97
20 92
23 32
30 11
17 25
26 98
13 38
18 89
30 44
14 13
13 72
3 79
14 81
10 34
5 36
20 63
24 18
4 52
24 49
13 90
28 44
4 26
9 60
19 64
12 18
20 24
26 54
29 72
25 6
9 57
4 94
20 59
4 54
11 87
10 31
21 39
24 23
1 25
7 85
28 72
11 16
24 82
17 58
13 56
13 44
19 89
21 46
10 14
21 32
6 52
12 65
20 22
11 24
27 19
21 71
13 29
27 89
15 21
28 75
12 72
25 17
30 66
12 30
12 28
19 49
17 76
15 31
2 45
10 39
3 36
26 18
17 26
13 65
19 12
16 79
16 66
10 2
8 88
1 27
5 23
0 47
4 5
7 81
16 46
23 60
0 26
15 48
7 27
19 28
5 57
24 46
20 45
18 61
21 3
27 22
29 57
16 75
22 90
1 4
25 28
21 1
8 48
30 28
0 64
28 7
25 52
18 5
25 29
3 6
15 1
14 30
21 79
2 45
2 66
16 77
14 43
1 35
2 64
10 77
21 10
13 66
23 25
30 14
21 38
26 8
8 78
24 78
20 50
28 35
20 30
8 32
4 32
16 89
29 81
29 6
8 35
3 11
13 20
5 89
14 24
7 37
18 88
11 2
27 82
22 96
29 35
4 80
21 17
11 42
20 26
10 39
30 65
28 85
2 29
15 29
13 16
10 94
14 97
9 78
11 42
17 13
14 61
4 22
18 6
7 4
26 33
12 59
8 70
6 13
30 15
18 49
11 26
14 93
16 81
21 5
20 77
22 100
12 71
30 96
24 14
6 26
29 22
29 83
4 92
26 13
2 85
16 78
13 65
24 27
8 46
9 98
9 19
3 42
23 60
15 15
