100
9 26
20 1
25 78
21 56
8 92
17 73
19 75
17 51
18 21
1 54
5 66
0 13
3 81
23 58
25 52
24 92
18 54
14 61
2 86
24 36
7 10
30 98
4 62
25 78
25 67
11 90
0 60
8 5
16 58
11 51
21 66
16 62
24 90
0 57
27 24
27 5
5 99
1 57
23 98
4 53
21 35
4 51
1 9
0 97
20 44
12 77
2 12
9 52
1 11
14 93
14 72
26 77
22 47
7 80
23 77
21 16
23 66
0 50
23 3
6 78
1 35
17 77
6 37
6 24
23 75
8 76
26 29
16 3
12 18
6 93
16 39
3 4
21 99
9 22
17 86
4 35
20 5
19 88
27 45
16 90
19 3
5 96
13 86
9 4
13 68
9 78
24 94
10 12
8 23
26 40
8 12
22 49
24 30
7 38
21 12
15 19
2 84
26 4
4 36
18 20
29 69
21 95
18 29
24 52
18 79
20 72
20 67
14 53
2 94
27 5
0 1
9 80
23 28
8 85
19 78
9 89
30 3
14 40
29 44
7 46
18 20
5 40
4 64
11 79
4 95
26 17
27 14
21 39
22 37
2 74
19 27
19 84
27 29
20 23
16 82
21 86
22 36
15 53
24 11
26 39
0 41
30 86
16 15
24 77
1 75
3 78
20 100
17 17
1 44
30 65
23 46
13 66
6 85
13 32
20 74
25 5
8 64
6 46
4 53
6 44
3 42
11 52
22 23
4 94
13 78
23 39
2 58
5 4
29 96
1 93
2 64
21 69
5 67
20 18
19 7
8 53
6 63
9 12
7 11
12 14
7 25
17 2
5 69
9 85
2 35
11 62
20 60
16 57
7 94
21 17
15 68
22 72
24 12
14 47
8 26
20 78
21 9
29 73
1 64
23 73
12 9
21 3
9 82
15 23
22 66
21 46
26 19
2 23
19 45
24 65
15 14
0 43
15 54
4 87
1 14
23 80
26 45
11 90
2 72
20 6
5 76
13 50
7 68
16 85
17 47
23 18
1 38
6 71
22 64
0 12
19 93
20 40
15 95
24 12
11 64
5 32
7 89
30 81
10 26
29 3
14 46
14 42
3 22
26 74
11 93
22 48
27 58
19 96
21 63
3 71
14 79
19 98
3 60
10 41
8 88
11 10
13 48
5 91
15 6
10 79
19 16
18 31
9 26
13 62
21 24
2 11
6 20
22 35
5 37
0 81
25 44
10 56
3 84
14 90
23 41
23 92
6 53
24 98
18 41
13 46
1 11
23 92
15 77
14 100
23 76
6 38
30 45
24 1
0 26
3 60
27 79
24 61
15 24
10 25
29 87
21 85
9 36
8 32
27 4
28 10
6 19
19 92
25 38
14 46
30 38
11 65
12 91
11 97
4 77
22 54
25 39
9 19
13 24
26 97
0 80
21 15
1 20
25 4
10 96
25 48
6 6
14 30
29 65
6 36
8 92
27 27
2 30
25 4
3 13
5 26
26 57
6 39
5 11
7 38
14 18
22 67
10 15
17 8
15 87
4 56
24 32
30 21
14 91
19 91
1 89
29 41
27 13
16 23
24 53
16 4
7 3
18 100
18 72
16 58
21 22
25 52
4 59
11 82
29 18
25 26
11 30
28 96
10 56
21 72
6 80
30 89
7 18
2 40
23 73
12 92
8 30
4 31
22 58
4 88
22 94
4 59
14 37
15 98
5 42
11 50
30 80
19 95
23 16
27 90
10 70
29 55
27 20
28 4
23 66
7 63
18 16
2 5
27 2
26 13
15 100
8 48
5 14
15 62
25 97
6 2
4 31
6 60
27 36
7 26
8 98
20 19
27 28
7 46
24 31
3 11
9 50
29 61
25 40
23 22
29 87
29 24
3 70
30 71
25 93
9 9
15 14
21 26
21 94
20 30
20 15
21 12
26 43
18 76
27 98
12 51
26 88
10 94
30 4
19 72
5 92
23 70
18 87
19 74
19 5
11 58
24 63
25 39
28 45
30 92
15 80
29 49
19 10
28 67
1 65
17 55
19 71
2 46
28 5
5 91
20 22
8 86
25 91
2 10
4 57
25 99
29 26
30 4
28 54
23 2
5 15
9 36
1 91
11 58
27 51
11 47
17 11
20 32
19 81
17 17
0 30
10 53
9 16
27 9
21 98
16 37
0 73
26 64
27 34
0 72
18 7
3 44
28 36
8 58
14 60
17 27
20 37
1 77
17 82
4 83
5 83
0 57
28 54
29 83
6 75
22 82
3 31
28 57
6 49
11 30
20 27
18 35
27 91
28 77
4 70
10 39
27 98
0 49
15 38
29 23
29 22
4 97
5 45
17 16
16 86
18 26
8 47
0 16
0 56
24 100
10 54
24 73
14 58
23 74
30 36
0 43
6 72
1 54
24 14
11 10
3 83
21 26
27 73
28 26
21 71
10 50
27 56
26 28
25 21
7 16
5 58
0 90
24 34
10 27
12 96
4 95
0 73
30 11
17 67
9 48
7 78
17 64
13 90
17 50
3 68
25 67
19 76
23 76
24 86
15 98
6 71
23 57
9 73
19 76
11 26
17 98
2 5
24 79
14 24
17 4
20 83
18 27
22 8
10 89
25 62
24 38
10 83
11 92
27 56
30 14
14 4
28 8
23 20
15 46
24 17
25 91
23 97
27 54
12 80
6 39
19 4
18 63
14 61
19 34
12 20
9 55
30 34
21 81
8 93
22 76
9 32
27 63
7 16
25 76
0 12
2 12
5 55
7 5
20 81
23 76
30 11
22 70
7 61
9 41
19 15
10 28
29 37
30 14
19 76
0 15
21 99
0 18
13 11
16 72
9 96
2 63
27 51
5 94
25 47
18 30
29 61
9 39
7 45
4 23
10 73
5 19
30 18
1 37
0 98
26 55
20 88
8 58
6 69
6 94
6 23
4 95
18 88
24 85
20 89
29 42
18 48
1 53
12 65
16 12
18 16
1 75
22 6
23 84
27 46
5 45
14 42
7 61
19 2
14 9
18 53
11 67
10 28
30 37
13 73
29 34
12 57
28 97
25 19
24 47
18 65
11 45
12 81
17 47
16 65
25 54
8 37
8 12
26 42
24 73
23 48
30 43
9 26
8 20
21 56
7 2
1 72
2 53
12 21
2 49
11 8
23 8
1 4
26 8
23 23
23 14
15 95
0 47
17 56
25 93
19 13
12 58
10 88
20 23
19 99
27 86
9 32
21 3
13 31
13 13
30 23
0 5
2 39
8 46
22 16
6 93
12 71
28 42
0 3
18 56
7 75
23 58
19 18
6 79
29 70
8 59
27 79
13 53
3 11
9 5
13 45
27 8
27 89
19 33
22 51
19 84
18 40
19 59
24 56
2 66
2 38
0 10
16 93
20 13
19 35
29 88
0 25
21 38
28 61
14 56
3 42
27 62
15 96
17 2
14 86
27 10
29 25
15 33
16 34
2 16
30 78
28 31
6 69
7 98
11 45
28 87
16 100
7 35
5 84
20 91
27 53
18 1
7 92
24 85
12 42
7 3
29 32
11 8
7 76
0 9
20 74
0 31
3 63
27 15
17 14
20 62
24 87
22 36
8 78
4 100
16 52
12 15
1 87
30 21
27 64
21 20
17 83
17 63
12 53
18 96
2 98
5 46
5 14
2 47
4 69
11 10
5 43
2 21
4 71
23 54
2 35
2 74
11 85
7 4
21 61
15 4
8 42
5 5
10 32
14 41
9 16
11 77
28 79
25 34
27 9
26 59
12 94
9 56
15 82
18 92
29 47
8 65
12 77
28 28
14 23
2 61
6 76
13 78
14 90
3 33
29 62
11 26
14 35
29 6
21 94
6 23
19 15
1 11
11 72
28 60
3 85
13 42
10 54
30 87
16 38
25 92
1 88
13 90
2 17
22 77
14 87
1 9
21 13
16 73
17 35
3 19
22 75
9 79
2 58
2 91
2 70
10 18
22 40
29 48
4 75
10 83
5 13
5 24
18 95
27 45
21 8
7 87
9 82
26 100
14 49
9 61
21 49
3 98
30 52
1 57
0 27
20 45
16 69
18 28
7 67
10 9
7 8
28 86
24 48
16 93
12 79
0 60
14 84
5 14
16 12
16 96
5 56
30 15
0 69
5 52
14 100
29 14
19 8
8 65
17 30
26 30
25 62
8 18
23 13
15 84
27 15
17 33
26 43
2 83
12 61
9 25
9 19
17 63
28 37
4 30
9 23
27 43
0 3
3 90
10 67
7 25
22 92
15 66
11 82
5 70
18 63
26 81
1 11
10 73
17 29
12 4
23 53
0 29
28 24
30 73
23 66
14 16
30 80
8 10
7 43
1 7
9 52
4 21
2 4
28 94
14 76
13 29
3 76
22 67
28 80
30 4
17 53
27 20
12 84
27 19
7 26
15 40
9 88
9 24
0 3
27 52
9 97
24 42
19 70
13 75
25 23
10 60
21 3
25 84
5 42
0 77
6 90
26 91
17 1
11 80
7 23
26 25
11 67
18 92
20 18
30 57
20 10
26 86
9 50
6 93
13 6
26 37
19 97
5 16
26 72
15 13
28 84
12 95
11 59
3 12
11 86
17 83
8 54
8 78
18 93
27 36
5 29
5 11
13 54
14 42
7 82
23 11
1 37
7 25
20 2
30 82
1 6
9 66
6 39
2 82
27 69
10 4
29 96
13 28
13 73
10 66
6 94
29 91
21 6
6 82
13 8
1 5
26 54
3 20
10 30
19 13
19 6
11 43
15 93
12 52
28 51
8 83
8 31
2 21
21 74
0 26
0 97
13 88
7 33
3 59
9 60
15 24
30 62
25 27
21 93
17 27
7 8
28 59
14 1
28 63
15 33
16 27
30 24
26 30
17 28
30 11
29 76
9 20
7 62
6 72
24 38
14 11
7 59
24 56
17 99
5 36
20 37
0 68
0 30
9 53
18 39
25 95
26 71
27 98
10 79
28 66
28 24
10 19
15 38
13 2
29 46
12 3
4 25
17 62
13 14
27 92
24 6
25 31
30 49
6 84
21 52
26 22
26 49
4 42
18 67
30 36
22 73
4 74
11 30
24 13
4 26
25 56
11 22
1 39
2 4
27 53
17 86
14 35
15 3
19 6
7 25
15 42
0 29
30 28
19 27
27 48
21 67
21 27
0 54
13 66
25 79
7 40
19 32
8 29
25 59
14 76
17 57
13 58
8 10
3 24
24 43
20 62
16 81
4 31
14 53
16 17
30 64
4 88
25 80
4 48
19 3
19 39
3 47
28 91
19 73
13 93
16 31
29 93
21 88
5 48
7 19
22 57
24 63
5 43
3 91
11 56
25 96
29 26
15 45
28 78
4 76
19 58
6 87
23 1
4 90
24 53
22 13
20 28
23 19
29 95
2 35
7 51
20 70
5 2
15 89
21 64
24 29
12 8
3 3
23 20
29 76
6 94
8 56
25 21
7 90
23 63
21 19
5 27
23 89
10 64
8 41
22 47
29 59
12 2
7 72
11 35
10 57
9 32
5 35
5 84
6 93
3 76
29 71
28 77
1 99
10 73
28 78
14 49
18 78
4 89
6 43
3 20
28 67
5 99
6 45
30 71
26 75
11 36
4 66
3 60
4 30
24 62
2 2
10 59
30 66
1 83
14 48
1 69
1 45
19 59
3 20
10 82
16 37
11 35
8 47
6 70
30 72
7 72
18 19
1 65
2 37
26 29
5 23
10 97
2 31
4 2
21 3
15 96
30 55
10 56
1 16
18 35
20 8
8 26
2 29
28 80
20 98
6 81
18 25
0 27
23 95
25 42
27 59
13 38
10 5
19 48
26 44
2 31
20 27
3 44
23 64
8 94
18 53
27 68
4 8
18 5
27 10
9 39
22 100
13 87
7 91
3 5
27 41
12 11
21 4
7 60
20 14
19 53
14 80
8 17
27 87
20 8
6 85
1 41
5 88
3 43
29 61
22 42
19 76
25 89
14 23
14 44
13 74
27 45
30 67
26 64
20 100
29 20
26 6
13 23
15 39
9 61
0 16
23 87
29 99
27 63
21 51
15 45
27 85
13 34
2 34
3 95
14 81
2 37
20 79
16 14
22 94
28 7
24 17
18 33
2 38
21 56
0 37
10 67
12 70
0 60
7 47
1 59
7 88
0 59
27 57
28 28
11 18
1 6
24 16
4 34
8 31
24 34
23 32
0 93
11 88
13 36
12 2
17 84
16 59
11 9
11 44
19 45
15 30
28 54
22 64
11 9
14 46
21 22
18 17
16 14
16 80
11 13
0 30
22 33
17 64
20 96
30 48
9 1
12 97
6 50
24 45
6 7
4 37
15 64
16 3
20 81
5 34
6 93
1 96
27 77
7 72
7 9
23 75
19 90
28 62
25 38
18 34
13 95
6 37
7 84
1 31
11 6
17 66
13 16
5 100
26 20
27 87
27 33
3 67
23 17
22 38
20 28
3 36
30 44
24 7
7 65
3 96
18 78
28 86
0 39
3 1
0 44
4 74
3 92
25 27
11 84
19 23
27 65
6 100
24 75
5 50
0 40
15 49
4 22
7 83
28 61
7 18
15 3
15 45
11 39
29 11
8 36
17 88
11 76
29 11
21 55
17 19
24 58
14 51
0 6
18 91
27 62
3 72
28 99
21 51
30 43
12 32
17 54
30 44
12 64
1 97
23 47
23 94
10 28
29 74
25 66
28 35
4 86
10 77
14 18
2 88
5 60
6 29
3 22
17 41
25 41
18 5
8 36
12 38
11 6
11 70
9 86
25 6
16 19
15 18
9 16
18 47
6 38
27 56
15 66
29 99
0 72
17 28
4 80
9 52
13 82
16 36
18 31
10 68
22 20
16 70
8 16
18 78
24 52
15 30
5 31
25 32
26 55
8 57
27 25
2 36
10 31
24 87
9 67
19 36
15 13
23 3
8 68
10 42
4 78
10 64
29 87
3 92
8 70
10 4
5 47
19 85
10 50
28 18
28 79
15 63
15 58
22 56
5 22
20 92
9 10
2 66
11 62
6 5
1 27
17 92
6 1
15 54
25 25
11 79
22 36
12 64
30 5
17 31
0 85
16 36
19 71
18 62
24 24
21 62
2 93
12 83
4 86
30 28
22 24
9 11
28 79
23 2
2 21
24 37
6 28
28 13
10 13
13 45
5 80
0 79
5 9
23 39
23 56
15 73
4 21
12 44
23 57
12 66
16 2
6 42
26 69
17 88
10 27
16 69
11 15
17 41
30 21
15 35
24 89
17 47
24 30
10 37
25 34
20 76
29 96
30 45
10 47
20 42
2 64
22 10
18 90
26 96
27 49
9 14
27 6
26 90
21 13
23 35
7 63
20 88
25 35
29 68
8 14
29 55
0 57
1 60
8 30
28 55
18 94
15 52
30 67
17 24
19 93
15 84
18 65
11 90
5 30
3 14
13 70
5 81
24 44
5 58
10 60
12 70
3 55
20 16
7 5
2 83
14 84
18 41
21 54
4 3
20 61
28 63
9 19
6 97
12 40
18 91
11 88
15 73
1 88
14 94
4 30
2 48
6 11
21 38
6 90
13 100
2 33
20 14
7 12
27 13
17 22
24 7
6 63
27 49
4 42
5 28
6 76
23 42
7 48
13 96
10 63
7 1
6 37
10 14
11 96
21 13
28 36
11 74
16 50
11 1
29 40
25 15
25 66
5 49
6 66
26 82
14 86
17 94
4 42
12 65
3 84
12 82
2 27
21 32
17 12
29 75
8 13
14 41
6 1
8 2
24 52
4 75
16 95
22 28
6 28
29 13
12 45
10 77
20 71
24 40
1 92
6 11
30 99
15 44
18 50
14 40
2 45
0 7
16 71
4 80
28 47
12 21
0 28
9 9
7 25
23 37
16 26
24 16
13 93
1 64
6 83
15 16
23 1
4 87
4 34
19 40
5 51
12 15
13 71
25 60
25 6
0 39
0 89
26 90
11 79
29 91
4 24
27 11
20 62
30 84
29 20
24 52
26 54
7 71
13 83
30 19
15 37
30 53
28 90
25 48
18 72
12 54
18 33
19 17
18 41
19 62
29 53
10 80
18 42
5 46
4 72
27 69
25 52
18 3
11 17
19 56
7 39
26 84
12 13
9 92
16 14
20 61
30 53
7 28
24 58
20 54
4 81
10 38
0 27
7 17
17 36
5 94
9 48
2 80
28 8
14 62
15 57
6 24
13 84
30 86
30 87
22 11
11 98
14 9
12 42
1 76
29 17
26 41
20 51
4 64
16 27
2 72
19 90
1 91
5 27
4 61
11 99
25 34
29 91
13 35
4 32
28 75
1 56
26 45
13 25
8 45
21 34
25 60
29 20
30 26
12 59
10 9
16 49
16 73
25 32
6 99
27 88
10 76
28 57
18 7
29 86
2 66
19 59
1 67
16 12
1 11
14 92
21 56
28 96
10 23
26 59
24 49
4 15
0 79
0 15
11 47
8 52
14 8
23 65
10 31
8 67
18 44
9 2
2 51
4 77
29 20
27 61
30 22
11 7
8 49
17 58
16 63
17 20
16 80
17 46
17 23
11 15
6 40
13 33
24 45
29 72
11 6
26 30
25 11
14 68
21 46
20 97
23 77
10 90
18 98
25 57
27 72
28 44
20 71
13 35
18 78
10 91
15 71
11 55
25 16
3 87
21 52
21 50
10 71
29 26
17 62
24 83
16 6
12 72
5 34
13 89
19 6
12 84
27 59
3 65
4 99
30 72
0 25
11 100
28 56
17 1
30 49
8 96
10 72
17 70
27 16
25 99
19 58
25 93
15 71
16 52
27 5
26 26
1 95
13 36
10 29
4 76
29 97
5 83
17 94
5 59
16 42
26 67
21 98
26 81
30 20
13 20
15 8
4 94
5 58
9 27
11 72
20 78
2 39
9 6
23 96
4 9
11 74
1 74
1 17
18 81
16 43
15 18
15 1
29 37
12 3
17 25
27 34
17 10
6 59
23 78
20 82
26 59
22 33
0 41
15 60
14 41
17 44
4 10
7 7
25 68
25 85
22 42
21 2
2 10
11 67
22 98
17 78
19 83
18 67
11 34
4 50
11 95
0 6
0 35
30 76
8 89
6 66
15 37
20 35
11 42
1 70
4 38
23 63
17 69
3 3
11 70
3 34
3 63
20 48
27 8
5 71
29 40
3 59
22 96
7 95
1 77
5 12
17 76
10 11
22 80
4 37
10 56
20 87
0 51
13 94
2 45
6 80
4 3
7 90
10 43
27 75
16 77
16 55
28 6
24 7
19 29
5 88
21 76
8 6
24 8
10 78
24 97
4 20
28 17
2 1
28 75
4 21
8 56
0 10
11 31
25 30
5 85
22 81
1 6
24 6
12 38
20 60
19 78
3 32
25 48
18 48
11 97
19 37
26 21
22 38
0 79
17 71
7 51
19 32
0 78
26 17
17 89
25 10
26 29
17 97
8 93
7 78
21 30
21 97
25 24
1 94
9 24
16 39
22 67
30 3
8 40
3 36
17 75
23 8
10 99
6 42
25 86
5 27
2 96
30 88
29 14
8 86
19 36
21 64
2 95
0 54
27 65
5 49
17 78
22 35
19 40
11 63
1 4
3 35
5 19
8 3
5 86
0 56
30 66
14 21
4 100
13 96
11 66
14 68
5 68
18 23
24 83
21 82
9 4
10 18
18 66
28 41
10 11
6 12
22 13
21 79
19 86
27 64
12 47
23 36
21 29
30 58
9 44
23 100
12 11
0 82
19 49
16 65
5 3
20 70
22 40
10 16
9 39
16 20
11 71
14 5
1 67
24 5
13 80
6 2
4 99
8 19
28 21
25 75
15 13
3 34
4 97
5 12
4 37
4 23
25 89
3 18
30 61
20 72
6 35
11 57
12 40
3 11
23 62
12 73
2 45
14 59
22 58
2 84
18 100
3 72
26 28
1 22
1 30
26 69
29 9
11 48
23 25
30 25
14 9
2 95
8 85
15 73
17 17
13 15
16 5
15 10
4 32
5 66
19 81
24 66
14 100
14 25
27 66
19 12
16 80
19 1
3 50
21 77
2 40
25 6
26 80
17 9
30 25
8 33
30 76
28 30
15 94
21 63
28 15
6 7
29 54
6 46
25 21
2 42
9 72
28 72
0 49
17 65
11 40
27 33
15 43
18 27
24 66
20 58
5 14
20 45
2 20
15 70
4 27
1 55
8 78
14 27
25 80
26 70
20 85
25 87
5 18
4 64
18 26
3 7
3 77
21 16
3 10
19 89
3 81
20 40
9 62
17 18
15 74
20 95
16 32
3 15
7 11
3 13
28 85
6 63
18 31
12 30
21 17
6 18
5 51
8 18
22 35
25 80
14 12
3 31
17 54
23 81
9 71
0 100
10 19
17 24
20 50
17 58
17 10
10 58
3 89
25 1
4 61
9 56
2 75
17 83
23 79
29 2
23 52
24 53
16 66
30 59
4 100
22 57
8 19
22 66
1 48
14 15
25 71
12 41
1 2
8 45
30 19
5 7
16 69
28 74
5 8
21 90
23 21
17 5
1 42
15 76
12 11
26 5
11 100
0 99
7 39
27 93
27 53
16 58
23 88
30 52
8 1
3 90
8 25
17 69
18 3
14 64
25 21
8 97
17 76
14 74
25 6
4 22
14 18
15 88
9 83
19 5
6 5
3 25
3 96
17 28
30 34
17 35
28 51
16 29
5 63
8 82
29 61
19 38
0 84
19 49
15 6
18 83
15 95
18 99
4 40
11 38
10 23
21 64
29 91
21 15
0 57
0 49
14 86
9 19
9 48
28 93
17 52
15 23
16 96
10 43
0 80
10 57
11 99
14 58
23 3
5 49
27 12
19 48
10 87
11 25
10 50
11 29
22 78
6 84
30 9
30 71
28 7
3 52
1 83
27 61
1 5
14 64
13 2
28 21
11 3
1 50
17 18
8 19
11 69
20 43
18 42
19 67
14 63
17 29
23 46
17 62
21 11
10 11
28 79
3 58
15 83
2 4
29 51
1 65
21 43
7 42
25 40
24 10
5 100
24 53
9 92
1 89
20 15
16 79
21 73
3 60
10 36
26 55
10 37
18 63
5 94
15 79
20 47
28 69
23 1
24 83
20 13
22 10
9 75
13 18
3 52
24 6
19 77
29 32
4 15
21 15
7 22
29 33
11 10
15 84
21 60
0 7
19 44
20 45
19 53
15 70
9 32
17 9
3 21
29 44
29 79
0 75
25 76
9 84
24 78
26 100
16 50
0 65
18 94
27 13
18 21
1 60
28 3
10 91
6 54
7 35
22 77
12 39
15 77
22 46
0 68
7 77
6 30
21 32
29 49
30 36
19 16
11 13
14 9
0 36
14 4
27 66
8 37
3 16
13 8
5 28
23 90
9 6
6 11
4 76
30 17
17 36
26 64
14 62
16 27
8 99
7 9
1 17
26 83
10 97
21 40
19 77
11 75
14 20
21 74
10 79
30 54
10 70
12 65
13 48
3 57
2 65
7 4
23 13
1 41
18 6
20 83
28 98
8 6
27 71
29 63
16 31
23 8
6 94
7 93
27 51
5 99
5 88
3 6
27 86
24 76
21 27
16 3
19 51
0 100
6 46
8 18
20 81
20 38
24 86
8 78
12 14
6 1
19 48
7 35
2 95
20 75
4 70
0 79
30 30
25 30
29 14
17 3
2 94
4 29
2 77
16 44
3 35
8 65
4 100
14 7
10 37
11 97
9 80
18 38
15 4
8 97
5 70
30 64
6 57
27 18
17 79
7 87
5 55
9 24
16 51
26 6
15 60
5 81
12 22
23 70
1 49
27 17
21 84
11 67
5 61
0 48
30 77
12 27
7 13
28 33
12 69
18 32
12 47
15 100
1 76
22 54
24 28
26 32
19 42
9 49
4 62
29 66
11 25
20 13
23 56
1 92
0 55
2 81
7 78
4 29
3 84
6 82
19 96
28 56
14 14
20 2
25 59
26 22
21 30
0 59
10 41
21 71
11 40
5 1
1 3
19 44
24 99
30 12
20 17
14 43
18 16
6 61
24 37
30 19
16 55
21 55
10 39
7 5
11 96
1 51
5 62
7 14
4 1
10 77
13 76
21 69
26 15
24 12
16 89
13 44
24 39
9 10
9 18
1 10
19 70
4 41
28 23
18 61
25 98
16 87
8 64
3 11
3 29
29 18
18 45
21 70
22 74
18 6
6 57
15 60
28 90
17 7
5 30
15 56
7 95
4 94
7 81
19 50
18 12
13 18
22 50
2 55
8 26
11 52
6 39
16 51
8 14
25 7
9 93
14 38
26 36
6 37
6 30
11 13
21 24
17 23
10 54
1 96
16 61
10 32
17 48
24 31
28 79
1 83
30 34
1 12
2 2
24 35
13 96
21 27
7 81
30 63
18 59
20 69
16 95
27 25
13 78
28 77
27 92
13 8
28 3
5 71
29 94
23 82
21 84
21 67
23 72
23 69
14 80
9 93
7 86
11 14
19 43
21 34
9 16
24 36
10 97
19 30
12 46
28 21
24 48
1 6
6 38
21 94
25 50
6 3
2 62
15 56
16 66
7 65
18 24
30 5
14 48
20 47
24 26
14 75
29 35
27 42
3 11
10 11
21 15
15 49
9 93
11 66
23 51
1 72
14 12
10 29
10 26
25 88
24 1
19 41
18 72
5 12
28 38
26 94
14 66
13 38
20 47
6 48
26 66
21 82
1 55
26 70
15 35
29 43
18 33
26 99
15 100
7 75
29 41
20 79
20 25
25 64
2 8
23 55
27 25
7 41
9 18
28 83
0 93
21 30
13 81
5 68
10 46
29 22
11 36
4 42
4 10
28 67
29 99
27 20
11 55
14 12
1 1
18 16
21 50
19 44
1 55
13 39
10 34
13 52
3 63
20 29
11 28
3 2
30 67
19 83
0 68
19 85
9 76
1 68
11 37
1 33
24 41
8 35
24 65
18 12
6 95
30 64
16 35
24 4
0 17
29 14
15 4
3 13
3 56
17 72
28 29
12 65
25 77
27 41
21 6
14 39
0 97
11 91
14 2
25 99
13 71
6 24
2 12
6 15
27 37
29 35
23 14
1 32
15 88
20 96
3 40
3 16
4 80
26 45
20 1
8 72
4 80
17 79
26 11
14 27
3 11
24 57
18 3
6 93
18 13
2 100
11 72
19 55
11 55
1 87
18 33
9 24
17 3
25 45
25 98
23 40
15 73
15 72
23 55
18 13
14 57
23 35
1 59
23 47
16 83
29 66
18 33
7 91
27 81
23 79
7 26
17 86
23 86
14 40
2 22
26 32
16 57
26 76
25 42
10 19
29 52
5 60
6 66
4 82
30 95
20 70
7 47
27 27
14 11
6 16
12 41
22 43
4 48
0 42
8 13
2 63
2 22
17 82
13 19
18 17
0 65
16 93
18 25
23 90
1 65
16 44
10 62
30 52
4 46
23 18
5 60
2 20
18 56
14 50
5 98
29 10
12 77
22 85
30 31
3 80
8 14
21 99
5 67
22 67
18 51
13 27
15 20
16 19
9 19
25 34
3 80
30 100
1 97
13 93
14 59
13 73
14 40
29 17
15 9
24 78
2 95
14 95
0 61
0 28
11 77
11 86
29 83
19 86
21 31
18 54
1 27
15 73
12 50
24 90
8 74
28 75
13 64
13 6
24 30
4 71
24 54
6 12
28 26
14 23
6 53
3 91
19 23
14 21
29 81
16 51
22 38
2 72
18 12
1 69
24 95
30 51
29 14
6 96
29 49
7 16
24 61
4 58
27 20
19 66
16 47
28 37
8 21
11 91
3 14
25 99
23 19
16 48
6 53
28 13
11 60
1 52
12 82
19 17
4 79
2 1
9 8
19 13
3 21
4 74
22 7
4 54
13 75
18 24
26 69
25 43
4 68
21 14
20 8
10 25
16 67
17 66
9 45
4 100
11 57
16 35
9 91
12 58
2 5
2 23
15 83
7 3
24 37
14 90
23 73
21 38
6 66
1 33
10 74
2 59
15 8
22 59
16 50
13 80
7 15
23 31
2 46
30 6
19 74
13 76
26 98
18 18
24 57
22 44
1 78
1 6
7 57
11 37
22 67
28 4
12 100
27 29
12 38
28 54
13 39
15 62
15 56
27 9
7 26
5 67
6 46
2 59
28 16
3 92
5 66
11 1
15 39
30 47
18 9
24 2
29 92
29 91
20 6
13 37
25 30
7 72
29 6
3 89
24 88
30 5
29 81
8 57
7 75
25 94
21 19
15 10
20 14
15 37
19 82
19 69
11 32
10 82
0 57
7 34
9 27
29 84
12 89
25 73
11 17
14 66
23 10
28 70
13 67
11 27
24 62
16 49
1 94
30 89
25 95
18 69
29 19
15 88
29 73
19 76
3 46
23 55
22 75
13 83
18 59
13 32
20 45
14 27
5 62
16 23
19 20
7 42
3 46
24 25
2 88
21 49
6 81
10 30
2 97
11 5
0 91
16 25
19 99
19 53
24 96
18 83
24 75
2 67
17 69
18 32
7 83
23 91
8 93
13 60
9 100
9 40
5 56
22 77
18 73
3 21
1 98
20 50
13 92
28 4
22 70
18 70
23 15
21 66
23 30
3 34
13 67
8 56
8 50
21 17
18 94
14 81
26 54
24 22
12 11
25 40
21 57
11 63
25 61
13 86
27 82
9 10
27 64
22 20
9 33
2 16
14 3
10 36
4 46
11 20
7 39
21 59
21 14
14 84
12 93
20 70
8 43
15 61
6 16
29 94
10 7
27 43
25 36
13 12
8 55
5 86
26 40
27 80
13 10
11 35
11 77
17 31
8 43
16 49
25 12
23 90
13 70
15 89
24 4
10 38
12 45
22 60
24 75
7 88
20 27
29 32
24 35
4 19
24 87
3 25
4 4
11 34
22 86
8 90
21 9
10 80
27 82
26 59
9 95
16 69
9 34
6 10
23 77
24 69
26 8
16 78
5 57
4 82
8 70
27 43
6 48
17 64
7 9
7 9
29 2
10 8
13 42
10 57
15 59
2 48
12 86
14 60
30 99
17 23
7 23
1 36
9 8
16 58
23 71
25 19
24 25
4 76
23 29
4 5
3 10
5 42
16 97
3 52
11 51
8 38
9 19
20 44
5 42
11 90
15 14
11 79
10 51
12 39
27 88
8 87
26 20
25 37
14 65
18 55
3 61
18 77
15 21
14 37
5 55
18 51
16 44
8 85
14 9
28 96
8 14
6 13
8 89
12 72
15 26
16 25
5 95
8 87
1 82
7 18
22 59
21 96
20 86
18 17
0 83
1 25
18 35
12 9
5 59
24 85
8 36
28 87
30 93
7 31
26 57
10 88
22 38
6 52
13 47
0 4
7 11
24 13
30 51
13 47
28 3
14 27
1 78
26 85
0 38
18 28
4 26
3 76
6 18
1 10
25 76
4 41
23 32
25 13
21 66
22 26
24 38
0 17
23 60
3 50
16 51
21 74
21 77
29 84
18 40
15 30
28 1
17 84
24 81
2 3
1 12
6 36
28 50
11 40
2 87
13 91
3 72
25 9
14 49
23 4
11 35
2 72
25 52
30 60
6 56
10 54
21 68
16 70
24 77
16 22
27 66
1 58
11 25
2 10
10 65
21 46
0 94
1 6
23 18
1 60
9 86
5 76
5 7
13 75
12 15
4 13
23 41
16 41
14 50
29 20
15 56
1 24
25 43
7 90
20 39
2 63
23 54
28 81
8 53
25 65
10 10
17 72
17 75
26 22
7 70
9 75
24 32
4 47
1 97
27 2
1 93
22 57
11 50
4 82
10 97
30 16
1 19
6 21
7 77
10 29
6 46
0 71
19 45
20 38
13 1
15 64
6 59
29 69
17 100
20 76
27 98
4 15
22 99
29 25
25 25
16 100
22 48
7 65
15 63
15 29
20 86
11 87
26 36
6 93
22 78
24 37
22 64
24 44
10 15
16 1
14 38
4 80
2 99
19 34
29 77
20 94
21 44
11 32
27 19
30 48
30 70
21 81
29 74
29 27
8 68
25 98
2 41
5 4
0 70
20 74
10 30
14 92
10 61
12 4
16 10
15 100
20 87
29 57
13 98
17 92
12 30
6 45
25 74
0 58
17 61
0 44
2 19
28 40
22 97
7 49
28 9
12 6
16 86
2 90
23 92
10 18
22 64
20 21
18 65
14 9
6 16
14 4
29 58
21 7
8 58
17 17
17 44
24 75
17 72
16 30
8 22
10 97
26 88
7 31
7 77
24 13
7 66
3 2
19 38
29 57
8 79
23 12
28 26
27 61
6 14
19 64
2 21
11 13
20 17
22 3
25 42
28 90
19 9
5 22
26 24
20 59
22 37
19 100
12 51
10 100
8 65
7 91
2 83
3 6
20 77
1 83
0 9
16 70
19 76
26 18
10 51
27 34
23 85
8 6
11 46
10 43
1 40
26 43
29 52
4 58
30 37
6 86
17 76
7 21
20 98
27 82
24 45
6 35
11 80
2 58
5 78
13 18
13 39
10 14
15 82
28 89
6 49
17 94
25 85
14 98
16 29
17 34
25 86
14 14
28 91
10 80
24 24
24 99
27 6
11 59
3 32
0 63
25 39
24 30
18 61
5 72
20 2
7 72
14 71
26 64
22 67
30 16
17 26
18 94
30 64
3 83
9 93
21 86
22 85
3 62
7 2
14 8
12 4
30 55
20 72
28 70
1 58
8 91
18 14
9 94
16 80
11 19
4 88
23 76
12 7
11 98
1 35
17 49
16 27
13 44
24 70
21 8
16 33
30 85
7 7
4 64
17 16
6 75
23 26
24 94
12 84
3 91
12 53
5 17
17 3
9 4
22 34
18 95
2 44
4 50
14 95
15 85
0 43
19 45
19 10
1 5
24 74
1 42
0 25
30 87
25 46
26 41
3 22
28 29
24 35
15 23
25 65
3 40
29 92
22 3
4 73
16 43
20 40
14 96
10 17
19 47
30 45
26 46
0 35
10 64
24 46
13 95
0 76
27 6
11 15
26 49
28 25
12 63
15 91
19 96
8 20
27 10
3 56
4 90
17 45
10 98
6 96
4 63
16 50
7 10
9 27
0 88
28 17
17 91
25 33
5 29
10 34
0 7
2 68
13 14
15 42
15 92
12 51
15 64
24 36
4 44
3 50
28 85
0 47
13 96
24 26
9 78
12 31
16 100
27 81
12 69
30 69
5 8
28 51
27 20
30 50
25 52
4 98
9 87
10 52
13 34
25 24
2 29
9 97
8 19
28 92
10 92
3 31
18 50
26 23
28 3
25 83
2 22
28 60
30 86
29 33
1 44
26 19
13 95
8 47
9 43
20 39
17 38
30 1
12 33
13 62
21 36
24 52
10 21
22 24
1 41
11 21
16 17
4 30
12 45
5 99
15 69
24 74
5 2
5 68
0 76
2 36
11 22
26 90
26 31
9 27
5 8
10 70
28 24
15 64
1 37
25 47
22 89
18 52
17 93
19 38
2 14
13 71
25 13
19 69
0 95
20 17
10 14
1 68
9 58
4 39
2 78
15 3
11 47
27 21
8 32
16 22
12 9
17 30
0 5
25 34
10 94
14 96
27 16
21 55
15 49
21 68
27 83
16 94
12 44
27 88
19 87
13 40
13 54
7 14
15 73
22 56
1 23
7 48
27 68
15 7
8 68
0 23
21 13
29 27
25 96
20 59
19 80
8 76
12 6
3 20
23 18
29 84
9 77
25 95
4 87
30 37
13 74
5 65
7 60
16 79
0 28
29 3
4 22
15 13
14 23
28 6
19 35
16 38
0 88
17 23
20 60
24 84
12 29
2 80
12 33
7 78
18 73
12 95
11 65
8 18
13 34
3 39
12 86
3 24
19 57
6 46
30 68
25 5
0 90
26 100
4 85
9 81
18 68
8 68
26 78
11 13
20 41
0 67
27 71
9 44
2 24
29 29
29 83
16 98
1 52
18 75
3 19
30 84
18 1
22 1
26 42
12 38
9 100
27 23
22 17
15 71
23 38
28 46
10 22
3 71
25 51
8 90
22 23
0 61
24 57
16 42
15 6
24 28
29 86
16 31
24 47
17 100
19 46
9 6
15 8
28 55
12 61
13 82
25 100
20 25
16 18
25 94
13 32
12 4
29 40
9 35
8 33
1 48
11 14
17 68
30 29
26 74
5 15
1 91
5 54
5 72
8 23
2 65
10 49
24 36
4 53
12 55
21 89
20 52
24 52
10 89
25 97
10 51
22 27
4 24
1 11
7 100
25 41
7 75
6 2
0 92
3 26
9 87
22 40
28 16
10 100
3 52
21 76
25 26
12 46
25 85
9 71
15 7
2 29
18 51
19 40
7 46
23 52
7 58
10 59
25 56
5 18
12 88
18 54
25 88
24 30
7 66
6 5
11 95
26 40
0 83
4 52
13 27
16 93
18 2
4 72
0 93
21 17
19 20
23 43
6 40
29 18
29 1
16 71
13 46
16 60
2 12
3 86
12 52
17 10
26 57
5 25
14 84
26 63
0 71
11 23
3 57
29 11
28 26
21 62
11 14
11 13
17 28
4 67
4 14
3 34
28 91
0 21
13 84
7 84
29 52
27 85
30 43
0 19
25 25
21 62
7 54
0 83
21 26
8 72
5 6
6 38
11 21
5 46
27 84
1 49
28 51
14 95
22 60
2 33
2 65
0 98
2 38
17 65
20 98
0 94
19 87
11 42
15 42
23 57
15 27
8 73
18 94
10 20
25 11
16 100
6 91
15 65
6 49
30 29
7 29
13 22
6 51
23 88
8 32
11 71
27 25
5 86
3 61
21 2
18 68
16 48
29 89
8 75
30 58
10 30
10 77
4 27
24 24
1 58
4 43
0 10
2 57
1 97
11 50
0 47
0 48
4 22
12 82
21 65
12 90
5 63
0 48
27 37
15 23
2 92
29 31
22 8
28 56
30 4
8 31
0 99
16 52
22 69
12 43
17 3
27 68
6 5
1 98
29 25
13 98
13 97
5 71
11 7
3 79
17 94
8 23
8 68
29 4
3 34
30 36
22 55
20 12
17 99
3 20
5 14
3 28
16 38
11 16
11 82
10 13
26 25
12 73
12 18
3 1
10 65
23 2
20 2
20 34
28 14
12 78
16 28
9 66
1 92
16 10
6 70
17 81
28 20
16 64
25 17
18 18
17 65
12 44
27 72
3 65
2 74
0 19
2 42
21 75
7 51
9 91
4 59
3 55
0 32
0 85
15 60
17 56
0 24
8 94
20 79
22 50
4 92
23 90
16 50
12 9
18 36
6 34
16 12
28 89
28 60
28 53
16 28
13 27
22 35
19 84
27 15
27 11
8 35
14 50
8 82
4 47
26 46
11 69
18 36
4 29
28 6
7 15
8 73
18 50
5 18
25 35
16 65
28 8
0 13
26 59
19 77
21 27
17 26
12 47
22 38
29 89
27 14
8 11
0 20
21 1
9 99
18 100
3 25
25 22
16 12
9 42
15 36
1 5
29 12
16 15
29 67
4 100
4 98
25 2
29 16
30 73
3 28
18 34
19 9
20 86
6 8
24 26
16 23
19 30
4 74
18 64
1 49
30 86
29 61
14 73
17 31
2 43
0 62
3 95
2 96
17 57
2 80
9 3
3 98
1 4
21 58
12 3
9 71
0 38
30 80
26 49
21 77
18 20
2 24
28 9
9 35
8 48
16 27
7 90
13 70
6 5
0 24
21 14
0 55
1 32
11 15
10 77
26 80
25 82
30 64
6 65
29 47
21 18
10 36
19 43
15 86
22 26
0 31
6 6
9 24
21 87
15 62
0 94
14 23
28 36
14 34
11 18
0 24
15 38
15 40
20 5
4 60
20 8
11 72
22 49
10 6
28 36
17 96
1 11
6 50
3 19
21 60
24 27
19 94
13 75
8 62
19 11
5 50
13 76
3 94
29 8
9 10
2 87
27 63
10 85
14 1
15 45
15 97
24 52
3 59
17 72
15 68
6 78
21 61
14 19
0 76
30 79
1 49
15 10
27 42
20 95
3 77
28 13
25 16
11 57
12 81
5 69
18 8
1 16
24 36
17 22
2 60
17 98
19 92
10 23
1 14
6 94
18 25
22 51
21 45
27 87
29 57
9 40
9 22
29 1
24 58
2 86
9 49
19 36
11 31
7 67
0 53
1 85
22 21
22 47
21 9
25 80
13 72
6 80
27 77
11 41
10 81
21 100
18 50
26 36
5 83
3 81
21 78
26 71
17 82
3 49
24 83
26 20
1 75
5 23
13 68
19 18
9 62
3 37
10 42
6 56
23 50
7 10
21 1
4 35
0 63
8 38
21 63
26 26
10 76
1 70
15 95
23 17
10 5
17 14
23 90
5 28
24 84
7 14
16 44
13 69
20 52
10 38
13 98
12 8
1 37
21 38
7 38
1 51
15 90
0 73
19 55
5 56
14 67
22 57
12 61
1 87
22 8
5 25
23 62
4 69
14 6
28 15
22 60
7 76
5 92
29 41
2 80
2 87
4 60
2 45
21 15
28 32
0 91
10 35
5 88
28 55
25 62
3 80
3 89
29 45
1 44
21 80
4 96
17 24
25 3
23 41
9 76
29 20
11 24
16 22
2 56
26 27
3 14
12 62
29 92
9 37
22 75
20 84
2 55
4 71
15 81
18 26
13 30
1 8
13 11
16 60
19 11
3 100
8 24
9 94
4 86
14 76
5 79
25 59
18 35
7 22
11 43
7 95
9 11
21 88
19 97
4 96
9 48
29 54
20 59
18 34
8 53
7 76
13 63
5 93
18 10
19 63
1 68
12 95
13 100
5 47
28 22
15 90
24 36
26 22
19 9
13 47
12 65
3 95
29 29
23 56
7 39
23 71
26 39
6 100
14 4
6 47
14 88
7 74
30 16
26 69
0 80
21 63
15 68
3 21
10 31
5 49
16 32
7 75
25 42
16 56
28 49
23 77
8 9
5 51
14 38
17 92
4 31
28 88
3 29
8 35
29 23
5 65
2 58
14 40
25 73
24 17
16 92
21 75
30 94
25 69
13 98
9 61
19 64
0 86
10 23
11 74
12 88
4 67
11 50
4 28
4 7
16 5
9 38
24 3
21 48
8 2
6 81
16 93
1 24
0 93
7 97
29 30
11 29
6 92
8 76
12 91
26 93
29 13
16 2
18 85
22 21
13 97
29 9
15 76
19 48
26 92
25 100
14 99
1 6
20 45
13 34
17 27
1 79
21 70
27 36
29 23
12 94
3 15
11 56
9 86
1 45
18 61
26 64
5 19
9 91
8 80
14 64
16 33
28 80
20 65
29 52
13 38
29 70
15 96
24 50
26 6
2 35
10 74
16 3
19 85
4 3
2 48
27 14
9 49
21 54
24 66
8 34
5 98
23 47
12 16
23 31
29 53
14 49
14 71
4 84
23 44
18 40
3 1
18 12
2 60
7 35
2 68
5 20
26 35
22 99
2 36
20 41
7 31
18 65
18 23
30 30
6 31
16 33
14 38
19 7
2 2
2 24
7 62
24 25
10 76
30 76
15 28
17 97
18 19
3 60
12 5
12 6
2 71
6 96
3 19
1 5
10 64
10 67
21 4
14 49
12 79
20 15
17 46
22 24
1 69
1 22
3 10
26 16
22 75
19 46
25 46
9 96
17 44
18 68
13 93
0 3
15 97
14 34
14 55
21 1
0 83
10 92
29 61
29 15
14 81
14 53
2 16
8 43
21 25
2 18
6 30
0 21
13 34
15 84
7 55
2 17
1 62
18 28
25 1
8 75
4 48
18 54
26 7
3 35
15 97
20 100
0 36
27 29
3 32
28 89
11 88
29 93
3 87
21 93
19 70
27 51
20 19
8 17
27 73
6 18
5 3
11 89
26 14
3 63
28 38
5 43
9 47
18 28
30 49
10 2
25 20
6 2
4 41
21 47
25 26
21 27
18 71
16 34
7 3
25 92
12 33
12 89
22 30
10 13
28 80
15 46
20 3
13 7
25 79
27 29
8 32
1 5
24 20
16 92
0 29
12 99
21 81
5 45
14 43
8 14
5 6
23 66
3 23
12 40
6 77
8 78
3 34
7 46
1 68
10 90
22 40
23 16
17 9
4 63
11 22
29 30
23 97
18 79
12 79
29 73
25 86
25 85
27 59
20 86
28 57
23 89
0 47
12 75
29 82
16 16
20 14
27 38
2 98
25 91
9 30
7 2
17 38
1 54
8 22
23 56
11 77
2 48
20 39
18 17
25 11
9 79
26 46
10 64
24 7
8 73
2 69
9 14
28 33
12 9
2 98
14 96
0 33
2 40
19 94
20 85
22 9
15 83
22 45
25 63
14 58
14 83
22 14
2 74
1 81
28 49
15 31
0 10
5 46
10 13
7 15
15 62
0 77
7 26
28 100
9 9
17 36
14 61
9 49
16 82
21 22
4 36
24 24
29 10
3 26
7 45
1 88
16 80
22 87
4 7
24 65
17 80
22 38
13 27
21 6
27 40
13 9
27 61
15 8
18 54
16 72
3 42
3 40
8 1
29 18
15 50
12 50
23 89
20 44
12 28
19 92
16 50
24 73
19 79
15 98
21 100
19 49
4 82
25 75
3 58
6 3
23 8
18 44
19 91
17 4
20 17
29 67
30 35
22 44
0 4
6 25
4 62
2 43
29 5
5 74
27 60
20 20
24 58
30 99
4 26
28 61
10 69
16 98
23 21
10 5
10 84
29 2
17 21
27 6
5 3
6 81
18 43
30 64
10 7
0 79
30 26
29 19
2 2
30 43
8 53
18 92
15 29
13 18
19 13
14 71
20 56
29 16
27 44
0 85
26 69
17 88
9 57
19 31
25 70
12 36
8 38
12 92
6 12
10 18
18 23
28 59
28 67
18 72
18 8
0 42
16 75
15 17
20 11
24 74
29 61
29 41
11 87
3 17
15 23
28 99
22 69
27 70
4 60
1 52
4 50
3 63
25 75
12 26
23 36
17 26
9 41
24 14
3 95
1 28
3 54
19 49
4 7
8 43
28 80
9 47
2 96
5 86
7 75
25 82
14 75
9 17
15 31
0 95
9 2
3 72
30 76
18 36
7 24
21 76
26 18
10 64
26 93
15 50
8 34
12 76
0 63
15 29
7 66
16 51
22 43
0 79
8 13
1 43
7 77
21 52
6 10
12 40
3 74
29 72
13 48
5 6
19 57
28 6
28 21
5 60
6 45
18 97
5 81
11 60
23 3
6 13
25 83
17 68
20 92
28 68
13 38
29 55
14 5
26 34
25 80
25 73
22 90
12 10
3 18
30 60
29 37
6 74
26 72
4 69
9 58
28 46
29 92
0 6
2 56
24 14
7 66
12 96
10 93
15 25
11 11
6 81
12 17
27 43
4 10
11 37
23 28
21 22
27 3
23 82
28 28
2 41
15 92
25 58
9 64
13 10
3 48
15 62
12 37
29 56
29 73
26 74
30 94
0 3
18 49
14 91
23 73
22 47
26 20
0 94
24 72
1 88
9 14
29 1
23 73
19 75
7 45
7 46
16 6
20 21
22 42
8 12
28 27
21 58
26 55
28 72
20 62
20 91
14 30
19 88
29 96
21 84
2 21
26 17
24 99
26 85
10 35
27 88
17 36
4 78
11 87
22 3
27 42
15 18
13 33
30 96
28 43
26 41
21 87
18 45
7 6
26 22
3 10
25 11
13 85
23 38
10 40
24 47
22 89
13 2
14 33
29 71
6 67
1 57
22 33
15 18
25 44
30 44
3 20
20 81
24 50
2 35
27 87
12 26
21 79
16 71
5 94
28 47
10 90
6 24
17 59
27 22
9 81
7 88
22 59
23 92
11 97
24 100
2 33
1 34
24 95
17 20
19 84
28 18
30 52
5 69
21 48
28 38
6 89
1 63
29 15
1 94
28 64
9 60
25 22
29 88
20 69
3 83
13 62
12 11
11 97
30 54
4 91
7 44
26 69
19 71
23 41
8 29
3 81
26 6
27 57
14 16
22 55
24 17
14 47
12 12
28 96
18 38
16 87
20 64
18 24
16 35
13 92
23 13
27 78
22 77
0 14
11 1
12 78
7 85
7 10
11 88
3 71
11 75
3 86
9 36
26 64
20 62
10 41
8 5
22 10
21 31
16 36
12 56
1 10
4 86
20 53
20 10
22 8
0 5
6 99
24 38
18 15
20 26
3 35
5 58
6 12
17 38
16 13
3 76
30 11
24 51
9 68
23 33
29 42
8 25
4 80
20 81
4 74
16 63
15 99
15 21
0 39
21 97
9 34
8 68
28 16
8 19
1 14
13 7
20 37
29 69
22 99
29 12
2 22
30 74
26 57
27 94
20 31
26 22
15 19
10 54
22 93
30 47
15 22
2 89
8 91
30 20
23 76
0 67
27 57
8 2
13 33
27 34
28 68
26 22
10 39
0 28
2 28
15 28
25 17
29 85
1 56
8 82
26 100
0 63
1 58
19 47
22 42
0 11
11 50
15 9
26 58
15 70
19 24
24 97
27 76
7 73
11 76
4 65
19 94
9 21
17 76
7 21
16 63
8 11
13 65
25 79
6 49
14 28
1 12
21 4
27 12
16 43
21 90
27 1
25 78
18 13
19 51
22 63
19 93
4 47
29 42
18 59
15 38
6 69
0 98
26 46
11 40
21 58
16 20
15 96
20 9
16 71
23 8
14 75
6 19
3 76
16 29
13 59
0 6
7 21
30 54
16 84
9 30
3 43
3 55
8 23
3 74
0 75
2 36
25 100
6 46
16 19
26 80
19 58
23 6
27 7
23 24
8 32
29 33
1 33
17 84
16 21
6 30
26 86
17 17
21 20
26 26
2 66
16 36
16 73
10 55
5 52
1 38
21 24
27 11
21 74
20 81
26 67
16 46
22 33
28 77
24 15
18 70
20 46
22 76
13 19
11 38
22 55
6 91
29 52
17 91
18 99
27 54
9 95
27 63
7 67
22 68
1 34
27 68
3 15
28 95
7 4
22 30
29 15
29 40
13 36
2 26
2 61
18 6
17 73
24 16
18 44
24 23
16 83
18 99
13 62
19 86
25 18
18 26
12 11
29 4
18 75
5 66
15 62
25 91
3 72
11 1
26 72
8 3
0 32
12 59
0 100
28 36
16 36
26 35
4 4
14 67
29 46
14 46
2 1
8 90
0 31
29 42
27 75
5 64
14 34
11 90
29 56
19 26
16 40
1 3
12 36
26 40
21 5
21 1
15 92
24 63
12 74
5 88
2 19
26 1
20 22
5 42
29 57
6 94
22 75
11 85
12 16
28 1
25 70
19 63
23 68
21 68
30 31
17 24
19 50
28 74
26 81
10 7
7 73
23 10
18 41
28 51
2 44
10 26
23 17
5 76
12 7
20 9
0 21
28 87
21 11
17 31
6 52
21 65
14 40
27 39
1 83
16 100
19 51
6 62
6 97
24 100
1 61
5 60
17 13
29 5
15 99
20 55
25 97
3 98
27 59
28 21
2 78
5 41
3 32
26 63
25 59
14 91
9 20
29 31
9 7
16 96
28 69
0 75
5 12
26 84
19 30
25 85
18 35
22 68
1 57
12 11
25 96
15 20
3 75
1 31
21 38
30 33
30 10
19 86
8 65
3 53
17 47
10 67
23 15
10 100
12 6
24 72
2 14
25 6
1 81
29 85
6 60
0 15
19 42
17 3
20 94
19 87
28 51
23 22
8 72
0 10
30 96
29 5
9 56
23 55
15 12
18 69
15 42
10 66
25 88
8 64
23 64
7 24
6 68
20 35
12 87
9 63
8 75
25 81
25 97
11 84
23 84
8 43
13 59
28 1
29 98
12 75
17 56
22 17
4 88
1 99
16 45
6 74
17 18
30 54
20 45
27 23
7 92
24 18
8 29
29 8
27 99
4 69
10 22
30 51
21 69
16 5
22 88
28 30
17 88
21 28
17 43
1 12
5 10
9 80
16 3
8 12
15 97
26 54
1 45
3 61
17 97
3 75
8 5
21 45
29 96
14 85
21 48
28 71
27 89
27 47
15 42
0 67
11 46
20 29
11 62
22 61
16 67
24 70
23 61
6 83
12 65
5 95
13 100
13 57
13 80
11 72
22 47
12 13
20 26
17 52
20 99
15 27
21 76
30 9
15 65
29 100
11 2
11 20
4 93
17 22
20 47
25 53
12 93
23 25
7 18
19 86
23 51
0 68
26 77
18 46
25 11
6 35
22 7
30 8
7 3
20 63
9 81
6 49
27 47
8 37
10 51
5 22
16 8
12 43
6 64
3 43
26 89
2 77
9 86
16 32
29 34
23 39
24 14
1 55
15 40
22 30
11 35
29 69
5 57
13 31
14 90
4 79
25 44
0 66
15 91
20 30
26 81
27 2
0 48
20 28
15 32
4 37
0 24
25 12
27 28
17 41
5 90
29 6
23 27
10 95
10 41
21 65
25 52
27 71
30 54
19 30
12 34
7 92
3 37
8 85
20 11
18 81
8 86
14 62
13 98
5 90
11 25
14 27
24 85
7 60
3 69
22 36
24 56
29 23
0 49
0 42
7 34
4 30
27 57
12 80
10 57
0 60
8 53
28 22
26 8
13 57
19 34
16 79
22 73
30 89
4 40
30 49
15 77
26 20
12 73
11 5
2 48
15 52
8 78
26 13
14 98
16 58
18 80
13 71
26 28
8 24
18 24
24 95
8 33
23 10
12 44
15 44
28 68
23 21
10 40
14 99
0 39
19 14
7 47
11 10
0 73
3 58
18 43
1 90
22 37
26 36
30 92
10 68
8 56
28 85
6 21
20 51
18 44
11 2
22 37
27 27
0 32
24 61
5 72
29 30
12 57
7 35
15 14
1 73
28 39
27 14
11 70
1 60
14 96
12 91
8 72
3 81
7 6
26 13
23 13
24 21
21 69
12 36
1 63
12 84
9 91
13 45
15 90
18 22
27 50
21 80
5 96
3 45
27 46
4 81
29 26
18 52
12 48
14 71
3 46
28 26
7 75
7 45
2 98
4 70
1 92
22 25
17 20
3 63
3 49
18 15
11 12
28 46
1 19
5 94
1 99
3 55
10 100
20 25
18 34
14 85
22 69
1 80
6 60
8 26
21 61
6 75
9 34
6 44
4 37
11 3
19 67
17 10
25 59
1 85
21 5
15 70
4 56
19 95
17 47
27 21
25 5
13 40
28 31
10 69
0 72
26 59
15 58
12 96
9 77
27 69
13 20
30 12
12 57
3 35
28 48
4 4
6 88
24 78
15 86
10 81
16 66
28 88
24 70
1 58
30 30
25 21
28 44
28 44
17 89
19 6
29 17
20 2
2 100
15 87
21 51
21 65
29 53
25 10
7 93
3 14
22 38
6 81
12 20
6 87
4 10
5 51
2 40
30 59
0 58
26 54
2 64
2 81
4 42
4 57
29 84
3 98
7 37
7 44
1 70
14 63
19 50
12 5
29 76
3 15
15 77
1 9
16 16
10 55
13 83
6 31
6 83
26 34
24 1
13 18
22 37
24 75
11 39
28 84
18 12
25 34
5 33
17 10
20 52
7 7
26 34
14 95
17 11
18 22
15 44
7 80
28 88
7 57
11 4
0 27
18 62
22 69
18 99
6 39
4 1
23 14
17 2
0 22
30 69
2 56
29 86
22 43
30 49
17 37
27 77
3 43
24 86
9 31
22 5
0 4
12 21
0 63
19 16
10 17
5 20
26 2
30 35
11 21
13 18
30 99
23 64
20 93
7 87
6 75
2 18
3 49
10 86
22 80
4 81
4 24
7 81
2 38
14 84
18 77
10 93
8 61
19 14
25 47
6 41
7 44
29 44
11 86
9 84
3 16
23 28
8 92
13 39
28 79
16 100
15 71
6 42
12 42
2 23
6 48
27 94
20 95
20 52
5 54
10 96
16 71
22 67
1 15
19 31
29 55
7 99
29 96
15 54
19 46
19 92
19 80
22 64
27 73
17 15
7 63
29 21
16 28
30 53
8 96
20 49
22 2
28 44
22 24
27 9
0 96
29 48
12 23
2 60
0 72
25 22
9 87
30 98
7 42
12 90
20 23
16 22
29 97
19 32
5 14
15 60
11 81
3 39
30 30
25 65
5 52
17 60
25 60
0 27
28 40
26 38
24 50
19 53
7 81
6 42
4 83
22 86
28 88
2 34
10 33
24 72
30 23
30 21
4 14
25 30
30 100
13 7
27 38
12 54
8 14
20 34
19 12
0 15
27 19
20 95
26 97
0 26
29 79
19 81
18 50
1 36
9 38
27 15
4 47
7 12
4 84
21 45
1 21
16 98
20 55
22 86
11 26
12 45
14 67
23 65
0 68
20 10
26 100
1 55
1 76
27 6
28 77
18 84
5 7
16 71
10 76
13 36
1 90
7 67
21 42
10 15
9 11
11 39
30 8
19 30
26 91
1 69
1 97
14 47
15 27
5 24
23 9
14 22
3 96
19 80
16 94
14 13
22 73
20 76
0 7
29 96
0 3
1 11
23 51
1 23
19 22
7 18
7 87
26 55
2 67
23 28
27 67
19 71
1 6
4 54
15 90
24 84
15 50
10 55
21 32
6 48
14 35
15 93
12 4
14 78
13 82
10 4
23 42
16 50
21 96
5 37
21 67
15 40
28 98
29 99
10 5
22 81
15 25
9 83
17 13
11 92
1 100
17 17
24 33
17 16
26 10
7 80
22 44
8 51
12 54
