100
14 23
14 94
7 88
1 20
1 25
25 64
14 61
8 29
7 10
6 85
25 37
17 80
22 41
20 31
2 84
1 30
13 41
27 80
16 80
30 76
4 87
15 26
16 21
30 66
10 5
25 14
23 82
24 17
7 69
25 48
15 15
30 71
17 59
10 61
14 75
17 72
24 9
11 38
18 56
8 20
28 46
22 5
8 56
8 86
25 80
23 83
12 45
14 40
9 12
30 30
11 98
3 32
24 15
30 78
1 12
6 1
0 81
3 39
0 24
5 78
3 36
24 16
21 8
29 63
8 61
10 5
20 14
26 7
10 32
24 76
23 30
20 93
26 81
2 35
18 20
14 33
30 2
25 44
29 66
8 71
17 19
8 90
5 18
27 67
21 57
27 63
1 67
12 84
11 62
18 16
22 63
3 26
5 82
4 97
14 23
6 1
29 28
18 26
22 27
29 81
2 90
16 89
15 32
24 62
5 5
23 52
4 27
12 74
9 24
18 91
18 39
0 93
29 50
3 52
13 25
27 87
15 20
16 44
0 71
12 57
25 59
3 69
15 29
19 4
26 5
26 98
18 40
24 13
24 69
18 10
17 71
10 40
28 55
14 32
4 66
1 83
15 26
10 24
0 56
10 44
18 51
18 71
9 73
7 85
23 6
16 39
1 96
23 65
18 6
13 15
11 91
20 76
4 90
29 10
21 16
14 12
12 48
19 30
4 25
10 7
13 21
23 72
30 71
20 87
22 15
12 10
18 73
16 71
12 16
17 28
28 61
16 49
8 50
14 34
30 56
2 71
22 60
13 64
8 79
24 39
27 94
12 17
29 56
23 81
5 5
29 92
13 68
1 98
30 69
3 25
22 8
18 14
17 12
22 55
8 66
19 2
27 3
23 7
16 45
25 38
2 84
7 26
17 58
9 8
29 7
26 31
19 52
16 17
2 84
16 31
11 91
1 29
5 98
14 36
8 88
14 51
23 82
24 82
11 40
14 96
2 43
5 29
17 60
0 100
19 21
1 16
5 79
0 99
27 19
2 74
25 80
1 60
30 76
18 94
26 67
14 100
20 8
30 95
20 7
10 89
25 59
24 79
23 92
18 99
16 39
8 96
18 19
28 34
19 67
30 60
7 95
13 57
20 37
14 68
13 50
2 41
1 66
5 23
13 10
0 5
7 21
11 12
4 95
30 5
7 9
23 79
3 97
29 41
25 16
15 73
6 81
2 60
12 45
18 78
18 62
20 21
0 94
27 80
11 27
14 69
18 29
16 72
6 29
26 42
2 26
4 62
25 93
30 94
17 90
7 68
26 7
2 40
26 97
27 48
30 34
8 78
17 96
27 51
21 41
18 65
19 63
5 27
8 84
23 100
21 85
27 54
24 60
30 92
22 72
27 8
1 98
13 95
18 72
13 63
13 41
7 84
4 77
15 7
23 91
2 90
2 89
7 80
4 90
27 25
19 98
13 81
21 26
21 78
9 24
18 73
12 67
9 21
20 9
12 36
29 82
17 87
27 73
22 72
8 5
7 24
19 10
5 45
17 51
12 31
24 93
26 32
18 87
19 47
16 30
19 75
17 81
25 68
8 6
19 55
23 99
9 58
1 53
16 12
14 72
30 24
13 2
20 81
4 32
10 11
13 48
5 45
29 44
22 71
2 87
6 82
30 57
3 57
26 39
27 70
22 79
14 81
23 2
2 97
24 10
15 26
2 41
25 39
30 24
28 36
6 40
2 84
1 59
16 3
23 86
29 92
2 44
6 61
27 3
25 96
5 94
1 74
24 44
11 28
16 78
3 25
14 86
2 44
22 64
28 98
7 31
3 24
30 5
14 73
9 85
17 100
11 36
6 73
21 64
13 11
5 21
3 39
6 26
28 45
1 42
17 2
21 86
27 75
30 70
11 80
27 38
5 79
17 88
13 43
21 33
30 35
3 49
30 29
29 14
30 7
26 15
0 49
8 79
14 53
3 82
6 66
7 34
25 75
11 66
25 40
20 5
12 93
13 79
1 80
8 32
5 68
21 83
5 30
19 90
16 87
8 75
12 88
7 62
11 78
17 76
13 54
8 4
26 82
30 53
13 50
7 57
17 64
18 32
14 42
30 53
21 82
14 70
1 96
26 34
23 89
0 44
6 23
22 89
18 2
22 58
7 7
30 92
12 18
25 58
25 100
30 72
10 74
8 87
14 26
29 8
9 89
28 76
23 14
8 29
22 67
10 80
13 39
5 48
20 3
17 28
17 52
12 25
28 17
18 89
6 5
2 94
4 5
0 35
16 84
18 49
28 64
30 42
13 26
1 13
20 5
15 77
0 32
30 40
24 5
27 71
15 49
26 91
17 68
14 32
21 28
24 1
30 9
4 40
9 49
10 33
30 26
15 59
17 61
7 59
11 55
9 43
16 22
17 72
11 27
4 48
16 89
5 70
18 14
12 58
26 70
4 87
25 36
1 27
11 17
26 97
17 49
29 67
1 31
28 90
26 72
5 34
16 61
9 22
6 71
22 41
23 21
25 32
9 56
2 67
4 72
30 53
29 91
19 33
3 40
20 41
10 74
16 53
9 10
3 4
24 92
13 16
20 71
7 75
25 68
11 26
29 5
0 25
6 72
12 4
14 38
16 31
16 82
19 85
27 55
4 74
24 75
8 15
15 59
7 71
13 54
15 34
18 41
28 3
30 54
30 37
20 91
4 27
20 85
29 60
6 3
22 61
8 69
8 43
2 80
12 9
20 50
21 35
17 22
3 93
14 24
11 87
19 77
1 97
0 85
4 2
14 44
15 6
7 60
8 100
2 81
14 37
16 83
26 50
6 97
12 20
4 97
3 40
0 41
7 89
8 20
26 40
22 99
16 79
16 2
19 41
13 38
19 98
16 44
2 76
30 96
30 35
25 88
9 33
6 35
30 51
4 22
0 19
17 47
11 79
4 61
25 91
22 68
4 9
9 52
27 90
27 64
22 16
19 54
0 1
23 31
0 26
15 98
27 76
17 41
8 99
13 61
17 35
17 66
25 45
0 34
3 51
14 12
15 5
13 88
12 74
14 16
13 79
4 86
17 9
30 61
30 57
20 75
2 11
26 81
13 43
18 15
20 90
21 38
20 76
16 46
0 2
9 45
15 66
9 54
0 54
18 40
22 67
28 2
7 33
11 66
17 70
6 52
0 92
4 8
14 13
6 83
13 38
24 48
7 58
8 78
30 7
17 68
30 90
22 15
5 83
5 6
16 26
19 40
0 82
8 38
4 74
21 29
24 42
28 42
30 61
23 100
15 45
23 92
9 5
11 22
17 24
14 12
13 12
8 77
7 86
17 72
26 97
26 64
27 38
11 77
6 57
19 100
13 42
17 44
23 80
13 87
10 61
3 6
22 65
5 82
4 92
10 26
5 80
28 34
21 72
16 37
23 33
27 37
17 46
4 76
7 27
4 27
6 90
19 19
13 56
4 93
17 99
23 81
6 52
22 98
18 40
21 2
23 99
9 90
30 91
25 75
25 55
13 12
7 73
28 52
27 41
17 91
17 31
26 22
19 26
10 39
15 54
9 97
23 47
17 8
3 28
8 71
24 46
22 49
12 73
9 33
18 25
26 44
2 8
29 97
14 41
12 47
4 90
17 41
19 62
21 88
14 96
3 54
27 7
13 25
23 92
11 83
3 85
2 45
19 70
30 69
6 43
21 32
24 60
23 71
4 91
12 98
14 94
21 62
29 26
7 6
21 33
28 76
0 57
15 35
7 1
9 50
10 1
2 35
12 98
15 71
2 32
24 45
27 31
10 10
27 82
26 29
5 19
12 93
19 30
23 68
12 45
28 97
4 11
11 83
7 52
27 96
20 56
8 72
26 28
1 5
28 13
10 33
2 11
29 63
12 40
8 13
2 17
30 29
18 36
17 86
13 43
23 60
8 34
9 38
30 96
27 14
21 43
1 66
14 38
26 40
5 38
16 41
16 98
23 71
19 33
21 55
3 83
11 99
8 79
16 40
21 57
12 86
5 14
24 4
19 65
7 64
7 52
2 75
3 86
30 89
2 52
24 17
29 89
19 100
7 20
21 30
20 46
1 86
25 18
21 50
1 84
13 58
28 12
16 45
14 90
27 49
15 91
20 51
29 3
24 75
17 50
18 99
17 73
17 84
8 68
5 95
28 35
14 41
26 64
25 92
14 81
6 92
4 64
7 81
29 91
10 97
29 83
22 90
26 63
24 40
9 67
4 8
1 8
5 79
11 72
27 81
25 13
19 47
9 43
12 98
12 18
8 2
13 38
20 85
5 51
23 88
12 10
22 56
25 51
17 34
15 81
27 8
4 55
20 85
23 47
16 16
11 35
15 36
1 27
30 32
19 91
20 100
19 62
20 64
27 13
8 69
22 12
3 79
27 79
4 4
19 9
3 51
10 63
19 58
7 89
9 79
22 8
18 56
18 33
11 81
1 30
25 64
27 25
19 23
22 19
24 1
4 15
30 39
10 35
18 19
24 49
11 6
6 68
22 90
4 57
9 77
3 71
8 86
22 15
17 10
15 92
13 15
16 63
10 79
10 98
11 27
27 72
1 81
4 57
21 43
17 68
14 100
28 20
16 71
26 15
16 65
3 9
17 36
18 91
4 79
7 44
1 42
27 60
30 72
2 94
28 91
24 38
14 3
19 36
0 74
21 35
1 40
2 87
7 1
20 63
5 78
8 95
6 39
3 68
23 25
21 20
25 36
13 24
24 3
21 26
24 44
21 5
19 5
23 95
18 59
17 35
6 34
12 69
16 67
25 15
29 35
20 83
6 9
4 94
17 47
13 31
12 22
23 95
18 97
8 20
27 20
11 98
29 6
29 77
0 80
13 29
25 2
14 91
20 38
19 64
2 6
2 56
30 64
24 31
27 22
2 95
25 57
0 19
17 55
8 38
12 87
5 12
27 75
5 62
6 75
30 23
23 95
1 36
1 61
19 25
23 38
12 100
17 76
21 31
29 52
17 82
9 26
26 77
25 31
11 56
6 31
12 6
21 27
9 7
8 10
3 12
0 52
13 4
21 47
12 10
23 68
7 98
2 11
3 66
9 2
8 88
23 87
12 2
3 60
10 15
4 71
28 98
1 52
16 17
21 88
24 6
12 24
19 23
3 50
2 81
29 75
26 40
4 56
8 89
7 26
15 50
29 37
9 63
1 98
30 40
29 57
9 63
27 54
25 5
1 12
11 5
20 5
2 5
11 6
19 61
23 36
30 35
9 67
26 45
3 95
15 22
1 10
12 69
16 71
10 84
28 55
3 58
0 34
13 37
26 57
18 91
27 47
27 28
6 28
25 26
15 90
20 19
28 57
11 69
29 30
6 32
29 31
18 74
11 45
7 52
9 3
1 28
1 9
1 100
28 13
28 10
18 55
4 3
11 99
2 45
14 13
20 83
25 73
18 58
14 16
22 76
29 61
25 65
8 24
5 47
11 24
26 32
20 92
10 54
25 16
6 73
27 80
1 28
13 3
20 70
19 70
17 28
27 67
24 17
27 7
17 97
16 62
14 75
29 63
20 94
9 79
28 40
25 39
4 39
16 53
23 24
19 19
9 43
5 67
13 39
27 82
2 77
2 24
16 13
24 8
18 67
0 28
12 78
25 55
16 74
19 39
26 27
0 85
17 27
23 74
17 58
5 96
4 81
8 74
22 23
9 6
3 25
16 72
16 27
19 93
19 79
24 65
13 95
8 68
0 20
12 83
25 76
13 29
28 56
13 73
4 34
22 10
6 70
5 9
1 10
25 22
20 87
21 37
9 81
0 33
12 57
28 72
11 6
9 85
4 91
15 34
27 88
14 34
29 53
11 40
20 34
18 76
27 73
24 79
9 74
29 74
0 22
21 27
22 13
17 39
16 93
8 43
30 45
10 54
25 84
22 53
28 42
20 6
21 63
9 38
11 40
15 34
29 57
22 100
30 47
7 17
27 70
9 64
27 22
9 19
17 38
28 32
20 29
4 73
18 94
28 54
26 19
20 34
11 6
19 17
10 41
7 67
26 63
9 4
13 15
1 86
30 13
3 33
0 56
29 63
8 61
2 13
2 66
11 36
30 41
9 37
11 16
13 13
4 55
2 3
3 8
16 40
13 59
15 59
0 56
18 8
10 37
26 68
17 78
24 90
1 43
30 2
4 53
11 47
6 84
18 68
16 21
8 52
17 91
1 47
24 1
7 31
27 31
23 25
20 9
16 81
13 88
29 74
15 13
22 4
8 33
0 95
7 34
15 97
7 68
17 13
4 2
6 81
15 17
11 8
28 50
4 61
19 38
26 59
26 57
18 7
28 56
22 37
21 66
23 95
7 43
0 28
17 2
20 62
27 77
18 42
4 86
14 49
5 34
0 38
10 67
6 21
3 99
18 57
24 8
3 47
8 70
20 63
17 43
16 95
1 56
30 30
12 45
26 79
0 31
19 89
15 79
22 59
30 58
12 93
30 88
8 30
12 94
6 34
17 38
23 78
24 74
10 90
21 53
15 20
24 66
13 82
1 9
28 12
23 63
15 59
27 66
21 8
18 43
8 72
16 81
6 7
6 56
27 86
8 27
14 50
28 15
23 53
23 61
19 87
9 10
16 49
18 44
6 95
18 11
16 88
19 73
11 99
12 59
7 53
8 97
8 99
20 61
11 15
20 45
25 46
3 61
7 44
18 1
16 13
28 10
10 32
30 46
13 83
22 21
24 58
2 73
30 100
10 50
7 14
12 18
0 74
10 95
19 64
25 24
14 65
8 99
2 1
5 97
18 98
11 26
18 11
23 33
12 48
4 75
10 28
28 99
28 94
1 15
17 85
23 90
13 79
6 36
16 47
29 96
3 74
3 69
9 43
8 81
15 34
14 42
23 61
0 55
0 41
2 74
25 27
9 91
6 87
8 94
8 69
25 23
10 26
7 14
13 31
25 31
15 13
15 76
5 53
5 77
19 12
7 38
22 24
17 12
29 68
8 49
9 56
23 38
22 15
22 27
30 83
2 14
15 39
20 28
1 59
4 13
13 52
18 18
29 56
12 94
29 70
26 54
28 6
26 5
28 27
20 3
9 87
10 45
1 97
28 96
4 19
23 11
21 75
12 66
8 68
22 68
25 53
25 76
29 45
10 1
18 1
14 32
5 66
9 93
21 33
25 20
21 38
1 65
12 73
6 15
15 11
29 38
11 32
10 2
29 32
14 23
18 30
10 3
21 63
22 26
23 52
1 30
19 34
20 39
13 3
12 55
10 39
16 11
8 13
7 55
26 21
11 49
6 20
9 50
14 98
18 73
20 13
2 8
19 65
24 81
8 79
27 31
22 10
12 100
25 55
5 11
18 97
20 78
17 4
29 28
15 90
17 40
29 15
18 40
19 100
23 81
3 48
9 77
17 27
13 42
20 85
6 50
18 48
15 71
13 35
24 24
18 26
1 93
15 56
12 96
15 82
6 39
13 75
6 62
1 69
11 99
24 83
11 30
22 70
14 9
21 72
30 26
17 4
25 40
16 69
1 8
3 34
24 52
14 77
14 37
25 43
24 84
21 87
28 88
10 60
12 93
8 26
23 53
3 40
0 64
9 93
15 69
12 71
3 68
12 42
11 98
16 46
1 22
15 67
4 20
30 57
15 36
13 23
15 44
30 48
28 75
10 84
19 8
17 48
25 9
9 84
25 73
9 92
25 48
17 18
0 68
19 30
23 62
18 68
16 14
0 50
29 18
10 74
0 57
26 36
11 76
8 52
13 99
11 59
22 35
8 97
3 96
26 20
24 51
24 92
19 11
14 35
5 84
8 95
5 22
24 93
9 81
5 56
23 61
4 39
22 15
30 90
11 63
14 87
4 52
2 82
27 86
5 18
7 15
2 68
9 10
13 46
13 94
28 6
1 54
5 62
1 56
8 23
7 79
23 45
21 53
29 79
4 94
26 22
2 1
0 99
2 38
25 98
29 42
18 52
9 74
30 32
27 28
7 81
4 40
5 70
23 12
25 66
11 5
10 90
6 79
10 63
26 1
30 52
18 63
12 63
29 68
14 19
27 11
15 3
7 5
30 16
29 67
8 78
9 37
30 31
21 55
29 34
29 54
5 74
15 5
11 49
21 77
12 50
22 53
26 25
22 87
30 7
11 34
25 18
21 83
5 51
22 9
8 21
11 18
25 48
8 68
10 39
19 5
13 67
0 71
19 5
23 29
4 75
6 78
2 67
4 24
30 52
6 50
22 53
17 34
17 11
19 15
11 15
8 10
28 79
16 99
4 90
28 47
3 8
2 28
27 30
11 36
21 20
4 84
5 78
18 37
23 88
10 39
27 90
3 76
25 44
29 42
28 80
2 12
21 11
19 2
1 62
24 98
21 14
23 58
19 33
11 81
19 18
24 20
28 40
1 43
27 56
3 21
23 88
20 52
23 24
8 18
24 11
29 19
20 65
14 19
27 5
8 64
22 27
25 51
26 65
17 24
18 96
20 41
11 99
1 79
6 24
18 51
10 54
7 64
19 2
12 45
12 29
29 30
30 27
11 97
1 18
1 21
13 42
8 22
9 10
13 7
28 4
22 40
16 84
7 49
23 67
2 49
2 50
15 47
11 98
25 8
23 18
22 99
16 54
22 12
3 91
24 79
5 52
7 42
16 4
7 1
5 89
12 64
29 12
24 64
16 23
30 16
22 88
22 6
12 11
16 2
22 73
0 66
21 35
9 42
10 26
17 25
1 2
28 86
10 32
15 26
24 85
2 27
30 46
1 55
20 6
17 2
10 21
10 39
29 9
9 63
2 36
26 49
20 80
12 26
26 28
8 32
15 79
1 11
2 84
4 67
2 48
21 72
15 55
22 44
10 17
3 33
5 74
26 75
2 62
14 98
16 10
29 30
15 14
1 63
4 64
4 29
21 19
16 62
19 28
19 80
10 79
23 75
27 80
20 92
1 91
23 90
5 22
7 66
25 37
9 82
19 17
23 19
16 18
17 89
3 66
3 3
25 84
16 87
27 17
28 34
2 51
14 80
20 93
3 73
13 23
1 56
25 32
0 97
23 57
28 60
29 12
21 65
30 47
23 54
16 84
20 58
25 80
11 2
8 25
9 94
19 49
18 38
4 45
23 72
20 50
6 32
0 46
27 56
26 40
25 78
28 15
20 34
12 27
13 22
28 1
11 3
26 16
30 32
7 19
23 3
23 7
0 82
10 77
0 34
26 31
5 78
0 19
11 94
21 44
28 77
28 99
3 15
8 1
3 73
21 95
29 83
3 51
9 25
3 100
19 91
12 10
11 59
26 96
10 57
1 22
28 82
1 5
17 34
1 8
5 67
8 35
24 26
29 70
25 1
20 59
0 98
16 53
14 98
20 28
25 90
27 90
3 86
26 41
17 23
10 57
6 16
17 59
0 72
29 77
26 14
21 13
17 12
26 81
9 66
8 91
2 80
21 14
15 90
14 90
12 18
14 7
20 98
2 7
23 68
26 11
24 67
20 23
18 46
3 45
8 37
24 68
17 86
6 94
1 22
6 99
16 12
5 71
28 33
28 61
29 81
15 79
9 8
29 50
9 23
22 90
0 21
3 20
19 75
27 17
8 61
20 55
14 1
14 95
24 63
2 91
12 57
17 15
29 46
28 44
26 17
17 50
15 52
18 75
21 73
6 14
20 39
29 18
10 73
3 80
7 5
24 91
13 82
28 72
24 53
26 5
10 36
23 1
6 55
15 48
18 74
15 72
22 8
22 1
18 6
21 77
18 45
19 65
11 23
29 86
18 84
17 21
8 22
21 22
25 50
23 88
17 56
30 17
19 41
30 11
12 79
23 92
29 36
21 92
15 75
12 18
28 92
30 99
17 50
20 59
7 64
13 65
10 27
12 100
26 68
24 28
26 16
9 26
30 61
23 82
0 26
25 79
24 42
11 81
2 13
23 17
8 41
6 58
27 54
2 24
13 86
7 81
7 80
25 5
28 61
18 3
8 71
18 25
29 55
1 14
5 42
19 89
20 55
10 13
7 52
14 39
24 82
30 52
1 23
17 54
10 81
17 32
12 36
2 41
0 60
14 98
2 47
3 10
23 65
19 44
24 20
18 41
18 38
9 40
14 90
23 85
13 46
10 34
16 56
1 67
2 1
21 90
1 31
19 79
3 64
22 84
13 39
30 67
19 4
18 94
19 100
3 30
10 30
8 66
21 29
27 4
11 8
16 82
13 34
5 10
2 59
22 1
26 27
24 18
17 84
20 94
4 63
14 55
1 2
18 20
6 62
12 60
0 42
9 59
27 9
1 56
12 97
26 88
7 20
7 68
5 94
28 88
18 59
0 33
7 13
10 82
24 73
7 16
3 30
6 68
16 56
9 81
11 6
13 73
9 55
30 54
26 9
3 98
12 10
30 49
15 64
15 43
25 45
23 37
28 75
15 63
28 76
3 61
15 48
22 16
8 6
22 82
13 35
21 53
4 58
26 8
11 81
18 70
25 39
28 64
14 3
20 9
23 84
23 98
8 16
17 12
18 45
12 37
28 60
14 96
13 32
10 4
17 81
13 8
4 44
15 73
26 73
29 62
19 28
5 56
15 68
4 90
12 37
18 85
13 9
27 8
25 83
16 81
14 43
12 66
3 79
12 56
1 3
26 65
3 14
3 9
29 3
19 78
12 13
6 43
17 70
11 75
24 40
13 5
27 99
8 38
2 18
23 35
5 65
0 65
20 45
11 43
19 4
14 98
17 81
26 90
19 9
10 45
9 67
1 98
30 85
17 93
18 78
24 17
10 62
3 11
10 98
29 89
0 100
12 75
9 98
23 31
17 40
17 79
21 30
7 97
20 91
0 19
2 37
0 59
17 3
5 87
21 20
7 85
5 37
0 52
2 25
4 42
22 15
16 60
1 10
3 5
11 4
7 48
14 76
20 72
27 100
24 51
16 71
15 6
6 26
22 33
5 42
24 51
24 65
26 56
15 24
30 21
26 92
23 28
4 95
21 6
18 14
30 11
13 73
15 8
25 57
10 29
21 95
25 62
29 78
17 14
29 4
15 78
6 26
27 72
10 82
21 3
7 49
11 55
13 81
5 2
25 18
13 91
16 79
30 24
0 24
9 57
16 80
26 49
15 97
0 9
22 80
16 99
11 80
19 95
27 8
12 43
20 15
30 1
21 68
2 38
18 93
8 54
8 20
8 28
9 96
6 57
18 70
14 60
21 26
7 34
4 12
9 6
0 73
17 1
12 98
4 90
1 98
0 79
2 20
25 47
14 33
1 81
30 25
7 5
26 77
2 4
15 82
10 46
19 96
8 24
15 18
22 6
20 9
2 55
6 53
13 54
1 85
12 32
2 63
4 39
25 78
7 72
18 63
28 33
19 35
1 52
18 37
22 75
20 25
3 90
27 57
15 99
3 95
10 79
20 78
9 80
27 24
10 41
15 27
27 8
4 55
26 62
3 87
28 71
1 75
23 87
13 56
11 82
19 13
9 50
13 34
29 67
3 12
24 55
11 57
0 8
27 1
28 70
30 29
8 75
10 34
30 29
5 99
28 5
2 94
28 28
7 5
4 21
20 20
21 49
21 48
2 66
14 24
29 48
6 13
2 76
28 17
8 9
25 52
8 35
3 78
24 92
9 100
10 38
22 8
5 21
11 88
13 63
10 85
22 10
27 94
25 54
21 41
0 37
8 58
13 42
19 93
14 40
29 79
3 40
5 99
5 63
24 93
9 93
25 56
5 34
17 63
10 100
27 36
3 38
19 46
4 81
16 72
5 13
24 6
22 75
25 63
17 72
10 56
30 89
27 70
12 57
10 59
23 24
12 76
30 49
2 39
9 64
24 1
24 20
22 99
22 22
17 78
10 98
11 3
9 25
21 43
12 43
25 8
5 46
1 27
5 74
11 74
8 62
4 25
30 23
8 90
4 21
25 16
7 65
6 80
6 99
10 21
8 32
22 43
13 35
4 96
8 93
29 14
29 30
24 8
8 58
19 27
9 4
15 12
30 56
5 99
21 74
25 32
0 62
19 25
8 100
15 93
13 70
8 55
22 40
1 57
21 76
19 96
22 13
1 63
7 33
0 82
27 62
10 68
7 52
26 22
5 79
15 50
29 59
24 86
24 84
26 7
27 1
21 79
29 56
24 38
17 43
21 58
28 4
10 61
29 65
8 64
6 33
1 94
4 67
13 6
1 7
16 20
4 64
18 71
23 66
30 52
3 64
7 12
5 48
29 60
4 31
0 35
30 42
26 78
10 87
21 53
14 62
8 86
12 1
8 88
9 16
25 68
22 21
19 22
15 70
15 64
29 19
27 42
4 99
4 100
25 72
20 18
18 90
20 2
20 85
16 27
28 8
3 93
16 95
0 2
30 14
21 76
30 84
24 63
7 38
19 43
22 39
24 10
19 90
10 100
13 60
23 47
23 84
20 4
19 34
23 50
13 67
29 4
8 67
3 34
22 36
6 28
12 39
29 45
5 41
18 24
25 4
14 52
30 56
26 3
19 53
28 90
7 84
15 96
13 78
7 1
27 77
4 62
24 26
26 59
26 74
10 52
21 91
22 54
12 69
10 50
15 14
15 41
21 89
15 84
21 44
8 60
3 59
0 98
15 100
30 20
18 58
12 16
26 100
20 99
7 63
0 83
1 57
29 92
12 81
26 60
30 41
24 15
24 26
29 22
13 63
21 55
7 11
28 5
19 41
6 90
7 54
18 39
22 98
0 88
15 29
25 65
3 23
12 74
17 75
9 37
4 8
22 57
12 38
9 72
5 60
5 41
3 52
19 52
3 39
23 28
13 38
8 92
26 90
23 1
15 5
9 32
23 91
0 19
5 58
10 39
10 84
13 73
18 85
28 47
17 28
12 36
15 100
8 50
14 33
17 100
3 92
6 50
25 75
29 94
23 56
25 50
0 18
29 37
19 58
10 1
7 9
15 17
12 83
20 28
22 60
29 16
1 44
2 7
4 95
22 24
14 40
28 98
8 16
5 3
17 92
10 35
24 8
19 95
28 15
11 71
5 98
1 16
23 98
19 62
7 94
8 40
17 55
21 78
8 34
5 42
19 24
22 23
16 35
27 61
9 100
29 53
15 12
9 34
9 2
16 100
10 42
5 10
16 69
20 72
25 22
24 81
19 36
9 70
7 19
12 13
2 99
19 21
6 7
27 62
9 56
24 40
6 13
28 74
10 30
15 30
17 87
12 68
27 31
15 9
4 72
19 66
7 56
21 49
8 74
17 100
21 7
25 44
27 11
1 65
3 91
1 45
13 41
21 91
10 94
30 54
22 12
18 31
7 68
18 22
4 9
9 74
14 21
24 3
15 85
16 86
26 43
11 55
28 51
20 71
24 36
1 57
14 5
16 73
13 55
9 64
22 59
25 42
6 89
13 47
23 53
8 82
10 82
17 27
14 100
6 50
29 43
5 32
30 16
7 52
24 14
12 33
13 7
11 7
21 60
19 77
24 15
20 38
1 18
23 50
27 32
0 37
30 12
17 60
20 90
2 56
5 75
21 44
3 31
4 99
30 91
15 1
15 7
6 42
15 12
24 66
26 83
21 48
16 100
18 73
4 56
11 52
30 16
10 21
21 14
9 79
20 20
25 78
10 24
10 81
5 44
25 88
29 58
5 77
22 21
10 70
21 7
9 57
27 10
13 24
21 29
24 34
4 6
1 1
23 38
18 94
20 15
28 88
3 60
2 69
9 65
2 24
27 65
24 41
24 42
27 14
3 4
26 19
27 75
17 14
4 49
1 39
15 83
23 15
7 40
18 45
1 93
18 33
12 30
11 18
2 7
27 29
14 21
28 55
8 18
15 79
8 21
27 70
15 57
24 56
27 53
30 78
29 8
14 75
10 40
15 35
10 2
30 14
14 25
5 6
30 64
6 16
18 37
17 31
7 28
20 79
0 90
1 82
0 23
24 65
13 52
27 100
26 2
16 59
7 99
19 73
6 76
28 22
26 19
11 57
16 80
12 18
28 25
11 87
21 44
15 96
30 65
24 54
2 6
17 26
21 77
23 8
5 90
5 56
1 60
15 94
6 38
18 30
23 9
30 68
4 19
29 2
1 23
17 8
3 30
24 39
21 18
22 54
29 39
11 45
28 35
27 12
29 47
21 54
12 45
5 38
19 94
27 75
0 59
22 54
1 98
0 87
0 85
5 56
30 27
16 25
9 71
2 39
17 78
6 83
5 30
22 92
10 11
3 74
10 90
22 99
25 69
7 31
5 31
10 29
5 23
28 67
12 75
20 36
20 33
24 62
22 3
12 93
26 77
28 70
29 47
14 17
30 76
3 62
3 95
2 64
21 48
4 19
16 48
18 53
5 27
26 71
21 17
27 36
9 39
17 87
18 44
13 38
13 78
8 57
10 57
27 66
19 57
16 84
1 38
26 65
2 12
24 46
9 86
27 96
23 98
12 29
16 73
9 37
15 36
20 3
0 4
5 11
25 78
5 74
24 85
28 42
14 11
23 12
11 98
28 91
23 90
6 71
8 63
27 82
7 11
8 50
4 25
15 69
13 26
6 93
16 5
16 33
14 28
20 95
30 3
21 37
7 82
7 8
18 27
11 17
9 6
19 61
12 49
4 44
25 16
20 32
20 43
6 68
22 97
29 27
26 95
20 46
19 81
7 40
5 75
1 74
18 63
17 75
17 14
15 27
10 72
2 15
8 63
26 53
8 6
4 97
11 17
13 62
11 76
27 77
22 47
30 68
22 21
10 41
11 92
16 58
5 49
1 42
2 11
23 84
12 88
6 68
16 18
16 93
16 32
28 29
10 32
8 74
23 82
4 43
16 67
11 92
18 12
0 58
12 50
9 75
22 56
15 23
30 57
2 53
0 13
2 45
13 66
3 7
30 31
26 70
16 15
20 84
20 16
1 38
26 61
2 26
12 69
28 38
11 35
23 31
9 42
18 33
24 90
30 5
17 2
24 73
8 93
4 51
25 90
19 47
2 7
27 66
21 54
12 23
28 78
23 8
13 66
18 54
13 58
3 100
2 10
30 45
3 26
4 2
23 41
12 6
30 11
9 48
13 7
30 35
11 36
28 81
18 69
26 42
8 89
20 43
13 10
16 77
15 15
6 16
20 75
3 15
5 4
9 93
16 86
20 95
22 56
15 96
29 10
19 94
4 37
25 5
7 41
2 66
12 69
2 61
29 73
25 20
2 38
30 90
6 35
23 2
21 10
17 35
9 10
21 47
7 27
17 72
4 1
26 18
3 81
22 69
27 95
4 15
23 45
24 99
13 38
29 26
15 12
20 11
20 67
4 38
8 68
6 29
9 98
18 38
10 41
15 41
4 44
23 48
29 89
3 7
8 67
30 19
19 84
1 73
1 82
26 75
30 87
21 99
24 89
5 60
15 24
3 30
20 8
8 3
17 19
24 73
6 80
13 65
20 51
24 66
23 68
9 13
17 42
1 67
7 45
0 6
20 65
19 95
10 83
4 92
12 15
3 25
22 99
18 69
3 36
5 48
28 88
16 64
20 72
8 21
10 10
5 89
11 55
10 44
18 53
20 67
23 48
0 84
2 23
3 2
5 84
1 78
25 25
26 67
30 5
1 53
10 34
16 91
1 53
23 7
17 25
28 93
25 26
11 12
3 79
29 27
7 61
4 31
24 81
5 20
25 81
13 40
15 51
24 4
15 68
1 51
16 98
23 21
27 5
19 40
27 79
26 34
8 87
8 47
5 81
11 35
10 43
9 58
30 33
12 73
1 54
20 98
29 14
27 31
21 83
13 39
17 61
1 24
27 49
20 75
2 90
27 37
4 17
29 43
25 80
19 96
22 83
25 14
23 69
5 64
8 96
23 55
13 88
30 89
27 90
7 18
24 27
6 7
18 87
25 71
9 4
30 76
12 9
8 23
30 84
11 29
16 36
28 92
17 81
28 94
15 96
17 22
14 41
24 84
11 25
15 35
25 100
5 57
6 16
17 28
22 57
13 20
8 25
29 82
17 41
22 88
24 21
22 6
7 81
6 21
28 46
12 93
26 51
12 59
1 53
6 18
6 70
19 32
19 49
11 34
13 19
2 49
23 18
7 24
23 49
13 90
23 18
16 10
19 59
11 96
29 37
3 15
18 32
16 52
18 12
29 29
29 49
7 46
27 87
7 7
26 92
1 10
30 79
30 48
1 60
17 56
14 44
2 1
15 39
28 59
30 55
22 98
9 69
26 54
27 79
14 23
11 44
5 68
23 38
28 58
15 68
23 67
20 38
13 71
9 69
21 48
1 30
16 31
26 46
16 85
8 5
4 35
22 7
17 94
18 47
5 33
17 3
23 66
10 50
4 47
23 70
4 99
13 56
6 83
3 3
12 93
7 26
10 63
22 57
5 90
14 41
7 27
4 78
11 76
4 54
3 92
20 37
27 90
19 34
16 31
30 66
16 58
24 24
6 9
13 32
24 27
18 64
29 38
10 28
28 44
15 79
9 44
20 12
8 65
9 38
11 22
18 24
18 61
19 5
9 67
4 6
22 1
27 28
8 10
26 20
5 5
0 63
29 8
2 41
14 25
27 75
9 58
5 86
23 54
10 27
30 90
22 9
9 54
28 60
11 52
25 58
23 64
19 99
17 91
12 57
23 28
8 37
16 3
10 98
14 82
27 61
23 10
6 76
27 5
29 100
10 6
17 69
23 2
10 62
30 92
3 20
28 59
27 97
30 46
30 6
8 1
10 73
19 43
13 43
8 4
27 89
10 7
0 45
6 4
3 38
5 96
11 62
29 9
14 88
8 62
4 75
1 35
29 26
22 28
12 82
19 95
10 19
27 68
11 43
4 18
16 96
29 16
19 67
24 24
26 15
9 17
5 53
17 2
7 48
30 24
22 17
12 62
29 49
6 57
20 22
26 70
18 31
19 7
9 47
0 21
2 71
2 69
8 95
10 78
30 36
2 72
2 27
12 31
12 72
3 31
9 70
6 84
28 73
3 16
8 58
21 70
12 87
11 1
0 32
23 59
23 24
2 56
19 46
27 30
28 10
23 100
11 49
21 66
25 53
9 82
8 98
26 32
21 14
9 4
8 100
27 84
1 4
15 43
12 65
24 56
18 38
0 35
9 30
14 88
23 19
9 67
27 70
21 16
20 88
15 35
21 99
18 100
16 38
4 52
26 55
6 9
14 43
12 77
14 1
22 65
26 56
28 60
0 20
20 81
6 36
23 64
8 84
1 13
26 38
5 20
13 41
5 3
3 30
14 93
13 40
15 64
13 1
17 6
10 17
29 23
14 29
13 73
10 70
24 81
30 60
22 91
24 17
12 37
19 70
25 84
6 84
25 25
15 45
11 39
1 42
14 62
25 39
20 41
7 78
13 34
29 70
13 15
5 51
11 88
16 99
12 17
0 4
25 71
0 41
4 12
22 70
5 32
21 19
18 36
22 98
28 93
15 68
1 55
13 31
2 11
28 13
0 71
16 19
13 51
23 60
13 62
9 16
2 24
5 12
29 45
19 31
20 48
13 70
24 11
15 94
9 67
17 26
19 19
11 89
21 3
19 38
17 46
16 1
11 54
11 65
8 53
30 100
30 35
8 64
10 4
28 19
1 32
1 35
9 29
29 61
22 25
21 21
11 11
26 79
17 8
23 87
23 67
23 43
19 86
13 14
16 10
25 62
9 74
20 35
30 93
7 76
26 63
15 71
8 75
18 69
30 84
25 40
4 75
25 30
10 16
30 33
8 8
27 24
24 48
4 78
26 35
20 78
9 91
2 72
0 64
23 71
4 61
23 28
29 46
12 84
18 75
6 46
29 55
3 70
15 100
19 83
4 77
18 54
18 51
4 6
22 58
15 95
6 61
6 6
9 59
0 95
16 89
26 71
20 33
6 74
4 85
17 54
0 23
21 27
25 33
16 41
11 97
5 91
7 70
2 49
15 65
6 89
26 49
7 77
27 62
10 76
12 57
12 20
26 1
4 94
6 10
24 44
5 100
8 68
12 25
3 38
19 26
13 99
7 85
29 24
20 15
11 43
18 44
23 15
4 56
25 87
29 74
2 25
10 94
30 36
17 34
27 10
5 60
12 38
1 50
30 7
18 100
2 68
13 58
19 96
1 39
27 49
25 100
25 96
1 39
21 90
8 26
1 41
15 70
19 85
12 95
20 12
18 15
22 52
7 11
13 38
5 36
26 13
5 29
0 16
10 62
21 23
10 85
11 31
0 24
10 85
29 8
24 60
18 64
21 45
9 47
7 43
26 86
9 77
16 50
11 29
24 30
15 45
6 92
28 100
3 81
6 89
23 56
23 91
30 3
19 41
2 20
3 66
24 82
28 85
23 54
3 56
14 34
16 52
15 85
27 13
22 22
25 84
22 48
15 87
2 68
28 20
23 92
1 37
26 60
30 85
20 23
13 27
11 70
2 87
10 99
0 50
9 53
29 77
19 94
12 45
14 42
26 46
25 65
6 45
28 66
20 8
3 21
12 1
20 23
8 73
2 66
12 14
15 30
14 49
6 26
23 49
2 11
16 68
12 58
22 63
15 3
19 16
15 10
26 9
17 81
12 81
30 38
26 6
20 44
9 72
28 16
13 40
25 52
18 76
10 64
26 72
14 100
22 7
6 35
28 26
8 30
10 35
20 3
7 20
3 78
30 11
6 3
0 57
20 61
13 24
3 63
6 1
7 53
28 25
15 74
15 7
18 69
18 60
6 51
20 9
18 62
25 70
18 69
6 97
17 20
2 32
4 24
11 85
25 46
22 64
16 41
9 58
6 16
15 65
9 23
13 77
1 15
17 34
18 89
2 60
28 31
30 6
14 14
5 59
7 94
13 83
17 37
10 28
15 92
15 24
8 30
5 9
0 74
4 49
24 52
10 59
17 47
19 83
0 66
23 78
12 100
24 15
18 2
28 27
13 69
0 56
18 58
2 26
2 37
18 32
24 11
29 76
21 50
27 78
8 34
24 19
28 10
8 78
28 56
25 72
28 82
19 93
21 51
1 55
24 51
26 75
4 14
17 23
2 96
30 29
16 87
9 95
25 55
2 6
18 24
28 21
14 90
21 94
6 47
28 50
29 13
15 23
19 56
30 61
5 47
3 67
7 3
29 97
30 47
14 82
20 66
23 70
30 16
27 21
17 14
24 38
21 2
9 95
26 24
26 97
26 34
11 80
29 9
6 40
17 27
24 100
13 74
8 45
7 88
18 22
27 47
25 84
10 70
4 42
25 97
10 55
23 62
11 4
7 6
18 37
30 41
6 70
0 19
12 46
21 94
27 47
13 84
8 63
21 41
1 96
12 86
27 34
5 96
26 92
18 22
21 2
30 84
11 58
17 36
23 76
23 53
23 79
28 23
9 77
25 44
10 59
0 80
28 26
13 37
2 13
21 3
19 5
8 35
28 15
19 78
13 16
28 6
17 89
8 1
15 12
27 8
21 88
24 68
25 13
24 45
12 79
22 38
20 68
13 84
25 45
26 32
26 63
20 55
30 38
21 29
8 84
1 26
15 98
4 84
12 76
22 27
25 56
20 85
4 88
1 95
11 55
16 96
6 31
28 96
18 90
29 91
3 76
9 69
9 92
21 91
3 57
5 26
26 28
28 23
24 91
4 37
10 70
10 85
9 43
5 65
0 80
15 31
8 54
26 66
24 1
4 42
5 80
3 82
20 26
10 60
22 50
22 15
23 27
5 5
3 41
7 36
15 42
4 30
7 34
10 41
27 28
22 96
22 88
12 34
21 95
2 29
26 93
16 3
10 36
11 24
15 46
11 41
21 58
11 33
28 88
12 26
24 21
11 81
21 45
2 22
9 26
11 44
14 20
17 100
1 21
7 90
0 28
2 90
0 37
19 13
1 68
29 8
20 45
15 28
9 83
20 74
16 20
4 12
23 60
29 59
27 71
7 80
13 62
18 72
1 92
20 50
19 81
6 85
14 19
27 24
1 34
12 49
15 24
28 57
29 68
0 60
3 71
22 59
21 20
22 12
18 25
7 38
23 20
22 8
15 61
22 28
16 71
9 63
0 67
16 46
10 7
25 57
2 12
13 22
27 30
3 24
6 98
11 59
6 44
22 13
26 82
25 38
23 95
18 49
6 94
20 89
0 45
8 4
17 11
18 44
28 29
10 39
8 86
0 98
25 32
8 14
6 76
8 31
11 94
2 21
25 5
12 37
25 29
9 27
24 24
30 38
7 6
7 22
10 15
4 3
6 65
29 81
10 77
25 21
5 67
8 91
4 39
3 62
22 60
10 33
28 61
24 54
0 3
6 28
1 9
5 86
25 15
3 26
4 60
30 31
4 68
23 41
4 64
30 78
18 4
25 55
19 65
11 35
15 26
27 97
17 34
28 61
30 2
16 10
22 85
15 92
0 55
13 9
11 41
10 71
21 65
1 42
11 85
21 6
7 40
18 9
10 20
19 55
12 31
4 36
26 12
5 61
30 86
23 77
11 49
2 18
19 9
15 79
22 35
24 24
16 48
0 67
0 63
27 52
4 31
12 15
28 51
26 3
28 27
27 81
17 38
26 95
17 36
13 38
10 67
13 69
11 52
3 83
24 66
16 95
25 89
20 20
5 13
25 11
23 38
29 30
18 8
4 39
3 98
8 27
10 63
27 74
9 66
11 85
2 62
25 51
12 24
30 51
17 28
4 76
10 92
23 15
4 18
18 79
9 80
26 85
18 41
7 11
4 24
2 95
19 25
27 70
26 99
23 77
18 29
7 50
2 3
5 21
29 86
14 70
23 9
28 82
27 38
0 32
8 82
9 81
5 53
10 33
24 77
23 97
28 51
28 96
14 79
13 71
29 7
10 81
7 72
28 29
16 33
9 70
16 39
25 86
19 22
21 47
28 76
9 1
16 55
9 5
14 10
9 75
25 35
5 53
0 48
18 89
12 28
8 56
27 55
26 25
20 14
12 25
14 11
24 5
19 52
2 37
25 87
18 54
23 10
6 50
9 72
20 57
26 25
9 40
2 41
29 36
24 30
9 20
27 49
7 89
18 37
29 84
1 51
24 82
12 59
1 5
21 28
25 88
9 19
11 28
7 44
11 39
19 22
20 29
18 42
27 2
27 56
22 11
21 55
5 100
16 67
15 33
29 35
23 85
13 82
30 81
6 92
22 51
17 71
17 15
27 86
3 37
4 37
3 26
26 15
10 69
20 54
18 6
8 78
16 30
24 34
5 18
11 92
4 16
21 95
30 9
16 35
11 4
20 56
3 69
10 79
11 15
25 17
16 73
21 15
18 44
26 85
22 46
2 4
19 14
29 62
14 73
4 65
17 5
10 10
29 68
11 3
11 27
25 22
1 77
25 15
28 13
16 19
25 48
20 80
16 36
20 96
5 92
10 24
21 73
25 37
10 54
21 7
18 56
23 11
16 77
25 41
24 69
19 20
23 26
23 53
27 38
17 86
20 84
12 11
15 40
9 38
23 24
24 7
27 87
22 39
17 69
3 73
26 72
20 11
9 44
19 41
10 89
25 16
23 94
7 85
9 13
16 66
30 70
20 61
23 34
0 90
15 47
5 82
8 29
20 59
30 32
21 37
29 85
19 34
20 70
15 50
9 70
5 74
6 35
1 14
27 10
1 60
2 31
10 68
29 28
2 84
8 58
22 63
10 42
17 30
24 69
15 95
10 31
9 19
13 84
15 80
20 90
2 56
16 76
3 49
11 71
10 14
0 48
13 28
20 31
2 61
7 45
3 86
12 18
22 74
4 20
18 37
19 72
8 43
0 16
27 19
17 90
18 16
7 77
11 95
4 82
9 99
9 92
6 49
1 59
23 50
17 36
14 77
7 41
19 93
16 73
20 30
27 58
5 95
7 61
10 58
29 76
27 68
9 23
10 84
25 56
6 89
0 86
0 55
23 5
17 17
3 85
14 26
18 12
2 39
9 89
9 62
18 65
15 97
26 25
3 49
17 63
4 5
1 23
11 60
11 29
3 22
18 34
29 46
14 8
16 25
26 10
6 40
15 22
19 78
8 39
14 29
13 10
6 11
22 56
6 14
0 67
24 80
18 8
2 51
29 91
21 12
12 57
18 74
20 12
26 50
5 32
17 66
22 45
6 49
5 89
17 62
11 10
1 40
26 25
17 33
30 3
24 79
27 50
6 47
29 65
29 3
26 10
22 42
18 48
9 47
6 32
17 87
26 12
17 86
11 76
12 66
12 41
17 86
21 10
1 33
7 73
7 35
22 88
10 100
11 17
9 85
23 89
27 91
20 90
7 97
22 24
29 100
10 63
29 68
29 1
19 77
24 10
0 48
2 55
8 90
20 83
3 59
6 35
0 89
3 23
15 73
30 8
12 59
15 10
23 14
1 96
29 80
5 38
16 30
17 21
11 83
13 11
0 24
7 63
27 33
15 61
19 77
0 91
3 90
23 3
5 29
22 36
26 38
16 76
1 38
27 37
10 82
13 95
18 98
0 92
24 23
10 57
30 87
8 80
19 6
20 91
14 28
6 7
6 97
7 21
29 93
13 16
19 49
23 11
9 98
5 9
17 12
20 80
30 73
20 85
17 93
30 78
28 3
4 95
14 7
14 69
17 100
20 42
21 70
5 35
15 67
28 17
9 68
2 50
24 63
11 94
16 38
0 87
24 35
9 88
0 85
10 54
5 82
28 100
27 88
20 46
24 62
11 84
2 59
26 60
10 83
8 11
25 4
22 21
7 90
3 35
7 37
10 78
29 40
22 45
1 9
15 82
9 89
26 84
25 21
17 7
25 81
23 73
13 37
12 53
3 18
11 53
28 31
7 96
28 95
18 35
9 68
24 12
25 3
25 83
0 40
25 98
22 3
11 89
30 81
19 27
2 37
12 34
1 29
15 81
23 1
3 99
21 54
2 98
14 54
14 9
11 31
0 1
7 55
14 56
14 91
21 30
17 60
2 35
9 75
12 83
20 65
29 52
7 25
7 43
23 55
16 44
15 92
24 29
28 34
14 79
0 36
10 48
26 49
4 31
17 53
20 4
1 82
27 56
22 41
16 15
8 37
23 96
29 35
14 4
28 3
22 14
6 35
1 30
14 66
0 39
22 70
18 98
27 76
26 19
11 28
3 99
23 82
10 61
9 8
19 40
21 22
20 62
27 89
26 73
17 75
27 85
22 78
4 85
22 35
18 43
8 46
19 42
11 6
10 78
10 4
21 92
26 9
11 33
14 4
4 79
29 3
24 44
8 96
2 32
6 16
23 47
21 89
17 82
4 17
30 85
10 37
24 75
26 46
29 56
11 7
1 49
7 52
10 15
17 10
4 97
25 42
18 37
3 26
14 19
16 99
4 87
6 60
8 83
9 69
6 19
27 89
21 65
0 18
21 10
20 19
28 78
7 19
18 18
22 71
25 89
0 45
3 79
15 23
15 92
24 92
7 17
0 30
4 59
18 21
17 82
22 43
8 27
24 5
11 2
13 11
8 16
10 98
20 58
3 80
1 92
18 38
23 25
30 2
16 87
21 23
17 11
19 69
22 22
28 66
15 72
27 23
12 64
19 51
26 52
29 92
18 8
11 93
7 68
12 72
2 91
4 53
18 77
30 12
14 83
12 30
22 86
20 39
14 50
13 91
7 93
18 52
19 2
30 73
18 29
6 95
11 20
14 23
9 28
15 81
19 77
12 28
15 59
19 86
22 60
18 56
5 88
5 21
10 90
12 62
8 30
3 69
20 100
7 94
15 88
27 78
0 48
25 55
9 52
7 24
14 4
26 30
9 17
30 92
6 34
3 68
19 37
26 77
25 99
18 99
9 96
8 71
18 54
23 77
21 37
8 47
25 5
12 47
6 74
10 37
28 54
17 51
26 80
30 44
0 42
12 61
9 70
11 85
26 92
28 93
3 97
4 61
11 97
4 38
22 1
18 85
0 28
27 39
9 76
12 85
19 50
24 6
23 28
23 55
30 74
23 25
24 83
15 69
30 63
8 61
26 58
22 13
10 12
9 82
30 35
2 22
29 88
17 49
28 49
14 83
14 27
18 70
10 87
5 8
18 77
22 1
28 79
24 51
24 39
28 91
11 12
28 91
17 85
2 1
20 70
14 41
1 30
27 30
18 22
27 4
15 85
22 15
3 36
2 59
2 92
10 10
11 31
27 15
9 75
14 23
17 90
0 7
7 41
16 42
25 61
25 43
29 30
27 67
16 42
20 71
27 92
24 25
27 11
0 79
6 77
18 32
8 72
23 75
1 24
26 13
12 56
24 37
14 60
9 91
3 99
9 88
10 19
17 65
30 43
1 37
19 43
8 21
26 15
22 38
24 37
1 31
21 16
17 33
12 6
11 51
30 10
23 55
5 91
14 27
4 100
30 50
2 49
25 59
19 92
25 45
21 30
10 66
12 94
12 61
21 69
0 65
24 90
5 3
23 52
5 80
2 60
8 14
18 6
18 43
14 20
20 40
20 6
14 84
21 39
28 37
7 10
18 48
21 73
7 57
4 43
9 38
21 89
10 19
9 52
18 12
30 23
27 59
22 32
12 11
20 32
14 44
18 81
24 32
21 97
1 51
5 72
0 86
7 43
25 28
26 27
6 38
2 1
3 33
15 82
5 77
3 57
10 91
29 50
27 74
14 70
8 88
23 75
18 21
10 7
11 62
17 34
26 76
1 64
9 35
3 68
30 69
23 55
9 51
22 45
23 2
10 49
4 10
21 5
16 55
5 14
1 42
2 81
11 83
0 74
29 96
17 42
10 6
28 39
5 30
24 79
14 84
6 7
0 43
5 62
3 18
11 76
19 28
12 58
21 17
11 27
18 6
16 11
19 100
8 42
8 47
8 43
14 47
28 93
5 23
14 21
12 53
14 84
17 89
1 23
28 27
1 48
6 17
17 20
3 59
7 50
18 40
20 97
1 16
21 35
27 31
10 85
29 34
10 59
25 81
18 71
2 10
26 10
24 15
29 100
30 49
9 66
13 90
11 32
4 34
26 91
24 88
30 11
16 79
21 81
17 81
15 21
7 8
28 30
13 37
5 32
16 74
14 92
18 21
23 51
1 31
23 18
12 90
12 78
25 10
5 97
5 8
8 65
17 19
16 66
2 31
8 21
10 100
12 19
3 86
7 24
4 1
11 68
20 1
20 55
17 24
24 37
9 41
21 100
10 100
3 41
21 56
23 36
7 68
23 14
7 83
6 83
0 97
20 67
28 73
21 78
18 81
3 61
26 99
4 61
30 7
30 83
11 50
23 39
4 16
7 5
12 21
11 54
27 4
10 43
27 81
0 53
18 40
13 84
10 79
18 3
20 50
12 48
12 71
23 2
27 17
2 82
23 41
14 48
28 57
23 99
9 62
10 9
29 77
3 18
12 68
16 81
23 60
15 99
1 13
0 8
17 12
30 97
0 39
1 27
27 63
29 8
11 41
1 61
15 7
25 4
11 68
10 46
30 100
18 14
11 81
30 42
19 10
23 56
21 49
24 7
27 32
3 20
10 13
26 94
28 9
17 50
4 32
3 23
23 63
3 10
8 54
4 35
8 90
26 38
29 56
11 22
21 23
21 74
19 20
9 43
9 75
20 50
7 99
30 21
15 11
0 96
23 35
20 28
23 91
27 37
7 55
5 68
0 56
19 86
29 71
28 88
14 52
17 65
2 31
17 52
30 2
16 98
17 29
3 22
2 63
0 46
7 83
18 11
29 41
12 71
24 40
26 100
17 73
3 16
10 40
1 83
20 35
2 63
13 28
12 99
3 14
24 32
23 53
21 22
26 66
13 98
19 6
30 1
11 74
3 14
2 58
22 29
3 80
30 97
2 20
11 62
29 100
21 80
25 90
14 33
3 62
23 57
3 84
3 54
23 73
24 4
22 17
8 59
12 14
30 49
22 33
4 1
21 47
18 62
2 48
23 43
24 6
13 20
8 100
29 62
14 18
30 38
14 8
7 18
4 15
10 52
10 39
19 70
18 39
19 83
25 28
24 99
15 94
10 86
25 98
1 87
4 100
30 63
0 79
13 73
18 24
28 97
7 34
22 19
23 42
6 23
6 8
7 64
9 5
24 94
15 1
14 56
30 67
15 29
24 27
1 93
16 22
11 79
29 22
9 15
1 37
24 12
19 20
23 87
11 56
26 72
1 11
23 11
27 5
12 30
25 40
26 19
19 23
18 79
20 66
7 67
22 73
29 78
11 59
16 2
22 26
26 71
11 36
7 73
5 63
1 49
29 70
27 80
16 2
8 95
3 96
27 36
15 1
20 11
6 35
12 10
22 9
12 28
1 6
27 50
30 82
17 84
13 95
17 29
1 37
30 51
15 98
30 82
12 13
0 50
18 40
1 93
30 34
26 56
7 55
0 60
11 33
2 70
2 84
30 62
29 32
26 92
20 14
13 12
30 27
23 45
13 38
3 13
6 13
23 43
2 92
9 50
23 24
4 62
8 28
5 10
18 83
28 18
21 97
19 20
12 58
9 54
23 65
17 21
5 63
22 37
22 30
0 59
4 96
18 39
9 13
10 28
0 76
9 16
22 1
0 99
27 76
7 80
14 18
12 26
23 18
11 70
17 30
1 82
28 74
6 78
12 58
1 74
4 21
6 86
3 5
20 38
2 88
1 64
2 73
16 85
17 57
25 10
20 67
14 38
23 27
6 5
10 84
9 1
11 30
8 1
26 38
8 64
29 5
14 72
4 52
13 48
8 48
11 35
11 24
0 28
4 39
18 69
27 50
8 83
17 7
5 86
9 80
5 97
23 53
3 16
8 20
11 1
24 7
18 75
26 17
3 56
5 91
18 12
29 88
28 48
3 21
24 49
11 34
9 30
10 19
28 84
14 23
25 74
3 85
7 97
0 11
24 21
15 38
3 74
5 80
22 78
18 61
11 85
9 11
3 76
1 98
8 10
30 39
1 47
6 96
27 89
10 15
30 5
21 15
28 43
21 37
24 9
9 70
7 77
8 67
7 85
10 72
13 34
2 3
2 57
0 83
1 2
14 46
18 53
22 15
7 5
27 63
25 62
12 86
6 24
12 60
27 96
23 74
5 87
0 19
7 30
1 26
26 93
25 26
27 47
22 66
13 27
8 42
15 88
2 87
21 93
5 12
28 43
21 50
24 91
13 25
12 56
4 27
24 3
5 82
17 84
8 17
20 21
0 22
1 41
4 57
1 46
22 92
12 12
13 1
9 85
6 1
29 63
26 90
22 62
11 65
16 19
19 11
5 71
15 6
5 82
5 18
5 11
2 65
12 50
4 61
27 62
5 95
13 49
19 66
6 38
30 7
9 51
0 91
3 51
24 5
15 84
2 73
8 45
15 63
1 1
26 44
15 65
13 97
5 59
6 41
16 85
21 90
21 12
23 94
2 1
30 83
8 100
28 36
18 20
5 29
12 18
20 93
19 66
21 63
2 3
7 21
17 29
28 20
5 46
25 54
15 38
27 5
1 7
7 78
26 63
11 24
20 43
12 94
17 42
2 14
27 6
23 9
22 2
0 9
10 17
1 18
17 42
19 45
21 67
9 69
16 28
30 15
30 42
22 4
23 10
2 21
13 15
22 93
27 5
21 29
12 56
20 31
14 73
8 87
26 96
9 75
17 74
11 27
7 24
10 35
24 9
2 12
26 24
0 82
20 72
0 6
11 53
18 4
14 45
19 10
24 33
26 34
6 6
12 2
9 51
20 80
4 4
14 26
24 62
27 58
6 48
21 1
1 51
4 97
11 72
30 9
12 24
3 16
26 91
16 31
14 47
25 53
3 1
30 28
22 68
10 44
5 58
26 51
11 82
29 27
14 92
14 48
0 27
25 57
17 69
16 11
2 27
17 52
20 85
8 87
14 90
17 26
23 50
17 42
29 72
25 43
17 95
4 16
22 29
13 55
10 87
1 88
0 1
0 62
8 37
14 18
3 98
29 60
4 15
16 15
8 99
18 63
16 77
30 61
25 3
5 7
28 83
3 1
12 88
21 85
11 84
16 76
8 7
21 59
14 57
8 17
6 53
28 18
29 49
2 66
17 41
18 19
4 67
22 47
26 31
7 96
26 73
7 82
9 23
8 69
26 88
12 27
7 9
30 91
16 42
26 48
9 19
28 50
17 75
6 61
8 60
7 17
27 66
3 34
6 17
13 48
5 32
14 44
2 36
28 70
7 21
20 45
4 91
12 29
11 73
18 7
27 57
16 35
13 22
26 77
17 55
15 57
4 78
9 45
27 8
2 93
18 56
13 16
29 37
14 20
24 34
30 13
18 42
9 33
19 35
8 90
3 23
9 17
9 10
4 99
2 2
9 48
29 63
10 2
0 73
5 80
24 10
8 43
16 71
11 41
15 3
4 58
1 92
15 69
11 40
12 17
4 62
19 82
1 6
13 84
2 95
16 63
10 18
29 13
12 49
6 12
13 42
30 59
27 98
9 90
28 7
27 18
13 5
29 80
3 10
28 29
19 69
26 86
15 51
12 22
28 27
29 97
12 70
21 21
17 3
28 98
25 73
8 31
15 100
25 41
25 35
12 19
17 5
5 11
18 64
19 46
10 6
11 23
2 96
22 6
22 65
21 79
0 30
19 75
21 34
13 40
20 75
0 66
4 73
14 19
1 88
20 95
30 45
14 43
29 28
9 24
28 13
5 60
27 17
5 15
18 68
18 1
16 83
7 54
30 9
0 47
18 27
11 60
18 35
25 50
2 15
22 67
20 60
30 19
27 88
29 51
23 82
23 77
