100
29 23
7 74
8 34
21 67
4 56
17 43
28 20
21 67
15 89
9 66
30 49
20 80
14 32
28 81
12 8
0 49
4 38
15 45
7 28
25 100
26 97
9 72
30 40
17 22
27 1
30 75
5 89
7 74
17 44
24 81
26 8
28 33
20 62
5 23
23 78
4 93
18 7
13 23
24 68
1 22
6 42
11 58
4 83
15 82
29 65
12 67
4 83
16 80
24 8
26 49
20 39
30 65
9 26
15 73
16 47
17 48
27 37
16 78
22 44
11 19
14 74
22 67
14 16
26 63
14 69
10 96
16 21
30 92
20 29
1 4
27 3
8 7
7 34
20 34
28 5
1 31
11 10
6 48
7 34
23 54
11 31
5 13
12 38
17 95
2 12
3 77
12 21
2 30
18 19
18 38
13 95
10 24
1 55
22 51
13 86
16 32
27 6
2 25
19 92
15 76
6 73
13 80
0 35
18 99
18 13
22 2
15 98
6 24
9 99
27 83
28 50
22 71
28 81
18 37
11 16
18 15
29 58
25 25
7 26
7 50
3 35
6 29
22 41
9 3
12 79
18 14
21 69
23 35
20 53
14 56
29 4
9 40
9 26
13 54
30 91
29 19
0 63
22 14
27 74
0 34
29 73
22 49
27 67
14 48
5 61
13 9
25 10
19 8
14 66
0 92
17 12
10 51
30 23
0 90
19 95
10 11
26 36
8 32
24 60
26 21
15 61
22 94
19 56
27 9
28 56
0 52
21 89
25 22
25 81
2 28
7 28
3 4
10 24
12 57
27 91
1 96
15 50
11 68
3 2
17 32
11 37
2 9
8 66
25 50
30 53
29 69
8 69
1 65
5 64
0 5
30 3
18 57
16 76
13 86
20 20
21 12
30 59
28 86
5 77
22 60
3 15
12 95
29 37
14 45
6 44
30 58
4 9
18 84
28 98
11 37
19 29
8 51
15 44
17 74
11 68
21 6
11 5
7 70
9 11
28 80
22 47
23 50
12 67
24 16
20 55
16 22
15 21
15 84
23 82
8 63
24 29
12 77
2 57
25 16
14 38
16 31
15 51
11 17
18 77
29 33
25 66
23 80
14 35
11 73
22 83
2 85
29 48
28 14
10 89
7 51
18 19
12 78
19 7
18 71
10 84
9 74
26 63
25 100
29 71
4 7
27 87
13 16
21 54
0 43
27 63
5 20
19 79
24 13
29 11
13 71
7 48
6 89
22 91
10 15
15 89
19 46
12 40
6 39
16 25
10 47
30 87
14 12
16 55
7 31
29 100
2 83
5 25
2 12
19 48
10 42
2 8
29 15
1 8
15 90
30 64
4 30
2 65
6 46
13 49
13 66
10 79
3 20
28 77
12 12
22 41
16 17
14 79
25 67
28 54
29 81
22 19
20 74
18 63
5 91
29 70
3 100
19 18
6 62
11 97
30 39
16 34
6 45
23 33
11 91
22 94
16 34
9 92
0 29
20 62
0 27
19 60
12 96
6 71
5 17
0 8
8 31
21 82
24 97
22 85
30 84
10 11
5 87
25 84
25 65
19 19
13 14
23 93
6 100
7 6
25 13
23 88
30 67
9 48
21 14
11 42
22 22
30 88
17 73
28 47
3 78
5 8
20 40
3 69
22 67
20 45
16 11
2 65
29 24
29 32
20 80
20 9
14 4
16 83
22 77
15 50
29 32
26 41
5 100
23 15
17 35
25 4
10 70
17 6
30 25
11 85
24 99
18 6
5 22
20 87
10 83
10 51
24 58
23 34
6 63
22 18
25 6
25 68
6 32
22 36
9 38
30 100
15 66
8 87
10 1
3 67
13 65
28 84
3 49
12 49
22 63
15 5
29 41
6 77
5 46
12 82
26 17
29 99
17 84
0 46
18 48
16 59
5 87
17 72
27 29
2 66
8 95
6 86
16 41
2 5
17 74
12 56
25 49
17 31
25 53
17 81
3 75
15 65
2 35
28 46
13 2
23 68
13 37
24 8
21 78
19 7
13 73
1 53
3 67
22 29
16 54
7 94
4 60
27 75
22 95
19 94
19 66
19 94
16 9
22 62
4 19
1 24
6 71
1 79
27 4
21 26
12 70
26 20
0 65
1 48
21 36
22 93
20 2
18 15
1 3
8 42
17 38
7 29
13 38
18 90
25 59
18 43
2 66
21 42
30 55
1 19
19 9
30 12
11 77
19 97
25 20
11 10
22 73
26 49
27 26
4 87
29 88
21 85
4 28
13 26
2 6
3 4
13 80
16 89
11 21
25 17
0 37
9 45
13 41
29 26
19 3
1 29
21 53
24 37
0 19
12 46
7 10
16 35
19 20
10 32
21 94
23 99
20 83
19 64
17 18
15 12
11 39
5 9
16 35
28 84
24 52
24 92
7 46
6 81
12 84
7 99
6 76
26 64
28 64
0 43
18 33
25 95
24 7
20 49
25 56
16 88
19 52
17 12
23 70
27 25
3 46
12 97
23 47
28 55
22 91
23 50
5 100
8 95
11 47
15 14
16 64
4 81
1 44
29 54
2 67
8 17
20 32
4 93
29 75
1 54
19 86
29 9
17 18
3 28
12 67
21 87
12 98
13 13
30 30
11 69
4 46
11 89
8 8
5 13
30 53
16 38
15 69
17 65
30 72
26 71
7 8
5 15
30 14
29 62
25 2
16 83
8 78
24 33
20 44
15 96
20 67
30 23
19 58
21 33
4 84
13 90
23 64
29 49
16 92
13 24
27 54
23 27
9 19
14 12
14 68
19 13
7 64
5 48
22 19
7 72
27 16
29 86
23 26
12 55
26 67
18 99
2 50
4 92
13 73
19 71
8 32
23 38
22 73
25 78
23 42
11 64
23 50
17 82
8 60
12 96
27 50
21 91
19 28
27 55
8 99
6 48
8 41
17 57
25 36
26 97
2 20
5 72
0 96
18 89
23 96
29 60
25 89
12 14
25 59
12 67
15 59
1 5
9 7
12 66
12 43
26 75
6 66
27 77
11 63
0 7
24 48
24 87
28 10
12 37
30 88
22 73
13 58
9 38
7 81
28 92
0 62
21 100
23 6
29 15
22 80
29 28
19 29
13 92
17 77
12 74
6 14
19 19
6 63
5 85
10 38
0 66
25 21
7 51
2 53
6 65
15 68
3 96
26 95
11 60
1 86
11 31
25 19
8 55
2 99
26 92
27 97
8 78
16 8
30 5
3 88
29 78
4 30
11 3
24 38
12 34
2 42
8 8
11 1
25 35
24 9
30 3
22 12
11 31
30 35
28 23
16 95
1 45
11 57
4 61
21 55
25 78
28 62
9 89
5 98
6 49
7 12
22 70
2 58
4 95
24 40
30 45
26 16
15 1
14 82
24 2
5 17
18 27
24 55
4 80
1 49
17 27
0 41
5 4
6 100
23 97
4 37
21 56
13 95
25 96
7 13
4 48
6 25
13 76
11 8
6 71
20 25
16 60
13 98
25 44
30 10
3 32
8 55
28 70
24 16
8 32
23 22
20 56
5 2
4 30
1 92
4 50
28 30
9 94
0 23
26 60
10 10
12 87
12 93
26 28
3 74
16 83
19 91
30 9
12 25
21 29
25 93
10 89
6 37
29 87
28 35
24 96
4 23
25 67
9 5
4 100
13 85
25 15
17 1
12 33
17 66
1 3
9 38
28 41
10 55
14 31
12 60
29 91
11 50
17 61
23 2
14 92
12 53
13 2
0 42
5 34
23 48
29 64
6 17
9 76
15 48
16 37
4 2
27 42
15 89
16 81
28 26
2 9
4 16
24 63
14 83
13 41
18 58
10 38
2 51
10 12
29 1
27 51
29 32
6 56
17 39
0 34
22 60
25 80
20 18
22 60
12 96
12 87
21 92
23 95
13 16
2 100
26 19
27 82
4 28
8 9
23 17
4 54
3 39
1 70
23 18
17 30
0 43
5 89
14 3
3 48
19 8
5 4
1 37
5 48
27 16
26 16
19 12
7 76
16 66
10 50
8 66
5 2
26 39
29 94
23 21
3 35
16 15
6 47
7 20
15 70
26 2
7 83
14 71
2 65
4 92
15 92
23 74
8 70
28 67
1 79
13 92
8 51
2 59
0 19
19 42
3 27
25 63
15 89
19 66
7 33
0 16
3 41
29 24
23 23
9 10
24 30
0 30
18 3
14 97
16 21
30 25
26 86
18 38
7 53
20 76
19 37
29 95
20 68
20 21
12 42
1 79
16 26
8 54
30 85
11 74
12 9
23 40
28 87
25 76
10 14
7 10
12 41
21 47
21 46
1 1
23 9
1 60
27 74
6 41
26 89
17 82
30 86
16 21
13 38
8 38
18 82
22 17
5 6
23 76
0 42
6 29
28 96
19 62
22 7
21 6
28 3
3 36
17 92
13 52
17 38
20 69
20 66
17 25
20 8
5 87
14 25
4 76
1 78
12 16
1 25
24 10
20 79
16 58
1 54
17 34
27 54
6 82
10 79
13 1
6 42
30 10
7 44
15 69
3 70
16 94
10 23
24 73
21 94
19 9
3 51
29 34
2 37
8 27
0 44
9 32
14 2
30 22
22 1
2 73
5 82
26 70
7 93
7 51
23 21
6 63
28 44
25 82
6 66
6 98
9 70
20 2
1 96
24 42
10 49
8 4
3 54
18 9
23 10
20 85
1 60
23 17
25 1
5 24
24 97
0 53
1 52
16 37
6 20
21 54
26 46
29 91
20 10
0 77
9 54
0 20
11 82
11 28
3 53
22 79
30 96
18 5
9 41
19 95
2 15
10 38
27 69
7 52
13 11
15 31
12 35
16 97
4 27
10 62
9 34
7 65
4 1
5 100
21 12
8 79
28 98
16 77
17 52
0 73
10 4
27 37
4 36
6 84
20 7
4 39
5 38
11 65
4 84
11 25
1 16
10 42
25 99
20 4
0 1
28 59
9 20
10 84
10 39
28 37
30 72
0 51
22 74
6 34
5 42
1 54
30 75
20 64
1 83
7 15
18 38
3 67
6 41
7 31
18 29
23 64
24 62
23 53
26 25
27 8
2 84
17 5
13 92
23 86
26 69
9 41
6 25
23 30
2 38
11 59
10 48
9 98
11 43
3 51
28 54
7 86
2 82
2 81
23 71
11 70
1 10
6 41
4 11
8 60
22 89
20 51
3 58
13 56
28 51
29 37
19 90
4 93
11 1
13 20
27 96
1 82
8 2
12 34
17 82
11 87
3 15
15 30
12 60
5 28
26 44
11 84
28 50
24 59
10 98
7 31
4 52
21 39
1 52
20 59
4 18
22 47
26 56
30 26
14 52
17 96
28 38
2 66
5 70
29 85
24 56
16 7
16 89
1 2
14 75
9 61
4 61
20 57
16 30
20 5
19 89
15 51
0 68
2 51
29 84
17 24
17 62
28 97
27 28
26 28
11 74
12 99
27 10
15 50
30 74
14 63
22 26
10 49
27 72
8 79
30 75
27 34
10 84
15 70
16 2
17 98
6 51
14 3
28 82
16 100
24 40
26 35
30 1
3 99
27 75
26 44
10 37
7 13
7 66
11 39
1 31
11 76
4 59
29 4
19 73
26 100
9 81
19 39
25 26
2 18
18 93
30 72
25 82
24 39
2 8
7 74
29 28
26 30
24 62
7 85
29 40
21 59
11 13
9 80
29 26
7 56
12 28
27 43
15 42
16 99
19 27
27 74
2 32
6 61
26 62
21 12
4 86
3 100
28 77
6 25
26 20
24 97
3 40
11 66
24 74
26 77
8 73
9 44
14 65
9 26
22 59
12 28
2 72
12 72
26 30
30 55
21 61
12 23
20 62
25 30
3 79
30 94
7 8
12 48
25 20
1 97
22 15
15 91
19 41
9 57
9 88
3 39
30 69
27 19
27 77
7 38
16 1
0 2
8 27
12 9
18 19
9 55
3 68
12 59
4 57
11 13
7 23
14 73
8 59
23 43
6 11
29 90
4 49
21 91
25 28
5 24
24 88
27 8
30 16
9 64
21 74
29 69
21 10
28 86
18 60
25 1
8 97
25 7
16 19
0 99
12 1
17 35
27 13
11 95
0 24
13 32
25 70
27 95
24 61
19 51
13 51
6 97
7 80
29 44
30 37
23 43
0 24
20 26
4 77
0 86
17 72
27 80
1 41
29 34
0 76
6 6
14 41
7 14
18 80
5 77
3 85
30 46
27 96
2 32
18 4
2 27
29 53
16 69
24 35
22 61
10 44
13 3
8 18
10 17
15 99
9 96
24 89
17 95
17 22
24 4
26 55
2 74
22 57
16 50
12 94
23 73
27 90
2 91
28 98
16 52
6 57
20 17
22 55
15 98
24 48
24 84
18 36
3 96
8 77
17 26
0 37
8 57
25 31
29 32
18 26
12 20
23 92
9 23
1 4
16 5
9 82
13 90
5 83
26 88
25 51
14 1
27 96
4 10
11 47
16 54
19 84
23 89
18 76
21 41
26 97
10 44
10 96
20 71
11 72
21 74
6 91
9 11
14 12
13 33
22 82
6 80
10 37
17 22
15 66
25 3
27 7
27 20
4 76
28 73
14 97
1 67
17 69
7 52
16 76
12 81
25 40
23 57
30 18
2 68
23 32
12 7
29 50
23 13
4 4
1 80
1 82
12 18
22 97
25 9
1 42
22 22
1 38
5 82
19 21
30 46
20 51
22 74
10 39
9 99
25 73
6 28
9 92
25 31
28 67
21 88
8 56
4 53
26 84
14 80
7 51
28 11
8 24
20 6
3 93
26 95
27 66
24 64
17 8
23 98
27 1
28 14
13 26
5 87
3 79
0 96
24 42
29 17
5 59
25 77
7 55
15 52
3 3
13 16
12 69
23 9
3 6
9 77
9 84
7 93
27 37
25 26
2 79
3 33
18 67
6 37
9 92
13 39
28 93
16 32
20 27
21 21
22 51
24 37
20 31
22 61
6 56
10 10
14 90
28 21
20 81
17 31
12 28
14 33
27 59
1 67
20 13
16 22
16 58
20 31
16 6
0 77
11 95
16 30
10 97
25 76
14 4
28 64
29 41
18 82
7 22
2 9
7 5
9 1
29 31
21 5
28 11
2 12
22 48
16 99
28 83
0 6
27 99
19 31
5 93
16 92
7 94
12 1
1 64
9 27
25 28
5 51
1 50
13 66
16 70
20 53
28 22
15 69
21 38
25 89
6 40
8 25
15 25
16 22
14 96
11 36
18 99
30 82
21 2
26 46
16 46
11 26
17 36
3 5
16 88
27 100
16 75
9 31
7 95
1 42
18 97
11 60
16 27
0 45
27 81
3 3
6 32
17 20
8 14
1 55
11 94
17 37
17 7
9 46
26 66
7 98
21 54
13 56
18 32
28 93
28 69
22 35
2 20
12 95
7 83
23 85
25 15
25 57
4 98
28 44
26 60
6 42
28 74
1 1
29 20
0 23
7 6
25 52
10 86
24 89
30 95
2 3
29 95
20 29
29 10
10 23
25 74
29 5
26 7
4 36
12 54
7 1
20 3
25 46
1 98
3 96
6 9
16 87
13 37
7 74
24 93
3 77
16 58
11 85
12 78
24 17
26 41
0 89
6 67
28 73
20 48
13 56
20 59
26 78
5 86
16 21
10 80
0 24
14 75
15 47
29 100
14 53
28 88
7 22
22 30
28 49
16 92
1 82
11 50
17 7
24 61
10 36
1 6
23 93
8 24
18 88
23 59
19 30
4 81
28 56
3 96
20 66
7 23
12 48
9 96
14 57
9 59
6 68
9 81
19 88
28 80
19 94
23 60
11 55
26 54
17 2
9 76
10 40
24 16
2 19
17 6
20 32
27 82
9 92
13 37
29 58
16 77
8 84
18 85
6 3
3 28
18 15
1 81
28 14
15 68
14 5
16 59
30 60
8 82
30 96
7 88
14 22
23 23
3 11
0 59
4 88
22 26
10 5
12 29
7 73
30 57
23 29
5 58
16 49
28 77
4 8
17 87
23 29
5 75
8 93
14 22
6 78
27 56
23 60
0 82
11 38
8 61
30 58
14 23
13 23
26 62
10 64
10 63
21 72
6 54
19 60
11 14
29 44
25 66
3 18
4 99
9 63
13 24
16 67
9 3
25 64
4 48
2 83
22 11
14 42
12 96
26 15
19 75
8 39
7 17
24 21
2 84
26 34
19 73
25 92
29 98
2 51
20 10
1 34
11 63
16 87
30 24
16 86
24 3
9 3
17 90
18 67
9 100
2 63
1 48
23 87
9 18
4 97
16 18
11 4
1 22
27 4
1 61
20 98
18 92
21 96
20 9
19 43
19 26
6 70
12 6
26 31
10 42
19 91
13 69
15 44
24 52
20 77
4 43
26 35
9 2
23 74
17 17
14 75
25 25
7 50
10 95
8 39
30 69
22 60
9 52
28 40
18 95
15 49
21 80
30 71
14 57
9 85
16 51
20 82
29 50
4 14
1 2
14 23
8 95
11 76
13 77
3 96
2 88
9 75
26 81
17 33
24 10
21 44
30 68
6 81
2 10
21 24
11 14
30 50
12 68
20 59
1 37
18 18
10 76
8 15
6 97
13 25
3 13
15 76
13 57
24 8
24 88
0 10
3 35
11 94
23 13
5 42
4 79
6 49
6 23
2 38
21 100
20 50
12 71
6 26
29 52
4 61
6 79
23 6
28 59
28 89
14 14
12 37
25 32
29 11
8 49
25 90
21 41
15 79
26 70
25 32
19 75
6 13
18 22
12 33
19 64
16 60
2 52
9 27
9 62
7 22
27 72
5 82
6 47
7 60
4 47
6 34
14 67
9 78
7 66
21 74
15 89
3 58
6 29
28 79
23 65
0 73
28 78
30 16
7 7
4 85
9 56
30 65
5 56
11 54
16 14
6 47
12 91
29 7
21 32
3 86
19 82
3 22
25 20
25 58
14 98
7 32
26 51
18 74
15 76
4 22
8 61
19 43
13 76
22 68
16 40
11 64
26 4
27 56
30 20
10 50
14 40
7 66
4 2
7 55
19 19
1 79
25 86
5 98
3 15
27 87
18 46
4 70
21 6
10 9
11 30
25 83
3 3
3 47
21 66
12 90
25 18
20 68
14 34
16 81
7 11
26 27
30 49
21 100
28 61
3 5
25 65
17 99
6 22
18 58
5 25
29 81
4 87
4 56
19 25
29 39
22 41
7 67
29 40
27 34
23 98
10 6
5 83
12 18
28 97
17 11
18 21
16 36
18 97
4 71
6 69
12 32
8 63
9 90
12 61
20 82
29 57
12 13
30 14
19 8
9 21
19 11
16 89
15 86
17 33
13 18
5 32
0 67
14 74
16 16
4 67
11 16
16 80
15 76
12 43
11 81
22 24
4 14
2 94
24 94
26 97
17 82
4 75
0 39
20 85
13 50
11 86
8 51
1 75
18 3
5 84
4 30
24 85
26 5
1 78
11 25
14 97
5 75
20 87
15 34
3 51
13 45
9 67
4 89
21 90
15 11
13 75
15 84
4 32
15 1
23 10
27 59
15 42
18 32
5 30
18 67
20 28
5 60
22 48
3 97
1 76
7 70
0 54
30 66
10 36
19 4
13 64
7 63
27 25
15 97
1 89
7 15
14 31
16 45
8 6
30 21
27 71
5 31
3 76
6 77
8 16
14 65
13 83
26 78
24 12
15 23
22 19
12 14
6 14
16 22
24 80
21 36
13 61
27 63
15 33
28 96
26 53
8 90
6 55
20 86
19 44
29 83
16 27
17 59
17 12
7 92
30 92
0 23
26 51
30 99
19 50
17 15
4 32
12 93
12 22
12 4
8 76
18 5
21 67
23 49
11 35
0 37
30 50
24 88
9 95
12 88
1 86
4 78
11 43
0 97
25 80
2 7
12 18
5 18
24 30
16 57
12 22
26 4
2 35
29 92
4 35
14 64
7 99
7 13
0 88
22 60
14 80
30 5
20 77
20 9
0 61
24 79
3 13
14 91
29 69
14 71
7 14
5 87
6 1
2 56
27 10
23 55
5 2
6 86
17 14
3 4
21 52
12 64
22 23
9 28
24 41
3 57
7 96
1 69
0 76
28 88
16 38
26 26
6 97
21 24
18 48
28 5
7 4
29 30
20 98
2 4
18 58
0 89
6 19
24 98
10 67
1 70
24 96
21 40
11 24
18 87
13 39
1 67
30 69
30 99
7 11
5 88
0 18
2 67
30 25
1 49
23 15
0 63
21 34
2 23
9 68
17 94
6 23
10 66
25 23
0 15
3 19
19 53
30 59
4 75
8 19
26 5
6 7
1 96
1 88
22 47
19 79
22 54
9 80
1 52
13 73
14 34
2 93
21 67
26 28
6 4
27 64
3 73
30 76
3 34
26 12
25 61
26 61
0 73
21 49
27 38
16 13
1 81
23 92
15 49
13 32
13 82
24 66
14 88
7 64
20 61
13 30
7 12
12 34
21 46
23 27
27 75
0 91
11 70
17 53
8 80
7 5
11 84
3 84
18 19
7 21
19 75
27 70
21 7
14 92
3 90
8 34
26 84
17 41
19 81
25 35
9 19
27 37
6 72
20 90
19 31
18 28
29 83
4 5
2 26
25 15
7 23
5 24
7 16
20 33
19 37
4 75
20 43
10 97
3 46
2 30
27 30
0 99
15 35
21 55
18 10
23 29
25 21
5 69
18 99
19 36
10 43
30 32
22 54
28 36
16 63
2 22
29 12
14 53
27 63
28 30
20 24
22 28
7 43
5 47
2 99
28 2
17 82
13 53
3 14
7 25
2 4
10 35
9 35
5 99
29 98
21 90
25 92
12 45
15 77
7 1
28 83
22 75
16 35
17 48
5 26
27 16
8 33
11 86
13 90
19 68
18 78
8 70
30 47
17 34
20 8
23 35
20 49
19 32
27 63
23 4
18 14
26 13
27 37
28 26
23 62
6 98
17 16
14 31
19 57
23 12
15 100
17 57
7 18
12 22
20 2
14 87
28 42
4 60
27 29
1 4
27 4
21 38
27 18
8 21
16 78
21 93
23 70
25 67
2 10
4 92
4 14
16 55
28 90
8 36
6 61
25 78
16 52
7 2
26 26
21 19
24 96
12 37
2 15
24 31
19 94
17 59
3 33
7 87
28 7
26 84
22 60
30 11
18 73
22 47
28 96
17 37
13 84
10 30
25 62
28 24
13 6
23 21
22 69
23 53
23 61
0 22
12 60
30 82
21 22
23 100
7 71
0 90
26 91
13 23
29 27
21 65
19 98
29 28
23 59
13 96
29 88
12 89
6 90
25 38
22 96
11 23
19 60
19 6
7 91
5 71
22 13
0 8
16 61
28 69
24 16
24 94
13 73
14 32
2 44
28 12
4 40
19 43
13 21
9 94
2 3
10 1
11 95
16 68
14 75
10 66
29 57
5 53
11 66
25 74
7 98
19 23
1 93
29 97
2 59
30 49
24 47
11 5
30 87
6 5
16 18
16 47
24 1
5 88
15 56
0 88
26 12
29 34
2 38
10 54
25 75
0 29
11 64
20 21
20 31
7 59
0 74
28 86
21 94
15 81
12 83
3 29
24 71
30 75
8 93
14 95
29 86
8 96
21 92
7 87
14 48
26 86
19 64
7 67
12 67
0 87
8 74
17 10
21 65
15 31
10 14
14 48
7 69
28 73
4 3
14 31
2 95
7 17
28 77
7 92
3 78
20 17
28 79
13 7
18 62
4 13
5 55
1 67
30 86
3 62
5 2
27 72
21 63
28 50
17 66
25 24
17 86
8 33
17 81
25 36
29 9
23 66
12 29
24 60
21 37
2 60
14 66
0 78
19 18
27 7
24 13
24 72
21 4
13 21
5 53
10 23
26 62
0 66
10 90
30 66
11 62
14 40
24 59
17 95
18 31
16 77
26 95
30 45
9 19
26 4
11 79
5 35
2 42
11 45
30 90
16 43
11 89
1 17
27 30
7 38
13 32
24 60
4 51
16 100
1 3
4 12
17 45
10 11
4 96
0 44
30 18
7 7
4 18
6 45
27 99
24 7
30 35
22 36
26 81
11 53
10 81
25 63
20 32
4 14
18 82
2 2
5 88
24 6
1 12
9 87
6 48
22 66
13 67
29 65
26 73
0 64
8 45
8 86
22 53
9 92
28 91
14 46
30 30
3 15
11 9
20 58
6 74
17 47
26 28
0 73
15 3
25 69
1 11
17 76
1 70
6 62
29 72
11 14
4 73
22 76
23 99
21 16
13 10
11 73
16 29
19 96
16 22
23 92
6 80
14 74
3 41
1 84
13 10
20 3
24 61
13 28
8 17
6 92
19 94
21 53
23 10
6 65
16 57
29 58
23 19
6 26
18 67
1 20
23 69
5 52
20 18
0 59
7 96
2 14
7 71
14 68
5 76
26 98
0 98
13 65
14 38
16 70
11 97
16 19
26 13
9 2
17 23
0 4
29 66
26 49
19 18
30 64
17 43
23 3
0 76
27 55
26 77
0 19
24 29
8 90
30 88
20 52
1 79
28 98
18 75
22 11
12 10
4 48
19 11
22 41
20 77
28 46
9 70
3 60
30 95
22 70
30 37
9 36
23 49
1 92
2 81
10 67
6 34
19 89
3 39
28 77
30 23
6 33
18 57
22 89
11 80
23 3
9 78
26 64
19 82
15 43
4 40
12 33
15 32
0 36
21 16
1 92
2 62
8 90
7 93
16 96
17 44
16 59
1 18
12 68
28 75
25 30
2 42
8 74
12 6
11 60
7 74
10 46
18 34
28 20
5 79
3 32
30 84
15 62
6 92
1 95
25 20
3 5
17 85
25 91
3 39
14 25
22 94
13 33
21 93
4 80
14 56
14 81
16 89
7 37
25 7
0 97
9 53
0 73
28 77
7 82
9 57
5 70
7 35
29 9
0 41
18 47
0 33
16 2
21 14
18 85
14 42
8 63
4 16
22 19
29 62
1 81
7 17
17 64
17 61
17 74
23 46
20 5
27 46
26 98
25 5
27 10
25 33
4 59
18 7
27 92
25 25
14 59
24 24
7 50
21 88
2 10
10 60
12 4
29 81
10 8
24 54
30 4
14 29
15 85
12 44
16 84
8 34
11 20
17 55
30 51
12 8
23 55
4 18
24 41
18 22
28 24
7 25
29 14
13 42
14 12
25 62
29 31
17 38
5 39
26 1
0 28
3 83
4 12
19 56
28 99
22 43
27 84
23 38
15 51
21 70
8 17
28 70
4 27
10 38
2 46
11 22
13 92
5 55
20 40
29 11
29 91
5 68
16 99
8 81
20 66
17 20
11 16
19 79
14 26
24 81
2 91
10 25
5 79
16 49
29 49
14 40
19 68
18 34
19 21
6 79
23 47
0 66
27 48
11 72
25 18
8 48
8 100
9 80
1 82
18 38
24 70
18 69
13 15
22 51
0 66
7 30
26 18
17 47
20 22
5 78
18 12
12 55
23 48
25 92
26 30
22 11
15 6
3 1
25 33
16 3
18 28
2 3
11 94
18 69
4 93
14 99
6 40
0 98
19 24
21 21
25 79
24 95
25 22
6 78
25 18
4 67
8 64
16 95
22 26
9 95
27 71
15 94
6 40
2 19
28 42
6 15
27 91
12 2
5 31
23 31
12 74
11 23
11 70
29 82
5 57
10 9
21 5
9 93
25 54
10 34
24 2
13 41
28 6
1 31
1 69
29 62
18 91
25 98
0 92
24 35
6 60
29 34
20 50
29 87
11 86
22 29
5 58
20 86
26 64
29 31
2 32
23 13
4 84
26 28
1 93
11 89
14 83
12 38
10 29
23 49
4 12
21 11
26 47
17 59
3 3
24 31
7 64
15 21
7 9
17 31
30 77
24 91
0 67
14 57
15 39
24 46
20 51
11 6
7 35
27 54
18 33
5 44
11 35
5 72
26 40
23 69
8 16
29 1
20 18
19 20
22 56
19 38
15 46
21 86
20 3
27 17
7 30
5 41
28 40
3 76
18 26
7 92
10 55
16 50
27 31
23 80
4 52
1 10
5 11
11 54
16 99
1 40
26 49
14 94
28 16
10 71
4 94
4 37
27 97
9 56
19 3
27 39
17 38
11 79
15 34
11 55
18 34
6 28
8 68
28 68
19 19
20 64
23 53
2 40
19 21
29 95
18 60
10 47
2 14
30 100
26 24
6 92
23 84
0 19
7 78
3 98
18 92
14 17
9 95
26 67
5 59
12 85
17 34
30 37
4 29
24 77
21 41
12 36
26 7
14 83
23 8
30 22
14 97
19 35
7 51
0 95
28 25
13 76
13 94
6 20
21 59
18 14
20 63
19 6
0 54
18 37
19 44
1 38
13 53
1 27
29 22
15 60
13 7
5 62
3 54
7 41
25 34
5 83
15 75
30 19
9 60
26 70
19 47
2 30
25 54
8 45
29 11
17 12
19 69
17 30
9 58
17 29
9 82
27 5
6 100
29 60
15 10
21 29
26 21
16 53
8 85
22 43
14 86
6 40
13 35
22 52
10 67
10 18
14 88
30 5
7 67
1 19
7 53
5 14
20 20
18 28
21 84
2 64
2 21
5 100
16 36
5 81
24 59
23 9
20 28
22 42
3 42
22 75
23 59
25 13
16 42
12 45
0 39
8 65
9 71
8 59
17 95
10 12
22 67
8 25
16 85
9 79
30 81
0 92
13 81
20 84
20 99
21 78
11 29
0 37
18 42
8 75
1 51
1 56
27 1
14 50
30 29
0 82
28 87
3 57
8 74
20 85
19 86
3 72
16 97
2 100
15 80
23 46
22 22
25 22
15 28
23 71
30 100
23 34
3 77
27 4
25 31
19 71
26 28
16 42
23 29
3 48
17 81
29 82
13 75
10 59
11 73
29 17
5 71
7 8
13 4
12 94
6 37
0 83
2 41
11 39
20 66
6 84
22 40
9 65
19 81
19 37
18 50
3 81
29 15
1 36
23 2
9 55
2 98
0 83
10 42
2 10
2 43
30 98
30 74
10 26
5 79
24 73
9 79
27 93
2 27
9 72
11 3
21 12
7 36
0 32
10 81
27 61
9 47
29 66
26 13
13 38
14 77
16 89
28 11
3 17
14 15
6 100
13 93
17 96
24 77
21 5
6 72
13 35
22 91
14 42
2 84
4 17
17 97
0 10
27 41
0 9
8 37
6 71
10 85
29 85
8 18
17 34
21 96
16 86
3 97
27 11
30 32
26 70
19 14
2 89
1 13
22 3
8 45
24 31
24 77
15 96
14 99
5 88
25 5
17 49
13 21
17 83
18 50
30 57
2 65
19 92
14 74
13 85
8 24
15 64
1 32
30 53
1 54
27 10
28 14
16 6
28 42
12 38
21 9
29 81
21 45
13 6
29 98
23 70
8 55
4 63
10 82
2 56
20 73
18 12
28 88
26 50
14 59
27 65
7 40
28 29
10 15
22 62
13 57
4 52
16 41
18 58
8 73
22 24
17 44
0 45
6 22
17 37
12 21
19 64
20 85
20 74
22 64
15 80
24 42
3 69
0 1
10 21
3 89
17 70
14 82
11 52
28 61
3 71
4 53
2 53
20 3
26 57
14 45
27 16
21 95
12 100
13 96
20 26
21 84
0 41
17 25
12 60
3 85
10 67
25 40
17 83
19 25
13 74
12 16
5 24
19 20
30 49
27 17
10 74
15 31
24 9
2 6
8 8
0 64
14 59
5 91
24 100
3 45
21 97
7 95
10 9
18 54
9 22
16 82
20 78
18 36
19 8
13 95
7 10
25 30
16 100
5 89
16 28
4 54
30 28
23 21
16 62
4 12
29 29
21 32
28 58
21 72
19 68
20 61
1 38
13 92
1 98
1 34
15 5
17 75
20 66
3 53
2 27
20 67
2 88
13 53
7 89
11 55
18 85
6 61
4 95
19 86
15 31
27 47
2 48
3 16
10 97
29 35
9 17
1 58
30 68
4 54
28 41
6 46
2 47
22 53
15 19
14 79
29 5
19 58
6 41
28 57
4 86
12 39
12 88
2 60
8 81
16 18
27 19
7 29
14 12
28 93
23 89
8 38
29 79
8 78
13 46
30 74
26 76
11 57
20 97
7 100
14 97
17 75
17 17
14 80
11 45
15 41
26 50
23 6
16 79
18 37
9 73
25 5
24 52
22 64
14 43
2 98
22 31
0 75
4 39
8 63
21 69
7 95
27 14
20 70
16 6
4 66
17 89
27 16
2 48
10 100
21 75
30 82
11 37
25 23
15 28
2 36
24 31
23 30
10 93
21 41
2 21
22 69
28 33
17 90
22 66
4 84
3 35
22 35
25 76
3 56
17 69
29 39
6 46
0 73
30 36
9 79
28 71
4 10
8 82
0 29
27 15
17 37
20 55
30 32
14 49
0 91
4 90
27 10
27 17
21 81
2 67
3 40
6 46
18 5
6 19
29 30
23 46
16 14
6 12
19 63
27 53
3 83
0 78
23 78
28 37
29 27
0 73
7 82
10 94
4 68
2 73
25 8
25 59
19 30
18 14
24 9
13 56
6 16
1 15
30 35
11 33
10 21
24 24
5 68
2 66
30 2
22 3
8 46
8 78
11 18
28 68
11 54
5 64
8 63
11 64
20 90
23 31
9 94
3 87
23 4
22 4
26 42
16 55
15 66
5 41
27 87
3 83
27 3
22 42
6 65
30 87
3 69
28 19
27 24
24 92
12 100
2 24
7 95
9 36
24 82
1 81
14 70
29 25
13 49
3 6
8 15
27 77
9 33
25 14
22 36
5 78
2 70
30 14
4 3
25 55
25 26
17 36
5 71
29 58
27 12
24 88
7 26
7 32
11 15
30 14
3 77
20 96
0 6
5 90
12 15
20 29
21 98
23 26
15 44
23 60
18 23
20 3
27 37
0 71
25 38
30 2
19 66
21 58
8 87
8 76
16 72
28 95
25 29
13 96
15 83
27 42
0 6
22 11
17 70
20 66
27 50
4 5
10 33
29 9
22 76
11 42
5 71
8 97
20 50
26 57
23 89
3 49
28 12
6 56
18 7
15 87
3 99
28 70
17 6
5 92
21 65
10 75
17 49
23 13
26 77
16 75
12 67
13 86
21 10
23 70
28 83
18 45
16 28
27 88
4 73
30 33
11 9
4 95
8 46
29 96
29 100
12 25
27 26
7 52
28 73
10 78
25 29
6 76
29 45
28 99
21 80
0 65
8 59
27 3
14 88
28 79
10 27
22 13
29 3
8 85
21 8
22 66
28 85
27 87
22 10
18 99
23 49
9 59
3 99
18 28
27 20
20 47
29 9
10 73
4 53
22 22
12 13
9 34
6 63
7 25
16 14
11 6
27 7
21 31
16 26
26 51
5 52
12 66
14 16
10 60
14 15
30 27
25 82
21 31
3 3
1 60
6 80
25 49
14 71
24 43
22 67
10 64
0 89
14 21
11 41
28 94
4 78
11 65
29 86
17 87
5 86
7 32
28 18
2 5
24 82
16 60
1 23
4 38
13 84
13 63
15 59
11 88
17 36
17 63
9 40
6 87
0 36
23 18
4 92
1 11
15 25
28 20
28 24
22 7
8 66
19 20
12 96
29 82
10 21
5 39
13 99
15 27
2 88
18 77
29 76
11 51
4 93
15 72
0 65
7 16
12 74
4 79
20 64
1 98
9 35
10 47
23 42
13 39
16 92
14 78
26 9
14 31
3 33
22 5
2 20
11 43
5 65
0 52
6 83
3 6
8 97
13 72
17 71
9 19
3 16
4 43
5 20
13 73
19 39
19 20
27 93
0 32
3 29
2 94
1 89
29 37
16 39
15 16
30 14
14 53
16 86
0 16
13 100
29 29
20 93
13 42
22 65
3 13
30 74
5 70
11 21
30 81
0 39
19 75
20 81
28 40
10 25
25 76
18 17
20 3
30 1
19 50
17 75
6 10
16 49
2 50
7 42
17 10
19 81
20 52
5 99
7 57
12 82
0 47
30 70
29 15
10 53
26 99
28 94
16 4
29 53
4 3
4 15
21 43
22 37
1 33
4 28
9 43
8 90
5 34
16 76
6 10
5 3
13 56
23 34
13 24
14 44
24 72
0 88
15 20
13 98
3 77
14 90
8 29
9 29
20 72
8 55
21 95
12 70
6 12
17 46
28 35
10 19
15 43
16 30
18 5
24 76
15 28
21 28
17 30
16 76
5 100
25 3
8 3
14 54
15 39
21 50
19 9
9 11
17 55
1 65
15 90
16 69
11 37
5 25
12 17
18 76
11 4
8 60
10 68
23 15
26 61
0 85
16 12
2 42
4 53
4 22
17 60
27 10
23 49
29 5
30 50
25 98
24 8
13 17
20 33
21 45
20 16
1 44
30 85
25 18
7 23
21 85
21 67
13 80
24 5
27 34
22 86
0 45
4 47
24 92
27 32
27 77
23 3
18 73
19 52
1 39
25 14
2 88
30 90
7 30
14 29
21 6
30 96
22 26
20 88
10 60
5 63
23 78
1 32
19 80
16 41
30 91
13 59
0 14
28 54
20 96
18 20
26 63
14 31
27 23
22 33
28 64
16 49
21 16
27 18
16 49
11 66
28 38
26 14
7 19
16 60
22 86
22 1
26 74
28 61
28 44
14 81
23 72
7 45
15 78
10 2
0 99
13 75
0 51
6 20
1 9
9 35
12 28
13 74
20 81
29 67
0 26
27 29
3 3
26 13
25 61
19 28
2 69
28 23
13 41
18 49
17 58
24 88
2 34
15 64
28 28
25 24
1 36
9 23
26 7
5 2
30 38
4 87
18 18
8 15
20 72
27 79
30 2
13 99
25 71
27 55
23 83
5 79
26 38
5 10
10 17
8 49
0 25
3 5
0 49
11 40
11 27
23 82
18 77
21 69
17 9
26 63
2 95
15 47
5 24
13 94
29 58
22 75
0 54
9 37
26 97
22 78
5 4
24 31
23 67
2 2
17 81
7 55
10 61
22 62
15 22
29 88
14 32
21 34
18 48
23 8
6 67
0 45
5 98
19 16
28 57
20 77
30 79
3 47
25 56
28 17
23 54
8 69
27 92
27 53
23 1
0 6
28 86
0 72
27 16
7 26
18 61
8 51
27 65
24 31
0 49
15 10
11 100
4 17
7 81
14 92
15 23
4 76
17 57
19 23
7 91
4 8
11 47
9 49
2 14
9 46
14 37
28 83
23 79
4 75
3 64
6 57
4 13
26 89
21 26
1 69
7 44
22 72
25 9
26 13
9 4
14 7
16 21
2 82
22 67
19 41
24 69
30 94
10 91
10 18
22 17
11 56
16 50
3 62
26 18
11 50
5 40
11 29
14 53
15 37
7 58
0 86
17 31
17 88
11 15
1 96
21 67
14 44
13 71
29 51
25 30
8 45
19 77
11 44
11 86
6 37
25 87
25 61
12 50
6 97
2 95
25 44
25 10
4 53
15 64
28 31
6 48
7 73
28 80
17 66
0 81
25 42
13 31
29 42
5 22
1 95
30 78
9 28
11 56
4 68
29 78
26 31
7 3
27 86
12 94
27 96
15 17
15 19
2 50
5 26
30 51
30 84
5 53
12 70
8 71
16 31
14 83
1 1
14 12
11 76
16 48
19 25
14 72
12 84
4 46
22 49
18 19
22 65
11 68
20 74
18 14
2 11
22 6
29 9
7 47
7 51
7 5
25 44
23 50
1 55
11 66
17 55
6 31
25 49
29 59
8 56
26 30
13 57
1 70
25 75
0 18
0 33
4 97
5 39
16 70
29 74
15 28
15 88
11 57
26 32
6 94
23 77
0 64
5 92
7 17
28 91
3 60
22 5
3 24
26 7
27 52
24 22
18 95
23 35
28 28
20 66
18 21
3 50
9 10
2 43
17 33
16 4
0 10
12 38
30 50
17 88
18 67
19 81
8 76
5 100
7 41
23 93
9 61
19 63
30 94
20 99
5 5
21 93
8 99
17 72
2 58
24 6
10 1
29 82
5 63
29 71
15 51
23 23
5 42
8 70
21 89
16 77
26 64
21 28
28 30
6 37
25 85
1 77
2 22
9 85
25 61
9 97
11 62
12 44
16 44
0 48
0 86
13 94
20 100
29 27
3 24
6 57
24 61
21 46
18 62
21 10
15 3
2 82
9 26
5 63
7 62
23 14
15 20
6 33
24 8
20 85
18 89
10 92
29 7
9 76
13 73
4 18
15 60
12 42
1 4
5 83
0 46
5 46
21 28
27 99
9 81
26 92
6 17
14 83
21 80
25 1
19 79
14 75
23 47
28 20
16 40
30 6
13 92
30 48
18 46
21 24
0 76
17 5
10 28
12 50
14 4
24 82
11 76
17 87
4 45
1 64
7 51
1 32
7 46
18 69
16 85
21 23
22 98
24 21
12 12
28 7
6 31
14 87
24 20
26 13
24 17
11 59
11 56
19 47
16 99
11 77
8 43
13 79
28 78
16 97
28 28
23 63
13 77
19 53
20 32
22 97
16 1
20 91
4 58
27 23
15 11
20 24
3 74
10 35
25 31
28 87
6 84
0 45
29 86
20 24
2 71
30 65
0 61
18 86
19 68
2 40
7 74
17 95
28 11
9 16
21 74
30 36
10 48
2 56
30 93
16 98
2 83
24 93
21 51
24 49
16 33
28 87
12 21
13 18
23 17
2 65
12 84
20 47
3 84
12 77
18 99
26 59
3 18
10 35
1 47
3 2
4 34
3 72
26 33
28 33
23 96
10 89
22 17
3 15
23 49
11 59
22 74
4 68
7 28
18 54
7 6
20 98
2 38
13 95
23 20
13 62
2 90
11 28
8 100
7 52
20 21
11 87
7 68
20 77
8 88
30 61
3 18
23 7
19 41
3 25
26 92
21 91
30 19
26 54
14 80
23 54
10 14
6 20
30 8
30 23
10 82
8 64
18 2
9 87
15 21
30 91
25 33
29 6
21 57
26 23
5 42
10 16
2 61
25 39
3 98
4 50
24 24
19 24
6 89
5 23
12 67
22 71
4 46
5 3
16 11
22 23
23 28
20 22
29 12
28 18
4 37
14 86
23 54
28 5
12 41
22 21
19 22
24 7
24 61
27 35
2 5
7 5
14 19
27 33
3 61
4 2
18 52
20 18
25 13
17 41
4 82
10 76
29 30
22 27
5 65
30 15
14 26
11 98
8 46
18 40
6 12
16 16
19 76
13 47
9 45
30 69
8 82
0 55
15 59
12 85
16 28
22 99
1 78
19 9
14 77
26 39
3 54
18 10
27 78
25 51
27 10
20 48
4 66
28 81
25 8
0 85
22 90
9 17
4 3
25 21
21 42
14 87
5 83
13 71
2 83
4 95
18 28
18 53
19 25
6 23
10 5
8 91
29 44
23 4
15 2
25 37
15 59
4 13
6 82
7 21
29 24
11 51
25 48
5 28
23 78
22 52
10 98
12 41
19 53
9 67
0 16
11 40
6 99
17 9
11 30
29 42
21 36
12 52
25 82
9 60
19 6
7 49
21 46
15 75
20 9
1 29
9 37
18 61
29 23
6 74
15 7
29 46
13 35
14 24
17 19
5 6
26 77
24 15
24 65
11 68
30 11
5 14
14 22
5 7
20 79
15 10
20 70
19 87
7 50
19 54
23 12
25 87
8 88
8 81
19 87
21 8
11 98
26 58
17 2
11 52
23 82
21 66
17 66
23 70
17 13
24 90
9 24
4 15
26 94
28 49
22 100
21 80
4 62
23 8
4 36
8 22
4 41
4 44
14 59
7 16
19 65
16 93
4 8
1 92
4 89
20 65
8 5
30 90
0 32
5 99
0 49
12 92
16 67
13 26
23 71
29 88
24 66
27 17
9 58
18 88
12 23
9 5
0 35
29 79
7 14
27 16
10 83
15 51
28 23
1 43
26 42
5 28
9 83
21 25
20 69
17 72
25 49
8 20
18 63
26 58
24 27
17 72
3 11
28 73
15 46
26 8
9 41
16 44
3 78
5 74
26 98
1 78
24 79
28 74
15 49
2 57
27 50
27 11
29 38
23 97
0 59
9 83
6 93
30 33
0 63
16 37
6 52
19 8
0 50
16 30
20 87
2 58
8 24
3 25
11 24
2 6
4 31
9 47
20 56
12 56
16 19
8 22
4 2
12 31
8 14
28 42
5 64
7 55
7 14
29 54
7 17
30 47
13 85
16 18
6 62
20 1
22 19
21 13
25 16
14 68
22 84
17 74
0 59
3 49
23 51
12 83
8 10
25 48
14 55
30 21
22 30
9 53
23 38
13 13
10 12
7 46
29 40
30 21
24 74
5 72
10 64
8 26
30 13
8 76
25 58
24 23
23 48
12 97
9 10
30 58
19 87
29 77
1 62
27 81
19 88
28 60
29 79
23 89
21 23
0 17
11 60
18 86
9 35
12 40
4 71
1 80
3 93
29 24
10 90
24 97
16 57
0 43
2 51
4 42
15 81
15 35
28 52
30 17
22 16
25 74
10 87
26 63
23 97
24 49
29 21
10 63
3 4
30 41
28 56
11 61
17 59
16 35
22 77
0 50
21 69
11 62
16 33
10 29
4 65
5 33
24 78
19 80
18 68
21 15
1 49
13 35
22 60
27 51
13 37
18 34
29 77
17 14
3 83
19 27
11 54
30 20
2 77
2 27
30 60
0 10
11 62
22 55
7 41
26 31
12 78
19 21
5 43
15 43
4 38
9 29
15 3
12 80
30 18
28 35
6 96
14 84
26 38
16 12
2 100
18 92
24 3
9 90
0 99
13 66
29 97
6 49
5 27
28 73
1 69
26 14
23 21
25 82
26 68
7 42
13 38
4 92
20 23
19 66
30 49
21 96
7 93
22 96
17 8
29 77
5 43
11 70
10 98
12 48
6 51
26 39
17 56
6 77
24 77
24 96
27 55
21 1
19 39
30 68
21 6
7 68
22 55
4 67
8 26
21 2
1 14
23 37
17 63
14 10
4 54
29 25
5 49
3 19
21 31
30 6
23 69
13 58
23 55
1 86
12 22
15 78
5 25
18 75
12 96
30 2
30 36
12 91
12 77
29 89
12 22
4 11
17 87
25 6
29 7
17 77
11 12
2 95
6 50
30 2
30 87
24 26
11 83
15 24
16 26
0 25
30 80
9 33
22 44
19 34
5 27
18 64
21 46
20 26
8 78
9 40
8 90
12 98
16 100
12 2
22 76
0 56
14 5
28 75
14 22
27 61
3 16
26 24
9 36
9 50
11 93
27 16
16 48
10 10
16 19
16 42
6 27
21 53
16 63
17 45
23 77
9 100
1 40
7 32
25 30
23 58
22 22
30 6
0 17
12 44
16 3
18 33
19 26
21 73
24 53
16 49
6 9
18 10
18 11
7 53
2 30
2 47
26 82
12 74
7 82
25 28
22 70
21 99
7 94
1 62
24 76
21 45
27 91
24 97
17 91
8 27
6 47
2 67
17 41
18 34
0 84
22 67
8 52
1 33
27 25
9 72
10 35
6 8
13 45
10 73
0 76
15 56
12 31
7 59
16 58
29 11
3 8
22 20
20 88
4 67
13 49
19 56
15 15
12 21
8 51
0 34
10 32
24 34
23 78
15 66
7 40
20 70
23 31
22 93
9 71
4 73
21 54
28 5
30 42
28 95
28 48
19 9
11 70
21 33
11 55
29 93
21 4
10 71
0 42
28 77
14 4
4 81
15 5
0 36
1 54
25 94
25 68
25 8
11 10
22 94
19 6
20 92
8 55
22 94
15 46
0 62
16 44
0 32
8 38
26 52
1 38
3 14
23 49
11 38
20 94
1 20
2 70
21 33
4 8
16 47
19 80
25 47
1 1
22 10
6 2
17 100
17 100
24 94
1 73
9 17
10 80
22 78
24 60
30 39
12 18
29 66
8 93
18 71
13 100
8 16
27 20
26 38
27 95
12 13
19 63
15 72
7 27
15 66
26 72
2 85
27 37
28 10
16 24
28 32
28 58
11 81
26 53
0 80
16 70
20 61
23 6
18 98
13 69
8 16
17 65
2 30
22 54
1 45
4 58
6 27
4 53
3 45
27 36
30 67
20 52
23 32
18 2
16 11
3 28
7 79
13 96
19 90
15 55
0 20
7 43
20 73
27 45
24 97
27 53
21 14
29 82
16 18
0 83
25 37
5 15
27 52
3 48
7 96
0 81
8 36
18 96
5 90
7 99
20 90
25 93
21 94
29 1
3 60
0 88
21 18
20 75
15 88
5 36
4 12
2 86
26 99
16 74
8 86
23 52
28 53
0 38
16 49
4 13
20 5
26 82
28 8
13 40
13 44
25 81
16 48
6 99
11 12
4 92
4 10
14 85
18 95
4 67
8 57
26 93
8 56
28 60
20 30
26 26
1 66
17 4
12 76
5 72
11 98
23 35
27 44
11 50
27 49
14 71
21 88
21 6
4 11
22 23
25 26
3 90
4 69
30 51
15 15
9 30
18 79
24 82
9 76
15 80
26 11
19 1
14 39
13 36
15 36
25 40
11 79
19 31
18 100
18 50
23 61
5 65
7 58
30 22
11 39
17 96
3 8
16 37
30 53
24 81
9 25
12 50
23 51
2 7
7 93
18 69
0 83
21 46
15 55
6 8
2 100
3 75
6 74
6 41
19 76
11 87
0 10
26 6
27 65
22 81
3 7
25 67
29 86
26 22
26 46
15 37
5 45
16 72
15 25
0 15
15 7
16 54
13 15
8 94
11 54
30 67
22 23
3 28
7 88
19 45
0 99
20 26
5 36
4 85
2 44
5 39
26 35
28 92
11 90
0 44
28 92
20 15
12 59
2 20
25 100
7 20
30 28
21 20
24 98
12 13
27 54
9 53
30 11
22 34
10 85
19 50
16 70
15 24
19 34
14 32
19 57
6 10
15 84
4 40
21 66
24 56
1 77
22 57
14 89
3 53
29 94
2 32
12 16
5 48
4 62
5 27
18 20
10 88
20 19
14 51
18 2
17 96
14 98
11 20
16 4
26 95
19 8
22 23
20 80
4 35
29 84
17 38
11 38
1 37
26 18
1 44
9 76
16 28
23 97
2 83
20 43
11 1
28 27
1 12
3 43
3 73
9 22
7 9
21 87
17 73
15 42
14 8
9 28
15 3
18 96
14 59
3 56
4 64
2 82
5 22
23 8
8 62
23 22
13 94
18 38
3 26
21 7
1 72
21 76
28 47
14 80
2 80
12 75
2 38
26 81
4 9
12 67
14 75
4 99
27 33
20 84
22 66
15 12
27 77
16 98
15 70
6 19
0 11
2 44
24 40
27 6
27 27
14 66
10 32
11 61
7 58
27 7
18 84
9 69
24 89
24 76
4 12
17 49
14 60
19 66
19 27
26 92
7 8
26 28
23 44
22 79
4 7
4 19
20 91
21 53
16 55
0 26
11 58
19 49
17 41
0 40
4 90
15 95
29 25
1 18
16 1
6 76
10 37
9 3
15 95
1 98
29 99
30 80
6 27
12 92
24 33
29 26
27 36
0 95
23 28
5 4
13 9
25 100
29 68
0 10
19 32
10 69
26 63
6 62
11 11
23 88
30 96
0 3
5 62
25 45
9 64
29 88
0 7
4 71
19 57
6 3
28 21
16 35
25 57
10 2
11 20
25 73
16 18
3 74
25 1
25 75
3 4
13 53
1 89
21 19
24 68
6 79
4 93
6 93
12 50
9 15
14 77
30 65
22 89
5 97
25 55
4 40
18 98
6 48
6 68
28 19
11 83
20 45
25 14
28 55
8 79
9 100
22 11
16 65
26 30
10 60
3 95
16 37
6 32
23 29
14 2
30 100
24 9
27 45
25 37
18 30
25 60
15 81
26 76
3 1
17 43
7 82
4 99
17 66
0 26
30 72
9 34
1 31
15 2
27 69
1 87
14 99
1 3
16 41
1 100
8 21
20 93
19 29
14 22
8 58
25 55
16 81
15 57
0 34
16 64
9 55
19 80
28 7
25 83
30 1
23 34
28 54
4 10
21 50
5 13
16 6
4 2
8 4
13 25
4 8
22 38
30 98
29 95
14 83
18 40
11 29
11 54
26 61
2 36
0 21
24 66
27 39
30 19
6 99
13 74
6 66
18 22
21 14
15 46
24 4
7 45
18 52
20 92
4 41
4 24
23 17
13 68
16 35
0 3
3 6
27 95
0 32
5 23
22 69
29 53
8 30
15 93
6 78
15 8
23 71
24 68
30 29
19 33
4 71
0 32
25 76
18 77
0 95
0 21
2 13
15 48
25 34
2 2
22 38
20 69
24 1
13 59
5 43
18 72
30 21
24 10
20 10
28 58
6 5
5 65
15 63
8 23
21 87
26 46
8 9
27 6
11 23
20 20
10 89
21 18
27 27
29 62
18 61
14 8
1 48
11 58
15 30
24 47
22 70
28 89
17 57
23 49
27 100
13 78
5 66
16 45
23 17
19 90
21 44
29 29
21 60
3 45
17 9
19 32
6 17
19 22
25 4
8 50
0 63
23 52
28 46
9 60
26 49
24 47
30 100
23 69
3 34
7 73
18 56
13 80
18 17
29 93
2 37
28 76
5 81
0 3
13 51
15 86
16 74
21 53
13 6
4 71
30 3
24 84
28 51
23 71
8 56
3 58
22 39
16 76
7 54
28 17
27 17
16 40
20 29
27 65
11 55
18 16
30 34
8 29
0 63
29 45
14 12
0 39
15 21
17 31
3 29
9 50
27 63
27 29
23 17
12 97
6 40
8 72
2 28
20 2
4 88
7 68
22 80
13 55
28 46
16 74
17 12
10 21
28 36
18 84
12 70
15 29
13 100
25 53
2 95
12 48
15 86
14 22
6 81
9 34
1 49
8 26
0 8
0 42
13 37
27 26
2 70
8 17
1 94
12 98
30 79
28 61
10 34
18 97
13 50
8 53
20 1
17 21
1 73
25 40
3 100
3 16
1 96
8 97
17 5
14 92
2 24
6 65
2 8
16 31
17 48
17 24
8 44
30 30
2 77
18 100
28 17
25 26
5 31
9 63
15 92
14 10
0 20
12 22
7 48
24 91
5 85
4 61
9 45
27 60
18 8
12 26
25 34
15 94
1 8
9 84
28 34
13 61
13 40
30 73
14 45
4 46
13 81
10 62
7 52
2 83
26 32
16 41
20 8
4 52
6 44
20 76
5 63
17 11
3 28
22 60
16 44
29 64
23 52
17 51
2 67
6 35
15 21
26 38
15 52
1 11
23 7
12 43
21 93
6 3
20 5
28 59
26 57
1 92
25 45
11 48
27 74
15 14
19 90
3 39
14 84
26 7
20 50
30 53
9 75
0 56
18 41
10 4
21 61
21 30
3 89
1 91
10 60
22 10
22 90
24 33
29 42
21 26
17 8
25 77
19 31
27 66
10 79
29 72
10 68
29 3
26 90
23 53
28 82
14 11
10 2
4 41
9 49
5 4
29 65
28 72
22 8
20 14
11 25
23 19
17 5
3 65
14 39
0 80
5 87
4 87
14 5
26 69
1 95
1 32
7 16
17 80
1 74
28 22
8 56
12 78
0 91
7 92
8 92
1 82
0 6
22 68
13 62
14 51
5 20
24 54
15 1
15 47
30 45
9 23
14 89
17 86
16 58
0 93
18 59
24 99
8 34
27 26
19 90
27 14
27 96
12 66
24 81
15 15
15 94
16 44
16 81
11 79
21 6
12 43
27 45
23 80
21 4
26 35
1 73
27 21
21 72
29 34
20 73
14 100
28 80
20 30
3 29
19 60
10 67
25 10
6 62
24 78
18 28
15 31
6 7
29 97
11 24
5 21
25 2
25 83
9 15
2 44
19 34
16 46
24 70
9 36
6 64
2 83
26 22
30 19
4 69
25 30
27 28
19 47
10 1
21 81
24 45
9 25
20 88
25 53
6 12
19 20
20 99
19 39
7 8
21 42
28 77
5 11
17 47
10 56
30 80
1 13
25 71
8 13
3 24
27 10
25 21
27 45
27 18
7 56
28 100
1 79
16 62
14 12
13 41
7 27
25 67
21 28
28 66
19 95
25 48
20 84
14 93
22 36
24 91
3 93
8 28
23 51
13 7
1 37
6 21
21 26
3 100
7 70
29 35
27 23
23 11
8 46
29 75
25 100
26 18
25 50
16 90
29 59
16 35
20 15
14 3
0 19
5 2
10 19
26 96
29 89
5 17
1 81
21 37
13 52
25 6
15 45
27 40
30 89
13 18
14 65
21 98
28 35
16 17
28 22
25 99
29 95
5 67
17 39
6 6
23 22
23 31
15 15
9 27
30 55
23 53
27 86
15 100
15 7
12 43
3 65
18 87
13 82
27 46
19 32
8 30
30 88
26 31
8 61
9 74
11 58
4 78
27 20
1 22
20 31
26 69
22 21
10 77
11 27
28 62
6 17
11 84
22 82
12 1
13 79
0 32
30 15
24 6
9 29
23 1
16 87
29 4
20 66
18 14
5 2
17 23
26 24
4 31
14 5
15 92
13 52
14 46
13 97
11 55
8 13
1 27
2 15
28 11
10 65
20 77
26 60
17 14
30 57
26 91
25 95
30 38
0 31
21 74
20 41
19 91
5 25
11 57
13 27
14 42
5 16
28 65
18 52
26 32
6 42
4 1
28 39
21 66
14 83
10 56
1 8
25 55
27 14
17 49
9 17
0 40
3 39
5 65
11 32
18 33
24 28
19 31
0 17
12 85
14 4
24 57
2 98
16 11
19 98
25 35
28 95
0 17
29 60
28 30
3 35
5 32
