100
2 80
27 68
17 29
21 59
2 57
13 26
13 16
16 98
4 87
26 66
30 62
24 15
15 98
19 39
30 44
3 56
4 63
18 11
9 11
29 18
4 50
30 51
18 27
11 22
30 93
18 14
15 3
16 5
12 72
7 87
12 90
4 68
7 10
1 56
21 5
15 85
22 25
25 47
5 48
0 26
1 99
28 67
9 46
23 15
11 76
8 53
6 26
18 77
3 88
26 10
10 37
1 16
20 37
24 76
22 80
29 58
17 88
24 77
2 56
17 10
24 3
10 79
28 41
28 31
4 11
0 48
19 27
7 62
13 56
18 78
10 24
21 3
30 41
1 77
13 75
25 3
2 47
25 20
13 92
28 23
1 93
13 46
28 81
2 76
7 53
16 68
20 40
1 91
0 96
15 48
15 35
18 50
29 11
26 89
20 37
4 36
15 66
4 79
0 70
21 46
26 92
5 93
7 12
0 31
16 16
5 11
1 43
12 39
15 4
14 12
28 5
26 8
24 59
21 14
17 50
23 7
2 26
17 21
17 90
14 14
17 32
24 42
4 14
4 7
4 66
24 51
26 29
11 7
17 61
14 65
28 56
3 21
2 4
9 89
27 38
4 58
3 45
22 4
25 24
26 90
15 14
23 46
2 53
3 8
11 70
21 15
16 60
22 69
6 80
19 42
19 82
26 24
23 55
6 31
19 53
25 42
26 89
29 30
27 36
29 69
21 38
3 22
15 90
19 24
3 15
27 5
13 45
13 2
20 72
4 92
29 92
20 63
22 79
20 14
28 69
21 53
25 26
11 25
8 87
23 18
29 72
2 90
9 10
8 31
16 71
30 34
29 6
0 88
19 10
13 99
16 13
18 65
17 68
25 78
11 61
4 63
6 1
26 58
12 13
14 24
7 46
7 10
13 18
23 87
18 13
10 10
20 55
21 6
1 24
20 93
30 72
9 41
7 57
9 33
1 13
21 96
21 50
16 62
8 59
20 94
1 52
28 9
1 52
5 63
7 33
26 33
12 72
7 51
21 9
17 29
7 70
18 15
22 44
2 54
24 68
29 84
28 33
8 14
19 50
21 14
9 11
25 30
6 14
10 64
21 98
17 46
28 31
7 97
9 24
30 45
13 79
19 83
13 82
10 2
12 69
20 53
20 20
21 68
0 4
15 85
20 80
11 66
28 86
26 30
10 44
24 61
1 90
2 26
27 64
10 69
1 33
16 64
6 77
17 52
9 1
1 55
9 70
7 15
0 18
21 100
26 46
24 32
27 13
10 24
3 33
4 25
0 47
17 12
26 2
17 6
25 26
3 41
12 26
17 53
30 93
9 23
3 61
19 32
3 57
27 84
28 44
15 22
23 76
26 11
9 62
27 88
15 5
11 76
11 88
19 89
1 53
20 47
20 58
14 36
25 48
16 7
22 2
8 68
26 9
14 45
6 22
1 63
30 53
14 71
26 38
21 54
28 38
28 51
5 68
12 95
17 33
18 71
24 74
29 47
14 25
17 53
14 66
18 11
3 81
16 81
1 18
8 62
27 76
29 87
2 5
25 79
21 40
4 88
10 82
23 46
22 59
24 85
12 26
15 82
21 19
3 60
5 34
25 88
15 35
28 8
30 76
4 45
16 8
3 59
15 58
24 11
5 91
21 77
15 86
29 32
25 31
1 9
24 56
23 30
13 73
28 34
14 84
27 1
2 13
2 33
12 76
13 66
30 40
0 26
7 40
30 43
17 19
23 5
16 59
12 30
3 66
4 77
9 17
3 40
13 14
17 14
24 28
1 80
9 49
12 68
27 34
4 88
22 68
25 26
12 22
3 85
0 1
1 56
23 85
29 33
20 97
2 90
0 13
0 57
17 46
18 10
29 98
14 20
1 47
1 52
19 77
15 4
9 91
6 33
30 21
6 20
4 63
21 52
2 36
26 22
9 82
0 18
30 72
27 22
6 56
21 74
10 47
11 37
10 94
12 78
25 18
16 45
0 59
20 73
28 13
27 25
4 28
0 87
24 87
12 78
4 73
26 87
9 85
28 71
7 20
13 70
20 79
20 3
20 90
8 81
23 51
9 13
23 99
16 14
0 62
15 80
29 45
19 14
29 12
14 47
8 21
4 1
19 44
25 18
27 32
5 9
13 89
14 91
11 21
26 47
15 19
27 6
18 79
14 72
10 26
22 48
26 24
9 81
26 84
17 72
18 17
5 56
4 77
4 43
19 8
1 68
8 70
20 46
21 14
19 65
6 55
9 4
14 40
27 69
11 80
26 3
19 7
4 77
24 50
4 3
21 54
19 56
5 61
16 95
3 26
11 70
30 49
9 16
26 95
6 60
5 44
16 40
4 44
17 62
24 85
22 36
29 71
27 14
12 5
2 62
18 14
1 97
0 65
8 29
2 15
2 91
22 13
1 25
0 22
7 25
4 75
6 57
11 51
5 3
5 5
2 51
4 100
27 85
29 9
19 75
20 18
25 64
9 42
5 69
5 87
28 67
29 58
5 4
7 60
6 43
21 75
4 82
27 3
27 25
19 3
15 50
10 55
18 94
18 10
26 51
19 86
9 28
17 99
15 27
20 72
17 95
29 52
1 85
20 8
7 54
19 83
1 28
18 3
22 17
14 48
0 90
18 5
21 5
17 57
11 53
30 99
3 10
15 97
17 40
29 13
26 37
3 8
19 100
8 67
17 18
9 75
15 57
8 93
6 52
27 56
22 27
23 39
2 73
28 28
14 38
14 8
9 71
20 30
5 98
20 60
13 100
10 6
2 96
16 82
3 89
12 29
6 97
22 26
20 11
21 36
2 49
17 7
5 69
20 67
11 79
17 44
24 85
0 49
1 70
1 51
30 18
29 41
1 37
24 35
15 87
20 40
28 6
19 36
1 58
8 87
26 14
14 14
13 77
15 71
18 58
1 22
29 71
25 51
4 52
4 72
3 65
27 59
1 29
15 30
14 59
20 37
27 90
30 11
5 3
2 2
2 86
16 95
10 4
2 97
26 5
18 16
26 78
0 29
18 27
24 24
11 96
2 91
14 26
11 55
20 82
8 21
16 13
22 49
9 54
29 43
27 27
13 65
14 35
6 3
30 1
5 30
29 24
13 68
30 70
10 66
4 1
12 33
28 45
25 91
1 85
19 10
10 68
8 66
28 62
9 8
7 92
19 95
14 40
21 88
20 17
12 8
8 13
23 75
0 96
2 16
11 63
19 61
6 89
26 69
8 29
7 78
30 16
4 18
14 43
3 50
12 94
5 48
29 49
8 84
13 53
5 56
30 52
8 44
7 29
5 83
5 71
9 35
3 12
1 57
13 61
10 1
9 67
5 39
11 12
30 39
4 90
7 94
2 82
26 4
10 3
7 60
22 45
21 66
7 38
18 54
27 14
16 63
5 41
21 4
9 22
9 1
11 88
22 39
29 16
0 43
28 18
30 88
10 32
9 88
3 72
4 62
5 37
28 2
3 92
15 36
30 44
9 85
24 68
11 22
22 40
1 15
16 56
15 1
29 45
25 58
13 5
17 74
15 29
26 43
0 15
23 83
3 15
8 57
28 80
10 93
14 39
25 55
7 77
11 89
4 60
16 90
4 80
18 9
19 5
14 41
25 9
30 42
15 44
4 64
14 45
1 99
8 20
19 23
7 69
1 58
18 88
21 56
12 60
25 42
14 8
23 37
26 83
17 1
6 50
16 54
28 41
19 65
16 64
30 4
28 39
23 9
23 94
17 17
11 26
24 52
30 79
28 15
22 36
22 98
10 35
6 28
6 78
2 84
1 71
5 66
11 8
23 68
22 62
16 69
6 18
0 5
22 35
18 94
25 37
26 15
8 82
0 58
29 4
24 38
6 53
21 11
26 31
14 7
20 35
15 90
26 66
13 3
28 89
20 93
6 93
28 30
16 94
21 23
15 87
17 30
20 20
18 61
3 5
8 98
10 73
25 37
4 90
3 97
15 83
2 73
21 71
24 74
17 64
5 1
12 82
27 5
8 20
13 15
13 81
20 46
18 69
22 8
23 33
10 35
10 72
28 68
1 24
19 9
16 100
25 62
6 45
19 3
21 22
29 41
27 28
9 62
26 72
19 48
0 68
11 41
20 14
24 92
7 98
28 4
0 6
21 59
6 99
20 99
11 53
22 77
19 6
23 45
8 81
1 88
27 35
25 88
19 26
30 76
16 89
12 31
20 12
8 41
12 89
21 9
21 76
1 2
11 29
6 59
9 5
4 13
18 63
9 79
2 20
26 85
1 45
22 48
1 72
1 80
4 50
9 72
8 16
25 27
1 9
23 52
15 61
17 70
11 7
6 52
4 20
12 93
27 9
20 83
26 12
16 87
16 87
11 16
22 46
17 7
15 12
3 64
27 77
8 85
20 32
0 96
24 10
20 47
29 43
2 79
17 22
18 64
28 33
27 95
15 19
15 81
6 54
6 46
28 10
13 34
18 17
2 52
0 96
5 34
7 66
26 65
21 39
27 26
30 68
23 86
17 1
24 50
11 83
29 35
18 65
11 4
15 98
9 32
5 31
9 21
0 47
28 72
23 91
0 44
4 44
1 59
18 6
1 41
10 26
11 86
5 19
12 3
8 86
28 81
2 9
24 10
21 44
22 38
1 89
28 78
2 13
24 57
1 100
18 2
26 24
19 11
29 86
22 90
21 70
9 79
16 62
15 56
21 31
25 47
16 8
0 19
4 32
14 58
9 96
29 67
23 66
16 93
29 33
16 1
18 21
17 99
1 48
26 17
0 38
10 31
19 29
10 70
16 33
0 43
23 78
29 83
0 55
11 60
6 72
26 18
30 32
15 93
25 1
5 83
30 45
11 39
21 54
11 80
12 76
28 11
29 64
29 97
4 43
12 36
8 95
25 3
19 35
3 26
13 50
21 95
25 81
11 40
6 89
1 50
18 57
17 89
1 33
14 85
18 74
28 66
9 48
8 9
9 64
6 49
25 2
14 87
11 100
28 89
4 3
28 99
15 33
26 99
4 63
20 69
11 95
3 6
19 10
19 35
19 56
5 61
20 27
27 64
17 2
3 88
4 69
15 74
10 90
21 11
28 90
20 85
23 63
5 69
4 74
12 57
13 81
25 83
21 39
19 79
28 93
19 96
12 87
13 97
16 97
28 11
4 83
8 81
19 64
6 98
4 1
13 27
8 93
9 45
22 64
24 66
1 7
29 99
18 16
19 18
19 11
2 72
25 65
16 13
25 42
28 74
0 14
0 26
28 72
20 52
26 81
3 14
7 10
25 92
9 12
18 90
7 39
5 97
25 71
9 90
1 25
20 64
14 85
7 60
5 33
13 99
14 30
25 16
22 36
15 11
13 63
26 91
10 42
17 65
19 22
14 37
19 86
21 88
22 65
6 39
5 4
16 34
4 13
15 98
3 89
19 60
8 66
18 86
5 19
17 77
18 52
16 79
2 100
15 62
8 54
2 19
26 20
6 65
10 40
0 94
18 45
20 59
8 58
19 56
12 16
0 41
27 26
0 19
5 85
8 7
20 18
29 100
4 13
23 82
15 100
26 13
8 64
25 23
1 98
23 5
24 34
13 14
8 93
22 81
22 56
19 75
13 48
24 90
11 48
20 72
1 89
5 14
30 33
26 9
16 32
25 15
13 26
28 52
24 88
18 32
28 86
25 59
5 82
9 24
21 55
12 23
16 62
3 22
1 60
1 27
29 64
14 93
25 58
19 7
7 11
8 94
27 24
16 20
27 24
5 22
28 40
14 77
9 71
17 61
26 73
9 55
6 33
26 33
19 96
9 41
29 100
26 18
29 50
21 2
29 71
22 50
22 74
26 6
6 74
26 55
17 56
9 55
18 81
5 80
29 78
25 86
25 5
0 100
15 61
24 47
22 53
0 33
27 32
26 40
24 94
26 84
12 16
15 20
26 32
26 29
15 8
8 33
6 44
22 48
6 65
12 12
13 76
2 63
3 95
18 76
0 94
16 80
20 64
13 47
25 6
7 2
22 33
10 27
5 17
30 21
6 56
28 49
25 49
23 16
22 99
9 30
4 81
28 21
22 65
13 3
15 62
17 57
12 98
24 54
28 97
16 62
7 70
22 80
18 41
14 70
21 22
24 84
24 81
14 35
24 86
16 64
30 31
12 69
6 23
26 86
16 45
7 49
18 11
20 13
29 91
0 99
25 18
9 96
27 91
19 99
19 55
27 23
26 98
12 18
20 10
24 15
10 96
1 57
0 55
30 69
5 67
17 74
4 95
18 66
4 50
1 6
13 81
4 83
19 71
24 63
0 76
20 43
28 50
7 60
9 2
17 24
18 33
9 30
4 53
23 78
24 86
13 91
16 56
30 31
15 40
6 46
22 7
9 60
5 69
3 72
17 1
2 16
16 49
6 70
17 83
6 29
30 8
30 31
14 83
13 69
9 42
3 61
4 34
15 95
26 9
18 86
7 20
7 87
26 98
29 45
26 3
18 1
27 95
21 87
4 52
24 20
5 71
1 90
1 10
12 65
18 80
17 61
8 85
18 72
14 56
4 31
11 6
28 56
30 38
5 70
5 16
0 99
23 8
28 67
17 4
12 75
12 61
26 76
5 25
12 31
13 60
10 30
29 5
28 50
29 5
14 2
6 28
18 47
9 18
17 82
5 51
27 72
12 62
18 25
11 48
21 21
21 94
18 95
9 72
16 24
26 92
0 84
22 11
1 73
12 35
7 63
27 65
26 35
11 79
11 45
9 43
22 63
21 83
29 29
11 88
4 83
0 39
9 64
22 60
2 20
27 69
16 18
8 84
14 76
8 43
2 23
30 28
21 99
21 32
21 45
25 62
24 19
15 81
15 9
20 30
13 81
24 48
4 64
30 71
12 39
1 84
4 59
29 12
13 79
8 72
10 100
25 53
20 16
30 19
3 38
1 63
10 46
25 85
20 59
8 89
10 11
15 58
18 51
27 5
18 44
30 83
30 15
19 53
17 55
1 81
27 74
29 59
9 23
7 34
5 58
5 80
22 18
1 95
20 11
6 42
12 95
26 89
0 72
15 41
28 1
25 35
0 99
5 71
24 68
19 80
29 50
30 72
15 84
29 34
9 2
15 39
12 80
15 52
22 48
5 39
6 81
8 69
1 100
25 10
15 74
8 83
0 42
18 77
27 33
16 91
25 60
24 25
3 62
1 55
29 82
27 87
22 79
1 40
12 45
22 48
26 94
24 59
7 25
19 25
29 97
5 74
9 59
22 45
20 34
5 78
26 46
20 31
20 89
0 33
3 17
26 56
26 21
13 19
11 63
16 75
18 58
12 18
17 50
10 3
18 54
28 83
29 69
15 41
23 86
22 51
22 50
22 49
22 84
22 76
16 41
5 42
4 12
7 9
7 10
3 66
9 4
4 31
28 10
23 37
10 39
16 60
25 14
13 32
23 70
3 54
10 64
2 75
23 47
22 15
16 74
27 95
20 65
12 34
17 85
3 90
0 79
10 49
17 17
8 62
20 97
28 31
26 80
4 66
26 99
17 98
22 10
20 31
16 58
16 77
25 59
25 68
29 97
8 62
16 91
11 94
11 34
9 43
15 34
22 29
10 23
1 66
17 97
11 90
12 75
19 95
16 86
7 4
25 20
4 98
8 92
6 64
1 45
14 82
2 44
7 85
9 24
20 31
24 98
5 28
16 74
19 2
10 72
3 75
25 26
12 45
15 6
11 5
12 88
2 44
10 50
14 2
1 32
27 12
4 10
7 13
15 20
22 25
4 82
5 47
8 46
2 38
20 44
1 73
29 61
26 61
23 35
20 88
8 84
20 46
8 68
0 85
21 19
21 9
22 15
28 91
28 37
23 96
29 7
7 57
1 97
7 47
24 51
12 50
20 80
19 19
1 75
6 41
7 61
7 92
3 82
26 7
8 100
28 58
20 69
20 39
2 16
27 10
1 50
25 48
20 84
30 67
5 25
6 22
28 23
28 28
23 74
4 72
18 33
0 54
17 43
15 70
8 32
9 68
8 67
23 20
8 93
29 29
18 41
17 86
25 42
25 48
30 22
10 23
13 72
25 69
7 39
18 50
22 58
4 99
7 8
8 67
12 58
5 37
14 43
15 47
13 55
16 41
14 77
4 85
24 60
11 20
21 28
10 1
1 52
25 59
9 26
6 56
8 7
11 36
21 66
1 32
17 1
6 32
27 82
5 62
3 55
24 91
18 8
17 99
4 88
29 68
15 47
12 52
24 11
11 8
29 52
13 27
17 74
9 43
20 58
15 46
30 60
18 87
19 6
19 77
8 81
12 49
10 54
25 95
19 62
28 86
22 33
22 21
29 38
23 96
29 55
7 65
29 55
29 26
30 36
24 11
21 78
30 72
15 11
3 98
30 72
26 9
2 9
23 3
22 99
28 78
24 58
21 49
13 51
30 57
24 34
20 35
17 15
3 2
17 94
21 12
18 62
20 23
25 21
30 3
10 11
24 33
1 93
13 4
27 98
3 72
24 27
17 61
27 86
7 92
22 40
24 79
27 18
21 2
16 83
11 90
6 6
6 64
30 15
25 41
23 24
26 22
30 12
13 3
26 42
12 25
23 39
1 21
5 96
26 72
25 69
20 70
0 79
6 41
23 12
19 44
17 62
14 79
0 6
18 3
10 36
27 84
4 11
6 17
1 85
20 56
29 14
23 98
7 28
24 25
12 4
8 91
16 10
21 100
17 21
22 22
14 27
11 86
19 6
25 90
26 81
16 16
9 35
9 3
11 89
1 12
21 62
11 73
30 27
5 2
9 22
9 85
24 14
9 32
14 60
3 73
26 14
11 13
28 49
29 51
6 89
16 64
30 81
7 70
19 72
7 24
5 27
18 73
14 30
14 63
18 41
3 19
5 94
4 8
8 98
10 74
28 26
2 1
13 59
26 15
27 88
0 20
0 75
25 10
26 27
15 39
9 66
21 34
13 60
24 72
19 90
29 44
22 32
13 11
21 16
21 76
28 41
7 76
21 37
27 33
3 3
6 37
24 62
21 38
28 34
5 31
6 35
28 91
29 50
27 11
13 42
5 33
16 83
5 50
3 75
2 3
23 56
25 55
14 69
11 55
5 86
20 3
18 57
22 93
23 81
27 79
4 50
8 17
21 84
27 36
11 89
1 98
29 10
0 52
4 70
25 79
3 66
25 4
6 11
5 26
22 1
29 67
2 69
1 86
3 42
29 81
5 7
7 34
6 43
13 43
29 89
4 16
15 16
14 39
23 63
12 23
30 70
20 65
2 97
16 100
1 25
15 75
11 45
19 22
18 34
29 84
29 12
22 78
26 70
17 73
11 95
20 11
10 4
13 12
18 39
13 46
20 100
19 64
9 64
6 84
23 4
2 14
29 94
16 41
13 68
16 30
26 28
6 77
10 44
13 78
5 93
1 77
21 96
1 67
22 73
3 53
16 12
5 86
6 10
26 61
13 66
8 56
15 8
18 60
29 86
6 55
20 79
14 92
8 26
4 72
2 41
29 34
11 17
3 76
17 83
1 11
6 97
8 49
7 85
18 98
20 19
22 50
23 2
14 14
0 55
0 13
4 74
3 88
13 2
7 11
9 17
9 38
23 43
2 60
6 60
21 53
20 27
11 46
3 72
22 71
24 11
29 51
4 64
14 54
12 17
1 60
16 19
10 2
29 42
11 70
8 70
15 58
29 60
3 5
30 2
10 83
28 18
12 68
14 9
10 18
29 46
1 56
21 74
8 57
19 17
16 79
10 29
21 70
3 24
7 87
9 3
22 73
14 51
4 47
9 15
14 47
2 38
4 13
1 48
22 93
1 12
27 83
29 21
1 80
24 52
20 51
4 78
14 20
11 70
4 3
11 8
28 98
25 40
19 40
28 80
30 8
16 45
5 65
29 19
0 50
14 50
30 81
27 63
0 23
1 72
29 1
10 80
6 55
5 42
11 71
15 38
6 78
26 80
25 99
7 40
4 92
5 86
30 96
5 74
5 96
2 16
9 44
21 69
8 19
15 32
30 99
22 72
15 77
25 35
18 49
19 82
25 21
10 52
25 67
6 77
15 64
19 38
3 3
27 79
24 36
0 30
2 71
9 5
20 16
23 10
30 64
4 33
11 97
19 39
17 73
7 23
1 89
14 71
0 51
15 22
17 82
1 22
7 15
15 28
16 72
1 16
30 15
11 81
29 13
29 9
24 61
19 33
23 36
24 64
21 19
0 28
17 10
18 17
26 14
27 80
5 41
1 99
1 86
24 36
0 66
17 17
8 5
26 100
17 72
2 28
30 100
10 1
9 36
6 35
13 32
30 80
26 30
24 56
12 98
11 57
13 78
4 12
24 96
16 32
28 11
9 49
9 60
8 58
16 39
17 6
8 15
27 29
12 84
7 43
7 14
14 58
8 80
10 18
28 16
15 35
0 91
10 62
13 61
13 98
26 49
23 22
29 17
11 80
5 46
8 50
13 63
18 45
0 100
30 62
0 3
30 52
3 78
3 30
12 92
18 49
16 21
16 80
9 20
1 87
14 86
3 18
23 79
12 38
4 18
17 34
5 67
27 60
22 54
16 67
2 20
22 57
29 36
0 70
25 50
8 46
0 7
22 79
20 97
2 29
26 8
9 26
12 71
20 35
11 78
25 21
19 12
29 94
12 22
17 45
19 54
1 71
25 73
23 21
25 10
15 38
7 10
29 85
21 51
17 50
20 77
21 69
30 32
29 59
7 6
21 71
18 37
13 84
25 67
9 22
18 91
7 41
5 68
18 76
25 26
13 50
1 98
2 91
16 71
7 19
3 81
0 66
9 61
17 99
17 79
11 84
9 2
12 10
23 35
29 6
29 70
4 75
11 17
19 69
16 36
14 11
20 57
13 1
17 20
3 47
28 62
21 3
30 73
21 17
27 97
18 46
21 38
24 42
18 85
13 37
21 50
22 55
23 8
22 78
13 59
16 1
26 82
28 66
28 72
17 63
26 35
27 23
14 61
13 88
22 16
4 95
14 21
13 3
1 33
8 12
12 21
20 83
8 93
25 3
2 5
28 42
20 64
10 21
4 25
19 72
9 16
23 47
28 74
22 13
1 69
10 70
9 41
25 50
25 50
17 59
18 30
14 8
14 95
26 96
18 68
12 92
8 71
11 57
19 35
15 8
4 6
4 10
20 62
23 32
13 22
21 36
22 84
9 56
30 37
25 27
1 64
28 46
2 58
0 90
18 77
21 8
10 28
13 22
23 28
26 11
23 25
17 5
17 68
16 37
15 65
29 37
1 35
1 100
17 69
16 32
9 24
8 13
20 60
23 16
15 70
13 39
30 64
27 79
0 40
5 70
22 55
11 48
2 54
18 18
10 70
6 81
11 9
6 46
1 14
16 26
27 57
18 95
26 79
13 2
1 9
29 29
16 45
15 73
2 92
20 76
25 2
19 84
20 78
8 38
10 94
28 48
15 77
26 30
18 65
21 79
19 100
26 41
3 73
23 75
23 8
30 1
23 64
30 74
15 72
4 33
29 49
17 67
28 37
14 75
28 95
2 100
9 52
29 35
3 43
7 35
16 41
18 7
2 9
9 90
28 11
14 5
14 28
23 84
19 78
21 27
24 47
12 92
12 32
13 41
4 93
28 90
1 42
17 10
0 31
30 24
20 52
19 55
12 78
0 55
19 69
26 99
16 21
13 47
11 98
17 10
15 55
9 65
30 25
21 20
22 13
15 87
24 95
5 92
28 29
9 26
17 47
7 59
4 49
2 43
18 32
21 7
15 79
13 3
21 81
27 4
14 18
22 58
29 99
3 96
15 87
24 4
3 84
4 22
26 13
23 99
23 18
10 6
4 98
12 73
8 52
21 99
7 11
11 66
23 77
7 2
11 49
19 80
6 77
17 33
16 20
30 24
19 30
0 1
18 26
27 55
24 58
22 35
24 28
12 42
29 37
27 88
29 11
6 11
15 6
3 30
8 71
8 17
13 9
14 49
25 28
28 37
25 92
14 78
12 88
11 42
20 51
15 9
7 3
8 11
27 71
22 62
4 37
23 64
12 79
30 16
7 14
17 40
11 24
23 59
20 64
8 16
14 92
28 47
18 85
25 13
12 37
9 91
20 51
20 33
10 59
18 46
23 78
21 35
27 39
5 40
28 33
27 81
25 53
30 97
7 32
16 95
17 51
9 1
1 36
24 25
26 48
20 43
14 66
30 96
4 54
2 59
22 17
22 53
0 66
30 99
6 19
25 84
10 7
22 84
9 37
22 45
18 85
12 61
7 99
3 70
0 15
20 11
11 30
30 82
23 34
16 61
26 30
27 60
25 5
13 32
28 48
27 7
14 69
9 17
10 35
28 41
10 36
22 5
14 44
3 52
20 35
29 40
17 100
30 55
5 42
19 51
10 33
23 18
11 79
5 19
0 58
2 57
24 19
2 72
9 19
23 100
21 100
10 24
16 52
13 59
10 10
5 16
22 83
30 34
0 90
9 2
17 22
21 58
21 51
7 24
1 54
4 91
7 71
28 72
5 79
9 39
13 25
27 93
6 40
2 16
29 19
28 1
25 76
11 69
21 39
16 34
10 64
0 85
1 100
5 90
14 87
30 40
28 96
18 66
29 99
0 93
19 55
14 88
19 70
21 9
10 32
25 6
6 7
30 69
8 95
14 50
15 64
26 26
3 39
22 39
23 38
2 69
22 38
15 48
29 43
17 66
26 2
23 21
16 12
28 60
13 6
26 82
14 8
23 32
25 18
14 47
9 22
24 17
22 11
29 32
0 15
16 80
3 13
3 95
28 52
26 8
11 85
13 63
19 78
17 97
24 3
0 90
14 98
23 84
21 73
29 95
1 88
28 50
18 36
11 10
14 20
21 87
26 100
20 73
16 81
8 93
27 4
0 79
12 11
18 43
5 74
5 93
29 6
23 50
9 61
29 5
22 55
26 95
24 64
15 64
4 22
8 30
26 26
9 73
29 6
2 75
4 77
14 9
20 22
9 94
28 16
5 45
23 22
18 23
26 10
24 21
7 93
8 79
2 52
3 34
1 7
1 87
18 71
18 78
4 60
11 83
15 25
10 2
21 60
4 48
1 34
16 69
4 7
3 14
29 74
0 20
3 78
13 74
29 55
10 70
20 89
0 84
17 96
30 54
28 69
10 90
2 99
18 42
6 22
14 34
6 43
11 93
23 40
21 57
3 12
26 13
10 61
26 64
4 20
6 6
5 22
15 9
13 63
29 6
17 61
8 11
21 22
9 58
30 48
6 23
3 61
1 40
7 76
28 10
3 65
15 8
26 29
22 70
13 35
0 96
17 27
27 81
11 96
18 86
1 50
21 86
5 2
2 40
25 3
11 67
21 57
10 2
24 64
10 16
18 38
11 1
17 29
23 58
2 93
22 76
21 16
13 63
0 77
21 88
26 20
28 18
12 90
14 66
30 40
28 62
22 26
19 23
27 42
28 89
29 91
13 67
6 9
12 45
17 88
19 5
3 34
0 70
13 90
21 75
2 28
20 86
28 36
19 19
15 65
14 78
4 56
20 6
5 52
0 92
19 93
6 26
11 76
2 99
20 58
28 61
16 7
24 27
12 30
21 76
15 40
27 70
6 26
0 76
18 42
16 90
4 43
24 18
28 82
2 14
25 16
22 82
12 95
20 44
4 95
3 62
10 66
20 89
26 74
7 34
15 90
23 64
22 4
14 52
9 67
29 97
0 11
2 20
16 5
10 4
21 56
13 10
12 47
6 95
10 73
10 79
30 33
11 47
30 82
17 60
26 94
11 22
1 70
30 56
18 7
4 53
5 60
2 18
28 37
16 83
18 58
26 93
2 29
9 67
29 13
18 1
29 55
30 99
15 33
15 6
7 59
5 35
17 30
9 43
1 68
2 30
19 4
7 10
18 28
20 82
8 25
8 3
11 7
4 61
4 32
23 54
3 7
11 2
28 59
5 80
5 53
17 79
21 70
0 58
3 16
20 63
30 74
6 66
20 66
19 9
4 34
4 79
24 42
25 25
16 84
23 69
9 10
8 96
16 71
15 53
28 76
2 2
10 93
17 5
20 87
11 62
6 100
14 8
16 41
9 73
6 86
22 2
0 35
17 93
14 66
3 26
11 11
27 9
5 19
22 40
1 61
7 67
13 14
12 59
1 73
0 57
14 82
14 3
24 32
5 9
20 14
11 43
7 14
6 79
4 57
11 62
28 26
28 7
25 65
24 61
15 90
19 39
19 48
2 23
0 13
6 63
26 4
23 63
18 10
0 17
3 39
0 48
29 63
10 9
30 71
15 48
12 88
1 72
18 26
6 19
13 83
23 3
9 91
16 18
25 35
20 48
18 40
24 9
17 32
8 66
19 51
14 90
22 68
17 9
13 32
18 54
30 6
29 11
22 16
5 49
14 99
17 54
1 98
12 63
3 3
23 93
9 41
27 34
29 77
9 86
2 30
14 2
23 65
23 73
3 50
7 31
26 70
23 68
20 12
30 17
21 30
11 42
1 18
20 69
27 52
6 65
30 82
10 9
2 35
30 62
17 96
26 78
29 24
25 67
18 83
16 57
7 60
15 79
13 95
24 35
17 60
9 98
24 100
9 91
7 24
0 37
11 29
25 28
20 5
28 49
24 39
1 24
25 86
14 31
15 33
6 25
2 24
5 94
26 51
0 59
2 63
10 19
13 62
23 89
30 12
10 90
2 73
23 62
11 33
12 25
11 37
26 64
22 59
14 44
20 31
15 96
20 30
21 11
2 88
2 68
28 54
17 92
13 81
4 88
23 76
24 42
23 49
20 24
11 47
28 92
20 70
9 46
29 35
11 39
26 33
2 66
9 65
30 13
21 26
16 84
26 44
13 86
19 52
6 88
15 65
3 28
3 57
14 26
26 90
16 87
1 73
9 17
28 35
14 60
13 30
1 79
15 91
22 72
12 11
12 47
6 48
30 74
27 29
7 7
23 80
19 35
5 47
18 51
4 47
10 43
12 11
13 39
6 48
5 80
28 27
18 92
14 43
27 1
18 52
0 44
24 93
4 66
19 66
0 58
23 61
6 83
12 85
1 44
21 69
10 14
24 85
15 79
23 55
22 67
25 42
26 36
1 74
0 6
27 65
0 31
18 19
29 30
22 38
8 3
10 44
1 71
30 42
23 28
12 47
4 65
1 63
12 42
9 63
4 20
1 82
28 90
19 88
13 7
11 87
2 36
16 29
22 62
23 91
27 77
19 58
12 77
30 94
10 33
7 81
16 85
24 3
4 15
5 5
12 49
0 24
8 12
2 52
18 55
26 40
26 20
28 96
15 78
10 45
7 69
21 55
4 52
30 95
20 94
1 91
1 67
11 35
28 33
22 58
20 94
20 72
27 36
1 35
21 28
25 44
15 13
10 54
1 84
27 76
15 32
2 32
20 64
28 95
10 96
8 93
30 14
25 31
11 12
9 67
0 74
21 8
19 8
19 8
18 44
17 4
13 17
1 62
0 84
7 34
22 96
3 32
15 2
24 50
25 57
2 48
11 98
15 63
9 85
28 43
12 22
23 70
24 60
13 13
1 3
11 9
10 14
6 66
9 94
20 95
10 78
20 11
12 84
28 64
16 5
6 82
21 27
15 45
4 95
16 68
21 67
20 54
18 37
9 25
11 63
13 26
23 5
20 72
22 2
28 12
15 70
26 28
0 91
27 74
17 71
3 42
22 63
1 50
11 47
8 74
3 44
10 57
27 32
8 88
7 67
6 21
16 41
27 73
3 4
20 49
14 88
14 21
1 32
27 91
26 19
3 98
12 26
11 1
21 21
9 42
0 67
26 52
3 13
1 45
22 37
10 6
21 46
5 55
19 42
18 86
7 78
23 57
28 5
0 53
2 46
13 16
25 30
19 72
28 69
11 79
29 22
10 66
8 48
5 64
2 21
12 16
3 73
19 6
17 82
22 44
13 14
25 34
10 4
13 5
22 5
30 65
5 86
5 80
25 39
10 22
4 76
22 39
3 19
3 55
10 57
17 40
5 60
3 25
1 30
22 19
11 77
2 33
6 12
11 79
22 86
20 1
4 60
27 34
11 93
10 65
16 28
11 65
15 45
14 30
23 48
12 35
22 17
2 48
24 29
19 80
3 55
9 65
8 16
5 17
27 71
29 56
12 36
1 7
16 47
14 97
11 73
1 74
14 18
20 6
0 33
19 31
28 83
0 84
3 68
18 46
7 22
12 45
4 87
5 42
22 64
1 25
9 68
2 71
18 93
20 21
16 85
25 55
18 44
5 78
8 99
22 48
13 77
18 3
26 51
30 21
3 14
6 72
12 96
25 64
16 67
4 10
23 47
10 73
1 63
1 56
20 96
22 26
17 3
30 36
10 78
1 26
11 33
23 3
7 63
21 88
20 32
9 2
23 71
24 9
4 10
15 15
9 45
13 45
3 85
10 84
4 87
29 92
25 44
10 67
2 60
25 63
26 16
0 7
16 10
0 87
24 75
1 87
25 55
17 46
20 26
20 64
19 87
17 81
16 73
15 95
25 65
26 44
25 19
9 62
15 16
1 70
12 70
7 5
14 60
9 23
28 98
30 67
27 12
22 85
16 69
24 63
16 79
15 45
22 79
13 1
6 97
25 6
16 100
1 42
19 14
24 24
9 55
12 74
14 69
28 19
28 63
20 33
0 70
6 74
2 81
5 13
10 95
17 28
16 3
0 2
17 72
6 66
11 90
16 45
10 19
24 26
8 45
22 35
2 31
20 92
5 73
11 95
5 13
28 8
26 31
10 49
18 84
12 57
9 46
0 99
20 93
12 61
11 59
1 66
12 34
25 66
2 41
6 61
10 90
0 50
5 44
2 6
26 36
24 17
24 77
3 42
21 37
17 20
14 63
10 86
26 78
10 21
6 42
1 64
8 65
24 56
4 94
14 79
11 59
1 22
7 53
29 10
12 52
25 60
9 23
2 15
3 56
16 86
27 56
15 45
13 69
24 55
18 83
6 30
17 72
4 7
1 30
7 11
22 95
3 57
7 35
21 87
23 93
15 21
25 22
13 5
1 70
19 47
22 27
22 26
5 9
25 92
17 10
24 68
21 43
28 8
17 78
15 78
29 85
5 99
3 81
3 18
24 85
28 64
28 22
0 33
3 28
17 13
22 41
24 100
30 35
18 36
26 79
30 51
6 29
18 64
25 25
9 35
2 77
9 64
17 18
5 68
16 22
6 16
18 93
10 83
22 30
30 44
18 9
2 90
7 4
19 18
13 45
15 70
20 69
26 68
30 83
17 17
29 48
15 65
1 72
18 31
21 94
13 69
5 14
24 27
10 57
27 62
2 14
24 84
10 71
19 25
2 8
9 29
29 17
8 35
1 80
0 89
13 31
0 7
11 33
24 70
28 90
4 92
28 56
22 68
9 82
6 82
10 75
11 14
0 50
3 26
17 7
14 46
14 95
16 75
30 41
25 12
1 33
19 55
27 60
21 64
26 23
19 31
3 22
8 64
17 11
23 68
18 97
9 82
1 39
20 46
28 22
11 23
18 21
21 39
11 16
4 71
23 56
10 62
4 18
4 75
12 45
7 32
5 64
6 95
22 88
2 59
3 56
6 27
10 82
1 57
17 24
11 9
18 19
19 14
5 30
1 55
14 83
30 3
20 93
22 21
19 72
22 36
8 43
29 99
27 90
7 14
8 28
10 6
3 48
5 53
26 87
30 81
3 38
5 91
0 63
20 69
3 60
20 13
25 98
23 60
23 2
25 69
0 60
26 3
17 36
12 66
7 34
6 54
29 70
30 33
2 12
5 60
28 95
27 94
7 100
27 13
0 52
12 23
8 85
1 41
14 100
26 29
12 95
20 19
5 22
18 60
28 30
3 91
3 77
9 3
9 90
7 23
26 35
0 23
27 6
12 71
23 37
13 84
26 23
3 88
1 85
27 3
19 88
3 3
4 96
21 48
7 12
14 9
8 45
25 82
18 74
13 28
26 23
29 22
29 32
27 58
12 33
2 43
14 54
2 84
0 46
26 37
16 98
3 23
17 43
10 4
5 46
4 2
13 62
14 73
13 39
0 7
13 98
9 14
18 64
29 88
25 88
16 9
12 81
14 49
8 59
29 94
0 20
18 67
26 97
26 38
14 35
29 66
23 2
23 64
5 53
1 48
8 57
16 81
4 9
19 3
30 12
7 33
26 83
27 15
25 28
4 44
8 17
20 38
22 61
20 26
7 72
28 64
12 24
17 82
8 74
30 42
19 64
21 63
15 12
4 27
13 11
17 18
0 42
21 76
18 87
27 72
4 83
8 98
6 65
18 46
22 41
21 88
1 6
3 57
12 17
11 1
28 28
9 56
8 49
7 42
23 22
8 11
25 87
25 41
8 15
7 17
20 84
9 45
28 56
12 77
28 85
7 17
23 16
12 52
17 15
15 44
6 54
24 58
17 7
7 41
13 49
3 51
23 80
28 59
26 67
20 86
3 87
4 57
16 79
18 98
10 79
20 13
23 63
7 1
23 76
18 49
3 12
26 76
14 50
1 33
21 53
11 1
30 87
29 91
23 2
29 16
18 43
4 29
5 17
7 10
9 31
25 79
9 74
13 54
0 95
14 90
27 52
8 75
29 61
25 58
22 33
21 37
1 60
14 88
20 41
10 100
28 84
5 12
21 73
1 16
22 2
29 21
5 85
28 51
16 53
0 57
7 38
20 43
12 15
29 46
24 86
13 31
24 88
16 29
10 40
28 29
4 3
21 40
6 41
20 96
29 35
12 62
13 28
26 40
15 77
30 14
3 73
7 38
2 35
0 91
23 16
8 17
13 21
29 91
13 85
20 57
5 4
5 87
24 13
18 94
1 41
2 38
22 74
2 22
6 37
7 73
4 44
22 50
6 41
11 40
11 72
0 24
16 18
21 62
17 50
14 34
6 21
6 5
0 60
29 65
22 76
25 37
14 21
30 50
1 61
20 71
3 31
30 20
4 79
24 40
30 80
20 2
24 50
28 88
5 78
3 26
8 44
26 82
2 86
27 65
15 52
17 29
14 95
17 100
23 4
5 25
0 77
19 18
3 17
24 5
20 85
10 68
13 80
24 59
14 48
16 41
6 67
7 100
23 15
20 21
1 9
26 10
9 44
23 50
0 6
5 54
20 41
17 7
20 67
13 23
6 95
27 34
30 56
3 76
1 21
28 31
22 9
22 19
23 81
10 66
28 76
9 95
16 66
14 42
18 57
1 70
13 43
30 54
13 51
11 73
22 62
6 1
30 5
30 37
27 73
4 62
10 53
25 75
4 17
29 90
3 62
14 53
4 28
7 26
15 76
5 91
1 46
4 76
22 86
27 35
26 38
0 81
5 60
8 35
30 93
12 86
21 10
3 63
20 84
22 41
12 17
0 67
21 12
19 32
27 38
12 58
24 98
5 56
27 34
18 79
9 21
23 47
6 13
11 40
2 57
19 90
12 14
4 22
7 25
27 50
19 31
18 69
13 39
11 56
12 23
25 73
6 36
15 74
0 60
9 12
15 45
3 32
25 11
22 61
26 26
13 91
20 70
10 87
1 37
21 96
3 76
14 60
17 51
29 74
24 93
30 31
27 61
20 38
11 18
25 68
4 54
12 71
12 68
1 61
7 10
3 35
21 4
22 71
7 81
29 40
30 66
17 74
0 95
18 92
22 3
28 19
26 50
27 79
0 9
4 14
30 62
24 74
19 98
11 21
20 43
30 75
22 73
26 100
0 75
2 33
3 74
25 54
13 11
13 68
28 18
2 63
25 4
22 11
1 66
15 44
25 71
11 64
20 65
27 86
7 89
3 49
1 7
1 45
23 62
2 43
23 13
25 65
14 22
28 85
14 5
20 83
16 95
24 95
2 54
5 84
27 100
10 46
7 54
14 12
23 56
1 78
10 51
13 99
25 75
2 59
15 45
9 2
17 82
28 5
4 29
14 38
14 23
3 77
0 11
11 22
7 49
22 2
13 84
6 96
3 82
25 25
14 64
15 2
17 91
3 26
27 15
14 51
2 91
23 86
20 61
22 14
2 65
13 82
16 31
19 39
26 94
28 54
3 89
1 31
13 84
18 53
30 44
9 8
11 69
8 25
26 81
8 67
2 100
8 67
22 3
24 93
13 34
24 43
2 62
10 100
12 94
8 5
27 85
12 58
22 58
17 30
10 61
12 64
21 89
17 95
14 12
22 85
19 27
29 83
17 2
16 12
13 27
26 73
13 17
26 84
3 10
9 75
11 41
30 82
13 10
3 7
18 26
16 30
4 14
22 33
13 91
27 16
16 37
3 61
21 46
22 47
24 48
29 60
7 40
5 29
0 90
4 47
0 30
14 34
3 95
10 49
10 39
10 56
9 25
6 53
22 40
28 53
30 32
9 31
12 10
20 98
17 20
16 65
19 31
5 90
16 31
30 22
24 13
16 62
24 40
2 70
24 77
30 85
0 51
5 70
26 3
9 46
1 52
2 91
0 41
21 46
17 15
22 87
5 86
27 90
15 2
21 6
15 26
28 58
5 90
1 55
30 49
10 96
11 37
26 44
22 99
14 66
25 63
0 6
4 24
12 22
30 77
22 99
15 35
26 99
29 55
12 11
26 11
21 60
21 96
21 67
18 19
14 43
9 74
24 72
10 54
5 81
17 81
20 79
11 58
12 52
16 86
6 52
0 45
16 18
11 15
28 83
21 44
26 42
5 60
22 56
25 60
26 11
12 65
19 66
26 89
8 29
10 8
26 11
7 13
16 90
18 89
28 46
18 100
19 63
23 19
24 79
6 96
2 54
6 100
17 55
24 10
27 13
9 78
1 66
6 37
1 84
13 11
24 31
11 86
18 92
16 74
4 61
0 27
26 4
27 4
27 19
25 85
28 82
28 93
22 44
3 58
12 57
0 18
1 78
4 29
26 28
18 7
26 84
16 48
17 64
27 39
5 22
26 95
16 40
25 24
30 67
9 61
30 8
24 100
1 63
7 91
27 3
25 99
25 41
20 41
19 2
29 86
6 89
29 91
18 74
17 80
3 77
26 74
3 52
26 6
11 59
4 68
13 2
29 94
21 30
30 63
14 26
4 67
28 85
5 96
15 83
13 69
4 62
6 94
25 31
25 16
19 9
16 5
14 18
12 8
16 26
18 81
28 2
3 26
26 75
14 80
20 15
1 3
26 36
22 25
23 60
24 4
7 53
12 20
16 48
5 43
25 40
17 96
17 74
2 74
25 80
4 96
10 68
20 1
3 5
16 16
28 57
9 21
24 49
6 18
1 96
13 75
12 68
18 64
20 84
6 28
23 52
17 91
30 55
30 50
15 46
10 96
13 54
18 45
6 83
12 95
22 12
0 71
4 54
10 17
17 41
20 25
15 13
8 68
1 61
22 13
0 87
24 74
22 60
21 23
29 63
17 8
17 6
7 87
26 81
25 17
14 88
22 36
7 3
1 84
1 32
26 81
19 6
16 16
13 36
29 34
17 54
29 25
21 49
1 87
18 53
24 49
16 13
0 22
22 15
12 78
12 77
27 86
2 53
17 36
29 24
13 29
16 62
24 84
1 26
28 100
11 41
11 3
14 66
9 37
8 30
2 66
19 52
29 20
19 27
14 77
24 23
7 64
15 51
18 66
18 26
22 78
27 67
25 91
0 98
3 52
28 53
23 62
19 97
30 52
0 20
15 49
26 72
24 14
18 27
8 37
14 24
5 15
26 65
15 25
19 76
12 73
7 11
16 69
7 91
23 8
29 84
7 61
0 39
23 69
7 83
17 14
30 50
18 68
10 6
18 3
11 30
9 99
10 31
9 14
1 5
30 22
6 56
9 37
23 99
29 63
29 45
25 63
3 27
2 79
4 13
1 25
21 78
14 17
27 78
11 20
19 57
21 83
24 14
10 40
15 42
23 11
25 47
17 62
13 5
14 9
24 96
11 72
4 26
22 60
10 94
29 43
24 53
24 7
23 21
30 6
27 46
1 75
18 54
7 16
12 31
19 41
15 96
19 66
30 68
2 13
0 58
21 99
16 50
12 22
6 15
3 88
6 5
20 32
15 46
19 31
6 53
13 43
1 3
25 20
2 80
10 46
23 94
28 14
3 81
4 77
4 93
15 95
4 93
26 28
9 59
30 74
25 86
28 91
19 79
8 28
4 16
16 7
17 60
17 50
17 87
28 65
2 38
6 76
27 82
0 50
0 48
6 20
18 97
21 15
25 44
17 85
23 81
3 36
7 48
11 62
17 11
8 86
15 72
21 2
14 12
14 9
8 67
12 55
14 81
17 20
16 38
10 87
10 37
15 31
19 84
17 25
17 52
29 2
30 34
10 16
2 20
13 66
8 76
9 44
28 52
6 38
22 18
5 35
28 14
12 18
27 89
5 9
19 76
11 82
7 16
14 49
17 37
14 49
14 6
14 42
25 11
25 35
25 9
13 36
16 18
4 5
25 95
25 49
10 58
20 52
23 92
25 21
16 7
14 72
24 93
30 28
24 67
29 35
2 4
19 24
3 53
0 28
10 65
4 21
13 57
14 8
14 4
26 42
16 80
13 35
22 17
14 92
6 31
3 11
2 3
11 50
10 78
7 44
25 86
26 13
2 25
19 84
0 15
5 46
16 96
25 4
29 57
2 6
9 39
9 85
3 54
22 28
12 18
21 16
19 47
6 96
12 76
16 35
27 89
17 52
19 49
13 13
28 90
24 16
19 62
5 12
12 66
16 33
18 13
1 10
1 64
18 78
12 11
2 37
4 96
20 33
6 22
23 57
8 13
7 23
30 28
9 52
21 61
21 68
17 44
17 71
9 43
16 86
6 81
9 19
22 2
19 99
18 59
23 12
16 30
18 50
5 19
12 92
4 1
11 52
9 19
21 20
3 25
30 67
16 64
26 37
29 5
9 60
10 91
13 15
13 7
19 52
30 41
26 26
11 100
12 82
26 84
3 17
18 77
5 26
11 11
0 71
26 64
7 73
25 90
19 4
10 90
17 63
25 15
0 62
17 28
20 14
1 61
5 47
20 92
25 9
8 38
23 34
13 23
7 78
25 48
8 80
0 72
2 11
3 56
24 47
20 22
22 58
0 99
14 53
17 15
27 96
1 94
21 42
19 51
6 34
7 79
9 14
17 80
30 42
28 26
13 28
27 90
3 66
5 17
27 80
8 46
12 29
2 26
13 35
15 66
24 13
20 52
12 40
20 12
16 67
30 79
24 89
22 3
14 45
6 21
6 25
24 61
4 88
29 57
18 2
10 13
8 35
20 63
27 42
26 71
9 63
20 57
1 49
30 44
9 31
18 46
18 43
24 97
5 19
23 91
9 71
29 63
22 82
26 55
9 87
6 13
11 5
2 61
10 64
11 83
30 70
16 30
15 69
24 31
2 73
3 54
30 65
15 45
2 29
25 2
3 39
23 51
25 68
5 10
4 45
16 2
29 73
1 81
2 17
12 93
19 75
26 39
2 99
4 43
19 49
30 89
30 3
7 8
15 2
14 92
23 35
7 15
18 73
5 25
3 27
18 22
19 92
29 24
10 60
13 77
28 5
24 66
21 79
8 37
10 74
21 10
23 13
30 6
9 32
27 14
8 78
27 72
9 29
17 85
30 19
10 88
23 75
21 38
5 86
18 55
23 96
1 11
29 21
30 36
15 55
13 72
26 92
10 41
14 54
23 50
14 33
11 3
2 6
2 22
18 29
17 40
7 97
23 95
20 63
20 62
1 7
10 20
21 82
23 80
22 6
24 73
24 46
21 9
29 62
23 71
2 66
9 82
7 55
28 17
8 62
18 80
21 55
12 96
16 91
20 19
18 75
7 13
16 1
19 15
1 16
12 72
6 85
30 52
13 16
5 46
17 17
15 56
3 32
27 23
5 41
16 34
26 34
7 41
3 9
6 64
20 29
18 31
14 8
8 5
16 2
5 93
30 57
10 22
2 94
23 57
4 67
10 5
13 38
4 76
21 43
30 22
17 60
1 5
18 76
27 51
23 11
22 45
16 89
10 15
24 63
0 56
0 3
0 18
7 60
23 61
15 82
25 75
11 31
7 86
17 17
23 2
21 48
12 87
13 94
17 100
27 30
30 97
11 41
0 42
10 6
23 35
23 8
26 56
6 100
24 40
25 15
14 44
20 70
12 94
17 70
5 98
5 34
6 70
17 93
3 27
24 82
22 88
28 88
23 55
21 39
3 92
20 23
12 91
17 27
12 100
27 17
15 63
3 59
3 6
19 63
24 86
28 49
26 18
10 69
21 90
20 51
20 95
14 34
9 78
22 71
10 39
11 94
19 50
5 86
22 3
23 15
28 39
5 10
4 78
18 100
4 90
20 59
30 30
3 84
8 15
29 46
8 43
29 80
13 87
2 28
9 89
27 16
15 21
9 45
10 39
29 13
25 15
15 74
0 6
8 21
29 93
23 79
1 24
1 36
13 45
21 69
26 35
8 42
24 11
0 33
13 94
1 2
28 18
29 5
1 25
2 82
30 46
10 7
5 97
19 98
17 36
29 83
20 50
6 63
25 8
24 32
22 56
5 74
12 30
29 64
9 41
16 91
11 18
0 68
9 76
13 23
21 47
4 56
8 53
2 3
2 47
27 39
24 92
24 87
18 18
24 20
10 19
8 100
14 20
26 23
0 57
4 1
29 72
12 54
21 82
16 7
9 40
27 87
19 73
17 34
27 86
22 71
22 48
23 25
7 21
10 37
25 73
2 7
5 29
27 83
17 86
14 54
19 48
22 10
21 39
18 2
24 36
24 97
10 54
19 25
30 40
13 37
18 100
22 14
26 33
11 85
9 51
23 37
4 12
9 67
17 79
25 98
15 58
23 79
15 46
8 97
8 81
16 93
14 79
8 90
16 19
22 13
11 71
13 9
19 6
16 42
21 91
12 95
3 40
30 51
29 22
7 39
24 85
6 71
28 68
24 30
9 85
21 15
7 48
3 63
8 93
11 58
16 71
1 52
16 29
14 57
0 59
10 46
20 16
16 18
1 89
9 2
15 31
6 14
16 60
10 60
27 80
26 4
3 95
10 62
8 41
16 45
4 79
28 26
11 95
7 54
26 38
25 92
18 18
1 58
17 87
15 37
6 4
16 63
29 48
5 53
12 33
11 71
20 35
24 82
19 43
19 94
26 30
2 80
21 34
20 32
18 16
6 17
20 85
25 68
12 39
17 89
10 47
14 7
3 38
0 97
9 73
30 17
6 32
24 28
7 68
13 99
14 97
15 49
9 59
22 48
18 41
24 37
14 34
8 93
4 10
6 41
9 37
3 4
21 71
15 88
4 6
15 5
14 11
29 15
22 56
13 42
12 62
8 28
29 100
15 46
20 98
18 65
12 17
2 34
24 62
26 34
27 10
30 12
13 70
12 42
20 75
24 16
13 63
8 22
26 63
13 28
12 16
13 96
2 40
24 21
14 34
23 45
10 4
15 59
4 3
21 98
11 49
23 13
12 42
24 57
15 6
30 44
14 40
3 94
7 25
25 47
23 20
7 89
12 70
14 67
7 94
0 18
18 56
13 66
3 93
4 6
26 90
19 39
14 91
16 22
22 82
12 32
6 75
24 28
16 71
27 48
2 60
0 29
17 38
9 51
29 4
19 56
29 2
15 81
9 12
14 45
19 95
19 97
23 81
18 60
21 95
18 100
3 62
24 6
18 40
6 63
7 55
15 98
7 49
8 64
18 53
13 77
26 50
6 64
11 66
18 1
5 28
17 11
14 69
18 45
19 28
8 17
28 34
24 49
2 2
24 21
8 83
0 70
17 33
12 73
30 99
5 8
8 77
3 20
7 19
10 81
6 64
0 2
25 68
12 81
21 6
3 2
12 89
15 38
26 70
16 49
27 85
20 63
6 83
28 16
29 63
6 28
11 94
18 86
11 18
21 19
11 43
27 30
19 83
23 95
13 25
26 76
17 85
19 90
26 15
17 30
12 79
18 32
21 10
14 14
6 29
5 77
20 12
5 61
8 83
13 61
23 32
13 96
9 16
13 65
21 34
24 64
22 56
18 34
10 1
20 20
12 34
8 83
5 9
9 34
11 31
24 43
6 64
26 42
17 96
24 98
20 82
16 75
6 82
18 4
19 23
20 46
0 45
2 88
23 50
17 92
2 76
28 37
3 11
15 21
15 12
11 49
12 77
15 68
18 48
3 40
27 15
7 94
19 40
14 35
22 55
5 85
2 96
21 71
29 60
10 65
14 12
13 42
15 21
6 100
26 40
17 7
1 65
22 93
23 82
6 61
24 18
30 61
7 77
14 47
1 59
4 29
29 89
17 63
21 52
1 41
22 47
10 9
11 90
7 40
12 21
13 87
15 93
15 23
26 62
24 97
4 35
5 77
5 12
2 44
9 10
5 97
1 91
2 71
2 59
13 74
19 19
26 41
15 18
17 12
13 61
23 49
17 35
30 63
11 80
20 49
2 18
11 81
15 60
9 70
23 40
30 88
29 3
0 39
22 32
18 50
8 44
13 56
4 44
18 57
24 48
21 2
22 19
5 32
1 46
23 89
22 14
5 85
4 61
30 64
8 2
18 79
16 16
16 58
14 76
27 66
10 33
23 79
25 48
3 35
16 37
7 65
14 28
28 84
27 16
0 11
16 79
18 42
12 64
10 29
27 29
3 39
12 66
8 38
8 16
8 34
15 93
4 28
25 4
13 33
8 10
4 12
8 86
9 22
20 68
0 20
29 22
12 76
8 95
7 85
5 78
4 66
30 15
8 17
16 17
21 51
8 44
26 35
10 13
7 22
27 74
17 61
16 86
13 11
6 36
11 61
25 20
25 3
4 97
10 98
25 34
1 95
24 73
3 15
25 97
15 24
18 64
8 89
15 89
18 1
7 89
5 68
8 42
19 78
1 38
21 74
6 37
13 15
19 32
4 22
30 12
4 45
8 49
30 62
29 78
21 20
16 4
17 32
24 68
5 6
28 10
4 17
13 79
26 26
10 45
26 91
29 48
23 10
7 27
4 75
20 44
24 51
2 90
16 73
8 43
17 82
26 18
30 1
5 19
28 2
21 18
9 15
14 12
16 26
28 49
11 91
30 95
13 2
23 21
8 83
13 83
0 4
10 1
7 20
28 75
10 19
13 7
11 78
13 54
11 60
21 40
11 28
26 93
22 48
16 62
24 54
8 26
8 91
0 29
4 65
22 4
5 79
7 14
28 93
26 19
29 46
13 31
20 32
20 54
1 57
29 46
17 11
0 94
5 91
21 71
24 15
10 12
11 12
1 32
24 69
9 86
2 90
9 19
15 98
22 36
29 24
17 73
10 34
29 99
8 43
0 72
11 36
6 63
17 45
17 84
8 72
22 5
12 32
22 84
8 80
4 31
17 62
19 46
16 48
19 93
16 42
2 37
17 28
18 7
20 77
19 71
28 47
30 57
7 7
24 78
17 24
21 62
6 31
14 84
1 82
30 31
13 18
4 63
12 72
14 74
24 49
29 44
23 55
30 54
28 66
27 48
30 87
13 50
15 50
18 63
28 51
20 43
26 4
26 1
28 14
30 41
0 70
11 99
15 41
7 70
10 55
25 14
1 34
4 100
30 9
20 67
0 38
20 26
15 11
26 42
10 69
12 76
24 9
26 70
3 63
14 25
0 53
21 7
16 28
27 57
7 99
9 43
27 24
19 1
5 76
18 99
4 67
21 36
27 82
16 96
0 14
30 93
23 55
27 67
14 34
1 30
10 60
14 75
16 41
21 16
12 11
24 3
17 3
11 79
7 49
7 7
24 80
30 81
28 26
25 95
29 55
4 17
29 4
3 64
30 73
15 52
16 47
29 13
26 9
20 16
5 76
2 56
18 79
0 54
28 62
22 14
19 41
4 78
28 77
7 76
21 37
30 87
28 25
11 16
22 76
25 46
8 55
24 61
21 55
25 58
16 94
27 3
0 90
26 96
26 52
23 18
11 5
23 36
17 84
10 59
22 46
7 19
27 94
16 60
19 88
4 30
25 100
8 93
9 31
16 94
5 74
16 8
15 69
1 6
21 45
16 6
17 92
10 81
13 38
10 84
4 15
2 47
28 79
6 73
13 63
14 99
3 68
21 12
29 33
20 72
23 42
24 76
18 57
3 95
24 9
0 90
18 82
13 19
23 65
4 84
7 68
9 54
19 61
8 68
4 28
21 96
4 66
24 18
1 29
11 37
3 33
27 87
28 5
18 97
7 57
23 68
13 81
22 74
6 100
30 84
23 18
16 14
23 32
29 14
30 65
23 97
14 93
21 43
4 3
8 69
20 34
29 99
7 19
16 83
7 51
16 26
4 63
11 51
27 14
10 73
7 18
15 53
7 5
16 89
6 78
1 62
29 2
9 32
7 39
25 57
1 62
11 63
28 33
26 37
4 96
14 95
28 60
25 25
22 94
20 68
30 53
11 46
22 19
8 81
14 38
25 68
19 71
17 12
13 54
20 59
5 46
0 38
29 16
3 75
6 78
21 77
20 76
21 93
20 1
26 83
7 13
7 58
20 60
19 2
1 98
8 33
11 82
27 18
26 87
22 59
5 33
10 60
22 24
14 95
1 51
0 32
1 25
12 50
14 59
2 57
13 45
28 36
19 54
6 100
5 23
29 69
1 69
21 9
4 48
19 65
19 91
22 46
12 29
3 22
14 67
28 16
21 74
18 29
12 81
3 52
2 26
20 29
21 87
5 41
6 6
25 89
