1600
23 6
6 28
26 54
1 76
20 16
11 20
17 45
19 62
13 48
22 58
0 10
2 86
11 16
27 18
16 83
13 25
20 23
28 24
28 57
12 84
2 72
1 67
3 9
27 83
13 88
18 11
25 6
28 22
4 90
29 92
29 14
10 49
11 96
6 86
20 90
24 17
17 94
19 95
11 53
28 59
9 5
15 9
2 30
20 37
29 58
25 10
6 63
2 75
1 49
29 63
29 3
14 81
25 14
27 6
2 68
5 60
30 20
7 24
11 96
12 82
27 98
11 34
29 38
13 87
25 42
28 46
23 10
15 97
2 27
12 39
7 16
9 45
5 80
30 30
26 69
23 13
26 81
27 99
28 74
28 42
23 46
25 24
15 67
24 65
16 10
9 29
15 26
26 49
2 13
26 4
13 21
2 8
13 87
19 11
20 96
25 55
0 15
4 11
9 86
18 31
15 92
8 97
20 29
26 88
15 76
28 64
26 32
6 46
0 91
7 14
13 3
28 56
6 2
22 67
18 30
1 39
7 79
14 77
13 36
13 1
19 25
24 79
25 34
21 3
0 81
12 60
13 96
6 90
14 47
21 12
10 67
27 25
18 76
17 94
4 48
29 88
24 73
2 88
30 49
27 13
1 21
3 95
17 22
2 35
2 18
12 35
23 1
16 89
29 10
24 69
5 22
19 57
25 90
6 66
11 37
26 94
20 97
22 77
30 66
4 45
10 72
6 23
5 61
12 28
21 5
29 47
22 96
19 24
5 23
2 93
9 38
29 11
11 90
11 6
14 65
18 1
24 39
8 93
3 16
11 65
22 19
8 65
5 74
29 76
9 73
7 87
12 59
2 28
6 23
30 54
2 41
20 28
17 93
25 7
9 45
15 74
3 33
10 99
15 30
5 8
30 42
23 4
17 60
22 13
29 72
29 35
24 81
6 63
22 75
4 99
27 99
20 13
23 22
8 51
28 75
27 43
19 53
8 57
27 51
28 83
2 77
4 28
14 45
8 95
16 27
14 45
9 37
5 89
11 16
13 67
29 74
8 92
27 23
29 41
4 60
6 48
25 80
26 97
13 23
9 20
15 82
24 75
30 67
14 28
8 59
30 54
21 27
12 25
4 70
3 52
11 76
4 57
22 11
0 95
21 51
29 9
2 6
17 71
24 55
0 78
15 39
11 18
29 30
18 54
25 1
7 88
28 94
30 93
10 99
10 70
2 83
29 82
21 10
20 59
7 22
7 70
8 53
29 22
12 33
22 23
22 49
26 91
14 14
14 22
20 40
0 57
15 27
24 69
19 58
22 49
23 6
29 47
1 1
13 43
29 14
10 83
29 81
12 87
3 75
29 77
15 55
3 83
5 25
7 77
7 90
0 17
14 44
5 84
20 32
26 42
16 100
23 19
11 4
17 40
15 81
20 89
9 86
24 58
0 99
21 94
27 78
4 71
5 35
5 73
9 21
22 48
19 58
13 71
24 82
18 76
12 47
2 29
13 43
26 11
9 58
8 67
25 33
18 75
1 29
5 50
11 97
4 61
4 68
0 93
26 26
29 94
21 13
28 89
26 71
6 41
4 68
20 14
27 13
24 82
1 52
30 60
29 6
17 66
24 57
29 63
18 96
5 76
12 89
19 70
25 80
5 21
28 44
26 89
30 36
13 92
2 33
27 52
3 78
27 62
0 31
19 81
20 49
20 68
5 97
14 81
11 59
23 97
5 61
9 50
15 30
12 75
18 56
25 87
3 47
6 93
22 35
18 81
10 64
9 74
8 84
20 75
25 52
30 58
11 43
6 30
