1600
3 29
28 26
4 9
8 11
0 49
16 75
30 90
21 75
6 46
19 69
8 54
24 96
30 21
4 18
26 90
4 50
12 60
19 43
15 84
20 21
16 69
12 37
13 42
15 32
13 29
0 61
26 19
5 20
19 32
13 7
3 91
11 48
13 35
1 49
7 34
25 48
20 97
22 86
17 29
20 44
5 53
9 49
12 44
0 34
19 17
19 5
15 14
28 45
14 5
19 55
28 96
16 98
30 20
14 37
7 36
5 8
7 48
12 45
4 53
22 67
1 9
0 85
21 89
26 9
2 59
27 65
23 40
5 31
4 78
16 66
21 97
17 19
25 86
1 77
27 46
13 81
24 20
18 8
23 58
22 76
6 59
16 80
0 73
18 18
15 73
22 78
15 46
20 76
2 81
9 31
4 74
19 48
29 66
25 46
29 45
5 32
11 32
2 28
21 76
5 40
15 35
10 72
19 92
24 5
16 76
1 18
9 69
18 47
26 49
28 32
8 21
10 69
26 53
11 22
12 24
24 43
6 70
15 41
27 4
16 60
5 31
5 44
29 12
9 6
22 36
30 27
19 6
16 57
4 38
6 30
7 85
25 93
24 74
25 24
26 31
30 10
17 9
23 23
4 15
7 12
21 48
7 80
19 61
0 92
18 74
7 49
7 34
23 73
27 100
4 25
30 91
2 95
16 4
18 46
18 62
11 94
11 51
9 21
26 63
28 58
25 44
17 87
27 95
15 49
14 34
25 82
3 60
2 36
8 91
25 32
2 1
27 56
14 66
19 74
9 43
2 30
25 28
22 85
13 83
16 2
2 8
19 2
20 17
6 46
11 49
4 88
11 60
9 20
3 75
8 60
12 58
8 15
4 77
5 30
19 61
11 77
27 41
4 46
27 35
29 67
20 81
4 55
25 51
19 82
18 81
11 1
1 86
8 56
24 54
8 94
30 77
4 78
19 62
21 49
10 31
6 23
22 1
26 93
5 64
23 65
21 83
10 84
18 98
21 88
2 71
14 4
21 62
17 12
0 12
18 100
10 7
11 58
26 23
1 2
30 23
3 51
3 15
5 86
8 26
7 66
22 3
12 37
25 84
15 33
1 92
30 37
16 5
15 14
20 59
30 72
5 40
19 68
0 68
15 23
13 98
27 19
23 51
7 39
18 85
11 56
3 18
28 82
24 26
21 90
24 8
19 58
10 69
11 76
20 37
20 34
10 67
21 71
17 89
11 50
12 23
10 11
8 67
8 43
22 48
7 80
7 9
12 10
3 40
28 57
26 56
30 99
3 4
1 76
13 20
27 2
5 47
22 41
1 65
0 71
5 83
11 1
30 73
16 32
0 85
13 41
0 96
4 61
4 51
12 31
8 71
3 35
27 24
1 60
29 28
18 42
5 53
29 50
1 17
8 51
16 73
10 27
5 15
9 72
13 4
2 16
18 84
2 33
9 68
28 11
13 44
8 46
12 70
22 44
13 77
26 4
24 32
8 10
11 9
6 3
20 25
14 49
17 41
7 91
10 2
28 59
26 89
30 96
13 93
16 3
0 98
19 4
23 39
15 33
16 41
28 62
1 74
20 66
19 5
7 15
17 58
8 74
12 67
26 91
30 90
3 78
3 6
19 66
14 44
24 50
1 7
20 12
29 6
14 45
12 24
3 23
3 50
27 91
30 23
4 11
3 1
9 68
29 9
28 39
28 94
1 29
14 3
12 76
9 71
16 14
13 21
11 6
24 25
13 94
0 100
22 78
6 55
9 65
7 74
28 16
25 57
30 71
26 14
20 62
22 7
24 52
