1600
29 70
12 55
16 84
21 69
0 54
16 96
23 39
22 62
6 88
15 57
1 49
21 29
0 18
16 31
27 55
25 23
4 84
28 90
24 51
29 29
15 50
19 57
14 38
14 96
24 54
25 71
13 19
25 1
7 9
11 40
25 41
12 61
24 90
21 85
18 21
30 61
20 66
5 23
11 92
12 23
12 37
26 1
9 39
12 49
10 75
10 46
15 53
20 19
9 64
30 21
17 69
21 67
30 100
1 65
2 84
25 81
10 54
27 96
4 56
13 79
29 66
18 33
29 71
15 35
11 75
13 17
15 30
29 36
7 96
11 41
7 86
14 70
22 71
25 43
16 43
0 62
28 2
10 19
25 14
26 35
12 79
1 72
24 59
18 34
25 44
9 15
9 1
17 82
11 70
16 58
8 5
5 54
9 64
12 55
27 4
1 8
25 3
13 55
10 17
16 10
22 100
3 61
28 68
7 27
7 43
21 50
22 98
2 98
21 39
26 59
1 5
2 24
10 21
29 80
29 81
23 51
29 70
19 80
2 79
13 39
8 87
18 82
8 33
7 41
15 20
7 97
12 28
24 10
10 59
2 93
30 61
25 90
22 15
5 8
7 21
27 64
21 58
1 40
3 44
10 34
16 97
3 25
19 62
13 53
27 45
19 26
9 72
4 55
17 41
7 76
11 18
13 13
14 14
2 38
16 9
5 99
26 2
9 7
24 82
26 12
28 28
24 47
0 77
2 47
0 71
12 85
12 65
29 80
20 62
3 70
5 11
29 23
10 80
28 76
3 95
2 58
8 96
9 15
7 25
25 50
26 51
21 47
16 21
16 18
15 38
15 49
21 43
25 96
30 66
16 99
1 19
27 81
23 46
25 85
2 90
24 41
1 82
4 34
16 41
11 10
19 53
24 37
24 84
9 31
17 8
1 12
7 98
10 52
28 36
26 54
1 62
17 5
4 51
6 66
15 74
30 63
11 15
15 84
27 16
5 86
12 40
25 74
27 19
23 45
3 95
6 38
22 74
17 6
9 72
22 42
22 83
30 58
11 6
30 92
16 6
30 38
17 97
20 53
25 55
30 10
11 31
27 52
2 83
12 30
17 29
1 95
27 51
27 99
7 66
5 18
22 72
28 27
29 85
15 99
17 10
15 68
29 87
21 62
10 93
26 83
2 16
8 70
18 17
27 69
23 91
16 62
15 28
22 72
1 37
0 31
24 52
27 18
4 23
14 7
30 29
9 31
3 68
14 63
5 59
30 49
21 60
6 97
24 90
16 88
9 22
28 6
12 46
4 27
27 16
0 100
21 35
29 34
23 81
16 73
2 25
13 79
0 66
27 33
14 27
1 44
3 37
30 30
26 82
1 1
29 62
20 8
16 29
9 79
17 94
8 89
15 43
3 43
22 11
27 11
15 29
8 41
9 66
29 6
22 98
17 60
9 65
13 84
1 47
27 79
15 16
14 78
21 66
17 91
2 54
2 90
27 56
22 76
7 2
9 32
27 4
8 57
24 11
27 63
4 18
17 95
22 40
18 31
26 54
16 60
12 62
7 85
8 11
5 61
14 22
27 70
28 39
30 68
25 58
13 17
29 6
18 89
3 84
1 96
18 5
14 42
20 39
4 69
2 6
10 15
23 44
11 89
30 29
5 48
8 64
17 11
0 94
18 13
28 28
15 1
11 72
14 62
15 62
19 100
0 64
29 2
23 95
2 3
14 71
8 48
10 33
4 31
5 96
0 78
14 91
30 2
27 27
22 29
16 92
3 32
9 51
22 17
9 62
15 32
5 50
8 40
