1600
8 49
1 12
12 48
14 55
7 30
12 24
12 17
29 61
2 83
14 9
21 84
16 100
29 26
27 98
3 90
15 67
15 30
18 50
14 92
25 35
26 45
7 44
8 85
5 75
25 38
17 78
10 66
8 99
6 44
28 21
4 37
29 35
14 12
22 9
16 86
1 39
4 60
24 95
20 62
15 13
1 67
21 40
14 84
4 85
12 1
20 28
1 8
6 60
24 23
20 8
19 74
23 79
24 65
11 53
21 23
2 33
25 62
12 67
12 75
23 39
9 60
19 49
22 72
28 55
29 43
19 71
14 73
22 3
15 98
7 81
26 34
10 35
16 76
2 67
8 92
30 62
14 13
10 79
0 87
11 31
25 79
13 41
19 72
26 50
15 2
21 35
6 78
1 31
25 79
7 77
20 82
19 60
19 40
13 29
25 9
22 35
21 4
26 89
14 20
23 10
6 37
25 67
16 12
26 47
19 29
15 79
6 35
5 72
10 16
30 94
23 99
9 66
20 87
6 43
5 62
1 38
21 84
19 8
1 90
0 65
8 24
0 81
18 58
3 78
18 64
24 65
9 11
10 99
16 32
14 4
15 43
27 61
27 88
7 25
9 37
25 4
23 50
9 87
17 46
20 25
4 97
3 24
28 68
30 70
16 74
20 96
3 71
8 79
10 96
6 53
22 44
22 24
29 1
7 17
15 8
27 56
10 28
23 72
4 23
6 99
9 68
13 56
26 21
11 17
29 15
5 41
1 9
2 17
11 57
23 61
9 57
21 86
0 5
27 14
18 70
14 2
7 54
30 53
19 48
18 84
16 15
13 66
5 75
21 1
3 28
20 50
3 48
14 7
16 34
1 19
11 86
18 70
23 31
10 88
22 49
16 32
29 28
29 69
18 62
4 89
28 40
19 99
21 82
4 19
27 46
22 1
12 2
14 3
3 45
20 20
14 51
24 73
13 20
27 44
22 76
20 78
28 18
25 38
0 61
6 15
23 70
15 79
6 49
14 21
4 53
8 26
19 63
26 46
28 81
3 14
14 56
2 44
10 41
2 87
23 48
6 2
15 23
4 14
4 5
26 48
11 35
18 5
24 6
26 39
24 36
19 17
28 10
6 7
19 87
5 60
20 21
11 97
15 71
9 42
10 59
15 5
2 17
26 51
20 3
21 94
23 50
26 22
23 3
7 10
3 69
17 72
24 50
10 60
30 16
15 75
24 6
20 69
7 47
9 91
8 28
20 93
6 21
4 14
1 2
27 54
17 80
1 28
8 98
15 36
20 100
12 21
7 99
6 50
27 100
10 71
7 15
15 80
0 92
10 32
20 12
19 83
26 14
7 72
19 71
12 99
30 12
20 29
12 72
17 60
0 96
6 15
10 36
10 37
9 10
26 77
20 3
18 92
16 33
25 83
0 21
20 84
1 24
13 20
3 19
16 46
25 77
28 43
15 99
8 39
22 86
30 25
27 66
9 5
14 97
30 6
29 61
26 50
4 99
2 78
17 48
23 7
26 25
24 74
22 92
23 43
12 45
8 3
19 94
6 2
23 50
25 24
5 72
30 63
21 7
9 53
7 100
11 49
2 93
8 49
20 78
18 14
13 47
29 8
12 82
29 35
30 27
25 86
1 41
11 26
8 100
15 74
26 1
1 7
26 21
24 93
18 80
13 68
18 60
7 11
15 34
6 20
25 2
24 10
25 10
11 51
1 36
20 88
12 10
12 20
6 46
7 73
20 53
22 83
8 48
6 65
20 9
8 37
5 39
15 92
9 66
16 28
29 14
9 75
3 3
15 66
