1600
11 83
17 25
3 11
10 99
26 83
20 8
12 42
4 37
13 83
3 83
30 43
26 89
20 52
26 45
23 1
18 1
4 1
30 14
24 60
22 67
19 11
9 4
9 43
8 63
1 16
22 27
26 68
23 56
26 34
22 26
1 59
2 12
6 18
12 21
18 57
24 77
25 54
7 68
3 66
21 69
5 62
7 84
6 55
13 57
22 22
1 2
20 54
24 55
15 54
12 39
8 64
9 68
15 17
29 10
3 44
5 56
8 30
6 53
8 21
2 46
22 66
12 42
8 41
4 64
10 59
14 28
25 67
10 62
11 68
30 2
18 48
6 34
4 63
20 40
21 3
10 64
2 52
17 70
18 59
9 15
21 85
14 6
8 76
29 62
10 21
24 98
18 100
13 10
8 76
26 24
28 62
7 47
5 98
27 18
26 24
10 16
30 69
0 57
27 46
16 78
11 6
12 74
23 97
9 27
21 10
19 61
24 59
26 8
6 38
16 88
20 16
26 95
24 65
8 18
13 3
13 55
19 20
29 61
15 9
25 5
27 12
18 50
9 57
4 28
28 91
5 7
7 16
25 7
4 28
20 64
5 39
11 26
25 77
21 53
1 4
20 25
30 22
19 28
13 89
7 32
8 7
1 25
11 96
22 17
23 67
29 82
18 92
29 39
5 77
9 67
30 76
24 97
12 89
23 59
23 75
11 45
27 43
23 27
11 59
25 76
27 89
3 21
2 57
14 37
0 25
18 29
30 68
7 62
20 23
12 97
12 37
22 82
1 12
26 50
5 97
4 2
23 1
11 84
0 31
4 28
4 97
27 14
26 46
23 67
20 99
20 41
23 25
19 87
29 59
7 46
15 65
12 8
23 42
0 99
19 32
7 39
15 35
27 7
18 8
29 4
10 76
13 5
20 18
3 28
27 5
22 86
19 62
11 43
19 42
22 33
9 11
21 44
9 47
16 25
21 93
26 90
5 2
10 32
30 46
21 91
13 43
7 51
10 62
8 51
2 62
5 95
21 82
7 47
20 46
0 59
22 8
12 66
8 100
4 60
22 37
23 1
30 46
23 38
16 39
23 56
1 33
8 100
14 33
14 52
28 88
6 66
12 69
30 35
25 76
19 62
18 28
26 90
22 74
1 81
28 86
14 24
11 37
12 11
24 59
23 74
11 63
17 83
19 7
15 44
7 40
25 5
29 66
9 48
17 52
28 11
17 53
4 50
18 37
4 42
8 33
5 50
30 76
15 69
24 53
29 90
21 39
25 40
26 56
13 67
27 17
10 80
0 49
18 52
24 43
11 8
27 38
6 80
5 56
17 15
24 77
12 2
26 46
26 13
2 25
21 40
24 26
24 84
17 16
30 55
30 91
25 87
15 93
12 38
2 35
19 35
12 90
0 55
16 67
22 76
19 55
15 15
3 25
23 68
24 8
24 76
19 51
21 53
10 30
3 36
5 62
5 79
21 90
28 65
0 85
11 29
6 8
11 24
11 19
26 81
4 22
11 59
9 75
19 4
6 10
1 34
3 58
1 61
23 89
9 8
8 68
26 99
9 57
2 44
8 90
15 83
8 72
18 94
7 26
11 5
5 36
11 2
30 28
18 47
8 10
5 95
30 28
8 44
27 9
27 9
16 59
6 58
10 63
29 86
14 50
29 35
9 85
8 55
11 36
20 70
1 63
27 97
12 69
11 79
29 74
0 64
26 68
25 41
1 5
1 18
19 51
0 7
4 90
15 88
2 90
21 2
22 17
1 3
0 49
23 14
17 78
1 95
16 75
28 8
3 80
16 100
