1600
16 44
9 21
7 97
24 10
4 45
20 30
6 10
7 74
8 90
13 94
5 88
25 35
28 97
2 29
9 85
4 42
20 45
29 67
5 22
11 97
5 25
20 86
15 71
5 7
14 78
17 11
11 98
15 31
22 60
3 53
16 32
5 45
4 63
24 81
1 11
19 30
23 100
21 15
25 54
23 96
15 90
21 55
15 92
18 11
9 100
7 39
26 53
0 63
29 7
27 90
25 31
26 38
16 28
26 43
30 67
23 68
26 42
13 14
29 12
6 73
7 64
5 90
5 6
28 92
10 43
24 56
24 17
12 9
18 12
25 70
25 66
30 82
28 84
22 25
6 46
17 87
1 76
24 86
14 30
15 90
14 32
9 47
16 17
27 22
16 35
28 67
10 17
15 77
10 46
22 59
6 13
15 58
22 27
12 77
3 59
10 85
23 33
11 3
28 93
16 89
6 74
1 21
24 100
21 95
14 39
22 29
25 25
5 91
30 6
4 4
30 87
17 93
17 42
26 84
8 62
0 76
10 74
10 22
24 6
5 97
23 76
2 53
24 16
28 91
13 72
8 83
5 100
19 13
20 50
16 100
18 51
10 56
13 82
30 16
7 77
16 17
6 1
13 52
25 94
12 44
16 19
29 57
17 57
0 90
4 73
25 26
15 55
22 80
7 9
20 40
11 81
17 23
29 33
2 46
17 62
23 38
20 51
29 50
14 5
7 53
15 36
29 60
17 85
3 58
25 66
16 92
25 20
3 56
22 96
14 10
7 15
22 62
4 40
8 4
5 13
6 54
16 70
12 49
21 85
7 67
20 12
14 75
27 38
18 33
16 55
27 6
30 53
29 100
24 79
24 26
19 56
12 15
27 71
19 49
10 73
5 83
23 15
24 16
10 92
12 3
6 23
0 5
30 6
5 62
24 94
13 28
12 91
16 81
25 93
4 61
4 75
20 52
1 90
28 44
6 96
11 28
2 91
14 15
1 19
24 31
9 95
5 48
28 72
11 97
25 44
19 1
6 48
28 2
14 82
26 3
17 70
18 21
2 8
28 93
11 67
20 2
12 84
30 20
28 58
29 78
28 88
24 83
13 95
18 87
25 78
27 89
7 99
27 44
14 66
15 12
14 53
16 1
24 36
21 34
6 44
25 35
20 38
25 34
10 72
10 46
10 40
17 76
13 77
24 77
22 39
0 30
6 87
4 33
22 75
0 14
8 14
21 75
0 49
2 27
4 80
15 88
11 29
24 71
9 94
3 94
11 38
14 40
21 53
21 5
14 97
4 20
29 6
7 44
3 93
2 35
10 77
14 80
4 82
19 82
4 78
23 49
10 91
25 87
2 100
21 6
3 79
27 58
5 79
19 90
20 38
23 39
21 80
18 34
14 70
12 24
11 75
9 83
25 8
26 43
12 98
29 50
11 88
8 41
17 98
10 13
20 77
21 88
23 25
26 53
30 92
3 10
8 6
17 80
18 2
6 59
29 14
8 54
6 84
9 64
8 42
3 12
27 31
8 61
22 36
20 38
22 56
23 7
29 23
7 22
16 67
26 95
9 56
24 60
3 19
2 33
17 63
9 41
15 57
19 13
14 81
21 40
3 57
23 63
2 72
29 65
27 71
14 83
9 86
27 78
19 66
30 49
5 77
13 77
1 72
28 91
15 31
9 87
22 21
5 69
22 19
15 67
30 23
5 43
12 45
15 13
15 95
15 97
8 48
19 2
11 1
23 17
25 7
20 77
6 19
2 72
11 49
26 93
28 97
27 42
29 47
22 17
25 16
22 21
2 12
23 9
