1600
25 47
18 56
23 9
27 27
9 33
6 54
12 4
11 17
21 43
21 85
7 87
22 94
20 59
7 12
10 83
28 81
18 60
0 20
9 52
28 29
17 93
21 82
24 60
11 83
24 14
25 51
10 55
23 25
1 63
11 61
1 42
22 70
28 30
16 56
7 80
11 68
22 35
15 28
26 12
24 20
29 34
13 6
14 48
22 44
17 64
0 78
29 28
13 85
25 44
15 58
21 30
22 45
28 55
11 93
26 12
7 43
16 5
24 100
14 2
30 73
15 3
17 65
5 48
1 82
5 25
9 9
10 24
25 89
13 14
23 41
22 35
6 11
17 42
13 90
11 68
20 15
11 43
5 17
25 82
4 93
0 73
0 24
6 12
26 8
11 19
17 15
21 4
26 5
14 10
30 26
6 93
23 42
15 52
2 37
4 28
12 93
24 1
7 39
0 9
17 37
22 66
12 41
0 93
16 7
20 93
8 92
2 58
6 28
6 36
23 67
18 56
19 13
20 35
1 71
28 88
6 75
30 47
24 46
22 15
8 2
17 53
10 32
8 69
12 68
8 16
11 96
16 6
15 46
22 19
6 4
7 62
3 27
21 39
13 15
3 35
12 43
9 15
14 65
0 26
0 73
23 16
24 84
25 100
6 66
17 98
8 5
5 7
5 47
26 11
17 69
17 11
16 90
0 53
20 7
22 33
24 35
26 67
19 19
17 26
18 78
6 82
19 96
25 75
3 97
16 50
9 50
20 97
18 87
26 94
17 48
11 6
23 30
23 36
29 47
14 5
22 19
4 64
4 100
24 57
26 48
2 73
22 44
12 65
20 9
24 15
22 30
15 86
23 68
14 57
13 26
25 68
21 39
14 63
10 44
15 24
6 46
0 17
14 52
11 89
14 7
14 94
26 6
10 74
24 22
29 57
2 54
23 41
9 82
18 71
17 37
8 34
10 28
18 23
30 30
18 55
26 56
0 91
23 97
7 99
9 76
18 8
3 62
13 3
19 41
21 39
16 77
1 88
8 74
10 46
17 82
17 9
21 41
5 5
10 83
8 64
7 94
3 25
24 87
17 64
27 1
16 75
17 51
4 44
18 79
13 55
20 67
13 83
11 48
4 16
13 32
7 66
24 16
12 90
25 84
8 22
24 43
24 72
14 8
6 42
12 56
16 82
18 46
22 21
5 3
20 3
22 4
27 38
20 63
1 68
8 14
29 78
11 62
5 26
6 57
10 92
16 39
15 9
10 67
9 34
25 53
10 52
29 57
5 41
22 89
9 72
5 97
11 71
24 97
22 27
3 53
19 16
9 54
22 66
4 40
17 99
0 60
11 15
11 46
11 7
29 74
19 91
15 65
30 18
13 88
25 8
9 70
29 6
14 89
3 85
4 81
19 58
6 56
2 26
23 68
17 20
14 53
6 29
25 25
20 38
12 43
14 49
11 31
28 100
16 44
12 8
11 85
27 25
15 92
6 47
1 88
20 66
4 79
8 64
25 21
4 55
18 77
4 35
12 80
6 32
6 14
27 55
3 23
11 2
27 69
27 23
1 14
22 38
27 92
16 57
23 68
21 33
7 38
27 1
8 98
27 93
25 33
30 14
18 11
0 20
28 20
23 12
8 48
24 89
2 67
9 73
29 16
28 17
11 45
2 17
29 45
29 72
29 91
9 17
20 44
28 88
22 39
14 56
11 28
28 20
15 85
3 14
22 26
24 90
8 69
8 43
1 62
12 39
8 36
23 41
1 64
9 89
27 35
8 98
15 33
25 100
30 10
19 69
9 10
1 9
7 85
