1600
22 69
25 75
17 10
17 59
30 6
3 87
21 85
24 1
16 9
2 7
29 27
25 94
0 56
8 9
5 26
18 64
16 18
8 42
9 32
29 35
16 76
24 97
5 69
7 90
9 18
16 75
21 80
2 46
4 47
30 66
30 65
24 38
29 44
7 82
20 24
19 26
13 19
19 8
18 28
29 19
21 18
24 22
24 98
6 26
2 56
11 70
18 90
24 84
2 24
30 80
22 65
26 27
14 75
23 48
2 40
23 66
26 16
7 57
17 7
12 66
30 65
6 45
18 74
10 76
2 23
7 6
23 82
9 50
23 2
25 88
25 69
8 22
7 80
15 57
2 86
16 100
30 48
24 10
2 92
6 54
0 65
15 47
26 42
11 70
27 17
0 26
5 73
0 82
23 80
20 11
11 96
8 41
22 82
21 49
11 88
15 69
10 98
25 44
10 94
23 100
4 40
29 99
26 42
11 56
19 33
24 85
13 2
19 36
13 26
11 85
17 23
2 91
19 41
19 95
20 28
2 97
6 5
18 80
5 56
22 86
12 62
10 44
25 14
27 62
0 70
29 58
27 79
6 47
21 26
4 33
2 92
14 48
9 51
0 2
29 82
24 52
3 11
4 24
1 74
24 54
7 34
28 10
3 13
6 28
1 44
14 77
7 61
1 80
7 40
19 38
14 17
20 47
7 64
18 53
4 36
11 61
19 1
5 74
30 42
27 28
8 93
8 70
22 55
24 55
25 38
6 17
8 47
1 19
1 1
6 81
30 4
28 76
18 33
26 72
25 60
0 78
27 90
7 20
12 78
29 98
1 39
12 88
16 71
10 47
17 76
12 13
5 93
10 64
17 51
16 84
5 96
21 23
9 90
3 13
17 5
10 57
11 59
23 13
16 82
11 39
2 92
5 100
15 34
13 60
10 73
30 56
22 92
15 70
14 43
25 13
8 26
17 86
15 96
14 25
10 28
25 22
12 37
0 58
16 82
15 88
19 37
20 12
8 44
19 22
15 27
13 11
11 16
27 48
1 75
16 61
16 13
24 74
24 68
12 62
0 9
29 97
13 81
25 81
6 66
25 80
16 97
30 51
21 71
6 92
27 29
24 22
14 100
8 2
2 56
21 29
8 76
29 51
3 56
30 80
17 54
3 35
11 84
0 4
7 45
10 38
30 75
7 60
30 75
11 42
19 34
21 76
12 23
18 45
11 3
4 72
0 51
28 45
28 35
28 76
0 72
26 3
4 35
27 11
19 11
27 43
4 73
18 90
18 5
24 89
8 86
20 25
19 56
9 40
9 43
29 63
3 37
20 66
23 68
1 95
28 42
3 28
18 53
9 60
14 80
2 21
18 54
14 98
8 19
16 14
23 89
13 92
30 94
16 95
5 56
4 72
20 83
19 32
20 69
16 88
18 76
25 40
5 69
25 41
19 75
4 97
12 72
29 75
15 16
26 10
30 46
8 66
11 68
16 9
30 10
28 71
3 53
3 24
1 95
17 64
17 60
24 17
15 48
14 97
26 56
17 68
22 28
12 24
9 99
28 22
12 100
12 12
6 45
22 7
6 37
2 3
26 38
27 26
29 71
7 2
11 77
23 95
23 37
28 52
19 87
8 1
11 17
9 96
15 23
24 58
6 20
30 100
27 5
19 80
8 61
20 20
21 31
21 66
15 79
15 78
16 35
20 20
8 68
25 4
24 61
29 62
16 28
15 49
19 3
0 95
13 78
28 87
30 13
24 46
26 76
7 58
0 46
16 72
2 99
1 32
10 3
22 28
27 100
14 80
4 22
7 68
