1600
10 59
8 8
10 36
9 17
15 80
18 67
16 13
28 30
13 67
14 50
8 64
12 95
19 39
0 5
2 69
16 71
21 48
7 7
6 37
19 45
15 6
21 77
11 86
16 96
21 50
21 73
23 83
26 18
4 56
28 47
29 61
7 49
0 96
19 79
20 64
16 5
14 49
12 64
30 28
22 70
26 79
18 34
17 41
0 51
6 68
17 4
3 11
23 66
12 65
25 87
3 17
8 69
19 30
30 73
19 73
12 85
25 20
22 20
13 75
25 76
15 44
15 99
6 43
25 59
14 71
3 52
3 21
30 25
19 83
27 23
25 100
20 77
5 73
2 100
20 99
10 95
27 1
12 75
7 51
16 28
7 85
9 94
24 56
19 17
3 65
1 92
9 31
16 66
3 89
29 5
20 34
18 83
19 10
17 36
20 42
23 87
1 32
0 47
26 58
13 28
15 85
24 52
23 6
6 82
30 43
6 33
30 42
19 5
24 26
7 34
5 68
28 17
19 56
16 68
11 21
12 11
18 32
10 14
22 22
30 14
1 8
16 41
22 43
0 40
10 29
14 22
22 27
6 60
15 92
26 59
30 41
22 68
27 15
5 30
10 16
1 40
10 44
2 96
28 64
30 42
7 78
25 21
15 7
0 10
23 51
13 68
22 45
7 84
7 68
12 95
23 100
9 62
19 93
0 77
19 4
22 41
15 89
23 64
29 79
25 60
16 40
5 67
15 21
3 21
4 79
21 42
19 35
7 25
21 97
8 55
1 40
16 42
12 22
28 92
12 44
5 44
20 57
3 53
19 34
29 18
23 54
13 62
28 24
10 11
24 27
22 64
4 46
15 95
16 99
0 51
30 76
18 24
28 100
27 82
23 13
12 68
8 39
5 58
9 53
7 87
5 57
6 31
17 100
12 27
7 75
22 23
12 94
4 40
8 8
24 23
3 2
5 41
6 66
22 80
30 4
20 96
5 13
21 57
28 54
13 70
16 70
28 28
17 70
19 27
4 90
30 75
18 37
6 49
0 68
5 77
13 62
26 19
19 20
10 29
15 89
11 53
15 30
14 64
9 80
15 55
6 49
14 94
8 61
12 42
23 97
27 66
24 5
22 15
9 34
10 80
4 52
11 5
14 91
25 63
2 57
20 56
15 91
8 81
3 22
11 64
10 12
5 9
20 82
19 12
0 71
17 50
17 80
2 44
14 24
0 10
15 57
16 38
24 5
28 60
11 20
26 91
23 45
17 50
24 98
13 60
4 80
7 39
1 18
21 44
0 40
16 84
16 5
2 33
23 83
3 92
22 93
28 83
19 13
26 98
13 77
7 56
21 22
20 2
23 89
11 65
30 23
5 17
9 40
21 94
17 72
25 57
15 36
21 13
6 77
12 47
2 3
14 4
18 29
18 81
2 58
25 3
27 26
17 65
9 32
12 19
3 12
8 74
28 85
28 99
0 74
23 47
0 61
19 1
15 11
18 23
27 50
16 64
11 70
14 20
16 82
17 22
6 17
10 82
26 9
24 47
22 28
8 13
29 9
28 46
10 32
26 86
25 99
29 68
29 93
12 38
19 43
8 56
1 39
16 91
17 10
17 2
13 77
8 23
8 46
25 43
19 58
13 14
10 90
5 16
13 86
21 85
11 8
15 73
10 14
16 1
27 82
8 36
24 49
4 34
14 42
15 32
19 78
11 98
2 89
5 23
5 51
11 36
1 10
23 63
19 79
28 1
0 61
11 15
26 32
2 46
2 34
22 28
8 22
5 37
11 33
25 62
27 98
24 86
11 65
10 29
