1600
7 2
3 42
19 81
24 24
25 35
18 44
14 12
15 16
6 40
24 68
3 46
3 13
26 21
27 100
20 52
26 95
24 55
29 51
1 8
22 51
4 11
18 69
13 47
2 74
21 96
0 34
19 100
26 15
6 84
20 78
29 35
6 13
28 26
26 12
17 82
3 22
7 38
17 61
16 96
12 33
12 10
22 14
10 20
28 31
23 32
22 3
9 66
23 100
17 68
10 51
8 100
25 94
24 35
25 21
29 35
30 39
3 77
15 66
24 17
16 64
27 53
2 86
26 51
23 46
13 55
19 97
17 43
16 31
7 85
24 46
6 33
11 71
12 47
22 39
26 10
7 52
21 100
21 44
16 11
29 24
30 45
19 42
20 63
9 19
11 18
8 36
29 85
23 43
25 74
23 59
14 82
29 57
30 88
10 55
12 76
19 17
2 20
30 84
15 2
27 74
17 36
19 25
2 30
15 46
11 87
26 28
1 38
30 64
11 95
29 35
19 18
21 39
3 8
9 78
22 19
30 68
18 19
27 72
24 39
20 33
23 29
19 35
17 4
25 2
30 25
30 69
10 71
3 51
3 34
3 80
5 11
12 39
5 50
1 2
30 84
22 90
11 53
9 19
24 61
28 31
7 43
17 37
5 23
10 57
28 45
3 43
5 75
24 68
29 21
30 46
11 25
18 53
4 77
6 46
30 100
15 14
1 63
7 91
0 55
2 48
13 46
23 59
28 42
28 80
11 22
5 52
9 22
9 83
23 39
26 21
5 92
2 62
1 88
26 55
29 14
18 12
27 32
25 59
0 4
28 57
28 74
7 21
1 97
29 49
16 50
13 99
21 41
23 88
11 61
26 10
26 95
6 68
28 16
19 10
26 97
6 20
12 86
16 26
19 71
21 20
24 9
8 66
5 37
16 89
29 81
19 62
25 59
27 81
12 34
1 93
13 87
20 46
9 75
11 37
0 85
13 37
28 61
6 83
15 82
19 29
7 59
2 88
5 75
30 35
0 16
7 17
28 3
25 12
13 52
17 39
14 66
25 98
28 96
25 97
26 70
14 11
18 9
12 99
1 96
12 72
26 44
28 96
8 41
5 11
7 2
12 35
20 1
14 32
7 94
1 74
26 14
25 7
27 84
25 69
12 3
30 39
26 11
19 88
27 49
12 63
30 84
2 9
26 99
2 67
2 85
27 71
20 25
6 20
29 31
0 50
25 1
5 3
25 36
6 31
29 98
15 76
19 92
11 16
3 96
21 91
3 62
21 70
1 4
3 90
23 87
21 3
0 4
30 7
15 49
9 75
20 91
15 2
12 36
9 39
5 66
26 45
18 98
3 33
30 19
27 97
24 14
26 21
6 87
4 4
24 91
3 29
8 69
27 6
19 26
14 68
30 43
3 40
28 35
21 22
17 58
0 11
6 88
10 15
5 40
24 46
7 100
27 38
16 55
11 88
0 4
30 68
13 28
25 37
21 85
14 35
6 62
4 71
28 45
2 23
28 88
4 32
19 15
22 1
6 14
13 18
11 64
25 1
24 47
4 100
28 1
24 98
23 36
14 80
9 65
6 28
9 92
5 94
29 7
24 48
1 43
12 28
23 77
26 68
7 33
2 60
21 78
9 37
1 42
25 73
17 54
22 100
26 80
20 17
16 95
18 16
10 72
28 48
29 66
16 73
10 81
20 30
8 10
7 41
6 23
4 33
26 60
24 94
26 53
14 60
12 93
11 18
18 18
6 68
25 38
6 89
2 9
30 64
6 62
13 56
11 81
10 42
23 7
5 53
29 100
9 73
