1600
30 34
1 72
10 48
4 73
6 93
5 68
2 29
8 41
30 89
21 31
29 43
23 29
14 75
30 46
5 46
26 92
24 96
25 9
27 60
20 64
4 98
8 87
27 80
11 39
2 96
18 71
24 28
11 49
20 77
20 61
3 30
21 11
12 30
28 56
30 32
6 86
28 38
30 57
2 57
28 69
27 52
7 8
7 87
14 37
5 46
29 57
20 75
22 100
20 82
14 77
11 71
20 21
27 33
0 68
27 98
17 85
19 83
30 15
22 25
4 7
18 36
19 85
5 4
9 60
26 84
3 45
26 84
23 6
28 26
14 96
20 79
10 59
23 66
11 3
26 97
25 17
18 46
21 6
21 35
21 17
30 37
10 84
25 39
12 83
3 90
4 39
5 19
2 44
15 27
16 85
18 76
11 11
6 77
11 88
23 78
26 48
23 21
23 26
29 51
26 30
3 29
12 27
24 95
16 42
14 86
21 29
16 78
12 39
23 52
27 74
30 36
24 84
5 62
2 34
15 62
2 91
25 57
17 80
18 39
29 56
4 3
21 79
0 53
19 99
12 96
29 64
24 82
6 84
0 94
7 63
4 99
5 46
27 26
5 95
17 63
19 85
29 25
3 81
27 82
17 99
22 3
26 2
3 4
18 61
24 75
0 31
12 69
21 85
6 44
9 10
12 58
9 99
10 93
13 7
11 22
6 20
20 90
3 82
14 3
15 88
28 83
10 68
8 19
17 90
12 43
14 22
14 25
13 31
14 51
12 90
26 1
21 37
30 43
15 28
3 89
18 39
24 65
2 9
25 66
8 6
23 67
14 39
24 86
14 74
14 35
17 49
6 81
14 44
29 71
23 26
7 47
21 93
2 3
28 97
28 79
16 79
19 46
23 2
11 4
21 79
10 85
14 1
9 67
29 100
2 9
29 79
17 52
24 48
25 31
4 48
14 52
25 25
18 41
7 67
10 52
16 98
19 42
19 50
28 88
18 49
19 97
23 40
26 25
17 13
5 89
15 95
2 68
1 84
26 60
3 14
30 34
14 24
25 64
30 6
9 15
22 49
5 20
21 28
21 66
22 55
18 85
0 58
18 38
24 6
19 32
28 22
9 86
12 77
11 43
6 19
23 18
7 86
25 5
1 15
10 58
28 67
20 2
23 33
18 1
14 31
11 78
29 19
14 57
14 37
0 30
6 41
5 77
6 24
0 59
19 87
7 10
26 19
23 52
12 29
28 31
5 15
8 48
0 82
22 63
18 26
4 4
21 74
2 2
12 94
26 25
11 79
25 99
1 52
1 27
1 35
19 85
17 41
21 4
26 49
0 54
3 73
25 76
30 41
7 81
24 10
24 45
25 90
24 97
25 45
20 47
8 25
1 44
20 53
10 84
11 100
23 3
8 28
30 15
27 78
0 65
28 83
18 50
5 93
23 77
28 27
11 92
4 18
25 14
3 36
22 26
23 54
16 33
30 93
8 98
1 17
29 61
1 9
22 17
12 27
1 66
29 88
4 67
15 33
23 38
14 68
17 53
12 73
13 29
24 51
25 19
27 46
8 7
30 39
17 98
17 96
27 64
25 49
10 40
24 23
10 26
16 92
1 15
29 80
15 53
27 32
10 51
23 47
13 98
11 89
12 100
14 62
13 52
26 14
3 32
0 10
11 3
1 7
10 58
25 87
20 38
14 94
30 92
6 19
18 11
5 81
24 46
25 87
13 90
19 52
12 90
18 96
20 64
8 81
28 62
0 42
28 1
8 27
6 14
18 18
15 49
17 62
18 96
10 45
18 23
1 50
