1600
26 96
24 96
17 71
27 75
23 48
26 17
27 56
26 41
30 31
9 40
5 90
20 99
27 54
29 84
9 75
26 83
8 77
28 71
22 97
14 4
15 92
30 66
9 97
3 23
17 44
11 50
24 53
11 99
9 94
7 68
0 34
18 1
6 3
13 37
29 97
19 65
18 29
26 78
20 30
26 60
21 67
22 98
11 12
6 81
9 13
30 46
8 50
26 34
18 29
12 18
10 98
1 83
26 90
19 41
19 79
20 83
30 84
27 96
12 17
18 25
11 19
27 99
29 15
28 78
6 84
25 99
18 20
11 22
19 7
10 49
9 43
26 49
21 90
3 17
8 83
14 89
3 48
24 13
22 96
10 69
19 89
20 18
27 100
30 88
30 9
17 31
29 100
5 81
13 20
24 33
1 30
27 87
0 84
24 75
30 2
29 85
6 69
26 23
12 81
8 50
22 85
13 6
9 24
27 10
12 2
5 66
28 96
29 12
1 63
0 52
14 53
28 79
1 41
20 62
9 40
2 30
12 99
14 58
22 21
18 36
16 96
26 51
10 33
2 17
30 12
30 80
19 21
7 20
20 93
30 27
14 67
6 7
6 95
23 8
8 49
8 92
11 57
10 27
24 81
7 87
28 25
13 34
16 86
26 76
11 54
24 89
25 25
6 80
19 94
29 44
3 87
28 53
21 78
12 65
9 38
14 10
28 72
4 21
9 73
27 37
5 45
23 81
7 44
21 46
10 100
17 79
13 15
3 74
0 72
10 76
29 58
2 2
2 46
26 81
12 11
18 87
4 66
23 23
5 33
9 94
14 81
29 53
5 16
30 42
3 92
1 83
26 1
5 43
13 77
30 64
22 97
21 84
3 47
11 74
6 16
20 53
28 15
4 70
13 62
0 29
11 9
8 7
19 51
1 99
30 95
23 40
17 32
4 69
16 60
12 46
29 34
6 34
22 41
4 40
11 64
18 69
10 4
14 76
22 14
8 57
7 9
29 55
21 7
30 10
29 15
9 8
18 78
1 48
28 98
20 4
2 1
23 31
23 36
5 20
5 31
7 3
14 21
30 100
14 5
27 22
23 46
22 84
1 10
2 64
1 3
15 63
7 58
19 69
0 5
22 72
18 10
12 96
20 5
13 95
13 96
28 3
19 6
3 71
5 67
11 93
25 63
26 12
26 29
27 92
23 90
27 72
23 57
7 97
27 10
1 55
23 22
30 36
13 63
15 40
14 43
30 84
9 21
27 87
28 54
24 66
27 13
4 8
8 9
20 23
16 76
3 69
17 91
5 78
30 19
1 65
28 96
22 46
23 94
20 42
21 73
22 91
22 34
28 26
29 37
20 38
22 90
2 97
5 7
27 26
10 69
6 30
13 81
14 83
19 56
30 65
12 9
21 18
27 84
16 78
9 87
28 3
16 14
2 92
26 76
26 28
20 72
22 18
20 53
15 40
6 36
14 26
10 30
3 83
1 68
4 50
17 17
9 47
5 61
9 13
25 100
4 80
26 24
6 66
3 28
20 63
20 38
0 85
11 52
15 73
3 24
0 13
30 9
29 37
7 58
21 16
2 37
18 95
28 21
27 13
27 85
17 90
4 82
13 76
13 96
25 56
13 3
5 100
14 100
8 29
28 45
18 91
29 88
6 60
19 59
28 46
26 54
9 19
8 91
4 68
15 9
20 12
18 22
9 37
3 49
11 19
6 91
19 79
4 83
30 43
10 41
14 94
24 94
12 69
6 48
4 17
15 94
6 67
12 81
23 20
14 40
5 35
1 97
25 3
2 87
16 42
