1600
20 24
27 67
30 49
7 84
8 84
27 88
22 97
16 3
29 71
3 15
15 27
8 4
14 73
12 4
26 25
16 37
24 53
23 21
16 99
3 34
12 35
1 44
0 3
1 62
16 40
14 73
24 31
14 89
16 97
30 52
18 38
6 43
18 74
1 67
23 46
8 14
23 74
11 19
15 59
19 8
30 34
16 84
6 73
11 58
10 37
4 68
9 36
12 76
7 91
3 95
27 13
26 72
26 17
7 68
1 18
28 25
24 73
9 96
22 73
2 34
29 15
14 56
6 38
6 41
15 87
2 4
5 65
20 70
6 62
24 78
24 93
19 4
22 62
1 40
29 96
20 49
23 80
25 59
6 19
21 6
17 31
8 47
25 80
14 24
11 67
20 56
22 81
8 3
14 2
23 40
12 33
26 19
0 43
5 47
11 45
4 85
18 37
30 69
30 67
3 90
4 12
13 65
24 92
1 75
13 31
20 72
28 55
29 58
11 11
4 98
4 74
2 28
21 30
4 37
21 64
25 91
21 76
14 95
10 81
5 91
1 98
11 48
4 94
1 68
15 90
15 36
14 76
12 82
9 75
27 50
29 35
26 81
28 90
25 64
20 27
0 57
4 38
29 97
9 96
28 33
17 78
5 23
4 32
17 53
10 16
12 84
26 58
30 98
16 83
12 80
15 8
4 66
5 39
20 66
28 37
29 9
22 70
2 11
27 11
8 92
17 24
6 58
10 47
9 26
13 87
20 35
5 26
23 45
24 3
22 84
27 97
24 49
25 86
25 8
8 56
9 39
22 69
28 48
17 89
22 20
20 57
16 66
1 90
7 15
1 35
25 30
3 84
0 43
26 87
14 43
13 16
14 83
29 50
6 9
1 45
14 29
10 57
20 9
28 30
16 48
10 48
22 66
8 16
7 38
19 79
11 66
19 25
15 52
29 27
30 100
1 79
18 67
22 75
13 24
27 68
5 63
29 14
28 98
3 40
27 39
28 21
10 55
8 44
23 15
1 1
30 88
22 94
17 34
24 20
26 16
15 66
8 66
27 91
29 20
20 2
19 63
4 88
9 73
18 52
23 58
22 83
17 10
0 60
2 89
28 95
18 19
8 81
30 61
30 61
18 55
27 83
28 42
3 96
18 55
9 100
6 35
11 74
4 33
27 66
6 12
3 4
28 69
4 72
17 55
19 93
7 8
4 72
18 89
6 27
17 51
13 77
6 20
22 80
14 63
11 79
8 97
21 58
28 62
0 39
5 76
19 72
4 33
20 33
28 88
21 32
18 51
9 49
4 66
12 29
16 2
24 6
24 21
12 68
10 52
4 7
10 92
7 45
20 16
22 77
1 35
5 40
28 29
24 87
12 15
3 100
3 4
23 63
25 34
4 40
4 35
24 19
22 47
3 13
28 6
28 78
8 62
22 28
1 95
4 69
19 92
22 60
10 4
20 7
11 35
19 10
12 90
0 30
11 22
11 94
12 41
28 95
9 8
0 8
7 100
5 82
17 31
0 50
17 61
7 8
3 67
5 59
19 94
18 9
12 18
21 60
1 34
5 6
24 92
22 64
7 21
29 88
17 5
5 93
3 99
28 59
14 76
25 17
7 38
0 54
7 76
8 54
29 98
5 18
23 97
19 75
9 90
29 61
27 70
25 59
21 29
8 7
25 87
10 20
1 89
24 83
0 97
15 6
28 32
5 35
6 24
6 17
0 81
9 54
12 62
22 86
17 34
13 86
6 74
4 2
0 26
30 97
7 38
30 4
1 55
28 7
9 88
27 78
2 75
25 51
13 71
