1600
4 9
23 79
27 39
13 94
18 62
18 7
6 96
23 19
20 79
11 53
26 50
24 69
14 53
5 20
17 23
5 97
4 53
15 63
23 70
18 46
7 77
5 8
19 94
5 11
15 57
1 99
27 53
28 48
28 42
8 8
21 74
25 53
8 39
15 26
28 21
27 80
6 14
12 42
1 42
5 50
0 37
13 1
6 74
11 47
11 25
20 92
20 91
19 52
0 75
17 86
7 24
21 83
20 46
5 36
30 16
7 87
27 71
22 23
30 56
24 23
15 81
2 38
22 32
21 74
16 4
20 31
0 32
3 48
25 48
1 2
16 93
28 73
2 39
18 10
4 38
16 25
10 20
23 16
20 17
18 20
29 63
16 98
4 7
3 73
0 13
26 41
29 76
17 72
4 91
20 61
27 81
0 26
2 22
22 1
28 10
18 13
6 81
20 37
27 72
14 33
2 99
8 54
11 67
21 44
24 59
6 63
26 24
28 35
23 72
15 92
2 38
4 43
15 35
4 28
30 87
7 92
16 44
21 38
17 61
6 82
8 28
28 39
20 62
16 85
25 78
13 96
13 63
29 66
27 96
5 87
8 9
16 19
16 38
26 53
8 50
9 49
14 12
14 77
11 88
25 75
6 84
0 50
14 31
11 55
3 66
7 14
10 100
18 95
14 66
21 66
26 24
11 67
0 91
28 12
23 92
0 64
28 52
16 73
15 69
30 57
9 93
20 47
19 93
9 39
11 100
6 76
30 18
12 37
0 18
2 66
21 83
0 30
22 4
7 8
30 34
20 73
29 70
18 92
13 29
19 58
0 6
7 18
7 2
27 41
1 60
4 34
24 84
3 17
16 68
8 53
28 85
10 72
30 53
29 42
11 67
0 3
4 52
10 81
10 69
30 38
4 19
17 95
5 60
2 8
6 60
9 69
22 77
7 90
2 43
30 87
20 89
28 81
20 38
29 69
28 89
22 11
25 44
12 36
1 73
5 12
19 63
16 56
30 67
16 41
5 77
28 53
23 67
8 82
0 85
16 94
10 83
25 47
19 9
18 34
13 88
18 20
30 49
30 46
26 79
28 55
23 42
7 37
24 67
25 28
0 2
15 5
25 33
28 71
11 59
22 2
4 73
3 66
4 90
0 67
6 65
3 18
11 42
16 35
11 48
7 27
3 90
9 27
19 6
1 43
26 58
15 75
7 89
12 20
4 44
19 31
14 22
5 7
18 92
5 100
3 37
27 43
22 90
4 73
29 74
22 70
27 50
25 100
20 51
3 34
1 10
19 8
24 73
25 82
0 66
9 98
17 55
15 55
27 40
30 15
10 49
25 76
25 8
8 77
5 59
2 53
25 7
6 5
14 58
18 45
23 5
28 61
4 44
23 40
29 22
5 92
29 9
7 99
12 43
6 20
24 96
9 49
30 85
28 81
17 31
14 46
7 97
22 45
11 67
26 7
9 89
16 78
15 14
18 6
13 8
29 43
22 27
14 87
7 69
1 82
19 6
14 48
27 83
15 67
23 12
22 87
1 78
7 38
22 63
2 24
0 17
28 83
22 71
0 39
13 57
3 75
10 99
19 87
4 18
4 70
22 100
20 86
24 89
25 2
23 73
6 64
18 59
23 26
22 54
25 50
9 99
4 74
16 43
28 25
13 98
5 78
14 45
5 11
21 17
21 23
12 75
18 76
2 53
17 89
16 21
26 45
11 32
0 87
5 9
3 18
28 5
16 6
6 5
28 96
26 37
25 71
12 67
3 74
17 83
13 55
23 69
9 35
20 25
11 78
13 18
9 61
