1600
4 28
16 12
29 56
11 64
30 100
13 53
23 100
4 30
2 49
1 65
1 18
26 7
16 46
0 45
26 77
0 63
3 23
27 20
28 22
13 97
28 60
29 94
13 80
3 52
24 65
13 61
13 62
8 76
9 37
14 34
20 12
23 65
6 52
16 24
5 88
22 91
23 63
4 9
9 16
18 56
7 67
11 60
22 88
30 58
17 11
22 33
7 1
29 26
21 26
18 85
27 31
2 61
11 47
20 45
20 28
2 61
29 64
7 19
5 18
4 69
20 26
23 62
2 60
10 9
8 98
4 46
0 97
8 28
11 77
5 51
11 1
15 7
2 80
10 45
8 29
6 74
19 1
24 54
11 82
1 32
24 12
26 86
28 54
5 10
26 70
4 11
8 40
16 27
0 3
20 1
29 54
15 32
23 67
8 29
19 5
25 94
18 34
18 97
24 38
22 64
12 56
0 37
20 96
8 77
30 83
3 7
12 42
3 100
23 89
14 44
9 62
11 3
22 7
10 13
26 67
22 25
28 7
0 62
26 30
23 91
18 76
14 91
5 41
26 3
2 95
5 38
22 4
7 90
15 60
16 98
26 6
15 67
13 73
23 39
28 29
6 55
8 57
16 98
4 96
25 40
10 90
20 49
4 25
27 13
24 58
0 30
9 97
7 82
19 59
10 80
28 1
4 48
5 80
22 24
0 45
1 57
7 2
9 40
2 25
21 93
21 98
8 73
12 73
28 16
15 91
25 45
2 3
30 12
2 91
16 70
26 54
9 19
3 65
28 74
21 44
22 25
15 86
14 49
22 98
18 33
21 98
27 65
17 33
12 11
17 57
12 98
6 87
4 8
12 43
23 6
0 43
3 56
2 82
5 1
17 31
18 21
6 3
8 87
15 78
8 96
27 85
5 18
22 76
11 14
19 97
10 43
22 70
23 18
24 38
4 83
8 78
19 37
13 47
9 5
18 10
28 57
13 70
20 97
0 94
10 76
13 50
21 22
14 94
19 24
21 64
6 11
12 44
19 7
26 10
3 22
20 36
20 7
28 91
1 81
28 1
16 2
19 85
28 32
26 10
5 34
23 63
9 87
14 26
22 23
14 13
0 20
9 55
25 90
16 73
28 54
21 13
3 42
10 80
16 21
17 43
28 8
6 85
3 22
14 68
28 84
2 53
28 35
4 19
3 1
19 77
13 35
24 39
20 51
27 17
4 93
28 41
13 96
17 16
24 85
7 26
13 63
14 21
29 94
3 95
27 41
4 12
27 25
28 77
30 57
18 74
4 68
11 20
10 88
3 65
26 45
20 39
26 55
7 83
7 17
6 32
1 32
2 55
14 92
4 47
8 75
28 11
6 8
5 93
17 73
20 10
2 2
1 86
29 18
8 25
27 12
7 67
4 19
21 22
0 89
27 99
11 3
3 1
20 2
2 21
18 50
6 29
11 69
19 27
2 39
27 46
12 33
22 10
16 50
5 89
4 39
2 82
5 94
10 52
20 8
18 3
23 63
17 83
5 9
24 76
6 69
23 44
23 4
4 16
11 97
7 23
20 16
3 63
19 36
21 49
10 35
17 3
4 74
2 22
11 86
29 61
16 65
17 54
15 54
18 32
15 100
4 47
16 20
19 80
30 83
17 98
8 41
1 20
18 45
16 44
7 17
20 64
19 40
0 97
12 82
15 91
29 67
16 88
24 89
14 68
0 79
11 67
30 63
21 78
22 39
0 36
25 35
3 87
16 79
28 82
26 45
27 82
26 52
19 92
16 78
13 20
26 50
8 11
27 3
29 44
26 44
