1600
11 56
26 29
11 75
14 16
16 61
13 87
26 20
10 75
8 61
9 3
0 78
10 87
10 18
30 66
10 62
26 85
7 49
13 68
13 56
0 43
0 21
7 35
3 74
30 84
30 4
5 70
8 51
1 9
4 46
16 69
2 12
18 22
15 3
9 79
11 63
10 2
24 3
18 60
15 55
10 18
20 76
0 37
2 28
12 61
3 88
15 25
30 85
5 20
5 55
15 93
15 57
22 4
23 7
2 15
23 69
0 81
6 39
4 57
4 62
17 59
28 37
29 11
8 37
29 74
15 59
17 75
5 69
16 81
29 35
19 68
8 4
26 37
10 6
30 18
8 45
28 32
9 45
0 16
14 46
8 28
21 26
23 12
9 47
27 77
3 24
17 69
14 13
1 70
27 26
20 92
30 56
6 16
27 62
9 86
2 70
5 74
9 38
4 60
10 62
8 87
28 31
29 72
11 87
8 9
24 38
5 90
18 51
12 30
16 85
12 11
21 71
7 37
27 74
25 57
25 76
12 56
24 43
14 25
4 75
28 77
2 54
5 29
24 67
7 19
10 72
14 95
6 64
27 16
5 45
29 53
30 83
6 85
4 49
3 42
4 38
30 16
23 86
25 9
12 58
10 40
2 18
14 90
14 30
7 64
7 4
9 41
6 100
16 10
20 43
4 27
9 16
8 51
1 48
9 52
3 32
5 60
26 57
18 75
25 6
0 66
2 81
10 26
13 84
10 91
6 12
30 33
16 63
25 77
12 53
11 12
12 76
7 19
25 37
14 68
7 45
28 12
5 67
5 45
13 5
28 36
29 69
9 29
22 74
30 69
19 87
10 71
18 44
16 91
18 69
3 56
0 96
24 64
20 25
22 75
13 52
30 7
7 67
29 74
30 91
6 26
0 30
1 61
30 57
10 93
20 8
14 65
0 20
2 2
3 12
13 54
16 43
4 17
2 76
18 86
30 83
21 49
11 53
7 49
18 99
22 3
18 94
18 18
23 6
13 4
29 1
19 1
4 77
0 75
24 64
7 59
20 12
9 20
24 79
14 76
30 7
8 82
11 75
0 22
15 36
0 88
9 7
14 75
2 97
4 40
25 71
29 100
19 52
4 93
14 75
23 89
28 76
29 24
30 46
15 42
16 67
8 43
22 55
10 21
24 10
3 76
23 80
19 79
2 94
2 13
3 74
28 17
6 80
26 19
12 42
30 24
4 19
12 79
20 3
16 19
20 78
11 79
13 62
10 25
8 20
12 90
12 65
30 96
11 22
15 44
19 45
1 65
26 62
4 27
6 60
23 65
10 6
26 76
7 91
24 99
6 76
10 18
7 91
14 71
12 96
26 20
2 45
27 16
5 79
7 89
17 41
9 70
2 11
14 96
0 87
25 36
4 71
9 29
4 50
17 18
29 27
10 8
8 50
18 81
14 58
14 1
15 52
14 98
21 10
9 39
15 8
10 27
26 91
25 59
11 84
30 25
2 68
1 72
6 59
19 10
15 37
18 66
6 33
6 18
16 31
2 35
22 70
0 80
8 65
2 93
14 9
29 74
23 99
17 1
0 91
22 97
24 70
22 87
9 69
5 32
24 7
27 92
20 7
8 35
30 51
2 82
27 4
2 29
6 87
10 49
15 15
27 72
15 36
5 72
7 55
10 74
19 24
28 59
19 52
9 15
10 20
17 77
19 60
29 15
10 51
11 84
27 20
16 62
15 41
23 78
15 7
7 98
12 52
18 63
7 15
10 75
23 94
0 36
10 2
9 25
25 92
28 50
8 71
0 3
18 55
23 69
