1600
29 24
11 39
10 6
27 2
26 5
1 37
23 38
12 24
17 11
26 38
0 83
17 27
14 37
14 64
26 38
3 95
13 71
2 92
2 27
2 64
21 24
19 29
26 12
17 22
28 3
0 37
11 37
6 62
10 25
8 46
19 8
26 81
4 11
11 29
8 73
18 55
22 45
14 8
14 96
10 91
19 15
26 37
26 61
25 14
15 41
6 68
24 73
20 30
24 96
20 67
28 13
29 90
27 95
30 5
8 93
25 30
12 57
25 22
0 87
14 49
10 75
24 98
0 9
22 7
3 37
14 1
5 51
8 33
30 34
1 96
14 78
7 33
5 35
20 71
24 63
12 43
13 30
5 20
19 27
8 7
15 56
16 96
30 81
4 83
3 81
30 96
6 23
5 69
3 23
3 70
13 44
17 9
13 47
21 86
0 80
17 49
26 50
15 23
20 39
26 62
24 73
6 38
19 57
13 80
26 13
2 38
20 27
28 62
23 66
10 76
13 1
26 63
11 55
24 56
21 39
24 52
23 90
4 69
11 2
20 35
9 32
4 15
30 67
17 77
19 40
19 25
27 11
2 25
6 14
3 4
12 96
8 54
0 96
2 47
8 86
2 97
11 85
30 70
9 45
6 86
12 47
4 10
10 23
19 85
5 45
9 50
25 83
11 46
20 55
2 79
15 12
29 82
20 50
5 6
21 87
26 80
24 12
17 44
6 7
25 76
8 1
23 33
30 69
12 32
16 56
28 38
3 1
15 81
23 62
20 87
28 49
21 94
5 93
16 76
4 14
13 26
19 16
25 59
20 92
2 9
22 85
27 30
30 22
9 30
18 88
4 15
28 40
6 8
30 28
18 61
3 47
1 75
24 49
0 42
27 96
20 86
9 21
10 25
5 15
3 76
3 21
8 52
11 54
18 87
25 29
24 78
19 90
14 67
22 25
15 40
17 11
16 47
16 92
17 76
18 89
4 82
4 86
0 83
12 29
3 97
4 46
7 88
10 62
19 59
18 93
14 84
20 53
9 55
5 64
25 2
30 71
13 34
27 50
19 28
28 36
18 47
0 85
4 31
10 78
15 87
3 97
21 95
5 31
27 12
1 34
0 98
20 55
15 96
21 87
25 67
3 32
10 92
4 73
3 22
23 99
16 62
2 85
21 41
8 55
10 74
22 8
5 40
10 2
4 89
19 45
2 62
16 35
28 88
4 60
30 38
15 91
8 95
9 33
22 46
2 91
16 88
25 8
21 76
21 88
24 60
8 69
9 73
16 42
9 11
19 30
2 74
21 90
10 39
28 53
29 87
22 91
28 23
15 13
4 52
7 81
3 3
0 77
21 6
22 84
29 83
30 57
5 10
28 58
14 96
4 87
24 52
16 6
20 87
22 20
26 58
30 90
29 2
23 91
30 100
5 19
11 97
16 38
24 36
30 82
2 56
2 98
8 45
30 82
23 9
26 26
2 12
30 37
24 81
4 40
5 67
26 20
14 90
21 32
26 79
28 62
29 1
14 55
26 99
21 80
22 79
27 92
14 33
1 99
17 67
20 39
17 93
15 20
1 90
4 69
27 49
22 70
29 53
21 69
22 90
18 87
9 94
23 65
13 89
16 45
10 42
11 29
26 97
23 92
13 21
18 98
6 6
6 70
23 48
19 93
11 22
2 78
8 16
24 55
29 22
13 4
10 92
6 35
2 55
6 29
16 88
14 68
14 27
17 87
7 96
12 32
14 13
21 14
27 1
29 31
7 93
15 45
10 85
24 14
27 10
16 51
20 97
16 35
7 93
19 12
12 78
