1600
28 41
17 91
26 3
1 77
1 83
12 94
16 100
19 83
25 62
4 99
24 28
18 5
13 14
11 50
9 70
16 74
17 2
3 38
10 16
1 4
4 75
16 34
21 94
14 51
30 31
17 32
26 59
14 63
11 30
14 85
23 14
17 60
27 20
13 94
2 23
2 22
5 19
9 17
15 52
20 86
22 33
13 37
1 5
9 51
24 52
9 6
19 55
5 40
20 21
20 65
22 66
27 5
20 17
12 89
3 66
22 4
6 6
0 23
4 49
5 44
17 71
8 52
20 91
16 82
4 85
27 49
18 83
18 97
30 10
21 33
12 48
16 13
25 82
3 9
18 25
21 91
28 17
20 52
19 38
24 20
16 37
20 95
9 19
18 19
29 59
17 85
4 13
13 92
29 20
4 78
7 50
9 24
21 85
22 27
5 60
7 36
4 13
6 31
9 2
8 14
9 4
0 91
3 97
28 77
6 1
15 53
2 1
27 54
26 75
2 3
1 55
6 15
16 67
9 67
7 72
15 43
9 59
0 77
28 64
6 31
15 90
11 42
8 36
21 2
2 74
24 64
23 9
13 68
16 95
14 37
2 23
6 85
25 56
28 51
26 44
9 18
1 7
21 56
18 9
14 81
0 82
8 22
17 57
26 36
29 96
1 58
0 5
28 13
16 21
19 9
6 55
1 6
26 16
4 73
10 40
8 93
27 35
18 44
2 43
26 61
19 81
8 1
5 26
2 90
0 62
23 39
0 99
8 51
14 82
5 77
1 6
4 79
16 5
28 85
22 88
1 49
0 40
23 4
9 57
3 52
7 16
23 42
20 44
8 85
24 45
7 12
15 21
21 33
11 6
1 76
12 25
11 14
0 41
10 73
3 83
8 61
22 63
1 31
29 45
17 10
11 65
16 3
29 86
9 36
30 37
16 37
0 89
6 62
7 47
10 3
27 19
13 74
2 65
6 22
14 86
23 3
5 39
2 30
16 25
5 33
2 41
1 61
19 51
27 56
13 45
23 70
22 98
23 60
15 96
21 2
30 21
20 42
6 10
25 53
29 35
15 38
10 89
2 95
7 91
0 69
27 1
26 60
23 32
24 32
30 16
24 33
24 86
7 53
23 78
15 94
12 26
17 59
4 22
14 48
19 80
21 69
18 7
2 80
5 28
4 42
9 85
9 11
25 37
30 74
26 3
12 98
2 49
23 56
23 12
4 74
7 5
2 84
9 47
1 46
20 58
8 75
20 59
7 74
17 74
9 57
22 25
14 32
24 85
26 56
9 88
5 98
0 99
18 96
16 86
15 93
7 80
25 97
10 16
1 87
6 72
22 75
20 58
28 85
30 62
17 98
3 76
30 29
14 66
5 24
21 93
28 1
14 76
0 71
11 21
19 14
27 65
20 43
16 65
2 84
15 69
14 69
17 37
24 60
1 18
20 24
23 67
0 31
10 29
13 88
0 84
5 49
18 62
14 51
18 11
13 42
1 78
9 98
25 88
7 43
21 75
15 18
19 23
22 34
8 5
14 5
13 1
27 78
24 67
15 34
0 77
20 99
4 24
11 92
9 39
28 53
19 7
21 28
0 41
18 29
26 17
0 20
28 24
29 92
23 86
5 36
9 53
21 5
22 43
4 53
28 77
11 61
23 36
17 19
19 16
1 39
15 1
1 7
24 65
6 13
30 21
5 66
4 79
27 11
10 68
7 84
21 21
9 18
4 68
0 94
13 22
16 98
7 70
1 42
23 12
13 88
0 14
15 27
22 3
28 52
20 85
8 5
5 83
0 73
22 76
9 95
