1600
11 75
1 93
12 98
16 55
11 36
21 6
16 51
13 61
25 25
29 63
22 10
11 76
5 73
2 81
23 26
23 57
23 63
14 72
19 81
18 10
23 9
1 8
19 59
28 21
22 26
25 12
9 29
29 49
22 94
19 54
5 38
16 23
18 52
18 98
12 64
19 8
30 24
7 15
17 4
30 97
19 39
16 30
7 38
8 90
15 63
1 39
9 55
14 78
28 18
21 57
5 100
23 56
25 40
23 58
21 78
17 67
21 12
2 51
7 89
11 35
30 7
10 68
16 3
10 24
8 71
13 84
3 48
0 95
16 19
2 78
7 84
17 43
15 100
16 2
4 23
19 20
18 9
5 68
27 55
28 26
11 74
7 78
30 83
0 38
8 12
29 51
10 65
11 94
17 81
20 95
16 80
28 35
10 15
23 41
26 3
20 18
21 89
8 87
0 97
10 45
0 28
13 92
19 30
9 59
24 95
27 69
23 34
20 5
8 43
18 18
4 50
4 97
8 91
7 63
18 4
6 27
12 98
25 60
22 21
29 72
26 67
27 62
0 87
22 10
10 5
14 83
23 76
12 85
14 48
7 52
11 86
28 69
1 14
13 13
30 26
14 22
15 28
4 29
9 5
5 11
25 88
3 91
6 61
12 57
21 34
1 18
30 10
19 20
17 34
28 72
29 60
1 54
1 39
9 79
23 66
20 29
17 13
0 27
14 81
0 93
12 42
11 93
30 40
5 73
29 58
7 50
3 29
22 95
5 60
16 85
15 23
21 80
16 53
21 64
7 94
21 63
8 59
9 21
3 41
21 91
16 71
14 62
0 37
6 53
4 86
30 4
30 43
27 89
22 86
28 98
7 58
21 45
7 52
20 89
29 35
13 15
9 35
16 51
1 53
4 22
30 79
9 84
24 44
17 85
11 7
5 64
22 4
20 51
29 67
22 5
14 9
14 22
24 98
0 97
17 50
19 15
20 7
18 3
1 1
27 19
29 51
16 39
14 34
5 56
5 65
6 53
21 89
30 27
9 92
13 60
10 90
6 3
20 24
10 99
29 32
26 96
23 45
26 40
18 71
5 57
18 12
12 80
12 81
16 84
6 15
17 73
26 30
12 77
28 40
19 62
5 41
28 63
6 24
21 15
12 80
4 59
1 9
2 28
25 24
10 80
0 84
8 92
0 8
4 58
7 9
4 1
18 90
5 94
30 33
5 75
30 55
0 7
6 43
18 7
20 45
4 39
28 48
15 35
12 15
24 19
4 59
26 66
0 3
17 14
10 15
21 15
20 58
2 18
20 89
1 85
28 68
2 71
13 100
4 52
25 34
25 41
7 75
18 1
8 91
13 55
0 8
29 58
24 37
17 46
7 4
2 11
4 79
13 16
0 95
25 71
18 57
21 37
13 9
18 17
17 10
20 39
10 67
26 72
10 56
25 78
1 64
23 89
21 80
3 90
25 36
17 16
23 34
9 81
20 60
1 80
0 80
21 95
25 3
6 83
13 74
27 49
17 80
14 92
19 7
20 38
9 99
8 82
17 23
12 79
26 26
0 26
10 94
7 77
0 37
6 20
12 35
4 50
9 17
15 59
18 15
28 1
9 83
24 76
28 33
26 8
27 92
5 89
5 61
5 95
17 96
4 94
6 85
21 84
1 76
3 49
27 60
13 2
20 99
1 76
19 59
16 37
7 73
25 76
28 97
28 6
29 61
3 95
2 54
12 33
24 71
13 3
13 28
9 21
21 76
29 32
15 86
17 31
25 81
9 37
28 7
19 50
24 60
18 97
21 66
20 86
