1600
10 44
13 37
2 2
22 76
0 35
30 52
30 15
28 38
29 10
19 81
23 43
20 87
2 85
13 73
28 16
2 23
0 46
14 48
30 67
19 10
8 80
2 90
28 19
1 67
6 45
8 29
7 12
20 1
16 74
17 49
5 38
12 44
1 43
6 71
18 10
18 79
27 34
23 27
1 73
3 45
10 35
13 72
29 62
10 67
17 34
15 30
21 95
3 18
26 11
4 2
2 12
5 21
12 99
14 80
3 45
2 30
23 10
18 5
0 51
24 51
16 100
9 93
28 30
16 24
22 54
8 28
4 2
2 15
20 54
11 93
5 24
20 63
27 50
19 7
17 55
16 100
12 5
8 81
13 89
13 36
26 64
6 74
23 78
16 21
27 73
17 89
6 89
11 43
12 65
13 94
9 93
23 20
14 94
0 46
25 26
9 27
22 92
15 47
16 10
5 41
8 56
1 52
9 72
28 23
9 98
12 37
22 14
7 66
19 76
12 98
18 89
4 88
6 81
20 75
26 82
8 83
11 49
2 10
16 15
21 90
9 17
3 51
11 44
17 50
23 37
8 47
14 69
10 74
26 19
20 79
22 49
8 79
22 89
19 37
6 90
8 36
3 4
2 67
5 15
9 38
20 43
30 45
6 68
14 69
2 48
7 71
21 40
30 61
11 38
24 20
8 52
2 49
22 36
27 97
23 66
13 2
12 4
21 19
6 13
17 49
11 59
20 80
23 89
21 21
3 51
30 29
8 45
28 30
10 13
13 82
6 94
9 13
25 9
5 61
21 20
23 61
1 69
21 74
28 25
22 83
5 100
21 58
10 25
15 40
13 30
7 73
12 21
17 29
27 36
1 58
27 42
12 45
2 43
29 45
12 58
4 100
11 69
7 23
26 62
28 28
24 35
8 32
20 59
11 20
22 75
30 35
10 16
1 23
2 1
27 30
14 14
1 22
26 81
2 95
16 1
14 36
18 53
12 67
6 13
3 73
13 71
29 37
26 12
26 21
4 49
25 19
12 91
17 1
5 97
16 92
8 79
17 30
20 58
4 30
18 31
16 96
2 98
3 87
8 26
29 16
6 31
17 80
1 10
13 9
14 51
9 91
3 76
21 49
13 52
10 91
25 56
3 27
13 35
21 32
3 55
26 100
2 37
22 18
3 44
5 29
30 66
26 43
6 38
26 70
14 12
28 100
30 59
27 25
2 31
23 13
8 96
9 93
7 8
30 61
17 15
29 44
22 14
15 47
17 64
17 48
1 91
4 77
18 6
29 65
21 46
9 52
0 62
30 81
21 34
26 70
22 52
21 19
13 76
19 62
4 46
12 53
24 29
27 85
3 92
29 47
10 31
9 77
1 64
22 98
20 75
12 87
1 71
19 85
27 19
28 10
17 3
8 11
2 3
12 99
7 28
15 73
26 85
2 40
29 1
16 1
2 84
19 63
18 74
17 69
3 24
17 56
3 76
8 57
13 37
2 58
0 54
19 94
11 75
16 79
17 19
17 98
29 31
4 5
26 2
14 63
1 21
25 59
15 35
26 57
20 79
24 66
20 97
13 87
3 51
7 3
21 74
2 73
24 17
15 96
20 64
14 5
1 24
19 14
16 4
20 85
12 52
2 48
22 91
20 47
7 41
5 8
3 96
23 49
12 26
9 8
15 30
8 34
1 97
4 44
7 99
17 26
16 61
22 47
9 31
1 27
9 99
15 18
3 34
2 74
27 28
1 77
0 35
23 28
7 40
10 72
18 52
5 67
14 95
5 4
28 10
3 24
8 33
29 69
0 45
16 28
