80
14 39
6 9
22 65
6 8
11 14
8 67
21 76
7 95
21 99
19 69
29 35
2 1
8 84
16 32
30 78
22 78
21 39
0 47
8 1
0 96
7 98
20 45
12 94
17 33
4 15
28 95
27 86
11 84
11 1
4 15
6 69
17 26
27 12
20 35
22 31
27 72
6 97
20 67
14 14
18 38
9 52
10 51
25 51
15 36
3 23
11 32
28 48
15 62
28 23
14 29
14 7
17 91
12 43
26 98
5 2
25 14
16 62
9 52
16 27
6 12
17 69
25 16
2 51
23 62
7 8
2 38
10 30
12 38
3 49
9 9
11 84
11 69
1 82
24 72
10 58
18 29
26 67
9 32
22 81
18 59
16 19
30 49
20 17
19 2
4 91
27 10
16 98
9 6
1 1
20 14
2 63
11 13
23 41
30 37
23 23
27 31
29 64
10 66
15 44
27 16
16 38
0 3
14 36
8 98
22 1
12 19
26 69
1 89
14 83
8 53
28 94
16 17
1 34
1 88
21 59
29 44
17 40
20 99
17 95
10 57
6 76
4 83
12 10
21 43
16 61
19 18
3 39
27 92
16 38
23 29
5 5
30 7
13 18
6 74
9 35
7 78
17 70
6 28
16 89
0 36
6 25
16 28
17 38
12 49
9 89
27 64
10 53
18 78
0 84
7 95
1 18
3 11
12 75
2 25
20 18
1 81
12 68
16 98
4 46
16 12
15 88
1 29
26 97
0 59
22 12
8 98
18 67
15 68
2 90
3 43
26 48
24 88
7 96
26 6
20 28
14 87
22 70
23 5
1 91
10 94
11 73
23 61
12 66
28 75
20 77
17 8
2 25
23 57
30 78
4 40
26 55
14 3
26 76
12 54
15 57
14 15
10 18
1 57
19 41
16 11
16 81
7 67
27 47
26 48
23 49
20 38
23 29
2 57
13 51
6 45
28 43
5 35
22 72
4 83
20 97
20 21
30 26
9 11
13 33
23 66
24 30
27 64
4 40
20 69
8 48
18 59
8 89
21 51
19 62
1 88
23 30
24 95
22 78
19 36
26 43
12 96
2 31
7 23
18 66
6 60
21 80
23 95
18 88
22 60
27 49
6 83
9 48
11 52
8 79
29 100
26 94
3 5
9 32
16 12
10 23
20 8
8 6
29 45
23 7
24 54
10 37
8 96
14 74
18 41
12 74
17 94
21 6
20 55
12 18
23 65
29 32
28 63
25 37
10 65
0 56
18 63
28 16
29 23
20 25
0 82
16 9
26 51
22 1
6 52
13 2
26 7
12 82
4 57
28 22
10 68
29 55
24 16
29 99
13 22
11 62
3 15
27 37
23 26
24 46
13 34
3 39
18 14
14 28
6 66
27 16
22 70
28 52
14 45
5 97
16 36
14 53
21 79
15 95
5 33
11 94
14 43
1 17
1 78
12 39
20 58
2 81
0 56
2 30
12 2
11 14
12 45
10 26
20 91
30 61
8 40
18 73
15 47
22 13
25 22
7 8
30 61
26 6
0 84
14 51
9 36
18 96
23 58
20 22
8 61
14 97
8 15
2 27
24 57
23 19
15 33
18 22
20 51
20 73
9 43
10 43
14 83
20 33
15 70
4 83
25 52
13 55
13 21
30 19
7 39
9 97
21 30
6 35
2 85
6 47
20 54
26 2
21 23
15 35
6 28
5 51
22 33
19 9
11 84
19 58
11 51
3 81
0 98
0 48
12 74
13 68
26 31
22 48
19 98
26 84
28 83
16 21
0 54
8 54
29 99
7 20
12 74
28 77
23 22
27 31
21 86
