80
1 20
25 61
26 69
30 8
29 100
4 39
25 32
9 54
22 60
14 47
30 97
1 72
4 72
21 33
7 95
16 8
18 96
20 57
11 78
7 95
2 81
23 7
2 57
29 21
25 86
2 10
29 38
30 65
24 36
25 12
4 85
3 88
23 19
27 93
30 77
19 86
5 31
10 4
17 28
21 47
8 25
15 86
25 1
28 82
22 4
30 1
16 68
0 87
3 6
22 52
13 20
5 33
19 44
16 61
1 24
12 71
29 55
15 83
10 9
3 66
3 54
30 13
14 89
6 3
10 95
26 25
7 21
30 31
27 23
21 76
27 99
27 43
21 29
5 96
6 89
10 66
28 70
23 92
14 65
20 13
8 38
19 20
9 17
14 95
6 22
2 88
14 45
30 21
1 22
3 14
2 25
13 59
13 78
8 95
8 2
23 80
4 79
13 4
30 52
21 78
11 39
16 22
26 40
17 19
24 29
2 38
21 19
14 10
6 74
22 22
17 89
14 9
0 49
26 17
13 60
10 13
30 86
13 36
7 64
3 64
22 24
18 75
11 64
20 43
23 95
2 96
16 21
21 17
12 90
1 55
2 61
15 54
5 58
21 4
14 38
10 2
12 33
9 48
25 31
12 33
27 19
7 58
11 84
20 39
15 15
12 46
23 82
22 52
26 54
27 94
22 42
26 89
15 38
3 85
19 98
6 25
22 66
26 22
15 30
27 2
8 2
28 29
8 15
28 52
22 74
8 15
14 74
8 95
24 22
17 34
29 81
23 3
12 64
13 29
0 22
18 11
17 21
23 99
14 4
24 78
7 23
6 11
19 64
28 86
4 19
21 46
12 38
1 20
17 51
21 15
19 76
23 46
21 74
1 39
13 10
23 91
30 58
4 87
22 78
27 18
14 58
28 55
2 76
20 52
25 12
23 98
8 45
24 89
30 17
26 38
6 7
8 10
7 86
16 54
19 33
1 54
22 15
18 41
8 8
30 10
29 89
12 28
13 97
16 44
24 79
15 15
27 49
8 77
23 41
7 55
15 94
10 87
1 37
16 64
10 54
12 59
11 79
8 70
18 85
9 4
7 36
28 4
22 45
1 90
23 45
27 73
1 56
18 5
23 54
19 56
4 85
18 14
19 77
7 31
1 84
27 47
24 15
22 45
25 57
10 13
24 52
13 90
12 11
23 45
5 45
23 82
10 28
24 6
7 71
24 14
6 93
30 22
6 88
28 82
25 76
23 79
25 61
12 40
5 2
30 73
12 31
10 25
29 8
0 72
9 15
30 90
16 57
1 50
10 23
18 7
26 79
12 61
18 41
21 51
2 12
14 100
15 3
30 31
13 18
8 21
2 40
12 68
28 79
28 99
2 41
1 76
7 76
22 47
12 57
24 25
24 85
1 94
11 3
1 58
15 100
28 27
4 84
17 28
23 71
24 12
26 87
11 43
12 54
0 87
25 92
14 34
0 73
26 23
19 40
17 63
28 3
15 23
13 75
28 50
9 46
17 50
20 16
1 4
12 5
5 4
27 88
11 32
10 21
14 40
25 36
23 48
13 64
25 82
6 52
11 74
20 1
10 60
26 11
15 47
5 16
19 4
22 15
30 37
20 100
23 4
0 43
26 50
24 26
4 45
6 27
2 3
5 95
18 78
6 3
27 49
1 75
5 92
25 31
24 73
15 76
15 72
22 79
23 59
25 43
8 36
1 45
6 36
11 60
8 36
14 89
18 60
5 7
27 70
24 47
28 73
20 90
29 81
7 50
21 78
15 41
6 38
0 88
14 20
13 35
30 88
