80
14 39
14 58
6 68
23 76
11 12
7 46
18 12
23 84
7 40
21 33
11 85
26 60
15 79
29 11
6 11
25 1
13 29
18 29
24 54
1 55
19 23
29 38
27 47
17 2
14 31
20 79
13 77
23 13
18 3
12 95
15 100
7 4
8 7
22 20
8 73
0 84
29 88
29 76
20 99
23 11
29 66
17 22
3 78
5 59
14 39
25 43
22 44
11 100
4 99
21 8
15 3
3 80
17 42
28 67
5 100
1 93
9 89
20 14
8 31
11 38
13 95
27 15
8 94
14 96
27 42
26 46
5 5
18 92
3 67
7 82
21 4
4 97
4 76
19 71
1 38
13 25
2 92
20 76
27 93
26 37
30 63
21 53
19 35
21 18
21 14
7 49
30 75
22 30
14 11
20 93
17 65
28 33
12 59
24 36
19 75
13 97
16 5
2 68
13 64
17 51
14 99
24 42
27 60
16 82
30 15
26 48
10 73
22 77
8 74
23 64
1 18
0 98
21 14
27 70
10 50
15 52
23 54
14 29
30 47
24 64
4 28
25 35
1 73
4 78
8 45
6 44
2 64
10 51
30 91
9 54
25 10
4 39
24 28
8 55
25 100
26 53
11 38
26 53
30 13
1 50
14 35
8 14
9 27
23 67
23 8
7 41
12 14
16 33
3 38
30 47
26 48
30 24
11 39
28 36
23 81
8 75
20 7
1 28
16 57
28 1
8 57
14 93
14 18
4 90
27 31
3 96
15 3
30 84
23 78
26 36
8 8
21 70
21 71
17 92
0 68
5 43
9 92
27 56
8 6
30 96
3 92
18 8
2 40
13 84
6 33
2 20
11 40
26 5
8 69
30 16
19 79
19 11
18 13
29 24
13 91
0 22
26 30
12 35
21 63
4 78
18 98
17 47
2 60
4 49
1 70
25 87
20 74
25 24
20 91
14 87
28 73
17 32
21 18
17 29
21 59
19 50
15 60
28 66
16 62
16 48
7 41
17 39
23 100
3 5
1 82
17 75
4 99
9 91
25 50
12 6
12 86
29 82
3 12
5 73
23 59
21 83
27 79
23 84
17 91
21 81
1 13
8 34
0 56
22 48
7 67
18 81
7 36
29 3
17 3
5 50
2 47
20 64
24 68
17 78
18 32
25 75
23 16
26 4
17 65
14 76
26 48
28 19
18 69
8 6
26 70
7 36
22 55
14 100
2 71
12 18
3 14
23 14
22 60
3 24
15 56
10 64
23 90
4 27
17 83
10 1
24 57
13 89
10 39
29 33
11 57
25 74
19 75
8 13
18 50
15 9
29 41
3 83
0 78
27 45
16 48
10 3
28 90
30 79
28 15
6 46
14 75
17 48
23 20
18 18
20 56
18 75
4 90
4 19
12 3
2 87
1 75
25 72
5 80
2 70
5 73
4 62
18 84
12 60
14 63
17 81
13 82
26 22
15 54
22 42
14 73
10 56
11 77
16 28
26 70
6 16
13 84
5 38
2 45
13 73
10 33
6 95
13 8
29 16
15 87
30 74
1 93
18 2
7 29
1 5
28 72
2 74
2 86
14 45
7 16
1 71
25 33
17 63
30 42
21 9
10 97
26 80
19 99
15 7
12 88
2 66
17 35
9 1
24 56
15 39
13 46
9 88
17 7
2 10
2 23
28 34
9 12
19 79
22 39
9 35
4 63
15 16
9 25
7 58
4 2
25 91
5 9
30 79
28 93
12 14
0 66
13 67
12 7
25 23
15 42
9 68
7 62
13 9
11 8
11 30
25 20
2 87
15 9
28 45
7 43
28 91
