80
11 90
5 1
7 4
15 74
0 17
14 7
29 20
27 44
27 61
29 65
27 33
16 89
1 42
24 6
10 56
15 98
27 5
21 1
14 72
21 74
19 56
12 16
8 68
7 80
4 72
20 22
5 45
7 94
28 61
6 41
20 66
13 42
19 63
12 86
11 47
13 81
21 33
13 70
11 15
21 44
6 94
21 16
27 28
6 89
26 54
15 48
7 3
7 49
7 91
3 82
1 67
20 19
25 66
17 94
23 37
10 61
23 43
14 75
4 86
18 36
1 35
9 20
19 8
14 13
22 76
0 91
12 72
8 15
28 7
25 49
7 11
11 89
29 73
12 11
29 12
11 90
0 42
22 85
19 49
1 43
8 35
12 89
21 90
18 93
18 13
12 75
0 11
13 47
0 21
7 49
5 99
25 37
22 80
22 83
14 13
1 87
22 31
10 68
29 92
16 57
0 56
4 29
27 86
3 61
11 61
30 32
15 34
7 89
8 61
22 38
30 23
2 48
12 26
3 76
9 62
5 42
17 77
30 65
1 89
16 1
16 63
11 35
26 53
25 24
16 78
4 60
0 50
27 11
29 16
25 29
8 53
22 14
19 18
12 3
1 5
28 41
25 47
4 26
17 44
11 63
6 48
14 32
0 83
23 23
14 60
3 12
16 30
12 41
1 86
11 27
23 42
15 34
28 51
14 30
20 95
16 73
30 36
15 82
18 62
5 74
30 73
30 71
7 1
28 34
19 30
8 11
1 19
10 3
25 23
7 41
6 31
20 10
29 57
2 34
27 24
2 34
20 75
19 12
23 73
11 24
3 52
16 45
16 20
20 16
22 81
3 25
24 49
13 79
29 24
8 12
28 38
27 29
7 56
0 25
21 73
25 100
13 59
22 92
7 81
24 81
14 75
12 65
5 60
16 54
2 38
27 3
26 1
17 58
11 11
25 71
2 77
12 57
13 84
23 83
16 26
20 47
24 44
22 67
24 10
5 4
2 16
12 3
26 56
8 14
18 78
29 28
17 22
29 68
21 54
9 14
28 99
23 24
30 8
26 56
1 80
8 61
28 48
11 69
28 44
0 86
7 50
16 24
22 70
14 76
9 25
14 3
27 86
4 61
28 63
12 71
24 29
9 60
4 72
5 27
12 9
19 43
8 96
7 41
13 43
25 66
27 39
25 81
29 26
22 6
9 35
3 92
17 67
10 55
28 16
4 93
26 36
1 31
8 73
30 48
1 96
21 20
5 18
0 39
18 97
13 40
21 19
1 9
8 26
21 32
6 99
5 34
15 65
12 42
27 77
12 75
0 44
7 8
24 84
3 20
10 54
8 21
15 99
17 69
10 99
13 57
1 85
0 32
22 38
17 37
12 100
12 1
16 79
28 36
22 99
20 70
28 7
7 85
24 91
23 5
22 86
26 8
2 86
10 58
20 36
24 8
15 84
18 44
14 50
18 68
30 28
13 50
4 3
26 46
4 40
29 98
17 9
26 9
0 89
9 80
24 82
23 33
26 65
9 49
4 44
20 24
21 63
2 67
23 92
5 63
1 43
1 7
7 49
22 76
2 12
23 80
20 25
23 57
28 89
25 39
28 23
29 77
24 28
2 43
26 43
18 54
27 45
0 32
8 63
23 62
0 2
1 72
9 8
16 21
29 71
10 65
14 94
4 82
28 1
9 41
20 93
7 15
25 27
30 58
16 98
29 57
23 48
22 19
12 91
18 50
23 62
29 66
24 48
18 83
1 49
16 1
1 39
0 22
14 34
15 42
24 41
21 87
8 54
24 17
24 20
17 6
