80
29 86
6 96
5 31
29 71
12 94
27 95
7 28
2 8
5 59
23 26
17 29
10 55
10 73
16 95
11 28
5 43
18 55
23 73
14 3
27 86
5 32
30 24
1 35
16 85
16 97
9 18
19 89
12 82
0 84
24 54
23 16
17 90
1 38
28 77
5 11
24 37
30 20
12 87
23 2
11 73
19 58
27 9
17 55
2 34
17 89
12 40
13 97
22 45
20 35
22 70
16 98
4 98
14 82
8 65
2 83
4 17
26 25
16 41
20 62
19 24
21 90
3 97
18 13
25 53
29 65
6 26
20 79
17 9
23 50
6 52
14 80
25 72
27 95
16 81
19 73
8 66
10 61
29 15
25 94
25 25
2 8
28 36
28 77
19 22
27 65
11 40
1 42
24 66
15 62
5 23
10 84
12 71
28 82
23 59
25 73
11 77
18 84
28 54
23 56
3 9
8 16
14 86
3 37
28 89
25 67
13 35
30 35
28 12
24 56
2 10
16 20
9 96
0 90
6 87
9 31
5 91
19 86
19 53
15 71
16 93
20 30
19 36
21 77
1 33
2 27
21 30
12 41
9 36
17 98
19 40
4 26
9 97
7 49
14 30
3 98
2 65
27 49
21 11
14 88
22 71
8 74
25 19
21 80
11 49
5 35
5 19
3 84
16 37
16 13
10 100
19 85
22 97
27 57
18 16
14 5
17 83
14 84
17 90
15 27
24 49
5 51
21 73
8 25
5 68
12 63
22 67
18 24
24 25
22 51
15 80
8 54
30 40
7 36
4 94
24 11
24 54
6 7
22 95
21 24
23 8
1 62
22 90
26 19
0 62
21 42
0 47
30 44
4 79
21 45
23 97
20 28
28 93
24 17
12 7
30 86
23 73
27 39
0 40
16 4
14 96
20 86
24 62
13 69
8 97
27 74
27 22
10 97
14 70
12 16
28 26
12 35
13 43
24 4
28 71
18 94
6 93
3 57
21 42
0 87
7 16
2 85
29 44
23 70
27 6
23 12
27 60
27 15
20 87
9 74
10 84
21 30
8 39
29 15
21 80
25 60
29 62
5 64
10 4
15 64
16 14
27 90
13 75
26 16
15 43
9 68
3 7
20 13
12 45
0 83
7 48
24 11
23 94
24 11
26 15
15 15
26 86
25 10
9 24
5 82
6 92
1 22
17 7
19 49
9 16
11 68
27 60
4 51
0 83
11 37
17 1
30 21
2 79
27 50
19 17
3 14
2 6
15 61
18 100
8 16
27 24
3 58
18 81
12 39
12 56
26 11
1 100
10 34
6 18
0 57
5 14
4 13
6 26
9 76
22 31
27 69
13 31
15 72
1 78
14 47
14 99
5 40
16 44
12 86
25 2
4 24
9 87
2 54
22 94
3 46
15 11
19 76
25 71
10 41
22 96
9 84
11 80
18 97
0 25
24 65
21 78
6 82
30 21
21 94
6 70
27 81
23 76
16 66
22 47
5 59
6 47
6 58
8 42
23 45
26 36
2 96
22 30
17 59
25 80
28 69
20 64
3 40
7 36
3 86
0 94
28 46
24 12
12 89
30 48
18 76
27 18
2 37
11 3
1 71
1 51
23 27
30 77
8 87
4 21
4 57
18 89
4 80
19 97
27 90
16 61
17 13
22 85
11 69
19 96
23 16
26 1
13 36
22 35
15 23
20 39
9 80
30 23
17 69
9 65
15 98
2 28
13 3
30 45
3 8
26 8
13 81
17 62
16 22
28 77
12 11
30 60
14 89
11 81
2 50
18 100
25 67
28 66
18 72
12 28
5 77
21 95
