80
4 51
15 4
28 86
23 75
1 23
12 5
27 81
20 98
8 80
5 76
3 82
8 45
17 3
26 49
28 67
21 3
1 22
30 69
9 16
4 20
13 57
12 61
19 51
3 64
8 28
9 26
10 79
16 56
7 22
27 77
18 31
3 15
24 87
26 12
7 10
7 10
4 27
11 3
30 55
29 20
0 92
0 52
15 17
16 52
12 77
22 10
10 74
17 60
16 89
0 1
14 88
4 44
26 13
25 28
7 47
19 83
23 14
25 51
29 51
27 52
25 87
27 44
21 75
18 82
13 1
23 51
22 39
12 20
28 24
2 60
9 54
12 30
11 60
8 76
20 82
28 36
13 17
16 87
12 50
10 77
8 96
12 32
27 94
10 81
23 63
1 85
27 83
21 93
6 8
7 52
29 53
21 33
8 22
10 23
2 5
22 76
22 35
16 90
16 92
1 64
18 13
9 58
16 4
3 2
17 35
14 92
23 91
4 45
24 62
18 49
9 21
29 24
30 43
11 19
8 33
28 24
22 67
28 93
17 48
20 89
17 79
18 34
24 43
1 22
2 58
2 52
29 15
28 96
16 90
3 65
18 63
25 21
28 40
20 37
26 100
12 73
27 34
29 91
1 2
14 53
4 4
12 80
27 87
13 90
1 69
11 41
20 41
2 40
1 40
5 57
4 27
5 49
14 94
1 2
1 67
6 81
10 62
2 90
6 42
10 82
2 41
12 99
4 55
14 61
15 84
30 69
6 35
13 38
14 75
8 83
2 30
29 50
2 22
6 99
30 9
15 29
21 25
22 71
17 37
6 4
21 61
16 50
18 58
10 28
3 78
19 43
23 5
17 81
27 93
18 75
6 4
14 20
11 73
17 26
10 43
27 1
19 64
2 99
0 4
1 23
11 99
2 56
4 73
1 59
10 26
18 55
6 55
5 29
18 20
2 79
21 85
0 45
6 93
18 49
6 93
29 66
13 40
1 4
6 36
29 62
12 16
28 58
3 7
14 81
6 65
17 14
23 54
26 37
17 5
0 90
28 53
12 45
16 54
23 46
23 58
18 24
17 87
16 6
28 5
23 63
11 13
14 12
24 63
21 72
9 71
16 35
9 73
8 51
6 74
7 94
10 21
29 13
6 18
1 23
6 33
18 78
30 13
8 46
18 18
12 80
23 97
26 98
4 31
28 61
14 46
11 81
30 40
0 7
28 96
20 44
23 2
29 96
30 81
9 77
13 19
2 56
1 43
30 73
5 6
4 57
13 36
24 34
22 72
3 11
10 95
3 27
9 53
10 79
17 35
28 97
6 48
23 81
6 70
6 93
8 23
27 59
3 17
22 59
13 52
10 99
12 45
30 54
25 85
17 62
4 53
7 51
26 39
25 18
18 85
25 95
0 94
8 60
12 27
28 64
2 63
0 77
0 55
14 87
9 11
3 5
0 30
14 33
20 38
14 38
26 40
4 24
29 56
25 86
15 7
15 90
1 15
17 8
4 36
2 27
20 9
10 35
18 3
24 54
6 2
30 53
0 12
14 35
23 53
16 52
10 96
1 1
10 100
4 98
24 57
17 32
26 68
12 86
16 44
21 100
26 79
12 88
17 97
1 50
19 89
20 52
20 36
1 41
24 89
8 84
10 38
26 49
28 45
5 16
9 33
12 82
10 56
18 64
24 10
13 27
27 68
5 21
13 58
1 81
26 9
3 2
0 8
14 19
9 49
0 14
19 3
27 93
19 69
9 78
23 70
22 82
24 87
6 63
19 20
22 55
13 56
10 4
22 82
9 59
27 67
14 49
