80
0 15
30 48
10 72
23 100
4 84
2 31
1 76
24 79
13 97
21 91
18 46
14 40
18 33
1 73
16 37
21 39
24 62
2 91
26 93
13 27
25 37
22 84
7 58
15 39
30 35
2 20
0 56
27 76
27 96
2 11
6 4
18 22
15 28
4 3
4 54
21 96
13 15
27 42
0 28
4 76
4 32
27 14
20 13
7 93
16 52
29 8
6 69
4 13
27 22
26 51
29 81
5 80
29 99
3 20
13 99
7 57
14 18
22 17
4 60
2 4
29 76
28 25
23 14
12 43
24 31
9 12
4 70
3 7
6 14
27 51
3 35
5 98
15 84
28 74
23 59
27 66
0 66
2 97
1 98
24 40
6 36
1 42
16 67
5 33
30 77
13 42
7 46
10 97
6 98
21 40
26 91
14 61
4 13
5 51
23 73
24 61
0 46
23 80
17 79
19 72
13 56
25 43
3 89
18 23
9 46
19 7
25 22
8 41
23 82
18 95
1 37
8 61
18 41
22 65
5 70
11 61
19 66
14 11
28 84
28 80
29 94
11 29
21 14
1 70
3 32
8 67
17 61
26 9
4 2
13 62
13 91
11 27
0 93
9 13
18 37
13 46
6 73
24 9
1 32
8 81
1 22
20 5
4 86
29 48
0 72
6 56
12 13
3 6
2 32
20 77
30 34
27 69
28 72
21 63
8 28
7 4
17 69
23 59
10 75
8 30
17 63
8 11
9 54
20 65
9 45
29 96
16 3
9 63
17 44
29 57
19 91
18 49
8 86
0 33
3 60
22 68
17 16
26 78
2 43
10 23
15 12
15 75
18 34
4 7
9 78
0 44
10 52
13 30
21 66
5 36
26 39
8 15
29 56
0 9
1 67
24 98
12 43
7 78
19 35
6 23
0 48
21 91
20 59
3 62
15 83
22 94
16 79
11 95
0 91
19 54
16 39
30 62
21 54
18 74
6 19
22 85
29 73
11 63
10 37
26 51
8 83
9 86
14 66
27 76
11 25
19 31
9 28
30 82
28 96
18 79
23 13
0 16
4 78
14 37
12 72
25 77
7 87
13 79
7 31
4 95
3 7
22 85
5 92
22 75
9 28
9 58
15 2
10 58
11 92
22 12
8 87
11 72
15 82
30 48
11 20
10 25
26 6
15 35
17 43
21 89
24 49
6 76
30 100
20 39
12 57
6 34
28 54
27 25
5 11
28 42
10 54
30 70
18 78
5 12
23 37
8 12
24 54
13 77
5 89
4 49
9 7
1 49
18 36
13 53
3 14
8 41
8 75
29 43
23 23
23 80
27 1
28 14
30 75
21 9
5 95
28 96
12 41
20 6
19 34
8 8
9 42
27 23
30 38
9 36
21 17
8 87
6 37
8 70
29 17
9 25
22 58
9 66
0 100
16 55
25 66
3 88
18 62
10 85
11 51
5 46
12 94
1 76
20 56
13 59
14 63
25 82
18 1
22 22
23 24
4 11
23 29
13 67
11 82
14 12
24 56
27 41
20 42
29 3
11 8
15 12
0 31
10 91
12 75
10 90
16 93
27 41
4 9
25 98
26 63
20 5
21 14
8 99
2 43
27 65
2 49
2 20
30 78
9 30
20 13
26 33
29 26
16 43
24 100
11 6
8 94
2 99
14 86
0 61
10 67
6 57
30 79
25 12
5 40
22 21
0 66
15 48
0 21
30 57
20 20
24 51
29 73
14 35
6 90
5 63
15 56
7 85
24 37
21 51
16 61
29 19
1 35
30 100
14 79
3 39
4 7
22 77
6 81
10 23
5 28
8 93
