80
18 4
26 16
7 86
10 41
5 50
19 44
27 21
23 84
30 10
8 10
16 99
16 19
22 43
22 57
18 22
25 2
9 92
19 23
25 77
14 58
13 58
16 87
16 66
21 86
25 100
13 23
19 59
13 11
19 45
24 44
21 31
2 36
7 12
24 13
10 14
24 50
29 49
12 15
28 78
24 85
13 44
5 84
22 17
17 37
20 36
7 64
29 62
2 98
2 74
2 42
7 59
4 2
22 84
30 23
17 21
2 73
10 91
5 81
17 88
12 87
24 2
28 98
28 57
15 23
18 60
9 22
30 74
0 47
29 1
10 21
8 14
17 32
1 86
25 78
28 24
18 73
25 6
12 44
6 72
8 74
27 12
19 26
29 95
17 67
23 4
0 55
9 27
6 18
25 32
7 56
2 57
18 87
26 39
23 7
17 86
27 2
29 41
25 91
16 5
22 8
0 46
10 93
4 69
18 36
0 60
25 78
6 39
21 23
8 6
30 100
16 67
0 96
2 99
12 75
10 20
4 16
10 56
5 41
3 89
10 72
0 81
30 3
13 24
30 36
3 87
26 76
24 55
27 63
13 49
12 36
20 37
1 89
3 6
22 66
18 86
0 30
3 51
19 65
19 97
12 66
22 81
21 91
8 65
29 27
1 37
5 15
24 7
23 67
15 93
30 40
7 13
5 14
5 43
23 54
19 49
25 3
5 16
28 99
3 21
26 32
11 53
21 35
27 2
25 21
27 29
7 10
30 100
6 25
24 56
13 13
23 18
20 32
23 20
20 28
12 40
24 86
14 22
20 53
17 62
6 46
25 11
28 2
12 51
29 67
12 57
3 79
11 40
9 27
25 27
13 93
12 79
25 36
24 78
23 65
21 43
5 71
14 90
21 88
14 45
10 50
0 70
10 91
6 39
22 52
21 76
23 69
6 92
23 43
15 3
17 23
7 2
4 86
27 39
26 11
26 57
29 47
17 43
14 45
8 28
24 41
20 81
2 55
29 83
26 7
26 41
11 42
13 53
30 1
12 15
14 27
15 16
23 1
25 29
23 68
27 24
29 71
4 96
4 62
30 28
19 3
0 34
28 87
8 40
25 10
9 31
11 75
16 29
26 17
16 69
8 100
30 86
29 12
17 53
6 56
30 83
11 49
30 55
19 43
9 47
24 89
5 80
6 28
14 25
27 2
15 24
16 95
2 62
26 23
24 68
21 31
24 5
16 74
2 18
2 14
11 18
7 24
23 17
22 96
20 11
24 81
5 32
15 89
25 28
1 2
22 58
7 10
21 51
30 58
13 8
14 33
1 73
9 70
20 8
28 15
1 49
18 93
25 11
1 36
14 68
0 41
4 71
26 9
3 45
6 90
16 41
13 9
25 69
4 99
9 47
6 23
30 100
29 60
8 75
18 29
8 37
7 68
5 52
13 92
19 53
6 58
11 88
23 74
19 56
3 66
27 68
18 23
9 18
15 78
27 49
8 36
19 15
13 91
18 59
8 25
22 83
23 53
15 3
9 47
4 85
4 97
7 3
9 77
14 34
6 92
9 47
18 58
3 81
21 89
4 82
7 45
1 58
30 14
22 11
0 85
15 97
22 33
14 78
30 12
14 95
18 15
21 99
25 14
15 54
6 60
25 54
7 85
11 13
16 41
25 16
30 18
13 85
3 65
18 36
8 99
26 82
7 61
3 89
18 23
21 15
16 70
12 81
5 10
15 77
9 65
13 76
22 36
11 98
14 41
17 32
19 6
2 60
29 6
13 86
5 1
20 68
17 6
3 12
21 64
3 94
13 2
