80
11 48
28 85
26 64
9 45
7 71
30 51
30 82
16 73
13 85
11 60
0 27
5 43
24 93
7 3
11 38
28 7
16 99
13 76
13 62
8 93
7 76
12 2
12 51
1 27
6 12
12 67
17 29
29 70
3 21
2 91
28 55
29 96
8 58
27 78
13 50
14 47
19 47
29 57
5 37
22 19
17 90
20 100
24 62
16 44
6 92
23 46
4 89
19 51
16 14
3 93
5 74
0 17
19 65
9 46
30 35
1 86
21 13
2 60
18 6
3 33
10 6
30 80
26 75
23 16
6 16
13 59
27 77
7 68
2 17
17 9
7 2
8 92
21 17
9 40
10 7
7 79
5 6
0 99
20 33
16 4
10 88
16 3
25 12
25 55
16 73
4 43
7 37
30 31
12 82
12 48
12 63
26 71
19 18
10 69
24 65
29 54
1 71
0 19
18 36
10 82
16 46
10 52
2 39
9 22
6 26
8 24
28 57
3 17
9 15
2 70
22 11
18 44
22 93
18 18
3 41
1 14
24 46
23 83
29 58
4 90
27 32
2 74
15 93
1 88
25 22
3 45
5 42
27 98
7 41
1 60
0 36
11 46
16 23
10 7
18 20
4 94
28 56
13 84
17 79
13 100
14 68
19 69
13 67
20 95
4 25
1 58
15 18
24 7
6 17
27 1
26 97
18 95
14 42
26 1
24 7
15 57
28 70
8 78
16 94
23 63
4 62
14 14
26 98
12 34
27 34
9 70
0 8
12 93
27 35
27 89
10 36
28 36
18 62
1 99
9 37
20 62
24 88
11 44
4 36
23 63
14 46
20 70
11 62
6 44
8 97
7 58
3 72
28 83
7 39
27 20
17 14
15 2
14 86
4 79
14 92
13 71
16 63
15 53
26 100
23 38
16 49
4 56
6 55
16 66
1 5
21 54
30 94
14 78
2 60
14 54
1 71
7 95
10 81
10 82
18 55
25 60
11 10
26 60
7 84
3 46
6 93
17 79
5 45
20 19
28 95
21 40
21 6
29 98
20 5
27 77
10 54
20 59
26 29
14 76
19 20
10 72
6 25
26 39
2 25
19 40
22 5
12 15
29 19
24 64
30 71
1 46
29 12
19 52
0 39
0 72
11 55
24 19
6 27
10 1
27 93
29 50
5 49
5 91
16 66
26 86
9 36
11 48
4 66
10 20
26 62
21 10
9 24
1 24
19 92
28 89
10 43
6 50
12 67
18 89
29 44
2 31
26 92
10 69
8 36
29 60
10 52
2 83
22 35
7 75
19 34
22 86
2 34
4 14
15 20
16 29
15 58
18 72
11 96
27 93
19 24
20 64
8 12
30 21
29 48
16 78
4 77
7 14
27 69
7 97
3 32
15 37
3 23
27 1
8 14
12 80
9 17
13 84
26 35
23 23
8 38
13 76
22 60
23 75
29 15
28 56
20 84
24 71
25 5
24 93
12 5
10 83
22 45
14 93
21 2
6 57
21 36
16 72
5 11
6 65
17 19
7 99
18 80
10 98
0 44
9 32
12 13
12 53
13 5
1 52
13 15
6 42
25 38
2 27
23 15
2 85
8 83
4 100
11 16
13 36
16 1
1 48
18 13
2 3
30 81
25 100
29 95
5 1
29 64
10 39
26 84
2 22
10 2
3 91
14 7
27 6
11 35
0 59
28 87
6 75
21 9
5 37
29 50
10 98
12 94
5 85
26 57
23 70
29 56
25 71
19 67
18 20
3 40
30 25
13 55
25 6
26 92
16 28
17 59
24 19
8 30
17 42
7 6
5 33
19 13
23 68
