80
24 64
13 11
2 35
1 80
24 13
9 18
1 40
7 2
6 9
12 12
20 50
8 11
10 26
19 4
19 27
10 25
3 28
4 74
19 36
2 14
1 80
16 59
28 62
24 3
13 62
8 73
10 30
27 44
9 61
3 11
12 91
24 74
7 80
21 98
25 20
1 83
16 95
5 94
6 81
15 12
10 76
2 77
8 43
9 16
26 95
3 4
24 84
10 56
1 13
7 87
4 56
15 7
6 20
3 21
4 17
0 3
18 5
16 54
10 5
10 89
10 84
26 5
1 85
13 41
19 17
21 45
16 88
29 67
20 83
8 93
23 99
5 13
21 87
7 33
18 6
7 57
23 35
1 19
12 56
4 81
13 43
13 92
24 7
30 63
19 52
30 27
26 92
26 58
26 45
15 86
26 51
29 26
23 60
5 18
17 6
4 84
16 52
0 80
11 73
28 80
4 75
24 21
17 32
4 33
18 99
2 55
12 59
30 65
24 57
20 27
14 76
29 93
23 87
5 41
17 57
2 42
9 94
21 62
15 11
3 78
0 57
8 20
20 56
26 54
7 8
24 54
6 45
0 30
22 59
4 64
18 68
21 41
25 25
23 70
1 74
12 49
24 14
11 64
16 6
29 84
1 34
2 32
13 58
10 48
23 56
23 8
1 95
25 44
3 2
27 16
3 20
21 33
26 23
9 53
21 61
22 13
6 40
12 40
2 100
7 57
22 88
4 46
29 95
5 72
4 45
2 57
9 65
23 4
26 5
14 73
5 33
17 34
11 81
23 14
26 95
18 6
17 52
29 85
21 89
2 10
7 35
30 53
14 94
14 87
9 59
29 80
23 59
20 19
21 95
29 56
17 46
22 27
13 19
24 54
8 28
5 89
4 41
15 10
5 43
29 16
25 58
18 2
16 66
9 70
1 90
4 14
29 54
24 73
8 76
23 79
5 15
12 21
30 27
4 58
20 93
27 87
21 90
6 80
2 16
10 92
2 44
16 2
12 35
19 76
13 4
21 58
19 76
6 72
8 20
5 35
9 16
9 67
17 48
26 95
7 39
26 10
0 90
8 58
11 53
0 69
23 30
18 78
12 11
23 71
15 4
17 16
4 11
19 61
6 71
15 94
26 5
4 29
28 26
18 16
15 17
20 97
25 65
12 17
13 81
5 46
9 1
2 4
30 83
0 73
24 54
19 51
6 4
29 65
18 19
0 68
18 33
15 40
11 58
15 41
3 11
1 74
0 7
23 68
12 52
16 38
16 55
5 83
3 57
28 68
25 10
22 35
4 95
13 65
1 97
8 10
19 99
23 63
16 19
12 78
19 39
29 87
1 71
15 4
27 17
2 23
9 95
25 79
6 50
2 15
14 36
29 28
9 69
23 59
2 36
29 31
6 96
9 98
8 36
6 36
22 69
12 79
8 83
19 56
2 83
1 100
2 83
18 3
9 75
10 65
14 40
10 76
18 65
17 55
2 88
6 92
14 94
28 34
23 42
13 15
30 1
10 84
3 62
28 58
9 80
15 12
1 36
28 54
16 73
15 98
9 26
9 76
13 14
16 64
3 93
17 1
5 6
30 47
20 91
18 28
1 76
13 50
28 28
0 72
7 46
5 67
23 60
5 1
17 80
21 21
10 19
22 36
27 8
6 11
29 82
23 22
13 12
1 61
19 1
5 10
23 80
15 76
28 15
24 11
9 14
23 60
9 42
6 59
23 35
21 33
14 17
11 70
14 59
24 88
30 3
7 83
22 57
21 6
15 80
22 87
22 78
8 96
5 14
11 48
3 10
5 57
