80
27 16
12 37
27 54
9 49
12 46
25 4
28 27
18 97
7 54
29 11
5 79
23 20
24 56
22 76
16 61
28 11
10 15
4 70
21 1
11 97
10 38
21 85
1 6
0 64
17 56
3 27
28 5
28 63
18 21
8 4
8 36
7 45
20 90
27 29
21 51
11 93
13 20
14 40
25 85
15 76
27 52
3 57
15 53
15 42
23 50
19 57
13 55
21 88
7 75
23 86
26 18
5 62
11 44
23 26
4 96
25 93
20 79
17 35
25 97
14 36
21 73
24 59
18 69
4 17
10 52
25 98
11 87
5 36
8 30
5 80
3 10
6 89
21 64
17 1
17 9
22 6
1 55
4 23
13 6
16 27
13 18
29 67
10 77
7 48
9 73
11 69
7 43
29 60
17 62
21 45
0 81
13 15
12 83
4 51
2 24
6 33
26 99
6 99
27 35
2 76
3 12
13 52
1 41
26 54
16 67
14 66
0 51
14 29
0 3
30 2
10 95
12 81
0 56
27 35
6 23
28 44
22 10
19 18
24 45
16 74
0 34
11 72
0 24
7 76
0 98
9 76
24 79
16 18
17 65
30 3
25 99
7 26
18 20
26 45
22 69
5 28
20 36
26 83
28 6
21 92
9 38
12 23
9 54
15 34
6 98
20 75
19 91
25 69
21 35
26 60
3 34
1 19
20 3
30 87
4 99
18 72
8 45
0 30
28 100
7 1
9 17
24 79
13 56
3 25
25 54
16 19
28 84
23 25
13 65
8 62
0 13
7 71
0 74
29 48
30 97
24 10
20 83
27 98
2 70
15 95
27 39
8 46
20 44
5 33
30 36
9 27
0 91
0 11
23 45
1 25
25 26
24 60
22 18
18 46
12 7
5 32
11 30
1 68
0 10
16 29
17 43
7 39
15 9
15 68
19 58
3 53
19 62
6 16
26 39
19 62
6 14
13 37
30 29
3 23
17 37
6 97
18 86
26 75
26 19
10 41
26 78
3 85
4 97
16 46
3 31
9 32
28 16
19 36
0 45
26 48
6 15
0 78
15 59
27 98
26 79
13 30
8 53
20 91
8 9
7 50
18 21
5 26
17 2
2 31
26 60
7 98
2 38
29 39
11 100
9 65
11 65
14 93
27 51
16 97
29 43
22 92
7 26
22 13
5 9
5 26
9 92
2 34
17 56
9 19
16 2
9 28
12 28
19 31
24 100
20 92
5 1
22 62
8 7
3 70
0 93
28 19
26 72
27 33
21 95
20 23
0 41
30 13
9 78
18 76
15 15
25 24
7 75
19 13
15 34
13 49
4 42
0 67
17 42
26 41
15 23
4 99
16 9
5 95
10 79
27 48
22 66
12 36
14 96
18 27
9 23
25 98
6 63
29 7
21 92
19 26
12 64
0 4
8 20
25 21
7 64
29 3
27 87
17 26
26 77
14 31
13 4
15 8
17 78
15 60
25 45
7 12
27 83
26 24
25 34
4 82
26 36
29 95
24 62
13 57
1 14
0 27
13 86
16 22
16 68
26 87
25 37
22 68
23 92
22 24
2 20
27 3
24 85
27 24
21 70
0 96
14 47
24 93
26 39
21 9
12 73
30 16
2 9
16 94
19 94
24 70
26 48
4 16
23 57
20 41
6 44
28 43
23 71
13 44
2 20
27 100
12 73
15 85
7 100
26 35
13 26
27 34
19 8
22 94
22 18
6 87
26 65
3 72
3 92
26 84
0 98
4 80
17 55
16 80
20 95
2 68
8 49
0 62
16 62
8 6
30 71
2 87
30 44
28 21
20 16
19 2
