80
18 50
4 70
8 65
26 43
20 10
13 44
8 62
18 81
11 83
10 89
13 83
24 34
6 63
17 52
16 73
27 74
4 56
17 45
11 32
11 26
1 17
16 100
28 14
22 8
3 69
11 92
6 28
4 80
10 19
10 30
16 13
22 53
13 74
28 33
3 62
25 3
0 30
29 2
16 12
6 84
20 11
3 85
4 17
9 92
21 99
16 51
17 71
13 59
0 26
5 61
19 89
8 13
9 64
1 37
30 90
3 58
4 1
28 87
12 67
28 38
8 16
7 52
4 37
0 61
7 70
21 63
30 10
25 67
30 75
27 85
1 66
7 87
2 35
8 44
10 90
14 14
11 63
14 12
20 14
5 31
18 55
30 4
21 31
29 11
13 96
21 18
7 11
16 98
23 18
28 66
7 77
22 36
24 49
2 76
4 99
29 3
21 41
8 95
9 21
25 61
16 54
2 65
17 89
17 25
13 42
17 70
29 96
22 60
25 61
22 55
28 4
18 91
16 50
19 13
12 76
21 47
25 41
2 88
15 24
20 80
28 73
6 61
16 100
23 33
19 12
3 9
28 25
14 21
25 78
1 58
5 52
13 47
23 26
22 63
21 48
25 68
18 41
8 1
7 76
22 49
9 16
4 79
23 54
30 30
7 17
1 46
27 46
17 75
8 81
19 79
16 5
24 21
22 37
10 73
0 11
17 65
6 52
8 98
13 86
21 92
12 89
18 57
12 28
1 64
23 42
8 55
27 93
18 13
21 34
21 97
16 18
19 12
3 68
20 55
18 21
18 8
25 50
7 15
8 84
4 76
26 16
16 12
29 96
11 75
21 28
25 89
8 10
23 30
12 54
13 16
20 94
14 72
11 63
11 54
0 68
4 12
4 76
4 36
1 89
4 57
13 12
5 95
28 9
5 30
28 67
26 41
2 92
8 52
12 80
14 100
11 68
7 69
3 59
5 21
1 6
4 69
5 20
22 85
27 90
12 41
11 40
29 64
21 16
0 58
7 68
0 57
12 13
13 62
13 71
20 32
26 75
20 46
8 65
26 16
0 15
18 26
22 48
20 1
2 30
13 65
0 40
7 31
20 62
0 99
2 60
19 73
24 56
30 77
9 91
26 17
3 60
22 64
26 43
11 57
18 97
4 100
1 60
13 31
25 94
8 61
16 73
22 87
3 47
8 46
3 66
6 25
22 19
22 95
11 38
20 43
9 19
7 7
19 55
14 90
8 49
12 53
26 7
27 22
21 97
20 18
16 58
9 55
26 42
2 19
30 37
11 43
0 89
20 6
3 7
22 63
17 43
15 2
30 93
6 46
11 68
20 55
29 67
24 84
7 100
28 68
0 90
1 88
9 71
2 86
27 72
6 94
23 4
25 20
16 41
14 27
22 98
7 23
25 2
18 63
20 81
30 50
7 92
5 26
21 43
21 56
21 6
7 47
29 76
16 41
16 2
17 14
19 57
8 68
23 68
17 59
10 100
21 69
21 11
26 21
28 48
8 23
24 99
27 82
16 87
22 1
15 22
4 22
3 94
7 86
12 86
10 19
19 98
28 66
16 98
30 38
17 63
21 32
5 70
28 10
5 54
24 7
12 98
10 73
26 68
5 4
22 38
22 6
17 39
6 97
4 44
16 96
6 2
3 21
29 49
28 13
4 41
21 74
1 5
3 9
17 11
20 64
29 76
0 31
26 40
25 93
18 10
23 50
30 60
24 9
28 27
30 50
16 1
19 47
14 42
1 38
13 62
20 4
22 71
11 57
1 33
8 34
17 94
21 86
28 72
7 69
