80
23 4
4 6
5 56
15 77
28 59
19 53
18 68
13 79
10 35
7 57
30 37
5 83
1 56
25 88
10 7
9 17
30 49
5 72
13 6
27 79
30 15
21 59
29 81
3 37
20 96
9 95
29 34
6 14
17 50
3 51
23 38
30 22
20 44
19 11
28 87
19 76
5 89
8 47
4 4
1 93
5 56
12 27
25 98
27 15
23 85
10 30
11 36
9 43
22 99
4 72
22 35
7 100
12 22
4 33
19 22
18 25
9 81
25 3
12 16
1 99
13 37
2 20
15 88
0 41
14 74
17 67
3 70
13 92
4 90
22 16
8 46
25 18
19 88
1 61
25 59
20 27
25 63
16 62
8 33
20 94
28 98
20 23
14 93
28 19
10 91
30 1
27 84
29 34
4 35
0 69
26 92
4 74
3 3
16 66
12 74
21 56
6 30
22 67
11 16
13 90
13 48
8 26
30 34
23 35
28 47
0 16
0 80
10 69
15 69
23 38
1 20
24 9
21 16
30 52
14 68
9 54
14 9
7 23
21 63
0 47
8 71
18 91
5 24
4 4
14 96
24 38
8 40
9 9
9 24
7 14
17 34
15 74
8 47
9 27
25 7
17 100
21 31
12 57
2 82
14 20
16 95
5 86
26 6
17 29
27 100
24 81
21 81
18 79
20 57
30 17
2 80
12 36
16 48
10 96
15 90
23 14
28 7
11 28
6 25
12 47
2 76
7 73
18 26
11 14
3 88
3 30
19 90
6 18
0 15
26 44
5 83
28 50
19 93
7 82
14 19
6 45
15 68
17 27
27 94
29 20
15 78
3 92
23 14
7 2
29 48
20 60
13 17
11 50
1 35
6 27
21 88
2 14
9 88
23 73
8 48
16 49
29 65
12 68
13 80
18 57
5 80
0 24
17 78
4 20
1 65
13 69
15 95
29 38
12 29
17 46
4 75
11 56
7 98
10 86
30 13
11 60
2 51
11 57
23 86
8 95
15 95
7 69
22 83
20 100
7 82
24 45
9 16
2 85
9 49
26 93
6 90
3 17
7 96
20 16
0 52
28 25
18 8
1 56
15 60
5 53
21 27
19 22
0 90
12 94
6 87
24 83
15 40
4 61
29 76
5 6
0 50
1 73
11 60
29 36
18 89
19 33
29 24
0 32
29 57
27 50
7 90
8 46
23 100
13 63
24 68
29 42
11 47
20 59
24 27
1 82
2 5
25 17
21 41
23 58
29 19
1 92
27 12
5 2
16 41
4 65
11 97
18 39
17 80
8 70
18 62
15 69
26 63
15 36
20 9
21 99
19 99
20 31
7 16
7 97
17 72
26 29
3 65
9 22
0 3
11 38
5 52
4 83
7 81
18 88
18 46
12 88
29 83
1 16
20 86
5 82
8 81
13 81
4 71
10 16
24 28
19 69
18 3
9 79
27 68
24 9
16 8
12 19
3 13
16 71
6 24
15 72
30 55
24 92
21 23
5 32
0 30
16 51
1 55
17 17
16 23
26 7
9 82
9 52
22 96
30 53
5 62
18 79
0 76
8 96
20 41
30 42
18 69
9 79
19 92
18 40
14 64
16 22
13 33
9 18
16 84
5 20
29 56
8 19
0 76
11 23
2 11
10 66
27 96
18 70
5 78
27 19
8 57
15 51
24 55
28 5
29 91
28 51
23 49
15 82
5 76
3 97
21 91
5 16
22 32
19 18
16 69
29 70
9 87
30 88
19 16
18 87
28 40
12 98
30 73
9 31
12 28
26 59
30 17
0 93
9 39
23 36
18 22
16 42
3 77
20 76
