80
2 26
21 76
17 86
0 33
29 97
13 25
15 85
0 18
25 23
29 42
16 10
24 6
23 45
7 75
0 62
16 45
21 80
30 80
29 26
11 43
24 54
2 81
16 42
3 48
27 84
13 67
12 82
5 36
0 70
12 45
12 10
23 59
27 64
25 38
10 90
29 92
17 64
5 97
27 62
4 75
5 98
24 32
30 99
23 26
11 25
3 64
7 11
3 65
28 84
0 26
8 49
7 68
12 12
20 11
5 26
29 36
14 17
7 13
26 58
3 78
4 44
26 73
1 87
0 64
16 52
4 13
14 55
20 16
21 17
10 67
29 22
30 96
11 38
9 32
4 37
19 66
5 72
10 72
9 75
6 12
19 26
14 20
7 90
1 11
27 21
20 7
11 12
1 13
21 22
15 11
30 43
22 23
0 6
6 37
30 33
22 88
1 61
24 31
26 39
18 65
3 80
3 38
1 90
18 34
24 48
0 31
7 61
26 66
2 37
30 76
13 68
16 55
20 72
12 67
27 77
29 28
0 20
1 89
16 44
18 12
16 19
10 39
19 92
23 49
23 5
6 19
24 18
21 33
13 36
6 28
12 53
25 13
0 78
25 86
4 49
5 54
15 30
27 39
23 17
13 70
19 78
3 50
1 92
2 35
30 100
8 48
1 38
12 48
8 2
18 30
10 16
12 35
4 5
1 87
11 64
8 48
12 47
29 13
28 37
9 51
4 98
24 82
26 13
14 75
11 35
21 61
29 72
10 89
22 35
3 94
10 95
0 20
22 32
15 18
12 96
23 96
26 21
23 79
6 6
8 79
25 27
22 67
2 91
10 93
14 33
9 78
4 21
4 5
10 55
21 33
21 71
17 65
8 60
11 77
20 39
23 37
4 4
1 5
15 13
1 40
4 100
4 87
14 6
23 11
23 12
12 79
23 36
12 53
15 90
29 78
27 4
25 76
27 92
10 6
9 55
0 54
16 30
3 39
25 50
3 61
15 31
17 23
26 10
25 35
20 97
25 55
28 53
1 1
26 11
16 30
15 56
22 26
7 55
26 74
22 22
7 17
8 100
21 76
3 12
25 77
19 21
5 58
26 4
13 28
28 24
15 13
17 23
27 79
25 9
12 6
25 62
30 37
6 95
23 70
11 60
25 37
6 44
25 57
18 87
27 80
30 66
24 91
8 56
20 42
7 50
14 96
27 70
2 36
18 37
26 21
27 6
13 94
10 49
18 84
21 70
27 12
0 21
27 83
18 63
3 22
7 83
20 98
14 61
17 52
14 19
29 47
26 69
20 56
22 41
30 45
19 74
9 31
23 72
30 77
26 42
10 99
12 70
11 60
5 3
25 74
9 45
18 62
5 22
8 72
21 26
7 51
29 82
22 91
0 3
18 68
7 54
30 94
2 81
3 76
25 72
11 51
1 52
14 56
15 17
16 36
11 90
15 96
18 17
6 50
23 75
4 92
16 99
21 31
12 9
27 10
26 87
27 80
21 89
2 63
27 37
7 22
17 84
15 95
24 52
11 100
19 36
25 26
13 78
29 41
16 60
18 3
9 7
15 2
23 45
19 56
9 16
24 71
21 99
14 26
6 48
8 58
26 25
5 48
26 16
23 58
14 57
13 25
28 88
2 87
23 20
10 71
27 60
22 62
10 73
16 23
18 14
0 15
22 55
18 41
13 41
25 66
5 53
27 61
26 29
1 98
9 6
17 79
14 80
14 88
12 14
21 82
15 26
8 73
20 51
1 34
1 25
13 60
30 77
19 60
9 62
12 26
27 44
27 93
16 4
30 64
