80
6 13
20 48
14 17
8 76
27 83
14 82
23 99
18 79
16 74
4 31
29 42
10 77
29 63
15 15
24 65
1 80
7 98
18 9
13 24
2 37
13 71
20 52
1 13
15 18
7 46
4 48
26 42
7 90
26 44
17 45
8 57
25 6
30 88
14 85
14 71
9 45
3 19
21 96
10 36
25 87
18 76
0 79
19 11
9 11
9 18
6 16
8 96
28 71
29 73
29 9
14 39
28 27
1 66
27 42
27 27
11 88
3 58
9 68
29 6
9 62
23 34
6 96
7 26
1 1
23 80
29 15
21 29
30 57
28 25
14 51
14 13
3 17
9 56
29 77
13 30
12 3
10 16
1 64
15 52
11 86
13 84
3 70
27 30
5 9
9 76
4 26
17 96
27 31
19 70
5 54
8 43
11 82
4 33
7 22
9 50
11 28
10 32
30 21
16 95
11 22
20 27
27 68
6 13
7 79
25 15
10 74
26 90
3 73
15 57
0 59
6 85
15 30
23 88
13 1
18 51
19 72
3 54
19 7
22 69
13 51
13 57
7 68
15 35
7 4
10 94
18 68
16 43
20 25
9 25
13 53
29 95
23 16
3 67
0 19
22 53
8 9
30 79
28 37
15 87
30 75
3 95
17 31
11 18
8 14
10 19
18 96
7 74
12 38
9 78
15 79
2 48
6 32
20 7
28 79
23 44
22 20
24 20
5 99
2 35
14 97
1 15
1 56
15 46
8 31
30 43
3 99
7 71
14 99
10 67
24 21
7 92
24 47
12 86
11 86
28 87
23 39
4 40
13 3
26 90
1 42
12 90
14 8
14 69
27 71
29 85
6 32
1 24
9 39
8 68
1 78
12 55
9 37
25 22
26 39
12 59
2 93
21 42
17 83
19 98
24 63
2 13
16 59
14 4
5 25
16 59
16 27
23 75
8 38
10 95
2 72
15 85
29 56
27 16
18 56
13 77
23 1
6 91
11 3
13 23
21 63
23 17
16 18
4 79
8 80
8 26
12 31
20 58
24 47
8 57
6 81
22 20
24 31
30 5
8 62
13 93
15 58
5 3
28 40
13 36
3 1
29 85
5 89
18 13
10 98
27 69
6 60
8 10
3 25
3 2
28 84
5 59
0 96
19 75
11 2
8 39
23 13
14 54
25 82
5 43
23 51
23 12
4 72
9 8
13 67
9 75
25 66
7 83
30 91
25 76
30 76
1 79
5 9
4 92
28 96
13 87
25 77
12 51
8 3
23 61
21 72
0 24
8 49
2 20
21 11
22 2
28 60
6 3
27 73
30 23
7 93
22 91
11 66
20 77
21 88
26 38
17 44
15 20
24 83
11 57
16 45
16 57
24 62
23 5
13 67
20 73
25 19
10 31
18 94
19 99
18 70
23 50
5 39
9 95
25 56
5 52
16 30
10 65
5 7
1 66
5 23
30 53
12 79
6 42
22 72
6 60
11 26
8 44
16 52
17 32
10 15
0 46
19 48
14 91
7 25
24 63
18 75
6 92
28 42
25 34
29 72
30 2
4 42
25 25
20 27
29 86
9 81
24 12
7 31
20 74
4 25
23 8
5 4
21 39
20 73
0 7
13 48
9 17
10 23
30 70
22 12
7 34
16 2
5 92
13 90
27 90
18 33
8 70
25 75
16 24
11 46
30 41
2 52
9 80
27 52
17 36
13 67
28 8
24 66
24 80
30 17
11 49
13 75
27 31
22 38
23 48
22 68
30 5
28 53
5 78
29 75
16 95
8 77
28 75
9 48
23 8
27 89
24 74
30 69
14 6
1 55
