80
15 87
4 2
4 87
17 96
9 77
17 93
21 53
3 65
2 59
24 42
23 40
3 50
14 55
0 96
4 31
28 46
20 73
1 68
6 79
29 63
29 54
17 50
19 44
17 77
6 26
5 13
18 97
26 71
4 31
30 37
7 46
4 3
4 74
26 20
10 53
5 55
1 81
25 53
14 61
9 12
12 90
11 25
22 65
7 70
23 62
23 87
23 46
19 68
10 41
29 90
28 44
1 46
29 54
8 1
25 9
6 100
28 84
1 69
1 32
28 83
26 15
24 91
16 88
5 1
0 19
1 33
1 94
14 75
5 58
17 58
8 39
30 26
9 14
16 41
16 13
20 47
7 24
9 40
3 81
2 33
15 39
16 37
4 72
17 92
24 70
2 8
5 5
7 93
30 7
17 91
7 57
8 14
29 61
16 95
22 68
27 33
16 13
16 58
17 33
20 21
28 30
27 50
6 84
30 59
27 7
0 91
22 99
23 83
0 59
11 94
20 72
3 8
27 66
26 12
4 92
25 63
1 87
6 18
29 100
5 63
25 69
1 88
24 23
21 52
11 9
22 89
18 74
16 85
5 36
4 6
9 30
27 81
2 47
24 68
17 93
16 2
22 74
14 100
4 23
2 54
24 34
24 52
15 63
23 42
23 63
4 88
20 77
28 60
10 89
17 32
0 83
13 29
17 21
3 11
3 62
20 84
26 70
26 56
13 6
17 37
11 48
4 68
17 92
9 97
29 82
5 97
1 89
19 35
26 92
16 30
22 45
7 3
19 36
27 76
10 15
18 25
6 94
26 90
22 10
7 69
27 65
18 21
0 38
30 37
13 25
26 87
27 70
19 64
9 45
3 3
30 51
26 38
25 59
6 90
30 13
3 73
20 85
21 96
10 86
7 61
28 10
20 13
28 27
30 51
13 19
0 66
2 74
30 78
1 2
13 56
26 15
8 52
12 45
19 91
30 93
23 43
16 67
12 45
25 80
7 34
30 71
7 2
2 73
29 64
28 27
19 72
27 93
16 54
3 16
5 41
1 2
6 57
12 57
10 59
4 42
6 28
24 38
9 18
29 15
16 2
7 57
8 98
4 39
18 94
4 38
4 84
28 38
29 33
29 35
14 61
9 7
28 4
11 93
7 75
21 64
22 10
18 31
10 18
27 76
7 21
6 34
9 64
9 66
13 44
3 62
15 98
17 90
18 82
23 7
17 18
3 96
13 52
22 25
18 51
7 88
23 100
21 58
16 75
6 99
19 41
20 19
2 39
1 32
12 91
17 53
21 86
16 9
23 70
7 89
18 37
27 32
12 15
10 25
16 89
8 19
2 31
24 61
13 5
16 4
8 69
13 41
22 87
13 60
30 39
14 55
30 43
4 87
19 31
6 74
17 40
29 93
10 31
15 98
18 15
0 17
14 45
14 35
27 53
12 62
8 82
8 20
2 27
18 93
18 80
5 69
24 47
7 82
22 85
8 64
15 30
13 69
14 47
1 44
19 68
10 60
6 77
10 84
17 43
26 41
7 10
17 44
26 37
19 54
24 64
14 44
17 8
1 99
18 88
28 56
4 3
1 91
30 68
13 29
28 59
7 77
1 71
0 32
21 68
2 2
28 98
17 44
15 25
15 51
29 84
26 31
25 62
18 68
6 40
28 15
30 19
25 72
19 74
12 10
25 1
23 15
25 21
4 75
28 66
8 50
28 5
23 94
18 84
30 75
24 85
11 98
11 11
28 23
20 69
24 27
10 100
22 25
17 2
25 6
29 36
28 92
16 21
14 19
4 3
2 29
13 80
