80
24 77
4 76
17 76
16 73
3 75
27 27
20 98
18 77
23 39
10 56
0 86
17 99
13 97
2 25
1 44
14 83
6 96
2 95
16 36
5 77
27 65
24 87
18 27
23 40
8 96
11 81
18 41
12 28
23 62
12 48
8 55
11 33
28 49
27 44
14 17
17 65
29 17
3 19
19 83
6 6
16 85
13 10
16 93
25 16
8 24
12 86
9 12
3 19
12 60
5 85
30 93
6 61
3 69
4 89
15 58
17 90
6 8
14 81
12 80
14 63
29 72
15 67
4 55
25 16
28 63
21 47
6 41
27 47
19 68
7 83
10 45
22 13
23 57
8 80
7 68
1 93
20 12
22 96
11 14
24 12
0 8
26 28
18 26
3 55
3 48
17 12
21 65
21 68
6 77
23 82
21 78
9 26
2 12
10 43
13 68
19 36
16 94
3 19
24 25
0 79
8 13
17 35
11 95
16 77
16 64
22 70
6 8
16 84
7 73
27 80
5 29
11 38
25 28
26 5
2 81
1 21
15 54
12 93
16 82
3 40
5 72
4 70
20 36
9 63
13 82
18 43
4 69
20 64
8 63
19 94
7 77
29 72
22 87
15 68
7 24
7 58
17 9
21 29
10 23
6 97
15 8
6 79
9 51
9 10
5 41
30 98
10 48
12 48
28 23
10 35
12 35
0 54
24 66
0 63
25 58
29 48
4 52
26 51
18 52
5 88
17 59
19 44
27 68
15 35
3 14
1 38
24 73
19 23
29 65
8 62
20 29
10 39
27 78
14 61
30 74
12 30
17 54
18 27
4 29
28 92
25 38
22 26
9 23
27 77
5 8
30 62
24 79
3 95
24 36
7 8
3 46
7 61
6 91
8 34
18 40
14 58
13 29
25 33
4 16
10 86
20 56
17 33
28 55
25 22
26 88
17 80
12 95
26 5
26 80
0 11
11 79
21 46
20 26
4 21
25 75
4 77
11 59
12 58
12 69
6 33
14 16
18 51
29 88
14 77
0 31
27 84
8 12
12 29
22 59
5 79
20 68
14 91
3 48
29 42
6 34
13 30
28 54
28 66
28 65
1 34
22 65
2 18
12 31
26 97
30 91
11 82
3 49
20 62
20 9
12 44
15 33
25 55
2 92
21 69
15 40
18 84
27 25
17 25
16 53
22 5
14 71
9 61
29 37
12 8
25 60
30 84
24 23
2 9
20 66
21 46
25 35
13 89
26 92
1 15
10 81
0 58
29 78
20 52
6 75
16 7
24 25
18 60
30 74
6 61
11 52
0 25
19 79
24 88
3 2
11 13
28 88
17 24
6 60
20 84
29 49
15 48
23 46
4 23
9 23
5 31
15 72
28 75
30 24
22 16
2 2
10 65
0 59
18 92
16 17
18 59
16 6
2 15
15 50
17 12
25 58
26 85
25 19
16 75
26 2
23 27
25 51
21 82
21 51
12 59
13 99
11 73
7 80
20 73
29 21
23 51
19 74
14 57
27 83
0 57
21 12
10 37
17 95
3 30
13 43
0 82
27 25
3 39
23 41
7 97
12 45
13 91
29 69
12 89
6 49
8 52
27 98
18 4
27 69
28 69
3 29
18 63
13 34
12 99
26 87
27 92
10 78
29 66
9 41
4 54
20 17
26 94
19 28
11 49
23 19
22 98
12 4
2 16
11 71
12 8
23 45
16 68
29 18
19 73
13 21
25 14
19 6
12 51
9 39
5 62
0 71
28 47
18 96
16 81
23 12
2 36
6 56
12 94
9 41
6 47
12 95
11 65
14 91
30 31
4 15
13 69
