80
16 21
29 67
1 56
8 80
12 68
19 38
26 71
21 31
24 69
0 12
24 32
28 20
17 36
20 33
9 63
23 59
6 91
19 21
19 73
23 55
21 76
16 98
18 61
15 52
20 81
9 37
28 83
10 50
7 54
8 32
24 98
27 25
0 62
26 27
6 80
15 90
20 3
9 39
6 30
20 35
6 99
6 88
7 47
15 56
21 55
28 56
28 77
16 67
5 42
6 15
15 88
7 55
29 6
13 5
21 62
12 58
14 35
16 59
20 5
5 66
8 62
16 48
18 91
27 42
2 86
16 23
11 42
11 44
14 99
28 99
23 47
22 59
29 27
20 37
1 19
12 35
2 1
5 13
8 6
13 27
13 65
19 98
12 78
27 4
28 70
29 51
22 10
20 30
15 37
25 68
20 96
29 45
23 63
4 50
19 88
3 55
6 23
17 30
17 21
7 77
3 59
20 29
6 99
19 67
5 6
9 65
15 28
21 23
15 88
12 76
3 89
28 82
19 27
2 71
18 96
29 1
17 85
11 22
0 86
25 55
26 81
13 81
5 11
22 17
29 12
18 18
21 91
14 12
27 88
21 16
4 17
16 91
27 59
8 1
23 34
18 71
11 97
26 10
20 70
3 85
11 65
13 89
12 94
23 49
17 5
16 98
7 37
2 28
20 38
23 66
30 20
19 2
16 81
19 66
22 72
1 38
30 14
30 16
1 56
9 36
9 62
22 3
20 80
4 50
15 16
17 59
10 30
11 13
14 66
22 30
7 2
26 15
0 39
22 4
0 22
25 5
29 64
17 56
28 98
22 72
7 76
2 6
15 9
6 14
7 19
26 51
6 6
2 38
5 9
27 92
23 44
25 75
18 13
18 40
17 98
1 97
24 39
14 52
0 95
23 97
13 44
30 19
0 98
26 6
28 75
28 24
10 38
26 63
17 17
23 85
15 82
30 65
5 92
25 49
18 52
12 99
24 92
11 68
21 80
26 67
2 95
13 57
15 90
30 50
17 10
14 36
1 24
13 42
5 67
22 74
27 99
19 49
5 16
22 17
20 4
16 50
17 47
10 5
8 61
23 9
8 11
20 88
21 100
15 83
25 90
6 27
5 59
8 99
11 12
27 27
8 31
0 1
30 56
6 27
20 47
28 69
15 38
3 25
17 2
29 32
29 59
27 69
24 34
6 87
20 45
12 69
23 43
5 20
17 77
14 34
12 85
2 74
13 97
28 99
5 95
9 96
12 96
8 30
13 33
30 48
23 25
16 33
25 93
26 50
9 16
7 96
26 23
25 25
11 59
23 16
13 2
10 55
13 85
9 85
24 97
20 21
24 90
14 98
12 97
17 30
28 71
28 54
24 46
25 46
13 71
12 4
30 92
10 96
28 55
29 96
3 59
0 6
24 100
24 84
16 41
19 85
22 75
3 42
17 30
7 25
26 60
20 97
10 67
4 94
21 95
24 87
21 59
10 56
17 57
8 15
15 54
2 75
4 54
1 96
11 36
6 21
7 46
5 77
7 78
0 51
19 3
6 85
3 94
13 39
25 34
11 18
12 84
29 99
11 11
22 60
29 14
20 26
22 42
30 90
3 56
24 24
7 69
20 45
29 57
24 87
17 78
9 71
9 80
26 69
8 51
27 95
18 71
3 47
3 46
13 5
14 87
19 82
21 4
4 21
25 100
14 69
25 38
9 23
3 88
2 23
22 99
4 100
11 45
22 42
6 12
3 10
28 27
4 84
13 34
21 58
20 64
30 55
23 34
15 44
19 81
10 15
6 64
25 79
20 22
3 82
