80
2 84
3 38
1 58
6 58
2 58
14 53
11 75
2 57
30 22
13 3
1 47
16 88
24 29
11 4
9 82
29 93
26 23
17 27
17 7
18 69
28 41
8 98
6 6
11 100
5 17
27 62
14 54
19 92
23 87
23 52
14 38
8 31
17 80
0 99
4 25
9 66
16 57
16 64
27 53
17 29
1 52
9 7
22 57
27 45
22 76
8 41
16 21
0 92
1 54
14 52
4 38
22 51
16 92
5 62
4 32
10 71
0 56
15 90
16 54
25 7
17 22
14 15
30 54
12 50
25 15
20 57
8 10
30 28
23 44
10 28
18 30
2 78
11 96
20 64
26 94
17 7
11 64
23 1
2 38
18 59
2 61
3 16
17 61
2 70
9 53
1 70
2 96
11 38
19 37
6 45
9 28
17 67
15 63
1 8
28 52
26 2
8 80
19 13
23 75
20 30
12 48
6 38
22 2
1 79
3 21
2 18
29 49
19 45
16 67
9 27
24 95
12 62
25 63
5 64
6 5
3 67
8 44
6 16
17 51
5 10
5 90
17 25
30 10
21 7
4 43
28 95
14 46
4 46
22 79
19 52
27 77
11 27
21 60
29 53
5 7
20 84
20 3
14 16
14 21
5 36
3 93
24 18
0 89
22 49
23 58
29 31
8 45
26 25
15 36
28 40
21 11
8 45
22 72
27 78
14 50
29 40
18 60
7 21
27 64
6 71
14 52
17 1
30 57
18 63
0 38
24 64
9 40
28 76
3 95
14 71
11 81
19 35
18 41
13 69
11 13
1 60
13 52
24 44
8 17
27 56
5 98
23 31
29 91
8 77
7 32
7 33
13 8
8 60
16 58
21 57
9 31
10 97
19 58
14 90
27 78
7 41
29 51
19 83
19 23
5 91
25 75
1 10
2 94
4 67
9 29
17 97
2 62
23 17
23 11
24 14
24 8
21 61
17 79
22 14
5 78
7 47
29 74
18 41
3 85
13 22
8 13
22 68
6 38
12 24
9 89
19 36
11 49
29 42
12 98
27 25
30 26
11 78
0 93
19 93
18 4
22 94
16 67
6 59
14 75
13 28
24 5
1 5
21 73
12 58
25 16
17 73
28 43
8 36
8 1
29 56
14 65
9 51
6 73
20 98
6 27
29 48
21 12
19 91
5 34
28 18
5 60
12 80
19 71
6 91
24 33
10 76
4 81
16 44
8 33
14 97
14 96
15 35
27 94
10 20
3 85
3 35
12 10
12 40
28 91
12 14
13 27
24 20
16 23
11 14
29 33
13 90
21 35
28 34
11 83
10 21
17 16
29 7
22 3
21 43
17 3
2 59
27 30
11 79
28 6
28 47
25 32
20 22
22 58
1 87
1 38
25 39
9 81
3 83
8 1
25 41
16 90
17 68
26 27
0 6
5 98
2 97
13 16
7 85
26 60
7 3
1 4
23 18
16 49
1 65
2 5
27 29
5 27
0 76
28 42
2 44
30 98
30 80
13 29
28 25
21 84
21 8
14 23
29 10
3 90
29 80
6 30
18 7
16 54
6 79
24 47
20 8
3 52
14 2
23 37
19 99
6 45
11 88
22 70
21 29
21 28
16 48
26 53
28 4
18 50
18 52
15 81
25 77
18 10
19 21
25 71
18 69
9 85
16 26
16 25
0 22
24 81
7 92
18 24
19 23
2 33
6 15
16 19
14 59
27 6
24 19
4 92
17 92
27 84
30 33
9 95
5 46
4 54
17 25
29 13
29 78
29 82
7 2
7 48
3 92
29 30
12 87
14 19
9 100
10 55
17 24
