80
11 78
15 13
24 47
23 9
1 88
16 51
28 6
14 58
14 83
15 6
13 3
24 81
28 62
0 27
16 39
18 41
11 28
6 100
5 11
23 94
21 4
0 61
12 10
18 46
11 1
14 27
30 68
30 68
12 5
16 95
19 77
12 95
5 4
26 23
13 29
27 82
0 82
22 39
18 93
24 44
28 4
23 99
6 62
9 75
24 63
8 63
18 56
16 11
25 37
3 45
15 64
21 28
21 49
17 91
5 16
19 52
13 10
21 27
4 92
6 44
14 52
10 23
11 36
20 69
8 98
26 94
10 42
21 17
30 34
30 33
4 39
23 56
30 29
22 98
17 32
17 39
13 81
15 45
29 49
15 41
14 78
17 42
29 65
11 63
23 52
27 36
7 39
15 28
14 41
9 47
21 72
20 56
24 1
6 43
23 36
29 67
28 73
17 50
0 87
16 52
8 52
13 98
16 57
6 14
16 26
13 72
12 4
12 80
4 12
13 41
11 64
14 31
10 81
1 95
17 22
2 34
8 33
14 8
27 68
4 95
1 86
4 35
14 91
8 25
30 95
18 28
6 61
14 91
15 3
16 81
20 27
25 71
1 51
23 50
13 30
5 61
15 79
6 100
18 29
4 40
6 66
14 32
16 26
20 24
9 82
19 36
29 43
14 13
25 82
22 83
13 42
22 29
27 34
27 61
0 59
19 34
9 79
11 12
30 59
23 45
7 3
8 85
15 77
2 29
28 33
19 3
29 22
17 100
2 13
15 84
30 78
1 49
6 43
25 79
16 62
28 91
3 61
24 85
22 84
21 23
28 95
17 67
23 66
16 73
10 5
6 26
8 63
6 49
6 78
25 70
26 59
21 77
24 17
22 35
14 42
28 11
24 95
29 37
27 83
17 78
7 18
11 75
21 7
12 30
3 69
27 55
28 40
6 46
6 9
16 9
8 93
18 59
25 28
10 38
8 91
8 93
14 100
19 8
14 70
14 58
11 47
15 82
21 12
16 46
14 15
15 36
21 10
23 69
4 31
11 69
29 17
2 16
30 46
29 65
25 97
12 51
22 66
8 88
3 55
16 39
8 56
6 20
0 51
20 20
6 71
10 20
16 8
13 12
5 76
5 1
15 15
24 82
13 19
0 30
13 12
8 51
22 1
2 92
3 50
22 72
23 36
20 71
26 81
17 5
19 18
22 43
27 34
29 77
29 48
13 24
7 73
28 88
11 73
22 2
7 72
3 22
16 24
1 66
18 10
30 41
24 96
5 13
19 62
19 46
11 57
20 43
24 85
12 53
10 4
30 85
19 95
16 71
29 42
13 94
12 48
27 77
12 64
6 6
22 96
16 59
22 55
9 37
21 65
19 36
8 92
27 75
26 34
26 84
26 44
27 12
3 14
19 1
21 29
27 89
6 99
30 60
5 8
14 82
29 78
21 28
10 35
22 87
22 83
22 99
25 49
6 43
4 3
15 43
12 45
12 31
10 60
25 75
28 64
26 89
5 67
9 4
2 87
12 98
8 79
28 12
25 55
11 31
2 83
0 98
7 96
6 29
10 23
0 91
17 49
24 79
25 43
10 41
19 50
18 77
4 38
28 74
8 62
7 94
23 46
27 30
6 36
8 31
21 81
5 63
23 35
6 9
17 2
14 35
27 57
6 34
6 3
17 49
16 86
8 8
1 80
7 5
26 76
19 11
21 43
0 74
14 33
14 83
4 71
13 34
23 11
11 19
7 61
3 87
27 75
21 30
28 57
1 24
29 72
11 74
24 97
3 77
18 75
4 60
30 30
22 51
