50
29 2
21 93
16 43
28 29
20 100
16 97
28 11
8 6
8 28
25 36
29 86
12 19
2 99
27 48
23 64
5 27
7 74
22 12
23 50
9 20
5 67
18 12
11 16
27 46
6 72
8 76
2 68
6 47
8 3
30 91
26 62
23 38
7 43
24 50
14 84
29 77
11 25
21 27
4 19
13 2
29 66
30 84
28 74
28 38
22 98
2 43
11 94
23 86
26 71
13 87
4 49
18 38
28 72
24 28
15 6
27 37
19 21
14 81
21 40
25 91
18 2
5 86
7 31
17 46
14 46
16 27
25 90
14 33
23 21
20 99
9 42
0 60
5 93
29 33
0 10
1 21
7 71
19 14
29 43
9 67
12 4
5 41
21 30
26 88
29 68
11 15
4 97
14 59
20 42
10 78
4 78
29 91
28 2
7 38
15 94
26 93
16 5
12 48
20 54
15 46
2 80
11 64
1 9
27 61
29 66
11 19
2 54
6 19
17 30
8 32
2 81
28 94
8 21
25 12
23 10
24 64
0 33
5 100
4 79
22 52
30 77
26 80
23 1
14 20
0 58
13 9
12 87
3 11
9 4
3 92
14 100
10 47
21 58
9 55
18 50
12 97
17 100
10 84
30 44
16 48
0 98
25 43
19 24
12 5
7 40
7 21
29 82
30 87
2 22
0 11
29 16
9 97
5 93
3 50
20 56
17 16
23 70
20 73
19 81
2 63
15 55
9 49
16 27
7 48
14 61
13 85
18 61
11 71
20 40
4 58
29 46
8 7
30 11
19 16
4 41
3 44
23 46
16 34
6 51
24 60
28 11
29 48
30 8
21 7
20 6
29 79
29 4
22 89
4 80
13 66
18 52
14 9
11 81
23 26
9 20
24 86
10 63
21 5
29 14
10 68
23 50
4 21
18 26
15 89
11 43
5 29
10 95
8 73
0 16
13 86
17 100
27 54
18 32
27 87
2 14
13 85
9 55
27 80
27 20
21 96
1 36
15 7
26 86
9 14
17 3
26 27
18 75
30 50
19 38
19 34
8 75
25 89
21 95
24 45
18 88
1 94
24 58
12 86
14 84
0 38
21 3
19 63
30 90
6 40
2 44
5 52
25 70
30 18
3 17
29 14
27 13
13 72
8 18
18 93
12 41
27 16
4 70
4 38
5 83
0 7
12 40
17 11
26 43
17 95
28 1
16 55
16 21
22 88
10 53
30 77
15 73
3 39
2 53
6 60
0 22
6 51
4 48
23 43
7 49
6 90
7 39
10 36
25 71
5 47
23 40
3 81
10 26
16 5
5 98
27 11
21 30
0 40
26 36
0 19
18 40
10 3
5 37
6 84
18 39
5 14
26 27
7 87
7 45
11 27
10 95
0 56
19 49
11 4
24 75
2 30
4 5
17 70
29 66
4 88
13 52
25 71
14 20
17 43
10 82
26 20
4 64
8 6
17 87
16 5
18 20
1 60
14 95
3 92
9 18
26 1
10 52
12 72
27 43
2 77
14 62
8 11
6 24
25 68
9 48
19 81
18 99
3 96
10 85
5 7
13 84
6 34
14 54
1 1
17 67
1 57
25 53
28 5
30 100
18 66
2 13
25 42
30 1
21 16
18 97
5 29
29 53
18 32
10 27
14 90
16 56
29 96
4 50
21 35
10 62
23 15
21 36
8 55
2 26
18 44
10 1
25 76
6 40
3 6
2 2
17 66
5 77
5 72
8 69
25 64
28 59
1 83
6 67
4 6
27 51
15 42
3 58
9 95
0 15
20 50
20 42
25 59
9 33
23 15
23 66
30 71
