50
2 40
10 75
2 84
17 6
13 88
24 92
20 65
25 65
4 22
15 49
27 77
23 46
27 8
6 59
7 53
13 34
2 80
4 86
28 98
20 75
28 54
22 75
1 11
6 92
6 92
19 62
2 83
7 23
24 68
18 49
19 58
16 67
9 60
14 13
3 41
7 90
22 95
9 6
13 83
4 50
25 21
21 13
25 75
2 1
6 76
4 37
3 48
0 16
29 52
10 71
13 34
9 34
11 79
18 97
8 81
11 26
21 70
19 2
13 3
3 70
16 11
21 1
29 99
26 57
27 5
14 58
0 60
5 8
4 50
27 84
5 94
28 11
13 47
14 35
5 76
4 84
27 5
24 17
5 14
16 62
7 42
0 91
27 6
16 61
16 22
22 38
13 65
28 53
16 52
12 11
16 72
0 90
20 35
2 76
19 23
8 44
25 88
26 39
7 16
5 68
24 45
13 65
3 2
28 80
22 29
14 29
28 4
19 74
16 50
17 40
20 28
29 7
10 5
17 5
17 46
2 52
24 7
3 68
10 94
20 81
21 55
24 79
26 3
0 73
0 90
17 83
17 92
28 72
29 67
23 5
6 21
18 51
7 32
26 35
27 74
0 51
1 20
20 63
25 27
15 95
29 11
24 78
10 95
19 31
12 96
21 12
1 53
7 58
3 95
30 59
25 34
11 69
11 27
13 14
3 43
11 21
8 47
23 21
18 57
11 66
28 31
20 91
17 77
10 45
1 45
3 73
4 96
30 43
19 26
9 31
0 90
3 58
20 33
18 55
5 38
7 59
12 29
10 29
5 62
14 88
5 23
13 69
10 63
23 15
26 75
24 48
15 79
26 14
1 4
25 56
29 38
12 23
30 60
15 41
26 71
25 24
9 43
19 16
1 34
23 67
0 4
10 14
19 16
5 48
18 11
28 83
0 95
29 95
15 96
30 91
27 65
15 85
8 28
22 68
17 19
22 8
1 15
4 95
15 94
10 75
21 44
1 36
3 15
14 19
29 73
5 45
17 3
23 49
8 40
6 22
8 79
24 56
25 11
23 53
4 89
15 4
11 73
6 12
15 99
1 5
21 73
19 94
11 24
22 60
28 22
0 29
11 41
16 98
9 23
19 24
14 44
9 3
16 80
6 30
15 62
0 95
19 25
10 24
10 77
6 7
9 62
29 53
30 66
0 80
17 48
23 40
3 28
18 52
10 79
8 69
12 11
21 11
20 22
7 44
20 96
9 63
18 43
5 83
20 44
7 43
8 95
2 89
25 25
12 78
8 78
17 28
5 20
23 72
25 52
15 50
22 70
22 32
14 83
15 94
8 90
18 78
27 86
7 8
0 55
23 24
0 78
5 68
24 70
18 47
22 83
4 29
25 23
30 92
1 43
12 30
5 74
24 47
4 8
23 10
4 53
9 95
11 3
10 49
9 23
6 75
18 17
23 89
28 54
13 83
9 82
11 18
26 39
10 45
0 32
18 79
13 5
26 55
29 70
27 59
8 95
12 43
5 45
15 65
19 29
20 35
14 73
5 100
9 25
10 92
21 12
2 55
10 69
5 71
7 6
28 65
16 35
28 61
15 43
28 59
14 67
17 92
6 70
12 87
1 67
12 27
5 67
14 11
22 9
8 84
18 56
9 61
26 9
8 34
4 98
1 5
6 76
16 72
8 11
15 80
28 97
9 15
17 16
5 47
23 6
1 28
26 55
7 22
5 10
20 56
4 24
28 48
9 71
3 100
19 1
24 95
12 59
26 11
13 75
4 14
2 47
2 47
28 67
12 88
28 88
7 83
