50
9 2
5 65
15 25
21 91
1 15
8 88
10 35
7 7
1 31
22 78
27 31
7 2
14 47
13 84
20 93
8 51
28 34
1 94
7 99
12 28
5 59
21 16
5 76
5 58
11 99
6 13
9 42
23 54
4 55
14 12
18 52
23 17
16 68
9 32
13 72
3 27
20 19
19 5
5 90
7 18
15 6
14 48
19 43
25 77
9 92
2 99
27 80
4 4
6 29
21 81
3 82
28 11
18 73
6 62
5 35
16 55
30 70
29 30
3 34
23 94
3 45
18 85
11 35
29 20
6 93
8 47
9 48
22 85
5 60
5 11
0 56
1 91
15 11
21 21
20 100
26 61
16 96
9 28
0 59
22 68
6 62
9 91
27 49
1 56
20 24
25 43
22 54
21 31
4 4
12 18
0 51
14 32
20 41
16 43
24 43
15 59
7 31
8 62
4 100
2 96
20 7
1 68
26 3
6 39
26 51
11 64
7 28
9 29
26 14
9 85
3 88
26 90
16 47
2 3
15 66
22 88
21 77
6 89
20 36
15 34
25 61
4 79
3 36
24 72
29 45
21 31
29 95
5 79
27 27
23 34
23 78
0 50
20 25
21 5
3 95
16 42
27 74
16 47
12 72
7 61
3 46
10 11
8 45
21 34
23 10
22 16
0 19
30 69
25 77
30 77
25 85
21 4
16 10
17 79
15 12
29 37
14 75
11 98
5 15
14 67
23 53
10 55
23 80
25 6
17 39
26 78
24 36
27 92
11 90
2 64
27 86
30 44
18 5
24 84
14 76
23 66
19 56
8 77
14 18
11 38
4 73
2 25
11 65
24 45
27 24
20 43
20 62
20 52
5 29
14 42
11 96
28 44
16 18
4 44
22 77
7 77
15 34
19 6
17 48
0 46
2 91
15 52
26 41
17 76
10 88
15 89
22 13
15 85
17 56
3 42
28 82
15 83
8 15
2 56
26 63
28 4
18 89
8 88
5 44
17 89
29 90
20 1
14 86
16 38
14 77
1 31
11 2
20 27
11 100
1 86
27 36
11 72
29 68
3 88
9 81
3 96
3 51
24 87
24 86
28 72
18 80
28 97
10 57
17 97
3 67
21 32
30 77
10 78
10 25
12 35
24 74
15 96
26 65
1 31
12 33
29 6
3 44
9 13
19 62
15 65
4 66
23 36
8 78
6 5
17 18
29 41
7 55
26 31
21 15
3 87
6 90
11 96
16 86
27 74
10 61
10 60
4 54
25 71
10 76
30 25
10 95
12 98
6 17
18 57
11 15
21 22
24 20
6 25
1 63
9 10
13 50
7 55
10 76
20 68
24 69
12 73
1 8
5 42
25 27
7 96
14 28
11 67
14 44
14 78
10 76
21 35
0 82
2 5
3 64
28 26
26 77
18 76
19 3
17 18
9 78
27 69
3 100
20 94
0 13
6 59
24 80
22 39
5 56
27 90
30 25
17 35
20 11
12 20
6 92
2 99
7 12
25 60
8 82
12 43
27 37
24 84
28 52
21 52
16 15
10 32
6 59
24 25
3 93
3 16
16 65
7 45
25 90
13 80
6 14
9 54
2 65
5 34
13 45
0 58
26 53
6 30
5 39
14 23
7 18
26 75
13 22
10 57
7 57
13 81
26 100
6 84
2 58
20 21
22 68
11 100
12 88
13 92
25 63
2 5
20 88
1 20
14 95
20 52
12 8
7 35
30 87
6 92
4 55
9 80
24 25
10 98
26 20
29 84
16 26
18 53
15 91
17 29
5 90
17 12
28 59
29 56
10 92
18 86
27 58
0 29
