50
5 79
8 56
0 53
3 62
1 51
27 34
12 88
30 41
18 20
19 36
14 36
0 63
22 44
14 100
27 14
21 91
0 65
17 86
0 99
11 16
14 79
28 14
26 39
27 74
14 18
0 15
25 72
0 40
6 70
3 73
30 31
4 7
19 4
26 41
8 38
20 77
22 52
20 27
1 13
12 36
30 95
27 5
15 16
22 77
20 100
3 81
20 31
9 50
2 80
11 94
17 100
18 17
8 97
8 37
3 17
12 79
29 39
22 76
5 34
1 46
2 78
23 50
0 82
5 49
21 74
2 79
8 55
24 20
24 30
20 88
8 34
15 27
5 16
11 56
30 60
11 26
25 38
7 100
15 17
22 48
13 2
17 23
15 12
25 5
17 63
24 39
0 27
28 51
18 53
5 76
9 73
17 93
12 57
4 55
27 15
18 80
25 64
13 63
18 69
8 61
29 96
22 57
15 35
3 27
26 83
23 10
0 12
2 94
13 22
30 76
10 74
1 53
9 41
3 58
27 94
24 75
11 39
27 38
21 55
12 18
24 13
6 2
7 87
23 19
5 37
11 84
23 31
1 39
2 15
1 27
28 33
28 52
29 6
5 16
27 92
0 60
21 87
3 15
12 58
18 19
4 65
4 97
17 34
12 24
11 74
4 96
22 49
12 57
20 75
13 31
12 7
18 69
20 92
7 27
12 85
23 99
6 74
16 63
28 39
15 65
11 87
25 91
15 45
22 9
4 37
14 100
11 54
20 27
27 15
21 61
2 50
12 85
6 86
6 56
9 5
29 70
26 34
23 82
26 10
17 68
25 66
18 9
18 42
20 47
18 87
22 5
20 29
19 41
6 58
15 38
19 80
28 95
26 21
1 30
13 79
26 69
16 80
17 42
22 36
24 25
22 21
16 35
18 77
4 33
12 74
23 63
9 11
14 10
3 37
11 97
16 84
1 87
22 59
19 38
12 44
18 77
6 36
10 7
26 55
4 5
4 14
21 68
0 78
0 68
11 4
15 41
5 44
11 14
21 96
21 66
8 35
13 78
6 41
1 97
3 98
24 66
24 2
2 2
4 25
27 66
14 4
12 71
25 18
9 80
25 39
26 36
25 26
6 6
0 35
0 81
24 16
8 56
1 68
26 59
29 69
19 76
29 30
14 32
15 16
10 40
10 60
0 93
9 64
4 65
18 76
11 61
22 82
28 99
17 54
10 36
26 4
11 55
28 52
26 41
14 7
1 10
27 20
13 24
30 72
28 99
21 21
0 76
15 78
0 26
20 32
20 62
24 63
6 24
17 69
23 72
19 8
5 91
26 28
2 19
17 92
20 25
3 65
7 33
7 84
10 81
17 28
11 55
24 80
28 8
20 97
30 85
26 60
10 15
16 82
14 25
18 11
23 52
26 90
0 94
30 48
17 96
15 56
30 5
7 38
21 49
25 82
20 26
30 11
4 67
16 8
15 57
26 10
5 45
14 28
23 53
22 95
11 15
1 77
27 47
9 30
12 69
27 20
12 21
8 19
6 43
22 77
13 27
23 69
30 6
14 70
7 1
18 20
14 6
23 2
30 98
11 21
5 33
21 37
21 7
25 31
27 81
7 48
4 21
29 70
1 13
4 68
26 48
1 5
6 41
15 18
30 27
3 92
7 83
2 52
24 100
14 53
16 97
20 38
21 9
25 82
24 49
8 57
19 76
18 18
18 26
9 22
21 23
1 43
11 1
10 56
6 80
9 11
21 84
25 51
5 10
22 99
13 82
28 51
10 21
23 16
13 97
0 14
19 64
20 39
20 92
