50
21 30
16 47
6 37
26 75
23 22
15 34
9 33
28 35
28 7
4 44
18 69
8 99
5 5
29 60
2 21
10 63
19 35
26 7
19 19
18 61
14 31
19 5
25 91
5 68
13 30
9 23
29 17
1 35
2 73
26 64
11 30
5 15
27 99
5 74
26 18
27 78
21 17
9 48
5 93
4 24
13 95
28 55
11 7
14 58
17 73
5 76
30 90
2 85
30 67
15 28
26 48
6 56
7 72
1 90
25 76
16 98
15 24
3 18
18 57
2 53
1 14
18 64
0 3
11 30
19 32
27 100
11 46
16 59
23 14
22 71
4 10
5 29
10 56
27 31
16 82
13 80
20 81
16 26
23 43
16 9
21 70
6 54
24 10
29 76
10 36
15 36
29 21
10 91
14 41
8 10
8 97
20 23
4 13
12 35
2 52
4 89
16 93
29 52
27 77
29 35
3 25
9 12
19 85
17 35
1 95
29 7
27 87
20 27
9 90
6 82
21 18
18 42
15 11
8 90
17 79
28 74
5 38
16 27
24 4
8 56
15 73
5 70
20 16
25 96
5 78
13 62
19 25
18 52
20 48
20 69
2 97
18 46
0 44
21 53
15 37
28 67
24 28
8 15
6 72
9 39
11 20
2 76
1 32
19 17
25 12
13 36
21 42
4 99
4 8
15 51
11 96
25 28
1 43
11 28
29 78
30 2
2 3
21 42
25 100
29 7
20 26
16 27
24 12
24 71
2 92
27 55
16 19
13 27
21 71
30 64
22 56
18 76
12 24
22 63
15 67
1 42
28 29
6 34
23 30
28 36
6 70
22 13
3 6
1 52
1 77
29 65
25 81
17 27
8 93
25 48
2 49
3 92
19 29
30 68
24 68
8 50
12 11
26 30
6 26
9 52
15 82
21 52
20 74
9 11
3 75
20 69
0 98
10 48
5 30
20 95
13 4
21 3
6 53
10 62
8 1
15 75
5 10
10 31
1 98
2 85
29 19
18 57
4 25
9 96
24 9
28 18
30 39
16 94
6 40
6 92
8 68
12 18
21 42
21 81
5 77
28 11
18 57
27 47
27 44
2 58
9 43
20 20
11 60
13 31
7 34
5 36
1 56
8 39
7 38
24 87
29 19
23 13
25 82
18 77
12 46
17 52
3 10
11 49
14 24
1 34
9 32
5 100
28 89
3 37
14 42
22 25
15 63
10 9
15 20
10 68
12 5
25 36
20 16
6 41
0 22
23 80
4 19
23 24
11 51
12 48
6 88
10 36
8 35
26 65
27 57
12 69
29 50
9 53
29 28
30 96
0 92
25 47
8 67
27 51
23 13
20 25
18 30
6 2
25 76
29 29
4 76
22 70
30 46
28 22
12 98
22 39
15 41
15 98
5 52
28 33
13 65
27 98
22 85
12 53
0 87
9 35
16 98
29 98
2 100
7 10
10 7
13 69
23 37
26 9
18 6
25 14
17 29
13 23
16 72
26 94
15 87
19 63
8 63
23 70
21 73
13 55
0 70
11 38
15 19
29 67
14 60
13 78
28 83
10 34
29 66
18 5
13 91
25 72
30 58
5 71
11 48
27 1
27 27
10 9
4 35
21 87
24 94
12 59
15 1
7 82
16 27
4 3
10 51
9 47
19 55
2 31
11 81
10 17
22 54
11 46
5 37
27 1
23 17
11 63
20 22
0 61
11 44
3 5
26 62
2 35
9 30
20 55
20 53
12 20
12 30
0 41
24 96
2 17
4 8
13 67
4 2
1 91
15 95
27 1
18 21
25 99
1 52
6 26
19 54
26 17
