50
14 5
0 65
16 92
18 15
14 84
2 49
18 49
14 90
6 13
8 74
4 58
4 12
18 32
2 57
24 88
6 76
26 28
9 23
3 64
19 98
18 71
10 3
16 93
30 52
7 86
11 28
27 33
3 72
19 84
26 87
9 94
23 52
7 4
8 34
1 15
10 92
13 11
11 42
22 48
8 95
3 13
11 7
14 87
7 23
26 95
26 74
2 81
27 91
27 90
8 44
7 86
10 21
18 10
16 21
25 14
23 21
19 100
2 93
5 82
28 95
29 6
21 20
26 67
7 91
28 65
10 22
17 87
17 25
12 38
21 13
12 85
9 29
7 69
0 90
21 64
20 42
5 87
15 59
17 41
1 92
5 79
15 47
12 63
26 67
12 48
26 2
26 12
23 38
12 56
15 37
30 9
26 39
6 88
23 50
10 9
4 88
17 54
12 90
18 61
4 45
22 44
27 96
0 53
28 24
13 30
9 58
30 50
15 70
3 82
4 13
3 94
27 67
17 95
12 91
30 77
27 42
7 12
2 43
1 4
17 88
13 14
27 55
24 18
24 34
14 38
12 74
16 45
3 71
0 48
4 25
8 10
19 56
30 34
19 77
24 96
26 62
14 96
3 44
18 73
0 58
10 95
2 69
27 35
1 2
17 65
25 26
24 18
14 19
0 73
27 85
28 78
27 33
21 87
26 77
9 98
15 17
18 37
7 89
22 19
0 4
3 4
5 13
16 78
30 52
16 38
29 72
9 63
6 93
23 58
22 68
9 86
16 28
21 63
13 75
22 74
29 97
6 60
20 4
26 20
18 50
18 34
2 72
12 73
22 99
28 61
26 37
29 34
8 8
22 71
22 56
30 7
23 93
14 83
23 90
3 56
17 72
15 52
12 11
29 70
14 24
3 49
11 67
23 51
16 12
21 83
11 51
25 23
28 86
14 60
7 34
7 6
23 31
11 13
16 42
10 36
2 28
3 28
14 26
18 21
21 2
4 92
28 96
18 77
17 64
7 92
30 68
0 92
7 12
3 31
15 2
4 88
6 24
27 92
26 28
26 3
0 59
11 96
29 12
15 30
9 91
15 13
1 73
1 79
19 22
14 77
23 21
3 56
7 11
5 33
29 64
6 14
29 10
25 4
7 23
15 29
3 92
24 92
17 95
7 91
7 91
26 85
2 99
24 31
24 37
23 18
5 9
18 48
3 93
4 44
5 85
26 71
8 56
13 39
17 48
6 56
10 14
27 26
17 24
26 18
12 73
8 36
14 45
8 4
16 93
27 13
10 72
7 58
11 83
27 91
20 53
12 30
12 5
1 100
15 24
17 62
14 5
29 44
24 46
27 33
22 8
17 93
24 83
4 97
22 31
17 4
12 18
21 94
2 87
26 91
19 48
27 27
0 35
12 81
5 5
30 93
19 87
7 77
13 100
24 27
13 45
17 26
8 34
8 35
1 60
12 96
4 10
28 38
5 18
4 60
29 33
13 86
28 56
8 29
6 81
4 53
18 37
11 41
21 81
14 67
23 32
8 55
25 14
27 4
15 98
7 95
25 67
12 39
23 38
24 69
8 88
14 45
28 88
23 79
21 37
27 83
29 27
28 45
4 70
14 56
20 29
0 13
18 84
19 51
14 94
13 43
22 28
5 70
5 20
5 12
28 7
27 61
21 47
30 5
24 92
16 28
1 55
26 82
1 14
7 3
2 40
28 25
28 12
14 75
13 74
10 97
8 53
13 72
3 38
0 91
8 79
14 78
1 89
18 4
29 21
22 18
14 93
23 77
25 92
6 86
15 36
