50
3 100
26 14
29 87
19 34
8 8
4 99
28 97
0 87
20 45
13 10
5 56
11 41
23 71
9 6
1 70
18 56
9 91
10 35
12 32
20 87
13 93
0 59
29 33
23 28
13 80
29 90
12 4
23 59
21 78
22 10
8 2
10 86
29 3
21 18
30 21
6 41
27 34
10 51
5 11
23 51
28 44
3 93
22 70
1 8
16 64
5 88
1 2
20 15
26 78
8 97
13 21
21 22
12 47
19 41
20 46
2 22
21 21
26 35
10 47
14 27
20 93
15 58
3 27
29 55
19 83
6 41
25 99
2 63
2 10
21 84
17 21
28 9
6 100
2 29
13 32
23 68
6 48
5 74
3 85
12 25
9 4
18 32
18 91
10 42
26 18
9 85
2 15
4 90
16 26
6 10
15 8
16 68
5 44
15 8
23 15
10 51
22 86
10 82
12 65
15 58
5 7
28 60
14 26
3 13
13 48
19 91
24 45
15 12
23 48
7 12
5 69
26 99
7 89
8 17
4 47
14 72
22 58
27 2
25 14
23 51
4 14
8 35
21 26
22 15
2 99
9 65
15 36
28 77
9 5
24 23
20 96
11 27
26 87
5 33
7 26
13 61
24 13
6 89
19 76
18 27
22 49
10 42
1 40
13 44
13 66
17 25
9 41
13 2
29 73
4 66
22 89
2 91
28 79
15 55
0 70
9 96
17 88
19 14
28 73
4 79
1 63
7 41
3 53
24 51
8 52
15 63
27 96
1 7
8 3
14 98
5 37
6 39
3 9
26 83
5 10
5 59
21 46
29 57
25 100
1 20
5 78
28 2
23 82
11 28
20 90
29 87
30 72
29 45
6 11
22 26
6 14
6 13
29 37
29 39
7 30
0 99
27 28
10 72
2 9
21 78
12 97
28 58
7 61
3 36
0 36
13 31
23 55
2 1
18 14
23 100
10 100
9 99
19 89
13 55
6 60
2 31
22 19
8 31
21 89
10 55
23 37
29 29
19 69
9 92
11 22
23 20
26 85
14 13
7 14
30 26
27 28
5 18
26 27
5 93
16 38
20 14
15 94
24 41
20 12
25 78
22 61
4 3
23 39
3 10
25 42
28 3
22 11
22 91
24 71
5 77
29 33
24 11
17 16
10 10
13 8
19 46
5 60
17 98
21 54
13 31
10 30
29 7
12 29
23 31
12 66
16 78
15 44
1 6
21 99
13 7
8 60
9 53
16 67
29 69
22 74
7 40
3 13
21 92
4 59
22 47
20 51
11 83
27 98
23 97
30 89
17 67
14 90
15 57
28 90
16 67
3 42
3 64
15 2
28 30
12 86
1 14
20 90
2 25
28 45
0 86
9 98
21 90
21 82
10 61
15 31
11 69
14 82
12 19
10 56
8 19
6 99
24 33
27 36
8 73
18 59
2 14
2 22
5 82
21 42
25 21
14 86
11 20
28 3
1 11
25 9
21 9
8 28
30 88
9 97
6 72
26 5
13 32
14 6
10 11
21 43
1 28
15 77
18 25
9 21
29 98
23 92
6 12
2 23
25 96
15 44
29 41
20 18
28 82
30 29
27 14
6 85
20 5
9 98
24 50
7 79
27 61
26 36
26 97
15 2
19 85
6 55
7 15
0 6
3 13
2 84
15 59
21 18
4 36
29 19
24 19
6 5
17 79
25 41
0 61
5 56
5 48
19 97
24 50
11 64
16 92
14 73
19 49
24 86
11 78
28 99
20 29
25 74
3 28
22 38
10 21
17 44
17 1
4 16
21 17
5 66
8 66
22 69
27 68
10 19
4 73
