50
27 42
6 79
0 2
3 23
10 4
8 32
28 72
20 92
10 5
7 98
8 59
16 10
30 71
14 76
25 58
17 49
22 21
0 18
14 32
13 17
16 43
20 69
30 88
23 43
16 3
23 85
23 31
10 61
16 82
5 43
2 42
28 18
30 75
12 74
27 89
28 69
17 67
23 5
24 7
13 7
2 53
28 6
8 64
18 47
15 15
15 96
4 38
30 35
10 52
17 27
6 82
28 83
18 100
2 57
27 84
16 78
0 38
1 39
29 76
29 38
28 93
10 82
27 5
27 23
26 95
25 67
18 12
13 35
25 66
19 61
25 49
20 74
15 44
2 47
8 19
1 15
20 44
8 38
24 3
3 25
27 90
16 27
3 77
15 28
0 44
27 74
20 89
22 7
27 57
10 64
23 98
20 1
27 93
1 12
9 56
3 63
21 59
2 78
2 60
23 11
3 40
11 53
7 82
25 48
28 80
13 6
17 35
30 26
27 62
9 56
23 45
6 99
29 62
4 20
13 16
7 56
6 35
1 70
17 59
14 54
27 73
15 25
27 98
15 12
5 84
23 40
5 76
4 61
21 96
21 97
9 93
29 34
28 81
25 56
22 44
10 46
19 84
4 66
7 96
8 86
13 43
1 44
14 6
2 47
16 35
16 44
19 62
9 88
5 48
9 68
4 68
1 25
21 11
14 31
8 52
5 23
9 89
14 86
22 48
9 37
8 59
16 46
22 58
28 11
27 98
27 71
27 23
19 69
28 40
13 21
14 18
17 42
13 44
19 61
14 91
21 4
18 76
20 69
10 15
10 22
4 25
21 54
18 87
19 8
9 67
17 21
22 56
4 10
21 50
3 63
3 16
29 60
27 81
10 55
17 44
11 64
1 18
13 32
2 61
5 66
19 50
2 9
13 9
7 33
10 38
7 95
10 63
7 17
16 75
2 46
25 10
18 9
14 14
24 93
10 51
9 16
17 18
0 39
6 14
9 40
23 4
19 5
7 46
12 90
30 65
14 89
30 12
4 73
9 36
21 23
11 79
8 63
5 86
22 14
23 38
5 7
20 71
11 40
9 21
24 2
15 47
7 5
18 14
27 63
13 29
3 19
30 51
29 71
18 98
15 56
26 50
27 80
18 2
9 8
17 40
9 82
9 37
23 63
23 95
30 33
8 82
20 33
8 29
6 18
26 52
30 10
19 95
18 58
1 73
2 3
6 68
4 21
5 66
7 1
26 13
27 41
14 37
9 72
23 83
13 6
26 28
26 25
29 50
9 30
8 53
11 43
26 64
29 60
3 56
30 5
17 82
2 97
19 22
25 54
5 45
7 26
17 83
6 48
15 99
18 30
12 5
30 88
26 50
8 5
13 76
2 56
23 7
10 67
17 51
30 45
12 30
26 15
26 72
13 85
20 17
4 67
21 72
8 25
4 91
22 38
0 44
26 36
16 16
22 53
26 27
4 45
26 63
19 98
7 16
23 79
1 99
9 49
16 54
15 2
14 12
24 84
24 78
20 83
4 80
26 43
13 30
29 59
12 18
29 13
11 42
7 68
6 74
8 38
20 93
28 70
11 5
5 62
16 66
5 37
3 97
3 53
22 57
7 47
28 22
3 37
12 38
13 12
4 43
3 59
19 13
11 32
26 29
30 20
14 82
18 91
26 75
22 26
4 83
12 56
21 41
26 91
25 62
16 14
4 33
3 33
6 72
24 22
14 79
8 31
2 84
12 59
13 89
21 28
6 67
18 9
19 70
15 10
1 35
2 22
8 66
23 75
21 64
30 44
26 25
11 87
