50
0 1
14 44
10 6
27 6
8 51
11 17
28 70
30 52
26 85
12 29
12 37
6 59
10 33
29 36
24 26
11 58
7 47
14 39
22 49
2 30
10 91
4 88
29 67
21 80
4 39
6 93
29 37
15 18
26 53
20 80
26 14
13 49
1 67
9 59
15 90
28 21
23 83
16 12
14 39
12 43
20 37
25 43
13 53
10 37
7 65
19 95
27 89
0 74
20 32
8 44
12 8
3 57
0 32
28 75
7 30
17 69
8 4
23 93
13 91
2 30
7 14
18 18
27 29
13 67
6 93
3 92
30 2
27 46
24 28
22 16
29 5
23 53
24 96
4 76
22 61
13 58
28 33
18 65
12 68
0 64
3 100
21 28
23 34
17 42
1 43
25 74
13 35
24 63
22 22
16 11
22 41
26 55
0 93
15 32
15 85
1 49
7 7
4 13
4 74
13 70
17 34
1 96
26 33
18 70
2 29
24 67
13 2
13 41
19 21
7 5
13 56
27 21
7 2
18 39
9 49
20 62
11 53
16 78
15 79
22 5
20 87
12 56
1 66
30 93
30 17
4 92
30 24
7 91
20 14
25 22
6 96
2 27
12 91
30 5
16 55
25 36
28 52
9 4
4 49
21 67
22 80
19 5
4 20
18 62
4 67
0 60
20 22
30 83
18 86
24 78
11 70
1 70
10 63
23 50
13 65
30 75
30 76
15 17
30 66
15 86
21 71
19 24
21 38
25 97
3 32
10 18
10 26
5 4
20 70
12 66
19 84
19 81
12 12
19 68
9 91
16 7
12 78
24 19
27 3
17 14
1 46
17 12
8 87
22 95
1 88
24 11
22 1
10 63
4 68
4 53
5 49
12 85
0 35
2 49
26 97
9 20
15 52
0 11
9 15
13 76
5 55
9 56
26 16
15 51
27 20
22 38
1 68
19 76
14 98
16 35
21 76
1 95
30 87
27 39
13 70
18 25
14 71
20 86
7 7
4 1
21 30
22 83
21 11
16 81
2 5
29 77
0 56
12 64
28 26
9 4
26 50
23 29
27 8
9 74
20 3
29 6
30 20
22 79
5 64
10 56
7 95
5 17
27 43
14 48
9 15
23 31
21 97
23 30
18 45
26 37
19 74
4 7
10 60
19 97
6 66
11 35
4 5
20 55
29 36
12 59
19 34
0 11
15 19
4 23
14 43
13 35
4 58
16 64
6 29
3 93
4 8
19 57
5 90
18 3
2 22
8 13
5 50
16 56
2 58
12 39
26 19
7 4
19 16
16 56
22 28
0 46
19 66
30 91
13 34
13 95
16 84
9 85
12 15
1 73
4 91
16 46
13 78
23 22
13 9
29 18
8 43
12 5
0 25
20 92
5 41
3 96
1 18
27 76
13 45
22 14
26 99
25 11
19 34
0 26
12 64
20 93
9 77
3 31
12 26
20 77
1 4
21 100
30 69
4 3
15 97
6 21
25 2
23 59
7 41
21 44
17 43
6 40
8 56
18 100
6 62
30 15
28 59
15 48
1 49
18 100
0 16
28 71
6 40
27 79
5 76
10 48
9 55
24 95
7 7
29 2
18 64
21 31
5 80
21 66
29 7
0 74
4 23
29 69
2 58
15 10
20 72
4 92
18 26
6 5
16 46
12 95
25 75
12 24
26 3
29 26
19 1
23 91
8 29
8 12
11 20
30 12
19 95
13 91
24 15
18 31
3 90
2 50
2 20
5 10
13 89
15 75
12 56
19 47
13 45
4 12
27 93
25 58
30 52
9 98
11 64
0 80
12 22
2 31
16 22
12 48
