50
0 27
1 83
14 35
0 25
7 2
2 66
7 55
4 16
1 91
2 98
24 7
7 62
6 99
8 97
30 63
0 80
26 76
19 52
20 40
12 81
4 23
3 28
11 17
30 10
29 83
0 20
22 1
30 61
13 100
25 42
8 79
20 26
24 71
23 63
17 11
6 78
6 90
26 46
15 28
3 25
22 18
17 84
0 47
16 26
21 82
1 95
6 60
20 32
2 64
27 3
6 69
15 21
2 64
0 19
28 20
23 9
15 34
25 40
21 19
12 95
10 37
10 53
19 56
16 49
7 2
11 58
11 71
17 10
19 62
6 15
5 6
1 24
22 34
6 86
22 42
19 47
8 85
11 49
18 30
16 35
29 9
1 84
28 36
11 35
15 49
21 99
1 85
21 80
29 95
28 98
26 92
30 35
9 15
20 27
12 23
6 2
11 76
14 99
23 54
16 66
0 65
4 64
23 55
11 6
4 35
5 68
5 37
16 88
17 54
12 47
10 74
15 87
0 81
6 34
9 92
1 46
10 35
23 23
25 98
7 9
14 54
16 7
7 85
23 12
26 59
13 32
9 53
17 3
10 23
17 46
25 61
6 96
2 64
0 13
26 91
19 45
20 15
13 88
8 2
3 44
4 84
28 25
20 50
21 70
25 86
14 39
26 91
29 60
25 85
24 13
14 46
12 16
17 12
17 52
9 68
13 49
17 46
24 64
30 4
16 70
25 25
7 84
29 14
16 62
21 21
14 40
22 97
3 79
15 2
7 18
4 55
28 28
30 59
14 5
15 50
16 18
25 3
2 84
2 21
15 53
15 37
21 71
18 56
10 15
0 92
20 97
20 70
14 26
14 16
14 47
8 13
24 53
1 70
17 96
23 69
24 79
13 18
0 64
18 36
1 56
24 90
30 99
0 86
19 91
19 30
26 90
11 77
10 74
8 87
13 32
10 31
6 43
28 77
28 19
18 3
0 60
4 94
13 62
27 23
24 97
18 1
5 90
14 31
19 56
26 16
19 33
27 33
30 9
13 51
7 37
4 61
13 11
12 41
22 47
28 57
24 47
13 92
28 77
3 27
13 6
2 51
16 85
22 10
2 4
12 38
24 87
5 51
20 33
16 66
23 57
16 45
20 64
15 63
3 46
12 25
29 92
13 6
13 97
2 60
5 3
9 32
8 72
30 25
23 92
5 36
1 11
20 100
21 9
18 21
0 82
27 67
1 74
3 29
28 51
10 10
4 22
11 55
15 87
10 94
27 49
25 30
9 91
24 30
30 77
13 57
21 61
13 84
19 35
24 53
29 17
7 7
22 76
21 3
9 95
18 86
2 4
9 26
13 92
1 32
13 1
17 9
0 18
29 43
7 11
10 73
9 91
13 14
7 53
2 96
17 15
17 35
3 55
3 84
12 75
9 35
15 41
26 44
12 51
17 18
22 5
26 24
5 11
10 14
24 49
0 76
2 51
13 82
11 51
2 98
0 26
23 37
17 51
7 12
12 88
10 48
21 77
24 31
25 12
15 8
21 13
7 92
23 4
24 71
6 98
15 84
26 26
3 62
19 52
24 87
8 11
28 85
14 54
23 84
11 44
28 29
10 3
24 55
25 41
19 39
17 46
12 97
23 55
2 62
9 48
7 84
22 81
6 7
17 59
18 34
28 77
0 93
10 62
21 24
28 42
7 61
11 64
29 58
6 34
7 87
10 83
2 87
9 94
10 54
26 6
23 35
13 93
26 66
11 66
8 14
21 38
6 23
10 62
0 26
2 25
13 85
13 54
26 73
6 66
6 40
10 28
