50
9 23
26 86
12 77
10 13
1 83
30 38
27 88
17 22
28 57
10 73
21 95
9 16
14 10
14 99
7 37
4 22
13 59
5 3
15 7
2 99
25 54
1 62
8 46
28 43
26 99
8 17
24 33
11 94
1 46
19 46
25 61
12 37
9 40
27 6
26 10
4 6
23 32
1 44
14 53
3 42
17 84
22 44
11 27
12 93
11 47
4 7
28 28
6 58
17 65
11 76
28 45
17 46
30 79
21 33
0 54
17 93
13 22
29 30
1 16
14 10
13 75
6 86
6 19
20 61
11 47
5 60
10 97
19 45
11 89
1 7
3 96
12 15
16 26
12 93
1 12
2 21
3 84
25 80
6 69
7 29
2 66
23 4
24 38
28 65
23 97
5 20
29 3
23 40
30 2
17 82
29 74
11 64
5 77
28 33
1 87
6 1
18 50
7 22
12 4
14 82
4 64
4 98
9 54
7 91
12 29
8 45
16 41
17 15
3 83
29 6
1 10
9 14
7 81
9 10
11 18
3 73
27 95
0 55
3 96
6 66
7 33
18 64
3 65
23 12
22 72
5 19
1 41
29 97
17 31
15 27
26 68
26 97
20 90
16 96
29 41
16 10
1 93
18 52
6 90
3 69
9 32
24 9
24 70
9 61
25 89
28 50
21 23
14 8
3 45
0 41
20 47
14 12
14 15
18 31
23 30
5 49
1 36
6 22
14 31
0 70
10 6
28 7
17 18
23 22
26 79
26 17
14 30
21 67
30 33
13 69
19 63
14 59
22 86
22 60
27 89
9 61
10 60
12 10
24 32
30 3
23 8
13 74
4 48
28 14
23 2
21 89
8 46
30 83
26 13
15 95
7 3
21 35
4 7
12 95
21 35
25 87
27 68
9 88
15 29
15 20
23 26
20 61
10 60
16 16
2 1
8 2
28 28
15 93
7 42
23 5
14 81
16 90
20 27
9 16
20 8
6 67
27 29
12 43
12 70
23 70
1 27
29 86
5 92
5 6
20 80
18 59
23 73
4 11
25 52
20 20
9 70
24 74
11 86
11 60
2 26
2 96
19 4
25 47
0 86
18 65
25 34
10 48
15 95
16 6
16 26
6 42
26 34
10 91
29 1
5 67
24 41
3 92
10 71
25 8
6 25
15 19
28 84
16 75
20 71
13 86
21 82
23 17
22 79
28 92
15 90
13 93
23 59
16 96
29 77
7 75
30 17
20 98
1 45
12 69
22 88
6 51
26 87
21 41
3 45
10 75
10 58
13 36
19 21
13 54
2 72
22 84
30 48
27 47
26 30
10 4
4 100
0 26
18 99
26 83
18 17
12 41
25 85
13 57
14 84
19 34
13 26
9 97
12 40
9 25
27 57
0 62
19 86
5 88
0 75
7 19
16 26
4 77
17 36
24 11
9 22
28 65
14 9
27 76
26 58
12 91
11 31
29 23
1 78
21 72
26 24
2 38
1 52
9 8
10 1
15 9
5 4
23 100
19 98
0 10
4 96
20 89
13 90
7 97
19 71
1 3
15 34
10 55
27 80
10 38
2 3
4 75
28 91
16 71
15 17
26 2
5 16
19 80
17 18
8 43
10 28
16 79
23 44
16 83
16 92
22 91
3 76
13 37
23 66
17 81
2 57
5 21
0 69
7 36
18 72
0 59
12 49
2 51
2 74
29 46
5 46
6 39
10 16
12 71
0 46
30 25
14 75
3 63
6 77
14 76
14 68
10 85
26 77
14 91
1 16
9 80
20 17
29 21
17 66
19 96
11 72
3 8
24 96
12 97
11 4
15 65
