50
14 96
13 26
3 40
4 6
9 66
3 73
27 16
12 63
11 88
22 73
25 2
11 38
0 32
0 42
8 92
16 50
4 6
5 94
2 13
29 8
9 94
22 6
26 66
13 36
20 41
24 95
13 76
23 93
10 14
0 6
5 68
26 46
6 77
19 53
11 55
4 54
8 39
13 98
26 42
0 85
26 41
22 7
21 88
2 20
24 5
24 40
26 45
0 87
29 62
25 69
20 2
18 96
12 49
21 50
6 38
25 36
30 2
19 26
27 76
22 95
12 18
25 74
20 37
1 16
19 48
2 16
19 48
16 66
16 56
16 87
24 97
18 7
14 46
9 39
17 26
30 78
5 46
28 57
24 97
10 74
0 24
30 83
20 87
10 17
29 79
19 95
5 18
20 7
16 59
8 48
28 5
21 36
3 55
27 29
30 18
2 61
17 1
10 1
20 44
8 39
5 34
22 34
8 47
13 63
18 6
11 18
4 41
9 24
30 91
1 89
5 54
17 8
20 66
17 39
28 51
5 87
1 75
17 39
30 93
8 67
22 8
9 54
2 70
14 49
24 50
2 91
3 78
21 54
10 93
2 24
30 16
5 98
9 5
12 8
0 25
25 24
0 41
27 61
30 16
19 80
9 6
29 90
27 23
11 75
1 4
7 18
27 93
30 67
7 59
26 5
5 78
26 42
3 18
16 89
12 84
22 73
13 76
10 81
8 7
1 52
1 51
10 57
13 74
19 39
8 97
21 27
17 92
16 1
7 94
26 39
22 35
25 93
7 44
6 49
3 44
17 30
20 77
12 20
21 60
10 10
4 98
14 15
12 78
29 93
16 34
22 56
19 59
22 93
6 65
0 53
27 67
7 16
14 60
4 38
15 39
30 12
9 100
7 80
9 53
1 60
3 55
24 87
10 96
20 77
25 2
30 31
16 93
6 58
4 43
30 78
12 68
19 93
22 65
11 100
7 88
6 46
15 81
3 35
13 61
29 46
10 20
21 5
10 4
18 56
11 31
13 19
13 31
5 83
13 15
10 4
26 61
18 24
4 52
9 34
6 88
10 99
3 96
9 21
14 46
10 55
13 51
8 72
25 10
9 46
15 24
11 96
29 69
7 88
13 52
25 8
30 30
30 19
8 69
9 62
26 64
15 82
21 90
4 64
23 50
29 61
17 27
6 23
10 56
12 74
19 81
20 8
22 23
6 72
21 14
25 83
7 9
24 99
21 83
17 93
10 77
9 73
20 1
12 27
15 88
25 39
29 98
7 31
18 25
9 84
11 74
13 68
24 39
7 59
14 89
8 79
25 33
26 39
14 84
20 72
15 33
5 14
24 48
25 42
29 55
9 73
8 92
29 73
16 44
1 94
23 70
28 39
22 9
11 100
21 12
10 72
24 17
21 18
20 41
1 47
26 74
26 51
6 77
9 35
27 53
3 10
23 99
18 4
2 91
10 36
3 37
19 30
9 64
26 9
24 68
28 15
30 78
10 19
3 63
13 10
17 81
28 54
22 96
3 39
6 63
2 43
26 95
26 56
11 84
27 17
8 86
5 80
20 23
20 60
25 40
17 37
13 52
14 53
22 59
1 70
0 32
17 59
4 4
10 24
12 76
11 21
12 33
18 47
15 58
15 4
6 50
1 89
14 12
25 67
14 25
15 40
28 96
1 49
0 73
6 21
8 73
4 85
1 56
7 26
0 10
0 76
12 40
5 46
16 23
18 52
26 58
21 61
15 99
11 16
10 13
23 87
7 40
15 47
21 30
1 30
24 83
3 1
24 19
1 34
18 50
19 53
