50
5 1
7 16
14 38
26 88
18 96
19 61
2 38
15 9
30 33
23 96
3 99
2 19
12 46
29 70
1 73
18 100
2 7
25 1
30 13
23 77
15 8
30 98
29 96
6 83
30 48
12 43
12 57
12 32
13 30
1 29
9 45
11 67
0 13
5 51
7 87
27 9
20 1
16 46
20 36
14 90
28 71
30 5
4 48
23 97
23 91
5 93
2 7
13 47
29 30
17 8
1 70
28 98
22 99
8 97
28 93
24 72
28 37
9 91
18 70
6 22
12 91
6 53
30 86
2 31
1 39
28 14
25 36
6 35
5 80
12 32
28 94
2 63
12 35
21 88
18 33
10 15
6 9
12 44
18 58
29 95
11 41
20 77
9 10
8 57
29 72
3 86
14 20
15 17
13 95
13 78
10 46
30 54
26 45
16 22
6 36
20 60
26 74
3 74
14 79
23 35
16 93
2 96
24 47
30 97
24 39
4 52
9 61
0 69
30 5
0 20
24 72
0 76
18 4
25 71
16 53
0 50
14 89
10 58
20 70
6 1
22 80
29 75
20 83
23 26
24 92
5 28
23 35
6 17
10 75
24 20
18 95
11 29
25 59
14 13
20 57
23 6
2 42
17 36
22 55
15 26
23 77
10 17
14 99
9 47
7 24
27 38
0 42
25 81
12 19
12 99
8 7
10 54
4 42
9 94
3 82
0 51
19 86
18 87
19 4
8 61
3 69
5 96
17 11
20 45
5 82
24 82
10 44
8 68
4 91
10 53
18 30
22 46
17 95
4 20
17 33
29 79
7 47
11 50
22 14
10 56
30 5
14 81
17 24
19 15
17 22
15 13
9 50
23 31
1 73
4 2
12 75
9 25
23 8
0 31
14 79
16 26
13 8
23 87
15 84
17 4
15 78
7 100
6 49
0 80
3 38
6 36
26 51
22 68
14 65
13 100
5 22
19 54
19 96
26 87
8 27
3 99
25 40
30 76
1 28
4 28
26 47
22 32
14 19
10 56
11 91
14 13
2 73
26 77
13 32
8 92
11 60
20 7
26 88
25 100
10 54
7 60
17 82
6 73
7 62
12 58
8 10
25 16
10 8
28 46
11 53
22 85
17 82
7 34
30 97
22 20
9 92
2 73
17 94
30 96
27 11
23 41
25 94
19 11
10 55
7 64
17 41
26 6
8 15
23 3
24 31
12 26
28 49
11 17
30 43
25 87
27 47
13 39
11 3
29 11
0 100
16 78
12 10
30 71
20 34
17 3
23 38
24 66
8 56
25 91
23 41
3 4
0 4
23 72
5 65
15 81
4 62
4 99
10 27
23 77
15 5
23 96
3 97
1 49
29 59
15 63
6 23
27 76
0 98
9 25
21 91
18 65
18 14
11 5
2 91
22 50
27 5
15 16
9 89
0 64
4 12
22 64
22 99
9 61
26 96
4 34
27 87
25 29
20 97
14 86
5 34
28 69
11 35
25 9
18 77
7 50
17 63
26 77
4 64
2 94
4 33
16 23
1 79
27 53
25 82
27 50
13 71
2 4
22 29
1 13
22 86
9 2
10 100
2 18
18 48
10 36
8 57
28 96
8 84
22 29
25 70
16 67
23 43
12 72
18 46
5 33
1 8
18 70
21 70
16 16
1 44
23 18
30 87
25 78
25 33
11 5
25 34
1 78
23 74
5 44
30 88
28 75
15 79
6 20
24 82
27 55
0 81
15 23
18 36
6 59
22 43
25 69
16 30
25 68
19 5
16 88
23 39
13 83
18 87
18 22
29 96
20 33
7 41
1 53
27 42
15 32
