50
17 87
3 80
11 76
2 18
5 50
7 35
25 81
17 25
13 85
23 55
6 66
6 36
3 65
6 52
13 82
7 12
13 74
0 52
5 56
24 49
5 33
22 5
5 7
22 32
8 4
3 33
27 36
17 44
0 8
15 40
10 45
29 4
8 68
8 10
12 19
28 14
11 77
23 14
24 83
20 97
0 30
23 35
5 59
20 93
15 67
2 72
18 28
14 44
6 8
10 66
22 14
6 20
0 3
17 80
4 95
15 74
16 46
6 34
27 98
16 89
14 54
12 64
17 97
26 49
26 7
10 87
8 89
22 94
22 90
27 31
16 23
27 28
4 80
11 12
18 40
18 91
22 29
0 24
26 54
0 63
17 37
25 42
13 87
29 20
0 56
10 66
28 88
24 68
25 4
8 12
6 92
14 72
8 66
2 49
9 41
16 73
11 3
22 7
3 54
10 26
17 26
10 67
7 44
1 7
16 13
0 55
9 57
22 50
28 6
18 42
16 2
0 9
16 21
9 96
3 35
9 19
15 57
4 88
16 41
20 66
20 74
5 99
28 10
28 30
7 13
21 92
24 30
7 54
2 34
13 45
22 4
1 96
20 29
17 31
1 7
19 83
10 82
11 86
19 14
13 82
2 27
10 41
17 47
27 18
29 57
3 58
18 37
19 30
10 42
15 79
12 42
17 34
4 88
9 93
6 81
16 30
14 98
25 35
5 49
26 66
4 67
26 49
14 22
24 92
26 77
22 46
16 24
9 41
19 51
2 30
4 56
23 42
6 69
1 47
6 72
3 65
20 78
23 48
12 53
3 3
24 75
2 97
9 32
13 51
26 36
21 3
2 70
17 37
12 62
18 57
17 72
2 85
11 7
0 73
7 70
22 55
30 12
1 31
5 82
6 17
29 23
30 89
2 50
26 79
23 18
17 41
17 96
11 35
18 23
21 60
4 60
13 95
12 77
24 58
28 35
15 82
10 57
15 45
27 63
28 84
26 92
7 100
14 58
20 89
5 16
13 59
14 98
13 31
12 79
3 29
30 21
24 54
0 24
19 24
27 84
18 63
0 92
1 6
23 33
30 40
1 91
21 77
12 88
10 93
15 92
18 80
18 70
9 98
17 65
16 58
15 54
8 77
10 58
5 16
16 16
26 28
5 9
20 30
5 17
7 16
10 29
17 3
20 95
25 1
1 74
27 43
6 79
24 45
5 33
20 85
16 23
9 22
28 63
14 77
30 31
2 78
3 86
2 60
17 37
6 87
20 59
6 52
14 49
6 57
15 93
29 29
9 24
26 89
20 99
30 89
6 24
23 56
14 18
22 1
16 43
1 1
0 31
23 28
17 82
9 16
25 52
28 3
2 39
12 79
15 86
23 64
15 89
8 64
27 79
16 95
7 1
25 80
12 3
8 38
1 70
14 39
23 78
3 62
28 81
10 46
28 82
24 1
18 56
10 94
21 48
14 99
25 100
8 2
28 62
19 74
13 19
18 37
7 29
15 78
26 81
27 36
12 26
30 96
10 4
20 44
24 62
24 50
2 41
1 2
30 92
21 92
17 49
0 52
9 63
7 75
3 36
25 50
0 68
25 72
6 96
0 7
14 51
9 90
13 34
19 54
4 35
10 16
9 19
20 68
20 59
30 67
6 77
17 41
17 40
23 37
0 4
26 98
12 62
8 3
20 37
4 36
20 19
13 39
5 64
0 63
12 60
27 79
22 65
9 5
25 82
24 28
11 2
10 70
27 34
25 42
29 81
26 89
21 6
7 20
5 73
16 80
25 92
3 33
18 28
4 65
