50
1 34
10 75
2 29
6 9
22 28
23 87
2 80
13 10
21 7
10 45
16 32
3 15
22 98
5 5
19 22
23 78
7 61
16 46
8 72
3 34
22 84
1 98
3 97
15 59
21 35
25 41
24 95
8 84
15 14
20 83
0 58
29 29
8 12
26 18
2 92
12 19
21 48
20 59
21 58
26 38
23 40
8 81
1 18
0 85
18 93
15 14
24 80
17 67
24 20
26 69
1 70
10 52
5 90
15 14
21 98
21 38
9 84
30 16
25 46
2 78
8 20
20 96
11 73
3 85
20 60
17 69
2 6
8 8
13 4
8 26
29 76
23 37
26 100
0 91
6 23
6 80
5 29
30 85
24 24
6 91
28 73
17 87
16 68
19 70
5 3
4 69
6 12
23 24
29 100
24 18
21 3
19 67
19 19
23 57
28 86
9 13
30 53
2 97
30 67
9 72
18 4
11 7
20 7
20 81
15 14
14 25
3 57
27 100
3 50
0 17
29 56
1 52
25 33
19 40
21 4
27 2
25 26
26 42
26 23
0 55
0 32
10 98
18 30
3 4
12 23
28 89
11 72
10 93
19 16
10 64
24 95
30 34
16 49
4 56
16 24
26 20
30 48
16 21
17 27
18 16
27 56
20 79
19 67
30 19
26 95
7 4
0 63
24 95
12 66
0 86
18 31
3 15
27 8
3 92
21 77
6 3
27 38
30 17
16 22
2 63
27 73
8 28
0 98
14 95
8 61
4 43
13 79
30 99
22 90
8 79
6 37
15 37
8 93
17 30
19 25
7 13
8 91
29 18
11 75
7 100
26 39
7 60
21 34
29 26
3 85
0 66
16 20
19 6
15 62
21 87
9 46
25 80
14 44
30 53
10 71
5 14
8 6
19 22
6 54
23 8
23 62
1 23
10 86
12 33
27 91
7 38
6 50
0 88
15 84
9 39
1 75
22 11
15 84
7 23
24 44
2 72
10 61
5 13
1 20
2 95
5 1
28 89
6 98
30 65
1 76
2 83
3 59
24 27
7 88
23 22
3 1
13 63
24 30
6 13
11 20
14 49
15 87
30 68
2 41
20 9
13 10
11 29
28 32
7 1
15 52
13 29
8 38
13 93
13 59
19 17
7 66
24 38
23 79
29 13
21 52
17 31
0 29
30 77
30 86
14 72
25 45
18 64
23 87
1 83
29 50
21 27
26 40
17 99
29 69
23 88
24 29
26 50
4 82
23 13
3 39
2 25
17 68
1 2
22 12
24 45
26 94
22 63
13 37
14 47
1 50
6 81
21 44
15 67
17 97
27 44
21 44
22 49
15 100
0 75
13 4
23 12
23 65
16 30
29 73
14 42
26 76
3 53
21 92
29 16
27 86
23 59
12 13
7 97
19 18
30 100
28 80
26 88
19 81
29 89
19 32
6 73
22 25
17 34
6 36
21 76
26 35
19 80
6 28
2 12
7 63
10 27
24 11
18 30
8 62
0 2
0 3
6 92
3 64
13 60
12 32
9 43
27 41
19 19
15 93
0 66
8 54
6 14
0 27
25 21
8 56
6 68
24 86
26 29
22 20
10 91
1 75
4 7
5 4
4 49
15 20
10 52
27 15
5 19
18 33
24 68
4 92
28 21
20 13
1 59
24 77
10 97
5 94
9 42
7 27
9 72
1 92
28 11
14 68
4 10
8 43
4 68
11 65
30 58
3 5
27 76
0 79
27 25
4 76
10 69
20 86
0 7
11 41
28 45
3 68
10 22
6 11
29 56
9 62
1 51
13 37
29 91
5 37
26 15
21 98
28 16
