50
8 44
24 41
3 90
0 84
29 3
1 24
6 33
7 27
29 46
13 69
2 58
5 57
24 54
25 39
4 4
17 34
7 66
20 3
22 41
1 8
12 35
16 51
10 15
17 81
6 100
19 6
25 29
8 23
12 13
17 93
1 43
9 90
20 77
17 30
16 40
27 79
15 45
24 60
18 16
0 26
3 100
20 62
4 12
30 38
27 14
18 67
20 74
3 1
11 75
18 97
14 57
25 21
20 91
1 94
28 58
22 36
30 4
25 86
18 95
10 8
14 9
18 46
10 6
7 54
21 65
14 42
22 68
16 53
24 4
23 6
2 18
25 57
11 88
17 98
25 65
22 39
3 64
2 18
22 59
26 53
28 10
21 33
28 18
22 76
2 7
25 11
20 52
30 59
13 15
13 70
12 31
10 44
1 6
9 27
29 93
17 10
3 29
28 79
9 30
13 92
6 67
6 45
8 17
29 80
25 59
19 68
5 98
20 47
0 11
26 19
28 9
19 91
9 25
5 79
0 22
20 48
13 92
10 98
26 94
11 67
17 63
28 70
30 99
3 56
8 23
7 80
26 29
13 61
29 12
22 96
6 67
3 73
8 49
20 38
4 65
27 31
21 94
13 50
2 45
3 24
15 22
9 73
17 84
27 82
7 8
7 93
6 58
18 46
23 89
17 91
13 30
26 21
4 43
6 66
5 83
25 4
1 4
22 44
30 15
15 30
6 43
4 27
25 26
1 28
17 16
25 27
20 59
10 5
22 52
26 98
30 27
20 51
27 25
5 24
10 79
29 26
1 7
2 68
11 39
6 55
18 72
25 82
15 41
30 16
4 93
17 84
3 34
11 14
13 27
19 36
0 75
10 75
11 99
16 88
29 10
20 35
12 53
23 75
29 16
2 7
30 32
4 66
28 93
27 29
4 43
2 37
9 4
13 51
16 58
9 26
12 68
14 30
20 91
28 70
17 23
18 49
16 66
14 59
12 86
15 90
6 57
12 13
11 87
18 82
19 42
15 35
7 98
21 55
2 61
12 100
27 26
30 95
12 87
7 78
12 20
12 17
14 32
18 65
1 33
4 28
1 96
26 11
0 23
26 91
14 12
15 46
3 50
5 87
24 15
27 23
16 37
30 44
21 63
1 100
13 8
7 94
1 49
25 74
25 98
3 66
15 64
4 44
4 76
1 7
27 88
17 14
20 35
25 24
13 22
16 10
0 100
23 14
14 46
20 94
0 89
15 17
30 70
5 83
22 44
20 65
3 15
6 76
13 95
20 57
3 31
29 90
24 69
5 40
16 80
18 33
27 49
13 38
8 28
24 9
27 46
12 47
2 2
21 71
6 80
20 35
9 65
23 17
19 23
3 98
29 15
20 73
29 7
18 53
16 6
14 3
13 62
13 6
23 49
22 31
7 29
24 6
15 63
17 3
7 39
16 51
16 34
6 2
22 22
21 36
12 83
5 68
20 95
14 83
6 74
2 39
9 30
7 90
18 75
7 11
16 95
18 38
2 13
13 21
19 36
23 56
6 10
9 3
14 57
14 21
13 67
18 94
18 38
11 85
9 62
20 64
1 20
25 66
24 51
11 20
21 23
20 63
5 15
25 52
2 80
19 33
22 80
14 59
11 33
18 94
0 22
24 44
13 32
3 81
9 20
17 13
27 92
26 29
26 20
20 62
17 8
22 20
11 33
6 11
12 28
24 74
24 8
6 42
10 98
21 88
23 70
27 16
5 62
16 58
13 69
26 56
8 52
4 79
8 59
12 44
17 72
12 38
4 25
27 64
19 30
30 81
