50
22 6
30 7
24 77
16 63
6 80
1 4
0 52
22 19
21 65
21 40
20 86
27 89
20 50
10 97
21 17
28 36
0 64
24 92
28 66
29 50
9 37
29 44
5 42
13 24
28 93
12 86
7 48
0 78
15 26
12 1
21 71
18 21
26 82
11 4
30 75
24 23
14 89
22 79
7 5
5 9
0 36
24 47
3 66
13 66
18 13
13 29
0 33
11 95
22 36
8 68
30 44
24 15
6 30
20 70
4 19
27 29
15 65
24 92
16 6
24 37
1 6
1 86
25 62
10 71
19 87
16 93
23 2
7 77
27 75
4 91
6 88
7 37
7 78
22 33
12 97
7 6
8 49
1 81
28 86
5 46
3 68
10 58
25 42
3 20
24 21
25 31
11 28
13 94
8 44
18 98
0 25
19 59
9 95
10 3
22 37
7 60
9 19
18 88
13 60
25 7
17 4
21 72
6 37
17 15
2 49
16 35
18 78
19 71
29 19
28 90
12 18
18 7
26 84
30 7
20 88
8 80
13 81
11 31
6 22
23 50
10 18
1 80
8 15
0 68
21 20
5 55
8 96
25 40
24 99
29 30
20 52
1 90
13 34
16 39
17 49
24 56
17 92
6 75
28 59
22 99
1 91
9 81
16 77
22 1
5 81
12 80
17 68
22 54
21 91
21 55
21 32
15 91
15 10
6 1
10 12
16 88
29 75
18 48
10 54
13 51
17 82
25 44
20 59
21 7
12 15
10 16
26 81
27 9
16 42
28 77
18 5
1 63
16 95
1 84
2 69
7 13
3 41
30 71
20 10
22 76
0 60
20 10
5 71
3 86
19 57
14 32
5 9
25 48
3 100
2 98
6 10
3 24
4 66
10 32
1 47
19 37
19 21
4 36
3 25
8 74
19 51
24 97
25 2
23 93
7 25
13 29
11 20
7 84
19 3
27 2
3 27
30 54
23 18
30 77
0 95
21 58
29 32
29 8
21 83
28 95
22 21
20 86
15 41
3 94
19 10
1 81
0 27
5 35
22 34
12 68
14 8
18 41
11 80
7 51
13 48
24 68
0 97
7 86
26 51
2 30
26 59
1 3
20 78
2 9
12 79
12 44
1 48
21 2
20 64
15 79
3 48
1 23
1 100
21 69
14 14
1 19
0 50
17 37
0 3
6 79
3 23
10 48
30 45
4 41
12 83
28 46
12 73
9 9
3 36
23 58
1 43
25 59
22 10
15 41
0 42
29 52
17 72
7 66
1 82
22 34
7 27
0 28
3 50
2 46
1 51
13 82
21 83
10 84
5 52
29 66
30 38
14 69
12 46
5 47
2 27
10 100
29 59
9 88
4 68
12 41
20 53
18 54
28 46
12 54
12 100
10 67
18 73
12 53
16 20
28 2
12 99
6 4
16 36
3 69
11 11
10 81
13 64
8 77
3 65
2 14
8 76
17 6
27 92
21 39
16 63
29 97
21 80
6 33
7 19
14 74
21 67
15 44
8 8
22 12
10 73
2 83
17 26
20 8
15 48
17 79
20 26
0 18
16 19
30 8
0 57
25 5
11 25
7 74
0 71
12 37
24 97
24 27
19 61
2 6
6 13
14 5
23 27
24 40
11 72
0 50
22 11
13 38
15 79
15 76
16 7
10 94
12 80
15 81
23 96
11 95
21 32
26 81
4 5
16 29
30 99
14 78
19 89
6 34
3 64
17 12
23 13
30 36
19 40
11 52
0 30
29 33
24 37
4 34
7 10
26 74
28 1
5 23
4 49
23 6
23 28
3 28
10 98
27 51
19 39
24 88
