50
28 89
2 25
12 37
13 1
14 29
16 96
12 23
21 4
18 23
17 86
10 4
18 76
14 61
28 70
3 51
13 70
13 16
0 24
22 98
29 19
16 44
14 85
27 12
27 54
14 59
18 4
6 1
1 16
8 36
7 4
19 40
20 8
1 85
1 85
9 38
15 11
25 50
25 6
6 70
19 92
14 2
12 34
26 23
2 21
3 34
16 31
17 79
4 15
24 25
15 2
26 14
7 92
29 90
18 54
4 73
5 50
9 32
26 12
19 5
2 51
28 16
30 36
28 74
16 9
13 79
15 56
17 53
6 95
14 69
9 16
12 27
17 73
7 12
6 4
4 43
23 69
9 85
17 38
20 37
18 100
27 82
24 66
8 54
30 69
12 48
21 93
24 78
11 20
19 49
7 67
25 2
7 49
6 4
30 10
16 49
13 37
14 12
1 5
20 94
5 95
30 44
7 4
1 39
16 69
25 58
17 57
11 10
4 46
20 53
25 51
0 45
20 13
23 19
8 44
21 24
4 27
27 100
11 63
30 65
1 63
9 80
23 51
24 8
6 17
16 93
0 25
22 87
10 44
7 21
21 64
2 11
2 81
26 23
0 41
19 93
5 87
6 43
23 18
13 56
12 81
8 51
29 28
24 28
19 8
8 1
1 40
10 98
16 6
3 54
26 81
23 64
29 76
27 9
12 5
24 68
14 36
3 7
1 32
11 50
15 42
15 19
5 51
4 18
30 10
10 7
16 75
3 14
28 55
1 96
14 13
30 22
16 43
6 26
19 77
8 29
30 89
13 87
17 15
7 87
3 12
25 91
23 80
27 13
13 39
21 18
16 60
6 18
25 13
4 7
21 46
21 19
1 71
6 12
6 36
23 79
5 35
13 11
16 14
15 52
16 34
28 87
1 24
18 75
30 25
16 31
9 94
3 22
16 54
29 38
27 45
0 100
14 83
0 97
10 86
5 40
30 77
8 71
8 100
2 43
18 1
21 94
13 11
18 90
11 37
19 12
24 75
17 79
1 10
2 78
28 70
6 59
6 93
21 4
25 22
25 98
7 1
1 81
19 7
27 64
14 42
20 55
11 1
26 57
6 97
5 23
24 49
27 29
3 30
29 37
7 32
8 88
24 75
4 13
18 53
7 52
29 78
27 95
13 17
17 83
3 83
17 62
26 79
19 10
17 86
14 29
0 50
11 35
23 19
5 16
26 6
26 14
10 35
2 90
9 27
7 48
18 93
26 64
14 42
15 17
4 98
5 94
29 45
24 16
8 35
17 58
21 92
14 34
28 48
1 35
6 91
27 61
21 81
19 71
29 77
6 93
10 54
30 85
25 69
10 62
10 65
8 45
17 2
13 94
3 54
16 37
25 55
30 82
16 85
11 56
13 51
6 95
3 58
12 79
6 87
28 33
15 98
30 74
0 76
23 19
12 79
26 3
25 12
13 29
27 91
5 24
28 70
20 31
7 39
7 45
5 47
20 17
8 19
13 62
28 20
16 13
6 45
30 58
30 75
24 47
7 82
12 89
11 31
22 8
7 39
6 24
29 92
14 70
6 71
24 82
30 19
25 43
9 63
0 6
10 35
1 1
28 1
29 39
0 15
6 77
11 96
17 33
25 31
22 2
29 33
15 18
10 2
7 81
9 24
17 46
21 49
12 98
16 64
30 12
4 58
3 70
1 82
5 31
5 29
4 84
20 5
4 53
17 73
25 99
11 95
11 59
2 53
1 11
15 35
28 67
14 21
5 72
4 48
27 86
16 14
19 18
14 38
30 70
30 16
17 69
30 83
