50
2 41
13 94
5 53
28 47
13 43
10 98
18 48
27 86
18 9
17 75
22 71
21 56
21 96
29 89
14 90
12 47
16 51
19 82
13 14
1 99
5 37
0 25
23 90
0 83
29 60
15 70
28 79
23 83
6 2
7 81
0 4
17 47
11 38
5 24
20 58
18 17
18 4
21 62
29 97
25 63
25 86
25 25
12 75
23 22
23 21
22 25
19 56
11 35
3 48
1 78
9 60
20 52
19 86
2 66
14 77
9 100
14 79
0 43
29 24
1 96
13 39
10 68
7 6
22 57
26 99
14 73
16 26
27 76
16 27
30 8
20 34
18 25
17 73
6 93
2 51
4 49
22 91
22 17
3 72
8 62
19 21
20 29
8 50
18 83
8 64
11 54
5 41
3 95
11 65
2 86
19 59
27 14
7 68
4 90
19 30
25 39
18 100
6 45
20 57
7 13
17 81
8 8
27 28
20 88
19 96
28 23
13 62
11 6
14 28
7 51
21 38
11 47
3 89
9 100
4 52
6 81
12 32
18 93
1 37
13 29
8 16
9 6
13 38
2 42
25 86
19 67
20 84
17 48
20 43
1 18
29 27
9 26
24 5
11 82
21 86
18 86
22 12
16 44
9 49
9 10
4 29
2 76
1 20
9 57
23 41
17 45
10 16
25 77
11 85
21 26
3 93
19 12
17 92
17 16
20 11
30 34
21 27
9 91
1 6
25 2
29 23
2 62
9 17
3 68
15 13
25 53
28 63
24 36
29 10
16 51
27 1
5 36
27 51
12 92
24 79
10 65
9 12
3 63
22 40
14 24
24 20
7 65
3 90
10 39
0 11
26 98
26 11
4 89
16 86
4 90
17 67
28 30
14 22
19 100
30 31
7 7
27 32
2 30
4 38
6 35
12 76
7 83
13 57
4 55
17 96
18 7
28 97
17 40
30 58
3 40
0 75
2 97
26 84
7 68
27 36
29 15
24 56
0 4
26 96
3 79
23 69
22 11
15 53
25 88
3 9
1 38
28 68
1 37
0 24
21 17
6 72
20 14
5 15
20 90
12 48
8 97
7 45
1 3
27 65
1 55
3 64
29 74
26 16
28 44
18 3
28 51
18 39
19 98
22 1
28 97
28 8
23 92
24 3
10 22
18 37
19 46
18 78
11 51
0 54
18 80
25 11
14 30
24 8
30 41
13 90
17 36
25 27
16 42
26 7
16 69
20 63
12 14
13 66
25 15
13 80
0 73
26 84
9 48
21 30
24 50
10 47
1 7
25 54
13 46
3 16
4 38
15 72
11 77
24 6
19 8
21 12
6 66
20 94
23 22
16 84
30 76
0 70
30 66
21 6
13 3
13 99
15 14
26 1
29 72
0 100
2 72
18 67
1 89
23 3
26 16
0 47
6 21
22 27
11 21
0 24
17 37
16 91
30 77
13 65
2 47
2 6
14 19
14 98
23 68
16 91
17 97
1 8
14 20
24 6
13 67
10 68
15 59
25 2
1 31
18 35
19 76
26 41
0 4
30 62
24 2
19 82
17 16
0 53
21 43
24 73
11 86
29 44
3 60
29 81
1 34
26 79
23 95
21 31
30 14
14 31
6 6
5 77
1 42
14 51
15 60
8 43
25 88
10 4
15 54
30 97
17 74
6 30
19 67
30 4
3 62
9 9
28 57
12 94
10 6
17 92
12 91
7 100
10 15
13 35
24 19
21 74
8 15
13 79
21 90
29 57
13 96
29 50
14 80
10 75
19 75
7 69
15 65
2 20
10 6
26 96
30 11
19 24
20 29
7 4
20 21
