50
25 17
27 55
24 4
10 86
27 73
26 100
1 95
23 86
11 49
29 84
4 39
11 66
28 55
2 95
13 72
28 51
24 27
20 47
20 67
6 16
16 5
29 68
16 42
13 55
25 66
6 45
12 11
21 22
27 12
0 91
3 45
23 84
2 38
19 30
1 84
26 9
22 4
24 46
4 66
12 18
3 47
17 18
19 18
12 26
24 34
13 22
25 20
29 73
14 66
20 93
5 25
21 77
8 2
3 54
24 43
15 48
28 2
24 86
1 94
7 33
3 53
3 49
23 11
28 72
13 97
13 90
22 6
28 5
22 57
9 96
14 68
23 36
27 82
5 57
26 74
5 43
23 14
26 91
8 33
5 51
24 74
0 83
8 96
17 76
1 58
25 35
30 20
0 47
14 50
17 89
20 21
26 9
15 12
16 34
23 70
26 7
20 2
8 67
3 89
5 6
16 72
10 12
12 53
16 54
25 55
9 48
5 33
14 37
7 6
9 35
9 99
25 49
28 100
17 17
8 70
19 71
19 81
18 79
0 47
1 13
0 45
10 94
2 76
25 9
29 1
10 6
3 31
17 89
14 54
26 92
21 52
22 34
12 76
25 94
4 51
6 99
11 88
30 71
29 47
10 73
15 52
11 83
5 40
26 10
8 62
28 69
26 5
4 56
29 88
4 48
26 45
8 75
27 84
23 20
5 97
24 48
8 86
14 67
26 7
26 15
9 74
20 90
2 98
27 2
30 2
1 12
13 81
25 24
4 2
11 89
20 87
10 69
18 23
12 27
15 59
5 100
7 45
15 73
10 78
15 80
20 1
13 96
14 58
12 62
26 46
7 66
11 21
30 71
26 11
16 91
19 24
24 44
4 91
10 73
10 76
5 11
4 99
1 35
20 52
28 87
18 77
29 8
2 100
15 8
16 67
24 25
6 91
25 71
29 40
11 31
25 84
25 70
27 40
12 7
20 63
9 81
30 37
5 92
24 71
28 12
21 46
29 26
2 32
19 8
12 90
18 62
0 6
4 44
15 57
26 13
19 52
21 64
18 55
29 86
10 29
20 21
9 14
9 81
1 13
15 47
13 34
2 52
23 34
12 4
14 30
0 76
16 48
18 90
20 66
17 38
6 26
30 86
0 16
25 42
1 16
23 18
5 20
20 36
29 82
9 79
29 12
23 28
23 75
27 89
28 87
18 72
23 72
23 94
21 87
21 88
28 51
18 35
14 88
10 26
10 55
27 71
7 66
8 14
19 93
26 62
18 20
12 42
25 88
29 75
1 81
23 77
14 5
16 67
24 70
6 53
30 46
30 12
20 42
3 78
15 88
30 64
11 13
10 93
28 69
29 35
13 95
30 10
29 25
17 13
29 24
25 59
6 44
3 43
7 32
2 21
11 6
1 56
21 78
12 81
1 13
1 11
19 19
2 41
2 29
8 10
16 75
17 18
24 12
6 14
26 42
9 69
7 10
14 51
0 68
22 62
1 28
1 94
2 14
29 73
23 12
26 93
12 94
10 36
14 15
10 64
18 63
5 37
12 5
0 18
24 68
15 33
6 56
3 14
18 48
12 14
29 54
24 37
30 45
18 34
12 16
23 21
22 22
21 10
10 95
17 64
3 30
1 36
5 19
10 60
0 72
15 95
12 68
10 27
17 92
17 50
27 49
21 11
25 51
5 55
6 27
2 92
17 12
10 22
19 65
26 63
10 32
17 33
30 15
10 100
27 47
24 46
10 57
28 51
16 75
8 36
22 1
17 6
1 44
9 8
25 11
3 51
6 63
30 29
12 25
12 59
