100
8 24
19 91
2 86
6 94
7 98
3 78
4 88
21 47
6 32
24 90
18 79
3 19
16 89
20 15
17 10
22 96
6 4
4 47
10 16
11 66
0 4
9 42
8 100
2 16
12 42
29 3
20 84
20 97
30 88
5 53
2 81
20 6
6 34
21 87
20 12
20 19
3 23
8 41
1 26
25 15
9 97
6 51
15 99
9 97
16 53
5 52
16 95
19 96
8 38
10 20
25 85
9 56
21 65
19 94
6 90
27 41
9 49
17 68
9 88
29 3
14 35
21 48
12 47
27 39
22 32
19 45
20 57
15 58
28 30
0 99
9 11
30 96
5 29
23 59
3 14
15 51
4 42
28 45
30 54
16 6
16 54
27 22
24 51
5 38
7 84
29 38
10 44
1 65
15 68
3 81
6 49
7 66
21 16
23 97
12 13
8 79
1 21
2 62
25 76
13 74
17 85
12 99
0 7
16 53
25 59
27 96
9 68
24 97
11 95
30 44
30 2
5 71
23 49
6 34
26 78
23 69
30 62
7 88
4 64
0 49
21 48
30 44
9 32
19 69
2 41
27 29
1 56
9 93
29 66
22 78
9 63
17 38
1 57
21 99
0 39
26 87
15 24
25 14
17 86
8 56
2 100
29 98
7 27
28 3
16 63
8 72
27 38
16 19
29 72
24 38
10 26
5 100
16 25
8 42
9 72
0 40
8 59
27 11
15 25
17 77
26 64
7 38
23 22
19 96
20 35
18 73
17 40
15 73
14 65
1 63
5 43
16 24
17 71
3 78
25 48
4 10
12 23
12 76
27 7
16 84
29 10
18 49
16 52
10 99
5 81
0 77
28 77
13 62
19 77
28 14
19 86
28 27
22 2
13 16
17 49
17 30
23 72
2 3
13 90
15 23
