100
0 92
7 85
7 6
28 62
20 71
14 50
15 59
9 25
17 9
27 75
16 6
0 79
22 16
10 57
18 44
8 41
28 3
26 77
24 80
16 22
23 6
19 91
15 37
7 47
6 20
1 88
23 17
8 20
29 91
10 17
27 59
4 80
21 28
5 84
9 9
15 75
22 29
27 30
2 35
11 70
24 16
8 20
13 14
9 78
25 7
30 99
11 62
9 17
24 82
11 19
8 92
0 60
23 90
13 84
15 71
2 34
2 96
21 4
24 73
5 27
3 91
8 96
8 37
0 69
24 95
7 16
22 29
17 3
26 96
14 11
13 71
28 7
14 83
5 41
2 75
3 21
10 97
15 53
20 74
5 4
29 87
9 77
22 45
29 92
12 10
6 84
30 41
30 80
15 35
23 83
6 84
8 79
29 49
2 52
25 100
3 31
29 18
8 88
11 22
17 33
1 94
23 3
21 4
0 63
9 57
10 47
18 34
25 99
13 93
9 27
11 6
26 64
7 65
11 77
19 61
22 81
30 99
27 17
1 67
27 58
22 100
7 72
12 32
21 3
14 34
6 85
0 89
7 89
17 27
28 100
19 90
29 8
4 5
25 35
8 81
4 13
24 83
18 33
13 22
29 31
12 57
30 78
15 94
26 87
24 31
4 5
23 53
18 12
22 7
14 24
21 50
2 19
7 94
15 70
15 100
11 12
28 10
29 38
3 13
3 3
2 4
0 86
3 39
18 58
1 88
4 52
2 89
2 92
7 20
1 35
18 6
11 69
13 2
17 76
1 53
4 51
26 91
10 90
3 18
7 2
27 3
1 46
1 17
15 85
24 18
5 45
21 97
12 25
22 73
8 61
24 44
27 6
15 41
5 70
14 68
12 85
10 37
18 74
22 24
26 39
