100
0 40
26 49
2 47
18 61
7 75
26 83
21 20
9 7
10 91
24 94
9 9
16 82
23 24
27 29
19 33
29 57
19 53
20 68
1 26
10 47
24 14
30 11
20 97
6 15
6 100
0 74
8 54
22 17
26 87
14 45
15 46
24 46
18 68
13 33
0 80
11 5
2 29
14 91
10 72
16 8
5 2
13 23
24 33
5 49
9 44
0 28
25 66
14 26
22 36
19 57
14 29
19 9
30 17
30 93
7 24
15 79
18 82
21 81
16 7
20 39
16 38
4 97
13 3
15 100
24 49
8 72
24 70
16 95
11 34
21 69
2 92
15 22
18 65
13 44
15 49
21 34
14 47
26 50
21 87
10 53
0 3
25 46
4 40
5 41
0 15
10 34
29 82
7 87
4 44
28 98
29 10
13 58
28 15
28 59
30 55
2 35
13 33
10 37
13 39
4 50
11 14
25 39
29 33
4 78
23 65
20 69
22 37
3 57
7 7
10 51
22 54
8 52
16 83
18 15
23 36
27 17
5 50
3 100
9 79
9 92
23 51
29 84
26 23
10 71
13 80
18 48
27 22
27 93
25 25
14 96
11 92
13 9
2 82
17 88
14 24
0 62
19 37
11 3
5 6
8 87
20 90
1 64
26 35
24 84
16 67
25 12
26 36
6 15
30 6
2 80
23 37
24 100
10 37
22 13
30 50
25 56
5 53
19 48
29 48
5 81
3 58
15 47
24 83
11 4
25 56
7 9
28 2
16 75
2 73
2 41
28 80
16 7
18 79
10 95
10 58
13 98
5 43
1 14
26 75
0 92
16 78
27 19
23 92
13 14
27 35
17 9
22 43
3 33
7 74
28 6
10 45
21 72
20 42
17 84
10 92
17 39
12 27
21 41
19 29
29 14
