100
22 74
25 32
28 82
10 18
21 29
22 41
27 81
11 42
19 71
3 71
28 45
29 6
3 4
8 60
2 33
13 69
13 12
3 6
25 36
3 36
1 43
17 9
6 62
23 85
21 13
1 78
17 65
14 47
4 71
23 66
15 88
18 96
27 76
6 31
15 18
9 29
2 56
24 89
6 26
16 90
10 77
17 47
13 9
13 95
2 52
7 25
19 76
19 24
13 7
22 18
7 67
11 84
19 11
30 56
27 6
21 71
17 45
29 22
4 46
30 52
17 58
17 22
28 33
22 9
9 44
29 27
5 38
17 30
3 17
25 45
3 66
15 25
2 83
8 69
29 84
16 44
25 95
8 85
15 16
4 42
14 11
3 9
6 4
25 47
1 54
20 21
25 10
25 67
28 53
7 92
12 52
10 38
27 83
2 82
3 56
24 30
10 100
0 12
0 92
3 99
17 7
13 29
7 48
12 80
24 86
27 47
13 40
28 97
9 23
19 98
9 8
23 50
30 25
4 18
23 71
12 94
1 96
30 8
27 18
2 86
26 57
1 9
29 2
5 79
15 24
9 55
25 80
29 29
25 49
11 80
17 51
5 21
2 24
4 56
8 50
23 93
20 71
8 45
14 76
10 59
7 30
17 59
13 57
17 74
4 79
13 54
4 99
11 93
4 49
27 42
15 32
22 47
30 43
30 89
24 11
1 59
15 11
5 18
5 69
9 55
1 4
11 20
29 70
28 54
7 13
21 49
10 75
3 97
21 3
1 81
16 46
4 35
10 13
23 66
20 98
18 69
15 1
25 79
0 46
20 53
16 19
24 77
19 85
18 84
12 16
13 46
4 100
0 26
23 6
0 77
27 85
27 50
3 92
13 91
3 51
23 59
1 98
15 33
11 49
30 90
