100
3 22
25 78
18 80
27 47
29 64
26 79
25 27
27 27
22 10
15 50
24 67
7 22
17 91
1 26
13 20
22 83
29 45
20 7
10 24
27 27
3 73
12 44
23 48
15 77
28 97
9 7
27 8
21 64
2 4
23 90
15 12
21 28
11 12
8 69
7 74
2 42
9 72
24 61
17 77
22 38
24 25
18 54
3 100
10 14
26 47
22 87
27 32
12 90
18 97
8 99
21 26
20 13
4 15
23 49
14 38
17 44
28 88
13 79
21 79
0 94
29 7
24 97
30 65
0 81
12 47
25 99
10 41
19 70
0 91
16 87
22 9
5 95
20 1
2 26
1 42
6 73
30 49
11 46
6 60
19 8
13 5
29 84
28 80
17 98
5 24
12 76
29 32
17 37
25 87
10 6
5 82
8 85
12 95
30 97
26 74
13 70
18 66
11 78
1 14
8 86
5 27
8 19
14 38
21 16
17 32
5 45
29 49
27 91
24 22
7 40
27 47
23 60
25 8
3 77
4 74
15 26
17 100
4 76
10 18
0 21
13 63
24 39
8 74
8 81
9 55
8 29
5 91
0 8
17 83
22 99
22 75
23 8
8 4
24 33
3 47
17 76
11 93
6 63
8 5
20 17
4 1
9 63
16 96
7 25
21 67
3 98
9 42
27 75
28 51
9 10
23 46
28 47
22 45
28 37
4 62
13 11
24 78
21 35
15 14
29 54
0 64
26 5
30 48
0 71
8 62
10 96
23 71
14 20
30 96
7 87
29 99
0 62
24 48
4 26
21 65
3 6
0 10
27 73
18 68
0 71
6 37
7 82
19 47
4 55
23 13
11 77
23 78
11 54
24 6
13 32
13 87
22 39
29 53
3 32
17 36
26 13
14 34
21 37
19 92
16 75
