100
10 68
16 100
4 12
15 28
1 16
19 94
19 81
7 58
30 73
15 99
14 83
3 37
0 77
12 28
8 84
11 4
10 24
2 2
27 30
2 31
30 88
12 4
29 42
9 12
27 63
12 39
15 26
21 3
10 78
27 50
6 28
6 95
0 57
0 63
0 100
28 3
24 33
3 17
30 9
23 51
18 59
4 37
16 95
25 77
11 97
4 15
17 81
19 86
4 86
16 77
0 57
25 50
24 64
0 14
1 48
4 45
13 40
28 17
6 42
23 90
3 16
6 6
29 98
26 61
10 80
27 57
7 61
0 80
24 88
15 92
21 99
20 50
6 35
8 13
28 98
18 21
29 21
3 66
24 88
23 63
19 62
25 72
8 81
8 10
17 9
2 5
1 32
1 20
14 20
11 21
23 85
7 50
13 74
9 84
1 96
18 43
2 54
7 81
9 2
3 62
17 16
8 11
22 51
21 29
9 7
30 58
13 13
29 60
1 59
2 64
7 64
27 99
6 12
25 24
19 79
22 50
19 52
17 83
5 75
25 66
8 83
17 5
9 63
16 9
11 33
25 58
11 40
17 60
21 45
24 89
2 84
7 7
19 81
26 98
1 53
17 13
21 53
1 34
24 77
22 39
29 37
24 84
4 29
24 37
13 34
9 100
23 17
26 7
8 12
21 100
14 14
29 99
24 20
16 66
13 32
19 44
15 47
13 24
11 47
8 50
7 33
10 67
3 29
15 21
0 22
21 6
9 100
18 29
11 21
30 49
29 7
12 54
0 29
2 61
11 10
28 83
7 24
25 98
27 43
23 41
4 77
28 45
16 88
25 14
9 10
28 69
10 19
12 72
26 46
7 34
19 69
0 18
13 43
0 30
11 66
21 4
5 62
12 7
1 92
8 91
