100
20 47
2 21
17 80
28 68
17 89
13 56
3 81
5 49
13 31
10 32
6 84
3 56
19 75
1 10
1 7
25 59
9 79
11 44
24 39
27 30
1 82
22 1
8 54
5 42
4 23
0 96
18 12
4 96
28 4
27 21
25 2
21 51
27 99
30 73
24 7
14 22
29 77
2 20
23 55
3 84
5 82
10 30
3 4
26 52
13 38
26 48
14 61
27 64
8 45
20 50
4 1
24 52
23 10
22 97
12 15
19 29
17 29
14 80
25 54
19 6
5 20
19 39
21 17
16 91
11 18
12 50
15 42
29 10
12 78
28 26
26 70
15 97
13 3
6 54
7 72
10 34
29 77
4 38
24 53
5 82
22 73
28 37
23 58
22 95
25 22
30 51
11 3
26 58
10 73
5 39
28 40
23 91
17 42
29 36
8 17
15 42
28 87
4 8
27 39
27 60
23 41
18 20
25 68
16 29
14 22
13 81
17 68
16 85
7 51
5 8
30 18
26 27
25 17
19 3
29 90
22 93
13 61
9 11
12 44
10 28
14 64
20 67
10 8
0 34
30 32
13 96
3 26
3 20
23 13
22 28
11 19
1 51
22 18
17 29
20 95
7 83
17 46
19 5
27 87
7 52
4 37
5 37
10 6
17 72
14 39
1 72
4 76
25 3
4 87
2 31
8 82
0 17
9 62
20 63
0 85
4 59
21 44
9 72
29 35
14 43
1 69
15 26
15 37
23 88
28 53
16 54
7 66
17 15
21 49
6 21
3 78
10 82
20 17
9 7
27 51
1 21
13 39
15 7
6 82
29 44
21 18
22 9
14 70
12 41
25 53
15 27
10 11
8 4
29 70
27 5
11 61
12 69
14 35
15 80
9 54
30 4
20 24
6 88
16 9
21 87
