100
8 28
15 16
15 20
3 3
18 93
10 63
2 33
9 52
2 26
22 34
5 29
16 18
23 37
23 23
27 54
13 79
5 18
16 13
20 47
13 76
19 63
16 61
4 9
26 30
7 6
8 26
9 90
3 75
20 49
16 3
4 79
9 70
13 20
3 75
4 72
19 80
29 21
0 60
1 13
12 52
30 41
21 3
20 39
25 1
12 45
11 13
9 13
18 57
26 4
1 74
11 90
5 46
14 46
22 75
27 99
0 99
17 71
22 66
25 32
13 56
19 74
24 79
12 38
16 89
3 68
3 1
13 34
9 34
13 12
10 8
12 83
3 28
24 16
2 95
8 79
27 16
3 99
29 5
1 90
18 100
24 42
21 12
9 50
0 11
8 92
20 17
25 19
19 68
28 3
5 75
1 81
18 91
23 81
11 29
2 80
3 51
30 45
6 82
26 85
25 47
11 23
3 77
20 20
3 98
21 14
22 60
29 4
8 78
8 2
26 60
27 8
27 53
28 81
0 78
16 60
16 37
15 20
1 96
17 24
25 3
20 15
27 14
3 60
25 24
30 40
2 79
13 34
23 17
28 53
12 75
3 22
27 11
19 41
13 20
16 90
15 98
0 99
27 5
19 23
20 8
9 35
18 32
19 54
21 15
8 56
15 15
16 49
15 95
7 3
20 72
23 2
16 45
13 9
9 30
2 38
6 76
16 55
10 80
0 43
25 97
24 32
28 54
18 51
20 57
1 83
7 43
6 67
20 22
6 61
30 88
6 62
13 4
0 44
19 85
21 58
30 68
22 76
18 59
2 93
25 25
2 2
0 17
28 64
0 60
8 29
11 63
25 55
10 7
15 88
6 70
7 81
2 63
20 80
4 73
21 91
10 26
27 59
17 12
7 11
9 2
