100
16 8
3 38
15 73
18 45
7 16
19 17
16 28
26 29
25 20
10 21
15 89
23 72
18 76
27 47
14 22
19 15
26 27
6 5
5 60
14 43
9 93
14 13
13 27
2 21
7 31
7 50
21 37
1 52
5 44
16 80
26 92
24 43
5 6
17 50
28 7
29 36
7 8
12 74
1 83
27 15
18 19
3 92
26 52
2 57
21 3
24 25
13 86
4 8
9 27
26 19
2 15
19 40
21 61
6 62
7 32
30 7
1 95
6 28
21 20
28 77
29 1
30 21
16 73
12 59
7 74
21 41
29 60
11 59
10 24
26 30
19 4
30 8
3 35
24 15
13 31
12 35
22 23
6 40
1 18
13 20
30 84
11 93
15 82
3 75
17 27
4 11
19 60
28 46
6 57
12 52
4 5
18 90
23 16
15 95
4 56
16 70
29 20
23 54
9 34
16 97
19 66
18 38
14 33
18 71
1 48
8 89
6 91
9 53
2 84
12 49
15 66
16 18
11 48
5 5
19 28
29 96
20 2
7 9
7 38
12 43
12 46
12 79
11 9
4 27
27 79
6 75
10 76
25 87
22 4
4 84
4 29
18 36
18 28
20 84
23 58
3 52
13 77
11 42
9 31
10 76
18 39
0 64
28 42
13 91
18 52
8 99
10 90
18 11
30 7
4 7
20 56
10 5
1 30
25 55
23 87
10 17
15 55
17 41
7 49
27 37
18 48
29 17
11 26
11 27
14 33
24 5
26 76
1 54
8 10
9 30
29 61
5 27
2 2
27 84
18 47
5 98
14 12
21 76
25 53
5 49
3 80
27 49
23 71
4 92
14 61
5 45
21 12
3 6
17 36
22 58
29 53
6 12
6 77
12 28
17 51
30 42
9 38
9 19
21 40
11 89
