100
18 95
27 23
20 59
19 15
20 82
2 42
30 80
16 100
12 58
30 9
6 10
4 34
8 52
0 100
26 13
1 100
25 79
25 45
6 38
5 40
4 1
23 27
13 57
10 92
26 49
22 77
0 7
9 76
7 1
23 96
20 94
14 58
26 18
22 73
5 9
11 9
10 23
20 16
29 23
30 36
12 97
10 67
8 87
13 98
16 61
19 22
30 29
23 74
12 45
29 85
27 58
9 60
10 36
27 66
16 32
7 16
10 100
7 72
25 85
16 4
0 11
21 67
27 15
23 100
5 100
18 5
24 78
23 54
2 20
30 90
11 67
14 71
22 92
20 91
27 96
29 50
23 43
29 31
12 71
7 78
20 91
23 37
17 82
13 35
1 62
20 36
14 39
9 49
27 55
18 34
27 7
8 64
22 56
5 55
14 91
5 90
3 81
1 48
30 62
28 33
23 49
12 79
10 94
18 93
19 91
0 37
3 42
25 34
9 1
21 54
3 85
7 71
20 85
7 58
13 82
11 5
1 4
8 47
26 11
4 61
6 100
22 11
28 55
11 2
24 42
9 82
14 81
9 57
12 3
20 4
4 76
10 35
10 36
4 17
24 17
13 69
5 11
13 86
24 92
14 96
22 44
10 91
29 71
23 93
1 99
27 85
22 3
13 32
1 32
21 81
19 99
28 52
24 4
24 52
4 13
24 15
4 82
14 97
2 51
23 38
21 64
28 96
10 78
19 50
0 97
25 54
13 20
0 70
8 100
18 70
10 57
24 31
19 31
5 61
17 16
27 6
19 57
9 70
20 46
3 36
1 10
30 16
9 65
19 53
29 39
2 39
9 70
19 79
25 81
11 51
24 36
19 63
22 70
8 9
7 53
6 72
16 69
13 31
7 13
0 49
