100
23 80
24 13
7 97
16 100
1 62
6 10
23 97
10 74
17 97
21 57
20 66
3 64
12 67
7 34
1 70
15 40
26 1
14 75
18 22
20 12
5 16
0 5
10 76
6 47
12 53
7 48
5 66
28 32
30 59
18 38
4 29
5 71
16 75
1 57
0 30
13 28
11 43
5 16
15 82
29 18
30 9
20 93
14 17
17 56
18 43
7 56
5 65
30 36
20 26
18 60
6 87
5 91
8 6
13 10
12 51
14 45
28 92
25 41
2 77
25 57
9 48
3 31
19 50
24 6
14 32
27 91
28 35
21 54
14 15
0 19
29 58
25 14
30 100
12 10
2 6
0 72
23 34
24 97
11 5
14 6
5 41
11 100
8 61
9 96
29 59
15 62
4 96
24 42
18 13
2 40
23 87
15 53
9 34
29 74
28 98
14 55
30 6
26 20
14 78
2 80
13 91
5 57
3 39
23 66
26 3
18 10
12 69
7 40
23 74
10 33
27 30
12 96
13 54
25 73
3 16
16 99
23 56
1 90
9 34
6 18
29 94
15 29
24 16
18 58
23 79
15 45
9 32
15 10
0 98
24 27
4 61
9 8
9 73
14 47
13 26
22 49
9 37
7 70
8 16
2 30
30 39
1 24
17 38
1 59
3 61
21 56
13 69
4 67
24 51
17 71
0 27
22 13
8 26
24 36
3 100
12 87
19 11
6 55
28 8
20 65
7 4
14 81
23 60
21 92
5 63
25 78
1 1
16 93
22 65
15 11
7 88
16 59
25 74
9 72
9 40
23 15
10 62
16 22
27 39
17 17
20 41
24 63
9 35
26 7
1 93
11 8
2 19
17 24
18 4
14 39
24 34
0 41
22 65
0 55
30 47
1 63
24 93
15 64
3 86
9 12
