100
25 42
30 48
30 21
22 86
9 4
18 82
28 47
14 100
26 2
16 71
6 14
13 80
28 69
10 81
19 61
16 8
8 96
22 46
5 31
10 3
24 48
22 58
25 12
23 98
18 5
9 99
11 3
3 83
17 81
8 56
17 93
18 98
30 44
19 1
8 12
23 81
5 65
2 6
9 8
12 14
8 23
14 84
22 78
11 73
18 35
0 56
17 23
9 87
30 24
9 10
19 70
27 4
2 36
15 11
11 59
16 26
12 74
27 60
6 88
15 57
9 89
2 88
17 60
0 87
20 32
3 8
2 14
21 48
14 68
7 67
26 28
8 14
2 39
1 26
29 36
6 27
25 16
17 16
20 27
2 49
7 27
20 1
21 18
22 10
2 71
15 82
30 5
27 38
20 96
27 83
16 6
8 26
1 2
24 38
22 28
8 76
30 50
14 9
22 33
24 8
17 90
7 99
7 25
6 57
29 78
13 8
3 29
2 57
4 8
20 96
13 60
16 66
17 20
29 11
19 97
25 88
5 21
25 62
7 18
11 73
18 94
11 64
9 25
26 18
26 12
17 7
22 35
1 64
20 87
10 17
1 87
14 88
5 15
22 15
17 70
21 70
20 60
24 34
8 36
1 41
18 32
3 26
8 41
1 29
18 75
24 56
17 7
23 22
27 43
18 7
11 64
16 92
11 65
4 19
19 88
5 89
7 88
5 22
12 39
11 85
6 59
23 43
10 45
30 34
2 9
10 81
9 7
18 12
17 91
30 27
27 52
8 78
4 44
16 59
14 45
25 10
5 35
19 97
8 6
23 43
1 22
25 19
11 66
1 42
0 61
27 57
28 43
29 53
3 99
16 66
20 29
5 57
15 11
29 88
20 10
19 23
26 64
13 67
28 54
10 45
