100
5 34
30 92
0 47
23 64
13 70
18 58
5 3
4 23
17 76
1 53
22 28
26 39
9 13
30 89
26 47
15 3
20 40
2 49
27 2
4 51
9 2
24 24
30 38
17 26
24 82
25 8
25 60
1 8
25 98
28 84
7 31
4 69
7 64
24 92
3 72
4 54
13 91
27 82
15 23
5 76
25 7
24 43
8 72
20 71
27 75
11 69
19 84
29 52
7 7
10 51
28 73
2 69
11 99
7 73
13 97
8 58
15 96
16 35
22 45
10 29
10 29
24 25
25 84
25 4
30 65
8 29
22 64
3 21
27 23
25 11
20 41
20 36
30 87
2 40
24 59
18 6
29 100
18 77
24 33
25 25
18 38
30 88
22 68
25 82
7 27
28 64
18 22
24 37
7 65
18 31
9 82
13 9
3 23
18 96
21 62
5 1
24 45
6 48
15 51
0 24
19 26
20 78
28 69
2 66
11 77
5 48
1 42
6 41
21 34
12 91
17 72
12 45
22 18
20 67
9 30
13 45
21 28
15 24
3 90
8 1
7 15
14 45
1 31
15 42
14 17
24 2
0 25
5 23
18 54
17 12
9 50
26 29
9 91
11 66
22 19
2 61
29 25
13 6
28 22
10 63
22 45
27 52
24 61
15 44
18 10
19 16
11 70
21 37
5 36
7 70
16 50
19 16
25 21
28 81
30 27
22 20
0 14
16 80
13 88
7 23
3 92
26 70
15 67
30 80
28 53
28 34
4 32
7 54
1 63
26 56
11 19
27 41
28 34
23 43
18 96
8 69
8 36
22 39
21 43
7 92
29 79
27 17
27 14
6 67
9 49
17 69
14 79
9 35
28 83
5 3
21 7
8 69
3 82
12 83
22 79
20 39
11 99
30 92
24 66
8 83
