100
12 58
8 53
19 7
5 30
18 49
14 42
18 59
2 69
12 50
4 4
16 18
6 82
21 77
16 83
6 37
5 11
9 66
18 38
13 38
25 15
9 41
6 77
23 34
3 55
17 1
7 28
27 33
16 33
25 45
9 45
9 22
18 90
8 21
26 10
6 68
29 9
6 29
10 82
15 54
0 28
10 39
11 28
30 32
3 47
3 87
17 35
13 85
8 58
3 9
19 95
12 39
23 36
9 51
23 77
8 72
19 1
2 71
24 34
6 79
8 11
7 12
17 66
30 77
5 15
24 85
10 66
18 59
4 10
10 17
21 59
21 7
22 82
6 53
15 11
10 86
12 72
26 99
2 98
1 55
16 3
3 3
7 56
5 54
26 82
11 47
30 93
28 63
16 24
29 40
30 14
7 25
1 39
3 99
11 81
5 6
19 96
1 27
4 71
6 16
7 35
11 17
9 94
10 14
29 48
9 65
0 41
29 35
19 48
6 86
13 94
28 89
26 9
24 36
25 17
6 55
22 86
17 78
26 77
24 9
17 32
8 41
0 60
20 11
22 90
8 11
9 49
18 99
22 38
14 83
3 24
4 42
20 49
11 96
3 53
19 82
18 69
0 32
30 58
19 26
16 33
10 63
8 91
13 47
20 34
21 56
17 15
10 99
27 17
23 94
7 95
27 28
2 8
23 14
1 33
25 15
25 21
27 13
19 21
7 11
1 36
11 50
12 16
29 44
18 68
23 5
18 7
0 89
10 75
7 11
8 32
14 47
7 11
25 92
13 89
27 48
13 84
6 17
18 47
15 38
17 79
7 61
26 48
6 47
8 82
3 20
30 2
28 72
6 13
3 87
20 25
1 1
1 97
4 65
30 85
6 5
27 92
29 93
5 19
18 94
0 40
