100
14 99
17 46
26 52
26 31
5 7
15 34
7 3
22 54
24 66
0 51
2 49
1 76
29 76
20 45
16 31
17 56
3 11
4 68
22 22
2 32
11 15
2 1
14 54
4 68
3 44
15 50
30 98
8 21
1 77
25 98
12 81
9 70
24 78
5 88
20 73
30 87
21 98
23 14
21 7
7 64
16 100
11 59
13 28
4 87
2 69
5 22
6 26
13 51
19 76
0 87
20 38
15 26
0 59
13 14
21 25
4 98
21 4
1 3
16 33
26 48
17 10
10 23
1 6
27 92
24 51
18 44
8 35
16 23
17 73
17 71
29 72
17 96
2 64
19 47
6 77
14 2
15 86
20 35
9 95
3 27
23 68
30 49
7 15
12 19
27 1
14 49
3 1
25 79
0 83
6 14
25 43
10 35
13 73
15 23
10 39
1 100
15 99
14 12
9 65
8 56
29 6
0 7
25 3
10 4
24 42
1 8
17 29
2 97
12 29
11 93
14 14
10 14
26 24
19 96
11 88
6 16
25 38
0 62
19 69
16 22
5 29
4 79
24 50
1 66
18 79
11 69
12 25
18 26
21 97
7 11
2 86
7 29
3 4
15 29
22 3
5 30
30 93
29 24
2 15
6 39
4 3
26 26
1 21
6 66
22 51
4 53
22 12
18 94
10 14
1 17
5 65
29 37
12 56
2 17
5 57
19 9
28 62
28 89
23 38
27 61
23 98
8 73
7 23
4 30
23 64
11 15
29 26
1 43
6 21
16 2
8 73
12 85
29 63
27 13
10 40
19 72
16 56
22 72
26 100
27 67
14 24
27 67
14 82
20 91
19 89
26 41
5 82
10 79
27 95
17 31
8 30
13 27
10 71
22 50
19 18
20 59
7 22
4 82
23 45
7 47
