100
21 25
20 89
26 57
12 89
30 42
22 55
24 2
13 22
21 19
23 15
12 97
16 2
7 37
6 13
8 91
1 90
16 54
29 68
20 82
0 79
29 60
23 16
1 14
6 33
11 58
1 55
19 40
2 30
15 29
29 47
16 69
11 65
30 45
27 33
3 35
13 5
6 36
18 95
8 79
21 15
25 80
11 20
3 52
5 22
23 35
20 76
16 18
5 41
13 69
21 53
29 16
4 74
18 61
17 21
4 25
10 79
13 14
1 88
14 90
1 9
9 82
26 7
27 75
22 55
2 61
30 55
22 1
22 26
18 23
17 61
3 9
1 8
13 57
22 51
11 8
24 92
5 68
3 99
8 34
27 32
25 32
15 5
29 67
11 56
21 56
19 84
6 47
14 24
9 97
25 79
1 22
22 95
19 91
28 15
26 16
2 61
16 30
23 70
22 77
4 20
13 28
0 57
14 84
5 67
19 29
15 50
15 76
12 60
29 93
11 18
14 48
9 63
18 93
30 11
26 7
27 95
5 73
19 89
7 58
12 46
19 16
0 72
8 71
24 12
0 5
9 79
10 54
1 13
18 97
7 71
17 64
5 20
18 71
20 19
3 98
5 65
4 4
20 86
27 30
26 98
16 57
18 28
3 54
18 43
9 49
12 63
22 84
27 90
5 54
6 82
27 27
17 1
20 36
4 89
25 60
17 91
17 100
0 19
22 85
4 94
4 97
8 53
9 38
1 56
25 100
0 92
19 24
10 7
10 98
11 74
17 11
30 15
15 40
10 14
5 73
8 59
30 77
6 57
16 65
29 54
20 9
23 39
30 71
8 100
25 63
19 32
18 92
12 21
8 46
28 98
8 1
8 99
29 45
4 100
0 54
25 20
16 95
12 63
20 79
26 19
