100
19 43
18 39
10 86
26 1
5 84
26 29
3 79
20 80
7 58
12 72
26 6
22 65
26 24
2 40
24 96
30 33
19 41
11 54
28 37
6 53
19 90
14 39
8 22
10 61
14 69
17 85
0 37
3 6
26 95
5 22
28 31
7 98
23 12
27 67
2 72
25 54
15 60
5 12
24 72
3 81
15 40
9 78
8 14
16 3
14 51
24 71
24 3
7 67
8 73
21 74
29 33
6 60
6 86
24 96
14 15
1 4
21 31
9 94
18 64
3 44
27 14
10 58
13 98
26 95
6 79
20 58
24 39
1 19
22 89
20 21
0 20
21 100
9 52
5 36
15 9
26 38
16 30
29 10
10 80
24 18
5 78
25 50
22 30
25 30
1 68
6 53
2 70
2 10
29 58
30 34
28 5
25 58
11 16
18 31
21 81
14 18
5 8
18 32
30 87
19 48
10 5
23 63
27 71
23 6
29 16
23 38
30 76
0 62
6 25
10 71
24 35
5 25
26 55
17 18
29 98
6 61
13 72
14 74
13 15
25 78
16 23
1 53
8 70
29 75
15 87
2 39
5 79
13 97
14 93
9 4
24 8
4 55
10 37
6 91
7 96
15 94
16 29
19 32
15 35
21 20
20 42
22 22
3 82
8 71
6 32
0 4
8 94
27 71
15 73
22 50
12 96
14 64
18 79
13 74
0 8
15 7
24 33
9 23
7 36
21 51
23 13
1 99
6 33
19 13
25 78
14 77
17 28
23 7
29 33
25 56
19 85
27 43
18 23
4 98
14 90
19 15
2 37
18 23
24 64
11 13
16 38
21 78
2 85
8 20
24 69
3 45
30 16
27 73
7 69
7 48
5 59
9 81
25 46
13 40
21 43
18 7
12 45
17 79
7 64
0 56
