100
19 1
24 14
26 3
7 28
3 59
18 3
11 87
30 27
2 60
11 74
11 36
6 12
27 1
26 81
9 82
16 54
4 96
11 32
5 54
29 68
24 50
30 92
2 69
4 26
27 47
17 33
10 70
13 36
16 77
3 93
14 20
20 76
27 66
22 30
29 55
1 1
22 29
7 42
18 15
12 2
0 74
30 67
9 22
7 81
18 17
2 72
30 95
12 53
4 15
25 19
9 78
23 21
16 20
16 35
23 57
1 97
21 95
2 58
11 90
0 3
13 63
23 18
13 77
6 23
26 35
5 54
6 96
14 21
17 97
14 61
16 43
10 51
28 66
28 23
26 23
10 40
28 71
27 22
10 11
6 86
7 63
17 52
12 20
15 66
27 90
9 97
26 61
20 26
21 84
9 96
18 68
2 2
7 97
11 30
25 1
7 58
1 22
10 89
10 34
21 93
14 21
24 2
2 5
6 46
13 5
7 39
8 18
11 69
7 57
19 17
26 94
6 8
12 9
23 68
1 29
12 64
2 42
3 63
29 33
25 100
23 82
25 74
23 17
15 19
1 3
24 47
7 11
12 13
4 44
20 91
7 12
28 23
5 8
15 9
16 8
24 98
22 5
9 97
30 19
24 47
24 92
25 83
12 33
24 22
23 58
22 21
18 41
10 20
1 78
10 24
20 21
16 58
18 64
22 18
17 6
21 35
26 20
22 99
29 74
30 77
30 69
28 17
28 23
1 75
19 93
4 36
30 46
27 87
19 72
21 88
15 97
18 60
28 98
6 85
30 55
16 58
24 1
14 86
30 33
29 42
11 61
6 77
26 16
16 70
0 20
18 93
29 3
23 93
11 55
27 77
6 32
24 95
17 24
13 15
26 24
28 53
9 2
24 36
28 51
26 56
