100
21 12
16 18
18 73
0 77
22 8
24 94
12 51
5 63
0 12
13 53
10 92
28 24
24 18
7 72
8 25
9 89
2 40
30 19
20 84
9 39
10 82
3 49
18 35
4 24
24 85
5 66
25 3
7 41
4 45
6 49
8 68
18 95
19 50
28 89
23 21
6 73
5 74
25 44
13 97
9 11
23 1
25 89
29 27
17 91
9 97
2 54
8 68
30 7
0 78
8 1
16 59
28 18
8 91
1 11
23 51
11 3
22 92
24 30
25 81
20 81
16 15
1 62
26 89
4 94
19 48
16 87
3 66
7 61
20 17
14 1
27 32
4 24
27 5
28 17
17 53
0 42
9 82
4 53
7 57
14 97
15 33
20 47
15 23
25 36
27 18
23 25
11 31
24 40
18 56
14 18
16 28
7 82
5 98
14 73
1 49
14 13
5 99
0 49
28 77
13 98
26 48
15 35
23 37
13 46
11 64
19 52
9 70
1 58
30 82
21 54
20 83
1 60
17 20
4 51
29 95
7 46
21 75
7 63
8 2
24 69
7 3
10 29
8 63
7 69
13 15
27 25
17 91
26 35
22 90
11 20
29 4
3 81
28 36
26 42
3 12
3 31
9 30
12 10
6 13
13 98
23 27
8 31
16 44
25 98
28 22
23 83
25 1
0 67
3 90
28 83
27 87
15 46
15 38
24 39
3 22
23 34
8 16
16 41
16 44
18 7
22 22
24 44
14 10
15 85
15 60
19 86
21 20
2 28
5 11
29 83
14 79
3 2
0 15
14 80
25 66
29 1
19 96
22 18
24 70
21 75
18 99
23 71
8 77
18 56
28 15
25 22
15 62
8 28
14 52
13 90
1 10
11 69
27 40
9 96
8 44
2 59
9 14
28 33
13 79
19 68
