100
11 22
22 36
16 11
6 97
24 53
23 26
30 91
30 82
27 27
13 18
24 56
9 15
21 98
23 47
8 100
25 21
24 57
10 94
20 3
20 53
8 70
6 66
16 82
2 8
1 4
19 31
13 89
8 65
8 47
28 66
24 46
24 47
21 57
28 85
23 95
8 2
28 3
5 92
22 7
10 32
9 79
24 74
5 78
29 56
8 59
14 40
14 14
25 62
30 28
7 11
2 1
8 64
30 47
9 50
3 85
14 70
10 47
26 83
28 63
7 62
26 6
3 26
19 28
13 27
6 80
17 61
6 99
7 98
16 26
20 21
29 67
2 27
13 21
28 37
11 94
24 55
5 63
13 23
10 31
18 67
27 60
9 26
28 25
26 84
1 89
0 83
21 26
17 10
4 45
15 52
22 56
17 42
20 26
17 17
28 86
13 73
24 12
23 44
30 65
9 12
14 61
7 7
19 90
12 48
1 70
30 38
9 55
2 60
15 45
10 90
5 44
26 28
30 84
7 95
19 10
23 82
1 68
21 97
20 82
15 10
13 11
29 73
12 86
1 21
13 40
14 2
5 25
10 47
16 14
24 88
11 47
30 10
3 31
4 94
25 90
14 19
19 93
25 58
1 53
14 47
18 60
15 19
12 6
29 2
11 21
25 24
30 70
10 26
9 85
19 52
5 42
2 6
26 16
22 9
26 39
25 48
22 7
14 24
10 23
15 30
15 88
17 4
6 82
6 63
28 91
9 94
12 97
11 50
7 40
17 98
21 80
12 62
2 80
21 40
8 45
26 7
1 55
23 95
1 19
11 78
5 9
15 74
5 59
27 81
20 64
5 84
10 30
18 98
29 75
28 69
4 38
17 86
27 80
25 83
0 26
30 47
19 32
17 43
20 3
22 84
