819200
7 81
6 49
18 92
6 62
20 94
27 30
3 73
1 73
29 79
11 67
9 55
13 87
2 15
6 88
7 88
5 91
30 10
1 42
28 52
11 88
18 80
0 46
11 61
27 75
2 11
15 2
25 92
27 44
4 32
30 9
25 22
20 75
1 78
8 28
23 31
19 49
13 77
11 29
14 36
23 4
2 43
11 9
25 25
13 8
5 73
7 59
29 91
2 98
7 28
26 19
28 24
0 47
9 95
2 19
28 21
3 30
22 31
22 56
9 33
25 19
27 78
8 82
5 20
7 93
18 38
15 75
12 2
8 19
30 65
14 72
26 66
16 68
13 90
27 70
1 1
10 22
18 80
7 10
6 12
21 20
2 80
24 57
25 26
29 89
10 83
0 21
19 96
0 1
8 30
28 75
22 39
25 45
22 100
10 94
11 44
2 43
27 29
12 40
14 43
23 44
16 90
26 10
21 73
25 82
9 69
7 74
24 41
8 33
12 45
1 22
10 68
8 5
16 33
6 84
0 77
8 14
28 1
4 41
5 37
14 84
13 69
25 9
1 46
5 70
0 59
11 46
7 32
7 25
0 11
22 82
27 81
13 52
11 34
17 57
25 87
6 8
20 43
6 6
2 69
7 16
18 44
0 27
19 40
15 4
27 49
30 17
29 43
5 15
11 26
2 34
20 11
9 86
22 83
29 41
17 53
16 31
17 49
22 36
17 83
25 69
26 64
29 5
26 77
15 32
22 98
13 3
12 40
12 40
0 53
21 62
27 85
25 62
15 97
28 71
16 76
4 84
25 10
30 84
28 29
6 69
17 92
30 76
25 33
14 19
13 66
17 13
14 23
3 33
26 4
8 84
21 75
21 79
15 66
15 33
10 30
23 64
17 95
3 38
19 95
12 90
25 43
24 7
9 51
6 72
26 43
28 33
1 85
9 61
19 15
27 24
21 22
28 6
2 98
25 66
24 16
15 41
7 24
7 99
23 86
3 52
11 99
14 84
26 35
22 74
14 9
6 8
19 24
15 19
2 76
28 41
5 11
3 43
29 2
22 49
28 70
21 20
17 82
8 14
15 22
22 68
11 4
8 25
23 41
4 95
17 69
7 75
7 68
20 97
6 68
15 90
9 53
18 13
24 83
14 87
27 98
15 3
14 7
19 41
23 90
23 98
30 73
7 58
3 74
9 23
6 86
15 36
30 32
7 67
4 14
23 36
25 49
2 66
27 15
27 60
11 93
25 84
22 35
2 84
26 77
25 18
23 96
27 66
22 56
0 43
8 27
1 9
0 1
20 45
3 59
25 95
1 20
0 14
0 84
14 79
25 32
28 60
16 42
14 52
13 97
0 42
23 21
2 8
0 56
25 47
23 98
8 46
29 2
14 27
26 36
7 23
12 33
9 78
4 20
4 64
12 59
24 70
28 63
3 73
16 37
5 76
6 76
4 81
18 62
9 5
21 18
6 53
9 15
13 38
22 31
4 41
11 83
8 32
28 17
18 90
26 62
4 1
1 13
9 11
7 16
6 28
29 50
9 48
30 99
25 3
9 27
21 68
12 94
21 90
6 24
29 20
2 5
25 23
17 44
9 65
27 53
12 33
4 15
16 7
22 2
20 55
28 50
19 63
27 89
27 86
3 31
18 91
5 25
1 15
17 90
16 70
3 57
0 19
30 59
6 6
19 21
25 61
22 14
26 80
10 6
13 31
8 83
10 9
14 46
27 66
27 27
4 87
16 20
13 46
3 52
22 64
14 40
13 33
19 58
28 86
25 21
22 7
0 100
27 9
28 15
19 24
