819200
29 67
12 93
12 81
18 27
26 16
9 87
16 55
25 77
20 35
9 33
2 27
22 26
21 59
9 26
12 13
14 73
10 99
29 56
17 57
25 87
28 61
0 8
17 60
7 62
11 59
13 63
29 60
16 22
30 79
29 30
23 60
25 77
12 79
25 82
1 85
9 50
2 75
9 52
6 29
7 12
12 61
19 84
13 18
26 69
18 80
10 25
18 9
7 80
9 21
7 95
18 74
29 90
16 74
28 2
7 77
22 26
25 92
21 57
22 35
12 74
21 83
17 86
16 82
11 54
8 31
12 46
18 40
30 73
21 63
4 99
9 67
27 50
6 80
3 15
20 79
6 34
19 81
28 24
18 12
1 70
20 50
21 70
4 43
16 92
8 38
4 18
19 18
11 98
15 100
24 86
25 35
13 55
0 71
7 38
9 86
4 6
10 53
22 60
30 56
4 15
14 18
1 100
6 55
15 19
22 96
25 32
15 50
0 68
28 34
12 60
23 23
17 91
10 64
6 23
4 64
13 77
2 71
3 53
19 16
1 99
15 57
4 94
27 20
5 4
4 92
10 57
8 53
1 60
16 96
20 4
3 93
18 40
2 41
8 14
7 45
23 83
19 83
16 63
13 1
9 12
27 77
8 10
26 71
18 28
11 65
15 100
28 41
4 42
7 100
16 67
12 47
4 81
0 81
25 19
17 19
23 84
9 98
28 82
8 80
7 47
5 33
24 80
6 34
24 86
2 47
1 4
13 95
9 4
4 10
25 86
13 17
20 16
4 24
18 19
29 77
23 64
29 98
24 19
18 18
28 5
21 11
7 18
8 55
1 34
11 78
11 94
19 18
1 40
0 37
25 14
1 89
0 37
12 78
21 10
9 40
14 14
6 69
10 13
5 5
1 18
27 62
9 2
14 54
30 28
19 16
17 72
19 28
3 11
25 4
20 18
6 42
27 90
25 31
21 66
15 86
3 6
27 27
17 93
25 65
6 99
22 79
18 3
9 8
0 83
17 33
13 54
13 51
12 64
27 13
8 91
4 67
9 41
25 86
5 49
2 64
13 27
19 41
0 16
5 5
14 16
11 49
11 65
24 28
24 25
17 89
7 44
17 30
27 100
0 48
13 22
12 97
11 100
8 6
29 95
0 99
22 40
17 57
17 69
5 57
12 93
19 87
4 44
18 33
16 10
13 86
26 26
27 29
26 30
20 79
20 88
11 29
1 11
30 4
3 61
23 7
14 62
11 20
27 20
12 79
5 96
14 68
8 44
15 61
22 79
17 94
28 55
5 28
22 41
22 15
9 96
13 70
26 86
25 58
29 22
7 90
3 99
23 72
1 9
6 55
6 72
6 80
11 22
16 65
14 76
6 90
29 13
11 16
15 98
14 44
25 79
30 73
1 63
20 82
27 51
29 55
25 3
5 21
22 27
5 21
16 45
27 85
20 13
30 33
29 21
29 94
19 87
28 53
27 75
23 78
27 89
17 99
23 65
30 33
29 9
17 67
20 67
5 40
9 61
22 20
15 36
19 31
30 87
17 49
16 32
2 72
9 78
3 26
27 63
22 60
16 58
0 86
13 72
14 57
26 88
15 68
24 98
9 76
10 5
0 62
12 21
27 52
6 5
24 65
12 32
1 1
11 33
21 31
13 61
19 39
28 38
10 30
25 61
7 67
22 47
13 39
21 33
19 20
10 67
22 80
23 36
9 56
21 73
13 33
27 97
3 95
30 83
20 31
25 32
14 5
19 2
17 41
22 99
3 18
7 8
23 2
23 3
24 60
13 57
0 73
5 17
