819200
12 19
20 9
24 32
7 66
25 2
23 25
22 64
27 83
9 73
4 31
12 87
18 72
30 64
2 56
10 97
20 81
10 1
9 57
21 31
24 49
22 2
10 95
20 82
29 1
25 87
19 49
20 11
4 31
7 56
5 57
24 29
5 31
12 30
4 29
24 87
30 27
16 46
20 7
29 48
2 90
1 88
25 76
27 1
1 75
24 60
16 27
15 56
24 19
12 83
0 47
16 100
1 85
21 81
1 37
30 34
26 61
16 23
28 10
13 83
23 56
27 42
19 38
11 91
5 86
22 43
10 48
1 79
16 3
19 22
30 14
4 51
12 8
7 38
4 50
21 94
7 31
16 32
18 87
4 87
7 52
17 4
8 77
0 86
20 25
26 60
13 80
30 65
14 92
26 87
24 75
2 5
11 19
20 1
30 48
0 37
30 15
11 41
13 70
6 6
25 3
27 27
7 37
23 2
10 4
24 71
22 42
13 57
21 4
0 72
7 98
2 6
18 90
26 99
3 81
11 86
23 98
13 88
3 6
15 5
25 10
28 75
10 23
17 92
21 6
29 15
17 28
21 64
18 32
17 51
16 1
9 54
9 93
22 27
2 97
4 38
24 61
25 28
26 79
28 20
19 54
19 16
20 35
2 45
16 38
9 63
5 63
14 63
0 93
27 86
28 21
7 10
6 27
11 41
8 99
1 59
23 83
17 45
16 38
27 9
17 42
24 22
17 30
20 83
11 30
13 83
30 73
11 84
21 63
1 41
25 67
18 29
9 71
12 61
22 13
10 85
28 25
9 31
23 52
5 33
22 65
20 70
19 39
2 51
18 41
11 49
0 78
15 30
14 42
26 84
27 66
17 52
1 11
13 97
8 41
12 35
2 9
25 54
7 33
2 48
11 53
20 28
27 35
13 81
10 59
3 13
6 78
15 88
30 80
16 97
11 75
21 98
28 13
30 78
13 36
9 38
9 28
5 42
10 14
12 28
30 25
15 55
3 6
3 68
15 43
14 88
12 46
6 22
11 58
27 35
2 88
26 51
19 88
25 82
27 27
18 76
28 81
24 46
1 78
18 32
29 9
26 52
16 25
28 34
3 40
4 9
12 25
21 12
3 58
27 71
1 54
28 9
9 16
13 74
10 41
19 84
27 25
17 80
26 66
10 62
29 89
4 61
15 59
11 42
18 21
4 5
24 43
3 52
2 20
29 97
4 75
2 17
7 59
13 31
24 100
22 97
29 73
9 27
10 68
22 84
20 30
30 61
18 98
2 64
5 58
21 94
29 29
25 69
21 69
4 24
12 41
28 15
19 94
21 50
8 8
6 25
26 89
20 84
10 55
3 30
0 7
20 96
20 87
28 93
19 54
9 32
14 100
14 60
25 54
6 69
21 85
4 31
10 20
23 18
0 99
28 49
1 10
10 31
18 56
8 50
24 1
0 16
4 35
10 65
9 89
24 93
14 47
7 31
18 77
5 65
0 61
15 28
23 45
13 81
0 57
7 62
21 65
5 11
15 20
28 23
25 78
12 19
17 6
27 34
27 27
23 29
11 20
30 51
19 30
8 84
5 65
23 23
28 27
9 51
28 72
29 23
7 13
21 11
0 35
20 98
0 32
26 61
18 43
10 58
25 7
23 46
18 56
6 17
6 34
25 47
6 7
17 89
16 8
21 79
8 54
5 69
0 2
10 81
3 50
26 74
7 31
1 87
19 62
1 48
4 68
1 4
2 73
18 75
2 8
15 58
18 24
30 46
24 24
15 42
8 20
5 54
18 97
17 95
24 94
21 23
20 68
