819200
28 45
7 20
26 70
0 12
3 90
24 64
2 14
29 31
16 58
27 50
30 77
6 81
17 49
19 24
19 96
14 62
15 8
24 69
4 100
2 25
9 61
13 30
12 91
25 31
9 73
11 71
14 75
29 32
20 57
17 37
2 55
26 42
21 96
9 35
10 45
29 95
18 100
19 75
7 91
2 72
28 57
2 47
0 16
8 24
12 33
9 64
21 66
5 6
16 80
6 16
10 83
3 97
26 13
18 64
8 65
24 92
14 58
4 26
21 97
8 60
0 70
19 97
25 22
1 97
11 78
23 64
0 48
11 97
0 18
7 81
0 46
29 75
25 12
5 42
6 58
10 71
29 24
13 32
20 98
6 53
5 74
9 43
20 44
9 39
28 39
15 25
21 8
16 81
14 54
30 55
22 21
28 22
3 53
7 21
2 60
7 50
7 27
28 41
17 35
21 73
21 26
16 5
13 41
5 41
2 72
10 22
11 36
29 96
8 16
15 92
28 24
1 25
17 100
28 92
23 17
2 67
21 99
14 25
8 63
13 8
18 48
25 17
27 38
4 12
21 65
17 68
21 86
14 46
3 25
1 54
12 34
2 35
7 67
5 86
27 72
1 70
14 39
0 55
11 28
16 58
20 26
23 93
3 70
16 19
18 14
9 68
15 34
4 83
23 71
19 5
30 63
7 72
29 66
26 39
29 31
20 77
20 5
18 47
21 29
4 91
25 41
19 97
7 82
13 44
23 6
2 65
24 53
15 2
21 13
28 45
5 73
13 84
29 10
2 87
29 32
0 71
25 92
11 76
26 42
22 56
6 47
18 92
26 49
7 94
18 13
6 98
18 61
3 45
1 90
21 11
12 30
27 2
30 82
5 55
11 56
30 95
7 11
10 9
18 99
10 52
17 6
29 27
4 59
25 21
4 92
3 12
6 9
20 19
15 81
12 35
10 63
14 17
23 97
19 56
15 88
13 63
14 21
3 8
16 22
15 27
22 21
22 27
9 87
12 35
21 43
9 56
23 19
20 40
26 35
1 12
30 38
20 27
14 30
5 45
26 96
21 80
5 22
10 66
24 8
20 70
22 47
24 73
22 63
15 59
16 58
17 62
24 80
1 95
8 24
29 77
22 23
17 19
28 39
14 80
10 25
13 5
18 19
1 57
15 69
24 60
2 67
24 17
18 98
23 28
16 75
21 16
4 71
28 66
15 97
2 15
5 58
6 70
26 53
12 36
29 64
16 13
7 57
10 87
24 13
10 94
2 44
29 71
12 73
28 94
30 9
5 30
7 67
26 81
25 82
26 76
11 98
15 25
15 29
17 84
7 86
27 54
10 25
4 58
23 59
5 44
18 9
4 75
9 2
2 96
12 66
8 12
4 3
26 14
17 1
29 73
30 59
8 72
16 76
11 23
21 71
12 13
21 47
28 26
14 12
28 40
17 13
19 72
17 45
29 68
8 71
1 25
19 32
22 84
0 84
1 29
26 54
20 90
9 57
20 59
29 79
27 60
13 39
0 30
27 64
25 20
27 61
23 47
26 86
25 10
6 85
3 72
21 44
0 73
30 20
28 2
5 77
28 54
29 21
2 13
17 99
6 99
9 2
25 93
15 57
3 71
7 20
15 30
10 28
3 40
0 26
24 46
5 79
4 28
3 18
10 16
7 89
11 47
27 20
21 43
27 89
10 97
1 39
30 28
11 71
17 83
7 5
1 81
26 12
5 28
12 34
27 85
10 26
20 2
4 23
28 97
28 5
30 84
12 89
11 37
15 55
19 57
14 7
27 38
19 10
15 16
