819200
1 11
24 3
30 7
20 25
24 30
2 91
12 93
16 90
7 46
12 1
27 50
16 38
14 35
25 54
7 8
24 54
14 20
25 100
27 35
24 21
22 78
8 71
7 29
13 81
3 15
14 97
20 22
17 37
28 85
6 60
30 46
10 12
29 95
19 67
12 38
10 45
26 50
3 87
4 53
29 38
13 51
1 97
24 20
18 11
16 23
16 49
9 29
21 98
30 72
26 18
2 93
26 61
17 63
27 7
9 29
21 21
7 91
5 38
10 26
17 72
1 72
30 79
16 43
6 38
2 60
27 93
30 53
28 56
14 18
6 34
28 33
30 24
4 11
5 88
13 9
29 15
14 32
10 2
21 44
4 15
12 47
8 49
2 5
25 52
17 54
13 57
4 93
11 37
29 13
18 84
30 78
21 30
23 88
9 30
17 21
1 44
15 16
18 46
16 32
21 53
29 7
25 14
5 34
21 38
15 7
16 68
7 75
6 30
27 13
24 66
6 66
10 81
26 39
8 79
18 95
11 97
0 21
22 28
26 80
8 55
17 36
23 38
2 10
3 1
17 50
8 95
26 21
15 47
16 16
26 11
19 75
28 28
23 79
7 77
16 31
4 64
26 71
1 32
25 36
6 2
26 40
25 74
8 75
10 95
7 56
6 15
29 27
2 77
21 76
29 83
1 63
2 59
26 65
17 34
13 92
11 74
1 7
0 45
26 93
8 17
28 31
15 69
13 75
25 67
23 6
5 37
3 90
5 77
22 33
30 82
7 67
16 24
21 8
1 67
15 30
13 9
4 79
3 3
25 71
13 71
18 35
12 20
5 26
27 57
10 37
4 57
16 2
24 57
13 49
7 47
24 35
10 5
21 53
13 94
25 25
28 23
19 20
2 17
18 37
3 46
24 18
10 67
11 91
8 62
18 60
23 36
11 41
3 53
15 68
2 65
11 2
20 12
27 74
6 36
17 7
22 82
5 92
13 27
28 81
27 92
18 42
22 33
26 34
23 65
3 22
10 61
3 76
30 64
5 99
29 45
5 57
20 57
20 43
5 44
29 53
20 11
1 66
27 57
13 85
5 81
16 10
14 93
16 6
20 64
22 98
11 35
7 62
29 76
22 10
6 51
5 6
23 64
26 3
24 23
28 66
3 40
15 88
29 22
1 54
0 37
18 39
2 4
27 46
16 31
21 85
6 81
30 64
25 56
20 74
21 66
21 84
28 52
4 19
6 16
12 27
25 28
2 44
17 34
29 30
27 40
5 68
0 66
23 94
19 10
4 34
7 60
17 79
12 28
6 60
19 75
3 69
18 25
25 75
20 17
0 76
15 72
24 91
9 2
29 47
16 17
27 27
22 43
8 66
21 22
23 29
30 2
20 51
11 92
1 15
28 53
15 44
11 94
20 80
8 79
18 15
30 73
14 2
18 14
19 15
23 37
24 3
1 37
15 81
28 21
9 33
16 53
24 84
24 87
13 70
15 77
26 51
13 23
15 65
8 75
21 79
22 65
30 93
5 66
2 61
23 62
8 77
17 46
3 97
7 83
30 18
18 47
5 14
17 89
19 61
24 93
11 13
10 83
26 100
29 50
15 80
2 81
7 45
29 6
19 19
16 83
18 43
7 47
18 9
13 68
12 79
2 85
14 71
22 92
12 63
0 70
17 45
6 35
21 59
7 33
20 8
18 60
8 19
23 70
13 95
0 18
5 83
6 75
26 57
27 84
30 74
11 58
26 56
13 55
20 38
18 67
23 32
4 85
15 46
10 74
24 20
24 11
12 52
3 64
19 71
18 70
