819200
10 46
26 23
4 19
3 16
25 45
8 63
3 60
19 67
10 75
8 97
18 20
29 71
19 44
26 57
15 68
16 37
17 10
5 48
3 70
23 73
27 43
16 66
1 1
10 32
9 41
23 95
18 89
13 67
30 68
2 31
10 48
16 55
2 20
2 87
25 30
27 62
11 26
4 82
19 27
24 43
22 74
3 27
0 97
23 16
3 61
7 55
13 57
25 41
29 59
0 82
17 41
27 20
27 73
16 92
22 50
6 59
14 67
27 92
24 64
22 54
13 77
8 30
2 17
6 12
15 53
0 87
12 78
5 96
2 65
14 41
19 63
10 18
16 9
27 34
7 48
9 74
11 58
10 24
3 50
2 62
6 21
28 75
27 39
18 51
24 4
26 5
14 56
4 31
29 90
20 50
29 99
17 9
26 19
11 29
4 54
21 77
22 11
6 30
18 49
17 2
8 48
25 62
5 41
2 40
2 43
21 25
20 70
20 57
1 47
7 2
21 57
21 97
27 80
13 67
26 64
19 63
17 24
13 90
13 46
13 64
24 60
0 61
26 35
17 20
10 11
26 2
0 58
18 94
2 94
26 65
26 89
30 67
26 15
19 17
16 76
2 22
4 22
14 60
13 53
18 85
16 81
1 74
27 91
16 100
1 83
4 88
3 73
30 51
17 81
1 11
26 78
13 37
27 73
23 88
9 16
16 84
10 96
13 62
3 76
22 19
20 24
23 24
6 56
22 18
27 54
10 13
16 34
1 58
18 60
29 8
14 73
26 46
23 56
5 58
28 80
1 88
14 90
29 83
22 30
5 71
29 6
20 30
24 86
28 51
3 40
26 36
25 25
2 68
20 26
4 7
24 43
8 59
15 76
1 47
3 74
19 88
26 64
9 18
19 62
19 82
26 53
14 38
29 83
17 26
24 89
8 89
16 2
6 50
11 55
22 73
19 37
23 29
10 1
25 89
2 26
15 94
20 53
25 100
22 9
17 99
22 30
17 41
4 57
25 99
29 40
0 72
25 23
25 56
26 69
2 27
11 88
17 75
2 11
21 99
11 66
10 32
18 99
14 19
29 83
24 30
14 81
6 30
19 81
22 66
8 61
24 59
25 93
6 70
22 30
21 68
24 42
8 32
25 46
2 32
7 95
30 46
3 67
30 86
3 13
20 68
1 39
8 48
17 91
1 75
27 31
18 57
18 19
1 65
18 82
23 2
2 27
12 48
22 34
12 4
29 6
29 35
30 58
12 48
26 74
13 6
13 74
25 31
4 94
5 72
12 82
1 5
22 84
23 64
21 48
14 7
3 91
19 48
13 34
16 19
5 4
10 51
21 9
19 29
4 25
28 7
26 8
24 94
16 21
8 80
13 91
13 58
28 5
17 84
26 4
5 24
21 51
11 65
2 44
24 86
4 8
26 37
8 47
12 5
3 86
22 7
17 40
21 22
11 35
11 26
29 16
26 88
10 31
6 67
10 9
30 16
6 68
15 31
22 37
28 96
5 59
10 98
1 80
8 88
28 14
10 26
27 80
26 25
4 15
26 44
8 72
6 19
21 34
3 53
23 62
15 9
23 74
23 25
15 40
1 39
27 66
30 29
10 63
29 47
24 75
17 95
2 52
2 36
9 100
8 19
17 16
14 88
14 24
12 8
12 90
24 72
17 2
29 21
19 17
10 79
27 28
13 55
8 25
23 25
4 10
15 38
2 43
21 91
1 84
7 89
22 95
13 26
28 17
28 1
29 65
3 96
26 66
28 56
12 97
18 19
12 8
19 82
18 84
17 91
11 57
14 86
