819200
21 85
7 88
7 25
13 12
16 22
12 70
14 82
4 53
19 94
15 79
5 61
29 9
19 62
20 61
9 27
1 54
23 2
26 54
18 79
25 47
13 59
26 48
0 42
0 72
7 58
9 79
19 44
5 100
2 20
11 33
3 78
11 86
21 81
20 62
2 32
22 98
1 35
17 88
2 27
21 92
11 86
13 46
18 39
4 47
18 59
27 4
0 94
5 29
13 89
23 100
8 24
6 83
26 28
10 72
20 42
21 30
29 3
28 53
1 12
24 36
1 25
10 68
30 97
16 62
28 98
26 26
10 41
14 22
0 9
17 25
24 89
24 41
14 22
8 5
18 61
27 87
13 63
13 58
11 16
12 1
24 12
1 60
13 59
19 55
20 19
10 89
17 20
2 25
27 50
1 80
16 32
24 44
10 16
13 49
8 47
25 90
6 66
22 39
17 31
24 68
8 69
22 61
16 4
22 67
1 11
27 44
18 50
10 89
23 84
26 54
16 56
28 49
6 73
20 91
4 73
28 57
19 14
22 98
1 64
11 98
22 12
11 45
22 36
4 14
25 87
12 52
18 92
6 56
19 41
13 5
16 22
23 23
11 57
4 95
9 96
22 97
7 22
9 10
24 38
6 24
14 67
19 13
20 96
28 31
16 99
27 73
25 45
3 19
27 63
7 15
19 84
7 85
12 32
19 23
19 22
8 82
18 95
17 99
29 50
0 87
10 10
17 59
5 58
16 93
20 3
23 22
14 22
18 47
13 48
12 52
23 68
25 99
21 19
2 60
16 57
20 41
12 61
19 92
0 81
22 13
10 11
25 47
7 85
5 54
14 50
12 39
8 49
5 28
20 65
19 16
18 47
15 78
20 29
21 16
24 41
2 27
14 9
28 43
10 42
9 26
22 62
15 87
22 53
29 56
23 89
26 30
16 63
16 65
3 100
17 80
3 28
30 28
1 37
7 80
16 89
19 97
1 31
18 80
26 93
14 72
5 40
12 49
4 59
21 15
30 95
22 78
17 59
25 92
3 13
17 80
13 78
13 91
15 21
3 97
1 52
1 86
3 60
18 78
23 77
10 34
18 83
19 29
13 40
25 56
2 54
1 72
16 51
29 13
2 81
29 7
29 18
25 17
3 56
29 65
6 40
10 69
3 80
1 10
10 4
17 88
21 43
13 87
5 21
15 36
19 18
28 36
2 14
13 80
7 43
3 45
25 31
13 99
22 75
5 48
30 14
16 99
3 71
18 86
5 59
30 59
13 48
4 25
26 83
24 17
6 38
13 100
8 61
12 32
25 28
17 89
18 83
30 83
14 63
26 45
24 76
17 45
29 94
16 17
24 77
17 92
2 51
9 8
21 76
24 89
12 22
30 64
15 54
6 100
28 53
5 75
9 67
11 88
7 88
16 45
16 60
2 32
20 9
11 64
23 82
6 52
30 5
13 27
20 95
1 22
27 14
24 63
30 14
24 17
16 75
23 33
4 60
5 71
14 12
27 55
3 64
22 94
9 49
1 73
12 20
30 91
13 74
27 19
4 10
1 46
24 27
4 27
25 27
12 61
26 20
15 89
21 69
13 93
18 89
25 25
19 26
6 23
26 52
7 10
24 41
27 65
12 83
26 77
7 98
15 26
6 58
2 36
25 77
6 20
8 83
20 43
19 42
23 7
7 37
13 11
28 2
27 13
17 37
17 29
15 23
6 40
21 43
20 83
20 20
0 50
12 16
22 28
28 4
10 59
23 40
1 90
13 40
28 11
9 62
26 19
12 34
10 54
7 87
25 28
23 11
12 39
