819200
1 71
20 50
9 52
9 91
19 75
26 3
24 26
8 84
0 30
1 5
28 23
14 57
6 19
8 81
20 12
1 38
2 70
29 40
4 19
7 75
26 97
20 58
1 94
26 59
14 14
18 36
26 83
19 23
8 42
3 21
30 89
19 62
14 28
30 45
0 28
25 29
20 69
27 73
16 8
14 18
4 58
23 25
29 100
15 97
4 73
21 24
21 16
13 100
11 29
14 15
21 8
19 45
22 70
17 76
1 77
3 73
23 9
12 92
29 8
0 76
25 91
15 24
29 10
23 65
29 93
12 68
23 95
9 67
17 17
11 80
2 6
13 82
5 40
4 13
14 69
20 20
21 45
8 79
22 97
15 15
11 93
13 81
11 69
17 63
29 75
0 63
1 80
22 50
21 92
2 40
28 83
17 55
7 66
10 49
13 36
2 33
29 50
27 2
24 82
24 5
14 79
24 69
20 42
25 30
2 59
13 59
17 75
17 64
14 60
30 4
25 92
2 10
3 43
23 98
9 6
23 77
11 87
21 37
24 77
26 14
13 98
21 25
2 30
29 71
12 74
30 46
16 83
15 47
28 21
12 26
8 19
3 41
30 99
0 26
25 52
7 54
18 20
9 100
29 36
26 37
21 32
24 40
12 8
24 10
13 50
6 12
26 37
7 97
15 67
8 32
5 3
22 14
1 63
7 53
11 90
15 52
25 67
9 41
5 46
4 67
19 78
22 70
30 66
13 19
3 91
4 51
7 40
8 5
10 70
16 74
9 19
9 1
30 24
14 42
25 15
3 9
20 28
25 72
14 51
6 60
29 73
21 64
25 27
16 85
16 49
8 28
18 14
12 92
28 42
0 23
18 2
21 97
19 45
0 23
26 32
24 90
12 49
23 52
7 51
11 35
14 66
26 51
20 54
3 93
6 18
5 14
17 51
23 85
18 8
30 36
26 83
16 21
29 56
8 48
19 51
10 48
13 90
21 76
23 72
0 97
20 93
19 94
0 27
6 18
1 90
7 84
24 73
2 94
20 38
18 58
13 21
0 43
18 35
20 57
8 63
0 86
0 88
16 50
26 7
4 40
11 91
2 7
2 52
2 33
23 95
27 88
13 27
17 90
29 28
30 20
17 33
6 60
28 4
0 98
22 73
3 42
7 36
3 71
21 76
26 11
4 62
8 75
4 82
12 65
22 61
22 78
20 40
19 90
8 10
21 14
1 41
20 47
15 20
2 81
28 90
1 31
27 75
13 100
17 58
2 22
4 2
22 94
18 15
3 26
19 68
10 17
24 13
15 59
24 19
5 88
27 60
15 47
22 79
28 14
21 96
1 81
10 34
18 93
8 22
4 47
6 27
6 28
13 64
25 43
10 93
2 34
2 73
16 65
0 17
30 93
2 9
24 49
5 20
11 70
10 39
11 49
4 76
19 73
1 7
22 31
30 45
11 88
7 17
17 76
25 2
2 31
7 31
26 81
18 85
24 20
6 6
7 87
10 82
1 31
14 59
9 99
8 61
24 21
30 25
7 56
28 88
25 11
24 4
28 74
28 38
2 13
28 23
18 69
11 17
9 27
0 32
4 21
29 15
7 28
26 42
8 2
7 81
23 38
20 26
2 64
17 36
14 28
11 31
21 52
4 49
30 71
15 61
8 39
7 23
2 35
6 19
23 37
9 91
29 70
20 34
12 43
21 67
8 57
13 64
26 77
7 44
22 47
5 49
21 20
0 38
16 13
13 46
21 30
4 39
24 100
28 83
18 40
12 28
26 35
24 8
1 88
13 53
8 94
20 89
18 90
