819200
9 92
7 47
5 34
7 78
1 85
18 87
4 11
1 59
12 68
12 84
25 53
23 60
25 29
14 90
2 89
3 96
10 88
22 74
20 28
15 22
8 92
6 38
23 58
7 2
13 72
2 47
3 92
28 85
17 16
8 37
4 52
26 72
15 5
16 57
19 51
9 99
3 75
19 3
17 35
24 20
3 85
21 55
9 2
22 85
23 35
27 42
23 91
0 4
1 96
26 25
5 22
9 50
1 88
13 58
24 86
11 54
0 6
30 69
11 31
28 51
17 46
29 24
25 87
22 50
13 66
22 29
4 82
25 93
8 27
18 6
25 63
5 76
14 84
2 89
21 74
20 33
8 5
14 38
15 16
22 45
22 94
2 15
24 74
17 90
3 68
16 12
6 83
28 34
5 67
30 11
13 45
10 35
4 22
4 27
21 9
27 66
29 36
4 54
9 20
23 93
29 2
0 97
23 76
21 12
29 30
4 83
29 97
15 33
11 3
7 6
23 64
25 67
14 82
16 81
27 63
21 56
20 40
24 10
16 93
23 98
2 97
24 14
5 33
27 60
12 45
6 85
6 85
28 94
26 100
18 83
30 2
13 66
25 89
14 51
13 2
30 36
10 46
16 88
29 80
7 8
13 33
30 40
29 74
20 50
22 62
5 15
9 81
7 10
30 42
11 64
18 19
1 6
20 52
8 97
10 65
30 35
1 23
7 5
15 98
9 11
7 72
28 37
23 62
13 59
24 87
8 41
3 39
9 19
7 82
19 46
26 75
7 19
13 86
8 53
0 39
23 81
14 28
18 56
26 55
4 59
21 19
26 16
14 72
18 31
0 100
16 74
25 26
12 94
8 12
23 84
10 93
19 80
15 51
30 20
13 76
0 47
7 37
30 42
2 83
11 67
19 88
19 47
26 1
15 47
24 51
14 26
26 18
18 10
6 37
21 2
24 76
16 14
9 84
26 60
11 57
16 43
9 62
23 33
3 90
15 54
0 74
4 29
27 30
3 46
29 51
15 62
17 66
27 66
24 42
13 51
6 12
3 63
12 80
23 93
14 97
17 74
12 46
20 38
21 86
26 45
24 80
4 87
3 62
20 76
2 11
14 7
28 18
20 33
2 67
24 94
15 41
4 26
7 60
20 4
6 34
19 11
27 58
18 73
16 3
0 1
29 35
7 32
16 3
12 12
29 73
19 94
3 20
7 21
4 26
4 61
2 95
15 59
14 73
27 53
6 78
14 76
13 56
26 62
21 13
10 41
24 97
28 9
7 27
4 90
16 44
16 97
4 93
19 45
22 54
8 59
1 8
19 50
21 21
6 8
29 19
9 68
10 58
30 64
17 40
29 81
18 19
13 70
25 23
9 38
7 51
15 78
16 35
11 28
20 3
25 69
8 58
9 14
25 56
23 20
9 8
15 60
1 58
17 21
17 25
6 38
13 96
22 14
11 19
10 20
29 42
9 31
22 94
20 27
22 74
11 68
26 29
17 18
6 57
3 85
26 86
27 57
1 55
27 52
10 23
7 90
17 2
4 67
22 77
13 85
17 55
17 56
14 59
24 28
21 69
11 100
9 30
30 29
6 40
14 37
25 20
3 97
2 1
8 51
5 15
12 71
3 39
11 66
19 6
15 58
9 79
11 76
23 64
16 50
3 51
27 75
11 70
8 24
26 94
14 61
10 2
19 47
7 16
26 75
18 51
17 17
15 31
2 50
14 3
9 74
28 84
18 97
16 32
11 22
17 23
22 93
3 26
9 82
2 13
25 52
15 33
4 34
30 55
30 41
22 69
19 72
