819200
6 14
3 24
25 7
0 37
30 58
16 34
10 1
1 17
3 80
5 14
19 43
2 78
13 25
12 13
19 72
1 92
0 84
21 34
6 46
7 57
29 1
26 6
20 80
16 91
15 3
6 98
30 54
12 8
16 77
5 73
3 14
25 75
5 27
20 52
9 16
25 40
25 76
13 54
14 86
6 95
3 100
2 30
23 41
29 78
13 62
26 86
26 72
9 68
18 4
15 63
8 36
16 58
13 11
28 3
14 59
9 81
9 65
6 20
20 68
2 100
24 67
3 66
29 63
3 60
29 10
9 68
12 69
23 12
11 52
23 76
4 48
21 29
28 86
18 82
4 78
7 85
0 74
25 58
7 31
17 83
28 24
1 13
5 46
12 93
5 11
14 97
16 56
10 16
6 40
11 88
30 91
13 68
15 58
11 43
23 17
24 73
25 29
24 96
6 27
18 87
0 83
10 66
25 25
19 89
21 17
18 27
1 34
14 88
13 3
23 58
4 41
3 12
7 35
12 43
22 99
3 29
12 18
28 92
5 59
25 50
0 32
11 17
12 91
21 22
29 46
8 12
14 91
16 15
12 16
21 34
24 1
28 64
2 22
17 69
14 28
22 60
27 81
17 97
2 8
24 45
2 51
27 6
17 58
12 3
19 37
24 56
9 68
23 65
9 93
25 55
30 99
26 76
21 9
14 10
25 98
14 64
30 48
2 60
30 91
6 76
16 5
1 53
23 87
28 59
4 1
1 95
30 89
24 53
9 58
26 49
25 19
4 87
30 72
24 40
20 96
0 89
4 10
12 28
23 24
22 60
25 9
10 17
14 33
4 92
26 98
17 23
3 60
22 44
5 86
19 99
16 80
30 34
30 79
29 90
23 85
13 94
24 45
19 8
28 68
29 76
16 70
22 75
10 36
20 42
29 13
16 67
15 58
28 11
2 27
23 16
21 13
10 44
9 60
5 41
18 46
21 56
6 19
18 22
12 49
3 95
24 78
1 15
24 100
28 1
4 26
21 95
15 98
14 31
27 58
2 55
10 2
3 29
3 11
18 3
10 8
23 21
20 2
20 2
20 81
6 82
14 62
13 76
15 50
25 77
23 41
22 42
20 32
8 95
30 36
24 40
21 28
21 76
6 12
9 65
1 45
5 25
24 98
1 81
0 98
11 27
30 88
10 59
19 93
20 30
8 65
28 49
6 3
30 25
3 45
5 41
8 27
13 56
1 22
25 89
1 41
10 51
6 13
2 42
22 3
30 33
3 93
16 93
13 17
15 25
14 94
15 61
26 64
9 81
16 40
4 82
30 54
7 48
22 52
23 55
1 39
4 52
7 64
23 20
8 89
7 3
15 55
1 6
3 89
0 12
14 10
21 47
28 39
29 33
28 24
27 70
0 33
16 6
9 92
9 86
1 1
16 66
21 93
15 71
25 100
17 93
0 71
25 23
23 39
0 25
14 77
19 16
26 21
29 39
1 27
24 82
28 11
14 69
19 59
20 66
16 74
19 78
23 5
8 36
12 39
0 89
11 8
13 65
25 14
29 83
21 90
7 20
4 36
5 81
24 34
12 16
5 29
2 76
11 75
12 24
26 63
5 11
7 36
29 17
0 72
22 28
16 44
16 43
29 48
23 47
12 3
10 43
3 33
4 50
3 86
20 59
2 38
8 7
20 27
25 69
3 58
7 53
23 27
3 70
11 74
21 25
21 84
1 79
5 99
10 36
13 51
30 14
1 85
8 80
25 95
8 52
25 59
22 90
9 64
24 13
16 32
8 33
2 67
15 28
3 27
6 48
