819200
21 87
25 72
10 86
15 21
26 92
4 55
1 78
26 59
15 22
9 56
14 36
29 22
15 51
23 74
8 18
17 2
1 30
25 87
21 3
12 10
20 93
7 37
14 10
23 45
7 11
13 10
18 84
30 12
20 79
20 80
3 11
22 84
7 18
22 65
10 72
11 61
5 6
4 77
1 12
18 28
14 35
17 51
5 59
27 13
25 75
4 7
6 15
1 46
1 12
26 49
26 19
22 56
26 49
30 59
20 16
26 16
17 51
15 20
16 44
28 12
9 43
16 77
29 1
26 17
24 87
15 95
11 45
9 100
17 71
26 19
15 82
11 80
9 83
13 47
13 16
3 35
2 61
24 50
18 76
8 46
14 2
8 95
20 10
19 40
19 91
22 14
30 12
23 68
12 40
25 68
7 10
4 56
7 99
1 52
27 11
25 6
25 59
7 9
25 21
20 22
6 99
8 86
7 30
12 87
2 63
19 69
4 41
18 53
16 19
10 86
18 37
17 64
4 75
0 45
4 95
5 92
22 26
20 82
16 51
10 13
4 44
26 67
3 86
9 68
17 85
25 4
25 21
4 99
0 20
4 50
5 71
25 76
26 99
7 11
6 49
30 48
19 47
30 84
3 92
27 74
22 82
29 63
22 96
20 83
5 97
18 81
17 20
10 41
2 44
17 85
16 42
11 66
28 35
18 36
29 78
0 89
12 41
20 26
11 52
1 91
1 57
28 65
16 86
9 57
20 67
30 14
0 70
20 83
3 89
21 74
2 56
25 77
10 68
13 8
28 53
19 24
1 80
10 98
27 52
17 87
19 50
0 28
1 94
4 90
2 6
5 51
20 65
3 22
28 50
9 19
0 34
15 26
28 46
23 44
3 70
6 16
16 21
3 56
14 29
27 20
19 40
29 19
27 35
3 89
5 92
21 54
26 44
18 77
3 55
28 92
24 73
29 24
25 22
2 94
21 18
23 14
12 91
6 23
22 33
17 25
19 48
11 54
9 80
1 46
23 38
6 16
11 87
8 24
16 60
2 38
30 39
19 60
25 95
2 88
30 78
17 77
10 50
20 14
1 42
10 60
18 97
8 18
22 58
7 42
18 98
25 50
9 61
3 46
30 79
11 25
9 55
29 13
7 53
1 25
6 34
1 49
21 1
13 61
17 63
18 100
25 65
24 75
9 75
22 39
8 19
20 58
23 58
0 10
15 52
15 14
11 81
9 20
24 51
11 12
21 49
0 10
24 24
29 69
29 11
1 73
23 86
7 100
20 46
9 22
28 68
26 93
16 48
25 24
20 81
20 81
2 5
21 48
8 48
20 58
6 84
13 85
0 28
29 72
16 77
25 50
13 94
14 2
16 58
6 61
30 66
0 5
28 27
25 67
11 36
1 7
12 13
7 26
24 29
24 99
18 90
30 58
15 85
17 55
28 41
20 2
26 6
3 29
20 29
21 46
23 17
3 93
3 16
12 71
27 93
9 77
15 23
8 76
1 17
13 34
6 84
24 1
24 45
16 51
20 21
1 57
2 79
2 49
24 95
6 46
15 33
25 65
5 60
6 96
10 5
0 29
22 1
28 68
1 23
2 10
12 12
17 16
18 8
11 26
20 1
3 90
3 91
16 21
0 7
19 10
10 89
21 47
3 51
30 88
29 45
6 32
5 21
14 38
15 18
1 15
25 14
13 12
7 22
21 3
12 30
13 24
6 29
24 10
3 97
24 31
9 65
13 90
11 38
4 53
2 30
3 66
16 54
29 33
4 80
25 55
8 23
4 71
24 91
21 11
16 34
19 71
