819200
28 69
30 78
24 16
4 86
25 85
13 100
29 40
24 89
8 43
12 47
20 65
21 39
27 53
14 75
25 50
26 35
23 56
5 57
26 63
26 8
26 71
13 43
29 46
28 22
5 36
20 42
9 92
7 57
14 52
7 17
23 29
27 34
16 31
7 60
23 6
4 54
28 78
21 21
19 48
20 8
8 26
10 29
25 59
2 69
22 59
15 6
3 4
19 33
5 67
11 10
15 57
27 1
30 53
7 52
18 55
30 53
2 99
18 21
16 44
26 21
1 8
14 90
20 99
6 39
8 36
22 43
11 92
15 78
9 84
8 13
17 69
15 28
14 83
24 75
16 39
23 55
0 15
9 64
27 82
27 19
10 33
25 43
2 58
17 85
1 84
18 91
0 48
12 41
15 6
22 56
17 2
18 78
2 51
8 1
12 50
1 63
21 96
24 36
3 1
3 10
26 42
25 50
29 73
26 35
26 25
14 54
18 78
6 55
8 70
23 51
2 57
4 79
1 46
1 48
16 95
15 95
19 76
7 63
13 37
12 67
28 29
17 10
18 28
18 44
20 77
0 1
27 94
18 27
27 45
13 57
26 40
4 64
30 10
13 71
21 92
25 4
19 59
2 32
7 44
14 27
20 92
25 49
17 30
26 36
10 9
30 93
16 69
8 95
18 59
17 14
21 75
16 31
2 45
15 41
14 88
6 75
2 48
16 68
13 6
13 36
21 38
22 50
10 23
28 61
10 55
28 93
2 40
25 18
0 18
30 43
9 85
27 86
0 99
2 23
6 19
19 49
9 3
24 90
20 54
18 58
11 6
12 66
22 61
3 67
25 91
13 5
0 70
25 91
5 99
28 24
0 44
8 66
11 12
1 57
2 9
14 56
24 10
8 65
13 14
0 1
13 30
6 82
14 94
0 30
27 92
1 45
22 43
19 47
20 25
26 19
26 29
16 13
22 22
1 38
22 6
21 96
23 22
14 63
26 43
16 13
1 47
14 24
21 79
20 10
3 69
21 36
2 77
3 95
6 40
2 80
9 89
29 36
0 34
3 30
7 14
6 99
14 33
1 75
5 51
0 45
22 45
20 6
9 21
13 16
11 30
16 40
17 96
8 13
6 23
13 76
5 51
8 70
1 77
29 3
12 94
0 81
14 31
26 98
22 20
5 16
6 31
14 80
28 64
6 29
19 64
27 21
30 3
23 71
10 1
7 47
2 79
1 65
30 57
30 8
28 73
26 55
21 1
0 53
23 17
12 22
2 36
30 22
23 84
26 35
12 27
24 32
24 9
13 73
25 6
21 56
20 57
23 1
3 33
16 71
29 8
20 59
14 96
9 42
15 5
15 59
28 78
0 82
2 93
23 75
18 21
0 14
9 5
27 16
6 11
7 23
22 14
26 4
21 13
25 52
27 82
8 18
22 20
16 6
22 46
13 7
9 54
8 54
18 92
24 63
2 47
12 24
21 67
11 59
24 28
30 63
28 27
25 12
12 69
20 99
4 49
25 44
19 24
2 8
22 58
1 24
5 37
22 2
6 47
16 54
22 48
20 90
28 36
1 4
6 10
22 27
8 56
9 81
21 14
19 34
30 92
4 75
26 14
16 98
18 78
9 74
0 62
8 21
11 10
23 53
11 91
23 79
10 35
1 70
23 89
20 46
25 48
29 1
19 27
0 77
30 50
7 27
20 4
15 84
27 2
17 68
29 22
13 65
9 38
17 51
20 91
27 74
14 5
0 88
2 52
28 47
19 13
1 92
13 53
23 58
25 82
11 78
24 19
0 39
30 50
13 25
