819200
8 58
30 35
14 98
4 100
3 93
6 59
29 62
7 21
4 41
6 67
29 17
18 36
10 10
7 94
22 38
14 4
19 36
6 32
21 35
6 18
2 11
14 8
29 24
30 85
25 93
28 42
24 58
29 8
2 63
22 7
29 16
7 29
21 38
6 65
27 8
4 99
13 64
13 25
17 44
14 44
12 94
28 81
12 89
25 35
18 45
2 75
10 77
7 37
16 94
7 51
7 39
27 89
18 19
21 22
5 66
25 59
27 30
25 11
13 48
25 15
25 14
29 14
1 42
7 14
8 56
10 74
0 41
21 71
3 70
19 82
3 14
6 67
19 95
2 48
22 33
11 42
21 83
29 3
0 40
16 84
0 69
6 49
13 20
7 1
23 47
13 52
2 51
12 40
6 21
20 9
22 93
2 12
2 14
13 24
28 96
30 57
19 25
15 28
27 90
13 23
8 35
26 64
4 77
10 76
1 22
1 51
3 53
24 57
3 6
9 78
14 11
25 29
18 85
18 54
14 42
18 9
2 44
8 89
26 93
18 68
25 17
18 42
0 58
5 34
6 23
28 67
22 40
15 90
24 16
22 97
1 39
14 100
1 82
15 80
5 47
25 47
4 50
9 43
18 47
30 74
9 2
15 15
19 76
10 9
0 37
15 38
18 19
23 69
7 59
8 65
27 83
30 96
27 1
22 94
8 62
22 74
10 66
20 31
19 67
8 51
15 26
1 68
10 9
0 7
9 5
29 65
20 37
17 88
14 43
27 64
23 16
30 26
26 61
22 74
27 100
16 9
11 33
18 42
9 92
4 91
23 44
0 22
15 24
2 49
5 25
28 98
25 64
9 40
8 92
7 49
11 8
18 14
9 72
14 97
21 35
4 27
12 59
24 80
14 63
25 48
17 7
5 54
30 56
16 31
16 99
2 10
16 53
27 49
3 11
29 38
4 99
4 62
6 20
30 35
7 75
26 25
14 41
22 1
3 100
8 34
30 81
25 42
3 2
24 30
8 30
8 48
7 9
27 47
4 87
28 77
25 1
6 78
1 53
29 2
1 45
18 65
24 2
8 98
13 80
6 60
18 72
12 69
10 64
26 61
9 56
3 6
22 25
19 4
18 10
2 88
29 87
18 37
18 59
12 4
23 10
11 45
9 55
29 73
19 44
26 26
15 83
18 43
10 56
24 100
24 2
23 40
7 91
5 55
17 53
27 62
1 73
21 33
23 50
14 69
16 69
25 70
2 25
24 83
25 84
14 94
1 15
18 28
29 35
3 5
23 37
18 34
23 95
14 34
3 58
24 20
6 70
12 61
1 25
3 8
16 47
13 17
1 32
7 71
25 9
13 86
18 6
16 54
2 29
2 42
19 95
12 5
1 25
16 66
0 19
27 57
17 25
29 7
1 9
13 58
7 74
7 82
9 71
23 86
26 88
3 15
14 64
11 32
16 38
13 45
28 75
5 51
23 61
18 82
14 12
8 9
8 98
20 35
20 45
6 30
23 53
8 13
5 94
9 55
8 12
6 44
14 44
3 87
10 34
22 11
6 39
17 50
5 72
18 15
7 39
13 84
24 26
7 44
26 13
27 97
2 81
13 65
10 18
23 60
11 48
26 27
11 52
25 88
28 88
26 85
24 3
30 17
8 4
26 49
18 15
2 94
10 76
21 30
14 4
7 54
26 14
10 68
21 80
27 75
22 74
6 34
11 32
11 73
9 74
24 39
20 41
20 91
20 61
17 70
23 61
5 77
4 74
27 27
2 65
6 75
12 93
20 61
26 19
29 46
15 63
21 85
