819200
27 20
12 1
21 34
0 34
20 91
28 51
11 90
3 69
11 40
21 12
27 2
24 72
7 9
22 56
14 74
12 34
15 82
20 49
2 100
6 70
27 18
29 48
30 19
21 51
14 34
6 1
11 18
8 17
19 39
1 66
13 91
19 65
7 97
13 72
5 97
3 62
23 37
2 87
2 17
0 88
19 16
20 5
15 30
29 37
29 55
5 92
18 63
14 22
2 77
5 32
19 79
16 74
30 26
27 24
7 45
16 73
27 85
21 93
16 91
16 39
23 7
18 44
4 1
9 25
29 86
24 71
21 93
2 8
24 70
23 69
6 23
26 40
8 76
1 6
11 62
12 30
19 91
20 72
24 52
17 67
13 36
8 93
9 67
29 44
21 33
12 21
21 18
22 65
11 88
26 16
22 43
6 99
20 88
8 56
27 23
12 5
16 54
14 70
9 93
17 66
29 95
28 91
9 15
6 97
20 16
28 28
7 61
22 72
30 10
21 43
29 21
25 50
27 93
15 77
13 49
12 14
22 74
26 73
12 28
8 82
13 22
11 25
11 47
5 22
17 93
20 81
2 10
22 89
11 14
3 40
4 89
8 56
2 58
5 12
1 77
6 6
19 80
27 94
8 10
11 37
11 76
19 89
30 29
18 90
1 42
2 62
29 41
30 65
8 84
11 16
9 68
20 81
11 2
9 62
24 39
0 39
9 3
23 52
25 54
13 21
3 58
21 1
14 78
30 43
1 86
4 86
12 77
2 44
6 88
4 42
16 15
19 33
2 7
23 7
29 60
3 63
28 55
13 90
0 30
23 68
10 99
7 33
3 69
14 81
10 12
20 89
2 66
13 66
20 53
18 67
1 66
21 50
22 23
3 96
13 13
27 12
0 23
15 60
13 54
13 37
18 77
12 55
24 11
21 2
1 6
10 40
14 95
14 32
0 29
22 89
29 36
4 60
19 8
3 12
30 84
13 15
16 66
30 58
2 51
23 34
0 43
15 15
4 57
20 87
18 47
15 44
20 52
25 69
14 81
1 98
8 4
4 69
0 73
5 84
14 41
9 12
13 54
4 3
27 38
24 51
3 67
4 89
28 42
13 69
22 52
18 86
26 80
4 78
20 55
22 15
3 61
18 40
25 52
20 88
4 50
23 59
3 78
9 8
30 77
10 26
15 100
29 39
1 83
30 34
26 62
1 1
1 93
27 39
0 53
9 68
11 55
14 19
6 14
3 52
17 97
14 61
24 84
14 32
20 83
3 57
22 67
27 5
2 57
9 25
16 46
16 28
29 100
24 31
3 91
29 2
8 66
23 1
16 52
16 56
2 76
16 80
21 38
11 38
1 57
29 38
21 96
3 66
26 79
28 24
0 35
5 36
27 8
6 4
8 14
26 52
7 58
28 64
28 77
27 74
12 35
22 12
9 9
10 21
23 92
15 76
20 67
15 51
9 2
26 67
10 48
16 14
28 83
27 40
3 39
9 80
24 6
23 28
24 37
24 59
0 52
15 50
30 58
30 16
23 75
27 39
7 76
2 57
5 36
6 90
20 88
12 81
18 19
14 34
4 63
19 15
5 73
24 84
8 11
29 83
23 21
1 46
2 79
17 19
15 59
2 46
11 86
17 24
19 43
6 13
20 71
4 55
8 66
9 51
16 86
26 55
22 87
26 30
1 4
12 47
20 3
6 51
17 17
23 57
10 58
1 57
27 54
7 41
30 60
13 94
28 14
26 97
14 92
11 61
23 31
9 10
10 53
15 65
22 81
27 92
26 20
29 78
28 37
28 47
19 4
6 50
