819200
26 100
27 100
15 10
24 9
5 85
10 86
8 95
13 9
29 4
26 79
22 33
16 29
12 25
22 23
24 4
14 30
18 60
18 94
16 46
19 29
3 12
14 55
28 36
12 23
30 99
5 79
3 62
6 86
21 8
18 38
19 78
28 57
5 24
0 31
7 92
6 42
24 4
4 54
26 59
21 38
13 57
12 37
7 75
4 79
9 9
23 2
3 13
13 6
12 79
4 93
5 79
28 79
28 62
1 59
8 10
24 46
1 3
22 45
16 76
15 64
30 60
10 66
0 88
22 76
4 3
10 36
19 43
18 84
24 47
29 9
12 57
4 50
18 39
10 17
6 66
6 7
10 41
27 88
13 81
4 49
24 45
23 49
0 10
14 29
18 29
0 2
16 72
27 46
0 83
21 69
9 20
15 56
15 20
24 27
5 97
25 29
24 89
19 44
13 100
29 72
29 90
24 52
23 76
12 95
28 71
7 35
9 3
15 69
8 91
23 23
25 93
10 48
17 79
29 17
14 89
5 82
3 12
18 13
7 97
5 60
4 46
21 40
15 25
22 23
14 10
1 67
30 94
28 7
10 66
24 38
10 5
7 41
3 46
19 85
13 35
16 64
16 10
15 35
5 19
23 3
17 67
21 42
9 63
29 59
29 31
27 26
1 86
2 44
13 23
11 1
10 8
10 28
24 12
1 96
13 53
9 23
10 97
26 34
20 24
15 18
3 69
25 41
25 26
22 45
22 72
7 8
30 26
17 51
23 91
27 84
1 67
4 96
16 14
14 28
4 71
1 67
1 30
20 66
27 80
19 92
27 9
4 76
18 16
1 1
2 80
20 23
3 42
10 22
3 57
25 35
17 43
19 46
19 41
7 8
0 16
25 26
18 27
25 42
8 30
26 66
29 16
11 3
8 58
17 49
16 16
28 31
27 45
19 57
5 25
6 19
11 9
27 87
10 15
4 43
22 76
20 100
18 55
15 92
28 7
17 42
6 69
3 14
25 24
30 56
8 1
5 59
29 76
23 36
2 75
0 71
4 88
24 18
30 42
5 12
18 52
6 68
16 95
21 8
29 19
21 61
2 83
11 70
5 70
16 60
8 47
28 19
26 47
26 10
5 31
18 17
16 77
19 32
17 88
14 59
4 75
16 78
0 1
15 75
5 39
5 73
7 69
27 4
18 15
13 81
10 32
16 36
12 92
30 24
3 81
30 81
22 31
23 70
18 96
26 30
21 2
17 56
0 43
13 87
2 24
2 97
3 50
8 76
19 65
6 31
26 64
29 9
11 69
26 20
14 2
6 15
24 61
10 57
29 51
16 38
21 45
18 47
28 94
0 54
30 93
19 61
8 5
11 54
9 13
28 17
15 95
11 13
23 17
15 4
3 27
14 61
16 37
6 43
25 2
25 38
29 80
17 60
15 83
5 8
1 79
15 8
14 87
29 18
19 27
11 42
18 16
4 84
0 64
0 22
24 41
23 37
13 7
26 27
20 16
29 51
28 27
0 77
30 85
0 86
19 93
15 22
2 59
26 42
22 46
22 64
17 99
3 11
21 4
29 38
13 37
18 11
22 59
13 48
25 73
10 45
15 56
10 51
10 5
15 27
9 3
3 33
21 7
28 35
26 92
2 12
3 48
30 98
0 42
30 76
0 44
21 51
1 80
20 20
30 21
9 60
7 70
28 100
4 18
29 48
17 47
16 5
5 56
17 56
29 30
11 8
10 44
16 91
16 80
25 83
14 15
10 98
30 55
17 15
5 89
12 86
0 3
0 97
13 87
18 78
30 22
21 46
