819200
15 31
16 26
3 97
9 14
0 92
4 13
28 63
19 75
29 75
13 51
6 80
2 15
3 11
12 83
15 78
15 86
30 63
4 95
17 41
16 75
0 43
4 38
2 29
11 96
11 92
15 96
7 74
28 77
17 51
8 38
26 38
27 37
9 35
4 9
3 37
18 60
28 97
0 82
30 97
28 34
0 29
17 80
22 82
17 99
21 47
23 66
0 55
20 64
12 47
9 72
2 6
21 19
21 15
30 83
17 65
20 100
29 5
8 61
11 18
9 64
10 28
19 74
5 48
11 44
27 99
10 23
6 35
11 52
15 13
11 15
17 69
12 12
26 97
16 28
13 59
11 56
3 43
24 64
4 63
25 91
24 51
20 65
23 15
19 33
24 25
28 4
26 38
21 31
13 80
18 37
15 92
3 26
27 55
17 77
26 19
30 81
19 29
5 45
19 32
5 32
1 74
15 68
11 77
15 86
30 90
5 35
15 20
15 13
7 88
3 4
21 48
1 87
23 68
20 32
19 27
0 81
3 31
11 80
2 59
18 57
3 36
24 27
13 21
17 8
30 91
25 2
1 88
18 81
12 85
2 12
18 43
8 56
12 28
16 45
2 2
17 87
2 17
7 18
8 12
23 25
26 90
25 14
21 85
26 3
10 7
11 97
10 45
26 79
29 2
10 38
20 32
12 47
15 87
23 98
7 79
4 21
4 97
11 15
15 89
21 45
5 3
11 100
30 59
21 88
2 39
16 98
1 57
23 86
27 60
29 65
10 95
1 96
4 31
22 14
23 56
27 31
0 38
29 82
2 76
28 61
1 3
8 14
2 11
17 29
19 14
2 65
13 4
15 40
13 92
30 62
21 75
26 2
8 33
28 78
30 21
4 95
3 23
21 22
22 28
19 32
16 81
30 11
17 35
1 69
3 34
18 88
3 48
0 86
13 10
9 78
10 20
23 21
3 6
10 55
23 89
14 35
0 10
25 9
1 7
21 57
14 21
29 95
1 80
23 37
29 2
10 51
8 13
28 9
19 71
6 93
12 97
7 67
20 25
25 23
15 38
12 15
15 30
13 15
25 50
23 21
29 47
12 26
27 100
12 63
16 56
28 99
12 52
26 46
16 45
21 46
23 42
20 20
21 61
4 49
15 73
7 85
21 44
3 10
14 89
28 2
29 22
4 77
1 72
3 45
5 76
25 84
12 20
13 37
0 65
21 35
23 15
3 57
16 28
12 72
18 94
19 71
14 30
26 77
27 54
18 50
23 99
25 24
2 41
9 30
15 5
26 99
14 27
7 64
24 100
18 91
26 69
5 82
10 24
1 66
25 82
19 49
25 63
5 15
1 20
1 64
7 25
14 15
3 23
15 26
4 64
25 83
27 39
22 62
30 31
20 89
9 3
1 3
14 39
15 67
6 96
21 64
11 66
19 65
28 85
28 100
14 70
24 31
9 54
1 13
16 33
19 3
3 81
9 98
12 10
27 45
23 7
2 3
30 19
16 10
19 33
14 70
7 15
27 49
11 8
14 62
30 79
11 84
10 93
26 85
14 68
22 83
18 6
22 3
25 43
12 49
24 59
14 54
16 19
12 44
16 99
2 57
22 97
27 16
11 54
21 96
9 17
23 64
9 38
16 23
24 56
15 77
25 55
23 77
13 77
17 52
12 96
28 81
4 64
14 8
22 73
22 45
24 90
15 62
6 30
22 85
18 32
25 61
12 3
19 45
2 47
25 74
12 38
7 5
27 78
2 38
5 49
11 76
16 47
29 97
14 72
29 22
15 81
30 44
27 20
13 56
