819200
12 78
20 18
14 35
15 16
7 97
1 9
26 2
28 91
5 97
3 63
8 55
15 12
7 6
9 47
13 65
24 43
25 79
10 28
9 1
19 2
12 7
16 27
17 69
19 68
14 58
27 48
5 31
1 95
10 16
2 54
19 63
8 86
15 50
12 73
7 25
3 40
26 84
18 23
1 68
8 2
15 10
6 8
17 23
22 92
22 2
21 62
23 58
24 25
25 34
27 53
7 70
2 90
20 47
12 7
5 39
1 24
0 16
4 54
29 34
25 59
20 53
4 64
22 95
16 50
6 83
26 62
20 37
2 81
19 90
20 32
3 32
30 72
22 29
23 93
24 38
15 41
13 64
14 83
23 62
2 72
8 33
6 88
8 88
30 41
26 4
6 67
29 8
14 63
5 59
0 70
19 54
25 82
4 6
16 34
4 33
1 93
4 2
2 53
9 92
20 76
12 92
20 22
10 8
21 82
4 91
11 76
5 87
19 34
27 75
12 33
2 42
22 55
10 74
22 7
29 71
0 76
27 82
2 49
13 67
0 77
21 31
16 74
9 36
3 62
3 12
10 16
25 37
0 48
0 14
30 60
28 32
19 32
12 12
26 41
3 71
2 62
20 4
23 13
21 7
0 24
15 68
6 89
2 51
16 16
23 24
2 89
13 19
25 93
4 7
25 59
27 14
4 26
25 24
4 69
6 53
24 40
16 85
5 45
24 51
20 42
18 7
18 33
21 92
0 39
4 46
2 2
21 10
14 34
2 1
28 70
19 86
12 54
28 90
3 4
18 28
20 69
22 40
5 53
14 22
27 10
28 51
5 50
18 56
11 5
15 96
15 37
12 23
6 96
0 37
9 87
18 94
8 42
0 37
28 85
19 27
16 64
23 13
18 69
27 44
2 18
20 90
22 87
11 49
28 10
14 70
14 71
12 41
3 90
11 77
3 82
18 74
26 53
5 87
25 42
19 15
26 29
6 17
23 60
28 19
8 95
2 61
3 71
7 31
1 17
10 89
29 68
30 82
3 75
25 11
18 29
18 93
5 21
15 2
11 78
9 46
23 31
15 36
30 20
0 35
2 1
29 53
1 61
19 35
26 90
10 2
17 69
6 11
8 38
8 6
9 3
15 59
25 33
24 38
24 26
21 41
3 79
1 37
2 21
3 82
2 36
7 94
23 8
22 46
26 33
5 98
18 65
28 21
0 71
27 23
10 32
5 54
0 21
9 82
0 77
20 41
1 63
6 97
15 47
6 82
16 82
18 10
21 47
29 88
3 22
10 19
9 34
14 96
16 69
23 80
27 40
17 95
3 80
8 17
29 97
2 95
17 2
27 30
9 85
13 74
20 98
2 53
1 73
1 39
17 48
3 28
10 25
13 56
19 7
30 31
11 77
22 35
16 49
16 16
7 40
0 96
30 3
9 81
23 2
20 71
20 90
17 90
10 43
12 42
29 88
3 99
28 5
19 20
24 97
6 20
25 84
19 93
11 35
12 51
11 33
12 33
2 62
26 86
10 11
0 56
19 61
25 11
16 13
9 54
5 92
30 91
7 19
0 53
13 63
24 85
1 21
0 31
0 57
1 60
25 35
13 36
6 20
15 14
23 53
30 50
10 3
21 88
28 58
4 6
13 60
9 98
22 98
24 30
26 43
11 51
30 68
22 80
3 29
20 29
30 36
13 31
19 95
28 36
19 55
16 73
27 28
13 37
23 95
23 8
6 60
6 48
3 96
12 56
3 44
11 76
0 2
21 94
18 71
24 38
16 92
27 64
7 72
15 84
18 8
13 14
22 95
