819200
19 37
12 1
17 58
11 41
19 19
26 20
20 49
1 57
26 90
13 18
18 17
15 67
8 96
10 14
1 100
27 80
11 46
17 32
28 73
23 38
17 22
10 69
10 86
30 28
11 27
27 94
4 35
16 18
4 2
29 13
20 14
11 16
4 78
0 68
26 24
27 56
16 79
1 95
17 97
20 73
1 26
21 99
18 44
25 24
11 41
3 65
27 94
2 31
24 15
10 44
9 80
9 56
12 37
18 39
11 33
16 21
29 77
13 8
15 47
1 85
8 6
1 5
17 72
6 8
6 27
28 70
6 58
22 45
19 27
26 28
26 87
28 38
22 58
2 30
8 2
2 33
3 12
28 5
19 40
16 60
18 93
29 16
15 43
14 85
19 58
6 54
20 96
0 52
22 14
21 34
27 58
29 52
22 84
15 28
28 49
22 56
9 35
4 80
8 45
11 13
28 10
26 10
5 33
30 74
16 55
20 2
22 92
16 5
18 80
17 92
7 11
5 16
23 61
19 21
25 14
24 20
7 10
13 66
6 90
16 54
23 18
27 20
6 51
21 50
22 98
0 55
28 59
21 44
24 8
13 46
1 64
6 50
30 35
28 93
27 8
17 31
4 55
16 18
29 13
25 90
8 33
27 86
28 54
23 91
5 45
11 39
6 28
8 77
6 56
28 38
14 77
12 17
29 8
27 15
25 65
7 81
21 5
9 56
21 87
26 34
9 74
30 40
27 37
6 66
1 8
24 15
20 41
30 81
3 53
2 17
28 73
5 65
23 3
15 55
9 74
26 31
1 29
6 18
9 17
27 52
16 82
29 64
2 55
20 99
1 74
15 20
22 9
0 27
6 8
9 67
9 82
12 6
28 24
17 12
23 75
12 61
14 94
23 49
26 53
9 82
21 43
9 72
28 68
27 27
19 84
13 66
16 81
10 96
27 9
25 23
13 68
16 66
9 53
3 90
7 65
8 20
28 45
15 43
10 43
0 89
16 15
20 6
17 91
6 70
27 90
2 52
12 94
0 58
3 8
29 57
5 25
17 73
18 2
29 93
17 22
25 55
19 81
15 82
29 82
5 30
8 19
21 75
6 13
15 56
24 83
17 92
0 97
18 5
8 72
0 12
20 61
14 80
30 75
12 18
20 72
27 22
4 2
9 85
30 50
3 44
6 8
0 14
6 15
5 96
6 97
2 3
11 86
17 35
8 98
5 92
4 35
6 77
3 66
24 46
6 53
24 86
18 51
16 99
12 36
7 41
28 68
20 49
3 32
13 58
9 66
28 68
27 2
29 77
1 99
17 34
21 36
4 35
16 94
18 34
28 10
17 27
9 33
10 3
12 48
20 78
24 21
28 77
22 44
3 59
20 76
15 45
18 56
13 1
14 18
13 19
24 42
28 26
2 84
18 60
24 28
28 33
17 8
28 18
28 60
6 24
4 82
22 21
3 40
26 70
9 76
5 18
0 15
30 99
25 30
29 75
27 57
16 36
0 54
27 70
2 9
26 55
17 24
11 28
24 98
28 39
10 8
14 35
18 50
2 47
20 97
19 6
24 13
15 5
19 99
18 74
10 86
24 87
23 58
9 60
19 95
14 83
6 7
16 7
12 88
27 64
15 90
20 7
12 11
10 7
7 49
28 39
12 4
24 53
14 14
26 55
24 36
7 58
19 53
26 60
4 80
19 88
20 37
23 89
10 64
9 11
21 4
16 82
19 36
18 13
12 72
28 8
5 69
10 91
13 40
1 100
22 73
20 23
11 74
10 54
5 92
14 1
23 8
22 7
16 15
13 77
