819200
27 14
5 32
16 97
27 39
20 85
12 91
14 88
14 60
2 58
27 94
11 30
17 49
12 66
20 20
25 35
5 89
18 7
27 2
1 21
22 83
26 74
30 35
25 85
8 70
29 58
16 12
0 11
19 9
19 55
25 31
7 90
13 9
29 92
8 46
22 62
1 15
0 60
0 48
7 64
19 35
21 8
2 16
7 28
20 84
22 14
14 23
28 29
23 46
23 61
23 87
21 33
24 72
3 59
5 63
22 90
3 55
17 36
19 92
20 80
30 34
6 39
13 70
6 32
15 95
5 95
4 88
5 77
23 96
13 59
24 46
13 29
16 17
29 89
7 4
22 32
30 25
27 58
22 73
22 10
14 36
16 42
25 59
22 26
11 12
8 91
30 27
4 87
15 100
24 55
8 84
10 14
9 6
18 3
29 52
20 53
30 15
11 16
12 98
19 58
17 48
26 41
30 66
18 62
8 100
1 87
11 3
8 83
0 44
27 4
24 83
20 77
13 18
21 64
0 36
28 4
17 68
13 9
1 37
5 29
5 8
24 51
28 80
9 23
14 24
19 88
21 24
23 94
20 12
22 76
24 32
13 26
13 18
27 24
27 58
19 53
13 39
1 58
27 31
16 24
1 99
22 61
17 93
30 16
9 85
12 68
28 80
15 29
28 78
7 42
4 9
11 98
29 19
10 79
20 65
11 65
25 79
7 49
20 45
5 51
13 42
17 68
27 40
13 83
10 18
22 93
5 89
22 70
14 100
6 54
8 53
3 85
10 84
18 100
29 38
8 23
12 83
9 38
2 91
29 75
8 22
27 86
3 60
2 35
6 65
17 65
15 45
6 28
8 21
21 8
29 18
4 90
27 52
11 70
13 24
6 56
17 80
0 54
12 88
10 52
28 77
20 18
18 28
3 59
15 67
10 17
5 31
30 52
27 91
7 59
29 72
17 49
29 52
27 93
0 94
28 82
4 67
17 73
11 51
4 12
8 74
29 38
27 42
25 33
29 63
26 32
28 36
0 41
26 61
26 98
5 41
14 60
22 31
30 82
21 13
24 69
18 99
14 1
14 77
20 89
18 86
27 18
29 95
24 26
18 85
25 97
0 2
23 98
0 36
20 100
1 51
23 13
14 96
22 30
2 36
10 1
23 97
10 10
3 59
16 72
23 81
17 55
23 40
5 27
27 2
4 51
11 30
4 77
17 54
23 21
25 44
2 64
1 99
23 29
2 19
17 64
10 83
5 81
9 9
24 78
28 67
8 12
1 78
28 57
14 49
21 11
3 13
5 18
11 52
17 79
2 38
20 74
19 49
20 13
2 39
26 41
18 25
26 91
2 53
27 94
24 35
2 87
26 16
6 61
13 69
28 68
15 24
15 9
27 86
2 39
2 60
22 5
17 38
19 29
11 31
17 95
8 13
17 54
12 68
26 65
21 40
18 2
22 26
1 45
21 87
25 36
12 84
30 88
13 21
12 56
23 15
5 87
11 11
8 46
8 1
29 63
16 29
24 69
13 21
19 55
9 14
8 58
19 66
18 57
15 10
18 40
7 49
23 61
1 78
4 62
20 62
30 71
8 3
25 74
6 47
7 63
5 28
19 15
18 72
4 62
17 49
30 28
15 77
12 17
2 53
20 96
14 20
15 63
27 55
15 88
26 24
20 88
13 91
26 72
7 45
11 92
28 93
24 64
21 44
5 89
0 67
11 37
9 100
24 96
1 51
14 9
16 85
20 50
19 79
24 4
5 79
14 100
25 52
29 19
30 94
25 26
21 8
5 85
4 57
6 33
12 67
