819200
27 22
3 40
30 40
23 65
9 45
23 74
0 79
29 73
18 4
11 72
11 2
4 40
15 9
26 90
3 28
7 85
27 2
4 46
0 68
27 17
8 69
14 95
4 68
28 97
13 79
13 54
27 26
2 97
13 93
3 28
19 42
24 96
8 41
12 80
12 35
12 33
1 93
5 33
13 30
7 38
7 17
14 12
21 3
23 12
9 58
18 70
25 30
14 80
28 30
30 96
11 16
25 26
28 33
13 63
17 75
28 32
3 56
27 30
14 13
9 83
11 13
6 68
28 85
17 27
12 54
17 75
10 65
26 77
12 74
10 89
10 10
25 52
6 20
27 29
19 64
15 26
24 10
25 70
21 79
3 85
0 63
2 23
30 70
20 94
25 31
14 84
6 45
18 40
26 60
21 76
12 63
3 56
8 93
5 59
15 53
16 98
8 76
9 18
25 24
2 52
7 68
0 49
24 25
15 59
11 86
29 53
15 98
15 99
20 42
25 27
2 60
27 49
29 65
27 70
0 55
10 83
20 17
2 35
16 71
3 80
27 84
12 78
25 47
0 85
13 56
10 8
14 18
0 19
7 96
25 85
0 29
27 51
17 97
0 28
0 20
10 71
20 30
10 47
25 32
16 4
19 6
1 85
20 90
23 21
4 62
11 61
23 28
7 24
26 22
3 80
13 62
14 34
19 61
14 45
13 33
0 23
11 8
14 77
24 82
10 70
6 66
1 41
10 49
28 87
24 29
9 9
6 64
25 6
5 87
18 14
17 30
14 26
26 81
23 29
7 75
2 8
22 29
3 57
6 43
14 7
24 19
11 78
0 89
3 74
22 95
6 65
14 55
22 77
10 34
21 96
4 37
30 80
0 55
16 97
17 76
29 94
19 21
11 66
24 22
10 64
1 96
27 20
22 77
11 46
8 4
6 15
20 89
6 6
11 77
19 53
10 100
19 78
0 60
0 58
6 3
15 95
26 42
7 39
26 39
3 33
5 87
0 65
11 82
13 10
5 81
3 36
10 17
15 83
29 82
4 21
8 23
25 51
12 46
25 93
8 84
12 62
0 16
11 96
12 15
23 63
14 1
0 44
13 65
22 83
7 67
27 10
19 63
10 53
17 71
1 49
12 20
29 14
30 42
2 60
26 62
8 18
16 81
1 99
25 13
28 51
22 58
10 49
10 62
12 13
15 9
12 92
9 59
29 58
21 87
9 60
5 94
15 30
20 68
1 33
16 66
4 89
8 90
0 12
30 72
15 84
18 74
6 50
9 26
10 99
28 66
27 45
8 28
15 10
29 14
0 74
20 100
17 24
10 72
29 54
29 81
9 1
0 42
24 22
30 40
11 49
23 29
30 38
25 75
10 85
29 72
24 82
18 6
3 87
22 22
6 28
20 35
2 11
11 78
6 84
23 78
30 50
0 1
10 94
25 62
7 77
9 99
19 74
24 15
20 86
17 88
3 74
3 93
30 92
13 38
17 35
27 47
6 21
29 45
26 67
20 34
1 76
18 55
14 13
23 2
21 24
29 83
17 45
0 90
10 35
8 1
24 14
0 96
3 61
24 34
4 15
24 42
19 59
3 80
23 23
27 53
24 56
18 34
7 85
18 25
27 3
19 95
10 25
4 22
20 74
26 6
17 24
9 4
15 6
17 23
2 75
22 57
6 31
19 7
23 28
19 65
8 21
21 90
15 62
13 19
19 100
13 79
23 41
21 100
5 27
6 23
3 9
4 3
28 83
25 39
0 51
10 84
19 61
30 66
26 28
7 21
22 61
3 89
2 36
22 12
29 72
