90
26 60
14 56
7 92
13 93
14 86
29 60
4 91
18 38
3 57
9 2
5 87
21 60
5 62
29 25
23 3
7 14
0 87
17 12
25 54
9 42
24 61
29 83
26 57
16 48
12 23
7 55
3 95
17 10
14 34
18 85
23 76
20 33
8 17
7 70
15 29
2 29
11 53
6 69
16 16
15 53
12 57
22 5
15 75
10 67
21 49
4 14
17 10
9 65
21 97
29 24
28 39
7 13
29 77
9 71
30 45
18 4
19 5
19 21
12 71
22 20
17 27
28 94
24 70
28 31
19 38
15 43
6 31
6 11
26 18
29 17
22 38
15 13
4 26
17 21
26 92
13 50
21 65
20 62
16 70
12 49
4 27
22 14
21 78
7 57
19 10
30 31
4 39
0 39
30 66
22 7
3 47
12 46
19 66
25 1
4 66
5 24
28 32
3 95
26 77
8 96
18 59
21 41
7 32
14 24
19 81
0 62
21 35
23 18
30 39
16 75
15 24
3 54
21 57
26 98
12 69
4 9
25 86
28 95
4 94
19 44
25 76
22 77
1 48
11 53
3 56
17 53
4 26
10 26
15 83
8 31
4 43
8 84
8 51
5 20
16 23
26 3
22 68
28 15
7 40
14 73
8 90
7 87
1 37
5 85
20 36
4 45
29 40
15 51
25 80
29 72
17 90
1 58
29 99
7 37
6 98
28 16
4 29
2 74
1 13
26 92
3 18
0 46
3 62
19 16
11 92
20 78
26 46
6 54
19 4
8 48
11 25
28 78
9 49
24 54
5 25
2 1
26 30
27 83
2 26
18 89
19 33
27 61
18 99
7 68
24 50
7 45
0 96
25 73
22 57
4 54
27 48
17 83
1 68
2 62
23 99
11 99
7 57
4 42
18 97
9 71
14 40
10 18
5 38
8 49
8 51
6 90
14 6
12 2
30 39
4 88
10 4
21 71
19 27
26 86
27 57
1 91
21 53
13 11
10 23
16 48
14 81
23 32
27 42
26 70
1 38
27 39
2 58
19 80
29 8
7 56
9 46
17 42
28 43
8 94
4 51
16 50
12 44
20 50
11 47
15 91
13 7
13 52
1 6
14 55
29 44
13 86
17 64
2 75
2 86
1 98
24 91
24 47
10 6
12 98
5 90
9 23
12 75
2 67
25 37
28 16
25 13
4 88
3 42
22 3
5 35
24 44
7 12
10 32
15 53
27 43
1 81
4 9
14 59
6 99
8 97
26 89
23 17
15 25
6 20
3 18
27 12
7 81
20 54
30 20
11 59
20 34
13 30
29 59
10 1
23 74
8 9
22 61
22 70
22 85
10 12
3 16
11 87
16 47
16 59
23 5
18 100
30 92
17 56
30 10
19 9
22 31
6 89
5 12
20 83
25 54
9 20
16 4
30 61
14 48
17 64
18 56
26 50
4 11
13 66
13 58
28 13
28 36
18 5
5 95
3 56
23 55
16 9
5 89
3 88
28 27
28 74
26 10
14 50
16 20
12 24
19 36
18 8
3 21
26 42
8 54
21 28
5 33
27 65
7 85
24 15
12 12
22 4
25 88
10 50
6 45
22 38
2 10
23 60
27 11
26 43
16 4
25 7
15 96
3 94
15 36
6 49
29 26
0 36
28 50
10 14
18 76
15 100
20 77
19 24
21 27
30 23
3 85
9 18
7 22
9 3
17 92
30 96
30 95
30 28
7 45
6 1
29 27
22 18
10 65
23 75
13 56
2 5
8 25
0 86
29 27
20 16
26 7
13 12
16 53
3 20
9 99
4 77
21 39
14 40
25 98
