90
19 25
8 16
4 50
18 37
26 45
6 22
15 97
29 74
24 57
22 30
18 35
25 49
15 93
25 84
9 28
7 61
25 64
17 59
29 20
10 58
20 52
23 69
30 73
12 96
5 73
26 64
22 10
10 36
22 25
14 81
21 41
21 64
6 66
30 49
4 44
13 16
18 57
5 94
27 33
19 72
16 62
26 51
2 25
21 2
0 26
18 26
15 19
17 20
19 64
16 94
16 92
3 66
26 95
13 59
17 90
0 11
11 85
29 69
7 45
27 85
5 90
11 94
28 80
12 16
11 15
16 16
28 93
18 20
26 11
5 94
26 81
26 55
23 89
20 36
24 45
19 71
21 64
28 45
30 45
28 24
21 29
6 47
12 84
10 64
10 45
7 60
7 64
28 57
22 52
6 61
13 56
26 72
6 41
0 74
10 61
15 50
12 9
6 54
28 12
9 2
14 17
30 3
18 22
16 64
7 7
23 23
30 41
0 55
16 78
3 29
25 65
20 5
4 19
7 39
10 38
17 25
29 48
3 92
5 87
1 34
8 26
24 59
12 22
8 24
21 89
22 50
20 92
2 47
13 49
9 63
19 87
20 20
21 76
3 50
2 16
20 15
18 77
6 89
29 77
7 39
11 42
24 71
0 100
1 22
27 51
21 9
5 14
1 6
0 74
1 51
6 50
6 91
9 46
23 82
17 92
7 99
23 69
29 89
22 96
27 3
5 24
9 45
30 54
2 19
3 50
8 73
19 14
12 24
10 32
30 41
2 28
13 63
6 45
0 56
16 12
18 8
15 10
1 3
24 87
30 46
12 76
25 39
22 82
28 15
27 50
15 10
29 13
4 89
20 7
4 30
18 33
8 99
28 88
26 11
18 79
29 96
23 12
4 68
9 48
20 76
5 65
28 18
17 74
0 61
27 21
23 90
28 98
13 95
11 15
29 35
0 38
21 39
7 38
23 43
16 89
18 65
5 9
13 15
3 16
27 80
9 18
30 53
5 77
26 92
23 42
22 71
26 89
11 73
18 75
11 2
25 15
13 26
10 41
14 80
8 34
25 71
4 47
7 62
16 81
14 44
1 75
20 42
9 76
24 17
1 52
20 25
13 59
12 90
27 11
16 13
8 89
8 93
10 33
18 9
18 54
20 5
7 58
29 37
14 23
30 84
2 19
30 55
9 58
15 86
11 69
14 60
1 93
4 73
12 67
1 44
30 80
15 89
10 66
3 22
2 51
14 14
12 50
8 60
17 10
16 95
26 26
2 29
18 81
21 50
17 82
6 53
30 94
15 77
26 57
10 47
13 95
6 64
9 37
27 24
23 73
0 74
9 16
29 90
2 14
16 48
26 10
22 50
3 7
22 30
27 73
20 66
23 69
6 71
26 93
19 29
10 95
21 8
18 64
27 46
12 99
4 34
1 22
16 60
14 35
24 2
24 94
18 42
0 37
28 88
0 97
2 38
7 98
15 80
28 36
17 59
26 75
24 80
26 9
28 2
5 81
12 59
8 36
13 34
28 53
15 23
6 18
22 62
14 25
8 1
6 58
4 21
23 28
26 96
29 77
16 58
22 62
16 11
14 97
28 61
4 7
30 34
11 77
19 17
20 93
0 80
2 63
18 10
10 79
30 22
6 84
24 20
24 24
14 95
21 4
28 77
24 83
12 78
16 1
29 86
23 96
6 17
2 23
8 32
21 66
9 13
14 66
11 23
20 27
9 14
25 54
3 96
20 85
9 7
8 67
8 5
12 84
29 67
21 49
26 81
11 25
3 22
4 2
29 91
5 26
29 69
