90
22 67
30 31
8 18
12 96
0 6
0 79
17 74
26 85
30 76
1 49
11 61
19 35
16 78
29 86
19 48
29 99
20 2
12 29
20 66
29 85
22 87
21 100
25 65
16 47
25 32
5 50
22 63
13 94
1 4
22 59
0 93
9 19
28 57
5 96
7 13
27 53
12 20
19 51
14 99
17 58
9 17
15 85
8 17
18 91
2 87
12 57
26 50
24 15
16 2
26 91
20 22
19 94
12 91
17 16
0 37
0 92
18 73
30 51
8 12
3 50
23 90
27 14
6 83
10 83
6 49
10 19
19 42
3 18
11 16
28 78
19 45
23 93
2 45
7 40
28 35
4 96
14 8
7 25
19 72
14 8
30 48
14 76
10 24
30 66
15 67
23 17
6 54
2 10
21 91
14 81
25 40
7 88
17 17
12 37
0 82
11 63
24 83
19 62
30 38
24 38
26 54
6 75
12 51
14 1
27 54
12 51
1 8
30 4
24 49
24 40
4 14
24 10
12 24
10 47
20 48
16 81
27 78
21 85
21 51
15 19
12 15
19 89
17 4
17 22
23 93
6 81
1 31
17 12
8 41
0 75
0 53
28 42
11 48
5 26
20 51
18 32
14 59
1 25
30 32
17 13
21 94
1 29
14 82
23 29
9 1
8 40
23 4
15 52
26 28
9 92
4 73
9 77
24 95
24 71
16 52
9 56
0 35
20 47
13 7
21 19
0 15
20 74
23 28
2 39
20 62
26 12
2 8
8 37
16 50
0 56
11 66
15 46
10 14
16 44
0 19
15 46
5 33
9 13
20 96
11 35
1 36
25 76
13 37
17 26
11 97
20 99
16 85
3 19
14 20
22 62
28 21
9 98
22 89
15 74
30 53
6 37
16 23
17 91
17 38
27 13
11 10
30 71
25 95
30 23
15 86
15 7
10 45
27 62
3 19
1 45
24 94
2 18
15 79
18 95
19 12
15 81
15 48
30 12
4 14
22 9
28 24
23 25
13 69
28 27
22 51
3 80
13 41
14 18
5 9
13 56
5 42
18 72
27 77
8 74
25 50
26 53
3 10
22 29
21 94
2 50
13 68
12 4
25 59
5 83
4 60
11 98
24 52
10 77
17 44
11 50
14 32
22 38
24 35
28 64
27 64
25 69
14 100
9 14
0 29
28 77
26 3
16 12
24 86
18 66
14 92
23 62
1 21
21 63
18 63
17 10
25 80
15 17
2 40
3 36
24 14
29 19
12 91
11 72
23 17
11 3
13 10
1 44
11 83
13 26
20 73
13 49
24 27
28 16
30 28
10 77
1 23
10 63
13 3
0 37
12 50
26 28
29 66
30 13
12 72
7 33
7 78
30 60
22 37
6 58
30 32
6 60
28 99
4 48
3 40
10 83
3 35
15 18
27 76
12 78
14 18
1 65
11 41
5 77
17 3
1 36
12 75
16 46
0 52
4 54
6 66
14 2
23 59
26 51
5 12
14 13
8 28
10 58
2 57
1 29
22 84
2 74
16 18
10 88
10 57
24 31
7 74
19 28
15 7
13 35
9 43
27 54
11 34
6 32
14 56
13 16
21 65
8 2
7 19
5 60
20 48
16 8
7 89
27 5
4 30
8 46
4 88
3 20
26 70
11 34
25 69
29 65
12 26
1 84
20 11
27 89
27 8
5 81
13 12
1 83
4 95
20 18
9 6
22 82
28 32
12 19
21 83
12 16
17 8
28 31
5 2
21 71
24 36
11 95
23 13
18 59
6 94
24 74
11 37
3 86
14 85
24 14
30 35
27 82
14 21
28 19
