90
17 11
19 6
5 52
26 73
20 7
13 11
13 35
0 6
2 22
23 8
20 93
27 11
4 83
5 99
21 100
27 36
26 12
5 88
24 37
4 68
24 43
29 46
18 80
15 5
26 81
27 67
8 94
11 13
14 89
18 91
11 35
22 21
27 3
23 10
7 94
5 32
4 20
29 14
21 61
10 9
1 53
2 63
19 46
26 9
0 26
28 16
9 6
24 68
17 100
25 3
16 30
16 53
17 73
11 3
18 99
28 57
10 19
1 49
17 29
25 2
30 96
27 23
7 76
7 85
25 51
8 20
10 26
24 41
3 33
7 20
21 1
26 15
7 70
25 30
30 53
19 97
21 67
25 42
18 19
5 98
30 10
27 71
0 50
2 85
3 65
0 30
0 83
6 9
30 10
24 8
30 95
3 89
3 66
30 85
24 12
1 21
24 78
18 12
8 31
18 98
22 97
1 94
22 16
8 79
11 62
1 91
20 46
6 50
7 95
29 84
24 8
5 40
29 1
14 81
15 12
13 1
9 66
17 67
15 19
1 84
9 20
15 41
27 41
22 12
10 40
10 64
29 12
0 96
30 21
10 66
20 91
25 70
26 80
13 42
18 26
10 34
28 96
14 27
5 25
6 20
7 70
14 52
27 60
30 77
1 32
19 57
22 1
23 17
21 8
22 47
12 26
14 90
12 82
4 58
20 52
17 37
16 6
9 50
9 38
19 19
7 32
8 17
12 73
24 93
24 70
2 69
9 57
12 8
8 57
26 7
30 20
10 96
28 31
23 44
15 85
20 69
10 42
13 17
4 44
8 81
3 57
25 7
17 35
23 82
19 8
12 8
19 63
22 69
22 33
21 12
4 86
9 66
20 73
26 24
9 2
9 97
1 54
21 43
28 33
22 30
0 62
0 98
18 62
28 38
1 62
30 33
0 71
8 49
6 85
6 81
5 40
9 54
30 100
13 29
0 26
18 75
4 17
8 39
18 8
13 22
28 72
15 73
18 64
2 5
8 96
13 97
18 7
19 55
10 48
20 5
22 85
15 26
21 70
24 78
22 55
28 27
19 1
9 96
14 54
8 15
20 4
3 1
18 14
18 7
20 92
12 77
17 88
0 86
24 56
18 17
30 90
6 63
25 29
1 92
15 99
17 85
7 76
29 18
21 65
22 26
8 76
8 83
7 41
26 21
14 64
22 88
21 5
15 97
18 77
16 56
28 32
22 36
18 68
17 87
18 37
26 34
18 40
1 80
7 66
11 13
23 13
21 79
24 8
3 57
18 98
16 53
16 13
29 92
15 56
14 18
15 16
15 84
30 46
29 49
26 25
27 30
29 71
17 16
23 31
27 14
11 43
17 47
24 49
7 75
8 33
15 90
16 88
1 8
25 80
12 96
15 3
7 89
4 56
0 24
7 87
13 75
29 95
9 4
26 52
10 84
3 87
23 85
26 3
28 61
3 88
25 70
29 42
9 13
22 58
24 76
16 68
8 44
16 14
11 89
8 6
21 12
0 12
6 35
20 100
20 40
28 46
10 20
22 59
23 76
17 17
25 71
21 33
28 4
20 94
23 3
23 2
15 74
17 81
16 43
15 57
24 11
14 69
18 38
23 24
1 54
28 32
8 14
6 60
17 100
26 44
7 11
30 80
11 81
5 3
25 7
25 91
9 1
1 58
17 77
18 9
28 34
9 43
30 97
12 6
5 84
13 51
27 48
2 41
3 51
10 41
8 64
26 60
26 15
19 25
6 4
23 80
6 57
1 73
22 24
10 81
25 61
8 18
9 16
1 57
14 29
