90
8 10
27 64
0 7
13 20
6 53
12 78
17 42
0 88
13 16
21 22
21 15
4 70
12 96
26 75
20 2
24 16
1 73
6 26
26 91
29 80
28 14
13 76
22 15
20 48
22 8
17 8
24 57
21 34
2 73
30 24
4 90
21 66
22 85
28 82
16 28
7 33
25 47
23 66
19 48
9 45
1 64
7 41
25 92
29 10
8 68
3 2
15 32
28 45
25 8
12 62
16 74
5 12
12 74
23 22
29 57
7 15
14 49
7 70
28 82
5 82
29 21
23 70
19 45
30 31
22 75
11 53
18 43
23 25
20 64
30 77
19 39
10 12
11 41
12 71
14 55
28 16
12 74
15 73
30 21
25 54
10 87
27 14
4 44
28 98
28 63
29 89
26 75
30 10
25 83
3 5
10 48
5 8
29 16
25 6
1 86
23 78
1 77
26 41
6 2
26 62
0 28
4 85
29 56
17 10
26 44
3 36
7 42
8 39
27 62
7 62
16 79
1 26
30 67
23 37
15 4
27 11
30 38
27 46
24 82
16 58
11 22
23 60
24 7
6 43
30 52
6 60
4 32
17 93
7 69
23 22
5 11
1 46
12 25
5 48
17 54
26 64
1 48
23 18
17 87
7 21
13 48
11 59
22 48
1 33
1 84
8 10
28 82
20 30
2 67
30 26
7 50
7 15
24 4
22 62
17 39
21 39
30 25
7 37
0 49
17 16
30 77
27 100
12 87
17 67
12 4
27 19
10 60
30 73
14 6
17 28
20 4
8 84
30 46
0 89
14 73
1 92
8 95
20 96
11 29
29 49
19 46
5 48
24 14
12 62
2 2
27 81
23 82
8 68
20 38
9 77
14 96
1 1
28 48
14 46
16 21
20 69
20 42
14 50
18 58
11 20
14 51
17 64
17 64
2 26
13 98
26 15
14 86
6 7
25 8
30 1
24 68
4 59
17 68
25 67
4 13
26 80
21 36
24 40
4 42
26 77
3 25
21 75
6 23
12 93
3 20
26 67
9 28
9 47
16 97
1 69
17 42
26 87
3 29
27 78
13 8
18 96
4 100
4 77
21 32
4 51
3 20
4 75
16 36
20 13
5 56
6 41
16 52
21 6
26 30
30 79
7 94
11 42
5 15
4 42
8 33
4 12
4 92
4 86
26 18
28 54
29 82
14 56
5 75
19 81
3 34
16 46
21 5
12 41
10 80
6 34
1 84
12 64
5 81
29 9
19 61
1 63
20 22
5 5
5 33
15 98
11 58
13 30
22 79
20 6
0 48
18 95
25 18
6 44
5 50
8 79
17 72
5 31
21 54
9 64
24 33
13 86
18 36
2 69
9 60
6 80
2 82
18 95
25 74
2 55
3 24
14 57
20 9
21 28
15 7
5 5
13 52
0 92
30 91
0 75
20 100
6 45
12 67
23 89
23 56
12 36
7 22
8 27
11 58
14 8
1 81
18 48
28 45
10 5
29 93
9 33
8 59
2 61
8 86
10 85
13 80
29 23
2 5
3 75
5 49
27 94
3 94
20 62
2 11
6 13
2 41
0 71
2 29
26 77
12 84
27 24
28 63
17 27
11 63
9 94
29 42
5 83
13 80
28 61
4 33
18 36
30 20
11 22
4 92
27 27
24 100
17 53
22 84
20 43
27 74
11 50
13 7
24 61
1 14
0 19
24 66
18 72
20 84
19 86
11 15
10 83
0 73
13 26
27 90
3 40
0 86
28 16
27 86
20 18
14 79
8 96
3 99
2 84
21 10
26 5
18 24
2 75
0 74
4 57
28 59
28 21
