90
3 36
28 57
28 28
3 90
2 54
25 23
10 86
21 23
28 85
18 79
26 47
13 20
30 65
13 66
22 35
16 16
12 79
18 93
0 35
3 56
24 7
25 23
4 72
9 57
12 83
26 32
27 48
27 63
26 34
24 5
14 58
0 20
4 23
18 74
19 29
18 76
11 63
9 80
26 3
27 5
9 54
28 99
24 54
16 30
12 82
21 49
23 100
25 62
28 7
25 42
8 77
12 37
27 94
8 75
22 60
2 32
16 37
18 76
29 37
16 27
24 75
17 92
9 38
12 56
11 72
9 14
3 94
13 71
29 66
15 49
14 88
7 81
22 88
12 52
16 63
5 13
22 49
13 4
3 85
25 43
18 78
16 61
22 92
13 23
0 36
11 55
12 60
21 2
13 36
27 46
22 57
20 55
1 98
24 96
20 91
1 6
20 65
25 27
19 77
23 31
7 14
0 88
24 37
18 39
4 31
22 75
0 22
11 25
16 55
11 57
17 64
19 63
13 15
22 97
1 41
22 89
23 71
4 20
26 38
20 41
0 87
21 12
29 89
26 1
10 10
1 49
12 47
12 21
19 4
22 25
23 42
25 59
28 18
13 26
10 93
1 94
2 80
0 93
18 4
18 54
30 8
22 11
3 6
10 60
10 43
2 13
19 1
22 32
14 80
25 45
4 54
8 93
17 4
2 37
6 87
27 64
20 38
15 87
9 75
30 3
18 73
29 85
29 10
16 89
15 51
8 10
4 88
8 83
7 98
5 51
15 75
15 54
1 49
27 43
16 11
3 57
21 47
26 75
8 43
29 99
13 64
18 51
27 10
6 58
13 57
9 37
25 80
25 91
29 13
2 54
12 36
25 96
22 68
18 79
30 19
21 25
23 74
19 24
24 54
23 5
19 87
28 51
9 81
11 32
25 12
8 60
7 97
4 96
13 30
19 68
30 73
18 76
30 81
11 74
4 65
24 62
13 70
16 61
7 81
3 30
27 51
17 52
7 28
28 45
16 75
2 1
9 22
28 5
4 41
12 100
22 72
19 66
14 59
9 46
14 89
17 2
2 56
2 16
15 42
10 67
28 95
19 72
5 5
9 53
14 89
5 68
0 21
24 74
16 48
7 89
18 43
6 58
26 57
29 35
19 10
18 74
28 30
21 48
9 78
3 49
2 71
8 95
24 79
24 44
20 92
3 82
30 35
18 100
1 75
8 39
8 30
13 44
12 5
19 31
15 47
14 75
14 94
25 55
28 88
4 17
4 92
14 66
17 83
13 87
1 83
9 12
12 1
3 5
1 94
9 14
16 95
27 20
29 99
7 13
12 31
22 68
8 84
23 52
13 17
26 43
28 51
1 100
7 41
3 34
14 1
16 52
0 15
4 46
15 90
7 36
12 47
2 64
15 82
27 79
27 92
16 34
28 4
13 100
19 86
16 72
24 76
9 64
4 39
26 20
18 1
16 69
16 58
28 75
5 49
19 63
21 95
12 56
5 21
11 55
20 13
15 33
29 5
12 75
19 84
26 36
20 88
3 13
7 50
6 41
0 43
14 22
26 63
24 78
15 27
26 63
10 44
27 61
24 64
28 5
15 71
20 95
25 96
5 77
11 55
12 69
16 36
11 84
23 30
13 89
23 55
30 89
0 32
15 68
9 96
15 57
30 17
3 67
21 53
2 4
21 27
1 60
29 62
2 6
23 52
2 21
12 92
18 81
3 59
30 83
3 74
5 33
3 13
3 12
14 30
30 40
17 25
27 29
22 92
17 85
4 69
9 71
12 38
14 61
17 40
1 46
