90
23 79
17 60
7 63
17 41
11 41
7 9
16 50
28 66
5 15
17 31
18 87
2 69
25 65
25 50
30 28
23 20
2 39
10 56
26 57
7 45
29 33
25 69
11 76
21 15
27 95
3 48
0 58
6 70
1 40
19 64
4 75
21 19
25 43
4 83
0 54
15 10
17 67
26 63
16 75
7 97
21 20
1 5
21 22
17 58
28 52
2 93
5 42
4 7
22 56
16 68
0 17
2 52
0 49
27 76
12 34
4 38
7 83
20 2
16 40
6 13
26 69
13 54
9 73
23 90
5 97
20 3
7 40
13 49
29 48
16 46
28 94
18 78
17 44
26 40
24 73
0 27
28 69
11 43
13 21
12 16
19 100
14 69
4 50
27 68
23 44
18 82
12 1
1 6
15 94
22 47
16 58
5 73
0 50
19 95
4 61
14 81
4 49
18 55
24 60
9 87
6 41
27 25
12 14
29 28
28 53
24 20
9 29
6 78
16 73
5 72
15 48
29 64
16 66
15 1
13 80
11 87
6 30
20 70
23 72
12 94
6 4
22 65
26 17
30 37
3 96
8 58
18 64
25 100
15 94
18 67
11 3
22 93
19 59
10 39
26 73
8 18
11 14
24 12
8 12
13 15
21 77
9 98
15 81
21 25
24 48
25 10
30 77
23 53
22 75
28 40
8 49
30 30
2 63
8 48
3 95
19 31
14 13
3 67
12 4
28 64
14 63
15 69
19 36
27 56
19 99
4 89
29 71
4 21
20 28
2 57
6 89
28 2
29 58
18 47
22 82
27 82
12 23
1 6
30 28
8 66
9 43
7 34
4 59
5 39
15 58
7 83
16 44
23 20
24 6
14 23
5 79
7 43
23 34
26 53
24 89
5 20
19 96
24 81
9 10
1 27
5 8
7 24
6 54
1 51
22 13
20 43
0 93
19 16
25 6
20 68
23 46
15 16
19 92
21 3
3 96
27 54
5 46
8 9
7 12
27 93
11 54
19 85
17 4
12 21
25 61
27 66
11 90
2 8
5 52
4 39
28 28
4 44
9 10
6 13
21 9
22 44
14 90
2 90
7 61
20 95
8 77
27 12
16 85
16 18
0 80
24 6
21 25
22 11
22 67
13 99
18 17
26 74
21 66
0 71
19 42
30 16
23 96
0 50
7 38
0 58
24 28
8 95
29 81
24 56
9 1
25 47
16 20
25 19
2 96
22 76
1 74
3 69
12 63
15 67
24 57
19 2
25 39
30 24
22 63
0 28
28 32
17 14
27 58
6 2
23 61
15 96
13 70
18 67
25 67
3 38
12 89
23 67
10 20
30 76
9 49
23 79
4 38
12 81
8 64
15 49
21 65
22 71
28 34
23 1
19 49
30 64
15 87
23 4
23 49
25 53
5 97
10 35
18 96
8 6
0 58
17 40
1 13
9 7
2 30
3 81
7 20
10 6
22 93
11 30
5 56
3 97
8 67
13 54
2 60
24 13
13 19
3 3
15 2
6 14
30 74
2 78
30 95
26 94
15 83
2 51
17 64
14 92
4 46
11 81
24 37
22 63
10 83
30 68
18 23
4 32
28 72
22 26
22 18
22 27
27 38
12 66
30 96
11 48
7 78
12 45
7 43
8 35
29 61
28 84
30 76
14 32
0 76
19 1
4 12
4 40
13 20
13 63
25 75
8 78
15 70
28 51
22 88
27 76
9 85
25 21
6 52
25 54
5 50
25 6
16 78
18 19
3 43
10 83
8 31
17 89
1 7
12 58
16 89
12 26
11 29
30 1
30 61
27 3
30 27
9 95
