90
15 72
4 22
0 49
14 64
24 2
19 76
17 53
14 30
12 5
7 58
16 94
6 79
30 95
28 28
11 6
25 65
22 69
16 91
12 76
15 68
4 43
16 1
17 77
29 53
21 66
19 54
12 90
12 21
13 94
16 1
27 63
20 46
19 2
0 57
11 51
24 53
24 23
7 68
23 67
19 14
9 52
22 27
1 10
9 27
5 69
25 7
23 33
29 30
24 89
21 33
19 92
9 46
9 24
22 8
14 13
26 41
1 83
30 42
27 23
6 79
9 77
26 62
8 96
28 36
1 4
22 16
0 34
1 49
2 99
17 43
14 72
12 14
15 11
3 94
1 71
13 93
27 95
10 29
17 31
23 9
19 32
23 76
1 85
20 18
1 32
12 86
29 54
15 65
25 28
8 35
0 73
17 29
10 20
5 24
19 52
28 61
11 18
13 23
14 55
22 74
11 92
22 93
24 42
17 13
15 53
0 74
22 88
18 58
18 95
27 16
15 93
18 69
13 87
27 63
21 63
6 23
25 67
3 59
6 11
3 58
27 35
1 95
25 62
15 46
14 43
16 19
22 58
9 69
3 50
2 4
21 60
12 13
13 16
13 68
4 89
4 53
25 7
6 13
2 29
4 61
16 69
11 95
10 44
8 70
23 12
20 54
15 10
8 67
18 93
22 4
27 72
26 20
8 40
24 21
22 70
11 43
14 61
21 2
28 13
21 6
12 77
28 32
7 69
28 14
27 12
7 45
22 58
12 98
8 60
20 87
24 93
10 49
3 91
20 9
0 83
23 68
16 47
24 6
26 84
0 94
21 15
23 38
21 67
15 8
13 79
16 38
29 40
25 61
22 38
0 28
5 33
10 96
6 85
15 84
13 26
9 48
25 74
9 65
21 26
22 72
6 65
13 72
1 61
20 77
28 22
23 48
10 4
15 43
9 68
2 33
21 80
19 61
21 16
8 62
29 92
19 87
16 63
17 8
26 5
22 32
3 8
15 7
15 14
3 30
17 21
1 69
9 34
4 33
5 48
16 69
6 7
23 49
13 14
24 26
30 91
20 68
25 17
27 79
3 85
19 3
12 2
20 58
8 26
29 30
10 46
15 92
7 29
3 9
26 58
24 34
10 88
0 51
21 71
0 53
26 39
0 74
3 91
3 77
10 43
15 94
13 34
20 3
22 77
27 8
15 26
16 9
8 65
30 62
12 46
20 91
1 88
11 52
19 100
20 84
2 65
6 92
17 43
17 71
11 77
30 77
24 42
7 30
16 98
29 58
26 41
2 92
4 30
13 30
22 69
28 47
27 52
1 61
16 58
7 90
14 40
23 78
0 82
10 89
24 4
4 86
19 52
27 30
0 13
0 12
17 81
7 50
12 77
6 76
20 9
1 61
10 63
24 84
15 10
27 31
15 93
10 6
24 81
28 52
9 1
13 29
20 83
22 67
5 54
13 6
15 17
0 14
27 86
11 75
22 3
20 26
11 51
21 95
28 75
27 9
6 22
3 24
21 92
2 37
12 80
25 38
1 55
24 79
24 77
27 52
3 32
30 35
6 75
18 93
21 91
27 77
8 53
26 91
28 66
25 38
7 25
17 67
27 23
8 59
9 49
3 73
13 45
27 75
29 53
27 85
29 50
10 41
26 70
30 63
2 100
4 47
3 37
12 13
4 86
6 63
16 88
10 89
14 2
9 11
15 35
17 65
30 36
0 65
12 64
17 77
8 54
0 39
21 47
9 28
25 92
21 36
10 25
17 92
2 59
3 81
1 14
18 40
15 90
7 72
22 10
18 3
