90
21 90
0 45
23 69
6 39
23 84
0 42
27 47
0 38
29 37
3 34
8 46
28 98
21 26
21 46
14 27
8 6
26 2
30 53
0 37
16 1
26 90
9 94
9 42
7 47
20 37
22 39
15 53
3 58
6 58
8 81
5 14
20 94
3 81
10 32
21 42
23 11
2 11
16 95
6 12
6 76
4 75
14 74
20 21
19 88
5 83
11 95
6 61
11 41
21 27
10 96
20 43
29 99
22 69
10 13
28 9
5 26
20 60
27 8
14 42
27 35
19 1
6 38
18 11
22 65
24 6
4 22
25 15
28 39
23 34
7 48
18 31
7 74
15 50
16 53
17 5
12 30
6 28
2 8
12 17
22 28
14 29
30 78
11 76
11 81
7 85
23 51
20 54
29 27
7 93
21 1
29 76
25 35
2 91
17 75
13 13
15 4
14 59
24 31
26 45
6 38
2 32
5 29
7 42
28 82
16 38
14 22
18 29
5 59
16 86
25 43
11 73
12 24
10 88
3 66
23 59
3 19
24 12
9 64
25 38
12 85
10 24
25 30
4 91
23 84
15 37
15 33
29 41
14 76
4 3
30 4
14 3
13 19
8 39
0 21
2 19
11 46
0 61
5 80
0 87
4 79
28 77
20 40
1 69
23 33
29 40
14 75
16 88
20 29
6 38
9 10
12 23
2 58
3 100
7 58
15 69
2 96
0 83
7 44
17 45
28 61
19 12
1 17
25 79
12 93
14 75
12 64
11 71
16 87
18 86
4 53
29 46
29 64
26 6
10 100
13 5
30 4
1 77
11 66
13 46
24 47
19 15
19 44
22 23
10 81
30 97
5 60
14 56
30 15
23 88
16 19
8 36
15 74
2 5
10 16
13 39
29 85
18 39
3 74
4 16
13 99
9 74
13 40
14 70
25 48
21 96
18 22
8 88
0 98
17 62
4 57
25 55
28 12
21 65
3 57
6 48
20 44
24 22
19 40
25 35
6 35
28 74
14 48
21 67
0 51
17 25
8 68
18 54
27 43
16 22
15 50
24 90
28 46
15 69
12 16
14 99
1 92
18 90
7 45
9 95
13 89
17 29
21 74
28 31
18 31
4 41
5 2
0 78
15 66
12 57
0 4
9 91
21 70
23 89
6 11
1 3
10 73
5 76
4 49
5 7
20 72
25 81
23 54
24 12
18 70
4 91
21 74
29 61
28 25
17 63
0 90
18 62
10 63
14 71
29 79
21 24
30 20
11 90
6 19
22 47
12 83
8 10
25 29
14 82
26 75
26 50
3 20
22 98
21 23
1 21
22 50
27 17
1 7
12 38
26 73
22 3
23 23
1 55
4 85
0 53
30 54
14 31
2 17
4 31
6 40
20 51
18 61
6 95
14 5
12 62
29 36
0 29
9 61
28 60
4 58
16 61
11 73
5 7
14 21
28 54
7 90
14 75
28 82
25 5
14 99
10 80
27 44
27 64
12 9
28 14
7 45
2 50
14 48
22 1
16 39
28 13
26 69
16 63
19 50
16 62
6 96
27 43
13 89
29 30
8 95
13 4
12 92
10 42
30 8
22 29
30 96
5 18
0 26
16 9
15 70
20 25
17 17
23 82
8 91
9 50
25 40
8 87
3 54
24 93
4 84
4 51
24 42
1 12
8 88
10 25
0 60
2 41
3 95
9 67
1 70
30 25
5 66
3 73
7 15
27 83
8 85
23 79
3 12
19 10
6 38
0 80
15 82
22 57
28 91
11 11
24 47
4 49
3 22
30 51
27 51
11 59
26 37
14 34
8 13
2 59
8 32
