90
15 25
15 67
28 21
21 5
14 44
11 26
13 83
18 36
17 80
5 66
14 23
26 20
29 79
30 80
9 87
3 31
13 7
9 35
14 45
2 94
0 40
1 69
28 58
20 72
22 83
17 98
23 61
10 38
2 19
1 21
26 1
1 19
23 68
10 63
20 28
27 20
19 68
30 17
16 50
27 31
26 84
23 18
12 8
0 51
10 8
22 89
26 37
25 1
29 71
1 14
18 91
0 64
23 92
18 41
13 30
4 11
4 65
27 36
9 18
11 33
20 67
6 69
13 8
22 15
23 93
25 98
8 46
18 56
24 42
26 28
23 8
18 65
22 73
2 65
7 88
9 38
6 71
26 93
13 71
9 64
1 53
4 61
15 35
16 1
16 42
16 100
9 50
29 34
13 51
8 48
26 94
5 66
21 25
11 54
22 29
22 60
2 22
14 81
5 32
13 3
1 46
8 22
5 95
26 37
27 27
12 42
20 21
7 99
14 8
7 98
29 88
12 99
0 35
5 52
20 64
26 24
7 3
25 34
24 77
12 37
23 57
23 1
26 46
14 50
15 70
19 38
19 96
5 67
12 49
17 78
22 79
1 51
6 78
4 81
23 56
7 62
2 29
0 77
15 1
19 62
28 46
26 2
2 28
17 42
9 70
9 36
18 7
8 92
24 91
3 43
25 75
16 94
25 34
27 12
29 39
11 52
20 81
11 23
17 22
24 65
4 14
25 77
21 11
7 95
25 33
13 62
4 11
27 4
7 22
15 46
7 65
23 29
12 23
18 74
7 87
22 95
20 88
6 58
26 59
12 17
17 43
1 80
26 62
11 97
15 72
3 49
9 58
12 36
9 68
26 2
8 94
28 30
10 51
23 33
5 73
17 88
24 15
4 75
18 67
25 67
17 91
11 26
11 40
10 93
25 58
29 86
9 44
11 45
6 60
2 48
24 79
19 59
21 29
0 43
11 81
9 43
5 11
25 36
23 98
20 56
8 41
9 83
17 2
17 24
0 25
5 38
16 21
6 41
26 12
15 86
27 73
28 59
23 42
27 49
18 50
5 40
6 52
18 82
10 99
4 68
16 2
17 72
21 59
1 18
23 90
27 87
13 58
1 34
4 2
7 34
12 14
17 1
19 13
13 66
28 26
24 90
4 91
1 76
13 84
22 26
2 47
5 67
25 4
10 98
24 70
0 53
2 49
30 51
22 88
3 44
0 46
8 93
1 32
3 43
6 71
16 76
2 32
15 52
24 8
5 11
30 67
20 99
21 26
10 44
19 46
20 73
7 15
30 70
26 56
14 10
11 93
0 25
22 59
5 31
6 77
19 35
5 8
23 6
29 12
12 20
29 70
26 28
9 8
19 77
25 41
11 82
7 56
13 24
24 24
28 75
25 87
11 10
16 47
7 6
17 87
6 15
11 37
23 95
18 25
2 61
4 62
28 10
2 89
29 57
5 21
6 54
8 8
7 11
5 1
19 30
4 49
22 36
18 59
25 42
23 33
7 8
4 8
11 14
20 12
8 89
17 26
1 72
12 14
6 79
1 83
18 74
11 92
27 29
9 11
23 2
8 52
30 80
9 36
5 89
11 96
0 18
21 65
4 88
27 73
14 45
19 1
24 42
11 76
1 15
23 36
9 48
11 63
5 18
4 3
16 9
2 84
2 82
20 44
25 30
3 56
7 73
0 26
25 79
2 60
30 64
21 91
24 68
10 10
1 82
2 71
30 23
23 12
6 17
28 1
14 37
19 6
23 23
0 57
11 48
0 31
5 54
11 1
29 51
21 27
3 70
