90
25 99
9 28
0 55
20 3
23 40
13 11
20 67
19 14
20 40
22 79
21 43
21 21
14 30
17 52
7 81
4 55
16 17
25 78
17 5
22 21
1 43
15 52
20 77
12 29
12 51
28 64
15 9
22 93
10 9
11 64
10 29
6 61
12 67
18 3
19 39
16 27
17 92
5 14
17 3
13 83
16 5
10 46
12 30
5 62
13 82
17 39
1 95
7 84
16 57
6 20
3 15
11 6
30 3
11 77
25 8
22 32
24 44
14 79
28 96
20 66
1 32
11 92
17 94
22 2
6 30
10 68
26 11
0 96
8 45
12 54
17 51
21 48
6 23
8 64
18 52
4 21
24 59
20 59
14 14
12 85
21 70
15 6
29 25
15 35
1 86
1 96
25 81
4 4
21 9
9 7
13 18
29 98
1 18
25 85
10 38
20 9
30 100
3 95
14 72
29 9
20 78
25 97
27 80
9 51
20 92
21 6
9 99
28 95
0 41
20 99
6 48
20 53
22 54
23 79
25 89
0 82
20 13
3 35
20 39
25 41
19 84
18 93
24 44
7 96
22 34
23 27
27 55
11 96
7 28
20 10
22 97
30 58
1 1
4 85
8 55
10 54
10 38
3 42
0 53
24 63
16 64
21 30
5 68
23 34
3 23
13 79
0 56
17 24
10 22
27 6
3 93
27 57
22 49
8 8
20 4
14 13
6 23
6 27
25 92
30 21
22 28
21 65
16 51
9 70
9 60
28 62
22 76
22 21
19 41
11 18
26 42
27 7
7 82
26 15
13 36
18 61
15 75
9 31
9 54
6 49
19 52
15 92
3 82
16 12
15 91
28 19
6 50
3 7
10 77
14 41
18 9
13 34
26 7
24 59
6 62
4 34
20 15
25 91
8 15
28 63
13 64
10 23
14 94
17 28
19 22
18 37
3 12
26 66
27 90
8 44
10 57
7 66
21 44
4 43
13 91
6 50
24 18
14 54
2 1
30 19
21 19
2 15
13 66
10 26
17 75
18 56
7 62
26 30
18 85
4 6
11 86
3 1
24 15
16 68
28 83
12 28
8 1
11 46
5 93
21 66
10 41
18 49
17 8
30 84
7 8
19 12
10 54
8 42
30 22
7 39
20 95
26 93
27 48
22 56
13 58
18 74
16 87
28 58
29 56
25 4
1 14
14 14
23 30
3 96
29 79
14 60
4 42
26 14
0 15
21 13
17 17
12 64
6 76
8 99
14 11
24 20
13 10
28 71
4 100
18 98
15 33
18 75
26 7
20 46
28 7
1 37
26 66
19 32
1 63
3 78
18 49
6 41
21 44
26 87
25 56
22 27
22 33
12 87
9 32
24 83
20 70
4 7
18 21
25 9
28 14
30 38
27 7
30 52
26 76
5 3
29 62
1 66
3 47
27 7
25 69
4 98
22 84
24 22
16 17
3 80
27 29
0 41
10 33
27 99
8 96
9 44
21 70
18 9
8 64
12 23
17 24
12 96
13 6
19 57
21 28
28 38
5 90
7 66
19 51
4 33
20 63
13 63
19 54
20 49
22 29
30 26
5 45
25 72
24 50
17 80
24 91
7 95
14 94
6 42
8 100
11 16
20 80
21 43
21 31
9 35
7 19
22 30
29 18
19 43
29 44
10 75
30 81
30 5
28 91
0 96
9 18
24 51
17 50
4 54
15 48
16 26
4 75
28 82
3 69
16 43
23 19
9 29
22 48
24 48
6 42
13 39
9 65
14 12
5 12
22 44
4 82
0 73
30 20
15 84
4 9
28 98
22 81
6 70
27 56
1 28
