90
26 52
14 9
27 20
0 64
25 91
1 56
25 61
6 40
9 75
20 48
18 81
12 32
7 76
4 26
29 30
29 90
23 67
11 34
13 2
4 42
25 23
8 44
1 61
25 84
23 13
9 93
17 82
6 50
1 66
11 85
12 8
10 8
21 13
9 56
20 4
1 44
22 37
13 98
2 21
19 18
18 38
25 2
10 37
12 75
5 48
10 91
3 84
18 36
7 28
28 14
29 86
15 4
0 51
5 92
7 37
4 48
11 66
15 14
24 71
21 60
13 86
22 84
2 32
21 45
10 5
20 74
14 93
12 59
16 92
17 68
9 67
11 17
30 72
26 47
27 39
10 68
16 84
7 85
5 74
1 16
4 21
29 47
2 65
27 10
22 91
26 28
3 23
27 14
28 19
4 86
2 70
27 64
14 59
11 77
14 53
0 62
28 95
15 3
2 39
26 28
21 76
16 51
13 17
3 76
27 12
18 55
18 89
14 23
16 20
19 25
10 48
24 38
20 90
16 71
20 38
26 79
11 81
12 4
3 4
7 68
13 7
18 73
24 73
8 43
4 86
0 10
21 16
20 77
0 20
28 52
9 32
1 89
3 51
25 99
10 38
29 35
9 41
8 45
30 68
21 66
14 74
28 29
14 57
21 8
29 7
21 39
14 98
18 79
28 5
0 42
13 41
3 60
2 80
5 91
28 83
14 11
2 90
21 12
27 18
27 37
15 31
25 64
1 29
23 77
26 96
5 20
2 17
25 15
12 85
29 83
13 43
8 18
6 27
16 64
14 52
30 65
20 28
3 80
25 44
12 82
18 40
19 17
29 95
6 74
26 71
20 40
15 82
23 13
3 22
9 72
4 70
4 28
5 95
25 61
26 8
3 74
10 98
25 22
8 61
19 54
25 93
11 68
26 56
15 38
3 64
3 91
13 79
1 94
7 78
27 18
7 5
14 45
9 73
10 57
28 9
11 50
23 90
30 63
25 75
20 18
5 44
0 50
20 11
26 65
28 45
5 5
11 29
23 70
25 26
5 29
9 69
29 11
8 64
2 86
11 25
20 3
13 26
17 93
18 53
17 24
28 95
14 64
0 29
3 15
23 94
30 88
29 30
19 63
22 74
1 64
19 19
22 4
21 14
27 78
18 60
16 59
22 80
7 5
20 91
26 61
16 39
9 74
30 47
4 81
26 92
7 6
4 77
8 71
3 24
19 84
24 75
26 41
5 91
20 96
13 80
10 39
12 9
18 18
13 46
3 41
18 63
26 33
1 4
22 57
8 37
27 19
23 14
1 97
5 30
25 4
12 16
5 13
6 98
8 61
0 45
16 31
1 35
25 61
28 41
0 21
1 38
9 70
27 74
16 60
4 22
0 92
10 50
26 90
25 24
9 29
14 86
2 40
2 72
4 49
6 75
17 97
8 90
8 9
18 34
4 7
0 5
27 58
10 77
18 57
13 1
22 63
17 3
14 49
5 59
28 86
25 97
11 72
3 28
14 82
2 97
10 71
25 74
19 84
4 49
25 69
22 27
7 39
7 15
12 45
1 12
10 44
24 26
10 42
9 22
29 38
9 43
2 1
10 85
0 48
25 84
1 48
15 47
2 18
2 97
16 2
27 87
18 76
7 23
5 2
7 5
23 76
23 8
28 67
24 82
19 15
16 73
12 23
5 57
24 45
14 49
17 76
15 63
20 97
29 5
23 77
19 47
22 16
0 58
26 49
20 89
0 74
10 98
4 30
22 33
1 80
13 22
21 32
28 86
26 54
10 58
18 78
15 8
3 24
9 96
28 60
