90
6 84
13 88
14 35
20 30
9 78
23 40
24 41
20 42
24 8
23 88
24 73
19 23
7 18
8 21
14 59
20 31
17 44
5 52
17 51
21 87
22 87
29 33
4 71
20 83
10 32
4 97
19 11
11 50
22 14
7 45
23 31
9 90
30 47
2 9
12 50
10 84
9 100
5 59
8 86
1 79
24 23
28 73
4 12
20 22
21 84
9 83
12 93
9 39
18 64
14 85
1 10
4 96
10 54
16 87
14 77
23 62
19 95
8 90
4 31
24 51
27 63
11 26
7 94
9 14
16 8
11 57
14 51
1 71
3 84
3 55
18 12
29 80
22 75
11 97
26 1
8 53
3 67
23 82
25 91
13 23
8 24
26 67
19 16
22 42
21 43
14 20
27 9
20 54
29 9
3 58
4 8
17 74
9 24
12 37
29 69
8 3
16 71
6 46
19 31
11 58
9 6
17 26
14 87
7 46
7 10
18 23
1 56
10 7
2 48
12 99
26 94
3 82
28 55
27 14
21 1
28 68
12 60
25 41
10 89
14 17
17 72
16 75
13 71
29 35
15 6
16 53
12 15
29 10
8 14
27 79
13 26
18 33
12 30
17 7
7 88
10 62
0 88
15 94
3 55
18 60
23 15
13 35
22 98
3 51
19 49
25 46
9 50
0 66
17 71
15 88
16 93
29 1
21 25
24 11
18 91
5 80
21 88
11 61
15 7
21 21
9 99
17 99
11 45
24 64
29 22
20 75
19 89
3 100
14 43
20 33
1 12
23 36
6 79
13 29
30 14
20 45
23 50
29 94
15 11
19 96
12 21
8 54
28 76
17 62
21 39
8 37
13 31
29 67
14 1
19 85
21 92
14 94
7 1
3 84
0 67
25 8
12 82
15 31
14 38
21 73
15 89
4 5
3 11
0 30
2 21
17 4
26 16
9 90
18 32
19 26
17 86
5 79
8 85
13 92
0 3
2 89
1 25
19 48
10 47
4 30
14 74
24 39
26 54
4 35
18 87
12 83
17 19
6 55
19 54
30 12
8 31
5 1
14 38
11 45
10 11
16 49
30 38
24 17
16 88
1 96
9 61
18 17
0 39
8 37
23 64
28 65
8 95
3 49
12 2
28 56
24 18
16 69
21 78
25 22
26 61
28 71
21 53
12 59
17 22
10 98
0 71
21 80
18 41
18 50
15 64
3 89
7 25
24 86
6 91
5 26
15 14
20 49
20 67
24 92
14 36
23 93
12 81
5 41
22 58
19 61
30 31
4 94
8 53
13 93
28 50
28 52
6 29
29 39
18 28
24 50
29 58
28 84
10 76
28 25
23 67
23 49
30 72
9 97
19 59
0 65
7 86
24 26
4 9
24 70
3 99
16 41
12 62
17 100
17 85
19 9
8 55
17 93
23 76
7 58
7 36
19 4
11 3
1 94
14 20
20 55
27 44
15 23
25 43
5 57
21 74
23 52
22 42
18 77
5 56
11 86
16 49
17 57
15 23
30 62
0 30
29 68
10 29
10 85
22 99
30 13
4 64
28 37
25 20
0 31
14 76
1 3
8 97
23 99
8 25
15 76
3 11
11 34
8 59
26 94
21 100
15 37
11 60
3 92
20 36
8 98
17 94
18 98
18 89
18 76
22 18
17 31
13 76
18 37
16 32
7 32
24 62
2 64
26 13
1 54
12 87
30 93
10 28
6 43
19 72
16 47
30 78
9 34
30 88
26 89
22 6
12 67
8 79
8 43
11 39
18 63
22 15
25 82
3 43
2 2
27 59
25 23
8 54
1 56
23 31
8 22
