90
21 93
19 47
5 43
18 66
11 98
2 86
16 66
25 63
24 48
17 88
8 26
13 49
7 33
21 59
30 30
21 13
27 37
2 75
21 43
22 73
29 96
20 42
27 93
19 53
23 82
13 78
14 98
30 21
20 26
7 91
7 76
0 2
25 38
13 64
26 19
21 44
0 30
24 46
15 50
9 13
18 27
29 71
4 23
22 60
2 43
25 81
15 36
28 52
23 60
12 14
28 12
22 65
13 26
20 100
17 63
29 60
1 48
24 73
11 17
13 26
28 18
19 15
27 77
6 33
9 71
26 87
2 89
17 88
8 73
17 67
1 11
16 13
1 82
0 84
12 92
28 47
20 60
13 6
28 14
30 47
24 13
4 81
23 11
6 38
9 100
14 76
24 33
30 39
27 6
19 80
11 69
16 37
10 34
20 14
2 3
9 18
1 63
12 76
15 43
3 90
0 23
20 32
30 31
9 87
21 100
14 13
30 13
14 40
6 4
3 52
22 50
9 77
28 70
2 8
8 86
28 11
4 29
8 61
9 68
6 53
26 59
18 78
21 12
30 9
18 34
17 12
29 69
28 14
29 70
20 8
1 64
22 43
27 19
0 87
0 75
23 48
23 96
4 96
30 38
2 94
6 32
18 43
29 21
30 17
28 66
7 66
30 23
18 80
13 69
23 69
26 67
9 15
7 82
19 14
23 30
12 39
18 27
18 59
28 34
6 70
3 11
5 17
26 14
3 72
14 70
15 46
4 14
0 28
17 95
5 80
23 12
29 43
21 67
20 24
17 25
17 59
10 70
15 63
2 9
3 51
5 30
23 21
9 89
3 51
28 69
28 86
3 23
0 63
24 75
8 81
28 25
1 58
2 58
20 40
11 79
26 97
16 68
9 31
20 10
19 69
19 81
26 96
1 48
19 47
11 97
11 6
1 51
16 37
17 77
8 13
3 69
15 93
15 35
21 34
18 95
16 49
4 30
14 88
7 21
7 36
2 96
15 69
26 89
22 79
22 55
16 89
30 77
20 33
3 39
6 29
8 15
2 55
4 38
2 40
29 38
17 79
23 15
9 72
6 95
0 64
6 63
3 41
22 16
27 36
7 54
14 49
16 39
24 87
17 4
3 91
0 8
27 19
10 31
11 81
20 41
27 71
0 32
3 17
10 2
13 55
28 98
19 20
0 68
14 33
25 55
16 25
15 56
7 32
29 73
0 85
11 25
8 36
17 53
12 30
2 38
26 97
17 53
22 55
5 25
17 90
11 66
13 97
25 44
5 57
15 47
22 92
19 63
11 14
0 44
8 74
24 18
30 2
25 75
17 82
1 20
21 35
3 41
15 59
8 25
20 81
15 36
14 29
26 54
25 81
11 94
29 29
7 76
15 41
10 90
10 19
13 64
20 82
22 51
20 14
5 91
5 36
9 33
30 40
16 23
15 86
21 12
11 81
22 48
10 31
1 84
6 29
19 78
5 12
10 1
14 22
29 20
5 43
24 36
13 74
26 28
24 55
2 80
5 45
10 16
25 3
25 30
6 53
3 50
6 60
28 53
22 73
4 61
24 92
14 20
2 16
19 67
21 80
15 33
12 23
13 23
5 67
27 83
13 88
4 66
16 46
15 11
22 7
4 57
14 11
21 34
28 18
22 15
9 98
11 48
14 23
17 42
4 48
16 69
25 74
21 45
15 22
30 17
20 25
0 91
7 40
28 93
21 94
22 35
15 65
2 52
26 73
29 85
4 55
19 21
14 90
11 79
25 2
26 68
3 51
19 7
24 96
6 68
11 65
12 14
5 54
