90
20 16
1 41
27 52
19 16
13 72
27 55
0 30
11 7
12 12
25 62
23 95
29 38
13 13
6 16
19 28
20 73
18 33
26 43
25 3
23 52
14 77
1 76
29 58
29 3
8 6
21 33
20 24
6 97
2 17
18 90
3 87
11 93
15 27
12 32
24 79
18 77
16 83
13 33
21 63
9 53
18 86
3 71
0 27
14 62
4 12
29 43
11 85
22 68
11 80
18 54
8 80
27 87
21 46
19 5
7 98
18 37
17 79
7 72
6 8
4 13
24 66
13 59
24 18
21 24
0 32
4 15
1 100
6 10
0 49
5 96
29 21
4 60
9 38
6 31
5 90
1 62
29 78
14 44
15 95
13 92
7 95
24 93
6 67
21 11
12 48
15 63
17 47
24 38
13 33
2 19
24 39
4 42
3 72
7 12
18 99
3 72
0 68
12 68
16 68
4 35
19 70
21 12
26 41
19 32
11 7
16 57
13 18
29 68
13 74
26 83
14 32
20 18
22 54
6 51
17 94
8 3
25 12
27 93
17 59
27 76
28 13
21 47
15 52
29 72
22 53
11 31
26 69
16 74
2 6
19 7
28 9
2 84
6 9
4 19
1 41
18 87
10 80
13 6
1 41
0 23
14 37
23 11
3 5
12 14
10 53
14 93
5 17
27 71
21 17
4 98
14 42
0 40
23 33
24 38
24 36
18 39
26 31
7 86
27 53
8 89
13 71
20 12
25 56
12 98
29 71
3 55
20 68
20 85
26 84
29 100
29 7
0 100
2 21
23 23
26 28
29 35
7 89
2 92
13 33
24 24
25 57
26 16
18 65
8 85
17 61
24 46
21 98
2 61
26 45
2 20
22 91
19 42
24 75
29 4
22 82
18 18
27 55
22 54
14 42
29 60
0 28
29 8
27 19
1 59
28 57
7 25
25 38
15 75
10 88
26 14
6 88
24 97
10 71
5 58
19 78
17 59
12 20
27 45
5 71
6 23
16 80
27 85
1 2
17 52
6 7
29 65
2 39
22 95
9 60
4 89
4 65
28 32
5 59
15 76
6 52
18 60
8 15
5 81
24 41
8 42
4 24
24 68
6 50
12 10
21 98
18 65
22 52
9 53
30 14
7 31
14 86
26 37
29 92
13 13
30 38
6 88
10 96
17 63
2 33
9 3
24 96
27 56
21 74
21 15
23 16
8 82
12 64
23 31
5 84
23 92
11 91
20 12
6 32
9 13
21 63
16 20
10 90
14 28
19 39
3 32
26 21
22 6
20 21
21 24
17 33
21 83
16 55
27 30
29 9
9 54
10 70
11 4
10 43
22 17
30 42
29 64
10 75
24 84
18 82
9 75
27 3
8 53
26 39
3 38
5 8
21 67
7 70
23 34
19 94
26 99
1 79
11 45
3 61
15 80
6 10
16 50
25 1
5 77
9 50
25 71
0 59
22 100
3 54
19 88
16 75
13 65
2 13
17 10
22 38
25 57
25 19
6 35
22 31
7 78
20 60
27 64
1 34
2 43
16 5
24 48
19 44
29 72
4 13
25 66
11 55
21 7
10 38
30 11
15 93
23 1
6 3
2 21
28 28
3 28
23 51
25 55
28 62
26 65
24 49
21 80
8 89
12 39
21 45
9 4
9 48
11 24
10 15
7 28
26 42
28 7
22 24
20 79
7 1
10 19
24 42
16 21
8 71
25 27
4 54
30 45
24 77
14 70
27 77
10 96
3 58
4 39
2 72
16 47
7 66
24 20
19 12
27 69
27 7
7 52
0 43
20 72
9 73
5 20
11 20
8 46
