90
19 9
26 60
3 85
28 31
7 16
2 75
22 24
24 40
16 39
25 72
8 26
13 32
6 94
8 40
22 42
7 20
27 65
27 13
11 87
15 11
8 57
24 35
30 46
0 49
23 11
30 62
16 35
25 98
1 56
30 42
3 87
4 3
2 59
5 74
17 89
22 72
21 87
12 35
24 61
20 35
30 96
20 77
0 1
29 62
16 51
17 98
0 2
22 28
6 88
8 83
16 66
20 59
19 38
20 57
10 6
2 84
26 74
3 12
7 43
5 43
23 20
1 41
26 50
19 99
23 86
7 76
9 85
17 62
17 37
28 50
29 99
29 7
30 45
16 77
23 28
7 83
5 13
18 28
30 32
5 43
16 65
7 42
28 33
5 47
1 45
27 6
23 82
24 11
18 17
14 39
14 28
15 6
9 78
30 64
14 51
22 35
24 6
15 71
0 85
10 100
0 85
16 97
22 13
14 16
2 100
13 29
24 77
3 35
0 67
21 62
19 32
14 66
17 60
1 35
27 60
15 30
30 94
27 40
0 59
5 87
6 1
10 83
1 99
7 10
24 62
17 6
11 99
15 53
11 17
14 38
3 58
0 98
5 3
8 1
19 64
4 32
26 19
19 55
19 67
25 60
30 82
9 45
1 5
10 31
17 7
11 39
29 85
13 67
30 66
4 9
7 85
2 2
15 59
13 40
1 6
29 96
7 56
14 56
15 50
17 22
5 63
25 94
13 71
17 48
9 76
4 1
0 19
30 14
1 59
2 91
15 85
20 84
24 1
27 10
1 12
13 23
16 11
10 51
17 44
2 39
15 4
23 58
6 24
20 51
1 100
0 42
3 55
15 74
29 5
18 48
5 49
6 42
22 13
30 82
26 74
13 21
16 98
17 77
27 28
19 96
27 68
15 14
2 99
19 98
18 36
7 4
4 27
3 88
7 90
5 44
17 46
9 38
3 2
9 37
10 15
21 25
20 89
6 19
9 73
6 34
0 81
7 90
27 30
24 47
26 37
23 79
5 44
30 25
11 5
9 94
25 55
14 60
9 3
18 31
25 69
0 79
13 78
21 96
26 92
4 57
15 43
15 18
26 54
6 15
0 54
8 67
8 99
12 27
29 89
21 50
7 62
27 45
20 33
8 92
11 17
15 19
17 94
14 39
14 34
16 82
6 15
11 19
1 90
7 23
3 50
19 15
14 16
6 13
28 76
20 75
29 70
7 25
26 30
5 75
15 8
16 31
25 54
27 5
14 72
25 46
23 48
15 1
2 24
3 36
19 85
3 37
10 88
6 16
4 74
14 56
1 67
30 72
18 4
7 6
14 26
20 53
7 74
0 41
18 65
0 64
26 2
25 30
7 20
30 73
29 16
30 18
4 30
29 50
26 4
2 54
18 55
10 98
8 45
2 52
16 5
5 73
0 85
7 47
10 67
19 50
20 14
25 52
16 33
17 44
13 20
15 51
0 10
19 35
22 29
20 33
2 3
26 14
19 62
19 82
22 20
1 15
12 12
21 76
0 74
15 25
14 92
6 67
17 10
4 62
27 98
27 13
24 86
18 30
16 61
18 39
29 90
12 31
11 86
19 68
25 62
9 45
22 4
20 65
27 81
5 34
28 13
25 13
17 7
7 99
0 50
15 43
16 89
6 99
22 51
26 39
17 4
0 77
25 54
8 75
24 11
19 66
22 99
20 8
11 100
2 100
8 28
13 15
4 65
5 66
14 47
8 77
20 28
16 20
6 85
25 40
27 82
12 75
26 4
15 30
2 98
27 94
4 21
1 74
22 84
18 98
