90
0 80
7 96
10 64
10 39
24 60
18 56
11 23
23 49
7 88
6 35
24 3
23 53
22 96
10 63
18 44
15 7
8 27
12 28
25 30
29 55
22 68
3 69
24 92
9 11
11 46
25 63
19 23
10 3
11 11
23 61
7 32
27 7
23 88
4 15
24 10
6 92
18 54
10 93
24 40
12 43
16 92
21 28
4 32
26 88
8 67
8 5
20 25
20 41
10 54
5 51
25 62
21 12
9 21
25 10
11 62
25 70
17 13
25 63
15 100
29 3
2 20
0 67
22 63
20 13
3 90
16 53
12 47
19 36
9 46
21 82
26 51
30 36
7 49
24 24
5 85
6 15
1 53
1 93
18 6
8 82
17 73
0 78
20 55
9 56
22 67
30 6
24 71
8 25
27 100
3 84
13 71
6 79
28 20
0 13
20 53
28 11
22 4
25 50
17 16
8 61
27 45
21 84
0 32
14 90
4 55
15 87
3 61
20 37
22 80
5 83
30 17
26 24
20 37
15 72
26 97
3 74
16 38
26 69
9 5
17 68
30 12
12 83
19 82
12 47
5 19
3 13
14 33
13 97
14 75
6 68
10 99
2 73
15 37
22 17
6 94
28 43
15 93
4 94
9 14
20 17
17 62
26 68
29 8
0 3
5 72
11 79
27 63
15 58
9 37
13 1
15 67
6 61
29 25
22 44
27 29
3 51
15 29
2 20
16 76
21 90
30 94
28 92
27 32
17 10
8 65
29 30
4 60
29 35
26 87
13 100
15 6
0 1
22 33
9 28
20 5
3 79
4 99
11 34
29 66
16 79
14 35
5 1
17 36
20 62
21 10
29 49
14 58
16 12
6 15
9 12
4 25
4 56
8 14
30 58
3 14
3 6
27 49
25 88
10 60
0 78
24 72
17 64
20 37
24 44
9 91
20 71
22 10
0 65
20 43
10 66
24 28
2 47
10 77
15 95
29 48
24 26
11 35
15 97
12 11
25 77
3 98
7 44
24 93
25 31
16 8
2 61
26 92
28 44
27 99
25 31
29 70
13 89
19 100
21 64
21 81
30 54
0 83
24 77
5 87
14 41
15 70
8 100
5 18
16 13
26 43
14 47
17 11
17 45
30 17
19 51
28 87
4 83
25 42
24 65
7 45
1 50
1 56
14 36
30 81
3 88
21 80
22 80
24 55
4 77
22 58
2 90
8 74
14 55
30 16
11 21
29 64
2 65
16 80
18 89
28 52
22 82
18 19
22 71
20 61
24 70
30 48
27 25
15 62
20 32
19 29
18 86
25 27
19 90
23 29
5 93
22 56
25 61
30 24
3 69
28 49
19 86
18 30
5 79
30 46
16 10
21 28
29 57
21 45
18 16
25 9
1 64
8 59
14 52
28 3
2 62
18 82
24 53
26 26
10 60
29 38
14 10
7 34
20 57
26 98
19 14
15 79
12 81
29 76
7 100
20 75
8 16
8 93
0 54
18 35
7 97
10 84
18 5
21 78
2 56
25 49
21 44
4 19
22 9
16 41
9 13
17 45
26 87
2 50
9 66
26 100
16 73
10 25
8 61
7 74
16 62
28 32
23 98
24 51
1 25
9 18
28 16
17 29
30 87
13 62
27 6
5 37
8 97
23 42
21 74
18 91
27 7
27 4
13 78
14 60
6 29
5 48
18 19
1 22
5 41
17 87
4 28
30 68
17 65
2 52
19 76
22 69
19 66
26 29
14 8
18 84
7 44
30 22
9 8
17 42
0 99
12 55
9 63
4 53
27 36
26 57
6 8
14 90
13 17
4 60
7 26
