90
28 72
18 72
24 92
26 39
30 66
30 93
30 92
19 65
3 1
30 67
6 46
17 29
1 42
12 38
4 20
21 84
0 98
13 14
3 12
13 98
13 48
10 48
15 73
11 73
13 63
4 69
25 51
28 37
20 63
19 64
1 30
19 63
27 1
16 7
17 47
26 75
18 91
3 93
12 79
15 1
17 78
13 26
30 33
13 35
17 94
3 90
16 14
4 63
0 13
23 8
1 34
3 31
26 54
20 8
5 59
27 65
8 75
21 56
16 44
16 66
27 93
7 65
14 28
8 99
26 67
2 52
15 96
0 83
18 53
11 68
4 52
9 9
14 11
5 62
22 10
15 43
11 28
13 51
14 2
17 10
24 83
10 48
3 14
9 38
19 20
3 65
3 12
16 8
14 30
25 81
30 88
22 83
19 28
20 54
6 9
8 21
0 71
26 32
5 48
18 1
5 35
1 39
25 99
27 90
15 52
25 98
8 66
19 1
29 31
11 79
1 29
21 1
16 44
11 10
5 36
4 48
12 74
7 85
29 48
25 7
15 40
11 2
2 38
15 87
3 22
16 50
5 10
27 81
2 74
10 45
13 10
14 19
12 24
28 29
26 32
17 39
14 96
18 87
6 61
5 5
10 13
19 18
8 6
3 90
27 47
25 29
13 83
25 2
15 82
9 65
24 29
9 75
6 99
4 94
17 34
10 82
4 35
19 14
29 64
25 57
26 93
29 22
25 62
22 66
7 11
16 56
24 61
10 64
12 22
7 8
26 94
28 62
11 5
7 15
2 79
21 47
30 79
22 63
13 44
18 50
25 97
19 81
12 97
3 17
16 19
16 32
29 40
10 55
22 62
14 10
24 10
19 91
15 81
13 18
3 65
18 59
28 93
16 23
1 40
11 33
10 59
8 39
20 88
12 93
18 47
24 96
30 24
17 28
8 45
7 93
13 32
16 8
9 93
19 56
22 40
18 1
9 40
0 95
5 86
22 39
21 75
28 98
28 17
21 85
4 21
16 94
15 60
14 2
8 7
0 41
18 41
1 55
1 86
14 9
10 28
10 68
5 75
25 89
28 99
22 18
1 77
30 30
15 17
18 26
25 21
20 38
24 13
3 58
24 76
2 22
13 92
24 95
19 76
19 63
21 16
24 29
0 56
28 100
21 31
11 70
15 66
16 21
15 26
18 9
26 77
26 81
2 68
27 28
3 43
18 2
25 16
4 64
12 89
19 58
30 8
26 27
2 13
17 36
14 81
29 21
5 92
4 51
26 47
13 50
17 2
4 63
17 20
14 62
20 71
26 25
18 82
25 80
0 7
19 97
27 64
30 37
19 10
3 27
26 23
26 44
25 36
22 19
16 24
5 21
23 68
25 33
26 24
25 77
15 29
13 97
18 52
14 89
9 10
15 99
9 19
15 20
30 54
26 92
0 72
30 50
7 35
3 15
19 33
2 48
1 24
4 8
13 29
11 8
21 56
10 74
14 89
10 100
8 75
28 92
24 88
22 98
8 54
14 48
0 62
30 56
14 5
2 55
24 42
12 48
26 46
20 97
9 81
7 58
30 75
4 93
8 14
6 13
13 31
8 49
11 100
30 49
30 73
9 8
18 37
4 4
28 23
8 31
28 82
24 59
10 43
13 80
17 64
2 49
26 97
2 47
10 98
5 55
28 72
17 90
29 40
0 94
26 79
7 13
24 30
4 16
8 56
26 35
27 13
4 48
12 61
8 58
12 41
6 52
20 48
27 31
2 30
28 85
15 79
10 47
16 19
22 46
18 59
14 100
5 48
10 22
