90
15 94
12 32
20 97
16 5
17 48
28 13
9 100
26 33
7 80
24 44
22 94
3 11
20 90
8 26
12 43
25 75
13 45
28 42
0 27
26 92
9 75
10 83
21 42
1 8
0 20
20 75
28 71
9 98
9 49
1 82
18 61
4 53
17 72
29 94
2 81
12 85
26 90
25 66
20 61
5 73
26 12
15 22
25 54
17 56
21 69
3 4
7 96
19 87
8 81
2 98
28 83
12 73
25 31
13 39
15 70
26 36
8 20
11 47
21 48
11 94
10 63
8 9
17 19
5 40
6 32
10 87
16 43
13 89
24 9
0 87
19 77
16 81
8 90
21 39
11 37
6 95
17 79
21 73
20 43
3 42
29 78
23 55
27 97
9 73
18 29
3 39
25 51
19 48
11 64
27 50
0 72
16 13
2 37
19 17
27 57
18 59
4 54
22 50
0 58
13 93
2 26
19 54
7 75
30 34
13 66
22 27
2 46
9 11
21 23
30 63
30 57
7 67
25 56
6 15
30 43
2 51
21 39
21 59
10 97
10 15
8 78
18 55
27 73
11 78
10 75
4 13
20 29
7 98
21 53
7 72
9 71
20 67
8 10
8 59
8 31
7 9
5 27
19 59
24 68
19 27
1 6
22 44
21 82
23 7
11 62
24 88
29 98
14 62
4 2
12 22
25 40
21 89
30 52
25 2
9 48
3 87
1 69
24 63
9 96
14 38
24 88
26 42
1 66
5 54
7 62
10 92
17 63
0 2
27 95
20 52
15 74
23 29
19 4
21 66
16 82
26 95
11 8
7 100
23 55
4 84
11 99
15 16
27 75
30 83
23 36
4 53
7 70
4 89
1 39
20 37
4 91
8 14
27 8
27 29
14 12
4 64
30 73
19 17
22 18
0 76
3 26
12 70
18 32
14 16
6 16
0 68
6 78
29 86
27 23
30 83
3 22
27 90
6 64
23 89
1 50
2 93
19 37
5 15
22 71
29 44
9 4
24 52
16 79
12 100
29 4
26 79
30 36
9 22
5 73
5 70
13 22
25 32
4 4
12 8
8 98
12 21
4 14
1 22
24 41
12 23
11 93
6 39
26 41
1 4
11 88
22 20
23 70
28 42
17 12
4 58
15 86
1 48
8 9
30 26
9 94
24 94
20 47
16 97
2 17
30 84
1 56
19 55
18 22
8 72
6 14
19 16
28 11
19 10
26 18
30 65
27 100
19 18
5 55
29 62
4 92
0 2
7 67
26 52
18 7
15 26
28 5
16 46
26 97
22 65
26 3
1 74
28 7
14 40
18 59
30 12
8 89
22 20
3 55
14 4
16 98
19 9
19 29
25 8
20 40
16 15
6 53
22 86
20 10
5 94
11 13
22 83
13 38
17 39
9 52
10 99
21 30
29 48
28 16
18 61
6 72
18 23
1 66
15 66
6 28
25 35
12 54
5 19
19 95
7 20
7 21
16 44
2 52
25 85
1 93
7 37
29 73
27 40
30 25
21 17
30 38
19 83
0 57
24 13
13 17
7 51
28 91
1 68
20 43
22 2
23 83
13 67
14 72
29 96
24 73
22 30
18 59
0 18
16 22
5 55
5 91
5 19
26 8
27 31
7 55
25 42
29 26
18 69
6 21
13 26
9 74
16 96
16 43
14 95
21 48
23 27
21 61
0 92
23 26
3 12
21 70
1 90
13 69
4 99
15 92
9 44
27 86
29 67
26 3
4 66
1 55
20 13
9 33
23 43
13 75
25 35
8 53
22 45
15 98
11 13
16 13
30 78
28 20
20 51
3 23
17 38
