90
8 90
27 54
17 66
12 32
13 53
25 27
17 74
13 34
4 3
13 63
3 30
4 32
5 56
23 68
10 44
3 24
6 93
9 15
23 79
19 84
11 11
22 6
7 18
2 15
19 27
16 82
8 79
13 66
21 36
4 72
19 84
30 64
12 43
14 35
29 75
12 51
28 22
9 18
23 68
21 19
19 41
8 65
17 98
4 25
22 27
14 51
6 45
15 42
23 21
7 59
27 39
8 61
22 80
15 40
23 69
16 77
10 37
1 96
9 40
13 52
15 99
9 50
29 34
29 81
21 10
21 90
17 82
11 2
24 75
6 35
7 29
12 14
3 27
12 22
14 92
15 73
1 73
14 91
19 4
8 53
29 32
10 42
18 46
24 100
20 32
5 65
5 76
10 4
24 52
29 47
0 45
4 75
24 91
16 95
4 36
14 47
20 32
10 45
4 31
24 37
22 12
19 94
17 67
6 41
9 62
0 3
29 97
12 46
18 10
12 3
24 90
22 16
20 26
17 87
9 68
8 19
3 66
1 15
21 88
17 53
23 32
24 10
6 11
11 50
9 5
8 57
10 68
19 36
0 31
19 34
5 95
29 52
23 81
4 48
2 6
5 45
14 27
1 68
28 28
10 2
10 74
0 48
27 97
2 12
7 60
21 7
9 70
17 62
29 19
7 11
19 8
21 67
10 46
29 29
14 42
23 68
18 52
0 51
11 92
6 7
0 54
26 18
1 46
26 40
7 33
4 56
26 80
12 72
18 99
29 29
12 47
3 24
25 87
9 84
3 79
25 11
14 10
24 30
3 3
1 80
17 34
24 69
7 55
6 49
19 92
29 31
12 63
13 78
1 91
30 45
20 74
7 39
20 93
12 13
19 59
28 7
9 69
24 18
28 52
8 26
10 97
9 30
14 64
28 34
19 33
6 85
8 99
8 94
5 14
1 17
6 62
19 63
28 37
22 77
6 81
30 83
0 31
11 77
20 20
10 44
15 89
30 62
9 66
29 23
8 56
0 53
0 38
4 49
6 14
22 45
5 25
5 13
29 52
23 29
22 55
2 19
4 61
10 85
14 78
20 50
17 46
16 92
21 98
21 83
16 74
3 83
11 78
29 54
9 30
15 58
18 55
21 99
1 39
13 53
6 82
6 90
15 17
10 33
22 19
30 43
26 18
18 34
17 3
27 18
12 91
7 28
30 39
11 50
21 61
22 20
13 59
2 26
11 82
1 69
22 46
7 77
6 94
9 35
1 40
16 98
29 31
2 50
8 62
19 78
22 73
17 79
19 88
29 38
2 54
17 49
18 33
25 90
20 63
3 58
20 70
10 72
12 77
25 89
0 41
26 73
20 51
29 68
24 68
1 41
26 20
18 43
19 11
29 87
19 10
19 55
7 78
15 66
3 13
15 84
6 47
6 20
4 70
30 35
6 80
9 28
28 43
1 74
6 42
4 8
16 34
14 37
7 84
6 45
30 24
9 50
28 30
23 21
8 11
27 62
29 62
3 61
19 4
21 67
29 16
4 74
15 78
21 2
7 48
20 56
24 72
20 85
8 10
25 58
27 30
16 79
22 25
15 22
6 63
3 90
24 23
9 79
28 22
29 4
20 46
6 48
1 44
8 2
28 21
0 14
26 77
1 25
11 58
2 94
30 86
1 56
1 45
9 89
27 65
9 54
20 73
11 87
27 98
15 100
5 94
10 26
9 62
14 74
11 62
11 75
7 88
3 28
28 85
7 33
2 44
2 52
18 63
0 6
2 5
14 61
29 55
12 62
25 29
27 85
3 5
2 71
