100
18 37
10 39
10 84
20 76
4 59
6 33
21 92
13 59
16 68
11 94
30 11
18 22
5 85
13 85
20 30
23 30
6 15
30 8
18 52
19 7
18 77
30 64
24 74
20 28
16 15
28 80
24 93
22 59
24 96
28 12
11 28
6 95
16 10
3 42
27 33
21 96
6 68
21 44
25 38
4 71
5 96
6 87
5 20
25 78
28 27
4 5
11 88
9 58
12 56
15 84
22 98
5 100
0 93
1 9
28 73
29 40
1 43
23 94
25 95
17 2
0 40
18 37
10 31
13 36
29 82
14 47
12 86
12 62
19 3
11 100
4 96
24 29
7 75
9 51
28 57
19 57
10 38
13 6
1 92
15 54
29 34
7 95
18 54
14 22
9 65
21 77
9 59
1 74
23 76
25 91
15 76
29 85
28 45
26 8
1 50
12 36
16 10
0 57
24 94
18 31
30 76
3 73
17 39
2 30
23 93
12 68
3 28
11 54
27 71
13 13
30 32
22 75
20 19
23 7
1 71
11 10
28 89
2 75
1 51
30 34
24 24
23 98
3 80
6 61
4 10
7 92
19 93
3 93
6 30
28 38
27 100
4 51
2 28
10 100
12 48
0 95
1 11
2 78
27 85
15 74
19 83
14 47
1 12
27 73
18 54
18 37
23 5
28 23
27 58
9 63
28 76
7 49
28 64
3 6
4 11
3 10
26 89
18 51
1 24
20 85
19 65
9 11
20 43
22 37
20 49
26 33
7 2
1 49
11 73
2 20
5 16
2 62
26 19
8 58
7 36
20 53
21 73
7 73
6 25
5 37
26 54
24 26
24 39
1 80
11 52
5 92
11 86
19 89
1 100
28 24
15 9
0 56
0 34
13 24
18 11
28 22
14 61
14 73
13 2
4 33
12 90
24 73
6 39
8 26
0 50
30 65
6 70
22 23
5 11
3 64
6 9
7 38
13 55
17 67
0 6
26 90
5 20
28 81
15 21
15 36
27 18
23 5
21 18
30 77
8 19
8 16
21 43
2 8
8 36
9 54
7 84
24 75
0 72
2 38
26 67
5 58
0 77
17 88
14 49
7 41
5 67
27 27
25 3
12 62
14 49
11 42
6 7
27 3
1 18
28 79
16 94
10 96
18 42
12 59
25 71
15 33
23 32
23 39
4 90
22 53
10 85
10 63
1 90
26 51
1 44
9 92
1 78
22 51
11 51
14 19
12 98
20 15
18 100
27 80
29 79
0 94
2 48
17 64
16 64
23 4
13 65
1 3
8 6
0 95
24 70
21 2
5 26
22 42
10 13
18 69
15 71
14 49
21 17
28 93
13 7
10 76
4 68
19 10
25 55
30 33
27 95
14 61
18 58
17 62
30 73
1 41
13 30
15 86
22 9
27 71
14 42
12 98
8 66
9 11
13 37
11 36
23 41
7 38
10 40
4 6
21 85
24 89
5 36
7 20
24 93
22 48
16 43
16 16
0 79
14 11
9 33
29 47
17 4
17 87
3 20
26 62
21 13
19 29
10 83
12 65
7 78
15 5
13 11
30 15
30 50
2 21
5 42
25 67
24 91
20 20
17 28
1 74
21 1
1 99
30 2
4 39
8 99
10 21
26 58
19 46
3 83
10 14
9 20
5 96
21 74
3 38
25 79
18 51
16 46
2 87
3 57
7 84
16 100
3 12
19 49
3 57
27 91
29 62
21 18
29 88
26 38
30 1
20 94
30 63
9 4
7 18
12 4
2 57
18 61
25 77
12 14
16 95
28 54
16 83
28 76
23 76
11 4
3 84
28 27
11 24
1 85
25 100
15 99
7 10
1 17
8 69
5 35
19 15
28 59
28 55
20 8
14 99
6 13
30 26
8 65
7 11
2 4
20 83
17 57
10 72
5 85
23 19
18 84
20 92
2 38
5 99
22 61
14 95
24 46
13 79
5 17
16 2
6 87
25 54
22 4
26 50
19 56
2 92
18 3
22 85
28 95
13 1
28 15
27 47
16 84
15 44
7 48
26 74
15 26
27 66
2 25
17 77
3 77
11 95
17 94
26 90
9 70
27 100
19 91
11 72
28 37
19 68
7 68
24 54
28 56
23 7
24 3
2 62
1 47
25 27
1 47
14 2
12 98
11 59
29 36
6 38
13 55
11 100
20 87
9 74
11 99
16 1
26 3
10 34
21 57
1 60
18 54
3 53
16 20
10 85
25 36
20 22
1 56
5 79
26 14
1 61
15 61
12 5
10 32
21 7
23 84
20 79
22 10
24 91
25 87
9 23
25 95
7 69
13 73
23 4
9 82
7 62
10 23
29 34
23 55
16 78
3 14
3 55
9 98
17 95
9 6
3 64
14 25
28 2
1 84
11 98
16 95
7 52
0 35
8 78
30 18
29 51
23 78
17 79
5 83
26 53
23 21
26 14
26 22
4 93
12 27
19 18
29 82
1 68
15 94
3 97
26 45
21 91
6 58
30 46
0 42
11 56
2 71
26 9
16 41
2 86
4 26
13 85
11 97
15 2
13 83
0 2
12 24
24 7
14 58
5 69
16 82
11 98
4 98
11 61
1 8
30 83
25 43
16 8
13 65
9 19
0 60
3 46
26 92
8 58
23 31
1 88
24 36
0 33
24 96
22 87
4 8
13 78
24 65
6 92
5 41
2 84
7 47
14 42
30 98
14 50
16 58
16 40
28 45
17 58
25 66
3 17
17 13
5 94
1 22
9 97
20 19
11 86
3 40
13 3
18 88
12 47
22 65
6 31
23 50
24 35
22 9
15 23
7 7
9 62
9 40
9 26
30 42
14 77
4 30
9 39
1 55
5 22
1 100
9 67
19 24
9 54
5 70
15 40
14 19
10 72
29 19
3 58
18 88
22 7
21 69
25 23
9 72
16 70
23 72
18 27
21 38
6 59
7 49
5 15
23 50
15 8
28 73
24 97
29 49
1 38
11 5
26 69
17 27
20 13
6 59
22 9
27 85
13 20
21 87
2 6
21 37
21 57
7 76
7 74
18 57
14 17
29 49
29 39
12 61
7 54
29 66
9 26
10 1
30 95
26 90
1 65
14 96
28 63
21 3
11 88
18 40
14 4
13 72
28 43
16 16
3 10
9 12
16 16
23 64
27 3
4 3
27 60
26 15
9 95
25 22
21 44
21 42
17 25
17 60
22 20
22 32
10 19
1 30
13 5
15 75
8 76
2 9
9 29
28 100
8 5
10 93
29 95
10 23
6 17
11 44
7 3
15 51
19 19
7 21
30 17
16 83
24 95
22 93
3 91
11 65
17 85
24 94
30 66
21 40
25 35
9 20
16 25
24 37
23 43
20 87
24 68
8 57
16 19
2 4
19 67
29 13
7 17
12 53
28 81
13 34
28 10
17 47
3 45
29 72
28 46
0 78
2 17
3 78
28 100
10 60
10 37
26 23
22 87
25 25
8 87
20 30
30 93
6 42
16 34
7 39
7 36
13 70
23 81
4 34
4 2
16 26
2 20
5 8
3 19
0 73
10 53
7 92
17 77
20 99
29 49
23 74
25 7
7 7
27 78
28 68
23 22
19 17
9 7
30 67
23 55
8 82
24 32
13 95
22 46
7 44
19 76
19 16
11 31
26 18
28 72
3 5
7 93
4 47
6 33
24 73
18 66
16 2
5 71
8 82
4 44
28 21
21 81
28 56
12 16
23 91
21 9
8 44
21 90
1 44
25 26
9 29
6 14
0 38
2 25
14 13
12 57
20 81
25 27
21 95
1 82
8 50
25 28
3 72
1 80
20 8
15 14
13 54
10 96
18 76
2 20
27 51
4 25
5 97
17 47
19 92
17 14
16 35
10 8
20 86
12 33
18 38
11 85
27 7
24 37
17 72
2 51
27 92
6 55
12 82
7 74
11 40
1 41
8 36
11 3
9 9
3 70
22 100
8 24
11 81
20 51
12 52
30 15
24 72
20 52
13 70
4 84
23 85
8 97
10 80
28 88
0 87
16 90
1 7
12 83
30 25
2 51
16 86
25 90
30 11
0 75
15 36
8 18
8 65
6 31
9 12
1 94
3 30
2 28
13 93
24 30
18 13
2 36
4 8
9 70
20 26
18 67
27 16
9 40
25 40
27 35
2 55
12 45
27 19
28 97
25 47
2 20
25 70
5 22
23 48
17 80
1 6
10 25
24 53
20 47
23 74
27 83
24 37
22 41
14 4
8 86
9 94
27 67
7 65
26 45
26 94
2 68
26 21
6 81
4 48
2 99
25 73
11 80
27 5
28 88
6 76
5 79
15 26
17 97
26 56
14 20
2 23
28 86
9 18
23 63
5 72
10 79
15 82
13 9
2 96
17 37
15 92
10 59
7 14
14 61
9 71
18 33
30 95
30 41
17 71
25 3
23 50
9 5
12 18
2 90
0 88
20 21
27 17
15 55
30 53
6 87
18 78
27 57
29 70
24 85
14 36
14 5
3 22
27 6
9 45
7 26
18 60
3 6
14 49
11 54
25 83
5 77
30 28
17 65
30 63
26 27
18 88
0 10
5 39
29 15
17 78
30 89
10 14
6 49
8 33
12 13
11 23
13 11
22 24
16 16
30 53
21 78
23 51
18 27
18 46
28 99
9 66
12 18
3 21
12 92
28 90
27 40
14 68
21 2
26 11
26 91
24 98
14 64
28 1
7 47
9 51
30 73
2 3
25 36
2 98
21 47
27 61
28 46
6 49
28 95
14 64
16 55
14 89
0 23
2 37
24 98
9 1
20 29
1 62
20 85
5 84
30 1
12 24
14 83
1 94
13 97
23 48
6 39
6 27
9 65
7 99
4 66
19 45
5 86
24 20
7 20
9 25
6 78
7 28
3 53
11 55
24 25
9 66
27 97
5 90
25 71
22 16
12 87
30 9
5 75
27 24
6 64
10 14
3 4
5 48
12 54
6 95
18 35
13 42
20 60
24 2
21 17
10 1
17 44
1 98
4 63
20 49
13 80
12 6
3 41
1 78
13 79
28 11
14 13
3 99
7 83
6 16
16 17
23 11
6 73
8 2
23 47
2 3
9 92
13 30
14 86
24 43
25 72
13 96
16 68
6 84
0 34
7 26
7 19
27 91
14 79
20 94
3 100
21 24
24 98
7 42
24 58
29 33
11 8
16 17
16 70
13 8
7 23
14 57
9 70
15 11
16 88
7 88
13 20
9 74
22 63
23 77
27 90
28 74
17 16
30 40
23 96
5 80
17 16
14 26
30 8
10 42
29 20
27 74
21 85
11 79
24 92
30 33
27 3
14 27
7 92
10 28
6 77
15 39
23 34
27 67
24 25
24 42
26 21
0 33
6 96
21 47
24 51
7 20
17 73
28 23
11 61
7 94
5 38
28 61
4 97
10 29
0 73
1 48
10 86
0 34
13 81
4 2
17 59
21 17
23 66
17 91
13 62
0 14
18 32
21 71
14 49
20 49
3 33
13 63
3 29
1 29
11 98
20 21
1 3
11 15
14 51
3 73
22 87
16 33
16 18
18 56
14 60
3 18
15 21
19 92
3 2
28 32
2 27
29 52
15 82
10 9
7 88
20 54
23 24
12 94
27 71
25 65
20 75
8 80
30 72
6 7
30 60
20 98
7 24
20 95
22 16
8 11
10 69
30 44
16 27
22 68
29 62
27 98
29 85
30 92
8 38
28 89
30 63
12 36
22 99
26 10
0 38
24 24
9 18
10 28
4 66
17 53
12 49
29 57
4 5
21 61
18 16
26 4
18 51
27 67
17 16
29 11
7 45
27 96
15 62
10 54
23 43
27 51
11 61
3 58
19 45
13 35
6 86
30 34
20 72
0 79
20 90
10 81
3 24
15 41
30 21
9 44
2 29
22 96
11 38
12 40
3 45
10 98
10 55
6 2
11 80
17 24
17 16
13 70
30 70
21 92
0 55
0 6
12 50
18 4
10 23
28 56
9 60
30 15
12 70
9 22
9 13
8 68
14 18
30 67
12 82
6 100
21 92
18 68
8 62
13 50
5 19
6 6
6 8
9 79
3 63
5 2
30 65
28 44
5 13
15 42
21 70
15 36
26 56
22 99
3 34
12 16
4 58
21 90
25 40
20 51
2 92
28 71
3 88
24 98
3 12
22 96
27 5
1 49
28 68
0 3
16 25
19 62
23 19
29 38
18 4
21 99
19 79
18 94
7 88
9 19
25 18
8 50
6 15
5 43
0 60
13 7
2 95
28 13
30 21
10 74
23 30
19 40
11 51
14 48
20 31
3 13
7 57
2 23
8 97
24 2
28 93
20 19
6 52
20 85
26 62
28 23
5 37
18 78
20 22
5 90
23 36
13 93
19 91
26 9
13 51
12 84
9 10
23 95
28 66
26 62
15 26
8 24
8 80
26 78
19 90
0 67
2 21
4 36
30 21
6 90
4 7
14 98
2 77
24 79
21 32
12 49
15 10
1 71
7 74
13 38
0 26
15 54
25 25
17 30
3 45
16 84
6 96
28 34
11 60
11 94
12 74
11 21
17 22
26 44
18 5
12 21
6 5
22 63
4 40
20 77
6 98
11 78
1 87
4 97
17 78
16 73
17 39
2 30
0 15
30 93
10 17
3 69
14 6
24 38
1 79
23 61
10 60
0 10
20 22
19 32
28 72
26 52
3 23
10 2
24 5
3 76
12 1
6 47
19 30
5 79
1 62
27 25
30 5
29 88
21 90
13 55
23 38
21 73
19 55
26 63
27 83
24 65
26 8
1 74
10 31
26 32
5 88
5 89
25 3
13 22
5 82
5 47
22 88
9 28
27 52
18 29
22 49
24 68
10 99
6 49
28 14
24 32
24 12
25 88
10 83
21 68
29 61
2 20
24 31
21 68
28 51
28 29
16 38
17 73
3 37
23 93
12 51
2 80
29 38
0 46
8 29
5 5
21 63
3 73
13 27
25 94
23 30
2 100
4 27
21 50
5 50
2 65
0 12
20 43
26 86
25 7
25 76
6 72
6 90
15 91
25 80
20 3
16 75
29 86
19 13
25 89
7 29
20 3
27 70
12 76
23 10
29 49
10 76
28 6
12 78
11 28
22 13
17 44
6 81
12 26
20 32
30 36
26 15
4 32
0 21
9 26
15 4
2 11
26 95
6 70
14 50
4 59
21 95
12 79
17 11
4 84
26 56
25 8
15 99
17 82
28 46
16 24
18 27
