100
20 57
25 46
21 18
9 87
7 72
14 31
28 80
12 31
14 98
20 10
16 41
11 71
10 80
14 86
29 38
9 94
25 11
9 43
30 35
17 89
12 43
14 76
11 19
24 86
13 66
21 58
28 77
15 92
8 70
21 14
25 2
9 37
10 39
21 90
12 15
23 76
19 44
16 79
30 70
22 53
18 55
17 6
12 55
12 36
17 33
10 78
21 87
18 16
17 30
21 38
0 80
12 67
22 78
18 63
30 35
25 15
22 19
5 90
13 61
12 90
5 72
19 1
17 98
16 52
28 62
29 61
5 11
25 58
7 92
7 7
17 24
26 3
18 27
3 17
0 84
9 80
28 63
19 23
21 9
29 99
12 52
4 54
6 51
10 56
11 77
26 83
19 71
17 39
9 83
27 25
27 66
7 81
5 50
27 55
3 40
8 72
5 28
27 92
0 17
28 84
24 16
5 5
9 43
5 32
23 99
18 33
8 55
26 67
16 64
7 99
8 82
26 19
22 87
11 58
13 47
4 64
18 9
10 60
7 100
16 35
15 52
2 25
22 72
7 95
12 82
15 27
0 79
23 66
24 33
16 88
10 46
8 1
3 3
9 8
30 63
11 48
7 37
19 67
3 22
17 89
22 15
30 48
2 24
1 27
13 86
13 83
5 24
30 45
30 47
4 13
9 90
28 39
7 66
26 68
6 43
18 3
8 56
20 53
30 40
0 24
25 17
7 5
22 70
30 15
27 78
21 47
19 87
16 30
15 23
24 18
20 85
3 34
17 91
14 32
22 8
17 72
18 19
16 91
0 5
9 45
29 32
2 45
25 69
30 100
1 3
2 8
24 37
5 88
24 43
17 32
22 94
9 75
19 53
30 99
1 58
29 52
9 87
17 36
7 22
11 62
3 17
8 74
25 36
13 40
29 71
5 81
11 68
0 51
12 22
16 68
14 46
18 50
8 3
0 14
27 74
15 85
10 2
9 83
6 58
8 67
19 53
25 8
5 94
21 5
20 2
13 99
10 81
25 85
19 77
21 22
12 15
16 12
4 73
1 14
4 47
25 100
14 5
7 40
10 92
19 95
17 81
18 77
8 43
20 79
14 48
22 17
4 33
3 24
21 32
20 22
19 20
29 83
21 40
30 54
9 65
11 66
7 34
10 81
12 6
23 12
20 28
9 60
8 53
4 32
10 10
18 75
24 2
25 25
9 57
0 33
14 53
16 78
24 69
26 23
25 82
24 88
1 69
26 68
23 23
30 44
25 52
17 87
1 5
22 2
17 5
27 44
11 75
12 44
2 83
5 71
18 87
3 5
7 95
9 56
16 76
30 27
30 89
3 12
8 14
23 16
23 81
16 30
29 20
2 78
24 73
4 46
9 28
22 78
26 54
4 51
0 98
26 96
30 50
18 92
4 21
19 71
16 88
17 35
28 51
20 17
10 26
29 90
12 8
7 10
18 92
28 8
16 42
4 38
12 89
13 7
23 49
22 63
7 100
21 96
9 92
7 83
28 54
27 79
7 1
18 98
12 77
0 43
28 26
8 2
30 25
8 5
27 82
26 62
7 2
24 88
7 35
30 38
16 42
28 22
10 65
10 4
29 24
16 39
16 18
5 27
18 71
2 41
11 35
23 5
14 36
18 20
26 31
25 90
30 15
22 43
30 47
4 9
20 84
29 32
18 11
25 96
22 92
4 58
24 8
13 11
8 62
9 61
29 82
11 36
16 3
24 13
24 64
1 39
7 39
9 32
14 61
22 89
0 11
10 15
5 22
10 79
29 64
3 54
22 55
7 22
20 54
4 16
7 83
18 3
29 17
27 21
16 18
9 82
27 30
17 36
23 56
19 53
9 80
0 71
7 55
5 7
14 65
29 88
17 87
6 26
22 79
20 97
5 60
0 55
12 61
19 66
23 13
19 59
17 90
25 39
5 45
26 100
3 11
11 38
21 95
4 35
21 62
1 74
26 81
18 49
28 91
13 87
11 89
26 22
11 86
15 42
29 6
3 18
24 100
16 98
11 53
0 1
5 14
2 8
15 64
2 62
4 74
6 75
20 34
24 68
20 61
9 52
30 27
28 35
19 48
28 78
29 4
11 28
24 60
15 26
0 18
8 47
6 46
2 75
3 59
3 74
3 51
24 35
27 4
26 56
30 25
15 3
14 81
11 52
27 46
21 55
24 45
25 90
8 24
21 39
8 29
17 26
21 44
4 37
1 71
15 38
15 10
16 61
25 22
5 90
23 68
30 24
12 82
25 18
15 48
7 58
16 5
26 85
29 92
13 36
27 46
17 92
10 54
9 52
6 81
21 1
14 19
12 36
23 82
11 11
26 44
9 77
23 81
4 15
21 98
25 65
18 24
5 84
15 96
26 33
25 9
2 1
28 64
4 51
2 12
27 55
10 55
14 46
24 34
25 22
26 35
29 65
7 33
15 59
29 66
29 34
18 30
5 59
10 6
25 88
30 42
3 4
7 95
14 83
7 50
15 17
11 60
0 6
21 59
23 18
1 53
22 27
4 3
19 84
18 97
24 85
8 54
25 76
3 32
30 57
7 3
30 75
4 97
19 73
28 32
17 80
16 24
28 7
18 58
1 82
7 80
12 38
7 49
4 13
30 59
21 28
30 60
8 31
26 51
21 14
29 33
3 35
6 43
23 15
21 53
27 91
9 98
24 67
26 97
22 35
17 77
17 52
4 88
12 64
7 95
9 94
30 30
25 2
28 42
5 29
18 5
7 14
23 55
8 84
6 14
17 77
16 84
29 91
20 97
0 73
16 49
14 64
22 5
3 40
11 45
28 19
13 67
23 51
8 8
2 36
0 18
4 89
23 23
2 91
27 4
10 88
7 51
24 35
3 57
1 71
8 76
17 57
13 22
17 22
11 25
2 38
3 53
20 50
26 77
18 44
18 74
0 86
27 11
20 69
23 78
17 52
4 26
13 27
20 8
18 18
30 26
19 100
23 93
3 20
23 64
4 42
0 27
7 79
0 96
1 29
12 76
26 56
14 21
28 76
22 75
3 73
16 67
2 63
11 45
0 86
1 59
11 69
19 72
27 66
14 24
16 19
14 48
13 30
30 53
14 100
17 74
2 63
26 52
21 18
8 60
4 77
19 48
30 30
12 48
22 21
22 80
27 25
12 18
28 92
16 38
16 67
22 42
22 86
24 59
10 70
30 42
3 59
28 14
23 63
24 94
11 96
2 16
8 96
24 32
27 19
14 2
2 30
30 42
18 13
24 39
9 91
28 33
20 68
21 35
30 37
5 71
6 60
18 95
11 7
27 8
18 12
13 12
27 37
21 53
22 37
19 82
20 4
24 24
3 78
6 44
2 92
24 13
19 73
20 68
6 5
12 60
22 51
2 80
5 85
0 14
30 8
12 51
25 62
4 63
9 90
24 27
19 20
3 45
24 52
16 6
15 68
21 88
19 46
8 12
15 46
12 99
8 51
7 10
13 2
10 23
13 28
28 63
1 48
9 40
13 79
26 5
22 88
7 6
4 5
19 5
7 28
27 78
8 38
16 7
25 38
12 55
17 85
0 66
4 95
10 67
17 10
30 60
23 100
0 53
4 13
23 18
7 70
5 33
8 60
29 64
24 7
16 75
21 59
1 35
21 24
27 81
26 99
0 81
30 46
8 32
18 8
23 14
16 79
20 19
22 23
24 25
16 48
26 82
4 53
26 11
6 74
10 18
10 97
1 85
6 99
30 45
25 84
21 47
19 45
21 92
5 89
19 19
1 19
26 23
30 80
18 8
3 90
9 70
13 62
6 58
30 14
22 53
20 4
10 93
27 41
6 4
16 66
13 30
26 43
3 35
21 72
15 33
0 20
22 49
22 25
25 80
20 46
22 62
21 98
1 88
28 21
16 72
15 15
1 9
24 88
8 9
10 49
17 74
8 35
23 20
30 100
2 91
23 7
2 37
22 53
12 41
7 19
1 92
29 27
14 26
22 39
22 6
14 29
13 62
25 2
6 50
18 19
21 38
4 56
17 40
12 72
30 54
12 13
29 9
7 90
5 21
12 59
21 66
0 81
3 45
11 85
7 6
30 25
4 14
30 25
6 53
1 12
3 2
26 24
28 95
11 57
30 79
0 63
28 20
14 8
7 14
15 6
23 38
2 70
8 71
0 71
28 37
23 94
26 95
1 80
15 7
13 53
17 57
25 32
3 32
13 59
5 81
19 65
9 94
15 50
21 94
29 19
29 98
7 6
22 22
13 96
30 15
1 59
17 44
18 35
25 63
30 68
2 62
29 79
4 2
2 47
11 88
5 93
3 64
25 17
28 90
28 57
6 55
2 80
8 52
1 60
0 71
29 15
13 88
9 83
25 41
11 68
23 24
5 76
17 100
8 20
27 79
13 38
18 2
19 46
3 84
0 7
2 99
7 32
24 17
10 78
28 17
20 25
9 41
3 97
24 94
30 41
27 80
16 27
2 16
16 77
19 22
6 26
12 5
11 80
23 65
6 46
27 98
20 86
12 99
6 17
6 81
19 62
21 44
21 75
27 90
24 41
24 100
6 24
10 25
12 77
21 47
17 1
11 94
21 53
20 23
20 76
1 16
4 38
18 18
4 6
18 10
14 20
29 3
1 58
0 18
0 42
2 79
6 81
18 25
5 40
16 53
20 87
5 88
15 12
2 97
15 34
26 47
21 37
1 98
27 80
28 1
23 99
22 31
10 49
19 91
27 68
26 7
4 58
20 93
2 90
8 18
6 87
12 2
26 1
8 21
24 74
15 32
17 65
20 36
27 17
9 68
30 81
15 75
2 88
23 78
0 68
5 50
16 55
8 95
15 20
14 72
21 9
27 85
19 52
22 1
1 4
5 59
9 44
5 4
25 81
18 87
22 39
0 99
20 63
20 8
10 5
19 73
5 69
27 81
7 32
16 63
26 89
26 51
23 89
20 45
22 82
18 78
29 37
20 3
11 24
15 66
24 52
18 66
30 16
21 44
26 10
22 36
29 80
21 26
30 82
1 48
4 70
14 71
11 34
21 14
19 89
16 48
10 99
10 16
6 71
30 5
7 51
13 97
12 2
13 38
21 86
14 36
23 87
15 76
2 95
5 3
22 51
14 85
13 88
28 83
14 50
28 32
22 49
14 43
6 40
19 10
2 78
9 79
30 27
29 77
27 14
11 42
13 29
26 42
18 25
15 94
23 61
3 100
30 18
27 49
3 10
30 85
4 89
14 29
24 8
20 28
1 67
19 29
12 42
21 51
11 74
30 4
24 23
23 16
4 44
7 55
0 81
6 23
10 41
16 100
14 8
14 79
20 20
2 67
29 78
24 86
15 37
17 9
1 50
27 65
28 12
21 83
16 92
15 59
29 22
12 36
8 25
20 55
28 57
23 98
15 41
20 74
16 10
13 44
4 89
11 96
26 47
2 4
24 10
28 37
13 41
2 61
3 13
4 17
15 58
30 89
4 61
1 80
3 74
9 92
3 40
11 7
29 11
30 62
0 1
2 58
1 73
20 3
2 27
23 78
8 75
15 33
23 56
18 80
22 90
15 18
4 88
29 73
16 24
29 86
30 4
14 37
26 39
11 60
7 27
2 61
15 3
4 72
26 61
20 70
0 29
29 67
26 20
5 90
25 40
10 16
29 41
9 54
22 50
7 87
26 47
0 56
5 67
26 46
20 74
8 96
9 76
1 77
15 12
14 85
10 84
27 80
8 32
26 1
25 66
30 15
11 3
18 16
21 78
23 67
27 9
20 7
26 81
8 84
9 68
1 39
20 14
7 78
4 33
18 5
18 33
2 75
5 89
9 13
11 5
23 90
2 55
2 39
24 54
15 31
22 16
23 13
0 18
16 18
27 28
20 6
9 84
9 74
24 9
21 80
8 67
25 27
26 68
22 95
17 23
26 59
15 18
17 36
10 79
14 96
11 47
17 50
0 80
12 63
8 58
11 1
11 49
4 64
26 16
16 26
2 47
7 32
26 60
8 61
20 50
15 87
5 25
29 87
20 74
5 30
13 73
14 21
1 4
30 66
27 76
8 35
21 32
11 73
6 38
3 94
15 43
29 44
27 67
16 31
19 90
9 86
29 47
8 100
22 4
21 85
8 11
4 86
0 2
18 23
2 13
16 20
5 6
17 31
12 100
2 42
12 2
21 91
28 48
22 2
30 40
14 99
29 21
25 80
1 38
22 45
21 6
12 84
24 26
7 19
14 43
29 24
25 56
9 9
1 66
5 11
2 74
6 90
20 29
11 84
9 34
25 6
1 60
30 18
16 50
23 91
8 53
28 65
13 61
4 94
6 43
0 45
19 58
19 40
19 84
18 57
29 78
7 44
0 3
25 83
27 8
6 27
25 16
24 24
16 58
3 9
25 45
13 79
29 47
26 41
25 49
13 62
2 94
4 83
28 99
10 73
27 64
19 32
8 82
19 12
12 43
2 72
5 97
12 79
6 81
29 91
18 52
19 8
8 53
25 3
25 57
24 58
17 73
14 13
17 28
2 24
12 18
18 42
17 57
20 54
30 89
22 26
27 30
13 42
6 63
8 28
25 80
14 22
15 59
16 62
1 1
26 54
17 80
2 38
27 19
5 45
6 5
11 72
0 23
16 96
25 36
30 20
4 48
26 38
16 28
27 70
3 39
29 59
13 94
22 27
22 68
9 38
17 59
12 49
6 45
21 65
6 64
10 79
21 38
14 28
23 4
30 79
6 22
29 32
26 47
25 23
29 65
26 8
14 59
10 88
23 56
2 10
14 4
8 63
8 25
26 84
17 10
23 13
22 16
20 40
0 72
17 78
24 13
18 16
10 13
15 79
0 98
24 97
22 14
18 2
2 2
11 8
11 46
0 74
12 53
24 38
28 35
19 22
24 75
30 12
19 51
23 13
12 56
1 62
4 64
13 5
1 92
26 92
22 52
19 92
18 62
0 74
22 38
5 52
28 40
25 95
7 37
23 64
21 67
22 55
13 23
2 81
17 30
16 18
26 52
5 80
18 27
29 35
3 65
20 1
7 19
2 53
1 14
21 48
29 68
0 54
10 49
13 11
9 41
1 71
12 87
3 77
13 73
17 97
22 18
28 50
11 99
4 66
10 85
9 45
9 9
15 75
7 21
8 73
8 38
16 1
20 47
20 3
25 43
30 86
27 62
0 45
28 91
10 87
16 8
