100
29 89
14 63
5 12
23 97
4 49
25 81
11 58
23 84
17 100
13 4
1 50
0 35
19 87
4 40
0 54
7 45
0 100
23 35
7 65
6 44
5 75
27 64
12 50
13 9
28 14
27 21
19 99
27 75
19 94
3 71
7 26
25 7
16 86
3 27
6 26
4 21
21 26
9 26
8 33
14 90
29 25
0 58
23 84
4 4
8 11
22 30
1 65
26 73
24 71
4 55
26 91
23 52
9 73
24 2
23 39
5 12
15 2
27 18
22 60
18 95
10 35
29 2
27 54
5 98
4 27
7 61
18 57
6 38
0 43
18 89
9 42
30 58
14 60
22 26
30 54
11 13
4 3
20 56
13 32
9 61
12 83
11 60
14 93
6 93
10 86
13 60
12 51
28 40
25 36
23 50
26 68
28 36
4 81
6 77
8 40
15 53
24 86
27 37
0 66
14 64
2 26
3 18
1 65
0 91
4 65
17 49
4 95
7 71
12 10
16 74
27 100
22 85
7 47
14 95
5 2
8 81
22 82
22 23
25 99
2 28
9 58
22 1
7 8
27 17
14 89
30 1
16 93
21 74
8 52
3 78
11 42
15 94
16 40
27 85
25 63
20 6
0 85
10 96
14 29
21 91
28 29
4 97
30 77
23 69
20 3
30 88
16 89
10 2
1 99
29 39
29 76
29 24
0 73
5 32
1 82
24 18
8 34
30 88
8 45
0 31
9 30
17 26
22 35
17 13
26 64
13 97
3 86
6 82
24 10
30 85
24 35
23 57
7 39
3 34
19 61
8 6
4 35
2 3
26 74
7 58
0 72
11 59
22 30
16 76
26 2
21 94
6 18
5 42
12 16
14 33
17 45
7 41
18 4
21 24
1 98
9 30
19 82
2 73
17 83
1 12
16 98
7 66
3 22
16 2
26 96
9 45
26 79
28 79
27 44
7 5
2 58
1 63
14 8
12 35
24 41
0 75
18 60
8 51
30 15
6 64
22 13
13 84
6 72
5 24
29 76
0 71
24 13
12 77
23 2
24 85
16 9
7 91
25 72
24 56
17 33
28 13
0 11
16 71
18 33
23 92
16 28
17 63
1 88
10 22
26 67
9 17
4 100
21 32
2 11
12 3
7 25
24 71
3 38
30 55
19 16
27 23
5 49
10 28
19 41
26 82
17 2
13 72
27 93
12 100
7 63
7 15
1 65
26 59
10 82
15 13
9 95
9 53
24 51
7 70
16 92
7 95
16 3
18 3
21 48
15 82
23 9
19 35
25 17
15 17
0 36
25 82
3 2
20 89
5 90
21 73
27 15
17 71
30 50
1 86
30 4
9 44
21 88
23 40
23 27
8 60
1 55
17 71
10 16
8 30
17 82
20 28
25 27
8 79
30 7
14 10
15 78
4 37
11 25
11 88
16 66
27 2
10 38
18 57
21 60
24 21
12 88
27 100
6 24
2 49
25 10
22 18
24 2
1 16
15 41
12 59
7 67
12 42
14 71
22 72
21 8
12 9
1 100
9 80
2 5
8 17
30 84
22 22
9 48
30 62
11 50
4 32
18 94
30 47
3 14
29 34
29 93
2 2
17 42
30 81
25 71
2 11
17 97
26 58
5 81
29 29
22 83
22 18
30 13
4 33
27 84
21 37
14 95
13 58
11 85
22 23
19 71
9 32
29 61
11 33
13 41
27 31
18 34
0 28
10 56
9 78
29 73
23 38
10 12
1 93
25 57
29 33
23 7
20 87
14 91
15 99
13 31
7 24
1 42
9 14
0 34
21 80
2 47
11 64
4 56
10 50
17 9
10 45
18 88
10 4
13 44
11 94
9 43
3 38
19 94
16 67
18 80
1 67
28 45
11 68
1 38
22 81
30 41
13 10
25 3
12 70
26 10
3 35
29 78
23 14
19 64
15 83
17 61
9 89
2 35
0 42
17 15
20 93
17 13
14 57
25 76
23 41
1 6
6 58
10 20
21 16
14 49
1 36
19 99
7 67
6 86
4 85
29 43
11 77
18 36
14 21
23 6
18 54
29 78
21 17
1 87
30 38
7 55
16 10
16 65
4 34
3 34
2 80
2 47
24 59
16 15
6 26
18 27
16 2
7 29
30 18
27 35
21 93
25 92
12 83
22 55
6 21
30 95
29 57
12 77
21 46
2 87
10 56
3 71
3 85
10 46
3 8
30 28
24 7
23 90
30 71
13 57
11 67
0 6
19 43
2 78
6 41
25 58
3 32
3 10
26 74
9 6
20 64
18 2
21 81
8 62
30 56
0 47
20 48
18 20
7 74
25 9
17 67
10 54
8 82
1 42
8 40
17 89
30 27
23 8
10 11
26 10
0 55
24 68
23 63
23 82
17 60
28 14
1 81
14 92
14 63
7 83
25 32
14 72
24 40
13 66
3 17
13 78
30 43
5 87
12 24
29 54
5 86
2 43
17 32
17 73
2 13
8 86
4 12
5 93
1 83
21 67
11 7
12 56
7 16
2 28
26 51
24 81
8 36
28 65
6 21
20 41
9 12
16 79
17 52
20 15
17 39
11 29
30 38
3 7
21 52
18 38
7 91
10 22
8 89
22 58
28 92
12 21
28 47
8 96
23 50
11 32
0 87
2 44
12 61
20 93
2 28
4 25
29 42
4 5
7 97
12 18
28 41
22 89
25 44
29 61
15 34
9 30
3 8
18 7
24 52
16 57
4 73
19 42
4 9
0 8
8 77
0 4
9 5
24 92
29 33
19 3
22 20
8 52
15 86
11 15
23 76
2 89
2 37
18 58
10 5
3 25
8 43
5 4
22 92
21 36
29 60
25 67
15 31
10 73
29 39
16 16
27 95
30 59
28 90
20 48
25 80
2 95
21 26
25 23
11 20
0 68
10 23
13 47
19 3
11 33
8 26
28 45
25 9
12 31
18 56
20 98
19 17
21 69
0 70
17 16
10 76
16 22
8 60
3 49
8 80
12 10
19 29
30 46
4 4
13 21
2 86
1 33
4 85
16 12
7 87
9 20
15 17
3 3
9 71
19 4
29 100
19 92
17 67
29 33
14 76
9 94
15 32
9 83
14 28
1 44
17 87
0 3
11 26
21 53
1 86
16 14
23 52
3 12
28 84
30 55
11 65
0 39
7 11
11 46
24 42
3 84
16 26
25 88
9 49
24 17
19 66
26 42
23 47
27 88
11 92
29 80
11 7
11 4
25 44
22 6
8 36
0 64
15 70
19 29
19 80
30 95
1 50
3 81
8 15
28 66
6 60
24 59
23 1
12 13
19 85
19 43
19 65
8 100
18 81
0 29
23 85
22 11
28 59
30 79
14 88
15 48
16 99
14 48
14 98
9 7
27 69
5 47
8 24
10 96
9 41
6 56
7 43
8 5
27 83
18 61
26 81
12 67
14 87
5 78
25 97
4 18
9 27
15 1
24 84
11 34
8 74
8 33
1 89
8 62
1 20
9 74
26 21
22 38
6 89
11 47
0 89
7 25
14 51
15 25
7 62
24 21
13 40
0 48
11 18
26 45
27 95
22 66
6 84
26 12
19 28
17 32
29 13
21 42
11 18
27 48
24 82
20 26
29 85
25 47
18 84
4 68
29 40
5 9
23 22
11 96
4 69
28 48
14 71
10 9
3 56
20 1
30 98
22 69
18 72
27 33
1 38
9 1
20 13
2 44
24 69
14 22
17 24
6 52
0 93
19 92
12 70
3 15
15 15
21 72
5 79
12 28
19 44
27 40
17 29
1 44
14 65
24 95
14 82
22 67
0 97
10 33
24 27
17 73
19 39
20 39
20 53
21 16
14 17
15 45
2 80
21 97
4 5
27 43
5 53
4 1
23 94
19 73
30 76
5 56
0 17
21 50
10 82
19 51
7 66
20 69
11 36
26 71
29 4
5 48
29 58
26 97
15 79
2 66
21 92
25 7
23 91
15 5
16 14
4 89
13 65
21 76
23 5
17 100
24 73
10 83
0 39
0 21
23 66
7 75
15 43
13 14
12 1
26 23
13 23
14 5
15 68
17 43
8 55
24 35
26 39
15 71
27 36
3 71
13 24
27 81
28 7
7 56
19 59
27 57
7 11
25 77
1 59
5 53
23 70
11 23
29 48
25 88
25 36
2 13
22 37
30 96
27 70
12 10
22 72
8 1
2 38
22 74
9 81
1 87
20 63
14 58
19 5
20 83
11 2
10 91
23 71
5 85
17 100
18 11
13 41
18 1
10 70
11 82
2 63
4 46
5 75
26 75
5 84
25 61
19 45
23 90
8 45
24 72
22 95
22 60
27 21
0 46
20 45
0 8
28 18
28 9
15 50
14 15
7 55
8 98
3 99
13 68
30 67
12 6
23 93
20 85
1 88
3 4
12 5
15 10
27 81
11 87
4 78
22 27
8 96
3 30
6 96
12 4
11 58
23 44
30 100
27 45
11 86
10 73
29 46
7 13
0 30
10 88
20 65
6 63
20 92
8 65
2 96
20 63
2 36
16 91
19 62
25 44
28 76
20 2
7 1
22 61
30 39
18 60
20 58
20 75
20 34
6 58
30 39
23 40
25 76
15 93
26 57
9 38
4 51
15 31
14 31
26 96
22 62
24 5
18 3
30 35
26 42
21 21
9 7
8 76
16 80
15 12
19 13
29 88
9 19
6 98
17 85
3 12
11 85
4 59
22 44
21 95
10 60
16 75
3 98
7 87
26 67
3 95
5 10
9 67
1 84
27 68
24 87
3 91
28 53
0 83
15 26
7 10
18 49
16 55
17 10
17 19
13 91
29 99
9 86
7 38
21 39
1 74
15 99
13 81
0 99
3 26
25 21
14 100
30 16
5 55
28 34
11 32
11 6
8 7
30 49
8 58
7 83
27 79
21 90
11 89
25 78
18 96
13 90
21 57
7 37
12 40
3 4
24 43
20 46
1 58
22 99
27 76
25 92
28 74
10 53
24 58
30 7
0 72
26 17
13 96
0 17
13 8
25 70
23 18
7 99
18 26
3 87
12 6
16 88
1 87
28 67
27 43
23 97
21 27
7 41
8 70
8 13
25 35
0 18
16 59
25 79
1 55
7 7
25 39
15 63
13 28
6 44
19 36
1 9
18 80
8 62
17 91
19 78
18 36
30 54
12 12
30 10
30 13
7 80
16 46
19 86
9 13
21 36
26 78
6 78
19 34
5 67
14 22
12 69
12 57
19 75
30 99
22 95
16 76
9 48
8 93
16 73
15 8
28 62
26 46
7 1
1 84
7 82
18 21
8 46
3 49
24 36
25 41
29 95
1 68
24 77
19 86
14 93
1 1
30 18
8 13
13 44
18 41
14 44
7 64
10 90
9 69
13 28
6 86
8 84
5 24
0 16
17 73
15 53
26 25
22 30
24 23
14 48
19 10
22 84
24 95
0 95
26 7
25 51
2 66
4 2
29 11
0 79
17 92
20 27
17 62
8 96
3 99
7 40
11 72
9 43
14 86
14 70
12 56
3 62
15 16
18 34
23 7
1 29
18 67
10 99
16 87
5 27
22 97
5 8
5 48
15 20
15 31
0 61
8 30
8 36
1 42
6 55
29 35
20 33
21 77
21 72
29 96
27 21
30 52
3 20
2 30
18 22
29 90
28 83
27 48
14 23
21 41
8 27
1 87
9 96
1 85
12 4
30 6
2 24
3 32
4 34
24 43
2 33
10 65
12 84
25 20
20 42
17 60
23 99
27 8
22 59
27 96
8 52
7 51
23 35
29 38
0 28
21 1
9 39
25 22
30 98
6 55
15 87
28 17
28 23
2 65
7 19
30 47
29 2
21 65
16 32
21 23
24 87
15 8
27 26
22 46
11 86
15 36
29 4
14 79
18 80
1 92
24 56
0 20
16 48
18 93
24 30
16 40
30 45
25 22
27 48
5 20
15 31
27 84
21 77
19 54
5 55
25 56
4 68
7 77
6 59
18 34
16 37
16 51
8 14
8 99
6 56
20 56
27 32
9 98
0 61
27 50
29 93
21 98
3 89
21 16
25 93
6 41
15 16
8 64
12 43
25 42
23 96
23 68
14 51
14 13
19 90
9 76
2 38
29 55
16 38
10 66
12 44
16 27
18 18
11 62
20 19
19 44
22 47
30 42
8 75
10 14
21 80
9 64
4 95
1 45
8 46
8 66
25 12
11 60
25 49
10 4
30 34
29 22
30 4
19 5
17 99
22 24
1 73
15 80
11 57
18 91
20 34
30 96
7 53
6 67
29 9
4 60
10 64
24 91
26 49
25 83
13 73
30 74
10 14
12 40
22 93
13 91
10 36
9 83
23 57
9 47
10 59
15 53
26 70
4 86
11 33
22 47
16 30
23 59
6 100
26 3
0 85
14 49
10 44
23 57
19 55
5 67
0 10
11 50
8 16
11 78
16 17
10 50
6 48
5 6
29 47
11 89
28 34
22 90
20 16
12 34
2 32
9 12
10 43
5 95
27 20
23 28
1 24
3 85
13 87
26 44
29 48
14 100
4 36
21 81
12 14
0 73
8 48
21 35
4 79
13 90
16 33
10 89
11 28
16 62
17 22
22 79
21 92
25 6
21 85
2 84
27 70
17 73
1 1
24 38
16 37
19 45
7 92
11 100
4 62
19 28
26 50
15 19
10 57
12 68
14 20
0 50
16 12
26 44
15 19
24 14
23 7
7 16
11 34
4 78
30 64
13 60
23 56
16 56
15 54
0 39
18 84
22 9
11 14
24 68
11 79
23 74
2 62
15 11
27 89
6 56
3 55
18 99
26 68
12 71
18 30
27 60
7 41
25 70
28 25
5 97
5 89
28 16
7 77
5 65
11 84
24 23
25 54
7 13
20 93
3 68
8 1
19 78
21 82
8 60
3 46
17 81
14 62
19 59
7 76
15 12
11 9
22 98
13 49
24 59
14 80
29 19
3 55
4 3
11 91
22 9
20 54
23 32
26 11
15 78
7 38
18 29
1 29
2 64
16 44
4 86
25 25
7 46
14 28
7 32
22 4
28 36
16 81
16 61
6 20
3 4
15 60
14 8
13 37
13 38
3 85
13 80
26 36
18 97
20 72
23 59
17 15
17 35
11 11
19 85
9 38
17 34
18 84
0 41
3 26
17 56
1 39
1 86
10 37
29 94
24 98
9 59
4 8
17 53
15 8
15 75
6 57
25 99
2 89
8 32
21 18
