100
4 52
17 38
1 11
23 22
28 36
20 1
22 90
16 98
29 1
10 61
5 45
5 71
8 69
22 54
28 30
4 68
28 1
18 79
19 82
22 5
24 38
7 64
22 26
8 60
22 21
7 24
5 86
25 26
4 52
18 90
14 74
12 91
0 90
29 13
15 39
29 77
18 14
27 18
30 1
21 100
22 14
1 59
19 47
29 28
3 32
0 89
24 47
19 14
13 64
14 14
5 64
21 63
9 5
18 85
4 54
10 81
30 59
19 29
3 82
15 70
20 9
27 66
18 21
10 84
17 50
12 91
10 55
7 38
16 10
28 14
4 55
23 1
10 49
16 61
18 42
18 5
1 10
22 33
18 28
22 95
7 34
12 85
10 12
9 75
19 68
2 33
15 63
0 44
11 3
30 47
11 23
16 70
20 51
16 81
16 42
24 93
21 42
5 74
23 18
6 39
5 96
15 30
15 57
19 47
2 78
28 73
0 10
30 86
1 67
16 53
17 8
24 66
27 15
18 21
27 75
13 16
7 87
11 9
8 87
29 39
6 61
29 43
19 74
23 11
25 34
16 4
26 42
18 67
24 80
24 71
2 76
10 33
18 34
12 84
21 15
19 77
4 35
0 67
11 27
15 24
30 44
8 37
25 98
20 1
14 13
15 85
9 80
7 2
29 18
23 60
17 10
0 15
19 40
27 11
24 41
18 97
15 47
6 83
9 88
6 25
30 27
22 63
26 81
20 38
4 7
2 8
19 45
21 73
17 72
26 27
21 23
16 93
21 3
30 90
19 35
23 28
29 91
0 41
26 21
3 36
15 37
20 35
23 45
27 95
1 37
21 29
14 46
23 29
2 96
1 76
15 11
30 88
6 33
24 50
14 94
13 76
21 97
15 58
23 19
19 91
28 15
5 86
11 74
18 57
22 41
14 90
18 64
5 61
30 28
16 34
12 73
0 22
20 53
6 12
14 43
4 20
20 79
14 76
11 36
4 50
15 49
21 72
12 32
11 46
15 8
20 8
21 74
15 18
1 3
11 71
17 66
12 17
27 60
9 51
1 84
29 96
20 80
27 8
24 90
16 13
2 54
28 22
20 67
17 90
11 28
30 98
16 43
4 9
13 30
8 67
28 6
10 12
16 5
10 77
3 40
30 85
2 14
27 42
20 19
16 93
13 39
28 45
30 51
0 70
3 12
4 54
1 36
0 9
2 61
6 11
7 37
2 92
6 72
20 42
5 67
18 70
15 84
7 39
28 1
1 39
30 2
1 82
25 97
7 17
24 58
27 29
29 83
26 17
0 92
15 40
7 47
20 64
25 42
2 79
30 76
18 74
10 80
9 6
1 57
7 22
20 63
10 63
13 50
7 30
12 25
4 36
13 68
17 92
6 67
13 59
27 81
14 24
4 94
28 42
6 26
25 2
11 88
8 16
2 81
2 15
30 94
13 52
18 29
2 87
10 4
22 84
16 13
8 15
23 1
26 59
7 54
1 7
22 96
8 54
16 91
29 27
5 70
29 100
18 11
23 83
12 7
28 54
23 38
23 2
14 79
13 18
15 70
7 62
13 83
11 17
8 48
29 80
17 89
3 76
23 39
17 1
19 73
5 41
2 1
28 90
26 96
2 93
9 51
20 53
19 77
11 85
20 63
19 77
3 29
12 33
10 79
18 28
17 34
17 72
7 25
17 80
26 20
22 43
9 30
0 64
0 28
22 30
14 7
5 58
15 3
26 86
28 98
22 41
24 62
8 61
15 11
1 73
4 18
14 37
17 45
9 87
28 52
17 69
25 9
2 25
25 26
28 78
16 65
30 36
30 37
19 42
30 13
14 48
9 57
19 93
17 23
25 28
17 91
25 32
24 34
4 14
18 87
17 12
2 93
0 45
28 100
1 82
6 62
23 71
28 86
9 1
27 30
6 79
25 5
14 47
8 78
0 37
30 78
1 52
20 64
23 72
15 47
23 35
17 46
20 60
20 7
8 61
15 3
29 11
12 66
10 99
11 67
3 96
12 72
7 94
14 78
6 56
12 16
11 89
8 99
1 28
26 78
7 40
9 92
15 90
12 59
10 6
8 22
2 8
0 24
2 79
12 73
6 3
3 76
8 87
18 89
16 53
23 4
11 68
5 71
6 34
5 44
22 69
5 84
12 78
15 77
1 16
10 82
19 28
21 2
26 44
3 6
21 22
0 81
15 16
12 66
22 85
28 53
19 96
3 28
15 3
29 14
3 91
6 15
0 56
7 20
16 73
19 98
0 30
25 48
28 59
27 9
11 66
21 59
26 92
4 83
8 1
18 23
27 62
26 43
21 33
5 71
9 33
30 81
0 31
29 28
28 1
29 19
1 13
30 47
29 63
14 67
13 98
21 69
16 56
16 10
16 69
5 60
24 18
14 53
25 32
24 36
29 50
23 9
20 89
28 25
29 93
16 23
19 43
26 34
10 51
21 87
17 47
19 20
11 95
24 53
24 65
26 33
5 27
3 92
13 80
19 26
24 11
9 68
30 9
15 50
24 91
1 19
12 10
30 61
17 94
25 85
24 36
1 61
7 89
27 95
13 11
26 2
30 4
15 31
27 67
10 32
23 94
15 45
18 3
14 53
10 43
7 99
21 12
18 27
14 70
25 97
3 16
21 5
15 11
6 87
17 23
30 75
26 82
11 43
26 47
6 62
13 99
25 79
29 90
24 84
25 61
10 63
1 14
3 81
16 68
11 14
9 76
15 51
25 42
3 43
16 82
29 100
6 62
21 58
23 81
1 47
29 43
19 36
4 11
0 28
8 30
29 46
22 70
19 70
0 32
12 20
25 49
22 27
23 76
29 85
30 44
26 44
12 74
23 56
17 8
7 46
23 80
17 88
11 66
16 59
24 6
6 95
6 37
9 60
27 36
8 93
11 47
14 38
4 82
18 87
4 20
2 53
1 12
7 93
26 94
11 18
17 42
5 74
26 75
24 67
13 3
0 61
13 35
23 98
30 49
5 23
17 86
25 88
16 69
20 2
2 74
26 65
22 71
8 68
12 85
12 80
1 40
28 46
13 26
22 56
6 44
19 45
14 11
11 43
12 37
2 77
24 81
18 70
3 8
18 31
18 10
30 10
9 7
6 53
11 66
23 72
20 3
10 2
26 49
12 43
17 76
4 36
16 35
27 32
29 85
3 13
27 67
14 89
26 19
16 99
7 64
14 34
28 12
17 94
4 23
9 26
28 41
15 22
19 53
15 37
10 53
11 75
1 30
6 85
6 64
1 88
17 100
21 16
18 42
3 74
23 53
29 68
6 53
26 33
21 52
7 19
17 95
1 24
10 17
25 79
5 87
26 39
0 43
1 68
9 93
22 16
9 19
25 41
11 59
13 73
8 30
13 63
11 68
19 46
23 58
30 6
25 85
19 53
15 49
27 25
10 39
18 29
10 82
26 94
8 75
19 69
25 1
21 44
24 4
23 97
17 47
16 67
7 22
1 51
3 60
9 75
17 67
30 26
3 27
25 86
17 53
24 49
18 18
13 86
8 49
17 84
29 72
21 43
13 67
19 1
4 2
0 83
18 55
26 62
24 81
14 94
18 19
11 51
13 34
27 39
27 1
23 96
17 22
25 70
28 75
26 43
16 14
27 85
30 57
26 96
0 43
1 4
5 4
13 26
23 61
14 66
23 92
5 9
3 71
30 7
1 73
3 54
9 79
17 23
20 21
25 86
18 84
17 93
21 83
18 5
29 77
11 92
0 93
9 66
22 5
18 22
2 15
18 78
10 52
22 44
28 19
9 26
15 52
16 49
27 59
29 14
12 84
20 89
28 75
30 100
17 77
26 46
14 63
15 27
14 7
14 70
22 34
25 10
24 44
1 53
16 12
2 90
19 60
27 83
5 75
2 33
19 95
19 33
5 28
30 45
24 47
30 7
4 97
18 89
3 27
7 65
22 83
2 69
8 80
27 23
6 11
12 59
13 55
30 96
23 18
3 26
25 50
8 17
10 13
29 45
13 37
18 35
24 19
23 15
6 75
19 92
15 19
9 81
22 83
9 74
19 69
8 29
2 88
5 21
19 14
6 58
0 73
1 45
16 93
1 60
23 21
16 49
5 69
15 23
17 96
1 18
9 20
4 11
16 82
8 30
22 94
23 8
27 8
22 59
1 83
8 85
14 37
0 93
2 79
14 14
3 60
9 34
27 88
12 57
26 36
5 2
16 63
16 21
22 48
16 22
1 65
20 55
5 39
5 88
8 67
24 51
19 19
1 1
4 99
17 46
22 74
7 92
12 34
24 33
28 62
21 52
11 45
11 18
26 54
20 73
25 39
28 15
18 89
20 14
1 14
22 49
22 5
1 78
17 29
1 55
13 43
16 87
12 84
12 93
9 68
12 83
27 10
3 21
20 39
10 76
18 57
3 82
19 11
20 4
27 51
4 42
25 63
15 40
24 81
6 40
13 86
24 22
15 82
11 42
27 24
13 1
24 19
0 64
19 12
1 86
18 98
17 7
2 26
30 22
9 78
19 37
19 84
21 79
15 72
1 88
12 4
5 16
14 53
9 15
25 23
0 83
9 92
5 50
17 55
18 56
30 39
1 9
20 28
0 43
9 58
19 65
6 99
18 49
26 22
30 67
25 6
24 92
22 18
20 57
14 23
23 91
28 82
14 18
28 16
21 53
25 99
7 5
15 70
14 19
2 63
17 44
0 10
29 64
17 39
29 52
23 42
1 7
12 15
16 25
11 28
17 94
19 100
16 3
7 45
16 28
19 75
16 62
22 25
25 80
16 50
8 2
30 1
2 50
23 99
3 20
20 78
30 19
5 78
14 66
14 25
18 97
21 91
15 41
17 75
28 49
15 21
7 84
17 57
17 98
21 3
11 15
13 48
9 55
18 86
3 59
8 67
1 12
3 62
30 98
23 16
21 20
26 9
15 51
16 24
7 17
20 43
5 13
25 57
17 26
15 17
4 15
26 20
23 40
19 17
26 59
20 28
3 66
26 1
28 32
19 47
30 71
23 49
4 98
17 26
3 87
20 48
22 15
24 66
2 6
21 72
3 47
3 100
21 90
15 37
8 32
0 6
20 93
5 32
14 50
9 41
4 37
19 34
0 30
5 27
16 99
16 9
24 83
23 29
14 93
12 93
16 44
12 79
10 1
6 69
20 44
12 43
2 38
0 57
17 66
10 58
9 68
1 17
1 56
22 47
29 14
16 18
26 38
18 58
23 5
8 50
24 2
9 47
1 8
10 19
4 45
6 43
15 85
11 50
30 33
5 38
6 87
13 41
11 20
4 25
22 16
4 62
29 16
26 19
3 10
26 85
25 36
16 32
23 10
30 85
8 85
11 94
20 78
18 78
7 2
29 24
5 5
20 61
19 56
14 58
10 53
8 44
27 80
21 13
10 7
29 6
27 74
11 35
26 100
25 9
5 68
2 45
14 16
17 86
2 80
24 87
5 69
1 29
10 26
22 97
27 2
5 86
4 43
30 34
7 65
17 42
26 21
21 57
27 97
29 30
3 38
15 81
1 82
28 11
3 83
4 61
16 51
21 90
24 55
22 60
12 88
13 52
1 91
20 26
3 77
1 18
13 57
13 96
0 59
15 15
3 38
4 27
9 50
13 96
28 44
9 89
13 20
12 78
0 73
30 61
23 44
7 18
20 85
16 6
28 2
8 85
16 75
17 97
21 52
3 15
20 56
7 52
18 4
3 77
9 74
12 26
7 3
24 88
12 35
9 37
11 22
12 34
6 52
18 62
10 51
18 97
30 33
1 68
20 97
14 7
26 5
12 99
9 22
12 40
27 37
9 78
22 84
1 75
12 83
24 44
5 9
6 43
4 77
30 52
24 27
10 35
4 3
20 44
0 2
16 61
10 66
7 3
18 8
24 91
6 94
0 48
5 61
21 8
10 6
26 3
11 27
7 27
24 32
10 43
25 17
30 3
23 54
19 53
15 14
23 27
14 82
17 55
10 33
23 39
23 78
23 51
19 68
0 14
3 57
2 61
27 2
11 55
10 48
29 46
8 3
23 36
8 43
19 34
10 46
2 100
25 2
9 45
19 74
0 24
13 62
4 9
25 57
28 30
10 55
18 41
1 45
16 40
2 57
17 10
24 94
14 71
30 63
19 68
23 38
4 79
28 56
28 83
8 35
3 68
1 63
4 80
6 27
8 43
5 66
2 74
5 95
29 36
24 85
17 47
12 33
1 41
9 66
29 46
8 48
0 32
0 58
3 53
29 6
22 40
11 22
30 96
16 23
28 60
12 84
28 64
2 62
24 83
20 78
27 55
12 6
20 82
16 97
13 4
5 65
0 99
7 70
27 3
25 71
15 72
24 32
15 53
12 86
28 84
27 11
7 47
3 46
21 83
28 93
27 4
2 56
0 43
23 25
8 48
21 41
17 31
14 26
5 3
15 83
4 63
4 80
12 35
0 97
14 63
22 84
3 17
29 7
1 98
13 39
28 24
3 37
4 42
0 17
11 74
11 73
4 84
12 27
14 14
28 88
11 50
26 20
10 47
1 28
2 27
30 70
9 52
22 93
6 33
12 24
30 80
10 66
4 85
13 52
25 42
14 40
1 44
11 74
10 48
21 84
4 94
29 12
22 25
30 39
0 81
18 25
13 53
20 44
9 24
10 66
2 20
23 2
27 90
26 92
16 11
14 3
4 77
12 6
28 59
21 3
22 19
18 82
22 77
1 97
18 96
11 93
18 92
17 95
4 39
4 33
16 84
0 58
18 30
5 75
14 10
15 20
17 11
30 39
5 35
30 65
16 36
4 88
23 82
4 41
7 45
20 4
6 44
24 99
30 79
23 30
27 71
7 5
2 15
0 37
16 74
20 93
27 60
23 96
6 22
7 63
16 46
12 34
4 29
14 11
14 40
26 58
14 41
17 16
13 45
29 27
2 42
24 26
11 24
14 32
19 2
0 55
7 54
4 43
3 84
17 45
10 28
17 81
19 36
13 93
4 45
18 12
12 13
29 26
1 8
9 62
14 77
14 81
16 82
8 45
22 6
15 15
15 57
26 66
15 4
22 37
20 13
21 26
21 38
8 79
29 94
1 98
12 50
24 40
8 33
19 30
2 85
10 48
14 72
5 83
14 65
18 24
29 84
23 54
15 55
16 76
28 21
30 46
1 29
28 19
2 42
23 87
28 66
