100
17 36
3 8
28 37
23 100
0 53
26 52
13 24
9 16
30 32
8 62
23 80
29 32
1 69
13 61
10 94
8 94
5 41
28 19
15 13
14 21
8 7
7 61
26 48
16 76
27 23
30 68
11 24
21 55
27 6
27 31
8 62
6 48
8 10
4 93
26 74
14 69
8 23
22 67
11 72
27 75
16 41
30 6
24 51
21 26
3 63
11 81
24 85
24 29
12 54
21 15
28 81
4 78
23 1
6 72
24 79
19 51
13 75
25 57
10 44
24 31
16 9
22 32
3 10
15 69
17 76
1 85
3 44
18 90
8 6
12 17
8 53
25 98
22 91
22 45
20 51
7 81
10 8
19 27
15 25
6 68
9 60
4 55
30 72
16 87
12 95
5 75
11 5
5 47
4 58
1 9
13 76
5 92
8 5
24 99
17 6
24 2
17 68
28 83
0 4
27 56
2 16
18 82
15 26
27 9
0 34
16 48
25 90
8 38
24 34
24 84
19 13
21 42
28 7
11 7
15 59
20 62
26 25
23 8
3 72
26 54
26 83
14 14
13 89
22 53
15 15
30 52
15 58
12 66
22 34
1 67
27 36
4 77
28 53
9 18
0 80
23 95
23 46
7 5
29 5
16 73
19 51
28 43
19 46
6 88
7 98
23 15
5 98
9 83
6 7
5 65
22 23
8 73
5 92
26 80
5 76
11 87
0 77
20 40
27 38
1 22
26 92
15 91
5 36
30 51
20 60
6 3
20 34
18 99
4 30
17 71
5 44
21 8
4 11
27 86
0 15
13 44
10 85
1 75
13 43
11 28
28 100
17 70
21 100
1 75
11 30
29 12
28 1
17 39
21 64
15 84
8 62
17 34
16 44
20 5
16 54
9 43
0 12
29 66
29 9
25 83
11 17
1 89
2 43
18 1
28 33
4 4
26 44
27 4
28 33
8 30
15 34
2 85
11 38
2 93
27 70
7 72
10 43
18 30
17 62
15 27
4 97
17 7
25 4
27 31
30 86
20 48
18 26
8 69
27 2
17 70
21 38
27 18
6 13
26 24
22 60
11 63
27 1
23 65
17 63
0 68
4 3
29 7
18 94
20 29
26 57
1 22
28 24
3 46
7 41
13 16
6 93
29 30
22 17
10 31
1 14
19 73
7 96
2 74
28 83
17 17
29 1
20 48
22 84
26 57
26 33
23 50
26 3
19 8
3 25
26 31
26 13
29 64
23 69
19 76
11 83
4 96
9 82
22 58
29 38
17 18
18 5
13 10
14 62
14 69
6 29
17 35
13 88
25 86
30 63
11 28
3 10
8 88
8 39
5 68
14 97
11 24
14 76
22 27
8 6
10 91
25 51
16 15
25 9
25 32
5 32
19 65
2 36
2 89
1 49
3 13
4 13
18 56
4 88
23 70
21 94
25 55
30 27
12 59
0 73
26 29
0 25
10 25
19 69
24 91
4 92
9 28
12 18
22 56
19 97
13 91
28 76
8 88
21 100
30 21
29 78
19 96
15 67
3 70
11 45
21 51
26 95
28 91
27 95
20 24
5 42
20 52
9 27
20 37
5 38
30 62
1 34
16 46
19 8
6 49
28 45
5 60
22 39
18 6
12 35
11 88
9 31
30 29
21 19
11 69
24 51
28 89
20 16
2 19
23 5
29 98
14 33
4 87
25 20
20 48
30 33
8 42
22 96
20 25
0 94
10 55
3 74
28 87
5 81
11 15
12 62
4 65
22 46
21 3
11 84
13 51
21 23
3 55
20 78
0 43
19 24
15 93
5 10
6 72
10 97
19 19
10 43
28 32
1 83
23 22
23 38
30 12
12 82
2 29
9 86
25 85
30 37
1 8
7 77
1 16
14 67
0 43
26 70
17 9
25 6
29 25
3 81
6 42
5 23
25 1
26 61
24 88
26 79
10 76
24 63
3 81
13 73
9 54
12 61
3 66
26 94
23 77
18 100
20 62
17 65
1 55
1 18
0 88
19 33
10 96
9 60
13 44
24 95
24 44
7 12
19 15
2 38
1 51
22 8
23 58
24 38
29 64
16 91
30 86
7 93
25 36
20 43
12 33
13 78
14 41
9 52
17 61
21 73
2 10
14 93
13 67
28 10
16 69
25 9
3 30
25 19
4 61
24 98
12 10
15 26
17 21
7 54
25 41
11 84
18 55
3 13
2 51
28 38
8 51
19 91
28 2
26 40
15 73
29 19
15 44
5 94
5 15
19 23
12 88
9 85
8 79
24 90
18 84
13 13
20 74
1 84
20 51
9 19
17 4
29 34
9 48
9 45
27 37
24 32
30 81
14 55
12 4
17 88
3 1
29 13
1 34
22 80
29 13
24 37
5 40
25 23
24 34
21 20
7 95
20 98
10 92
16 5
26 70
19 55
25 82
28 25
5 86
17 22
26 9
30 8
29 68
15 66
19 90
16 95
0 93
7 88
8 78
16 47
18 99
5 65
12 49
1 90
17 21
30 10
24 71
11 89
3 52
5 10
11 28
6 40
12 83
27 73
3 78
22 42
0 31
28 55
29 47
12 90
11 71
8 48
23 23
0 89
29 38
28 82
4 94
7 58
8 1
28 70
1 2
17 50
4 8
28 3
25 43
21 32
26 75
21 56
9 72
27 77
17 24
24 12
14 73
1 10
12 11
3 7
23 41
30 34
4 92
22 17
30 15
23 43
4 4
11 81
12 25
20 65
21 59
25 69
20 7
28 84
6 56
4 44
17 38
17 84
26 65
21 14
3 36
12 64
17 86
25 13
19 72
23 70
5 77
20 68
0 68
9 63
27 78
5 77
25 81
6 1
13 79
21 50
23 99
3 34
20 81
24 24
11 70
10 48
10 25
19 98
25 51
22 22
29 59
17 7
29 60
6 27
20 46
9 99
19 48
18 54
10 12
13 55
26 13
3 41
12 44
2 98
4 6
15 8
7 55
12 28
23 4
4 32
12 63
16 84
28 79
11 79
29 61
30 94
26 63
0 64
23 68
9 52
29 20
15 35
14 83
8 61
2 43
15 29
0 8
17 29
8 29
15 3
2 79
18 70
21 14
1 88
4 88
18 38
3 3
25 55
30 92
27 94
10 27
20 29
6 54
4 72
9 63
9 10
3 91
11 65
12 87
11 78
30 27
11 29
16 1
2 76
26 30
20 25
28 20
29 75
22 97
21 9
0 100
25 64
19 85
2 15
27 85
9 45
10 100
10 79
26 86
22 47
1 48
12 54
8 96
15 71
20 21
8 90
26 59
3 70
4 43
3 25
12 1
25 36
19 33
27 53
23 69
19 47
0 37
12 99
9 32
24 79
10 58
1 23
22 100
12 50
25 89
2 56
1 77
0 51
13 91
27 49
15 37
8 92
1 19
13 95
30 35
10 20
29 7
7 30
9 9
27 39
4 74
24 86
18 81
25 44
10 6
0 31
21 22
3 86
10 83
1 91
23 13
19 60
1 91
21 82
24 8
0 72
29 39
15 40
16 13
24 24
19 63
21 80
6 58
9 43
27 100
7 7
24 6
30 67
12 99
9 98
14 79
29 41
21 34
22 51
18 25
0 66
21 57
23 6
4 65
3 97
21 7
9 11
2 35
18 84
2 52
30 38
6 43
25 52
28 30
8 18
19 42
17 43
15 27
6 94
15 91
1 32
30 76
15 49
3 50
22 42
12 19
9 88
15 37
22 81
8 21
27 84
17 79
20 97
2 37
15 6
17 33
5 99
26 47
20 92
16 52
28 60
26 25
11 86
7 98
11 24
29 88
9 35
10 10
17 48
0 38
26 74
29 96
19 74
4 17
0 13
29 69
21 93
24 67
16 46
12 95
5 26
21 39
28 89
8 45
14 94
4 31
25 91
20 39
11 99
7 6
12 93
4 46
23 61
6 20
23 56
27 100
7 63
16 32
6 3
17 25
6 85
10 43
3 32
7 32
15 92
1 49
10 11
22 75
4 12
12 71
20 58
1 80
11 62
13 56
14 7
0 88
28 79
25 70
27 42
25 17
4 48
23 55
16 9
18 23
1 68
5 57
13 73
12 25
15 59
25 95
12 35
11 4
26 95
10 45
0 87
28 33
4 22
15 40
2 19
26 47
28 94
29 6
5 88
21 16
8 49
9 18
23 21
5 78
19 3
21 98
26 47
2 47
4 53
20 17
0 70
9 71
15 31
2 23
18 46
5 64
3 9
11 2
4 51
14 49
6 82
30 60
2 1
1 27
0 89
12 62
9 98
9 47
16 50
15 5
20 26
0 59
16 93
2 82
7 41
7 61
14 77
23 17
28 68
1 78
29 79
2 45
9 26
17 41
21 68
28 44
21 1
25 15
3 65
9 38
17 50
1 3
0 64
12 8
29 4
28 93
26 45
4 80
22 63
29 27
5 24
3 16
23 39
3 39
28 92
19 80
18 96
12 91
19 66
18 30
28 4
20 66
0 90
29 10
19 43
24 47
28 97
29 88
24 89
7 32
19 38
27 62
29 84
24 55
8 77
1 60
10 81
14 97
25 84
22 25
29 10
6 4
21 32
13 17
10 18
9 20
22 58
24 79
30 29
16 21
29 70
20 56
5 65
10 41
16 2
22 20
22 16
5 85
26 46
9 62
10 17
16 25
27 13
0 11
24 55
5 7
15 9
19 38
16 86
16 10
24 48
21 92
5 72
18 25
21 16
2 36
19 40
5 23
3 63
10 18
7 45
3 55
1 22
26 45
16 9
3 53
7 81
16 47
24 37
28 30
14 26
26 58
12 6
18 81
0 90
4 49
10 6
15 30
21 8
21 76
17 16
20 9
5 86
10 80
19 41
11 54
11 27
4 55
28 26
7 99
24 14
10 100
27 89
28 75
3 59
22 85
18 98
1 23
12 57
28 21
0 42
8 41
25 84
18 99
23 61
15 18
5 18
6 9
17 70
25 61
4 48
23 45
11 73
13 45
12 52
30 6
1 82
25 72
12 18
26 80
13 25
15 16
18 36
24 5
28 26
19 55
14 76
3 7
17 22
9 64
14 34
17 62
9 67
13 74
7 68
10 96
23 51
4 81
25 69
21 60
10 14
6 28
10 7
24 53
13 51
26 24
15 60
22 58
1 35
16 9
5 78
29 71
11 60
23 84
21 80
14 37
13 52
27 71
16 8
2 66
27 41
4 66
22 6
14 39
1 9
15 47
7 57
12 12
15 49
9 9
0 64
4 56
0 19
20 16
17 43
24 75
8 19
25 76
29 53
8 77
19 76
5 72
22 67
5 17
30 44
11 42
16 61
19 42
18 79
5 75
30 69
8 44
18 100
0 65
1 64
16 2
16 87
16 40
9 71
8 71
4 5
21 57
17 88
6 65
12 63
25 54
0 18
14 18
30 21
22 48
18 24
26 32
29 16
24 38
23 77
28 74
10 2
13 60
5 81
15 16
15 74
9 48
8 92
12 57
27 3
7 45
16 79
25 67
21 65
7 35
27 33
10 90
25 98
5 35
13 1
26 31
30 84
22 65
10 58
15 52
5 7
12 64
6 99
5 63
15 56
22 79
29 15
0 10
7 96
5 63
11 66
13 77
15 58
21 36
1 66
2 72
20 19
24 94
9 14
17 69
4 39
21 68
1 3
30 41
17 66
11 36
25 24
29 35
11 1
9 93
9 5
0 30
7 66
18 70
7 80
27 29
9 25
21 12
21 13
1 37
9 62
17 41
28 49
3 12
12 11
15 95
22 62
14 70
14 41
0 18
17 88
28 83
1 24
24 95
14 13
14 16
8 65
15 29
7 18
7 50
13 7
25 66
23 15
9 33
3 1
25 77
7 8
9 71
24 70
19 100
16 32
1 68
29 78
14 24
0 66
23 14
21 60
29 68
5 52
21 54
24 79
5 97
20 7
30 22
0 85
2 51
20 51
25 82
28 52
17 72
30 72
30 83
10 43
2 18
6 57
5 35
1 5
27 86
25 8
3 63
8 85
10 23
14 62
5 46
27 5
1 50
27 8
27 65
2 38
15 13
15 40
27 64
23 78
17 55
11 84
0 37
12 48
17 3
12 38
21 66
5 69
29 16
6 37
30 62
2 63
4 60
27 68
9 37
2 29
28 88
21 32
12 15
1 51
8 2
23 76
4 61
28 25
11 65
1 37
19 41
11 17
16 93
10 6
13 19
10 85
15 88
10 12
24 40
30 62
30 59
10 100
0 83
7 59
14 100
26 86
18 82
29 22
28 66
22 96
24 91
19 36
27 90
19 72
6 61
14 3
10 49
4 25
27 14
8 57
29 1
9 63
16 25
26 34
4 17
13 4
28 72
26 23
23 6
3 64
27 72
1 64
8 88
3 80
14 49
7 41
7 41
24 56
7 84
19 95
23 23
9 41
29 80
15 4
7 77
20 22
12 47
25 12
1 19
7 83
8 89
15 12
28 12
8 15
29 52
23 37
18 65
1 35
20 21
26 14
8 30
25 91
0 14
3 33
24 39
10 59
4 94
23 35
26 44
23 88
14 82
29 58
20 64
13 49
8 45
26 69
7 1
5 19
15 25
5 46
30 30
19 44
20 85
17 69
16 48
13 81
30 16
10 1
1 68
28 30
6 81
11 7
30 80
15 2
21 85
7 50
0 58
15 85
29 82
13 39
8 58
20 23
23 20
18 70
4 82
28 1
15 31
18 33
29 49
4 46
24 51
11 62
1 38
10 14
8 81
12 58
3 30
3 9
9 72
21 24
8 90
18 64
7 86
0 34
12 76
30 77
2 97
15 52
8 50
20 21
16 30
13 55
5 97
22 15
25 54
3 82
11 34
17 40
27 12
7 66
8 52
13 90
12 93
4 48
12 23
13 76
10 11
2 94
2 88
9 38
17 88
28 58
1 54
24 63
14 97
0 45
1 64
2 45
28 76
15 70
4 3
30 13
4 50
8 71
3 6
8 93
14 81
24 56
1 15
20 22
19 84
4 89
5 94
24 77
16 57
6 23
5 18
20 83
10 15
2 7
18 10
0 17
29 81
2 47
10 78
14 13
7 51
0 22
2 39
8 86
8 93
25 57
9 32
20 3
11 50
25 22
3 86
21 92
4 95
2 64
15 98
8 58
1 13
10 63
23 68
5 38
7 47
3 46
8 33
18 35
6 5
24 83
27 47
16 91
25 49
27 91
28 99
3 95
15 35
25 97
22 24
5 34
6 71
