100
20 97
11 51
28 54
12 88
17 40
29 53
23 63
18 52
28 54
21 69
15 71
24 19
4 24
12 11
28 12
21 13
21 98
8 72
30 31
25 28
9 18
6 45
0 16
23 22
30 34
11 63
24 75
25 45
6 41
11 68
29 99
11 1
28 29
22 28
23 4
19 3
6 40
3 35
26 57
1 24
11 61
1 26
24 34
19 56
15 81
26 62
9 92
24 74
9 42
2 60
19 12
26 53
27 67
16 28
9 75
27 62
22 97
25 99
18 52
11 76
16 90
25 87
4 68
11 85
2 33
27 58
7 66
11 50
16 17
5 53
17 24
9 96
9 47
22 23
30 39
14 23
22 68
5 91
12 75
27 62
6 96
26 67
3 66
23 55
7 72
30 80
16 96
11 42
2 36
16 3
29 76
19 7
15 7
14 30
11 15
3 52
2 31
1 70
29 56
13 81
15 94
22 18
30 66
26 77
7 45
2 21
18 70
2 49
21 63
18 76
21 74
10 26
19 62
21 92
30 14
27 22
5 40
12 90
16 55
11 35
20 95
11 14
27 85
1 41
20 78
13 78
23 98
6 31
15 10
24 100
15 61
25 26
9 53
5 96
0 92
25 64
9 31
20 28
17 33
21 58
29 42
28 24
21 48
8 65
25 94
17 73
23 72
23 14
22 92
18 64
29 36
17 50
2 18
20 35
30 42
5 29
29 81
22 76
21 41
26 67
10 65
11 83
10 79
7 34
22 28
22 69
24 61
8 78
7 12
17 93
25 6
20 92
21 94
26 99
24 88
19 30
30 67
24 2
0 88
4 92
27 6
25 91
15 97
2 40
29 97
20 87
12 49
0 2
19 84
9 70
21 76
12 73
9 28
11 42
17 70
20 74
30 73
30 55
14 81
6 42
11 12
13 16
15 35
0 29
22 16
9 30
10 96
23 34
12 12
27 47
25 56
27 95
20 78
10 5
25 16
22 62
1 37
26 55
27 29
22 35
30 56
15 10
15 32
12 12
7 10
22 27
4 47
14 31
8 58
14 87
18 2
18 52
24 75
20 93
4 62
6 82
14 30
12 96
29 8
7 32
18 74
0 24
2 39
0 32
19 8
21 89
7 75
19 27
21 38
19 58
11 32
19 8
9 50
0 81
5 58
5 70
19 52
13 68
10 90
5 56
3 23
0 25
26 73
26 23
25 63
11 97
9 17
23 44
17 46
12 68
7 10
1 88
15 4
15 38
24 82
20 46
7 45
9 70
5 18
9 25
16 30
4 22
21 66
21 39
2 61
4 36
0 100
27 68
30 1
16 53
23 9
16 31
17 26
12 80
19 34
20 46
17 90
28 49
10 95
21 66
20 83
2 26
1 34
13 59
9 41
17 80
0 50
17 22
19 88
29 68
1 26
18 38
6 16
18 64
6 77
28 46
5 15
2 3
22 95
16 79
19 26
5 66
3 77
18 49
20 6
24 42
29 18
0 31
27 14
21 37
10 61
23 30
25 49
30 42
14 20
8 62
8 81
17 21
21 19
20 2
15 85
17 44
13 35
15 55
3 86
18 48
12 18
25 46
0 91
10 79
13 9
2 9
26 66
30 5
18 24
8 27
13 2
8 75
13 38
15 66
4 6
29 40
25 33
4 85
13 14
10 53
8 77
1 33
24 80
26 23
28 89
8 14
15 88
22 23
25 97
14 32
23 84
30 62
4 34
2 50
9 75
24 91
29 30
26 83
29 44
14 94
1 77
30 12
16 1
14 67
17 90
22 19
16 24
16 66
4 36
20 16
8 33
29 96
24 60
18 51
1 95
2 19
29 93
6 17
1 96
7 4
22 9
5 40
5 26
25 59
27 15
17 52
14 35
2 70
30 28
5 12
10 12
18 91
9 60
28 88
10 63
29 3
5 34
5 10
22 96
22 93
17 37
14 90
25 84
20 50
9 83
13 10
27 39
28 14
20 77
22 30
0 53
3 67
28 74
30 28
0 90
23 44
16 33
19 27
6 2
7 5
27 91
10 59
28 66
21 77
20 84
16 52
14 93
17 15
17 42
26 73
11 9
7 31
18 36
19 42
21 15
16 12
12 54
21 40
4 23
3 29
22 64
17 28
12 42
26 41
11 59
1 68
1 81
10 17
12 96
9 72
22 97
21 99
20 29
15 3
28 64
4 59
16 5
30 93
30 63
12 85
3 58
27 77
10 91
13 33
25 79
10 6
0 17
17 7
17 13
20 14
27 78
28 58
4 23
30 24
13 84
11 93
26 35
22 63
8 55
3 74
22 41
17 48
6 43
21 67
20 19
21 48
17 8
22 66
9 87
26 76
17 96
3 78
12 28
19 56
24 15
11 90
25 69
30 25
22 16
8 87
7 82
17 32
11 21
17 19
5 42
19 12
12 80
4 62
0 2
16 90
9 58
29 57
3 89
29 57
15 79
23 51
21 74
23 39
10 82
20 6
30 47
20 12
18 24
17 26
20 60
21 93
8 5
30 43
22 69
1 93
3 72
25 60
26 70
7 43
2 60
20 86
10 35
17 74
16 46
1 31
12 46
0 51
8 76
8 59
13 22
6 80
15 88
21 24
26 3
19 8
1 78
30 44
21 70
12 5
26 98
20 42
11 5
20 89
27 88
26 82
8 61
5 84
27 17
21 96
17 17
29 2
21 7
30 15
16 64
11 45
0 17
2 40
1 53
11 67
18 4
3 95
5 65
9 73
4 97
15 93
30 8
26 49
18 46
24 100
24 25
2 32
7 86
10 63
8 63
7 70
14 20
9 29
15 51
23 45
9 24
8 86
21 29
18 59
13 53
4 13
7 83
27 34
24 77
21 22
9 9
18 80
19 98
8 69
29 86
12 45
13 68
13 21
7 74
6 69
10 59
21 98
11 53
8 46
10 96
6 44
23 44
27 34
17 44
13 88
16 18
6 83
17 10
11 66
14 23
1 4
4 79
23 91
21 34
2 86
3 2
5 56
13 79
21 47
15 80
12 26
22 24
20 44
28 20
8 17
15 89
18 94
6 31
16 96
6 2
1 87
25 7
13 60
11 29
25 87
7 44
6 79
10 51
11 50
9 34
6 100
17 43
14 81
14 93
25 48
11 35
12 78
17 79
4 26
20 66
4 44
13 34
19 98
29 92
11 99
26 5
19 80
10 69
2 78
5 68
6 16
12 22
12 8
22 54
0 31
13 96
9 53
16 1
18 42
0 35
1 16
28 32
24 60
15 95
22 29
16 95
27 17
4 51
2 28
16 14
22 39
12 49
3 9
17 60
14 46
26 97
22 87
19 5
27 10
17 93
24 27
26 27
12 47
17 37
19 91
9 96
13 24
30 19
6 79
1 84
17 7
30 20
5 94
10 43
22 27
28 100
22 37
23 51
17 14
24 21
11 5
23 100
18 65
0 22
6 88
17 98
13 99
4 61
13 55
30 10
15 42
6 26
1 19
21 62
4 47
7 1
10 69
5 97
7 98
8 74
0 46
5 77
15 25
14 68
15 39
10 81
12 43
16 28
27 84
10 76
19 70
15 88
2 93
24 58
12 57
2 30
15 21
15 59
13 87
14 34
3 5
22 19
14 25
5 18
0 98
7 68
29 75
28 68
16 41
3 33
28 65
15 56
26 24
2 60
24 31
0 8
4 90
27 66
3 54
9 9
17 9
8 79
18 50
0 64
15 43
29 32
1 83
22 4
26 30
27 74
22 6
22 30
11 40
22 91
26 83
12 36
27 24
18 79
4 82
26 46
1 92
18 58
23 34
3 4
3 89
20 78
22 15
12 26
13 72
9 35
13 1
26 87
28 42
0 30
8 68
8 34
4 93
19 60
11 39
27 68
14 31
23 78
19 60
19 48
16 79
19 38
28 18
21 39
18 26
30 64
16 87
4 25
20 18
7 89
21 58
12 84
20 29
30 95
28 19
8 23
8 87
11 69
5 46
17 91
12 15
26 17
22 94
16 90
6 27
4 81
21 19
10 62
1 90
26 33
6 97
22 91
29 62
11 83
14 98
10 15
27 74
4 43
21 87
23 5
26 74
5 51
30 16
16 27
4 71
22 25
7 91
30 75
27 13
1 54
13 39
11 85
25 51
30 91
24 8
13 9
7 82
6 31
1 99
13 83
29 7
18 36
0 34
20 32
4 31
1 53
27 83
4 41
9 49
3 52
27 81
17 77
4 83
30 3
3 85
11 97
1 20
6 94
30 35
19 63
18 25
2 56
7 95
26 84
12 94
2 35
18 53
7 27
1 74
16 62
30 34
5 30
17 16
19 24
11 85
29 95
24 1
12 12
6 26
27 35
9 95
13 85
16 11
28 72
25 22
17 24
14 75
9 61
22 26
23 78
26 57
26 69
14 72
25 89
23 21
26 56
22 3
8 28
17 80
13 22
18 30
4 49
24 71
21 23
29 12
5 11
24 35
28 37
0 4
20 20
1 67
27 23
9 8
3 43
20 17
9 28
23 80
5 3
10 65
29 35
7 20
5 57
19 93
14 52
1 22
9 75
7 98
11 27
10 68
27 89
9 8
0 8
28 70
8 98
2 35
16 55
7 19
6 31
14 34
29 62
2 93
1 13
15 52
30 98
26 47
0 73
30 4
7 60
7 24
25 47
12 98
27 59
5 94
30 14
24 57
17 59
24 2
15 75
27 15
10 92
9 9
19 23
5 68
4 96
28 59
10 63
30 44
23 32
22 30
11 18
20 17
16 58
22 96
23 15
12 87
18 95
20 11
27 52
19 27
17 67
24 40
15 9
2 30
28 65
17 55
12 67
20 66
27 55
4 9
21 10
13 6
15 30
20 18
16 91
28 65
4 32
30 3
30 74
28 23
29 3
1 61
24 71
9 29
11 49
15 27
15 91
14 87
5 65
30 96
21 29
25 22
5 59
30 66
0 2
23 73
6 85
17 86
5 35
19 21
20 50
22 19
1 40
27 8
8 89
5 69
21 41
8 42
16 28
30 44
23 31
15 20
19 12
19 41
27 21
8 37
6 25
8 32
26 55
27 5
21 93
2 61
19 23
6 72
24 82
21 66
8 3
29 95
4 84
1 15
6 79
23 90
28 58
25 20
28 45
29 97
1 23
11 21
10 6
25 28
7 94
2 29
11 74
18 9
24 66
8 86
15 69
2 78
3 33
15 78
12 44
21 78
29 56
26 22
5 25
19 56
27 20
25 43
27 68
14 51
13 99
14 3
22 93
24 86
2 26
22 25
6 72
12 90
21 19
2 9
29 54
13 56
13 46
25 51
21 34
13 8
7 14
23 9
9 37
26 58
26 31
2 28
7 92
30 69
12 67
6 96
11 34
25 2
23 64
6 65
15 52
3 55
15 87
8 27
11 97
24 2
4 14
9 61
28 13
25 9
30 83
19 58
9 89
22 39
4 63
14 79
5 85
8 68
17 42
30 36
5 20
24 9
2 72
18 94
22 7
6 65
2 93
3 34
23 25
9 57
29 29
1 56
0 75
6 74
9 60
15 63
13 31
0 19
13 3
18 92
23 13
28 68
5 1
26 65
18 27
5 9
16 64
24 61
9 39
13 83
5 14
12 16
13 74
21 68
11 1
27 70
26 85
2 3
6 88
19 72
1 17
11 36
27 66
15 46
16 33
24 45
9 84
26 13
7 20
10 35
20 54
10 82
27 45
8 4
14 92
16 90
27 73
11 34
15 78
4 6
20 43
6 26
25 67
10 54
26 25
15 28
18 20
13 17
30 4
20 78
4 73
26 61
5 1
2 24
30 53
15 27
23 97
8 3
1 15
25 21
27 36
16 69
21 93
29 49
15 76
10 22
5 21
4 52
4 71
29 24
21 85
29 7
10 85
22 27
27 99
0 28
23 53
17 75
20 83
12 33
3 32
19 41
20 16
5 19
10 97
8 6
26 7
7 5
0 13
10 82
6 71
1 29
11 13
4 33
28 82
16 9
30 100
16 39
4 5
29 35
8 18
22 20
9 6
29 29
18 20
2 35
15 74
13 83
7 31
2 58
19 83
17 98
9 44
28 95
16 30
3 76
28 16
21 4
6 21
12 85
14 13
19 44
15 37
7 40
2 61
5 27
15 43
2 63
0 76
30 29
25 96
10 15
4 89
11 23
1 98
15 44
10 49
28 94
26 98
23 78
23 58
29 97
30 63
20 41
30 83
25 93
17 62
17 83
11 5
26 28
24 5
17 96
13 12
18 44
0 60
19 53
22 94
29 38
7 29
25 54
6 3
19 90
5 32
1 39
17 6
0 72
21 55
29 46
27 75
4 85
10 30
21 69
13 8
27 56
27 66
27 30
18 14
23 4
6 4
13 86
0 81
28 46
4 38
27 87
29 28
16 63
30 17
26 82
26 75
8 97
17 8
12 33
8 91
8 13
19 15
2 34
22 87
14 90
30 48
4 56
0 45
28 93
25 57
5 5
20 87
9 14
22 29
0 70
12 73
26 4
28 86
7 37
16 57
14 42
3 91
14 62
3 16
21 73
19 23
4 11
18 88
18 42
5 45
27 66
23 58
22 16
9 20
20 21
27 32
28 78
17 46
16 74
29 30
6 73
20 5
25 14
16 75
0 41
8 28
1 93
23 29
12 32
26 27
15 99
27 12
5 69
9 78
10 14
23 75
17 85
23 5
21 19
9 38
1 18
27 63
29 85
16 29
8 20
16 57
30 32
30 9
10 3
11 16
21 38
23 23
3 9
15 82
26 25
23 12
22 55
11 7
27 54
8 90
14 28
6 44
24 79
9 27
30 35
24 6
20 65
6 23
27 90
8 84
12 23
5 68
19 89
8 16
26 35
23 48
25 18
1 5
22 30
27 61
16 93
23 15
4 23
17 31
21 74
7 43
5 42
28 88
7 91
24 84
14 56
0 64
26 11
17 13
15 70
25 2
16 87
4 24
26 80
7 25
20 41
6 27
16 11
18 43
22 74
21 43
18 39
19 34
18 66
28 98
21 97
18 13
22 90
4 11
19 27
19 19
29 3
21 24
20 11
19 68
14 37
26 83
14 1
1 23
30 99
8 5
14 25
1 15
18 41
7 88
11 82
30 65
1 11
8 92
19 68
7 75
1 81
9 33
3 53
8 81
14 43
20 68
23 72
14 22
0 74
17 58
29 30
23 51
20 2
19 26
28 49
9 28
9 80
23 11
16 7
4 17
6 5
24 68
20 92
