100
2 79
26 100
11 19
21 69
25 1
10 43
5 74
24 55
13 37
12 98
17 6
3 21
0 12
17 47
26 93
22 70
22 62
25 14
14 65
6 46
26 28
16 57
1 27
24 35
11 57
19 65
30 80
9 56
25 90
27 99
23 30
30 10
1 26
22 54
11 52
17 81
12 84
23 60
17 28
10 25
0 84
7 24
13 64
11 40
6 92
13 73
21 17
19 16
18 96
6 34
9 22
11 91
26 10
20 44
23 27
6 27
30 100
14 13
18 19
18 25
10 97
17 77
3 74
22 35
21 50
14 46
18 90
18 3
1 43
11 100
17 17
15 58
6 61
27 49
25 92
28 26
8 99
21 62
13 14
1 23
8 34
20 5
4 2
22 4
27 44
23 80
30 95
13 33
26 47
7 18
24 49
18 98
13 95
23 1
10 30
21 44
10 67
25 53
26 68
11 2
28 46
29 40
0 5
0 42
15 70
26 52
29 77
29 80
11 90
18 84
12 95
24 25
17 52
18 95
18 1
7 80
12 69
23 22
17 44
16 66
23 85
27 48
22 96
21 19
30 20
8 20
8 46
15 23
29 87
14 47
11 83
9 48
9 55
5 93
4 89
26 6
21 57
16 41
29 24
22 97
4 28
7 76
16 6
10 97
5 85
28 46
3 73
17 43
13 55
30 58
23 10
3 57
1 72
8 5
6 57
14 40
22 84
14 77
6 32
18 37
3 80
29 65
21 64
27 24
23 87
26 5
9 14
14 22
5 94
28 71
27 18
30 70
24 1
16 98
17 93
17 35
8 69
3 69
3 38
8 94
27 55
18 65
26 98
23 35
12 23
8 94
27 55
23 63
8 33
14 54
13 54
10 83
16 40
22 30
9 22
28 64
21 5
5 79
19 76
14 5
17 100
23 70
17 51
9 51
10 1
13 41
26 43
9 35
9 61
25 30
6 86
2 23
17 79
7 57
4 30
28 11
14 53
25 92
23 98
5 35
18 86
10 14
21 51
12 60
14 24
29 82
21 57
6 86
5 59
22 51
14 23
23 4
20 35
24 13
10 69
7 65
7 15
22 85
6 12
2 73
26 99
14 76
23 100
30 61
16 83
18 65
27 72
0 76
21 76
25 96
11 46
5 17
21 81
13 100
0 97
28 100
30 69
8 1
15 65
9 61
26 89
7 3
25 60
5 35
19 61
14 58
9 23
19 80
19 67
0 14
12 31
10 97
26 23
2 81
17 64
12 54
12 33
16 50
25 8
11 21
13 41
7 89
0 68
16 68
19 60
3 17
6 42
7 73
16 31
24 66
1 16
29 77
27 90
30 51
14 46
8 32
27 57
4 26
3 89
23 20
20 36
7 70
1 88
19 21
24 94
17 77
23 65
11 71
28 19
27 44
17 99
19 98
22 11
7 79
0 93
14 56
24 40
1 91
23 89
1 14
5 33
22 97
30 99
15 26
13 77
16 23
5 2
1 33
20 64
5 18
12 84
3 79
14 46
2 6
8 60
30 31
17 95
21 6
25 55
12 9
9 68
4 25
0 1
20 57
26 14
16 27
25 63
28 45
3 94
9 92
26 34
15 96
12 82
6 18
2 82
12 26
21 71
16 74
25 17
6 47
13 85
24 41
30 52
29 56
22 8
27 22
23 54
19 100
17 2
23 40
21 82
12 79
20 83
12 12
17 21
23 44
2 13
29 34
22 8
0 91
22 44
5 11
12 63
22 100
9 93
5 54
28 82
2 48
5 29
5 8
16 42
21 4
14 63
21 51
7 59
10 9
2 90
14 57
23 77
0 91
28 71
22 20
15 97
20 85
10 13
18 45
13 60
28 55
24 93
10 87
28 74
28 38
18 14
22 46
10 78
26 79
8 72
26 22
23 77
29 13
0 84
11 25
29 14
21 37
6 91
16 76
19 79
14 12
24 60
25 40
14 19
8 53
1 89
18 43
15 63
20 99
30 76
10 50
15 83
17 59
30 39
2 41
13 31
23 5
24 34
28 40
9 65
22 91
9 84
21 77
27 42
26 53
29 89
17 65
3 18
20 33
5 6
23 23
9 71
29 74
15 33
29 60
6 74
6 34
2 44
6 6
21 64
20 90
20 16
20 67
16 91
29 13
27 78
11 88
23 62
29 11
4 69
18 87
15 64
0 70
7 35
3 33
24 81
5 80
17 5
25 9
2 26
18 85
8 95
2 86
21 60
0 56
1 65
18 23
28 50
28 28
20 26
0 18
30 19
3 56
29 51
16 15
12 88
8 17
22 78
29 54
17 62
8 56
21 87
24 81
30 77
28 35
18 78
17 65
16 51
16 77
18 53
14 92
28 35
9 56
19 72
29 81
11 93
3 33
5 33
21 68
11 92
11 22
23 5
11 9
21 82
30 10
25 13
7 7
27 67
4 74
14 80
19 4
1 64
15 9
25 74
12 57
14 15
13 43
7 97
13 12
30 26
5 16
28 71
1 61
6 33
15 32
14 10
10 93
4 40
7 94
18 67
30 2
16 2
11 88
4 15
12 13
15 33
27 7
17 53
5 32
4 17
13 11
17 14
19 80
20 35
4 47
21 85
22 97
26 45
26 68
27 78
10 83
20 71
25 65
0 91
18 40
25 31
2 12
11 22
16 26
21 71
17 85
19 41
15 2
17 79
25 48
3 94
28 26
6 68
22 50
11 39
0 65
23 4
23 70
13 92
27 72
21 1
14 70
0 9
18 89
26 53
26 39
27 23
24 30
0 87
29 46
15 94
27 40
26 46
29 65
26 13
18 1
6 25
26 84
6 37
9 59
7 46
30 8
14 56
20 68
28 3
10 54
10 62
6 31
30 33
1 78
20 28
16 61
28 47
13 86
27 36
5 61
25 34
2 57
18 72
13 68
10 56
13 1
16 58
2 74
26 56
18 100
2 74
26 54
30 88
27 97
12 16
0 74
23 97
3 25
30 42
11 61
7 37
13 48
8 3
7 13
27 62
0 30
18 94
10 53
22 11
26 52
11 12
3 41
17 72
11 31
19 25
16 52
1 47
15 15
0 41
20 8
15 13
20 42
8 24
11 96
18 73
26 49
21 4
11 89
22 16
25 54
27 91
8 51
27 55
23 66
8 87
10 36
27 27
15 24
29 97
18 35
13 30
29 18
26 66
29 42
10 27
3 57
2 31
7 42
6 69
15 16
24 82
23 12
18 91
14 52
26 51
12 95
0 68
4 42
19 79
8 26
12 31
9 64
22 36
1 48
21 81
18 64
30 72
17 97
9 55
13 37
7 47
17 95
0 17
3 89
17 64
12 34
5 78
25 31
1 12
11 21
6 4
0 5
11 87
11 60
10 75
15 6
6 33
29 36
20 58
28 19
15 32
4 31
13 98
22 99
4 71
24 97
15 6
21 5
22 17
20 92
6 25
30 89
27 15
7 20
16 87
8 30
14 57
9 30
20 46
18 54
22 28
22 32
9 21
30 47
19 3
21 93
16 86
5 75
5 51
24 64
12 64
30 92
6 93
0 51
4 99
30 10
17 86
20 16
28 84
3 30
26 11
20 9
16 5
20 4
23 81
20 43
19 73
21 64
4 81
16 62
15 35
30 69
4 9
13 86
29 13
8 52
26 91
16 38
4 61
23 15
27 51
27 13
26 92
1 53
9 40
11 12
18 6
3 81
28 81
15 80
30 86
24 6
0 25
28 37
15 83
30 22
29 34
7 16
30 4
17 45
25 79
18 18
19 100
28 6
25 44
6 89
11 78
28 22
24 83
4 6
22 17
24 28
22 85
28 35
19 61
11 92
22 46
8 92
14 79
22 6
7 13
7 80
15 48
24 28
30 22
7 1
18 36
5 86
26 22
27 31
20 74
0 39
29 22
18 7
10 7
7 30
23 98
7 26
13 82
22 40
15 31
3 9
9 94
8 59
13 18
27 100
24 7
25 48
26 47
28 31
17 87
16 72
5 12
21 23
11 32
30 17
3 76
21 79
17 66
13 74
14 86
10 2
15 40
20 53
25 49
9 74
11 50
1 35
12 54
13 85
17 24
20 99
28 100
6 11
12 75
18 50
24 31
10 97
4 75
28 16
2 11
11 53
2 60
10 94
22 63
3 81
4 45
2 62
22 8
28 91
2 55
3 97
5 59
20 28
22 60
1 3
27 77
27 9
18 9
22 62
13 51
2 94
28 100
7 2
17 26
4 75
2 44
7 25
23 67
9 9
26 100
11 47
27 97
13 55
2 65
23 18
16 22
4 9
20 26
24 78
4 3
2 64
30 29
11 90
17 64
14 23
9 69
14 85
15 23
2 41
20 84
23 17
4 27
21 26
26 36
0 34
12 73
29 31
16 52
9 99
13 29
3 66
21 30
21 61
13 99
30 81
26 46
21 37
20 66
21 40
10 1
25 12
4 24
23 41
21 2
4 45
26 13
23 12
6 1
9 37
2 51
2 38
11 81
26 89
2 62
0 59
30 26
1 71
22 76
9 79
13 63
26 2
20 10
30 3
23 40
26 89
7 93
22 80
15 40
4 72
28 97
28 80
28 46
7 37
23 92
14 22
4 12
14 21
23 52
11 76
19 41
27 68
18 51
29 79
6 52
18 51
11 15
30 1
3 55
26 67
13 90
22 94
26 79
24 87
4 1
30 18
2 98
29 3
13 99
15 23
6 43
4 82
2 6
7 20
13 86
6 29
23 84
8 92
13 89
17 7
16 6
20 88
9 46
10 40
0 34
22 64
30 60
11 71
28 2
25 20
3 69
13 91
12 48
23 1
23 86
1 3
7 56
27 8
1 55
0 24
1 4
15 52
13 19
0 30
14 24
30 39
1 53
9 25
28 52
12 34
27 11
26 66
14 34
28 20
13 91
18 30
11 3
22 84
5 29
0 52
8 71
19 78
18 64
25 28
29 42
8 89
5 80
30 6
18 22
3 54
24 72
30 79
20 42
19 25
7 49
13 42
27 12
21 98
0 59
2 14
16 23
15 33
23 60
13 96
28 37
30 87
19 68
8 100
0 49
13 14
11 94
21 57
6 73
22 47
12 67
8 83
0 81
23 64
19 57
27 70
25 77
17 5
27 95
0 12
26 58
6 23
19 54
12 89
19 80
13 48
15 21
26 14
26 66
20 36
15 99
5 81
12 60
18 50
20 27
29 66
27 88
22 43
23 12
0 95
7 96
21 46
4 24
17 81
16 20
6 12
2 30
24 64
9 70
3 46
10 14
23 26
3 6
26 30
24 89
29 8
17 51
2 14
8 3
24 47
13 74
13 96
10 65
6 84
8 11
7 17
21 47
22 65
8 65
14 6
5 23
5 60
13 23
12 71
10 35
28 74
9 56
24 31
15 32
7 33
16 13
25 3
15 6
8 47
0 13
2 59
12 43
29 6
3 72
3 80
18 4
24 73
29 29
30 98
13 51
9 68
7 10
8 36
8 35
22 56
24 82
17 56
12 64
13 83
20 83
17 37
9 37
7 60
14 60
15 78
15 52
2 31
23 87
16 61
9 80
9 27
30 15
2 28
10 46
21 9
10 62
17 15
8 5
15 74
9 67
16 81
3 25
29 7
9 94
8 30
26 46
3 44
22 81
7 49
20 56
24 97
11 79
3 3
24 38
15 3
18 57
3 72
25 35
10 3
20 31
22 76
9 40
1 4
18 23
26 89
15 52
1 54
8 25
6 6
14 47
28 57
26 93
23 85
24 95
1 7
21 11
2 59
23 57
11 3
0 8
14 25
23 46
15 65
4 88
29 92
8 12
16 1
27 40
4 86
25 99
4 91
4 31
7 84
7 65
12 47
8 36
0 45
10 30
16 10
8 77
10 37
15 84
28 2
2 45
5 16
5 17
18 62
18 33
11 6
7 7
26 95
25 91
13 78
18 19
0 83
5 61
6 98
18 31
16 35
23 21
16 67
30 76
21 90
25 22
25 82
20 2
28 77
20 49
30 75
7 37
0 97
14 11
30 100
4 70
29 100
13 69
25 60
12 12
6 27
8 67
1 25
24 93
29 39
22 34
12 3
2 13
6 92
20 23
1 1
1 6
12 67
19 37
28 3
1 94
14 63
13 1
7 27
10 83
2 100
27 93
16 36
16 42
9 13
22 40
27 26
24 57
2 92
14 12
21 59
15 89
6 91
21 21
10 57
3 73
12 50
24 44
13 68
29 67
5 12
17 7
3 55
28 40
15 27
10 64
7 18
9 27
9 63
2 39
29 6
28 48
6 32
8 46
17 64
27 63
21 75
17 73
26 78
21 28
25 2
27 29
11 33
30 64
12 95
30 51
6 56
8 73
25 84
6 61
21 45
24 16
20 96
8 84
18 33
0 75
6 58
9 37
14 68
28 84
18 45
24 23
11 76
10 55
6 95
28 83
9 8
22 88
14 62
15 39
4 86
17 37
23 15
0 77
21 20
15 29
3 90
19 32
10 18
30 71
12 67
16 6
16 52
25 96
24 5
29 21
5 46
27 22
17 90
28 21
10 58
13 40
11 15
6 25
20 15
19 38
10 56
27 64
6 69
25 6
8 16
20 46
1 53
25 66
0 3
6 56
13 1
28 88
12 90
4 66
15 20
6 100
15 57
9 84
11 81
17 95
22 99
9 90
23 9
8 11
20 32
26 40
21 81
11 70
21 94
6 7
4 43
9 93
4 44
2 20
19 26
21 10
17 9
15 64
5 18
17 72
7 62
30 90
3 20
7 56
10 41
12 6
20 65
6 39
1 19
25 26
11 88
9 76
19 76
24 93
18 3
20 42
16 60
17 51
15 15
18 79
9 10
11 30
22 73
13 92
6 24
28 46
8 90
29 94
9 8
12 18
7 1
18 66
24 58
3 8
12 93
16 44
14 69
22 79
12 83
22 84
6 32
19 13
15 40
6 72
29 52
8 37
4 97
19 53
4 94
18 39
26 2
29 9
23 54
25 30
24 75
4 75
30 25
28 72
13 11
28 38
14 87
22 67
4 87
30 42
21 90
13 14
14 94
18 20
23 90
2 69
15 78
29 38
30 59
4 37
20 59
3 43
21 70
7 7
1 25
18 99
14 57
30 100
2 49
28 55
6 93
26 15
14 9
24 16
24 51
1 40
25 70
8 95
25 18
19 79
21 59
19 24
22 10
25 3
10 92
7 89
26 27
20 45
7 33
20 62
29 35
17 40
10 18
5 6
10 49
