100
10 80
27 62
24 39
11 71
30 12
5 10
2 56
7 34
11 3
30 78
24 80
25 11
0 96
24 7
1 50
17 12
15 88
2 58
4 23
14 60
2 6
13 84
12 67
12 22
22 84
1 90
3 71
17 96
10 66
2 70
25 53
0 57
26 30
19 52
0 85
14 36
5 56
18 37
13 88
6 43
15 68
15 79
19 68
0 14
4 21
14 39
29 98
30 57
26 39
6 16
29 87
1 80
22 51
21 75
20 12
27 14
10 45
29 34
23 65
14 86
0 15
28 7
11 55
6 59
17 77
21 53
19 35
20 57
27 97
10 55
13 61
6 16
11 57
8 6
22 32
29 46
8 3
24 62
13 76
22 17
29 53
23 2
18 11
7 43
17 1
12 27
3 38
14 56
18 84
14 45
5 65
22 91
11 83
14 100
13 21
15 15
6 62
13 93
16 65
24 83
15 80
16 74
0 91
0 41
11 45
16 24
16 2
14 60
17 32
30 4
29 28
14 42
23 30
25 91
3 35
6 43
27 50
9 36
10 32
16 8
29 85
14 47
25 98
15 11
28 7
25 70
26 47
24 99
10 92
3 69
30 27
9 67
16 9
23 53
12 46
6 81
7 10
26 90
18 65
6 89
16 57
1 63
28 37
5 91
26 12
26 3
15 70
15 98
11 81
16 54
24 34
27 65
10 16
14 90
13 2
15 49
6 74
7 48
11 84
0 69
23 10
24 83
21 83
23 82
17 45
29 66
19 17
24 40
10 14
28 57
24 33
11 88
7 30
30 56
20 48
14 39
17 69
3 21
27 28
23 30
27 73
24 80
17 95
2 21
3 56
21 16
8 51
21 59
16 79
11 96
26 12
20 93
21 66
12 1
24 48
26 96
16 95
18 22
28 72
8 42
16 67
8 54
28 69
29 97
21 32
11 40
6 70
17 45
26 40
2 12
16 82
19 62
1 100
8 72
29 42
21 88
15 64
5 60
22 59
0 20
18 19
7 55
11 90
2 15
26 5
12 19
15 87
1 72
30 26
19 28
3 55
10 38
14 20
26 13
26 4
12 12
30 9
7 55
9 71
23 80
22 70
29 66
26 94
4 64
4 95
30 33
30 84
25 81
2 63
26 61
26 29
25 78
21 61
19 8
28 7
5 13
23 60
18 15
18 100
25 63
15 100
24 11
7 49
29 85
19 33
9 29
28 41
26 51
2 43
16 11
12 92
20 23
21 28
19 29
25 70
8 73
11 95
16 76
12 2
26 25
3 17
9 82
15 38
28 62
1 35
0 68
27 90
26 11
28 98
29 79
15 30
1 77
5 21
22 12
11 53
2 77
25 66
3 38
3 39
23 78
0 99
11 87
26 44
25 43
16 51
14 66
21 36
21 93
18 73
23 10
22 40
28 70
17 48
7 52
19 7
15 28
28 29
21 28
29 17
29 6
29 40
26 4
11 75
23 49
5 71
22 94
11 42
1 29
20 70
18 96
25 44
29 63
13 88
27 29
4 11
2 98
2 85
6 95
25 99
11 73
13 86
7 82
3 72
11 78
4 63
18 68
29 86
4 11
7 73
11 32
6 32
15 57
1 29
6 18
1 10
2 85
15 8
10 83
26 37
20 82
9 50
9 71
16 41
1 28
20 9
24 21
4 54
3 59
15 41
5 71
30 4
11 56
20 91
24 69
11 56
2 64
25 55
7 23
21 52
9 9
29 85
0 96
29 40
28 84
7 55
1 16
16 6
21 24
22 2
12 7
10 46
18 30
21 10
24 33
24 60
0 38
23 16
17 76
24 68
6 28
10 97
28 1
5 17
4 54
0 46
15 53
16 55
10 50
17 40
6 98
5 60
30 4
19 98
3 86
12 92
10 99
11 80
12 79
15 16
9 98
1 79
29 22
4 29
25 25
27 77
3 66
9 93
25 80
16 59
14 25
28 85
1 86
27 100
21 4
10 19
13 40
29 5
15 100
3 91
13 12
7 55
1 90
27 96
24 65
17 55
4 52
23 91
5 33
2 50
1 73
25 47
24 93
5 30
19 94
26 40
2 17
10 26
24 17
1 76
14 78
15 52
29 43
12 34
26 98
22 17
10 8
19 2
21 60
7 24
1 100
2 5
5 26
21 99
8 93
21 1
29 73
0 80
0 17
10 67
6 49
29 55
12 83
21 45
8 78
24 47
24 96
3 64
28 52
30 38
11 84
7 70
8 91
16 40
6 74
7 42
12 69
10 51
10 67
14 72
3 73
15 27
9 1
7 16
22 78
7 77
19 51
7 13
11 90
27 36
2 33
27 32
28 16
4 69
17 84
2 80
9 48
10 1
6 88
3 56
2 74
14 67
28 69
16 87
21 80
20 23
22 37
19 73
25 41
10 94
26 59
19 66
2 4
16 43
21 6
6 40
21 48
13 93
22 32
25 100
3 79
11 4
14 68
27 11
19 83
25 67
24 96
6 22
7 38
27 39
18 36
19 39
16 93
22 55
26 44
22 43
15 58
20 76
5 5
21 69
2 30
29 9
3 91
14 48
25 39
26 28
13 14
6 27
5 25
28 45
28 76
2 37
23 7
3 18
24 17
17 26
24 86
1 40
18 38
30 68
25 96
2 73
15 48
0 29
15 24
1 11
11 95
18 72
6 69
28 38
1 34
16 92
12 24
11 13
10 25
26 91
22 79
8 6
13 95
19 52
1 86
0 36
22 43
4 40
20 99
21 82
17 41
14 66
30 43
26 22
18 30
1 81
23 96
0 44
16 24
1 5
14 25
27 82
16 75
14 58
20 58
28 98
9 17
14 53
22 17
4 28
0 10
26 60
0 61
3 32
24 81
26 70
24 58
17 86
0 5
16 36
2 34
2 28
10 56
29 7
18 41
3 77
22 47
2 66
21 46
19 15
1 31
0 92
19 90
14 13
30 8
15 46
15 70
20 69
6 12
25 10
21 47
20 93
5 82
8 8
0 97
3 83
3 62
25 96
3 47
30 64
27 92
26 70
20 73
15 4
11 30
26 75
0 47
12 31
24 67
14 87
28 8
16 71
18 29
30 13
16 68
30 2
12 85
12 42
18 47
3 75
16 81
20 41
29 21
21 13
0 51
12 5
25 83
16 45
20 19
5 85
4 25
9 18
4 14
24 33
30 54
9 36
23 80
6 48
23 63
17 21
26 43
25 14
14 7
17 74
12 86
13 45
27 37
27 24
20 47
7 81
21 100
7 38
5 57
10 80
17 81
18 62
7 29
21 89
7 34
11 98
1 79
25 48
1 65
12 29
21 82
8 64
16 18
15 11
0 63
3 75
3 52
29 40
15 23
30 56
0 19
17 43
11 5
1 29
29 47
30 48
24 75
30 38
13 24
19 94
9 63
29 3
11 40
9 7
11 38
30 22
17 9
14 96
30 62
21 88
18 64
23 45
17 26
7 97
14 74
28 59
12 64
3 94
1 23
19 36
24 98
29 22
18 88
1 66
27 62
14 69
5 58
22 53
2 3
12 96
2 79
8 65
12 15
5 55
26 82
6 77
19 39
16 80
5 51
7 69
16 12
14 66
24 86
8 96
16 66
30 96
26 36
14 89
10 93
13 71
25 80
8 49
14 49
9 30
17 32
20 86
18 49
18 83
18 44
8 16
4 100
27 81
24 2
4 67
26 60
27 32
10 33
19 68
17 85
21 92
27 40
1 91
5 88
16 87
18 59
21 72
17 20
4 93
19 61
10 86
3 91
21 26
27 89
14 28
30 39
14 28
10 91
28 60
1 44
26 40
13 48
22 51
27 39
16 65
3 52
23 95
17 24
7 89
28 53
2 37
12 48
23 17
17 26
10 68
26 27
13 27
28 48
24 57
19 87
30 36
24 77
9 97
28 29
7 97
28 27
22 24
18 38
10 14
24 32
20 58
11 6
11 60
9 19
30 18
0 4
10 53
24 83
12 12
10 39
15 76
18 97
27 67
24 88
30 61
26 48
21 10
21 70
8 46
21 36
9 71
26 62
1 92
28 53
17 33
7 36
24 51
12 54
19 91
13 23
16 24
26 51
10 31
15 72
12 88
28 38
16 33
23 2
7 10
9 2
30 73
30 88
3 52
1 3
21 38
1 83
1 9
22 49
14 16
0 95
16 100
6 97
0 83
20 69
22 53
29 6
15 79
17 36
12 57
4 93
2 58
25 45
27 21
20 86
22 76
7 71
10 16
19 35
18 96
22 90
28 47
29 37
28 10
20 91
29 35
12 52
11 67
19 66
12 14
5 46
13 55
9 42
29 22
15 67
30 86
3 68
10 79
19 69
15 78
17 54
5 45
8 3
23 66
18 83
10 59
26 63
19 30
23 60
6 62
21 36
7 13
19 51
9 77
4 81
0 52
24 77
5 87
5 34
18 43
26 94
20 59
5 92
29 17
16 54
16 4
2 34
28 21
14 40
0 93
8 39
15 87
13 33
30 54
6 51
15 70
9 44
7 50
27 87
23 32
30 16
20 23
18 76
14 97
29 98
28 84
13 61
12 3
11 72
19 56
13 79
25 100
15 83
28 39
20 70
12 62
22 89
23 1
0 97
3 13
5 99
25 26
6 59
1 55
16 7
23 66
20 47
26 47
9 33
11 29
23 4
4 12
1 64
18 1
30 99
28 30
14 18
21 38
27 31
28 43
12 13
23 1
7 54
24 57
9 78
22 10
22 74
4 55
26 7
4 43
3 84
20 37
29 87
20 11
5 19
10 16
11 83
1 61
11 53
4 56
2 16
20 90
13 75
3 4
18 10
29 50
19 89
25 12
23 56
16 27
25 53
10 17
8 50
3 29
19 33
23 30
6 40
18 62
3 76
0 37
28 99
7 72
4 3
2 62
25 30
5 14
11 54
1 9
23 100
7 73
26 57
21 11
7 77
26 85
8 30
29 9
6 10
17 18
0 27
25 28
14 1
20 37
0 43
5 2
15 47
11 74
30 52
4 36
12 12
4 94
3 85
17 26
6 63
25 46
11 62
13 71
16 99
13 24
16 27
4 88
24 64
25 3
27 72
4 62
21 55
27 11
9 67
10 59
10 10
13 97
12 42
28 90
8 56
15 7
10 32
5 52
20 55
28 65
10 73
29 96
23 20
13 11
1 31
21 50
7 25
9 45
9 40
21 18
13 21
11 65
14 64
6 43
28 30
10 97
11 100
15 98
21 58
26 45
26 25
28 29
8 71
4 7
24 2
17 20
10 75
8 45
23 91
11 54
3 47
29 40
26 1
4 44
22 8
22 22
7 7
16 78
11 36
29 48
1 95
15 60
8 3
28 100
17 72
19 36
13 98
10 26
12 8
24 91
17 70
14 75
23 75
28 15
21 49
21 88
27 59
22 44
5 34
22 21
30 57
25 5
4 92
16 58
12 99
29 11
2 22
18 78
12 11
13 49
9 86
19 6
6 17
6 10
9 66
14 62
6 26
24 14
27 10
29 46
22 3
24 67
23 83
18 2
22 38
16 86
18 28
26 73
29 93
29 52
18 56
30 35
30 40
16 31
28 14
2 77
10 3
6 47
28 1
16 54
24 86
21 87
15 76
1 34
15 71
9 94
7 93
15 64
22 51
11 54
12 94
7 45
18 72
18 20
2 36
13 85
21 72
23 69
8 69
20 55
2 59
6 95
17 20
8 78
8 7
5 12
12 84
9 33
13 56
28 78
21 22
8 84
16 22
30 96
11 98
30 100
11 23
23 18
24 92
28 62
15 29
19 6
11 98
7 99
28 87
7 7
28 59
2 42
10 70
7 87
28 96
20 49
8 27
19 80
22 39
23 64
4 79
8 19
26 10
29 32
30 90
5 47
18 16
8 21
23 65
14 54
25 4
6 42
2 3
21 58
13 46
17 66
8 95
14 36
22 93
24 61
10 52
3 63
11 93
17 81
26 95
24 50
21 38
12 43
2 41
20 48
19 34
3 37
26 87
21 67
27 48
22 8
23 84
28 87
27 79
22 65
21 64
17 87
21 80
22 26
9 35
22 62
7 92
25 65
1 81
18 99
8 47
22 9
14 5
28 43
15 88
8 32
11 28
2 81
3 39
28 19
1 66
19 28
15 73
12 11
12 52
21 37
9 8
12 22
1 42
1 68
11 42
15 6
30 61
26 46
2 87
1 34
4 2
10 93
7 45
14 57
22 26
22 74
23 66
0 33
7 30
14 38
18 69
19 60
18 83
18 78
8 46
29 16
28 51
7 10
3 91
12 44
9 46
27 63
27 26
10 46
23 79
5 74
8 13
28 81
29 97
23 4
16 14
8 91
15 46
17 29
9 62
29 67
23 59
20 12
12 2
16 94
24 65
22 92
13 90
7 100
18 45
9 29
16 48
14 64
27 67
29 76
0 93
19 19
13 76
21 27
9 43
12 9
16 97
4 29
22 41
10 96
20 5
28 90
27 51
19 83
9 31
10 38
17 37
20 77
30 37
1 45
21 18
13 82
11 21
12 72
8 66
19 89
6 31
4 88
4 46
8 21
1 63
22 76
22 61
6 79
3 70
23 24
14 44
21 58
2 52
24 17
5 77
1 81
0 98
23 58
22 99
23 30
20 68
7 20
19 78
28 28
2 69
25 91
2 27
19 62
5 31
18 96
18 64
29 12
5 4
22 64
5 36
14 25
21 49
11 56
14 10
6 65
27 29
1 37
17 75
6 8
24 74
29 65
20 60
10 72
3 42
10 33
11 87
9 29
28 5
22 47
30 20
8 60
13 62
14 46
4 44
24 5
8 68
15 76
24 10
9 91
4 87
23 89
20 30
2 71
23 60
4 79
1 50
8 80
5 96
4 51
22 11
10 29
4 64
25 91
7 84
13 22
4 79
25 34
6 11
14 33
7 51
13 13
22 44
7 27
15 13
4 92
4 32
10 8
19 15
3 26
18 43
14 38
19 29
5 68
27 92
28 95
13 2
27 6
4 45
5 89
21 81
24 77
25 43
5 60
4 26
1 75
27 73
20 57
11 43
6 3
4 75
14 50
10 15
25 82
30 71
1 53
15 10
0 70
14 97
13 53
19 14
17 83
25 100
10 29
20 65
13 95
16 73
12 27
29 6
20 98
5 49
7 23
29 83
26 13
28 78
21 46
21 80
24 29
7 48
29 57
28 66
4 21
9 88
11 85
16 73
7 99
14 91
28 88
12 48
30 54
26 3
29 37
20 9
