100
16 78
29 69
28 39
17 19
13 57
14 69
21 62
7 87
21 28
5 18
13 90
11 41
7 65
2 71
11 38
9 13
14 99
0 5
27 61
3 72
30 72
20 91
27 29
0 77
17 17
16 90
26 74
7 25
10 23
28 99
23 3
29 20
3 70
0 29
19 56
3 95
30 31
8 16
21 51
23 90
21 14
19 11
12 3
10 85
4 87
19 58
19 46
24 10
30 35
2 74
11 91
7 64
1 4
10 54
28 93
13 38
4 18
0 3
30 93
16 24
13 86
6 12
24 75
5 48
28 43
30 73
14 48
24 44
24 53
12 66
17 68
11 57
27 77
26 25
6 2
28 25
17 66
4 77
8 72
24 67
22 86
1 71
29 74
6 37
17 8
20 64
12 73
12 12
19 34
14 43
1 40
14 41
28 64
14 48
16 37
28 13
2 14
6 86
13 32
21 93
26 6
26 56
3 30
4 19
13 28
21 88
11 37
22 65
20 79
18 26
29 31
0 62
4 25
16 20
16 24
27 52
14 38
13 45
7 98
15 46
10 29
29 100
15 57
20 82
15 20
10 36
17 21
29 11
1 89
17 26
3 9
22 3
19 53
3 81
0 38
10 72
13 26
4 81
17 88
14 12
5 55
28 26
25 68
30 66
20 5
28 97
6 97
17 40
20 96
18 93
5 23
25 77
10 42
30 11
14 45
10 39
19 54
28 39
6 50
14 71
11 14
4 57
30 4
20 56
25 59
15 22
0 10
20 33
17 72
1 83
23 79
12 57
20 35
18 59
30 58
1 9
26 50
11 98
9 5
19 67
27 11
17 42
5 96
28 41
11 61
22 21
24 42
9 49
22 5
1 64
4 86
21 15
16 33
22 88
16 7
13 82
3 91
9 53
23 71
26 75
20 58
1 30
0 26
9 69
22 88
30 14
25 91
25 97
20 59
1 65
24 64
14 89
4 52
21 21
26 82
3 20
2 33
19 23
7 11
25 75
24 18
22 84
2 98
8 95
22 11
22 2
28 18
21 67
1 66
20 43
7 64
28 74
5 59
15 93
21 82
1 88
8 14
5 96
15 30
9 68
29 11
2 20
8 2
18 37
26 20
26 1
1 68
4 33
7 97
24 95
18 49
6 86
2 98
1 12
16 89
18 92
25 52
20 80
8 84
13 50
27 2
1 20
26 90
9 100
28 67
19 1
28 45
19 45
16 32
21 71
24 70
12 44
8 92
27 64
19 32
0 93
11 60
11 98
24 59
4 79
27 65
20 64
25 20
21 76
30 26
16 62
11 7
19 72
19 80
6 95
18 45
14 11
15 13
16 88
17 39
8 3
29 29
0 41
6 46
19 65
25 38
10 43
12 84
28 85
7 72
22 63
22 49
24 6
12 52
2 70
18 20
26 44
8 82
26 33
15 55
14 83
28 71
0 62
1 83
4 23
24 81
11 11
10 65
10 6
13 53
22 88
27 84
28 61
6 65
11 55
18 27
5 52
23 60
22 32
22 8
10 20
2 68
29 85
17 42
15 34
12 46
5 15
16 51
24 6
2 84
9 64
11 70
17 32
14 77
2 48
17 41
21 44
6 24
5 96
14 18
11 84
16 98
14 29
27 23
2 44
23 93
23 78
4 59
26 95
18 15
26 3
5 90
30 53
14 39
7 98
12 39
19 32
8 45
11 4
1 79
27 40
18 66
22 92
25 25
30 13
28 4
19 70
16 8
12 94
25 12
24 84
26 48
28 99
14 32
17 32
20 2
4 39
1 35
28 53
27 93
30 19
15 50
21 8
4 99
14 8
16 37
30 71
10 14
13 78
11 65
4 54
26 84
1 44
12 3
12 23
28 28
23 24
2 86
3 66
3 33
30 71
22 69
26 36
5 70
29 76
9 31
2 68
17 8
26 48
22 81
1 32
28 49
0 68
24 88
25 83
17 86
7 99
2 6
26 25
21 31
19 25
21 68
6 100
9 35
27 37
22 59
15 83
17 7
21 58
3 51
3 52
26 43
22 89
7 35
1 92
14 52
24 47
21 2
15 65
1 64
25 14
11 58
2 82
22 25
25 39
9 62
27 46
3 59
19 55
27 90
7 24
18 94
12 9
29 7
23 64
17 76
18 31
2 22
21 56
25 58
0 17
25 34
16 12
28 100
8 84
28 67
11 56
18 33
18 73
19 9
23 64
1 60
2 40
27 3
30 28
30 80
22 89
20 72
22 93
21 20
11 34
16 40
25 45
28 9
21 11
17 35
25 8
25 7
14 13
28 26
25 36
18 32
20 5
9 99
29 48
10 86
21 16
16 81
21 53
28 31
3 52
16 19
8 60
1 65
6 47
28 21
7 64
7 27
16 23
17 55
27 44
5 93
30 89
18 68
14 64
25 11
26 31
25 59
24 73
15 63
11 69
3 19
1 62
5 86
1 95
25 87
22 64
21 4
14 27
16 91
16 16
27 78
18 59
24 86
22 41
16 96
8 4
0 84
22 69
3 86
2 89
11 72
6 30
29 91
0 37
2 70
10 98
26 23
30 12
21 20
2 89
11 47
3 97
3 68
17 80
21 4
29 62
23 78
25 43
21 14
11 36
5 9
15 45
13 65
8 20
6 77
1 73
6 95
12 21
23 62
13 26
23 49
23 22
22 22
23 3
5 78
2 87
16 69
13 69
9 51
0 96
23 16
7 89
19 96
17 74
7 54
13 89
0 4
20 17
0 31
10 4
12 68
8 46
26 14
4 66
29 33
25 75
26 13
7 51
20 10
14 68
25 97
17 15
11 57
2 70
17 63
3 15
29 67
21 96
29 76
25 35
19 55
6 86
23 6
7 90
18 29
27 88
0 86
23 27
1 62
23 48
7 61
8 97
26 100
4 72
19 72
20 61
23 100
13 34
9 61
25 22
23 60
16 70
26 50
28 71
3 89
17 45
13 50
15 24
5 7
13 18
25 19
23 72
15 61
3 7
14 80
10 72
25 81
15 13
4 32
18 49
25 25
21 74
21 50
24 10
14 79
26 35
12 63
13 8
29 90
3 9
14 26
27 60
28 79
19 74
28 62
14 76
1 39
25 46
24 82
24 75
3 5
0 71
4 87
3 6
30 29
8 54
13 33
11 79
26 17
4 53
21 74
19 9
18 68
17 76
7 42
7 4
30 33
2 68
12 45
18 85
8 65
7 37
30 46
11 43
0 76
11 35
9 12
29 21
0 27
7 73
17 35
11 90
11 44
11 26
19 8
15 24
26 40
29 94
3 12
7 90
25 12
10 98
18 94
25 86
26 84
17 63
27 75
27 96
28 76
26 29
4 96
27 70
3 51
30 87
7 90
13 15
23 98
22 63
16 10
1 43
25 9
22 70
22 71
24 15
27 44
17 43
1 17
16 46
8 32
10 38
17 31
19 5
16 95
18 14
13 94
4 62
2 51
25 87
6 74
24 48
4 54
26 5
30 93
25 16
1 26
17 29
15 96
0 71
27 77
29 56
15 32
20 7
18 37
29 96
18 8
1 38
29 3
25 88
16 93
30 9
0 81
2 82
30 75
14 75
2 66
5 73
8 61
17 93
13 51
27 23
19 86
2 34
14 47
2 94
6 92
18 4
25 89
15 38
16 45
11 77
12 83
9 15
25 97
29 96
21 18
10 88
24 78
0 54
1 68
13 54
17 72
16 89
14 38
6 35
4 63
21 63
26 81
10 10
20 3
27 73
7 67
7 88
13 63
14 3
25 57
14 76
4 67
13 87
24 13
11 56
3 23
6 23
11 35
9 29
24 59
2 95
18 83
4 36
13 96
14 41
16 38
24 48
0 22
16 80
25 94
4 30
7 34
26 22
23 60
11 25
29 75
9 64
9 41
25 40
26 38
0 8
13 79
15 98
30 16
14 27
27 9
22 62
22 7
25 5
29 94
10 90
5 97
28 99
22 17
20 67
25 70
25 71
21 58
13 47
7 37
9 77
2 34
4 80
15 27
29 6
13 24
14 90
9 28
22 74
1 67
16 68
7 52
16 6
21 30
13 70
12 76
7 64
14 28
5 70
2 4
27 81
2 46
26 29
8 100
24 84
20 24
13 80
16 56
11 33
5 75
15 73
5 19
17 27
21 67
10 21
15 64
4 78
23 10
13 12
12 51
9 6
20 86
26 39
11 23
25 85
28 29
16 43
11 8
12 88
11 66
25 3
18 48
17 8
8 23
11 55
19 90
16 11
29 35
2 75
3 14
19 99
23 1
16 98
22 20
25 97
4 2
3 26
30 77
11 90
4 22
7 31
4 72
15 95
29 25
24 99
23 24
25 90
15 15
10 49
7 38
3 81
10 76
24 21
5 88
15 81
28 86
3 35
20 38
26 63
10 98
13 55
16 77
23 51
19 46
18 79
24 93
23 27
30 59
0 45
21 33
12 84
17 61
23 95
19 14
16 46
30 67
16 64
15 20
24 58
10 17
28 89
14 37
27 44
10 41
0 64
0 25
10 61
11 45
29 66
16 9
9 23
20 34
4 75
23 58
29 81
2 72
25 54
29 14
23 75
26 65
6 13
13 49
17 25
23 29
14 11
18 22
26 52
30 4
1 41
7 20
2 17
23 39
29 93
28 1
24 93
26 89
28 66
3 28
4 44
16 12
3 73
6 32
23 32
27 20
28 16
26 83
27 30
7 96
10 14
24 11
20 46
9 64
27 72
26 87
22 48
13 10
13 5
20 27
20 29
16 14
14 74
22 31
1 31
19 78
19 100
2 95
5 86
17 70
10 58
1 86
18 89
23 37
23 97
11 32
18 26
12 89
10 41
28 23
26 50
29 92
11 38
8 31
2 47
11 45
29 99
13 34
18 89
30 42
10 48
10 97
24 23
10 18
0 70
12 75
14 40
6 1
22 92
4 55
25 99
12 96
22 8
7 91
8 37
7 71
14 38
7 31
2 6
6 9
18 67
30 73
12 25
16 27
22 90
24 6
17 58
19 78
0 94
13 79
28 23
9 69
30 63
5 5
23 64
21 90
0 48
28 86
27 44
24 67
27 27
5 57
18 31
17 92
7 71
1 47
3 12
2 7
30 57
26 83
24 66
28 94
30 25
1 16
8 98
11 95
3 59
25 99
11 6
13 56
15 54
8 56
27 36
23 63
20 6
10 48
17 63
9 40
30 97
26 23
16 78
5 69
7 76
20 81
9 45
5 88
24 96
7 31
25 38
12 37
0 37
9 72
23 44
17 69
4 90
1 78
19 3
27 25
11 38
25 41
5 86
30 14
15 62
14 91
28 87
0 35
2 94
29 5
9 66
17 35
0 35
17 85
19 88
17 84
29 33
9 53
18 32
19 40
16 74
26 78
21 72
9 76
18 92
26 68
5 88
15 86
20 86
1 70
2 65
6 63
14 62
23 68
27 88
4 6
25 37
29 80
6 62
4 3
24 60
14 9
19 77
3 79
4 43
29 49
14 47
22 68
6 67
6 24
19 21
3 25
22 15
16 38
16 18
2 98
14 22
27 48
7 73
19 96
19 84
14 8
7 32
29 54
4 52
25 44
0 58
8 13
22 35
29 45
6 19
13 1
15 58
5 39
24 9
13 3
11 83
12 24
24 56
15 37
28 56
29 89
11 62
12 97
12 66
6 97
2 85
3 91
25 44
20 84
21 26
23 10
7 77
0 25
13 93
6 46
1 78
24 25
22 8
16 13
24 43
20 69
26 77
2 26
12 89
9 8
1 92
11 87
6 1
3 65
28 52
28 32
22 86
5 4
0 86
24 87
5 83
26 90
28 14
24 44
4 45
4 64
25 56
7 74
14 33
1 90
27 10
25 47
25 38
21 71
25 85
25 37
10 25
1 42
0 91
29 66
27 35
28 46
9 18
20 50
23 11
3 31
1 92
8 90
13 82
12 58
23 25
11 57
10 20
5 46
17 6
15 45
16 11
10 91
2 97
9 85
29 47
6 61
10 92
7 49
30 35
21 22
18 27
26 65
26 100
17 92
20 64
16 56
27 92
12 87
30 93
11 23
10 22
10 88
27 93
20 65
6 16
7 83
13 92
30 20
28 19
8 70
8 97
1 19
14 36
25 72
5 47
8 12
2 45
18 9
1 92
2 54
4 84
28 52
5 83
20 23
11 76
1 41
26 66
7 64
26 36
2 100
0 58
13 12
8 75
28 11
17 32
9 36
16 68
13 66
27 16
22 12
8 59
18 6
5 96
21 59
10 25
19 64
1 83
21 50
2 80
20 33
0 72
16 79
1 85
29 72
8 49
15 56
17 88
8 21
29 22
8 89
4 82
9 86
27 65
13 34
25 14
7 5
22 10
11 80
13 15
4 55
19 27
15 61
16 51
15 66
5 81
11 4
5 98
5 36
1 39
16 97
1 6
14 92
8 19
9 38
27 2
19 88
21 45
30 70
24 53
0 50
4 25
23 20
8 28
29 98
9 97
23 27
10 10
13 17
17 100
8 66
13 38
1 17
20 53
19 98
6 57
13 73
2 20
7 60
16 59
10 99
3 2
5 53
30 83
4 11
19 51
3 96
11 70
24 22
21 71
26 48
1 20
24 93
27 16
13 58
20 95
19 86
15 4
19 38
16 31
28 46
15 26
24 20
5 91
18 58
30 32
22 81
5 67
18 23
14 81
19 69
25 20
13 32
23 90
5 71
8 81
12 57
2 49
2 33
9 17
11 16
14 15
22 97
25 28
28 30
29 53
26 97
30 64
17 97
28 64
10 68
16 53
1 77
3 88
3 64
24 39
10 67
14 34
19 27
25 76
7 43
2 31
24 22
7 6
1 92
15 37
21 27
12 87
25 88
29 36
16 81
21 19
14 39
20 9
13 69
5 65
4 72
13 7
27 5
15 99
7 97
30 61
13 83
12 33
0 56
2 37
19 23
11 76
29 76
12 30
16 85
13 3
8 8
19 40
1 38
10 37
20 42
11 72
0 20
22 93
2 37
12 14
8 20
27 74
9 30
16 54
21 10
20 38
19 1
9 79
3 58
30 96
15 13
22 24
0 83
22 26
19 53
8 76
9 2
20 12
23 3
0 67
29 58
4 61
26 66
30 98
20 56
20 33
17 30
11 10
9 65
28 8
4 34
2 61
19 85
27 45
10 42
7 22
14 68
18 67
24 85
10 67
19 93
16 80
29 4
25 12
0 91
0 6
1 30
27 9
0 65
9 42
