100
3 5
12 86
2 78
10 65
25 37
14 41
0 32
12 61
25 82
12 2
19 5
6 64
28 44
25 84
22 10
17 97
22 48
21 39
23 97
6 45
15 40
25 62
3 67
7 94
2 67
11 79
14 65
24 19
17 85
27 61
25 25
8 26
22 77
2 81
28 2
0 60
16 67
24 96
2 1
26 76
22 95
12 28
19 84
23 25
26 73
17 5
18 92
3 63
1 81
27 79
8 20
14 82
12 36
4 77
16 50
29 8
17 64
8 51
22 86
29 10
19 5
29 2
23 19
17 11
25 23
7 37
12 90
23 88
18 30
6 66
15 71
8 6
4 28
14 43
2 49
15 98
19 99
19 50
21 88
1 13
5 3
26 89
5 20
21 72
28 70
30 89
30 14
29 54
2 10
30 83
28 66
17 29
22 100
3 94
0 23
16 55
17 46
23 15
8 70
10 6
21 96
3 100
27 39
25 82
9 19
3 31
19 66
8 99
5 4
2 42
16 1
21 91
20 33
2 93
17 98
16 66
6 29
2 24
7 16
18 37
7 13
10 66
2 52
10 96
9 90
10 7
28 41
23 19
11 79
15 12
15 81
18 80
14 39
13 70
10 65
25 10
12 28
21 5
28 60
27 88
14 58
26 4
20 62
23 65
14 54
23 9
23 16
25 31
20 62
6 40
29 57
0 90
3 58
20 53
18 75
24 58
6 44
10 72
5 28
10 39
16 56
23 37
7 98
27 89
18 94
13 59
15 24
25 57
21 19
3 44
30 40
6 13
6 100
29 83
12 11
2 7
3 88
25 42
10 1
9 96
11 40
21 88
5 59
24 48
21 15
29 59
10 59
11 8
12 73
23 57
2 28
28 31
13 53
11 80
19 89
25 54
14 37
28 80
0 79
20 13
14 100
26 97
18 64
21 60
18 97
21 36
7 2
27 25
0 93
15 87
12 95
3 99
6 84
20 44
3 11
14 4
15 49
13 36
2 23
28 45
24 87
27 12
0 68
21 83
27 90
6 55
11 91
4 49
18 32
9 20
18 60
25 99
22 70
11 85
12 69
25 72
16 77
25 54
13 85
29 37
8 19
16 91
29 22
28 83
9 76
30 98
21 54
26 30
14 65
13 65
21 35
25 84
13 29
18 39
29 9
7 93
19 64
19 75
12 62
21 28
21 14
13 88
13 98
1 94
20 91
7 34
12 96
23 3
12 18
23 33
23 16
26 57
2 33
14 85
13 34
27 80
0 83
4 11
3 71
26 74
23 53
16 25
26 62
23 48
10 72
29 19
22 76
12 100
14 6
0 2
7 2
9 75
15 23
24 38
17 95
7 63
27 94
3 76
1 40
4 25
4 73
27 3
20 55
20 65
25 29
8 29
25 43
13 95
13 20
1 61
22 5
22 31
23 7
3 76
14 9
4 96
19 77
17 28
7 11
11 49
24 32
15 35
21 80
4 81
14 33
25 8
25 54
8 71
28 75
15 64
11 74
13 59
6 98
27 11
21 1
8 60
23 20
27 63
17 58
10 72
1 62
15 75
10 85
2 54
8 12
6 81
28 73
13 82
19 47
7 56
2 97
9 97
25 42
11 73
21 56
4 13
25 39
9 96
13 56
7 80
7 83
3 37
17 9
15 79
1 78
29 79
12 61
20 46
10 7
2 4
25 22
5 99
21 12
25 88
0 44
4 19
30 38
18 71
24 36
24 67
25 68
26 55
2 72
27 73
13 9
23 30
18 47
30 71
5 37
30 65
21 5
23 43
22 47
20 97
4 42
14 48
19 50
24 59
9 48
3 12
14 14
25 85
12 100
0 66
10 31
29 32
25 16
14 16
12 23
8 43
5 82
9 57
16 33
5 76
4 50
20 33
18 43
27 54
16 91
0 75
4 98
22 54
25 72
8 30
6 20
5 14
22 60
29 82
2 32
9 7
20 35
13 69
20 94
14 78
16 94
14 36
23 94
20 11
8 7
21 93
21 89
9 5
9 26
28 78
3 81
23 10
9 61
7 76
15 85
19 73
22 6
25 99
15 48
21 85
11 4
0 97
22 39
26 69
17 16
13 10
17 40
26 66
1 35
1 49
15 22
1 12
8 30
18 52
19 66
14 97
2 87
1 21
12 62
3 74
0 58
21 22
22 49
2 27
6 24
20 75
15 82
4 79
1 12
11 95
1 28
15 37
12 54
8 6
10 44
10 97
15 51
10 19
15 94
11 21
6 8
15 87
23 75
19 8
0 31
3 11
24 50
19 94
13 24
23 2
28 44
29 5
0 22
5 45
26 62
23 6
28 4
17 31
6 91
15 6
4 28
3 22
26 42
17 57
24 76
30 13
30 73
11 61
5 18
6 69
10 12
13 94
20 55
1 83
7 17
19 56
22 48
15 19
5 12
10 43
14 78
19 71
10 5
28 61
26 41
3 73
3 48
17 41
1 2
30 35
9 47
2 73
17 53
21 26
9 55
24 82
29 66
14 23
20 23
4 92
23 39
15 18
5 63
26 4
18 29
11 91
20 53
26 42
10 98
21 92
20 7
20 19
30 35
26 30
15 25
4 75
12 20
28 73
7 22
29 67
2 48
21 29
11 46
7 6
4 99
10 92
11 61
25 13
16 8
17 41
3 32
4 49
13 45
9 89
5 38
15 72
22 6
14 71
18 80
3 86
16 72
30 59
23 40
15 77
29 49
9 8
21 76
0 3
25 94
26 68
8 20
2 29
1 22
19 1
15 58
1 99
17 74
7 40
4 46
18 90
3 91
17 36
28 51
5 41
3 83
20 74
12 93
16 59
11 53
20 11
20 35
3 51
18 86
23 45
2 17
28 22
8 82
29 72
17 23
30 51
9 13
27 30
4 32
2 1
11 76
5 52
4 91
16 72
19 81
12 56
17 46
20 90
27 43
1 5
12 37
3 66
7 57
10 83
28 78
5 42
26 35
9 18
7 3
9 4
25 91
23 47
9 98
15 83
30 31
24 6
30 86
18 90
25 45
7 33
15 23
14 4
8 97
6 5
4 15
27 54
12 2
2 50
9 76
1 14
0 41
9 72
9 37
19 98
27 35
14 85
6 53
15 19
15 10
9 100
4 34
18 22
9 5
9 27
16 12
13 78
23 25
17 51
9 73
17 3
19 79
29 85
18 29
15 70
8 91
5 97
24 38
22 71
30 78
12 23
21 19
19 4
2 10
9 87
23 89
26 60
22 69
20 41
4 99
16 53
22 27
8 88
25 81
22 35
18 88
18 66
22 89
13 52
7 31
29 81
2 3
14 44
5 27
9 97
9 16
12 69
22 45
18 21
19 50
30 50
15 41
17 21
16 69
29 39
21 62
15 4
9 50
15 63
13 26
16 37
11 99
11 5
4 42
8 22
12 49
10 46
13 67
12 80
7 9
4 38
13 83
8 12
19 24
19 90
3 5
6 35
19 13
11 73
14 60
19 54
10 95
19 99
29 81
17 66
28 32
12 22
29 20
14 86
10 36
19 37
11 48
24 77
24 26
2 29
29 22
18 83
7 88
21 45
8 23
8 36
0 91
6 63
7 22
26 63
1 36
30 97
12 29
11 67
30 5
4 16
19 42
8 89
9 46
1 33
30 93
3 22
11 35
22 51
28 72
27 87
4 93
20 37
11 57
21 59
29 45
0 56
27 2
1 86
27 78
14 91
9 28
1 70
25 49
15 4
3 37
1 68
25 62
13 61
18 31
18 48
9 24
14 98
7 44
12 6
1 12
16 99
5 90
2 66
5 48
14 40
14 31
18 16
24 76
3 45
16 55
12 48
5 61
4 88
17 60
11 39
5 17
21 14
1 25
25 12
17 32
24 3
7 91
10 59
2 13
4 29
26 65
18 45
1 74
10 14
0 91
12 7
6 69
4 36
14 26
5 7
1 64
6 73
22 18
18 83
13 60
1 67
20 56
21 40
4 61
29 96
3 97
1 10
25 70
27 16
11 8
27 81
22 44
11 5
2 7
17 97
30 63
13 52
14 61
15 38
25 15
5 48
24 9
0 73
25 24
20 44
8 58
14 87
17 56
2 83
3 15
19 93
17 41
30 39
6 89
14 60
8 99
3 61
9 46
0 37
29 68
19 45
16 60
23 82
1 50
15 9
26 58
22 17
21 82
17 63
21 40
24 98
8 30
3 76
21 72
21 49
18 72
16 71
30 23
3 30
28 86
30 41
27 60
0 94
25 29
2 17
29 67
19 45
26 63
8 36
24 85
28 19
30 82
12 2
14 16
8 65
16 74
17 21
11 37
4 18
16 2
25 69
7 76
12 27
21 83
24 24
13 12
22 66
17 74
21 15
4 93
3 30
30 41
28 69
23 1
13 97
28 78
5 3
26 49
5 94
7 95
13 70
11 90
24 12
29 41
22 71
21 7
14 75
7 44
2 98
11 76
4 9
13 41
16 73
14 53
21 86
21 1
8 58
6 34
20 27
8 30
28 60
18 72
2 14
0 40
8 37
14 32
15 55
27 81
1 10
25 51
9 5
23 30
22 45
2 31
13 20
7 87
7 68
27 31
13 24
22 97
22 100
17 1
5 78
27 5
28 11
24 77
14 84
30 88
24 82
3 66
18 52
3 31
15 8
30 9
15 32
12 39
24 56
19 19
18 11
9 12
11 9
24 62
27 6
1 13
1 65
29 23
11 92
12 16
7 52
11 96
9 79
29 46
14 66
19 75
10 74
29 31
12 56
14 57
23 62
15 97
14 39
11 8
3 54
14 60
6 45
14 37
25 6
29 83
22 44
26 13
5 2
0 84
8 57
16 6
14 49
7 39
26 28
24 8
14 65
17 27
28 35
20 56
17 52
26 25
21 23
21 42
6 58
25 61
21 27
11 86
23 36
10 77
8 4
9 94
22 32
1 80
0 48
18 81
30 58
0 14
7 3
13 71
23 63
23 52
23 2
28 18
18 36
17 9
6 94
13 38
16 75
26 67
12 27
17 20
25 62
21 9
18 65
26 81
8 78
22 16
10 80
18 15
30 96
29 24
10 59
14 43
5 100
14 47
19 96
19 49
5 22
25 12
22 86
12 75
13 68
5 26
19 91
11 1
14 92
3 4
19 43
19 98
6 70
15 24
14 4
16 43
12 94
15 78
18 30
25 74
30 54
8 48
17 82
15 61
1 52
30 64
15 68
0 7
27 28
6 67
0 35
0 20
8 83
19 65
29 15
18 15
3 20
9 83
25 44
16 2
1 54
28 27
17 94
8 97
1 15
21 100
0 34
24 52
12 69
11 93
12 44
18 61
11 51
6 4
1 48
21 3
25 67
11 57
13 52
20 84
28 83
25 29
6 66
23 47
2 5
27 22
29 66
13 62
8 60
20 16
6 48
30 92
29 30
19 91
24 29
23 15
13 64
6 23
20 27
22 47
28 77
25 35
5 63
17 98
8 54
24 18
22 4
13 40
16 79
4 26
6 99
6 10
30 27
13 26
21 1
7 27
2 8
11 39
5 27
5 37
16 85
13 8
10 9
1 6
21 19
7 27
9 16
21 26
29 94
12 64
18 80
9 77
25 29
27 24
6 58
24 15
18 51
19 31
5 32
18 77
5 36
28 62
0 7
25 81
25 76
18 56
6 43
27 29
23 50
16 9
23 61
15 6
12 4
27 37
18 24
4 21
12 23
22 86
25 33
16 55
11 89
1 26
27 50
18 51
11 80
15 57
4 69
12 12
19 25
22 17
25 54
2 90
4 38
11 96
15 36
13 69
30 13
8 48
19 62
12 89
6 28
29 69
2 70
19 42
6 24
22 14
14 75
9 89
29 53
8 52
14 67
23 56
14 23
17 8
17 42
13 80
11 47
20 94
18 5
15 59
22 99
18 97
25 55
30 10
14 72
24 58
6 90
3 77
23 30
26 29
2 52
20 23
22 68
13 35
15 55
9 70
7 59
14 60
10 72
8 89
18 67
23 47
10 85
3 19
13 60
3 82
9 86
16 7
11 24
5 57
26 36
0 12
27 14
13 68
2 63
7 67
21 31
21 19
30 14
11 90
3 51
2 93
19 13
20 75
8 20
20 37
15 5
9 81
8 91
9 68
16 17
5 92
21 14
17 62
17 23
15 49
28 49
24 98
28 12
24 7
15 48
7 1
19 4
14 62
24 42
17 40
3 47
19 38
20 77
16 15
5 17
9 95
12 68
28 83
30 81
17 90
0 22
25 69
1 86
7 53
4 70
27 1
28 71
14 15
23 62
20 19
9 74
22 39
1 47
18 32
11 56
17 72
26 43
0 12
14 82
21 23
16 90
6 63
25 67
14 21
20 83
16 21
8 21
7 77
16 83
29 44
13 15
19 10
14 89
3 31
9 15
22 47
3 53
20 2
17 41
5 6
30 29
12 80
25 74
24 87
0 19
6 89
11 46
10 95
3 55
12 92
11 22
30 35
6 56
14 79
12 33
20 15
29 62
29 69
21 51
21 27
24 7
1 18
26 91
20 25
1 8
2 52
22 31
28 56
20 23
9 35
28 98
24 72
7 81
8 59
7 57
10 34
29 39
18 60
9 21
4 80
3 94
3 34
22 16
28 13
6 99
5 83
17 78
28 89
0 53
1 94
22 37
23 8
3 98
8 77
6 83
26 8
26 58
24 15
7 62
30 8
13 23
25 38
11 81
8 78
29 55
21 49
23 15
0 2
27 60
8 23
22 57
12 36
22 33
17 38
0 82
3 62
6 91
25 17
7 2
27 91
10 71
10 95
25 50
8 82
30 64
1 51
21 95
6 34
19 96
1 69
9 9
14 7
14 73
26 68
13 25
8 30
15 82
5 5
24 30
10 16
23 11
27 10
17 3
25 59
5 90
18 84
27 35
24 16
5 88
0 11
29 28
13 11
30 8
18 85
13 39
5 74
27 68
7 28
19 39
1 62
1 53
22 46
18 31
18 84
28 82
0 77
11 60
15 73
19 35
12 56
4 67
26 93
25 75
21 33
6 35
10 28
29 17
25 99
9 75
21 48
22 29
5 97
7 32
28 30
7 97
8 14
12 15
12 74
7 67
10 82
9 16
28 98
24 17
13 23
2 25
2 29
7 94
2 66
3 9
28 2
20 90
5 88
0 81
25 19
27 50
1 11
17 72
3 87
13 69
6 21
26 36
9 18
29 43
21 71
9 87
16 21
26 10
26 42
30 89
3 98
22 41
