100
16 96
22 48
11 8
20 97
6 82
26 61
8 49
11 13
16 1
1 89
1 28
0 30
30 46
29 59
17 87
3 56
27 6
27 31
6 30
12 65
3 97
29 46
18 28
30 36
20 56
5 46
1 85
4 83
4 47
15 57
4 11
19 60
25 89
27 75
16 25
18 33
23 3
17 3
0 34
19 98
24 61
28 27
10 75
8 98
18 83
15 61
8 75
21 19
18 47
22 44
13 76
8 64
15 2
10 33
20 29
8 74
18 58
13 81
3 83
1 36
29 85
22 2
7 7
16 53
0 56
23 35
28 57
3 83
29 68
28 6
26 2
22 14
4 25
20 42
11 65
11 49
4 7
9 16
25 91
26 40
24 57
11 9
18 29
6 67
4 33
24 61
9 52
11 99
16 31
5 87
6 68
20 25
3 37
6 96
1 26
2 9
0 40
3 16
26 98
0 97
14 18
22 6
8 100
15 95
24 85
3 45
9 89
19 57
29 78
25 63
5 58
24 16
16 74
27 56
26 56
28 17
2 59
2 22
10 100
22 89
15 82
11 40
19 93
9 21
30 26
20 6
2 77
2 16
21 23
27 5
18 1
5 51
30 81
14 62
14 87
30 8
27 82
30 65
17 49
4 29
27 71
5 98
9 15
9 69
1 17
16 11
19 60
20 40
19 73
0 96
1 64
1 17
17 10
15 91
5 56
16 46
10 51
24 8
5 65
19 47
27 32
5 52
28 100
1 31
6 14
8 43
5 23
30 71
11 91
11 78
13 26
1 55
6 59
0 43
3 45
15 56
21 5
14 86
19 11
23 71
15 88
14 58
1 29
0 29
19 16
2 86
14 14
19 9
0 88
20 29
12 11
29 94
9 96
4 27
10 75
11 55
13 44
22 21
9 64
20 45
11 12
4 76
1 84
12 29
29 64
28 20
4 5
11 6
15 52
2 51
15 32
1 40
22 31
12 60
14 11
18 50
5 81
6 38
30 90
0 95
25 46
5 25
23 42
28 97
27 89
16 17
27 2
15 17
26 100
17 14
23 41
27 79
27 21
29 54
21 1
20 25
23 13
25 25
10 40
7 87
11 16
8 17
24 29
6 3
5 50
22 74
23 24
14 83
17 96
10 90
2 56
10 66
23 67
10 9
4 12
30 38
20 79
7 86
15 7
21 95
19 13
21 67
27 58
22 22
16 7
14 30
25 7
21 60
17 26
4 24
17 47
16 65
3 47
0 23
9 53
23 34
9 97
27 4
22 67
14 70
15 81
10 31
9 76
5 25
2 59
11 24
26 17
30 37
2 48
16 47
7 18
21 54
16 64
19 17
13 79
0 96
27 54
26 7
10 5
27 47
17 58
8 36
9 79
22 27
3 100
15 27
23 92
0 45
11 29
14 61
0 22
21 1
27 50
12 60
2 76
10 54
10 67
8 63
28 96
24 51
20 41
12 19
20 94
8 86
18 60
5 34
4 73
27 92
20 16
4 23
17 53
20 98
17 39
14 44
20 86
27 86
26 89
11 48
25 26
9 85
27 19
17 97
0 92
12 52
23 70
28 85
15 89
9 81
19 39
16 53
4 48
20 34
26 8
30 39
20 5
15 49
24 41
30 99
17 32
3 54
12 89
1 49
3 28
24 31
0 51
10 71
7 80
13 12
2 17
13 84
29 6
23 64
10 53
29 64
16 57
0 50
22 11
23 95
23 4
21 23
17 60
5 27
27 40
5 14
0 43
6 92
8 14
23 76
12 100
9 59
2 25
8 6
28 20
17 39
28 45
6 26
13 14
16 45
16 93
0 76
8 91
6 9
16 66
8 95
26 43
23 27
0 97
10 56
26 39
23 80
6 39
9 89
12 70
4 70
9 100
15 35
5 74
17 61
13 57
5 20
12 71
0 78
29 98
1 84
28 50
28 46
21 90
6 33
14 17
12 40
26 31
19 22
28 53
21 78
29 5
5 15
16 41
23 78
30 7
13 79
10 48
12 99
17 48
25 46
3 88
23 44
6 30
23 29
13 55
1 28
3 16
14 17
14 75
28 92
26 86
17 59
0 60
23 86
22 87
12 86
30 62
28 80
23 94
29 64
19 73
13 57
20 54
6 17
4 24
23 53
11 46
25 55
2 22
11 98
20 41
8 71
17 55
0 22
13 5
16 78
25 86
2 49
22 2
20 15
19 69
21 40
17 68
3 28
1 58
2 7
8 77
27 93
19 88
4 50
28 63
0 51
8 64
7 20
14 24
12 67
27 90
23 77
14 13
25 76
17 10
22 58
4 71
20 99
16 65
24 16
14 94
16 78
13 21
29 93
24 50
15 13
4 80
24 68
4 98
12 23
4 76
17 83
6 4
25 1
5 99
30 39
15 55
11 43
27 20
5 60
12 1
0 32
18 53
9 95
0 41
19 94
3 52
12 40
22 95
6 25
28 39
9 37
17 58
2 49
16 96
12 98
24 91
20 25
8 82
0 38
21 61
8 83
25 14
7 44
2 100
2 9
25 26
26 79
0 6
9 75
28 50
30 15
2 66
5 90
24 95
11 14
2 35
4 61
23 95
4 16
8 30
18 47
1 12
1 58
23 23
12 21
2 76
24 92
23 67
9 1
21 84
24 11
1 64
30 3
2 35
13 47
21 50
30 48
8 99
21 14
27 56
1 74
19 1
3 27
10 42
5 36
2 29
12 100
16 76
4 23
26 23
28 50
0 9
30 7
28 6
6 21
0 27
26 29
27 69
6 47
25 97
27 21
8 4
29 89
2 61
11 50
9 98
29 97
29 37
1 78
3 54
25 71
15 89
12 15
19 91
9 93
16 64
12 95
4 22
29 48
11 19
11 38
18 82
22 44
5 29
24 43
21 63
14 83
9 72
4 4
26 93
30 32
16 74
29 95
3 89
25 31
0 22
6 59
19 73
8 12
16 86
12 23
29 97
27 72
4 59
22 28
17 66
9 85
16 89
21 42
11 99
6 1
30 24
25 21
9 11
29 13
23 36
5 51
25 13
14 60
22 14
20 36
3 29
15 61
20 78
19 86
26 38
10 14
21 24
20 96
10 13
10 15
6 35
6 69
24 43
13 41
1 31
14 94
2 48
14 34
12 4
26 73
0 51
5 45
18 85
23 29
16 14
8 67
26 35
7 79
24 21
9 64
20 28
15 53
13 2
15 49
30 89
11 97
30 95
13 96
5 4
5 16
13 59
25 24
0 22
3 92
28 91
13 73
9 24
18 17
3 74
28 68
28 66
17 53
26 100
29 48
22 45
0 56
4 99
26 27
30 41
0 34
24 52
29 12
28 32
26 45
7 49
5 90
21 33
7 76
25 91
29 9
17 95
0 48
12 26
1 11
25 25
8 70
4 41
21 11
16 79
4 10
4 92
10 56
17 3
23 26
2 88
22 2
25 53
28 19
8 97
21 1
25 40
16 27
19 88
17 67
12 81
29 32
16 22
6 11
30 43
11 2
6 93
21 9
11 99
24 68
11 78
2 40
12 86
19 87
30 39
15 62
20 31
19 77
13 40
9 63
22 71
0 12
12 85
26 18
12 82
16 46
6 41
18 34
24 33
1 46
3 87
10 77
9 26
26 28
1 28
18 23
11 64
5 78
22 68
7 62
3 42
27 59
12 97
26 22
16 28
20 41
15 53
25 16
23 92
19 31
24 50
8 58
4 38
9 1
3 49
30 75
12 82
7 77
29 53
6 81
22 31
1 36
27 14
11 81
19 30
11 11
29 96
4 94
1 71
28 13
5 14
20 87
17 24
21 84
24 4
20 47
0 75
21 98
29 92
16 15
4 34
28 16
15 47
5 41
29 20
28 46
7 15
12 84
9 63
5 17
28 30
2 48
17 48
6 68
29 53
5 25
8 17
28 13
4 74
22 43
21 66
19 87
13 13
15 53
11 11
22 93
0 59
28 54
13 90
8 69
30 26
30 4
8 92
27 1
5 23
16 92
24 22
24 100
5 14
18 6
9 45
16 67
2 68
23 73
17 53
3 13
24 96
21 82
5 62
16 71
23 22
11 61
4 12
22 6
14 48
1 81
2 4
30 88
17 79
14 86
24 69
20 34
23 9
15 5
3 52
17 74
21 93
16 24
8 50
8 49
29 79
18 63
29 76
4 33
7 75
5 60
5 40
28 73
5 37
25 91
5 100
15 38
12 84
17 6
4 7
7 93
25 7
22 37
26 35
14 66
21 83
29 21
16 26
28 55
7 72
19 77
30 75
0 81
8 28
5 15
24 38
15 90
21 96
4 87
3 3
21 39
7 69
7 61
7 54
25 14
13 88
15 10
21 83
14 5
16 18
14 36
7 91
12 18
20 59
19 47
25 97
12 94
19 40
17 17
2 73
22 10
2 43
14 89
28 84
26 24
30 41
20 77
30 6
16 79
21 88
8 40
3 10
5 54
12 36
2 95
14 23
27 46
28 61
3 47
4 30
5 41
25 4
1 26
12 66
13 11
28 88
25 78
1 62
3 96
13 44
13 92
7 16
17 50
18 36
10 60
8 51
19 13
5 88
7 58
30 79
21 56
24 32
21 85
2 39
20 86
22 42
12 39
14 92
27 64
17 45
28 39
22 88
0 83
4 68
0 38
20 42
25 57
2 70
16 42
30 86
27 11
26 58
18 10
6 99
24 37
5 35
20 48
18 6
12 98
26 1
8 61
5 69
29 78
19 36
26 71
3 43
5 91
16 10
8 54
6 70
2 25
24 21
5 61
3 96
17 64
1 64
28 55
23 69
12 11
9 35
16 76
18 44
28 23
28 75
23 77
5 47
10 3
0 3
8 74
5 20
17 44
14 43
26 62
22 94
23 59
0 83
0 91
16 66
30 29
12 54
14 25
6 42
12 1
11 90
2 98
3 53
11 40
24 13
24 52
17 22
22 17
30 18
29 37
13 63
20 93
23 9
12 97
4 97
14 46
19 92
2 70
24 45
28 44
6 99
29 12
2 96
26 55
24 13
20 56
15 77
29 92
4 64
10 61
30 71
14 25
3 95
29 20
15 26
27 13
11 57
1 48
12 29
26 37
27 76
12 8
23 88
17 21
15 66
13 6
21 83
3 63
0 73
24 64
24 42
7 79
0 26
9 24
14 50
16 53
6 36
6 78
3 86
12 44
17 12
28 49
0 22
15 51
2 32
22 40
18 76
23 28
8 77
24 7
29 34
3 72
1 87
5 24
23 79
30 28
2 2
22 49
2 23
19 33
9 34
20 55
9 8
15 11
8 78
6 14
28 36
17 15
14 73
23 71
28 56
1 5
1 60
25 10
26 43
21 82
26 64
22 77
12 100
15 50
1 47
10 82
5 58
24 13
11 25
21 71
3 65
1 86
27 39
9 1
4 26
26 100
14 47
28 28
18 100
26 57
28 17
14 78
8 5
28 9
23 42
28 86
11 76
2 53
28 92
4 37
19 86
7 16
9 48
20 76
12 24
5 51
7 40
5 85
3 61
27 22
6 88
26 88
18 59
30 36
8 16
23 29
22 54
25 8
19 77
23 21
15 55
17 68
10 35
11 45
25 64
5 68
13 60
2 36
16 21
27 88
9 30
6 87
17 19
6 65
13 90
28 58
17 17
2 59
1 40
6 50
10 42
1 21
13 37
28 53
24 62
0 64
4 48
25 87
3 43
22 71
10 100
17 15
30 86
24 86
3 79
1 18
5 68
20 91
9 90
12 78
5 10
17 96
6 97
4 86
8 13
16 58
25 41
1 28
24 49
26 64
11 41
14 74
0 20
14 35
12 69
2 9
21 95
29 34
4 53
24 11
10 51
0 45
7 71
19 9
11 33
17 23
13 56
3 38
1 7
17 40
16 73
11 7
30 53
5 69
16 22
1 33
25 48
15 62
26 13
23 20
5 94
15 98
28 55
24 71
18 60
2 51
14 44
4 74
19 27
29 65
27 49
7 14
11 45
10 4
7 3
13 18
16 65
24 33
8 41
13 6
12 27
3 86
25 19
16 83
8 84
17 53
3 30
19 15
1 98
6 23
27 99
21 99
14 99
23 26
25 20
7 38
11 41
10 25
27 68
0 19
1 33
14 43
3 15
18 25
14 10
23 18
10 90
0 40
11 17
0 62
9 35
0 3
27 69
19 27
20 61
9 77
6 61
2 98
18 30
15 47
30 80
18 27
30 49
23 81
30 74
1 1
2 44
1 99
24 84
8 99
30 42
0 11
30 50
25 98
10 50
23 3
2 26
25 56
7 20
26 37
30 50
18 45
4 51
25 30
3 17
19 81
16 61
15 55
29 69
8 26
9 74
1 76
0 55
6 16
28 19
30 51
12 41
29 22
30 74
23 2
1 14
11 6
2 41
24 32
12 72
9 100
3 43
3 49
14 18
6 54
2 62
6 30
1 5
8 86
12 80
20 22
5 51
19 33
4 16
2 28
23 89
15 60
16 73
6 66
28 2
10 54
16 97
7 70
18 4
15 47
27 99
13 26
16 45
6 78
8 34
4 23
18 82
5 88
29 32
30 77
2 97
27 41
30 73
11 88
12 24
16 98
19 37
13 16
3 41
29 8
29 8
11 40
22 81
12 85
1 76
11 54
11 19
10 21
12 70
15 9
15 88
21 51
19 51
30 39
11 89
9 95
26 61
18 32
2 38
4 7
9 60
30 60
2 63
21 91
15 56
29 8
4 1
17 54
8 98
12 2
5 36
7 28
17 98
27 62
4 34
5 81
16 80
19 31
21 87
28 25
30 66
8 55
4 32
29 72
3 25
20 58
25 39
21 3
17 25
29 25
20 8
29 34
4 80
21 40
18 73
0 92
4 55
16 94
0 77
15 95
16 49
23 6
19 63
24 34
20 26
2 22
1 22
24 82
19 83
27 65
28 62
10 82
18 55
5 40
27 85
7 94
13 11
6 9
30 38
6 62
9 7
12 25
16 60
26 28
0 3
29 26
9 47
14 46
12 83
19 21
24 79
17 46
3 33
3 37
4 66
11 57
23 72
28 19
0 56
18 3
26 90
9 34
24 16
16 84
0 8
10 51
11 32
11 23
11 82
1 89
4 20
20 82
7 88
3 80
26 6
21 88
7 99
19 24
5 53
15 93
10 28
22 76
15 8
17 14
1 88
13 60
3 37
17 20
29 24
23 73
14 9
4 13
21 19
10 73
28 36
22 98
14 11
7 15
30 76
3 19
