100
27 29
14 90
24 44
15 46
11 27
24 54
21 38
24 11
16 47
6 8
10 48
6 43
6 63
30 3
9 89
30 30
6 75
0 56
27 47
4 81
20 75
7 49
1 88
23 13
10 47
1 9
11 96
7 22
21 60
2 21
26 80
13 2
9 17
7 60
15 63
25 92
11 60
13 28
4 60
30 4
15 48
25 53
1 43
0 92
0 51
6 85
1 95
2 60
25 84
9 59
26 27
20 63
15 39
26 52
2 65
19 59
1 38
0 97
13 93
23 63
8 80
23 19
23 54
6 8
25 4
19 69
23 34
27 86
10 21
25 6
18 29
14 19
30 45
5 96
19 24
13 56
24 70
12 54
26 85
27 14
21 61
25 15
10 6
27 75
15 6
18 78
19 5
21 68
15 55
5 50
8 91
28 64
3 84
20 67
9 55
14 91
17 6
25 44
16 74
5 78
19 53
26 65
26 87
10 97
16 77
20 43
18 58
2 43
27 66
1 47
15 36
30 80
13 98
28 75
12 68
26 50
19 6
9 73
3 31
25 24
29 33
11 55
4 83
9 55
7 44
6 96
1 26
9 14
5 26
20 23
2 53
29 70
30 75
17 17
15 49
2 64
23 39
18 33
30 98
18 14
20 59
10 42
27 40
29 69
15 24
9 75
8 89
22 24
11 17
14 73
16 20
28 86
5 11
18 6
14 94
6 94
13 66
23 55
4 53
0 65
29 73
19 86
16 68
25 5
27 77
26 77
18 8
7 69
17 81
2 95
28 54
28 18
28 35
8 95
23 91
1 59
14 34
26 92
11 5
28 79
22 79
14 12
14 37
10 69
2 63
25 77
26 80
19 63
22 67
0 25
18 13
8 86
30 54
24 98
12 100
11 40
4 7
2 4
15 68
16 87
4 53
5 62
7 96
21 79
2 77
7 62
4 94
30 21
24 13
9 47
18 38
2 7
1 78
6 95
12 48
26 6
5 12
10 46
5 62
20 49
5 64
30 26
8 13
16 59
28 77
27 43
18 52
0 12
27 15
22 31
6 72
29 75
11 68
30 43
23 36
2 70
14 97
3 92
5 79
3 81
28 33
17 79
11 29
4 18
19 37
0 22
13 27
4 61
24 20
28 78
0 30
1 40
29 57
7 76
11 21
29 97
30 7
10 58
11 90
26 26
15 84
11 67
17 52
6 96
9 12
13 84
17 25
1 56
8 79
19 11
30 72
7 48
8 69
30 63
27 67
26 54
26 99
14 17
28 37
8 29
11 44
0 74
16 9
29 23
7 29
29 1
29 10
5 33
13 23
22 50
24 8
18 75
3 67
20 54
13 52
14 61
12 87
24 78
23 91
17 73
0 100
7 8
27 58
6 95
20 50
13 98
29 10
16 97
9 38
20 64
9 16
6 3
24 44
20 4
4 10
9 83
13 27
16 80
6 98
0 31
28 46
28 47
24 35
9 78
12 95
5 99
6 18
21 62
9 54
26 56
3 92
28 15
24 1
1 33
5 23
28 57
9 82
19 18
17 53
23 7
3 7
26 1
18 18
9 8
3 34
18 1
27 8
10 5
9 14
11 41
23 49
0 44
16 73
30 19
21 93
24 41
21 44
12 28
14 7
10 70
18 52
7 34
26 75
5 77
16 27
19 87
15 19
21 13
11 76
25 30
16 35
8 93
23 34
25 38
25 16
15 46
9 34
9 66
8 31
6 71
21 77
7 33
12 56
16 22
15 59
5 91
14 21
4 57
7 88
3 36
18 26
21 64
19 40
0 57
24 58
10 4
4 86
14 80
28 59
5 19
2 38
4 71
28 68
15 33
1 64
13 23
30 12
26 6
6 93
30 97
22 78
7 31
8 47
29 38
28 19
17 37
15 90
16 69
22 29
25 7
2 46
21 71
7 70
15 39
14 65
1 81
26 90
16 64
18 78
23 84
1 53
16 97
18 55
27 8
19 42
11 62
25 39
26 42
15 49
14 51
5 54
2 45
2 87
23 100
8 77
23 57
1 19
5 97
8 66
0 65
7 17
8 74
10 89
28 46
27 68
29 66
16 3
9 77
29 76
28 58
4 77
20 78
8 55
19 10
19 11
26 76
26 1
20 84
20 69
30 93
4 71
27 20
26 94
30 96
1 83
7 38
28 32
29 91
16 13
20 68
7 95
5 35
24 97
20 93
8 23
20 84
22 35
23 43
9 15
5 76
16 57
12 31
11 74
11 37
13 76
24 62
14 50
8 20
22 58
2 51
27 74
4 26
27 3
15 67
7 13
11 52
7 58
30 70
9 54
3 71
21 35
14 60
9 45
29 68
0 30
10 3
10 4
5 24
26 100
10 66
2 66
25 9
12 23
0 15
18 41
28 19
19 99
14 58
23 86
24 7
21 59
15 72
18 7
8 79
17 80
20 13
28 46
14 97
28 63
16 77
5 38
23 70
18 90
9 88
19 76
20 22
20 12
3 99
26 58
26 89
8 46
0 15
20 100
28 89
27 84
28 1
22 19
13 38
22 78
10 32
6 95
4 14
2 66
7 11
29 100
5 14
0 65
19 82
19 49
13 35
4 19
5 98
25 91
11 11
12 88
20 98
4 4
22 74
12 61
27 60
6 35
10 86
10 42
8 75
21 88
8 99
19 48
29 29
26 21
21 25
3 98
28 18
1 66
2 25
18 26
2 36
16 15
29 24
11 22
22 12
13 7
11 79
19 32
5 17
16 48
10 49
30 46
23 12
1 96
25 37
26 61
4 90
14 12
20 29
16 96
24 23
18 49
22 43
7 85
19 74
19 90
16 72
26 28
27 45
4 43
25 28
28 99
5 19
28 76
13 1
7 82
2 10
14 20
9 71
17 81
24 43
6 87
11 77
10 48
29 70
30 25
23 82
28 35
23 80
21 6
27 45
9 27
6 37
15 20
2 98
21 61
26 37
16 76
7 91
28 24
10 62
3 65
24 25
2 4
28 65
25 14
1 45
5 71
13 3
20 23
15 43
5 16
4 79
30 26
27 35
18 5
21 69
29 86
1 17
25 67
24 41
17 23
4 2
28 70
14 35
22 9
18 41
0 93
29 87
0 32
28 9
1 43
9 18
1 69
22 51
2 66
10 68
18 4
22 4
13 43
14 99
8 60
25 87
21 69
12 96
17 42
20 69
18 84
11 51
4 73
16 59
0 63
16 91
23 95
7 59
24 5
18 45
22 76
16 55
7 51
18 14
12 67
16 47
27 46
18 79
6 51
20 90
21 10
7 35
17 83
3 11
5 2
1 35
12 86
11 24
17 53
25 95
19 44
26 54
22 70
17 41
27 30
23 65
21 9
19 41
25 44
27 1
16 91
6 67
16 99
11 67
11 16
9 21
28 98
8 79
27 38
6 15
23 94
8 82
23 66
23 99
11 18
16 57
11 80
17 96
10 25
30 5
13 53
18 6
14 56
1 15
15 91
18 95
15 79
9 29
19 39
13 51
13 53
26 41
9 71
14 16
18 5
0 49
19 90
14 30
20 87
16 28
18 63
5 53
26 7
12 53
12 19
10 2
16 84
17 42
15 70
29 27
25 4
21 6
13 8
22 16
20 11
0 44
8 72
19 61
7 46
15 47
21 11
28 18
23 34
13 22
8 75
20 63
19 58
19 96
15 49
18 6
17 46
16 27
8 11
0 25
27 100
17 71
27 75
22 5
28 55
0 17
24 61
6 28
26 2
9 47
12 81
12 52
15 37
18 52
24 23
14 22
23 21
25 62
12 36
24 67
29 69
25 86
18 45
0 84
26 23
28 11
28 52
27 35
23 56
20 30
9 22
6 22
13 94
5 58
23 39
28 77
21 97
12 34
2 42
13 92
9 53
4 65
0 66
16 58
16 37
9 6
29 75
7 80
2 99
23 1
4 59
1 66
25 87
0 57
1 36
18 63
28 81
27 26
11 82
30 41
19 79
0 60
8 73
23 76
8 87
12 1
18 99
8 57
24 81
18 45
25 36
6 81
14 75
29 18
25 72
22 44
13 36
30 29
24 32
27 49
2 20
22 54
30 6
12 50
19 69
23 37
13 42
17 40
16 27
27 75
11 30
11 96
26 55
12 93
13 59
28 48
12 23
1 78
11 95
7 72
19 88
18 2
16 53
29 58
28 43
18 53
21 100
8 83
15 91
26 30
23 21
4 3
19 64
1 16
1 60
0 81
23 94
17 41
3 23
7 61
26 91
18 31
16 87
14 3
14 47
20 36
5 22
15 27
21 26
14 61
5 72
26 47
9 50
19 38
22 78
30 71
28 58
9 66
22 40
22 99
10 29
24 79
24 21
22 53
11 8
20 5
28 49
1 89
7 60
10 87
11 49
13 5
11 82
17 97
4 22
14 10
17 38
8 99
0 50
18 2
23 55
21 54
6 68
15 62
22 30
19 49
8 7
13 5
5 5
21 40
13 26
0 96
29 8
10 90
9 64
0 61
29 46
25 69
30 28
28 70
13 46
30 27
6 76
21 99
16 84
23 96
20 47
13 69
11 1
0 23
11 8
3 34
12 29
7 13
29 48
6 58
5 98
28 99
16 14
23 25
25 39
6 86
15 65
3 53
14 16
5 47
10 66
10 45
14 47
18 88
16 43
26 44
4 90
14 84
3 98
4 70
23 3
26 67
14 14
8 76
6 76
7 99
8 50
14 83
19 90
4 42
23 34
22 6
28 54
15 9
30 30
16 31
11 33
17 22
17 43
27 27
9 8
6 44
7 54
24 94
23 65
0 32
13 93
27 58
25 44
16 2
2 67
30 5
24 47
28 96
17 39
1 8
4 32
17 88
20 22
17 51
11 85
5 39
4 11
10 34
2 51
27 41
21 62
15 59
29 24
6 69
24 51
1 69
26 31
10 12
9 67
9 95
15 41
28 26
24 83
28 92
12 81
14 47
22 4
15 68
20 25
15 87
23 7
19 80
26 21
18 45
27 53
18 88
10 96
3 98
17 58
20 19
29 82
14 7
14 40
17 45
9 61
8 20
12 70
25 82
7 98
20 46
12 76
6 75
20 5
5 96
1 89
21 67
18 95
1 53
10 19
16 44
18 29
3 60
27 97
7 30
9 12
26 54
29 36
8 83
5 9
27 27
26 11
17 26
24 42
8 32
17 85
27 49
20 13
12 81
12 80
16 20
29 65
29 70
2 54
27 70
29 79
28 18
6 28
3 98
21 45
26 70
23 55
6 15
10 19
7 28
10 21
3 3
13 15
4 49
3 87
9 32
18 86
12 24
1 9
10 12
27 6
28 50
8 53
3 66
27 46
12 48
26 42
9 94
16 33
8 40
11 72
4 42
21 91
18 14
28 57
4 34
30 85
24 26
14 77
23 86
2 48
7 60
15 47
11 46
12 48
22 13
23 60
11 62
12 28
7 6
25 78
6 57
3 70
19 96
15 47
7 5
17 32
19 31
5 31
20 76
14 5
17 82
4 52
29 3
30 6
23 52
14 93
4 12
22 53
9 38
1 35
26 7
4 90
23 64
13 89
13 6
5 70
0 68
26 45
6 16
17 17
11 93
6 67
15 47
30 2
10 72
10 81
23 71
29 43
8 16
14 48
14 78
3 2
16 54
18 44
14 46
25 51
5 8
12 65
19 58
20 78
25 24
25 50
18 71
26 75
5 99
21 1
8 54
3 53
29 86
3 42
10 66
20 16
5 29
11 78
27 28
1 81
12 48
19 42
18 18
22 82
20 19
17 70
6 67
12 76
6 2
12 60
26 41
16 34
21 97
18 2
17 68
21 72
13 68
2 99
16 19
1 10
11 78
18 87
28 24
11 30
23 78
14 78
6 97
30 67
7 97
30 34
9 32
21 8
6 28
18 7
5 14
24 53
17 85
18 11
26 1
14 30
17 16
11 15
20 11
14 40
27 75
29 45
25 86
23 5
9 82
6 76
3 2
20 89
1 50
18 50
10 63
9 62
16 77
19 67
24 40
24 94
24 96
2 17
25 30
21 32
22 40
0 80
3 73
10 39
13 73
25 98
10 99
16 99
23 53
10 61
5 10
21 41
16 100
18 79
3 86
19 35
17 95
19 84
28 80
20 25
20 78
15 22
15 78
0 98
12 1
29 75
27 18
15 47
29 87
10 10
5 14
18 24
13 3
24 24
18 81
30 80
25 55
30 28
11 20
7 35
29 29
2 20
16 19
16 87
29 95
26 5
27 51
9 25
7 57
21 23
13 17
8 14
25 62
14 95
15 99
3 60
9 76
21 74
25 47
3 57
16 12
21 80
14 27
6 51
9 16
13 32
25 62
22 10
17 37
10 1
17 7
26 52
29 99
13 39
30 85
27 37
10 61
17 83
7 48
2 71
28 38
16 50
28 76
20 11
18 18
1 9
18 27
23 65
30 94
29 47
13 15
11 49
26 94
8 84
12 92
10 28
9 11
12 83
5 92
21 9
13 44
12 29
29 85
8 48
27 44
10 27
16 8
29 55
15 28
27 33
21 38
22 59
13 78
20 9
6 69
23 25
18 61
28 24
0 15
11 78
0 70
2 87
13 84
0 23
12 69
2 86
22 17
13 14
13 37
27 89
20 61
24 39
12 68
30 89
11 67
28 25
19 43
15 14
9 67
9 14
21 85
27 68
29 27
29 82
26 31
30 76
15 1
20 51
9 100
1 95
15 67
8 87
16 86
2 48
1 85
4 80
17 8
20 31
13 18
26 47
20 73
20 29
11 63
10 32
20 99
13 55
16 99
12 28
30 94
9 54
23 26
26 79
10 99
11 22
3 73
23 32
9 29
22 90
6 71
28 15
5 43
25 26
23 46
14 81
8 60
25 25
4 23
11 68
20 64
25 94
7 23
7 89
8 46
7 56
7 49
6 96
13 65
7 84
9 96
20 74
19 50
28 91
2 30
22 58
14 1
18 77
29 3
25 69
2 23
22 29
1 45
21 16
23 88
21 93
2 35
12 87
19 41
17 41
8 47
8 1
18 64
3 93
9 48
14 100
24 4
14 59
12 78
3 53
18 44
2 80
10 95
22 50
15 51
21 41
6 6
1 84
3 49
20 51
28 13
2 36
5 3
0 49
4 61
28 58
3 78
12 46
2 85
14 26
3 97
27 12
9 78
22 7
15 38
27 42
19 34
19 8
1 62
19 4
0 100
21 13
7 91
21 83
6 19
18 29
9 96
17 24
18 2
