100
9 63
9 90
14 96
25 94
29 21
22 12
6 50
8 62
17 32
17 92
25 73
27 83
3 67
15 88
19 10
17 50
14 54
0 68
17 17
26 51
21 10
8 41
16 57
11 87
5 66
27 90
27 100
1 99
11 18
14 53
0 45
13 65
0 55
20 16
15 10
20 18
23 69
27 64
13 88
28 25
12 91
10 35
16 92
15 84
19 40
4 44
17 11
14 8
0 87
27 37
10 99
2 6
9 96
4 55
17 20
14 13
2 92
9 14
23 36
7 85
21 84
18 81
4 96
1 49
13 91
25 95
22 43
6 90
22 100
2 54
12 52
1 65
27 82
27 7
21 53
19 55
25 75
19 32
4 49
1 16
17 93
23 73
13 85
22 42
10 58
0 41
21 80
16 14
14 78
10 42
10 20
2 58
16 42
16 34
9 31
21 83
29 97
14 29
25 5
7 76
3 8
13 7
10 99
13 64
20 70
19 11
24 95
0 89
14 89
26 52
2 50
23 55
26 62
6 74
19 32
22 62
12 34
3 80
4 27
11 71
19 97
12 10
27 70
13 46
14 61
24 64
1 13
28 96
15 30
19 25
23 72
12 6
23 90
12 84
1 40
5 64
10 77
30 77
15 25
26 94
29 10
25 87
6 44
18 25
13 81
20 24
0 75
7 53
28 89
26 76
29 6
20 99
26 80
4 91
0 90
25 54
26 45
30 75
26 8
19 97
26 69
6 18
10 90
1 14
18 90
28 80
22 39
25 25
10 54
15 76
21 75
26 67
6 30
23 31
14 5
6 86
29 42
23 1
16 83
6 61
25 11
22 89
23 58
16 96
13 100
13 57
0 47
8 74
21 66
5 60
25 52
6 48
18 67
4 16
23 78
25 90
14 49
7 62
9 10
4 25
12 81
23 88
22 17
9 48
14 58
9 85
24 21
2 63
8 15
15 43
22 88
11 34
23 31
30 66
9 96
25 66
9 54
22 26
24 75
29 10
25 22
30 88
27 98
10 92
8 43
26 21
10 63
19 40
21 80
12 37
15 27
14 7
30 19
5 27
19 97
29 44
26 51
25 1
23 74
3 34
13 87
19 59
22 34
9 97
19 36
22 52
15 93
25 89
7 67
16 63
3 45
22 61
4 83
6 98
27 34
28 22
2 77
22 64
4 10
19 96
15 23
29 76
17 23
20 5
24 54
14 71
23 28
11 81
26 76
16 20
21 18
13 90
10 76
11 93
5 27
23 58
15 52
28 74
7 9
10 24
0 43
25 97
19 83
17 49
18 64
10 47
8 98
8 74
17 70
18 60
18 46
14 10
28 36
18 61
25 45
6 50
21 28
1 15
26 40
20 48
8 20
13 81
15 37
5 55
4 52
7 91
17 14
13 100
20 70
4 8
5 78
27 75
6 85
16 35
29 38
26 6
22 28
8 24
8 54
7 40
15 54
3 57
24 92
22 56
18 3
2 5
21 23
24 82
28 79
15 41
27 4
28 9
17 54
19 56
16 95
6 8
28 32
3 12
23 66
5 8
4 82
23 100
22 47
12 66
3 45
11 63
22 86
2 59
9 30
22 99
17 24
2 11
17 12
30 10
8 87
5 62
13 23
7 87
27 52
8 52
11 95
26 75
24 8
2 15
28 36
30 89
16 73
22 76
28 37
17 64
22 31
27 96
13 40
9 69
17 51
7 12
5 6
19 61
28 29
16 9
0 35
0 58
30 97
18 20
25 91
16 72
21 19
8 56
15 57
28 20
9 29
12 15
1 85
24 59
26 1
15 42
5 62
25 74
1 35
29 96
23 74
14 85
13 49
6 11
10 95
18 100
10 1
4 90
2 3
27 15
21 44
22 54
4 54
16 77
16 20
13 13
20 36
16 75
14 99
0 27
22 2
5 4
21 24
2 93
24 27
1 30
9 53
30 94
16 65
12 88
26 60
9 51
0 32
27 72
11 53
27 64
24 54
10 20
9 83
19 33
2 93
5 58
29 72
22 60
21 67
28 62
29 65
18 70
4 48
7 84
23 53
8 4
25 40
12 56
9 78
23 35
4 39
21 84
28 73
9 90
27 5
10 9
0 80
14 25
17 99
17 40
15 52
9 20
9 58
21 22
7 60
27 90
15 7
11 100
3 29
29 51
19 100
2 70
4 72
0 100
10 81
10 19
21 53
8 47
4 75
12 24
17 43
9 69
4 84
4 91
15 16
25 91
15 67
18 81
14 15
18 61
24 81
24 22
25 23
13 50
20 40
0 22
10 63
15 78
12 10
25 6
16 68
24 56
6 91
3 78
13 39
2 13
28 18
23 42
7 42
0 40
19 24
23 16
4 83
28 46
20 43
21 23
26 75
22 84
5 92
3 37
23 66
10 36
18 12
15 95
27 44
22 77
19 19
21 67
13 52
18 56
2 98
13 52
2 6
7 27
27 83
20 96
6 46
30 90
20 80
20 37
6 29
27 21
18 53
0 54
29 8
30 47
18 37
25 58
10 42
2 28
28 96
3 17
22 17
14 86
22 27
21 38
9 5
18 84
30 44
7 89
8 94
11 34
9 19
23 39
28 1
17 36
2 26
22 33
24 35
29 64
23 69
11 42
23 68
23 97
25 26
10 37
22 44
5 27
4 13
1 16
2 56
4 57
24 64
18 40
12 25
1 45
11 75
15 4
15 90
22 30
1 100
2 2
22 33
7 27
12 85
22 94
4 13
20 37
11 59
21 98
26 52
29 3
19 15
28 79
16 96
30 32
30 79
8 84
29 33
21 34
17 46
1 67
14 35
13 28
2 42
27 53
9 79
9 92
16 72
8 61
20 11
13 98
3 57
21 7
18 36
18 84
9 75
26 53
27 79
20 7
23 56
2 97
9 17
23 64
16 64
12 19
19 31
7 73
30 20
29 15
9 1
20 59
12 80
0 45
10 33
2 64
6 55
29 61
30 82
1 10
24 15
23 4
19 5
4 16
17 3
25 21
12 70
11 44
10 8
29 27
30 18
16 82
15 63
28 30
28 73
19 76
20 26
30 81
4 55
6 56
20 47
17 71
12 74
19 59
9 48
8 82
21 43
11 45
25 42
11 35
24 23
6 17
1 66
29 41
19 96
28 40
22 39
9 36
5 83
25 52
21 89
17 82
1 60
15 5
3 69
12 18
13 1
15 58
6 11
23 8
19 8
30 61
29 88
27 69
3 47
6 42
10 22
0 80
30 80
16 62
7 22
1 67
19 22
10 30
15 58
10 70
11 89
20 99
6 7
10 16
22 16
5 89
26 1
28 33
10 30
9 45
25 45
3 18
19 64
10 71
27 42
8 52
16 77
4 76
26 7
10 6
11 34
23 31
26 31
17 80
17 92
29 18
24 62
10 60
7 47
22 71
23 30
11 81
20 80
26 6
24 73
5 5
27 79
8 21
6 68
14 48
26 2
7 93
9 80
9 22
27 78
13 16
1 89
26 24
5 49
29 12
8 57
7 97
27 70
18 50
20 58
18 17
27 100
26 54
1 88
29 55
27 13
17 19
14 71
23 31
12 61
25 70
29 18
20 72
3 43
22 24
6 21
27 48
14 62
20 61
18 2
19 79
9 46
28 72
20 31
27 44
18 28
18 9
23 57
6 1
29 27
30 72
3 38
15 25
14 90
11 43
5 77
18 1
27 13
7 89
4 16
15 64
6 8
3 25
26 94
25 11
4 30
30 25
2 80
7 43
1 32
24 61
20 16
13 72
22 92
23 60
12 94
8 65
23 97
10 69
20 81
2 53
1 84
30 25
25 70
4 26
30 78
11 92
21 83
29 31
17 8
28 13
19 44
8 26
13 22
30 13
21 92
4 81
17 91
23 74
19 95
18 22
0 100
17 37
27 29
19 17
4 52
12 59
25 10
13 20
5 3
27 60
4 53
26 66
11 89
18 93
1 8
22 97
20 7
28 97
29 35
30 3
2 37
6 84
28 44
29 4
8 18
7 15
21 6
6 57
8 62
0 14
6 82
10 64
16 71
27 13
12 57
2 48
5 68
25 84
28 36
15 26
22 81
24 12
4 29
7 11
6 41
20 71
8 37
25 5
27 93
1 5
24 7
22 87
15 16
13 70
25 53
24 86
5 93
11 74
2 65
21 66
19 70
29 43
10 69
18 65
16 54
15 10
7 94
30 54
20 99
13 14
0 25
4 47
13 61
6 90
12 29
21 27
2 16
18 17
3 61
0 12
0 6
27 36
28 48
28 87
14 89
30 11
0 83
24 22
23 20
28 2
17 27
25 72
25 42
16 79
20 6
16 100
7 13
26 63
24 35
4 18
11 56
13 89
24 26
12 17
7 82
30 76
14 85
24 88
23 12
0 58
11 27
20 65
10 83
29 93
4 7
18 8
5 70
26 55
9 10
16 85
25 17
29 7
18 47
14 49
24 59
20 63
26 39
7 3
28 26
6 31
20 65
29 78
9 66
19 67
6 80
10 5
15 60
9 12
18 67
19 85
22 51
11 59
26 32
27 16
9 56
20 100
24 82
30 95
7 22
12 70
24 83
19 26
19 26
2 62
15 33
30 55
30 69
25 25
15 19
26 18
28 1
28 33
29 37
28 81
10 54
5 5
24 10
14 28
0 35
10 85
27 38
29 76
21 93
2 11
19 75
16 84
9 43
6 87
5 96
15 85
29 49
6 26
2 40
11 78
27 35
20 70
26 19
23 56
29 34
27 45
0 55
26 20
27 15
17 4
6 11
0 66
16 20
15 55
2 69
30 58
1 5
6 2
16 43
20 81
6 49
27 99
22 57
4 73
26 64
1 24
6 100
4 40
26 29
6 64
1 2
16 44
15 30
23 16
17 43
18 83
24 54
4 38
14 58
4 48
30 5
19 55
21 5
26 14
6 34
16 79
4 97
24 92
17 8
17 11
18 42
5 67
2 1
17 44
25 46
8 8
13 89
1 26
19 10
0 75
21 38
7 20
4 10
30 63
15 62
8 82
6 70
26 72
14 33
4 84
28 30
22 87
6 5
2 90
11 35
28 37
19 93
0 44
4 11
15 48
6 46
8 66
8 44
1 9
7 92
12 45
23 5
2 8
22 20
10 97
0 19
4 43
20 3
3 35
24 15
19 14
4 12
0 26
28 56
26 59
5 24
16 54
28 32
25 24
2 75
11 60
19 77
12 58
22 91
7 60
9 77
11 47
6 55
14 8
11 15
24 39
21 5
3 26
16 72
9 72
15 36
15 12
24 56
4 54
25 100
0 72
16 47
29 38
15 89
4 5
2 62
15 78
23 15
25 91
12 46
19 97
5 72
20 9
0 87
23 78
26 53
12 85
15 63
2 55
0 5
28 91
24 70
23 54
17 92
18 20
30 34
11 35
24 72
9 25
12 65
2 4
1 1
11 74
22 29
29 74
17 60
20 41
5 50
25 41
1 89
28 24
29 23
2 62
30 22
1 81
13 78
3 39
26 13
12 57
26 93
2 37
3 98
9 34
21 19
16 71
16 80
28 80
21 24
13 2
1 35
8 100
22 13
2 24
13 71
21 17
7 50
1 92
25 47
21 53
2 82
6 71
10 3
27 41
9 20
1 80
25 25
20 22
6 96
15 56
4 62
2 57
19 74
24 36
20 52
5 2
12 11
7 71
17 43
2 58
17 20
19 38
6 49
23 87
28 78
11 52
6 29
21 84
28 83
20 5
10 19
11 50
1 67
0 50
23 69
14 20
7 96
12 100
5 35
22 66
18 77
11 6
3 24
10 32
23 1
1 93
18 1
28 7
2 16
26 28
28 8
15 22
10 2
2 74
13 45
11 59
2 63
1 51
20 98
8 44
15 63
30 35
12 30
15 2
26 63
3 32
4 34
10 35
4 34
6 88
21 39
7 2
2 99
9 98
14 75
29 99
25 47
22 39
25 2
19 52
9 94
6 65
26 67
16 77
14 20
29 55
19 24
2 99
16 6
0 78
24 32
30 3
17 40
19 85
5 67
19 56
20 87
22 1
23 100
30 7
6 50
4 72
24 94
9 89
29 7
9 59
9 42
4 77
18 92
18 97
15 19
25 20
9 31
30 50
6 96
22 97
9 56
21 28
3 71
19 83
23 33
19 95
1 8
9 61
7 46
22 36
16 24
10 57
15 82
24 48
23 14
26 16
13 23
0 68
28 17
0 8
28 35
21 25
27 80
18 85
11 20
19 93
15 32
8 8
27 12
5 86
17 37
28 66
9 45
24 82
15 30
8 44
1 54
9 46
23 51
0 6
24 82
29 45
2 92
20 84
25 42
21 29
30 29
11 80
10 12
15 28
26 51
22 26
4 38
0 43
3 77
22 59
8 89
25 56
11 84
16 36
12 69
26 23
25 7
9 30
25 68
13 67
3 55
27 63
24 29
16 3
3 73
26 77
12 88
17 34
29 71
26 26
5 70
19 15
26 35
16 3
6 12
12 29
21 95
16 2
18 24
19 64
21 38
19 21
27 33
12 84
26 81
25 93
26 40
25 75
20 22
21 16
10 15
15 72
9 10
26 31
14 7
23 20
22 22
17 18
5 17
1 48
3 63
25 11
7 71
8 15
10 44
6 81
18 16
12 82
10 49
8 57
12 11
25 60
25 16
24 43
19 12
15 42
20 76
1 81
6 4
27 62
24 17
28 37
27 87
14 79
8 20
16 8
18 19
18 91
0 62
11 88
29 68
25 50
29 63
19 47
0 47
14 32
19 5
6 23
8 69
21 31
28 5
5 54
7 90
14 39
8 34
19 69
2 86
27 18
27 22
0 91
0 79
10 5
20 24
11 95
2 49
26 87
22 29
3 97
5 22
18 21
10 43
3 14
0 23
29 91
3 90
12 37
28 20
25 17
3 73
21 83
27 11
10 85
11 73
24 51
16 9
3 41
12 82
10 71
23 5
13 25
20 49
1 40
25 93
25 87
29 69
25 63
3 71
10 98
30 52
7 43
21 26
20 20
22 19
18 63
19 37
30 81
22 43
19 17
18 27
5 68
19 51
14 1
20 86
8 80
14 21
3 69
28 64
10 32
7 4
11 64
25 38
20 46
28 25
28 12
13 75
7 98
9 82
9 51
13 9
0 5
13 40
20 88
9 96
0 51
19 67
21 74
14 57
12 88
17 96
21 61
3 83
5 67
5 81
25 74
13 71
26 90
6 100
20 80
24 45
4 59
15 90
23 90
