100
15 2
17 47
22 9
0 26
29 49
30 15
15 77
13 57
16 25
17 52
28 94
28 100
28 13
0 28
27 65
23 45
10 38
28 15
27 12
4 65
7 48
10 100
13 67
24 76
12 62
4 9
24 87
2 11
7 82
11 34
20 49
24 5
4 15
23 99
28 35
27 16
18 34
25 29
22 10
8 85
8 39
8 14
21 72
10 16
27 7
28 57
26 58
23 31
12 59
26 99
0 8
23 32
15 25
26 59
20 91
25 54
11 2
3 35
30 28
8 29
10 100
7 46
14 34
15 50
3 24
27 82
26 52
5 61
26 18
14 53
11 99
4 6
13 95
18 100
10 82
13 99
9 35
28 25
8 67
13 2
1 52
5 64
7 34
17 8
24 18
13 91
6 9
13 94
25 81
19 87
7 61
26 10
10 89
24 53
29 30
26 42
13 8
16 42
2 24
12 79
3 15
3 17
8 22
25 32
9 24
28 69
16 94
29 2
11 31
24 33
4 30
21 100
12 8
1 98
0 47
12 57
5 81
11 17
8 59
25 12
4 60
12 37
16 79
3 54
20 40
17 79
2 71
22 91
11 76
17 90
21 45
29 72
11 74
4 67
3 31
26 54
22 24
9 21
7 72
24 28
12 33
8 49
28 7
24 47
4 50
7 90
0 34
30 87
24 28
27 99
1 10
16 73
20 53
30 5
12 94
7 91
4 45
3 12
27 29
28 81
30 97
29 86
18 90
16 82
26 95
19 71
26 59
14 8
29 72
26 53
24 72
1 94
17 32
29 100
24 18
17 98
17 5
10 38
9 20
1 100
16 35
14 90
7 52
27 21
22 48
2 68
5 45
17 23
1 58
14 10
2 22
4 13
28 23
12 72
21 97
0 21
13 5
30 31
6 28
9 48
11 95
4 12
30 74
23 73
20 59
30 3
6 38
5 13
25 76
25 74
8 14
3 99
1 56
27 67
21 68
26 63
18 76
19 28
15 45
28 97
7 25
11 83
5 93
14 99
27 13
8 71
6 42
10 72
8 52
22 73
26 97
16 51
9 6
17 1
2 94
19 22
5 29
16 71
0 92
23 50
22 11
29 45
0 94
19 60
20 89
15 39
0 49
17 99
17 99
22 19
19 45
27 91
20 94
8 47
17 90
20 15
4 88
30 82
28 44
15 43
19 85
15 46
14 24
29 81
23 55
6 90
23 74
8 69
22 9
19 57
22 78
23 12
27 36
15 83
25 57
5 76
24 15
28 26
18 61
25 41
14 14
27 7
23 28
27 83
12 21
30 61
3 98
30 81
25 100
24 11
28 82
4 64
4 51
29 19
17 22
30 21
29 30
11 49
6 77
1 21
30 33
5 2
8 60
22 81
11 84
28 34
8 37
14 38
10 67
7 82
6 10
13 88
16 40
21 93
15 23
22 76
28 50
29 97
18 17
4 83
5 83
6 18
21 72
18 17
16 75
13 73
28 37
20 20
30 8
23 63
20 53
16 56
2 24
17 99
22 64
27 75
3 14
26 63
27 2
11 100
9 55
21 52
9 68
27 74
12 94
7 75
25 32
26 69
1 8
7 34
23 73
11 15
12 5
13 47
28 16
7 5
23 41
22 69
16 72
1 9
1 29
17 66
11 28
1 80
23 15
21 15
20 83
5 45
19 96
11 87
9 92
28 96
6 35
13 97
24 77
25 41
20 13
5 21
1 41
25 36
17 57
19 50
4 34
11 36
29 95
19 64
28 51
9 74
2 63
25 31
30 71
23 19
14 53
21 64
12 71
2 92
21 61
1 44
27 55
6 18
8 43
7 16
5 50
6 55
6 16
19 27
9 27
24 18
19 100
22 53
25 69
25 88
21 27
7 43
30 84
10 76
24 19
12 62
30 97
26 97
30 11
12 29
12 56
2 15
7 85
15 97
9 92
1 89
18 19
21 87
20 80
23 58
12 46
16 60
13 50
20 89
19 88
30 67
6 58
23 67
12 54
23 9
20 71
30 48
13 75
9 55
13 77
7 82
23 75
30 89
5 48
6 80
16 95
23 85
2 44
19 100
22 64
13 81
30 96
27 35
23 74
7 37
11 34
0 27
1 57
28 10
20 64
28 92
19 100
19 52
4 75
19 35
1 24
12 52
20 6
14 36
21 16
28 22
18 9
14 27
5 52
15 76
13 68
26 75
9 39
14 69
2 32
26 95
3 12
5 1
11 99
15 62
4 36
21 83
8 62
3 52
13 21
10 41
21 62
14 66
28 36
10 86
26 35
21 65
28 20
30 8
9 95
21 31
3 74
26 51
21 88
4 83
22 71
19 59
29 99
2 12
9 84
21 45
20 47
21 40
18 59
6 22
9 44
2 52
20 78
29 43
12 97
14 39
30 82
12 98
8 60
4 87
15 36
13 27
23 52
13 55
24 4
28 45
0 39
29 49
0 11
5 78
15 96
7 20
13 35
8 34
12 60
6 34
30 33
2 10
1 49
12 51
14 54
15 62
2 85
2 95
21 33
3 77
20 8
20 98
15 66
10 1
15 78
15 27
30 37
15 70
17 30
24 37
17 35
16 30
27 66
5 49
7 98
15 44
24 70
3 98
13 26
0 1
7 31
22 84
25 13
10 20
7 74
5 11
6 99
17 2
12 8
12 89
25 37
13 86
27 66
25 54
0 57
11 86
13 43
2 17
7 99
26 42
25 79
26 14
12 92
9 4
8 53
8 64
14 23
27 60
14 85
29 94
8 71
4 29
15 86
25 41
6 18
3 66
16 80
0 66
29 34
23 43
13 11
1 21
20 43
11 45
7 18
5 74
6 54
16 66
1 57
7 86
10 100
28 70
26 81
14 75
21 100
0 74
13 39
0 33
13 10
8 9
10 8
2 10
29 54
27 100
18 89
15 61
2 76
8 56
20 64
22 67
7 69
19 40
5 31
26 33
9 23
3 88
15 34
11 59
6 7
20 19
18 52
19 92
27 50
10 96
29 55
18 50
16 69
30 23
21 98
30 94
19 54
27 93
30 87
30 32
26 71
0 45
8 49
12 55
23 95
28 84
19 84
4 30
30 95
1 61
13 6
3 34
0 74
18 100
19 83
23 42
20 98
26 19
5 91
11 37
11 36
24 38
17 61
1 24
24 24
1 36
23 30
28 50
5 83
21 77
25 70
21 65
12 9
0 13
29 55
9 88
20 69
0 42
19 24
29 60
27 36
19 1
21 94
18 37
16 86
14 97
10 30
23 69
29 1
29 21
23 8
28 100
9 84
22 95
0 52
7 64
22 68
9 78
24 13
7 75
26 29
2 26
19 61
24 95
8 51
22 26
2 67
7 69
10 3
0 11
24 63
23 25
12 63
0 65
26 74
16 63
4 47
23 18
15 64
1 90
5 97
0 57
9 7
12 100
24 43
27 56
15 11
23 27
9 35
13 30
16 88
6 53
15 60
4 20
23 89
23 41
23 58
16 30
5 87
21 87
20 22
12 51
8 80
29 29
11 29
11 4
2 78
14 49
25 62
21 84
16 66
15 27
10 71
24 31
13 91
17 25
6 74
5 30
4 3
21 91
30 23
25 38
13 32
22 35
26 89
4 100
27 78
23 83
18 15
3 35
17 100
2 17
16 11
10 81
12 33
0 44
15 24
5 70
5 84
2 91
10 62
10 15
29 8
14 56
15 53
28 26
26 33
29 1
29 95
28 50
21 25
2 44
2 83
2 30
6 54
21 80
21 50
27 53
5 23
16 34
12 82
28 96
17 59
22 41
27 2
29 72
4 40
2 78
25 26
10 61
17 71
4 1
29 26
0 15
6 29
6 97
1 74
8 69
20 69
2 95
28 58
19 6
21 67
13 33
18 73
5 32
10 79
21 88
23 19
0 53
24 27
18 23
22 46
17 14
11 2
26 11
26 16
25 52
26 98
11 7
28 89
18 36
17 5
5 24
13 73
20 4
29 89
2 30
4 72
24 29
0 78
30 100
14 12
19 73
12 92
3 62
20 18
21 61
17 38
20 17
16 5
6 69
26 97
12 34
16 37
19 35
19 42
0 53
13 52
12 96
3 25
30 36
5 92
7 87
19 40
26 98
0 57
19 63
5 65
9 88
15 41
29 81
7 15
8 18
7 97
18 22
30 50
5 14
19 51
28 21
28 42
19 57
23 33
15 5
3 43
6 67
4 45
3 84
24 4
24 36
5 28
29 37
9 76
25 89
14 97
27 97
1 15
6 71
1 78
29 52
11 14
6 52
20 13
5 1
11 31
0 91
2 21
3 87
19 9
27 47
11 99
27 94
29 21
28 66
11 25
19 19
14 90
18 40
29 98
14 29
17 25
4 84
5 91
11 98
13 44
15 85
22 36
10 38
19 83
9 22
18 23
2 24
27 74
1 23
24 41
27 82
26 67
9 24
14 62
14 90
13 10
0 47
27 48
5 62
28 30
24 72
22 60
2 15
24 100
6 91
2 78
19 56
1 38
16 1
19 83
27 61
25 65
28 55
14 40
29 10
7 93
19 81
13 16
26 68
12 97
11 93
17 18
27 11
24 41
26 24
6 27
21 40
9 8
7 96
26 10
9 61
16 77
2 5
30 36
30 92
18 9
6 44
4 27
29 1
5 76
6 59
23 69
21 91
15 73
22 72
13 99
23 60
22 92
14 68
20 32
9 13
28 5
19 45
21 57
6 83
19 5
19 14
10 91
2 36
24 25
20 73
10 69
8 83
19 16
3 55
25 12
16 10
4 7
15 65
16 71
27 93
16 45
6 56
4 8
6 10
19 30
11 48
15 65
4 5
7 51
12 35
11 60
7 16
28 8
8 46
29 98
19 43
1 83
2 24
19 53
6 80
8 99
0 29
25 99
28 4
18 37
27 25
17 64
27 42
11 26
5 88
14 20
8 20
13 100
13 70
7 37
27 76
18 98
2 54
1 13
18 4
6 31
21 40
14 52
22 36
18 17
23 76
10 21
6 51
3 88
1 88
9 35
13 77
29 32
5 16
1 3
12 11
6 98
0 48
23 82
9 81
4 63
13 13
11 92
10 31
13 35
21 50
21 39
5 19
17 97
26 32
27 51
20 38
3 60
12 90
25 9
12 35
5 13
23 73
29 91
14 100
1 61
0 4
24 54
29 78
30 53
14 64
23 44
10 91
17 27
15 68
16 94
13 6
17 12
20 40
21 43
18 52
5 75
18 77
22 26
5 73
0 84
1 66
11 26
11 80
13 79
17 99
21 92
21 26
22 7
30 54
26 31
19 36
7 29
18 13
5 56
9 41
26 13
26 25
27 36
24 17
19 17
3 70
14 37
14 3
10 16
5 94
3 42
4 84
1 77
19 47
20 5
26 26
1 21
14 42
11 58
11 42
23 97
19 43
29 53
18 9
16 3
30 7
4 4
22 70
3 35
16 61
5 74
4 10
30 48
1 61
26 19
3 77
4 75
1 83
11 41
9 19
11 87
24 12
16 1
21 41
8 6
10 73
14 65
18 43
19 6
25 61
19 65
0 38
1 13
26 50
30 55
6 68
10 50
13 14
16 24
4 75
30 5
23 36
27 15
5 86
15 23
21 58
19 70
2 52
19 84
4 32
25 73
15 58
30 9
6 35
19 14
15 88
12 57
5 100
10 37
18 95
11 33
7 74
2 62
21 99
14 29
0 95
6 54
6 7
0 7
30 33
29 63
15 97
18 51
1 62
4 71
0 52
15 53
7 68
11 67
28 79
6 55
11 30
7 48
18 69
25 92
25 19
3 86
4 71
30 8
24 21
8 31
26 88
2 78
16 11
2 30
25 16
10 60
23 53
3 55
16 87
15 6
1 50
5 71
7 44
16 69
22 98
11 56
27 38
20 78
0 5
9 12
3 20
0 41
24 85
12 54
29 98
2 49
4 82
29 10
16 60
28 23
9 55
19 69
15 71
20 97
29 82
25 66
4 15
17 81
10 81
3 18
1 79
16 20
18 78
10 7
3 74
4 8
12 74
14 21
25 59
28 50
29 45
21 10
12 25
8 58
6 90
18 65
22 4
19 100
8 13
27 81
30 14
21 81
2 68
19 7
19 39
22 52
2 31
24 9
10 90
19 31
16 77
4 95
27 4
8 54
11 70
20 94
22 37
14 87
19 35
3 76
22 14
14 33
6 2
24 75
26 24
20 19
8 33
16 90
3 55
22 58
6 47
29 75
15 75
2 39
4 76
23 9
20 78
13 5
1 33
13 65
5 27
20 62
4 17
8 66
21 46
0 80
23 18
5 33
23 70
30 96
29 68
6 74
0 88
10 57
9 21
4 19
1 27
15 94
29 56
2 16
20 56
22 76
29 68
22 39
6 51
22 99
26 50
28 90
0 79
17 29
29 74
21 79
30 71
21 4
13 17
17 37
8 25
14 12
30 86
15 75
15 91
16 11
9 73
19 15
8 18
19 13
11 50
7 90
21 10
11 56
12 96
18 78
6 47
27 78
15 38
0 92
23 84
7 76
10 99
16 1
22 53
2 54
25 36
4 17
4 7
3 21
26 92
14 40
12 4
28 90
2 33
26 20
27 24
18 36
29 39
17 32
2 56
4 27
16 24
6 57
28 76
8 29
2 62
10 94
15 6
21 56
22 15
10 12
29 23
26 100
18 90
19 13
11 24
14 96
30 83
4 3
23 21
6 16
23 91
25 74
9 12
12 7
11 94
4 90
5 52
2 46
4 22
30 48
4 71
19 85
24 64
2 89
3 75
4 78
25 12
16 1
23 93
29 25
27 65
18 78
24 96
16 17
7 87
26 73
1 43
15 41
30 47
25 98
2 68
25 50
0 22
2 3
18 68
26 61
0 96
20 21
24 14
23 60
10 30
4 35
7 6
7 5
22 17
5 26
8 62
10 13
3 67
27 56
12 60
18 2
25 13
29 4
24 71
9 54
22 64
21 66
1 1
25 50
6 12
25 95
25 12
7 3
14 3
20 20
11 9
29 28
14 85
18 14
30 95
22 93
9 43
4 44
20 73
27 83
0 71
15 57
22 65
10 26
15 98
14 39
15 61
3 62
25 71
0 30
0 25
30 31
26 93
11 16
14 58
2 87
8 83
19 59
23 79
12 40
11 2
28 61
11 100
2 54
27 50
27 61
19 51
8 100
14 28
3 34
27 86
1 98
20 13
1 50
5 51
27 66
30 87
7 97
9 55
14 41
11 79
