100
13 79
4 57
6 94
29 25
8 33
8 6
5 62
6 44
18 92
16 7
18 18
6 2
12 92
16 91
0 13
7 87
25 44
15 17
4 91
11 64
2 53
17 34
5 49
7 17
29 43
27 28
13 7
10 68
22 13
0 59
20 63
27 97
18 38
10 71
2 67
20 15
11 80
14 91
0 11
6 68
6 58
27 2
9 18
16 92
18 94
0 94
30 13
19 28
3 3
18 7
21 43
24 4
22 85
26 10
18 35
10 16
19 97
8 46
3 14
28 46
20 16
17 7
0 58
26 87
18 13
3 15
26 99
0 4
16 68
3 59
20 67
25 21
26 50
27 88
12 13
12 56
30 60
22 69
30 10
15 2
15 33
26 70
4 95
12 60
18 11
10 17
2 60
12 71
14 40
0 51
29 2
15 23
8 16
9 72
29 10
19 55
12 11
13 55
18 20
2 92
19 23
1 53
27 7
24 32
18 1
3 41
20 7
3 20
25 26
14 89
7 55
15 21
7 11
28 6
15 17
24 1
3 73
7 54
26 29
28 65
16 15
25 2
29 2
16 73
13 34
17 40
16 46
18 53
17 33
6 36
12 4
29 15
1 85
13 60
13 57
24 44
2 44
15 49
22 90
6 96
22 19
10 28
3 73
29 59
25 49
16 61
25 1
15 66
19 54
15 39
30 99
18 40
14 71
2 61
5 20
19 35
0 87
7 28
1 59
20 74
18 9
11 75
9 2
8 72
19 42
3 95
21 72
4 50
10 15
0 84
25 52
25 24
23 46
1 96
13 9
2 24
14 60
19 6
30 71
7 100
24 16
12 98
21 36
15 31
9 17
0 27
30 15
22 80
10 35
5 60
25 28
19 18
6 42
17 91
17 9
7 28
17 20
29 27
10 83
15 41
9 33
20 26
0 1
5 61
30 7
11 12
24 64
16 32
17 79
19 83
28 54
4 51
12 15
16 75
28 23
11 44
21 41
16 75
5 77
19 35
23 89
25 57
4 94
18 49
23 73
26 71
2 27
8 47
1 90
5 10
14 82
27 46
9 9
24 46
1 100
8 24
0 18
26 15
3 86
11 97
30 67
10 70
25 62
15 91
25 96
20 16
29 90
10 81
0 87
16 29
2 21
13 37
28 65
5 73
8 36
1 84
18 51
0 91
29 52
14 64
16 49
12 51
5 56
0 63
11 31
0 59
7 72
28 76
7 98
7 92
19 59
7 73
9 72
29 39
23 54
9 58
15 69
20 59
19 76
16 88
0 45
16 14
25 26
14 36
8 78
26 8
25 71
17 54
6 70
24 65
21 39
30 6
5 98
10 69
28 87
7 91
21 35
22 73
9 63
11 63
18 79
12 19
21 78
4 59
25 53
28 5
3 36
27 8
28 45
29 88
22 30
25 39
17 54
9 43
0 16
29 73
28 50
14 91
5 18
5 46
15 71
24 25
4 6
25 73
12 23
17 16
30 85
15 29
8 76
23 90
23 57
17 35
15 74
18 89
11 66
21 15
21 71
16 5
0 81
21 20
11 73
8 35
9 7
23 47
16 89
29 44
12 25
23 10
0 69
12 25
14 83
30 48
21 44
2 90
15 5
10 45
5 38
20 17
3 41
8 75
3 59
4 26
2 29
20 76
23 83
23 88
1 82
19 42
19 64
27 1
1 20
26 42
0 48
10 56
21 46
3 1
19 31
10 95
4 54
12 77
4 55
15 4
24 5
26 50
30 99
15 38
7 17
26 58
11 97
23 85
19 53
6 85
25 27
13 33
26 15
3 15
9 89
0 98
27 44
26 65
2 81
27 77
14 97
9 13
23 12
28 6
10 47
12 99
11 65
15 2
18 10
6 44
29 75
28 61
1 36
2 33
7 94
0 54
25 69
10 49
9 100
22 24
12 14
8 49
15 8
15 24
27 38
19 96
25 40
11 88
14 31
2 34
17 91
21 53
0 39
2 33
21 17
21 52
2 32
21 87
14 57
27 32
16 63
6 74
19 92
15 86
7 17
16 99
10 45
18 91
2 22
12 30
25 85
6 7
25 17
24 47
5 71
9 72
23 71
23 73
26 16
28 57
30 79
13 18
18 77
8 5
17 97
4 95
10 48
21 12
2 97
27 63
10 29
28 35
17 47
26 2
2 59
14 25
7 66
7 23
4 37
24 90
20 24
11 12
5 37
22 22
4 9
18 87
24 23
23 18
10 97
16 56
1 81
7 72
5 67
26 66
25 58
24 52
3 77
16 28
18 84
9 23
4 96
19 92
4 46
4 48
4 92
27 81
8 35
14 91
5 11
20 51
15 79
20 6
26 24
14 8
6 77
27 58
9 70
10 92
23 100
9 87
14 84
11 61
5 37
2 7
15 6
15 85
30 55
15 15
1 26
11 60
13 50
13 88
23 45
9 28
9 49
15 50
27 33
17 29
15 87
14 8
10 13
24 9
7 21
14 97
22 97
3 1
1 39
19 12
17 71
11 38
22 71
10 30
2 69
29 100
0 98
12 67
4 40
26 36
2 30
15 25
2 65
23 98
26 3
1 61
29 41
12 45
12 86
10 32
15 99
15 68
5 39
23 22
23 35
16 33
23 53
15 61
28 88
0 16
26 47
5 80
18 78
20 38
5 15
13 42
11 51
4 18
18 99
0 9
27 7
12 17
11 68
17 74
29 88
4 48
15 8
0 71
5 69
18 26
10 22
19 71
7 66
13 22
26 40
8 69
7 97
18 56
26 90
3 36
17 17
16 61
8 76
14 60
8 40
27 48
3 97
1 24
3 29
10 57
24 1
22 14
28 26
2 10
5 87
21 52
1 11
10 55
16 13
22 32
20 69
13 47
1 42
16 29
21 74
9 85
21 79
29 62
28 48
14 82
22 38
19 6
24 62
8 32
5 71
29 65
18 24
21 76
11 6
2 20
7 68
7 45
10 33
22 68
1 99
29 81
21 40
22 99
11 67
24 10
7 23
19 90
14 66
17 17
3 69
21 35
2 4
3 76
9 4
3 89
29 73
4 67
21 89
19 44
0 1
17 100
20 31
9 94
12 24
4 48
4 25
20 75
20 35
1 90
9 58
14 61
8 8
22 94
18 50
23 55
4 62
13 81
25 36
12 35
9 36
16 52
14 99
9 10
3 22
7 76
11 99
26 18
27 17
15 27
24 81
2 41
7 30
16 31
27 82
15 13
8 12
19 49
13 69
16 20
0 47
13 86
12 39
3 2
21 23
17 8
11 22
5 51
4 40
9 45
4 2
25 40
14 77
20 3
28 36
6 98
2 33
30 29
24 87
9 61
25 23
6 99
3 81
12 10
9 95
11 53
14 49
4 73
4 54
18 97
15 68
8 35
23 24
3 95
17 61
5 35
12 37
25 10
14 2
22 55
8 81
9 99
8 8
19 66
20 59
23 9
4 64
9 57
12 39
18 50
18 45
0 25
6 97
27 82
2 77
14 73
3 50
26 98
0 85
16 71
29 66
4 91
22 71
22 36
29 88
30 50
29 96
4 50
18 34
0 16
19 66
2 69
11 64
6 96
21 56
18 47
12 42
7 82
2 1
27 53
20 26
9 13
13 13
26 81
8 35
20 48
23 87
30 43
0 4
25 99
17 69
2 72
3 9
25 54
23 100
8 14
19 82
18 56
21 2
6 14
18 62
26 76
17 20
29 83
6 71
22 88
13 21
1 23
26 91
10 35
23 39
28 13
6 86
15 76
1 34
18 86
7 64
17 66
9 40
18 44
24 89
10 24
8 54
25 43
0 12
3 42
3 71
19 63
25 68
9 33
10 11
12 12
10 93
10 40
23 88
17 5
8 38
18 47
4 20
26 12
15 34
22 85
4 8
9 96
8 68
1 78
13 18
30 55
13 28
25 38
15 54
8 14
1 95
20 53
9 45
29 73
20 71
3 64
22 38
23 61
7 31
3 94
20 42
15 73
4 25
11 51
15 94
13 21
18 77
18 53
12 59
30 10
6 53
13 49
3 12
6 52
3 75
3 53
19 20
8 63
19 47
12 68
19 28
2 9
7 31
7 16
22 17
28 10
12 56
8 29
30 17
7 4
0 79
1 27
19 2
26 76
17 84
26 79
7 45
18 24
3 35
23 90
29 16
25 67
14 1
0 89
9 49
18 28
12 5
17 91
24 24
1 31
4 21
1 8
3 12
13 68
16 87
10 49
8 12
10 23
29 64
3 100
25 2
2 74
19 59
9 17
13 77
8 84
15 24
2 56
4 72
5 97
30 67
25 61
11 77
11 88
25 54
9 66
10 76
11 82
20 15
2 27
23 23
13 55
2 50
20 10
5 38
10 69
3 35
16 20
17 34
1 39
17 100
11 51
26 34
9 30
15 75
4 85
10 6
23 80
15 16
6 92
11 38
15 16
28 66
0 37
29 64
12 27
27 37
17 19
20 50
2 19
28 6
28 56
13 9
12 55
24 89
12 14
19 11
7 19
0 17
8 56
11 91
9 4
23 68
4 52
21 15
25 68
8 89
24 65
21 25
4 36
11 81
0 4
20 2
25 99
20 99
8 68
19 32
12 67
3 48
16 28
24 44
6 7
17 27
3 28
24 3
3 48
28 8
23 85
28 50
28 24
2 5
24 34
24 15
12 2
9 84
13 80
8 47
26 52
5 13
10 71
12 88
13 61
12 71
21 33
11 3
11 54
19 29
29 60
16 61
23 3
29 20
1 92
23 78
27 82
27 2
2 59
3 16
5 65
19 65
28 55
9 67
2 22
27 61
3 8
19 22
6 93
2 28
12 61
21 3
24 22
13 56
2 96
8 36
13 4
14 77
25 29
0 19
25 10
22 19
10 73
2 78
14 17
3 50
17 76
22 100
22 88
2 10
26 48
10 47
9 98
17 54
1 58
28 20
19 73
19 47
21 77
0 58
13 83
16 38
28 57
7 94
7 81
3 84
5 14
11 58
30 97
26 48
3 90
30 15
13 8
14 3
6 65
21 79
17 1
7 56
15 26
15 78
12 49
2 79
10 77
0 37
22 2
21 34
18 39
18 40
16 2
7 65
16 97
15 87
28 12
19 7
2 78
2 39
18 28
28 50
16 77
5 48
8 84
21 20
25 91
18 87
0 15
0 14
1 64
9 7
11 48
18 85
0 86
21 75
3 34
9 37
28 52
5 69
11 92
12 100
0 63
5 51
6 22
9 47
22 28
9 87
3 10
9 99
23 2
2 20
8 6
17 82
1 7
6 46
5 67
15 47
19 62
20 31
14 9
25 34
3 5
17 17
1 92
17 71
27 28
20 71
9 67
11 33
4 14
7 33
11 4
16 18
17 5
9 27
3 63
17 24
3 71
2 9
12 2
25 11
21 24
17 16
7 63
24 60
28 38
8 5
15 54
28 95
18 76
14 79
2 51
27 82
12 16
16 27
18 35
11 86
20 71
3 4
29 95
18 34
14 15
22 22
24 6
15 35
22 95
29 14
18 36
2 11
6 47
24 50
15 58
22 77
16 39
19 54
11 92
29 71
28 88
28 68
9 92
3 91
14 83
11 33
26 85
18 97
8 9
6 58
29 98
14 14
1 13
22 41
27 94
24 16
30 45
19 43
3 96
15 76
29 58
7 21
26 59
22 1
6 82
11 32
18 82
27 19
19 29
14 13
2 37
24 14
15 62
10 17
11 50
27 85
21 34
8 88
18 14
6 99
10 68
6 41
4 93
24 51
11 35
21 34
12 29
12 5
11 37
4 91
28 42
19 78
7 92
6 54
29 83
15 92
12 42
28 81
13 95
27 59
6 26
14 2
2 42
19 33
20 78
16 95
9 12
25 89
16 57
11 19
19 77
15 43
26 82
26 99
19 35
16 10
11 95
28 44
30 69
26 94
10 64
10 24
8 57
8 62
18 29
9 6
10 34
30 35
4 55
1 38
26 20
19 98
9 53
5 92
20 70
18 71
8 77
8 80
24 59
3 75
9 71
15 28
7 18
14 79
4 73
30 40
30 30
13 60
0 75
2 58
4 96
21 26
21 10
0 45
18 66
24 95
21 44
8 96
11 54
6 70
3 42
7 15
22 37
21 57
7 85
2 46
6 26
9 49
13 19
18 85
19 46
0 7
20 71
24 98
15 93
11 100
13 22
5 70
19 77
2 16
23 31
10 93
10 74
10 5
7 81
9 2
8 44
26 71
5 31
26 2
4 13
1 88
23 32
16 70
28 7
19 25
6 67
8 34
22 45
23 77
12 32
23 54
23 59
28 64
2 49
12 98
19 2
26 79
13 44
26 16
6 36
13 51
21 80
22 81
26 70
20 77
23 73
3 56
7 84
22 3
27 100
25 19
5 89
27 3
24 26
8 59
17 64
26 56
0 20
24 93
21 74
3 75
9 9
12 81
18 48
24 32
12 43
17 51
7 47
5 90
17 19
21 51
8 22
29 57
4 38
19 21
4 36
0 38
8 1
0 32
6 98
9 72
20 39
24 63
10 22
22 17
10 26
21 15
27 92
18 92
11 7
11 41
4 45
0 98
8 72
17 65
29 84
20 80
12 88
6 53
5 27
4 35
14 79
8 34
1 27
14 57
0 36
14 39
24 31
21 71
10 19
30 48
9 81
8 8
15 41
0 24
1 82
11 16
17 20
15 62
12 73
10 53
3 69
29 47
29 27
4 41
30 97
15 52
6 12
18 98
1 40
6 37
3 53
2 35
15 61
28 96
26 84
5 2
27 27
13 97
26 43
5 97
0 54
25 88
0 55
20 86
19 39
16 81
15 84
2 81
3 99
9 20
17 64
2 41
4 25
22 1
28 20
28 19
10 45
16 49
27 67
26 17
0 9
24 55
20 48
9 19
21 67
13 42
14 65
26 38
21 9
23 60
30 56
9 70
9 9
16 56
19 42
16 93
27 12
16 26
17 45
8 58
10 38
25 74
8 46
27 76
20 39
18 4
29 11
24 47
13 39
17 24
26 68
28 76
27 70
28 22
4 8
20 19
28 85
28 1
11 77
17 63
2 79
15 72
12 69
19 70
29 7
19 18
15 85
1 11
19 88
23 10
4 85
19 5
16 28
13 21
25 46
27 100
10 49
23 7
5 94
4 35
21 35
1 97
1 30
14 77
3 55
4 10
27 42
25 64
13 98
11 42
6 94
25 30
8 88
18 77
16 83
0 59
26 68
18 86
15 8
9 44
21 40
