100
26 19
3 27
20 15
19 86
0 48
26 60
21 72
29 84
7 65
5 70
7 17
26 28
7 7
5 16
13 1
13 45
9 63
10 77
15 76
13 7
10 89
14 93
14 33
22 12
18 72
5 95
22 57
3 4
1 86
24 9
9 28
13 10
2 58
0 92
14 1
26 70
18 28
16 87
21 88
9 50
23 48
25 19
6 82
27 75
26 13
14 46
3 50
18 62
20 7
25 40
23 75
3 78
16 73
20 29
20 93
5 4
5 5
16 90
5 38
18 11
22 67
11 71
6 21
1 79
21 56
23 50
9 93
25 59
24 9
13 6
3 4
20 16
23 30
1 58
15 99
3 32
9 79
14 70
17 55
9 92
3 58
5 3
18 6
15 33
17 57
22 62
1 61
13 96
26 16
25 44
14 5
2 68
2 59
29 6
30 39
14 98
25 79
29 2
23 30
8 68
2 30
28 70
8 22
30 44
16 8
5 24
13 89
6 5
22 48
5 61
18 6
3 30
20 39
9 36
14 60
17 67
27 33
28 83
10 93
13 51
9 16
21 34
23 7
2 28
5 38
15 3
2 95
30 49
18 77
24 50
26 25
9 68
20 36
9 62
5 7
2 40
11 14
3 53
15 89
23 70
12 96
21 15
16 29
21 1
3 32
19 12
29 70
15 39
1 30
6 55
10 30
29 3
18 15
12 64
15 53
4 26
22 86
2 71
6 32
21 57
6 7
27 45
19 79
3 96
5 41
15 82
21 55
18 7
27 40
20 11
16 39
27 30
3 28
7 23
0 50
2 65
0 72
23 15
29 65
24 4
23 45
0 69
17 5
16 87
15 10
15 25
12 90
5 36
21 41
21 15
0 56
19 25
17 74
20 85
20 9
2 58
6 70
9 32
12 80
28 93
29 69
4 54
21 59
11 61
8 39
21 47
23 63
13 61
25 8
29 16
22 9
21 7
2 24
28 40
27 11
24 50
4 20
22 12
11 8
4 13
28 92
26 60
13 83
14 59
18 78
25 70
29 65
6 32
0 73
8 73
4 9
14 13
5 3
25 48
24 79
1 96
26 43
24 35
16 94
18 87
5 98
12 57
4 44
14 43
25 36
2 99
26 30
16 67
26 35
21 62
25 62
12 84
25 18
30 94
23 92
12 3
24 14
1 52
7 61
8 54
20 45
6 23
27 94
8 66
8 58
21 62
0 16
2 19
15 54
15 26
11 85
10 44
26 84
9 14
18 12
25 6
13 3
25 84
15 12
13 85
30 29
13 30
15 100
16 34
4 90
3 69
0 46
16 65
2 7
9 7
3 36
6 16
17 67
6 31
2 96
15 61
23 70
7 14
1 13
25 34
16 16
10 19
1 77
12 86
1 69
29 6
15 87
21 49
26 54
7 37
6 51
27 77
9 89
27 15
28 11
14 88
16 56
9 8
26 60
30 99
14 40
4 80
10 50
16 11
19 14
0 59
19 58
13 95
17 68
27 38
13 57
3 1
3 90
17 34
7 85
1 45
22 42
13 71
22 83
27 56
22 34
0 62
0 25
19 42
15 52
8 50
25 8
11 62
8 13
13 91
11 3
16 54
0 14
20 2
4 47
25 27
23 8
27 40
17 6
30 54
15 57
4 10
0 8
13 80
0 5
19 14
16 45
13 95
24 44
21 51
30 61
2 43
30 25
9 13
24 60
26 42
8 12
30 55
22 45
3 82
11 57
0 27
10 39
1 93
3 46
19 87
6 76
7 31
21 93
29 12
19 58
8 26
27 97
19 59
26 1
21 2
25 96
17 4
19 12
11 95
30 63
21 50
13 14
29 40
3 23
16 84
9 75
26 96
20 21
11 12
7 57
19 72
14 68
2 76
26 62
7 61
26 6
28 68
25 78
21 50
1 91
23 67
0 10
13 41
16 67
7 22
8 25
16 62
6 31
12 56
7 47
29 36
0 73
23 95
8 70
13 90
17 38
11 96
27 31
23 55
24 97
26 16
11 81
1 81
15 38
30 34
3 25
5 22
7 15
11 44
27 2
23 38
25 76
12 56
12 3
24 31
24 81
1 85
8 93
9 11
25 24
26 93
16 81
15 50
27 11
18 52
0 12
4 79
13 22
6 79
4 15
20 79
27 73
9 33
6 15
17 68
28 5
19 40
16 41
11 33
26 69
13 7
15 7
23 23
25 84
2 59
6 19
8 68
23 89
9 99
16 17
1 50
22 52
29 93
7 49
12 47
4 88
2 6
25 19
3 78
7 15
30 71
12 49
8 28
7 46
29 81
14 58
23 49
11 2
23 32
15 66
9 28
11 26
5 2
3 63
16 62
4 11
25 36
6 6
0 28
15 88
20 39
13 29
16 5
9 18
19 82
20 3
11 5
14 96
10 86
25 31
11 11
11 47
18 22
1 46
3 17
15 62
23 22
8 26
29 50
15 45
14 25
26 41
3 17
29 72
17 30
23 44
21 89
15 12
7 3
10 93
27 99
30 70
17 20
11 76
3 23
22 84
25 30
19 58
26 83
6 88
26 77
8 11
17 57
28 13
24 22
18 47
28 52
30 87
7 6
13 28
1 33
26 36
1 97
18 9
4 80
21 22
20 85
20 84
0 6
24 56
5 28
0 31
5 23
23 28
3 35
30 47
17 64
21 45
12 72
7 63
25 37
27 4
18 61
26 31
24 21
14 93
0 44
13 62
30 67
2 61
23 55
2 96
11 26
2 14
23 41
18 3
12 20
13 51
25 88
7 92
5 95
16 10
2 73
8 83
4 100
24 15
21 26
23 80
13 86
23 90
8 17
3 11
25 20
17 90
17 99
22 6
16 45
8 77
24 62
1 39
0 15
28 96
0 63
7 9
12 81
8 71
8 10
17 100
16 36
29 44
6 25
18 91
23 37
28 58
18 82
18 3
16 19
17 72
14 32
1 79
6 47
19 66
14 68
10 20
30 27
16 67
22 36
11 92
28 16
11 45
15 79
23 29
29 39
25 93
8 70
15 5
28 69
7 31
20 97
21 40
30 6
8 28
9 96
28 29
12 100
6 67
11 93
27 6
22 94
8 82
9 90
20 41
15 44
18 26
28 82
20 65
18 55
23 28
11 27
29 21
16 15
0 85
30 54
8 14
13 53
7 83
2 98
11 56
0 99
26 100
15 51
27 39
6 67
14 37
10 54
4 41
1 62
4 48
21 62
7 71
29 84
19 73
14 54
10 79
14 67
10 21
17 48
0 61
27 24
6 73
12 41
16 96
30 17
4 44
8 81
5 51
24 29
20 5
4 77
1 43
29 31
3 36
29 100
27 45
5 90
17 19
30 30
19 14
20 100
14 52
18 38
1 6
14 83
23 37
14 33
8 39
10 66
14 36
27 35
7 17
19 48
11 77
24 21
14 41
24 21
7 49
28 25
14 12
6 3
8 40
20 34
5 75
9 56
25 21
18 62
9 11
14 43
1 65
11 68
0 88
5 84
22 2
2 35
0 92
9 68
19 78
0 49
18 66
28 44
24 12
5 74
26 42
16 82
5 32
24 62
24 31
19 94
8 59
13 8
27 60
4 17
18 10
6 57
11 65
18 55
11 34
6 55
13 60
17 92
24 16
3 68
7 17
10 8
23 44
9 85
18 52
16 23
16 43
9 91
26 10
4 60
7 10
17 84
11 8
1 46
5 28
13 41
0 21
15 81
30 68
23 17
29 30
21 74
12 1
8 68
5 59
11 23
26 40
28 70
7 63
12 84
17 60
14 10
2 94
25 76
9 20
21 52
26 37
16 61
26 75
6 29
12 73
14 36
1 8
18 48
4 92
10 43
17 89
4 50
6 78
20 94
30 12
28 1
5 50
18 43
24 18
30 15
11 85
20 84
0 52
0 7
15 6
25 45
11 96
3 18
29 49
29 92
4 15
20 79
22 61
23 12
16 78
18 86
30 89
16 82
12 81
3 36
18 67
6 54
25 16
7 57
10 82
8 85
3 55
9 48
2 40
21 71
6 30
22 25
20 20
0 57
0 38
11 71
6 90
23 40
1 57
16 22
25 95
24 85
8 91
24 68
23 5
24 64
17 61
11 53
2 61
2 44
30 9
20 23
29 74
8 44
6 64
7 4
1 4
9 74
1 98
12 6
1 58
20 78
22 43
25 18
11 54
21 56
8 59
26 69
5 68
8 89
4 33
18 100
28 56
29 76
7 85
17 79
14 61
13 15
28 74
23 85
23 47
26 91
6 62
11 35
7 43
23 81
26 2
2 92
25 99
24 28
13 35
10 34
16 73
20 48
29 33
12 87
16 87
7 71
16 9
15 67
28 21
4 50
15 95
12 47
30 6
0 37
27 94
26 57
25 40
28 31
4 52
25 37
13 82
5 37
10 24
9 69
16 32
29 4
11 90
26 21
17 78
18 100
9 28
1 80
25 56
15 14
4 49
17 63
11 100
5 98
7 97
23 66
7 12
13 15
15 72
15 16
20 52
4 41
13 74
7 73
3 87
4 86
13 65
4 67
21 9
23 60
14 41
27 39
12 75
20 45
28 84
4 26
13 90
16 89
10 83
6 99
16 95
12 31
6 2
7 81
5 59
4 59
14 98
7 30
18 99
0 34
0 96
1 55
16 58
13 12
3 25
20 82
19 53
11 67
8 92
30 95
26 4
26 32
16 52
14 22
24 50
9 97
5 48
8 89
10 95
0 64
3 25
1 91
18 98
3 61
7 14
12 40
19 30
11 2
24 43
12 45
6 32
9 89
10 60
11 30
13 83
7 44
13 68
10 23
8 70
6 22
7 74
19 70
26 65
5 88
22 61
26 22
18 9
12 16
14 3
25 77
8 34
25 91
11 97
27 19
18 45
4 51
8 25
11 33
17 5
0 4
20 52
15 84
14 56
19 71
28 93
17 80
17 31
23 71
12 25
19 66
9 4
7 67
5 49
0 87
18 80
20 18
0 24
24 48
29 60
14 21
4 1
28 23
15 39
6 95
12 1
10 74
1 52
23 25
3 50
28 33
7 22
23 63
22 64
27 78
9 37
17 62
6 18
26 57
16 31
29 1
22 94
13 91
23 49
4 44
27 34
26 66
27 59
18 3
8 73
30 3
12 18
16 22
22 99
14 72
15 18
16 5
5 52
5 65
18 15
18 30
12 16
29 89
21 33
14 40
13 8
4 11
28 33
11 9
11 91
5 47
21 73
13 14
4 89
0 56
22 57
24 36
9 65
5 64
20 17
25 61
26 30
6 65
8 61
15 96
30 24
10 97
11 33
9 84
4 87
6 38
12 82
0 8
12 92
9 95
18 88
12 91
3 67
18 13
26 78
13 15
27 72
4 35
11 71
30 44
2 97
29 82
2 87
17 70
17 99
17 50
16 32
18 90
19 29
17 78
18 18
5 64
4 86
24 10
2 55
14 48
18 33
29 80
3 73
19 11
24 77
11 18
27 90
21 63
26 88
29 95
6 66
6 62
23 100
5 26
15 92
24 88
6 35
3 73
26 29
11 37
5 11
28 23
18 90
26 30
28 6
25 88
24 94
19 27
12 8
12 24
15 45
20 56
10 65
29 28
6 81
28 52
6 59
22 97
3 46
5 74
17 76
11 20
20 62
13 91
22 43
24 63
22 44
6 15
6 80
9 26
11 21
15 63
20 61
20 24
4 12
26 59
22 43
24 76
2 98
17 100
1 57
23 97
25 70
19 29
19 37
20 84
13 55
26 46
7 19
25 12
0 68
30 17
9 98
4 57
26 30
24 35
30 64
26 31
16 70
4 22
23 56
14 38
29 63
10 66
7 4
22 44
26 95
12 29
28 42
19 44
16 54
3 80
25 83
30 19
27 57
21 56
12 72
5 8
29 38
24 77
2 27
8 76
5 91
14 41
21 92
9 10
28 33
25 12
22 82
8 39
11 32
1 28
13 84
23 98
4 31
21 21
29 66
12 72
14 73
27 81
12 91
8 72
2 68
9 60
8 30
2 83
14 93
24 79
7 45
25 60
30 69
29 10
9 100
15 77
13 85
15 87
30 38
5 3
12 53
6 32
27 88
12 83
6 58
16 6
29 50
3 57
29 84
18 24
16 7
16 67
8 71
2 61
26 79
17 73
30 14
0 8
11 81
12 64
14 31
16 19
24 60
21 61
4 50
8 45
21 89
16 21
4 90
5 35
20 64
20 4
29 70
9 10
30 51
9 1
12 33
15 11
26 77
12 27
7 43
22 6
17 47
13 76
30 41
28 31
20 46
18 9
26 22
10 19
22 59
16 39
15 65
30 69
29 13
14 29
22 11
15 90
22 94
15 77
6 46
22 56
4 15
20 53
19 19
3 29
29 76
15 58
0 50
10 71
0 35
21 68
13 94
28 83
2 53
9 29
5 2
14 98
1 55
18 97
30 97
21 83
6 45
3 8
30 100
9 81
15 19
14 25
3 65
15 74
8 64
27 40
26 64
17 2
14 39
9 83
17 2
6 12
25 83
9 5
7 90
20 90
17 56
9 1
23 84
14 37
23 86
23 64
12 50
17 92
2 88
23 15
19 75
14 16
30 31
16 77
29 60
3 11
0 82
9 78
10 70
6 71
7 90
8 25
25 67
24 84
1 70
3 38
7 70
6 42
22 38
10 15
11 2
13 99
23 92
22 20
23 1
6 78
10 84
0 39
9 48
10 85
16 12
28 10
28 32
2 13
14 68
10 34
18 27
22 45
21 86
12 53
18 80
5 65
26 90
30 6
7 79
6 60
21 92
11 13
14 80
2 9
3 42
28 56
11 56
22 44
15 69
25 77
6 56
19 18
26 54
10 64
2 27
16 20
17 96
17 95
13 29
20 8
15 47
7 53
9 41
22 33
18 31
23 48
19 39
28 91
28 51
14 56
18 28
15 93
3 76
21 51
0 83
16 37
18 58
14 58
30 5
21 36
20 62
6 94
4 4
24 58
19 52
5 83
18 11
28 75
13 43
24 8
6 89
28 20
4 49
20 51
3 76
15 33
15 65
0 33
11 48
2 70
14 45
17 94
1 36
14 65
3 89
17 62
27 21
7 23
1 25
1 94
12 15
5 34
20 42
11 84
20 98
13 12
24 22
3 15
28 9
5 23
23 70
12 50
23 22
0 40
23 27
24 9
24 14
24 79
7 98
18 85
15 43
18 18
1 64
0 7
3 29
10 86
0 17
7 24
2 51
3 9
