100
2 28
25 6
26 74
1 58
17 27
22 29
4 85
24 48
2 12
0 35
12 98
5 6
28 23
25 23
13 99
26 73
21 39
18 4
19 54
18 14
0 14
15 60
12 62
21 36
18 11
12 21
16 93
11 56
17 99
30 94
5 74
8 85
2 92
9 81
22 77
17 79
3 37
7 49
0 21
13 36
22 10
12 65
23 70
4 91
18 84
17 36
15 56
24 56
3 32
3 60
1 85
27 39
0 94
26 39
27 36
12 34
21 89
0 56
6 41
9 90
25 15
27 72
9 9
23 90
26 91
20 11
1 35
16 52
25 4
7 56
28 31
16 44
24 60
22 37
30 88
23 59
4 65
4 29
29 86
9 69
27 32
16 83
23 78
18 17
7 51
29 73
25 40
27 30
22 84
29 50
29 67
12 83
6 83
29 16
24 68
21 15
23 63
25 87
19 65
7 43
19 50
21 28
14 62
6 56
29 84
28 21
30 79
13 86
2 39
5 84
29 59
1 38
19 66
9 2
2 77
21 63
22 43
12 61
4 36
3 42
15 82
11 62
2 2
17 92
6 12
20 14
4 8
28 4
10 72
4 99
16 1
24 8
24 5
15 88
14 99
26 99
19 12
11 36
22 45
26 38
24 3
6 60
23 66
25 89
18 64
5 52
7 53
12 93
26 82
20 12
23 1
12 82
12 63
19 84
21 95
7 85
18 31
24 87
11 6
2 28
15 93
21 62
18 19
3 24
27 38
0 49
5 39
1 33
20 3
24 50
2 52
11 42
15 34
6 7
20 76
18 31
9 33
8 73
28 66
16 48
12 5
27 26
29 57
16 43
11 69
9 39
18 36
30 83
8 83
9 21
27 22
10 7
5 7
10 84
29 7
10 51
27 67
29 87
20 64
18 85
27 85
10 85
12 99
21 52
21 24
7 43
15 22
13 69
16 80
22 19
11 20
3 20
27 95
30 10
25 54
5 27
11 10
22 19
1 44
14 85
0 10
4 4
4 63
22 76
12 2
30 5
22 75
28 37
27 19
24 56
1 18
29 85
19 41
6 19
20 9
15 19
29 38
27 31
10 12
29 74
0 35
11 10
27 66
5 84
24 85
9 67
17 86
22 53
19 33
1 82
6 64
2 71
29 53
8 91
3 86
17 19
28 58
3 88
6 27
16 47
21 99
22 37
12 93
24 87
25 10
11 33
10 97
5 68
3 85
3 8
3 22
10 81
30 78
25 42
3 55
13 30
21 8
20 82
9 37
10 52
8 7
4 63
30 1
16 17
5 91
20 70
5 43
12 64
12 60
28 64
22 63
22 69
17 35
19 13
23 34
22 26
1 67
17 37
0 85
27 16
3 81
8 99
25 41
2 26
24 7
3 89
24 20
8 69
13 88
14 9
30 22
17 13
22 55
27 99
13 81
9 53
10 83
2 96
7 59
25 80
30 62
26 95
28 47
26 30
20 6
17 56
15 29
3 84
22 71
18 85
11 75
15 1
15 4
27 14
16 87
1 64
29 35
19 20
18 40
16 92
25 70
18 65
27 53
5 80
7 48
8 61
8 86
6 71
9 27
24 42
21 53
12 39
6 95
5 38
25 56
15 45
1 20
15 24
13 27
27 32
7 54
24 20
0 69
2 16
7 9
3 4
22 27
14 89
28 95
14 97
17 83
4 75
17 51
24 39
22 47
28 6
24 12
18 24
10 35
21 80
12 78
16 12
21 1
19 96
6 76
6 24
16 52
11 61
0 70
30 77
23 47
8 40
2 19
10 24
2 74
19 63
14 13
25 24
7 78
4 99
16 39
1 63
11 69
8 59
3 94
15 38
10 89
22 44
28 45
15 5
14 58
6 18
29 47
10 18
7 80
29 40
20 30
1 52
13 63
7 93
21 2
22 5
28 56
5 88
19 16
13 56
30 14
19 17
6 86
19 43
0 96
5 11
16 37
19 61
26 67
16 33
18 70
29 22
17 18
16 82
8 14
23 48
7 88
29 64
20 60
16 34
24 12
1 48
15 60
1 71
16 26
5 48
18 54
24 36
26 90
13 68
22 2
13 27
5 22
0 35
19 81
24 14
29 32
30 34
12 25
8 62
17 39
29 1
21 5
4 54
24 98
22 29
7 36
29 46
30 73
23 57
16 45
0 84
4 15
4 61
30 81
7 23
26 7
11 35
13 10
7 69
10 53
4 85
0 5
14 95
22 76
29 53
6 42
19 46
11 63
26 5
11 46
10 17
19 77
19 70
26 52
0 58
12 94
24 20
3 75
27 53
20 40
16 25
11 4
1 4
4 10
25 48
22 65
13 61
2 64
16 20
19 42
11 66
1 43
13 37
5 86
24 97
7 96
24 55
8 43
19 57
12 53
16 75
20 32
26 94
18 74
10 55
29 60
0 32
1 82
6 51
27 87
8 46
12 89
4 74
10 22
16 86
4 37
26 47
5 7
13 15
3 38
17 67
6 50
20 70
24 3
0 40
16 70
30 89
8 9
25 16
6 10
25 56
29 82
16 12
24 87
1 1
5 66
29 70
18 37
16 80
25 36
22 37
24 65
6 8
14 14
22 40
15 34
3 20
6 47
24 9
11 83
14 2
15 27
1 15
11 53
17 2
19 90
2 58
26 3
14 83
9 94
23 56
7 17
28 66
12 50
22 78
12 60
13 72
9 41
25 36
1 10
5 94
14 48
19 37
20 45
17 93
25 6
28 2
4 25
24 88
1 22
16 68
14 63
8 79
26 36
20 17
4 82
26 87
28 6
23 87
29 31
0 83
29 41
17 44
8 87
26 80
27 48
18 81
15 23
30 48
29 16
11 49
29 4
17 83
16 48
3 24
24 97
23 49
16 57
16 52
9 69
9 37
6 74
5 99
28 26
30 91
8 4
30 84
18 78
21 95
14 61
7 42
14 87
5 100
8 81
23 42
16 57
16 14
21 32
19 97
27 54
29 85
25 46
25 80
22 92
8 79
12 31
13 62
22 58
30 67
19 100
25 65
24 74
4 75
23 85
2 5
26 87
11 74
28 37
16 64
16 72
0 81
0 87
29 8
2 43
26 43
3 15
19 72
10 33
18 78
10 4
8 90
26 51
1 86
10 48
20 23
7 10
6 80
28 6
16 47
1 44
8 11
4 39
13 94
15 44
17 22
2 99
13 86
25 99
1 83
15 77
0 80
2 41
22 2
24 78
13 99
26 38
29 78
7 98
22 54
26 96
3 81
8 53
21 88
4 26
27 47
28 96
4 27
11 53
18 47
9 10
23 32
16 60
17 48
27 30
28 15
12 70
8 71
29 29
26 62
1 16
17 73
24 17
16 57
29 84
30 59
24 37
16 66
6 43
28 43
0 2
6 98
2 27
15 23
9 6
6 71
10 78
3 28
7 89
26 94
26 55
15 10
26 7
19 31
15 80
0 54
15 94
19 56
11 86
29 60
29 90
6 61
0 96
4 86
24 65
18 18
1 1
28 53
8 39
12 24
15 27
9 17
13 29
11 56
30 37
10 80
22 15
6 44
22 30
23 69
29 54
23 25
28 69
5 40
0 5
22 13
27 9
23 14
11 80
11 27
16 52
1 65
24 40
10 83
3 18
0 6
30 95
15 11
4 25
9 53
16 52
28 73
21 2
17 39
8 15
5 23
12 27
13 53
18 25
22 88
20 74
1 61
26 45
16 8
16 90
19 83
25 73
3 33
14 42
20 81
6 6
22 51
28 84
7 10
5 89
16 47
8 97
12 46
16 88
24 37
14 88
8 91
23 1
27 67
30 83
16 1
3 20
8 53
14 41
18 91
29 40
8 42
20 89
9 46
23 16
0 22
17 19
11 22
7 9
12 22
14 72
4 5
23 41
3 48
3 34
11 91
9 73
23 35
25 72
1 31
27 35
13 26
9 98
18 77
21 1
16 68
30 55
5 13
0 64
29 43
5 86
5 2
3 14
5 97
2 27
13 7
11 35
9 11
23 6
26 52
12 47
21 60
9 9
18 22
22 47
20 75
25 13
20 2
9 32
0 62
2 7
15 75
17 55
11 13
1 5
13 36
26 76
11 61
15 18
0 14
17 93
25 41
4 25
22 63
17 80
30 95
23 79
20 11
22 46
1 28
14 47
30 40
22 91
30 21
6 52
0 50
3 96
17 39
13 68
18 54
19 49
7 50
26 96
30 84
25 98
28 67
19 10
25 58
21 1
0 34
2 32
16 99
18 35
24 9
18 81
29 39
28 35
24 37
29 23
10 1
7 62
13 86
3 21
4 73
21 91
15 70
23 85
27 20
4 62
11 40
19 10
25 56
13 75
8 54
30 3
3 89
19 95
1 66
15 54
26 44
30 89
29 12
25 49
10 55
5 2
19 86
17 37
25 53
4 40
0 21
17 96
19 53
22 43
9 44
7 12
0 34
13 91
1 97
4 19
19 65
9 92
21 34
27 39
13 97
0 94
2 74
3 91
12 90
14 72
23 24
5 88
7 20
27 66
30 20
15 52
26 6
15 62
25 66
6 91
16 5
3 31
15 89
3 49
7 24
23 17
3 91
25 13
12 56
21 27
30 21
16 24
4 72
15 62
22 95
6 90
28 51
6 26
18 98
6 18
17 70
17 35
30 36
8 86
8 11
9 33
25 85
3 36
2 96
8 78
4 13
0 28
25 49
19 50
9 22
14 61
29 65
2 16
21 78
21 20
28 64
11 90
15 25
28 63
9 98
17 43
9 33
5 57
11 97
5 1
27 78
8 8
7 35
27 33
8 3
25 61
7 55
27 75
18 30
16 9
4 6
20 100
21 25
30 7
7 26
10 55
12 51
19 99
16 59
9 65
1 4
10 95
16 42
16 34
20 72
19 7
13 62
17 43
10 79
19 51
13 28
30 58
23 22
27 77
30 75
8 32
28 65
11 63
10 35
6 88
10 7
2 18
9 51
10 64
23 77
13 42
3 46
21 37
4 49
28 69
7 7
0 30
2 20
20 19
5 59
20 74
9 58
4 7
16 93
21 14
7 76
12 16
14 2
12 94
24 98
21 9
22 34
8 2
7 23
14 52
29 31
12 98
2 6
5 93
14 76
7 21
8 74
5 14
2 25
16 50
27 30
26 51
21 2
2 35
19 55
9 99
12 93
5 93
19 58
16 100
10 88
24 68
25 24
2 3
10 92
29 88
21 43
4 74
25 99
13 52
30 33
2 26
30 27
2 75
8 34
15 64
16 88
26 6
25 85
19 24
16 65
18 56
21 2
29 91
17 81
13 64
25 81
17 24
29 21
27 27
14 76
19 65
0 32
25 64
20 87
20 43
17 72
22 90
5 8
4 30
22 66
30 80
26 94
26 10
21 91
24 41
1 31
10 64
16 69
20 82
11 4
4 37
3 56
17 2
20 67
13 37
12 46
25 86
17 44
0 7
17 60
0 77
10 16
24 88
27 45
29 36
13 13
18 29
19 62
11 35
0 72
29 71
21 19
28 50
8 21
23 20
22 18
6 70
29 54
22 20
1 55
23 45
18 94
26 11
10 91
23 33
13 83
11 8
5 25
3 65
16 11
14 18
15 21
12 64
3 65
5 23
19 26
18 40
21 57
10 23
8 60
6 62
6 2
14 71
15 92
8 19
18 58
10 14
20 13
21 53
22 9
16 69
11 38
30 69
19 50
7 89
15 66
16 100
22 87
2 2
17 71
21 9
10 46
22 48
18 98
18 13
6 93
24 35
11 52
0 88
29 45
24 66
0 40
10 50
6 86
3 83
21 51
0 57
7 3
24 41
21 82
17 39
19 47
28 58
7 32
27 78
20 17
16 31
4 100
24 24
24 19
9 53
13 5
17 5
18 100
22 78
16 92
12 32
4 67
25 70
1 79
21 14
20 88
19 94
16 52
3 18
0 5
1 8
18 92
16 71
4 89
21 48
14 64
10 23
3 16
30 53
0 56
7 80
9 25
4 45
29 75
28 62
26 87
20 13
21 30
15 22
17 43
8 13
1 64
6 7
21 44
15 53
21 66
20 67
5 3
29 38
8 58
27 39
13 1
29 69
30 33
18 69
1 37
24 56
6 32
15 31
13 28
0 73
6 59
21 31
0 13
23 54
2 82
9 12
29 57
24 89
9 100
19 16
11 21
19 76
3 17
5 69
21 13
13 28
7 81
10 8
29 50
17 82
8 19
30 21
22 94
1 78
25 3
2 35
9 18
18 80
8 12
12 99
2 10
18 23
14 45
15 63
5 10
0 88
24 11
28 9
23 69
14 48
10 7
7 69
30 7
20 11
5 54
10 30
14 62
16 67
28 97
26 99
15 11
28 89
1 3
3 58
2 32
22 29
12 16
24 51
12 76
5 45
28 28
8 36
6 97
18 24
11 78
3 65
28 39
27 46
4 10
3 25
17 43
9 71
15 94
6 43
16 62
9 80
3 73
2 11
28 74
3 42
19 22
16 64
23 80
6 60
1 41
25 60
10 97
30 88
17 70
19 2
25 40
6 88
0 8
5 17
15 76
16 16
4 98
25 79
24 8
0 90
22 41
25 44
0 68
17 23
3 79
1 62
20 56
21 22
21 34
26 96
5 100
0 69
15 2
23 16
15 52
29 4
10 65
9 36
2 69
10 17
9 48
9 13
23 77
4 63
11 87
8 67
8 29
4 16
16 69
8 42
28 95
18 39
13 9
8 85
21 90
15 20
20 86
4 83
4 1
27 46
10 18
13 28
13 77
3 65
17 54
30 55
18 24
10 38
18 8
28 34
19 29
5 12
19 63
16 85
4 74
11 63
25 12
5 32
21 4
17 3
14 20
21 12
9 10
2 52
5 29
0 37
25 70
24 67
23 84
17 31
9 24
22 47
2 41
7 16
27 94
16 63
19 19
22 71
19 86
6 40
16 2
8 1
15 94
7 30
29 6
28 44
15 17
29 9
11 86
17 38
20 86
5 12
29 5
11 93
4 95
26 26
25 44
24 86
18 9
21 91
17 23
10 71
13 40
26 82
12 38
11 45
6 77
24 32
26 77
7 57
28 92
22 84
27 53
12 52
15 76
12 40
3 38
6 56
19 78
17 44
8 12
28 60
15 99
4 88
30 73
7 63
18 63
27 55
11 72
27 63
26 61
29 77
15 28
16 78
17 87
30 25
25 82
21 95
20 43
13 78
25 70
1 82
23 52
9 65
11 9
22 2
26 12
