100
21 90
13 4
2 20
13 43
10 54
1 37
21 2
10 12
23 82
23 98
14 70
29 41
7 47
14 20
25 91
22 77
14 22
30 50
25 71
4 3
2 18
6 51
24 14
2 73
23 72
10 39
17 90
12 47
6 11
6 41
0 20
28 21
9 12
9 9
25 93
11 26
21 20
6 71
17 23
23 97
3 50
14 53
11 21
13 89
16 53
18 97
20 60
12 95
7 98
17 92
24 20
2 64
19 18
17 73
2 13
15 76
3 41
8 66
22 62
21 32
12 2
8 69
7 54
18 95
23 97
14 11
18 74
24 4
20 34
9 29
15 96
7 41
13 22
17 9
24 74
5 100
26 47
10 81
11 38
12 59
29 17
4 98
20 67
25 76
14 78
17 74
10 59
11 89
22 82
1 5
21 7
7 65
28 1
26 21
2 26
20 91
22 86
26 67
6 32
26 12
3 66
25 49
8 34
4 96
4 49
22 87
30 86
10 99
5 99
3 54
1 29
28 29
27 92
27 4
9 63
27 96
10 50
5 35
7 86
30 94
0 2
27 33
1 57
10 47
10 31
3 22
0 100
20 98
4 70
27 4
29 40
11 94
8 30
2 36
30 8
6 67
1 95
29 90
20 58
14 11
1 75
12 83
30 74
17 99
30 62
23 11
3 51
0 20
27 3
5 28
30 79
16 32
5 60
25 50
25 3
12 75
17 2
6 3
14 11
26 66
7 50
17 33
16 32
30 36
16 70
26 24
27 28
5 92
8 92
19 65
28 90
0 76
9 67
1 21
24 76
6 43
10 41
27 28
20 18
0 36
16 82
14 64
20 50
7 80
2 59
1 73
1 20
9 3
11 48
28 24
0 65
1 48
21 76
14 79
26 22
27 21
14 76
15 25
20 52
13 3
17 19
24 7
17 6
9 36
25 30
10 68
27 27
24 34
27 61
12 85
29 88
23 6
29 65
8 6
2 41
20 69
25 63
10 90
14 67
5 1
30 1
30 92
19 94
14 72
25 22
18 76
29 86
0 92
28 93
20 47
20 48
29 64
26 13
29 58
21 23
0 21
28 6
26 17
12 44
14 15
21 52
14 66
4 87
17 46
30 2
25 92
15 58
3 17
21 80
26 41
8 9
9 21
9 40
26 76
14 81
4 100
25 29
24 62
12 18
27 63
18 87
26 24
24 59
8 69
3 83
15 11
22 15
13 10
13 4
1 26
8 82
17 97
0 20
14 48
12 20
4 31
0 20
25 44
20 51
2 94
24 19
24 8
17 42
24 41
26 78
25 49
17 24
16 99
30 99
30 34
9 36
3 5
24 94
28 87
13 3
3 100
25 6
25 45
0 54
16 71
5 91
21 81
16 34
3 33
24 9
2 6
3 70
29 47
14 7
29 90
9 8
8 98
15 22
18 98
25 56
28 90
23 68
13 94
19 23
26 96
21 92
9 91
7 67
7 83
28 34
4 34
13 10
19 41
21 7
26 95
1 34
30 71
6 90
15 77
5 86
13 79
2 69
17 47
30 87
6 39
20 56
24 63
24 13
2 6
14 18
3 54
18 79
18 88
18 11
12 84
18 78
7 90
20 4
0 3
29 55
18 64
5 73
13 10
8 79
20 92
13 12
4 4
24 90
18 64
13 79
29 29
16 99
19 65
10 95
7 45
3 57
18 38
18 81
1 73
24 25
29 86
22 89
11 96
7 28
4 88
4 81
26 39
30 7
7 93
9 11
5 40
2 73
17 25
26 82
1 37
20 5
10 34
26 78
8 64
1 6
7 87
2 73
9 74
15 32
12 31
16 79
14 86
22 7
1 99
30 48
1 100
21 39
18 94
17 53
17 95
6 85
30 91
8 17
9 61
16 6
8 7
30 99
1 82
20 30
15 75
30 6
5 91
25 10
23 58
12 88
4 44
8 70
12 45
30 92
12 20
12 44
15 26
8 9
24 56
29 25
26 45
0 3
26 68
1 52
8 50
11 58
1 47
26 13
8 55
21 56
17 65
6 98
4 15
22 92
24 81
20 39
26 10
20 59
2 100
21 94
30 9
30 8
27 39
19 11
24 81
15 30
8 47
10 54
26 58
25 38
19 57
22 99
11 28
3 61
16 42
27 88
21 73
25 12
15 85
30 44
11 95
6 56
3 78
14 64
0 60
6 35
10 54
6 56
17 43
2 24
14 18
17 5
6 16
9 18
21 76
2 81
25 96
15 93
0 74
18 57
12 6
20 37
26 49
20 43
22 61
21 47
9 100
29 29
29 36
27 6
17 79
14 79
0 78
10 3
11 8
12 38
4 19
2 92
14 23
11 82
22 3
20 15
15 19
17 64
2 74
10 35
21 40
24 87
4 28
6 71
0 96
29 71
6 18
25 19
14 64
9 73
14 28
26 99
19 37
11 94
24 12
15 98
3 45
18 58
8 59
12 4
27 100
13 69
16 30
10 15
19 22
29 68
13 78
11 48
1 1
23 18
5 34
5 51
27 12
28 37
23 65
28 44
11 36
30 52
23 17
3 97
21 88
3 36
0 24
15 14
0 43
11 63
15 34
22 15
14 93
5 88
13 19
2 95
11 8
20 4
13 43
18 41
22 53
12 18
15 78
5 14
27 22
25 12
30 23
27 72
7 63
8 99
9 68
6 46
11 41
25 10
3 23
29 87
20 7
14 94
7 74
0 72
28 27
19 10
30 21
1 42
19 13
18 45
18 15
30 68
7 68
1 62
20 7
21 24
5 5
0 46
10 75
24 7
27 60
9 16
6 86
8 95
25 100
20 11
18 69
18 44
21 3
23 77
25 93
7 67
22 30
2 62
1 55
11 57
18 32
25 13
9 1
16 99
12 80
16 96
30 16
16 74
22 7
6 64
14 86
29 23
5 67
23 75
29 40
28 2
11 9
6 92
27 22
8 19
18 73
21 69
21 89
13 28
3 41
22 5
24 66
5 53
22 96
4 17
4 87
15 18
30 65
2 52
17 81
6 17
7 34
15 93
13 39
21 70
26 95
19 10
29 88
13 87
4 86
10 93
27 56
5 14
27 81
1 72
16 11
5 41
6 49
2 6
5 80
24 29
28 77
7 55
9 18
15 45
21 49
21 60
15 83
2 70
12 30
11 100
15 95
2 41
2 44
4 76
8 14
7 27
3 30
14 74
11 20
0 72
7 7
9 34
15 20
5 73
22 13
24 50
4 48
16 1
22 81
17 31
16 59
29 6
14 1
24 61
4 63
24 44
23 26
10 2
27 7
9 45
12 76
15 90
18 99
27 56
26 100
14 17
17 71
10 41
20 84
23 13
26 14
10 13
29 8
8 43
10 16
30 69
24 78
30 81
2 73
5 83
17 94
17 19
28 24
23 4
18 52
17 99
0 65
13 53
27 87
1 31
14 9
5 1
30 45
16 59
28 63
3 77
16 96
6 99
17 62
19 17
1 63
2 63
25 18
30 29
21 81
24 29
4 80
19 49
18 82
16 64
26 16
30 91
2 16
16 13
24 79
13 60
23 44
17 89
0 67
6 59
1 91
18 80
24 88
6 56
25 35
19 61
21 91
20 59
2 51
3 26
10 39
24 91
26 51
24 34
5 34
25 80
23 74
13 75
17 26
23 21
29 26
3 53
13 95
7 95
14 19
10 67
5 48
3 51
13 19
23 5
17 17
11 49
9 75
7 61
14 66
23 58
26 86
11 85
19 60
2 80
9 99
2 84
26 67
7 90
1 16
23 32
14 55
0 17
14 72
23 82
6 68
28 83
30 26
25 20
10 15
22 79
11 48
24 43
12 92
2 71
8 58
22 75
27 62
28 34
11 36
1 4
21 34
5 44
24 1
23 11
20 41
10 3
6 23
11 9
24 82
7 69
7 33
19 34
18 44
21 96
4 50
16 18
5 32
11 35
20 30
6 18
5 9
26 32
14 10
13 76
15 42
4 16
0 51
6 73
26 8
15 54
6 72
25 40
9 80
15 86
13 25
18 7
3 5
0 72
28 23
26 73
0 23
3 68
28 73
19 28
20 93
5 7
26 38
25 49
18 29
23 19
27 12
22 14
1 72
13 53
10 20
29 100
25 75
6 97
24 13
20 88
6 79
8 51
2 43
3 70
11 55
28 96
10 53
18 1
6 53
17 1
22 52
25 10
25 1
23 41
5 22
12 41
25 97
1 87
7 7
27 20
30 6
10 26
7 51
28 82
16 57
16 58
18 35
7 62
14 44
8 25
26 46
9 14
15 58
13 24
20 52
15 6
5 13
28 30
20 74
15 18
14 96
5 68
17 44
14 2
1 21
17 88
26 6
22 67
30 28
29 9
1 39
6 70
16 99
21 15
8 84
29 91
8 63
25 74
27 16
14 3
16 98
17 97
9 60
21 27
6 100
17 45
19 62
10 20
6 32
3 66
26 84
21 80
6 66
7 82
27 20
30 82
23 79
18 33
20 9
7 48
2 9
18 73
0 49
6 44
6 18
29 57
10 36
15 30
29 65
4 25
15 79
7 40
23 19
10 96
0 42
4 54
27 69
5 98
28 71
28 100
26 60
27 81
21 95
26 78
28 65
2 9
17 67
25 26
11 8
1 64
5 7
16 74
29 75
25 61
13 18
15 28
29 68
10 69
24 85
9 30
25 30
7 33
15 82
1 9
6 66
18 47
19 54
29 11
23 35
5 93
18 77
22 73
18 54
3 78
28 48
27 38
18 34
30 59
3 13
7 65
12 78
23 61
16 30
26 11
15 14
29 86
4 19
3 99
18 96
11 27
24 63
29 72
19 67
17 37
30 3
29 34
0 59
11 86
19 84
12 39
21 47
21 62
8 24
14 75
3 25
3 34
6 71
8 58
4 62
16 8
18 3
1 97
29 87
5 65
13 57
23 3
26 25
21 34
23 15
21 11
11 6
30 9
19 11
13 53
9 51
11 78
17 93
25 33
16 19
25 7
7 62
17 65
25 36
24 40
12 33
12 26
29 45
7 44
0 100
2 11
28 59
1 3
18 42
6 72
0 28
15 13
3 80
23 55
29 71
18 98
6 37
25 72
15 73
9 33
25 25
13 82
2 23
5 34
6 25
19 10
28 57
25 64
28 73
9 94
25 2
0 35
6 16
29 51
23 27
8 92
13 75
28 77
21 87
10 97
8 53
22 37
8 66
24 69
10 44
3 7
5 69
29 90
15 94
15 53
3 50
6 36
25 25
7 7
30 13
27 32
21 89
5 38
24 32
13 33
18 21
30 83
5 34
19 54
24 55
13 64
1 43
11 96
17 23
14 18
17 8
8 82
14 93
17 17
7 89
16 85
15 93
5 25
29 43
4 97
7 51
16 44
9 33
19 62
26 100
11 53
0 78
15 25
19 58
15 10
28 26
15 23
30 78
27 60
12 14
12 85
13 81
24 33
19 72
7 24
20 53
2 86
15 45
21 76
5 88
22 76
10 8
1 12
0 63
28 71
24 26
13 49
23 58
20 79
30 67
24 37
12 68
28 62
15 7
26 1
28 30
4 91
21 88
10 44
26 24
5 100
11 87
6 58
18 16
30 41
0 83
8 34
23 50
5 59
8 21
3 68
18 89
6 7
11 33
0 10
1 77
30 14
3 82
19 16
5 61
7 31
11 13
0 4
11 83
27 51
3 46
29 49
29 57
1 75
17 86
5 28
15 39
16 100
11 8
0 82
30 65
24 74
2 96
25 67
6 14
18 62
6 59
11 77
26 20
3 16
20 39
0 33
8 78
3 58
7 24
11 70
0 36
2 69
3 89
24 11
0 34
25 78
28 22
18 14
22 55
10 47
3 47
11 25
8 24
19 65
2 22
3 45
26 49
7 80
21 54
26 14
4 3
11 3
17 85
1 23
17 2
30 20
9 84
4 35
17 60
4 54
2 9
23 76
10 2
14 67
4 74
24 93
25 71
8 24
1 91
25 90
8 90
7 12
15 16
20 100
29 87
5 95
25 70
7 58
28 93
9 84
25 56
12 90
11 67
27 97
21 84
30 58
3 19
7 42
29 76
2 89
16 15
10 17
1 97
5 93
4 9
1 87
0 38
7 71
2 3
3 32
29 27
13 27
13 6
29 52
30 24
1 52
9 62
21 61
22 35
19 4
27 18
17 54
4 78
17 72
11 42
19 27
0 92
25 28
19 47
26 60
6 42
7 3
25 48
14 44
20 9
23 36
26 44
22 100
12 71
25 48
0 80
16 72
0 44
9 33
14 65
18 11
7 83
17 59
16 50
30 95
3 77
17 56
16 64
25 54
1 18
4 6
11 94
4 85
20 97
5 49
2 93
18 68
12 64
1 60
27 32
21 10
25 26
3 49
17 38
27 6
17 88
4 39
2 3
27 2
13 48
3 58
0 63
0 64
19 37
13 22
24 40
17 2
29 87
4 83
6 13
23 88
7 34
11 80
11 84
29 46
1 89
28 19
28 87
17 50
3 57
9 10
10 5
24 73
18 84
8 65
12 51
12 2
7 37
15 28
6 19
7 10
24 31
17 99
24 34
7 55
8 28
8 91
21 21
19 99
11 49
3 23
2 76
12 48
12 93
11 83
18 30
28 2
29 23
25 98
29 27
4 16
15 94
14 53
19 9
26 55
22 19
23 62
28 64
20 100
4 89
16 35
5 48
10 18
1 80
12 51
15 49
17 52
21 70
12 11
19 51
28 63
13 39
6 77
18 87
17 21
9 50
25 40
30 39
10 11
30 24
2 43
16 32
22 19
3 47
9 39
26 20
19 73
21 85
21 24
3 39
29 2
27 31
17 41
15 87
0 13
12 99
27 75
23 36
17 52
26 78
27 68
15 39
14 39
11 74
22 31
16 64
30 4
17 42
15 2
3 69
14 21
23 66
27 25
26 55
25 1
26 54
26 19
12 14
27 44
2 94
6 48
13 47
4 13
1 5
2 77
21 18
17 52
7 65
25 71
1 26
19 75
6 62
25 45
30 64
26 21
6 39
2 14
23 100
13 52
16 91
29 95
27 67
29 18
14 65
11 99
10 7
29 64
20 49
25 88
29 68
16 89
15 92
16 71
26 96
12 85
25 77
0 34
0 97
6 49
16 59
9 14
17 37
14 54
2 32
11 56
2 23
5 19
1 89
11 75
7 44
10 49
30 74
14 37
8 8
28 80
14 81
24 47
13 14
18 78
8 27
3 7
14 81
6 67
9 39
