100
17 83
27 95
26 10
14 88
27 85
27 48
29 68
5 38
21 57
30 73
6 20
6 15
21 41
7 88
6 73
5 99
29 73
19 70
30 44
10 29
28 49
10 10
25 49
22 74
28 22
23 42
2 80
23 14
13 60
16 64
21 12
16 94
5 99
11 36
22 4
30 64
13 8
12 87
25 54
3 29
7 46
11 72
6 3
0 25
19 10
24 18
1 24
16 72
30 85
21 94
5 15
14 21
19 6
23 60
22 85
8 81
1 79
25 15
6 98
12 16
18 73
12 32
28 5
24 61
24 80
17 29
19 93
22 47
28 1
1 77
17 67
8 76
20 83
19 22
19 84
7 55
23 17
1 52
30 94
3 13
10 43
16 26
22 34
1 61
25 2
3 98
2 28
3 25
7 90
7 79
17 26
29 100
8 80
16 10
27 6
24 34
12 77
18 53
13 67
13 78
26 70
10 76
26 54
10 21
8 66
13 7
1 97
13 42
14 35
13 64
4 20
13 51
29 40
3 29
11 90
21 41
22 48
27 39
19 88
8 27
18 47
11 25
10 19
4 81
26 94
14 96
5 5
23 95
15 82
10 97
14 97
0 69
13 87
13 86
5 46
10 96
15 26
22 11
7 41
29 60
30 44
11 43
10 45
18 75
19 98
11 25
7 73
6 65
1 55
18 90
18 59
21 2
22 14
27 85
18 29
27 44
14 20
16 88
27 21
13 73
19 31
19 50
8 28
21 59
21 36
14 85
2 22
21 34
23 78
29 79
7 47
14 91
23 49
12 6
7 46
12 5
17 35
13 56
11 41
10 57
18 44
11 3
29 55
24 9
16 66
25 49
2 84
2 4
8 85
11 70
22 85
17 91
9 65
2 27
14 7
14 93
13 2
0 3
12 5
5 7
22 74
1 84
13 90
9 69
21 20
12 80
29 9
16 38
21 56
11 5
0 83
25 93
0 78
4 60
20 30
10 87
20 17
25 3
7 52
26 4
24 100
21 33
8 73
23 90
24 4
22 87
28 93
24 73
25 84
22 89
22 17
8 3
14 28
13 100
10 67
17 92
4 47
23 44
24 67
8 31
13 58
29 55
30 12
2 91
19 79
30 7
14 42
20 59
9 19
15 85
18 8
1 95
11 76
7 23
9 29
3 25
10 34
7 9
1 5
3 9
22 53
30 66
0 23
1 22
22 16
15 21
2 29
29 2
1 57
25 43
0 74
27 9
23 58
26 94
29 75
28 15
22 69
7 23
23 67
27 87
9 63
15 46
25 60
20 52
3 44
0 69
14 9
16 9
11 2
14 91
30 64
11 33
2 50
20 20
14 4
22 56
3 8
15 4
4 20
19 66
24 46
27 97
20 72
23 48
24 59
2 96
22 65
16 49
8 40
14 27
29 25
29 97
8 65
12 76
30 17
11 80
22 90
23 91
7 91
20 37
11 36
25 50
28 92
29 95
19 62
5 41
22 32
8 37
23 1
26 30
29 100
11 23
27 78
11 53
14 17
2 88
5 40
0 63
4 74
6 80
3 59
1 21
27 76
27 80
17 69
29 67
8 7
10 15
14 57
23 56
22 27
1 76
23 100
22 45
11 27
11 46
11 54
30 47
12 34
21 28
9 85
27 57
21 67
3 25
8 3
10 63
5 55
0 27
23 99
16 15
13 3
24 55
19 16
17 76
5 97
23 32
28 25
6 53
7 96
8 51
15 64
28 32
13 48
8 4
16 96
7 25
2 54
12 54
3 21
7 52
22 29
4 9
7 15
11 100
21 27
6 93
26 96
27 3
15 18
3 31
30 1
2 79
12 30
2 7
15 27
6 76
12 16
23 43
13 74
16 94
8 11
27 58
21 67
2 27
0 41
19 58
17 9
5 33
7 82
17 84
13 81
7 63
26 64
30 36
1 91
10 73
26 82
0 55
20 32
10 2
17 8
16 82
27 19
8 58
3 49
4 50
15 23
13 47
29 80
12 6
7 49
26 60
29 13
17 93
17 52
9 32
24 17
30 9
9 54
25 59
17 12
23 69
30 80
11 61
2 21
30 84
1 23
11 34
21 11
20 12
25 48
9 9
6 12
15 87
22 26
10 47
25 88
0 96
10 78
17 75
14 77
22 39
17 44
12 72
0 46
24 65
4 77
9 30
26 12
21 52
2 77
30 25
24 96
20 49
29 42
19 38
10 30
0 88
23 13
30 73
13 61
26 9
7 86
19 79
18 45
6 9
9 73
23 8
27 29
17 24
21 13
5 21
10 99
21 3
6 60
20 36
7 86
25 93
10 77
13 35
10 62
22 74
5 33
5 33
3 57
23 34
18 16
24 93
14 33
0 8
12 24
25 59
23 17
3 64
26 49
8 24
23 57
22 17
17 33
22 18
13 80
0 84
25 87
5 100
0 17
4 26
2 30
15 89
10 37
8 15
25 10
5 100
17 84
16 15
30 85
7 19
10 52
9 4
11 31
5 12
25 59
5 78
3 83
23 90
16 37
6 33
11 16
5 26
29 95
5 24
5 84
4 12
13 75
8 98
14 22
17 5
26 3
22 34
4 20
23 61
1 86
29 13
16 96
27 82
22 11
0 52
10 84
19 27
17 5
4 14
12 25
16 81
14 44
29 23
5 99
10 8
22 9
7 74
25 28
18 34
27 70
19 99
21 68
0 89
14 54
9 93
6 49
12 96
22 35
22 82
6 74
28 72
9 4
2 40
18 99
4 45
9 35
0 29
13 7
1 82
13 36
10 2
6 81
8 96
21 34
7 57
14 79
2 9
17 26
21 31
1 63
26 1
30 44
9 73
1 94
11 77
16 72
17 24
30 82
3 99
15 82
28 63
3 69
28 78
12 55
29 79
8 95
27 11
28 35
9 34
7 53
12 2
21 94
15 22
19 24
25 88
28 6
30 96
25 94
24 87
17 87
2 22
18 75
15 34
1 87
24 30
17 28
5 62
13 64
4 11
4 51
0 74
24 87
16 94
4 12
24 16
7 51
22 18
4 70
7 12
26 44
12 69
25 14
2 78
25 94
11 38
12 93
21 79
29 27
1 71
20 97
15 25
10 52
11 65
2 28
2 17
8 84
22 41
17 21
21 87
0 7
18 55
23 29
19 94
24 40
5 94
21 14
29 67
18 100
29 36
30 61
20 89
22 75
20 55
12 83
28 61
10 96
20 67
20 77
24 40
11 3
1 87
18 99
16 33
12 59
7 39
5 87
11 53
5 76
6 8
5 79
6 75
10 25
24 10
0 26
23 59
0 26
2 28
26 97
24 61
13 60
14 97
16 32
28 62
1 52
11 69
4 21
19 61
0 74
5 34
27 35
27 97
6 47
11 64
13 94
27 59
26 54
1 15
1 8
27 98
13 40
27 7
1 42
23 71
12 31
20 65
15 24
11 22
20 48
4 83
0 13
3 58
12 27
2 77
18 6
27 46
2 24
29 24
1 38
20 88
4 61
29 51
21 46
20 28
27 38
25 23
10 30
14 63
27 57
21 81
29 49
13 14
10 33
13 100
9 82
2 22
27 18
3 67
24 60
18 44
20 15
1 53
9 21
16 99
1 51
9 41
16 58
14 55
25 40
27 5
17 3
25 56
15 54
20 13
28 1
15 39
25 40
30 35
26 17
2 74
28 2
7 63
8 38
27 93
14 54
13 87
15 2
13 3
6 94
15 29
27 14
21 35
13 65
24 26
11 8
14 72
13 54
30 58
18 59
14 35
10 58
21 100
26 33
10 32
1 19
24 89
17 91
18 45
29 76
16 59
0 68
17 35
2 50
16 64
15 27
25 19
15 55
9 7
3 37
26 81
19 26
23 71
14 97
9 87
15 95
15 6
19 81
19 91
18 46
11 33
25 65
21 79
1 87
24 9
28 12
20 90
22 52
12 31
29 88
23 42
26 49
25 61
29 81
2 57
16 84
7 93
23 94
21 28
17 28
30 37
22 98
6 67
27 83
2 36
12 46
19 15
25 1
0 49
12 13
29 44
26 26
26 72
30 77
23 17
30 59
5 19
3 89
27 15
27 72
18 96
14 95
30 55
7 84
3 9
12 5
9 21
6 76
6 97
21 19
5 40
6 28
22 3
26 70
28 4
19 58
29 10
0 14
19 10
16 7
16 66
25 77
9 50
11 56
13 95
24 27
21 3
21 13
14 8
1 99
11 2
19 41
1 1
7 34
8 30
20 79
28 68
22 79
9 3
13 68
28 94
9 2
24 50
12 37
25 18
1 44
1 41
25 90
29 28
18 76
22 89
25 32
17 46
6 44
2 56
19 77
10 22
3 7
12 20
25 39
21 29
3 26
14 49
29 68
18 1
11 20
28 47
11 13
6 2
11 91
30 4
8 63
16 37
27 91
17 71
11 75
24 14
23 5
24 72
19 69
15 29
28 45
17 1
20 58
20 7
13 27
19 77
5 12
25 78
14 20
14 26
19 7
12 28
18 72
0 46
28 32
3 5
3 12
10 1
25 36
21 80
1 52
18 26
22 55
12 56
6 59
15 77
19 57
19 60
3 56
14 63
6 4
7 6
28 27
14 99
18 59
8 8
27 87
9 22
20 35
21 75
11 17
19 82
30 14
30 88
6 76
21 4
16 63
14 29
20 100
15 47
5 30
23 90
25 51
24 62
17 58
22 35
7 25
3 67
29 53
29 36
18 44
9 3
4 60
29 53
14 8
5 3
5 72
15 70
24 34
25 6
3 69
4 88
14 50
22 71
13 6
28 67
8 88
1 67
7 88
22 64
10 49
4 78
0 65
5 28
10 17
24 16
18 81
11 60
30 24
19 34
2 54
11 21
5 65
29 99
15 12
3 15
10 43
13 55
28 19
28 54
4 64
18 73
8 71
15 66
24 9
16 84
30 92
28 10
5 50
22 28
24 76
2 55
13 100
24 71
14 66
20 83
18 5
8 11
26 49
23 33
16 25
7 75
19 2
17 63
6 52
3 19
4 78
15 80
30 87
18 35
14 73
5 93
4 52
5 13
9 97
29 52
21 92
12 34
8 48
15 52
7 2
4 12
7 71
30 37
27 72
5 74
7 71
19 22
24 89
10 65
16 48
15 87
22 67
25 73
16 57
30 78
13 54
11 26
13 89
3 96
11 3
10 9
3 82
24 85
13 9
30 8
20 45
7 44
6 93
16 45
8 46
18 4
11 37
18 59
11 7
1 78
23 9
12 31
16 81
4 89
23 44
21 17
23 98
30 86
19 33
13 62
30 56
11 51
12 49
1 59
23 95
9 29
14 65
16 100
5 4
1 4
7 70
18 75
2 29
1 38
17 41
4 12
4 41
5 49
25 86
20 26
1 93
11 45
27 100
6 7
25 57
14 51
4 58
30 74
12 34
14 2
5 32
10 92
13 92
19 74
22 25
26 43
23 10
22 45
23 85
24 3
16 3
11 21
9 5
12 79
12 55
16 45
0 32
29 21
27 44
6 97
7 38
8 36
3 21
16 44
10 82
4 78
19 58
25 42
0 97
30 2
19 4
20 59
15 71
8 91
3 59
20 38
20 41
17 37
16 48
16 75
30 92
6 14
20 86
12 35
21 51
30 96
14 93
8 80
12 47
16 98
28 100
13 44
23 44
9 6
17 4
14 34
23 27
13 51
29 15
21 57
8 100
30 23
30 61
25 73
1 97
12 35
29 28
9 23
27 79
2 37
12 81
0 2
2 54
3 93
27 11
25 28
13 45
3 89
6 100
30 13
10 48
18 73
20 61
11 84
11 91
8 9
5 64
3 39
27 10
9 14
21 47
28 49
26 39
27 67
17 63
17 63
0 82
12 10
2 92
4 39
0 49
30 95
15 74
2 75
5 8
16 38
21 52
2 9
2 60
29 50
22 58
20 65
17 53
8 99
16 63
17 74
29 74
4 55
7 35
12 70
25 54
0 32
20 32
17 3
0 47
2 46
18 14
27 22
25 23
21 27
6 16
18 91
29 20
14 96
24 27
8 9
14 55
30 32
3 77
20 36
23 76
23 20
26 57
28 18
24 98
8 89
3 26
21 46
24 76
19 98
4 86
6 48
20 11
27 5
23 37
19 82
18 40
5 63
27 93
12 20
20 26
19 25
25 12
7 55
0 18
15 15
20 38
18 85
17 1
15 71
2 11
9 42
17 28
3 67
8 95
8 57
20 80
23 73
26 67
27 48
4 85
18 15
19 27
17 35
23 67
6 91
8 38
12 52
24 17
20 92
4 20
2 66
3 78
27 3
20 52
30 23
8 38
8 10
14 65
2 92
21 71
23 27
12 19
9 79
28 49
28 28
1 43
14 17
4 85
7 22
28 28
26 41
13 89
8 40
8 24
15 27
18 79
12 69
19 9
0 6
28 50
16 10
30 35
17 56
8 89
23 27
19 100
20 84
27 45
13 52
5 14
15 27
30 36
1 12
25 59
16 85
27 5
7 41
20 47
25 3
2 92
14 80
8 14
15 35
28 73
7 66
10 6
28 61
24 65
30 64
2 37
6 1
29 99
18 33
30 83
21 71
6 44
6 35
17 80
30 60
24 95
2 72
14 11
3 29
6 10
12 88
22 63
21 18
18 26
8 63
28 79
19 22
1 98
7 50
8 67
14 43
1 45
10 37
18 57
1 15
30 64
6 30
25 6
1 1
23 29
5 25
14 57
11 88
17 46
24 44
13 20
21 30
22 45
2 10
16 17
12 44
25 66
30 78
8 39
7 66
28 82
16 16
11 67
28 77
19 86
23 3
29 6
30 87
3 98
6 82
30 70
17 79
15 82
0 89
12 59
8 64
27 44
21 74
2 99
20 53
4 28
2 40
23 1
12 79
11 46
24 32
28 67
16 19
6 72
18 66
24 59
1 88
11 68
13 97
10 34
19 57
9 60
3 36
28 17
25 34
6 97
18 2
14 6
21 92
22 59
6 64
2 58
19 75
21 23
9 78
28 25
21 65
4 47
15 83
13 72
14 34
6 88
6 24
13 45
2 53
19 3
11 2
3 39
17 56
16 35
24 88
7 88
6 65
25 28
18 53
30 86
27 69
20 24
1 12
1 30
14 12
25 92
30 54
27 86
7 75
21 36
1 91
30 53
25 2
3 3
23 32
30 13
1 37
9 6
15 31
11 37
3 72
27 60
7 96
10 1
24 46
29 98
12 75
29 69
1 50
18 4
0 16
23 3
4 34
