100
30 84
27 3
8 6
24 36
15 56
8 83
1 49
17 44
30 70
8 94
17 48
25 5
24 41
9 58
3 84
21 87
16 71
1 60
20 79
20 10
12 95
16 100
25 3
24 17
5 68
3 68
26 28
14 18
2 13
0 19
2 15
18 99
23 99
4 72
18 90
7 47
22 78
22 74
13 58
0 67
21 44
0 10
14 7
14 90
6 49
11 92
13 38
24 93
14 56
27 12
26 86
23 64
16 55
21 57
29 24
10 57
20 95
17 42
19 80
24 67
23 39
21 64
24 13
14 53
25 59
9 31
15 91
11 56
3 82
5 94
7 68
8 91
25 31
0 28
8 41
14 2
28 80
28 99
5 15
21 4
6 98
1 91
17 87
8 46
15 69
25 74
27 73
7 20
7 51
21 58
7 24
5 39
20 11
7 72
15 42
19 43
7 63
30 76
29 38
29 25
24 76
1 19
20 83
17 64
13 59
27 85
0 81
24 54
26 15
18 59
22 88
23 37
16 38
5 19
9 87
18 58
25 24
17 99
19 37
13 7
0 28
25 23
27 97
28 63
22 57
14 23
26 92
26 39
16 87
22 94
21 71
2 99
6 91
20 79
26 30
7 31
1 60
26 93
12 22
6 29
12 36
15 36
21 2
30 57
21 88
27 20
19 52
16 99
23 91
7 65
4 22
24 31
29 92
3 1
22 50
28 78
8 35
23 75
10 96
5 23
23 72
26 19
8 57
3 31
9 56
12 63
27 71
9 84
7 72
23 92
27 22
4 63
21 90
28 42
12 56
29 61
15 15
16 23
29 50
11 29
0 17
3 79
0 37
21 80
21 98
16 97
6 43
0 3
24 14
9 99
5 13
0 7
21 51
9 63
8 41
20 83
5 32
8 100
4 27
10 64
23 29
27 64
10 89
28 20
30 27
0 29
18 23
27 77
2 51
29 10
0 56
11 22
6 89
22 69
13 34
15 88
0 70
2 61
27 23
16 45
11 12
22 75
16 15
26 7
11 28
29 100
0 2
6 96
14 87
27 97
13 27
0 8
5 92
6 67
25 12
21 68
3 67
19 76
22 92
11 82
26 14
21 91
23 34
9 10
1 43
21 21
14 17
7 42
2 60
5 45
15 42
22 38
6 81
5 89
19 24
1 90
12 40
23 49
6 92
17 94
23 60
19 5
30 75
19 13
23 18
26 52
15 21
19 37
12 56
6 96
28 79
24 71
29 25
23 78
27 78
30 1
13 71
13 1
15 10
27 26
2 36
11 75
25 28
2 4
18 64
30 9
24 71
7 27
27 39
23 17
10 34
26 53
19 86
7 95
24 36
22 16
4 60
9 100
0 54
18 83
27 43
26 42
4 50
3 77
14 24
17 32
8 21
10 53
2 83
5 38
11 73
27 42
0 9
27 51
25 78
21 31
11 81
1 1
8 63
5 77
15 49
9 35
10 23
23 39
1 98
7 76
0 66
19 23
27 11
18 47
16 50
6 60
10 47
15 80
9 34
1 94
13 49
2 78
14 6
25 49
0 60
11 63
17 68
28 2
9 98
26 57
3 87
26 63
25 75
2 8
22 66
25 76
13 34
17 66
3 64
15 81
17 92
20 59
10 75
14 62
5 12
21 26
5 99
29 79
19 78
3 22
28 71
7 73
20 53
29 79
22 51
25 77
13 45
22 18
14 88
20 72
20 6
25 99
1 15
28 50
9 44
26 14
22 13
8 83
25 48
3 6
13 10
23 3
12 61
7 15
2 39
14 47
12 69
5 81
25 49
26 33
17 60
25 44
7 48
27 1
23 94
14 32
23 89
4 31
20 41
17 52
24 80
29 86
22 16
29 39
28 23
25 84
22 50
7 18
17 40
27 40
20 77
5 88
16 88
23 73
12 26
23 21
10 32
16 71
20 57
8 60
5 11
19 75
18 24
28 75
21 87
1 7
19 34
29 98
20 12
13 59
26 13
19 71
22 86
17 25
9 89
7 42
21 5
2 93
22 11
13 43
9 82
23 43
10 30
23 22
15 52
6 84
3 33
20 10
13 72
30 11
17 78
12 44
9 47
1 100
7 60
26 13
2 35
7 3
28 41
11 10
11 37
29 75
19 85
4 47
9 68
15 30
0 44
1 95
28 80
7 98
2 22
6 54
12 94
29 82
24 32
6 54
14 30
24 94
22 18
30 73
10 1
4 70
2 24
29 12
11 61
19 11
0 3
9 95
0 16
7 82
9 9
4 21
12 72
29 57
13 57
2 62
9 96
14 65
13 48
13 33
17 12
11 40
7 20
5 67
11 2
8 5
26 25
20 75
29 100
28 36
13 51
1 88
6 88
29 62
30 78
7 65
21 22
29 19
30 32
5 28
30 2
5 17
8 59
6 60
2 81
17 11
22 53
9 6
27 34
6 5
0 100
15 79
8 57
20 47
16 38
9 25
18 37
8 84
13 75
3 88
8 94
14 7
1 62
10 19
19 45
19 47
15 52
29 82
9 41
9 83
15 41
12 45
20 83
6 80
4 51
29 90
18 55
6 76
20 17
21 98
10 29
29 26
27 30
21 74
21 65
13 13
27 24
23 63
18 17
6 88
30 75
4 10
1 18
13 6
21 20
2 76
16 80
4 4
3 17
7 83
11 73
29 38
2 46
7 28
29 33
12 80
17 98
5 21
9 35
27 83
29 72
1 30
4 9
27 42
29 30
5 94
21 100
6 87
12 29
20 64
20 14
15 93
19 88
20 48
22 70
29 14
25 46
21 43
9 66
16 90
27 10
16 71
22 93
23 36
2 3
15 79
28 63
19 23
29 73
30 95
14 23
8 85
11 1
13 94
20 50
26 91
10 31
28 64
3 15
18 45
11 88
11 56
16 69
21 56
14 34
6 46
16 49
30 100
24 39
6 34
1 73
18 81
13 31
27 26
13 83
13 91
21 37
30 73
21 94
21 68
5 96
28 43
15 31
8 26
21 94
18 99
13 58
7 56
8 79
26 10
2 57
13 63
14 87
11 47
26 83
7 5
15 62
24 88
4 67
28 43
13 31
22 5
22 25
1 98
22 60
10 55
0 7
27 17
27 37
8 30
16 88
30 54
25 88
23 11
28 68
11 33
16 23
23 64
14 32
4 51
25 9
4 28
16 5
19 61
28 88
25 19
16 90
7 84
20 97
25 96
3 87
0 69
3 60
22 100
18 25
30 30
8 36
18 26
23 76
9 38
17 96
15 18
8 86
10 9
11 95
25 96
15 52
7 56
30 46
2 12
17 23
11 75
26 7
20 19
25 52
12 47
23 52
24 45
12 75
24 30
0 27
19 58
3 32
29 98
12 84
10 34
20 86
9 80
14 93
7 35
1 9
28 60
22 87
17 35
3 98
22 61
24 16
8 25
14 28
17 23
5 50
3 62
7 33
7 42
27 58
17 57
28 18
19 29
24 99
19 84
25 49
17 4
26 65
13 7
20 77
18 31
17 81
14 66
19 58
29 89
18 25
3 22
9 100
24 13
22 41
1 4
14 60
5 57
9 97
25 1
22 59
3 15
23 35
30 70
9 29
6 84
8 51
9 70
27 33
13 72
29 98
3 67
30 65
16 52
22 21
26 68
28 63
9 70
25 41
8 58
16 57
11 96
13 28
2 24
9 73
23 77
6 79
19 46
3 70
14 23
25 57
6 22
26 17
24 5
3 58
10 51
16 26
23 88
27 6
8 53
5 49
18 5
23 48
26 97
0 29
6 12
15 39
25 19
0 73
15 99
20 90
26 5
13 75
16 48
12 70
2 16
15 27
22 40
15 46
13 52
3 44
7 32
27 61
1 48
30 98
23 36
18 90
27 58
30 95
25 98
5 46
24 80
26 65
10 44
8 98
19 47
2 55
25 22
5 43
0 80
14 3
24 1
13 81
5 39
7 59
7 75
30 15
21 52
29 27
14 25
5 51
21 13
21 21
28 90
9 85
15 32
14 73
27 30
0 17
29 95
21 16
14 70
18 8
12 98
19 27
3 38
29 96
10 79
3 8
0 100
16 11
23 22
16 40
21 42
11 10
11 71
29 92
6 66
23 63
5 35
7 53
19 70
9 93
2 37
13 10
16 36
10 63
30 65
15 15
17 82
22 40
3 8
1 98
22 46
21 24
17 36
6 87
11 28
14 96
30 12
13 43
12 100
27 73
26 95
17 85
23 15
22 47
15 59
11 71
24 70
25 64
5 94
4 76
0 61
28 13
12 66
17 41
22 96
23 67
13 100
6 67
5 32
12 27
0 14
14 91
20 93
19 36
20 92
9 71
23 29
16 50
2 20
26 17
30 40
29 24
17 45
20 9
2 39
20 81
7 13
28 8
12 40
8 79
5 58
4 73
12 33
0 70
25 86
16 78
10 23
14 62
19 62
16 78
5 3
7 38
15 43
25 63
20 11
4 40
2 26
12 100
26 4
12 74
18 15
22 89
18 88
2 67
7 76
24 15
29 52
5 62
22 48
30 20
16 89
19 53
18 89
18 85
28 43
12 70
15 64
16 28
13 13
26 94
3 61
20 62
30 28
12 17
21 32
3 69
20 7
2 75
10 82
25 1
29 15
18 26
24 70
7 92
21 71
13 24
5 73
13 69
7 30
24 40
29 54
13 24
21 48
12 80
12 12
5 5
27 15
13 38
7 36
22 20
23 9
20 29
22 42
3 93
29 99
16 21
7 13
2 20
8 98
18 56
3 55
2 50
15 28
15 5
13 1
25 88
27 35
29 91
13 21
17 23
24 48
11 47
10 47
0 38
9 58
28 20
20 55
29 55
5 12
30 61
16 50
0 81
6 25
8 17
7 27
24 78
7 18
1 16
20 100
5 56
26 16
18 67
9 81
16 25
23 36
11 20
0 93
16 78
16 21
7 44
3 13
4 49
6 8
27 4
17 65
28 44
4 23
16 22
6 4
6 44
28 2
20 57
21 78
23 27
4 55
6 29
0 35
14 90
19 96
16 54
4 62
26 79
21 15
27 68
24 99
21 64
14 9
3 16
1 53
18 68
26 4
10 96
12 63
10 30
11 3
16 29
15 80
20 79
23 84
1 15
1 70
17 25
26 22
17 13
1 90
15 91
0 57
9 65
30 29
20 55
2 24
10 99
0 41
24 10
18 9
13 31
14 88
27 74
14 94
11 11
30 96
19 2
6 57
5 44
3 26
8 10
8 76
14 73
27 29
14 31
27 74
21 39
23 62
25 53
22 64
19 55
13 52
29 68
22 17
23 66
2 72
30 98
6 43
4 97
3 97
2 47
4 72
2 21
19 76
0 75
5 40
13 50
17 97
9 88
19 45
7 32
29 29
3 81
5 35
3 10
18 78
6 45
4 1
6 81
16 60
23 61
18 37
21 25
18 45
20 66
19 74
2 16
6 98
21 11
16 90
16 36
20 6
22 76
18 11
30 68
5 54
27 91
28 53
3 87
11 70
28 58
4 72
2 72
25 29
4 85
26 56
23 78
21 41
6 70
14 76
17 92
28 85
14 16
27 63
25 21
19 47
24 60
7 53
15 15
7 89
26 91
21 5
10 66
18 79
14 25
11 83
18 74
25 13
16 35
14 20
6 73
25 68
25 98
6 80
19 9
12 24
8 25
14 29
26 24
16 86
13 1
3 3
9 31
5 78
10 75
12 92
20 55
8 4
12 18
26 46
1 63
2 2
19 72
6 28
19 46
15 73
22 14
4 41
21 79
11 54
2 88
27 97
27 74
27 34
29 93
24 1
15 39
9 41
4 21
26 22
14 85
19 74
7 7
29 19
7 24
11 33
24 48
7 68
0 86
9 20
17 56
2 82
0 96
0 16
3 50
23 4
11 19
23 15
19 53
13 51
12 38
21 28
14 58
29 80
0 49
12 38
22 92
5 9
19 45
6 85
28 39
10 5
23 6
30 18
1 89
11 34
30 83
5 90
13 32
2 58
29 43
16 55
11 57
14 53
11 70
5 33
8 41
14 51
1 94
12 50
24 15
14 44
10 24
13 63
27 40
30 16
11 20
21 72
25 2
27 95
30 13
16 43
30 13
29 67
17 54
20 8
25 7
29 51
24 14
28 59
9 51
26 48
8 27
7 44
20 18
0 75
7 65
6 31
10 85
18 76
18 88
5 97
29 90
12 80
16 56
10 100
26 81
17 84
17 38
13 59
13 90
23 61
30 74
26 72
10 100
5 57
9 9
8 83
13 72
16 24
2 80
9 73
7 57
5 66
0 97
10 90
30 62
16 27
5 38
2 28
10 19
26 10
17 24
4 5
5 77
29 17
29 24
0 50
17 69
11 78
6 70
0 86
1 58
6 6
12 10
5 11
23 98
5 100
3 31
0 2
5 91
26 83
21 48
0 18
1 96
0 19
25 71
12 29
7 12
22 86
15 37
26 18
22 60
4 69
13 90
30 26
2 79
24 8
3 96
6 14
8 79
29 42
19 94
12 46
24 11
25 52
11 15
21 1
21 22
2 62
30 22
15 84
25 7
28 43
28 20
25 68
28 87
3 86
5 6
24 31
0 15
19 74
10 85
8 65
13 30
6 11
10 23
12 38
2 67
27 83
25 45
27 61
20 40
13 81
0 23
19 4
7 62
1 52
27 74
28 60
6 87
4 24
0 57
25 86
10 23
5 52
13 90
11 71
19 87
8 15
14 78
0 50
2 29
21 87
18 61
7 97
28 72
4 86
11 82
7 37
21 46
14 99
28 45
18 91
23 79
9 7
18 15
18 58
30 51
23 3
3 15
8 75
13 99
3 91
4 45
20 38
12 70
21 65
30 46
19 29
5 18
10 25
27 32
17 46
17 64
7 18
28 59
0 90
13 3
30 83
21 8
27 82
7 57
3 19
13 18
22 96
28 57
19 10
4 80
22 76
2 88
17 75
15 94
10 45
6 93
18 25
27 41
7 10
23 59
29 15
25 51
19 62
22 34
7 11
26 78
29 48
10 3
26 4
14 42
28 39
29 55
6 68
7 99
10 64
11 20
28 81
20 26
13 30
18 84
19 94
10 63
26 26
24 9
27 59
15 7
22 24
22 89
10 66
30 78
12 30
26 90
9 73
27 36
7 58
1 56
13 8
16 77
14 46
6 45
13 64
8 41
22 63
16 17
2 70
13 42
22 7
5 98
16 16
18 97
23 23
19 21
2 32
26 92
28 39
1 29
3 21
