40
29 88
13 23
30 49
8 31
13 88
6 75
17 13
21 100
4 10
24 98
15 16
20 24
21 30
7 65
26 46
2 89
10 96
5 62
22 8
4 26
0 48
6 86
6 73
22 68
14 45
9 93
18 63
12 82
21 36
7 41
9 80
1 7
28 32
16 9
11 67
0 94
13 75
23 82
21 39
5 76
15 35
5 10
20 12
11 43
27 52
5 44
4 93
30 61
13 17
0 93
1 100
19 83
29 78
5 35
7 96
22 40
27 80
28 57
20 66
9 84
22 53
14 26
30 90
26 63
25 58
0 29
16 26
19 22
18 70
16 89
18 79
7 99
16 2
22 37
22 11
15 4
24 75
9 91
25 45
10 23
16 58
21 84
24 10
22 70
19 71
6 10
24 25
4 37
22 60
11 41
16 94
8 76
19 64
1 61
1 44
14 57
1 32
14 23
21 85
3 48
3 98
10 68
12 100
23 97
27 72
0 62
28 52
2 33
29 40
15 19
17 97
13 92
19 14
12 8
6 16
12 95
9 87
8 15
20 72
1 82
22 82
23 93
2 11
11 89
22 7
0 91
26 31
22 3
16 60
21 57
12 27
14 56
17 73
12 72
23 33
21 95
9 44
1 82
27 70
28 28
10 85
1 43
28 49
3 79
23 100
24 97
21 54
17 21
19 87
25 86
16 30
11 24
20 18
25 44
30 69
9 96
11 17
10 26
1 81
28 42
9 36
1 10
27 10
0 25
16 99
18 94
8 84
13 70
23 35
4 68
25 29
19 39
24 25
9 9
29 4
10 3
7 91
4 9
30 50
8 54
13 25
12 23
9 31
10 79
30 19
27 35
29 97
26 22
19 17
16 52
23 67
18 34
11 19
11 30
22 26
10 88
26 42
18 4
22 46
29 81
30 43
3 94
4 37
26 41
24 12
5 9
23 23
7 53
28 52
15 28
29 57
26 79
9 78
30 74
12 100
27 76
25 66
23 83
24 24
9 15
15 95
4 46
4 32
20 89
12 81
15 33
8 76
1 66
5 30
2 49
25 10
24 39
10 1
8 65
22 13
0 21
8 21
3 45
18 82
1 20
7 40
24 40
8 58
6 93
17 73
12 32
16 50
26 68
22 62
7 15
4 24
29 73
25 88
2 5
7 40
13 18
28 100
13 85
5 75
1 58
20 68
27 86
17 35
25 58
22 14
14 14
3 51
19 72
5 15
15 51
28 2
16 86
13 64
1 24
7 60
4 99
14 82
28 68
10 100
25 82
9 28
4 32
20 38
28 57
29 63
19 26
13 82
3 44
13 27
29 73
15 38
17 90
14 65
30 45
5 30
23 52
23 33
28 57
10 84
12 93
22 12
14 20
12 58
15 37
28 86
27 46
25 89
29 92
22 65
20 73
27 85
29 84
14 79
15 62
4 46
18 28
13 28
20 75
16 50
17 96
16 74
0 27
24 52
0 71
1 50
5 25
21 89
10 4
10 36
4 4
14 17
26 36
11 32
19 51
28 22
3 25
16 12
10 72
27 56
20 91
3 1
2 78
26 16
20 67
27 17
18 30
7 74
22 52
20 70
7 49
9 91
29 78
23 40
30 48
8 57
22 82
22 44
2 89
12 39
17 66
14 29
19 10
5 89
2 49
13 25
11 94
10 72
27 71
11 65
3 34
12 7
25 80
15 21
6 40
9 17
18 64
0 86
13 97
10 22
0 61
30 39
10 53
21 48
0 55
30 97
4 76
6 55
14 93
17 65
23 65
20 29
4 91
7 85
9 42
10 87
16 85
24 1
30 24
26 45
2 25
