40
6 92
15 66
13 95
26 76
8 45
29 32
3 87
26 57
13 12
15 45
15 18
20 46
30 38
23 83
15 95
3 82
7 99
28 46
8 54
19 43
12 57
5 99
9 90
3 40
16 90
21 31
30 26
28 82
14 4
9 53
21 4
20 39
3 45
29 32
9 12
22 62
1 73
12 86
23 16
27 21
30 25
9 33
16 53
21 9
13 95
18 41
4 25
16 38
30 13
12 33
20 38
28 71
2 52
23 56
13 99
14 91
12 70
27 17
2 29
5 100
11 64
0 75
10 5
29 48
21 52
16 71
7 56
10 56
20 23
9 26
21 4
18 90
3 60
1 53
11 3
0 49
1 53
7 20
5 75
15 85
21 26
24 92
5 31
1 32
23 5
30 86
3 75
23 12
8 45
3 1
26 94
20 16
30 42
27 98
17 43
28 72
27 79
14 4
0 26
29 29
11 36
3 61
0 37
8 64
28 5
6 50
25 90
3 39
26 27
20 85
9 30
25 82
3 17
5 21
29 60
1 30
12 86
4 49
17 43
11 16
13 5
8 29
17 49
30 84
28 5
27 39
4 29
13 13
4 17
11 6
15 16
12 17
24 15
2 25
25 51
9 88
11 17
7 40
26 65
22 9
1 19
0 17
23 40
12 13
21 11
5 11
12 25
6 53
28 97
10 69
10 1
11 44
10 21
19 31
27 63
14 22
16 89
5 28
29 24
21 8
30 28
13 49
2 71
26 68
26 55
3 35
19 92
25 1
23 3
11 25
1 25
3 9
0 49
15 89
16 52
20 32
12 53
8 8
27 66
0 68
6 23
26 31
2 24
0 68
2 19
12 54
13 7
2 78
15 25
26 66
28 99
7 44
18 7
0 71
7 84
22 32
18 99
17 5
23 30
23 39
24 39
0 8
24 18
12 44
4 60
3 3
26 8
12 24
12 86
15 23
11 52
24 10
30 62
12 93
30 63
2 32
24 52
11 6
18 29
10 51
16 1
27 66
12 69
9 47
25 71
28 19
6 22
11 4
12 30
8 60
28 71
4 99
28 31
27 24
21 39
28 87
23 32
17 76
14 77
19 90
6 98
7 82
27 95
6 40
0 8
6 11
26 56
29 20
15 68
28 33
5 11
9 37
30 69
23 97
28 27
14 32
27 4
5 69
15 91
24 94
8 44
29 40
13 48
20 12
23 76
8 70
27 90
19 38
30 48
20 21
4 62
11 55
26 98
4 65
2 86
21 73
17 27
8 40
10 27
20 77
28 35
13 68
25 41
5 53
0 26
2 73
22 59
12 50
29 37
6 99
5 29
10 25
24 88
5 20
24 60
29 96
12 42
12 78
4 56
17 48
15 27
13 19
23 55
12 45
1 43
13 76
16 32
16 94
9 79
22 22
15 72
19 9
22 9
9 51
16 75
8 15
27 17
0 92
5 41
14 97
27 13
14 53
16 92
20 79
11 53
15 28
13 27
11 81
4 56
6 21
10 10
12 42
8 80
0 68
0 97
18 76
21 56
16 100
11 84
3 99
7 46
15 56
9 18
30 86
24 55
18 30
11 60
18 25
8 31
4 90
13 52
23 88
24 97
12 40
28 28
18 96
6 89
12 41
22 12
0 81
27 30
21 57
29 19
26 88
20 47
30 91
21 26
30 42
12 40
21 3
21 63
10 37
22 79
19 45
3 40
25 22
30 40
6 70
26 43
16 47
20 52
12 60
30 94
24 25
16 16
20 69
22 44
22 74
7 3
1 19
27 24
4 24
6 92
5 45
15 9
17 35
20 81
25 65
19 100
0 39
