40
18 48
5 40
9 15
26 71
3 72
5 97
27 52
22 1
7 88
3 59
20 89
9 25
22 73
26 91
21 12
29 94
29 23
16 88
5 80
24 33
28 25
8 85
16 94
3 25
22 97
21 1
8 51
24 2
3 81
11 12
25 70
8 28
4 20
22 24
22 1
28 5
15 62
1 23
13 57
18 49
4 83
29 78
28 39
26 51
25 91
20 13
21 48
20 99
21 42
22 80
19 10
13 7
8 2
7 33
1 32
27 2
12 37
22 92
19 46
23 59
18 55
17 41
18 49
1 32
25 81
19 72
7 70
13 68
13 28
28 76
28 79
3 22
15 75
14 98
18 54
19 74
17 43
1 80
20 100
26 47
10 88
26 87
16 39
7 81
27 12
29 88
22 19
0 68
20 62
9 25
12 68
14 14
14 6
25 77
13 80
28 27
29 86
17 6
20 30
20 5
13 92
5 77
17 89
0 82
19 78
18 79
4 34
9 36
17 16
9 77
2 93
29 98
7 44
19 81
2 60
21 61
23 18
9 92
28 53
16 16
10 50
18 24
22 24
19 37
11 58
27 60
3 42
8 30
12 81
11 73
21 37
22 17
7 11
20 54
3 44
7 72
6 77
6 45
8 27
30 17
11 31
4 3
24 87
9 53
8 4
6 18
23 74
1 26
15 82
28 91
20 56
27 5
23 44
8 61
5 48
27 82
26 99
4 63
10 72
28 75
22 6
14 49
6 64
10 93
5 5
21 20
10 30
25 25
11 93
13 13
23 76
3 1
29 76
27 55
25 13
22 93
22 40
6 63
26 10
22 18
4 95
13 16
19 87
24 95
10 86
25 24
7 97
19 75
17 11
30 49
13 71
9 15
0 57
1 36
24 40
24 4
16 43
4 83
20 46
25 48
22 31
26 19
5 44
22 33
20 73
2 12
5 23
29 67
28 86
18 37
6 3
23 35
23 6
30 28
0 1
4 53
9 91
18 65
26 59
25 32
3 4
5 45
2 53
22 75
3 34
16 82
9 60
30 41
25 36
22 32
26 61
6 91
13 88
7 56
22 27
12 15
15 37
13 30
1 99
14 93
5 4
11 29
15 24
13 54
14 37
27 42
0 18
9 25
29 56
17 20
21 16
9 78
5 96
19 65
25 1
11 95
17 60
18 66
19 8
2 6
19 44
28 89
27 76
3 45
24 1
11 11
20 50
24 9
7 68
6 59
16 60
3 56
8 62
5 52
23 67
16 30
9 25
1 15
28 94
21 79
30 47
27 28
7 92
30 28
14 84
21 5
17 14
12 8
10 26
16 5
15 17
10 57
5 26
8 24
7 55
0 47
4 67
12 33
24 1
4 88
7 58
16 64
18 9
9 98
5 20
3 60
14 95
29 87
8 38
11 15
23 6
28 22
6 91
3 28
12 61
9 4
0 38
23 81
14 37
12 7
29 91
18 95
21 98
9 55
18 51
19 51
28 55
5 69
21 92
6 36
14 74
21 14
16 19
9 27
29 28
30 37
12 33
12 36
4 53
28 98
12 81
3 51
14 48
21 45
9 78
5 88
3 53
18 61
8 94
2 32
14 72
25 47
17 19
26 70
23 36
18 8
28 63
12 67
13 89
8 57
8 95
14 2
25 65
8 96
20 17
30 43
13 31
11 57
7 84
18 18
24 33
22 77
19 86
8 39
3 4
9 17
2 86
7 72
7 47
24 75
30 52
5 65
18 32
11 48
14 64
21 88
19 20
26 72
13 17
11 81
27 58
10 95
30 71
3 42
6 54
25 57
25 52
23 72
0 13
21 57
