40
29 76
4 59
16 46
27 50
7 59
16 98
23 1
21 79
3 3
25 30
12 45
24 36
3 65
4 57
24 36
21 30
5 78
10 45
1 27
28 74
19 10
18 71
11 29
5 68
30 94
1 94
29 26
23 17
29 72
26 77
12 47
3 95
21 52
1 34
11 58
7 69
25 13
14 4
6 99
23 72
20 78
19 22
30 3
9 69
6 33
27 49
9 46
7 35
27 32
19 82
14 71
11 11
0 51
1 41
13 64
16 96
5 23
20 94
16 16
30 90
17 16
0 95
18 99
28 52
22 44
5 46
21 70
26 76
2 38
8 84
22 16
21 100
7 17
17 60
29 50
27 47
11 65
28 28
22 100
5 21
24 1
2 26
26 2
27 98
30 25
13 44
23 6
17 49
23 80
17 52
29 71
20 24
8 48
28 40
26 70
11 12
6 58
0 98
11 44
1 62
16 28
7 8
20 21
4 60
21 78
12 90
0 85
4 27
29 80
4 9
2 87
8 22
25 31
13 15
22 52
8 7
4 86
16 66
25 87
20 69
15 37
23 28
6 11
14 27
29 16
20 94
0 58
21 71
20 62
5 55
22 58
25 84
11 86
26 10
15 33
24 75
24 35
18 40
22 12
27 19
5 74
20 68
25 83
2 61
11 43
4 2
9 95
1 75
15 38
8 75
29 19
15 41
14 58
16 64
15 4
3 17
9 17
9 45
24 55
14 37
23 41
13 42
2 78
21 51
13 86
5 34
19 46
30 20
11 3
29 77
26 21
13 29
30 52
15 79
7 45
26 43
26 47
3 4
11 93
21 13
18 59
9 28
13 31
28 92
3 46
7 22
24 29
24 7
24 60
13 41
18 84
22 70
3 24
2 92
0 39
29 41
0 14
3 100
27 52
18 89
9 70
30 45
19 50
17 8
1 41
23 74
13 6
26 54
2 61
19 54
7 54
29 22
23 44
3 1
24 13
7 3
27 24
5 100
1 9
17 91
17 48
8 3
4 23
11 61
8 82
5 4
6 13
29 17
14 7
16 25
23 43
19 81
9 10
1 46
0 51
0 41
3 91
17 25
1 20
9 77
21 16
17 71
13 24
12 64
2 71
1 72
21 15
26 4
2 33
27 50
11 80
8 68
1 24
24 6
21 51
4 64
28 37
16 21
29 4
25 78
27 58
18 44
28 5
22 63
17 52
20 94
30 16
21 19
4 53
1 18
16 61
28 80
25 76
7 8
3 35
22 60
29 12
27 79
0 39
16 66
19 3
24 47
6 23
10 43
15 35
3 54
12 42
29 63
26 52
14 48
13 73
20 93
0 42
9 17
8 8
17 22
6 91
20 29
25 21
3 94
12 5
15 40
2 1
24 7
30 65
15 95
20 32
9 37
0 47
8 62
7 50
7 35
14 17
2 59
10 74
1 54
22 84
24 36
11 65
13 87
9 27
21 97
22 32
16 96
24 54
0 69
28 27
25 40
29 24
3 62
5 85
23 42
26 1
19 17
30 12
30 41
20 93
5 92
18 26
10 36
2 7
12 9
17 8
11 19
9 8
22 36
17 63
2 74
9 76
14 85
0 78
5 17
28 16
7 99
10 33
6 40
30 86
7 76
11 23
6 83
26 36
22 69
4 96
6 100
2 61
7 56
14 19
12 25
1 89
20 56
10 13
27 26
1 12
1 7
23 48
10 63
10 44
17 69
14 99
7 61
24 61
1 95
3 21
15 42
27 51
22 52
6 86
18 52
21 44
10 93
18 89
23 34
26 31
12 84
7 87
10 54
10 39
22 94
1 90
20 3
