40
22 78
6 75
8 27
26 88
18 68
7 46
24 14
15 44
22 38
4 29
4 15
14 95
24 48
0 2
7 96
2 95
26 40
17 44
17 72
13 7
9 82
23 66
8 6
24 74
27 21
12 62
1 87
26 33
26 61
20 53
12 67
23 22
9 55
1 92
13 13
13 73
22 61
7 42
19 46
22 61
22 19
26 97
1 8
16 10
12 66
8 92
21 90
4 56
10 9
8 7
30 77
11 32
26 28
0 83
20 16
28 44
13 7
5 18
14 38
26 80
20 59
14 97
22 17
4 6
8 64
15 76
26 32
30 28
24 59
10 92
9 19
22 50
15 69
0 8
14 24
24 84
25 15
18 12
9 34
15 45
26 96
13 42
18 31
4 29
12 79
2 39
5 28
11 68
14 76
7 35
7 83
13 55
18 21
13 59
16 82
8 94
22 89
26 43
11 20
11 59
4 32
21 41
2 99
12 82
19 94
9 63
13 40
19 87
7 24
7 35
26 98
12 25
30 57
5 71
8 7
29 81
29 38
8 91
16 45
10 66
9 32
30 62
14 65
16 45
23 58
2 28
0 21
18 81
9 15
22 57
20 48
29 35
29 75
16 59
20 6
3 72
24 69
17 32
1 11
7 65
24 97
27 54
15 88
22 9
24 16
16 94
13 33
28 28
4 56
9 14
2 80
29 3
10 72
8 66
27 38
6 96
4 71
28 12
28 81
16 96
0 21
19 78
24 26
19 81
23 13
11 61
25 69
11 55
27 18
9 100
29 77
4 59
24 66
17 10
4 80
25 58
23 80
5 65
20 13
15 84
27 79
21 75
6 68
24 93
10 33
10 53
10 81
18 50
6 55
25 43
3 95
14 87
8 49
3 84
6 50
19 3
16 17
11 68
2 75
15 62
30 5
23 93
13 47
10 77
12 54
18 15
15 13
26 3
12 88
3 42
3 20
23 22
14 29
26 34
10 56
3 53
7 89
13 15
5 14
22 86
23 68
11 71
7 53
15 20
8 2
26 81
4 11
25 39
15 4
27 22
16 54
21 50
5 28
24 70
10 19
27 21
26 82
8 22
18 69
20 78
6 76
28 20
18 25
4 11
18 46
6 89
24 25
12 44
12 30
5 74
1 31
26 14
17 73
4 58
1 58
9 61
6 21
17 18
14 57
21 32
24 35
25 59
0 90
7 12
8 63
6 21
8 55
17 69
25 76
11 76
12 90
21 97
4 56
14 63
14 51
21 73
2 44
11 39
8 4
0 3
18 12
14 15
6 5
11 69
5 12
29 40
26 30
2 23
11 95
17 71
18 31
27 25
2 14
14 16
28 46
12 57
27 6
30 17
4 85
5 51
18 75
7 19
18 1
9 7
22 60
0 86
19 41
30 50
7 17
19 61
12 44
0 40
2 80
20 66
20 65
17 51
4 34
2 74
23 65
11 16
14 66
25 16
23 86
11 70
24 76
2 72
16 26
16 92
18 45
0 7
29 22
28 16
29 18
7 88
9 96
18 15
27 83
29 3
27 41
1 7
3 61
10 59
4 60
27 29
17 43
30 17
28 53
13 69
2 71
4 4
29 53
5 31
3 15
21 62
25 92
22 96
23 30
20 78
10 76
28 29
29 88
25 65
13 16
0 42
17 89
18 80
7 45
24 17
6 13
18 14
20 51
15 69
20 73
8 13
17 10
16 38
9 46
28 10
15 43
10 65
22 5
13 61
24 65
10 19
28 40
3 92
11 68
1 76
5 93
14 54
17 18
27 38
6 54
12 48
22 93
2 94
18 96
19 62
22 32
4 20
