40
28 93
16 65
14 65
17 25
16 86
21 98
16 99
9 55
27 21
20 45
0 49
8 2
25 82
29 10
19 21
4 58
22 3
3 75
9 89
1 80
16 12
26 10
1 70
25 51
13 81
13 74
6 60
24 53
27 59
17 19
30 52
16 9
23 50
23 72
5 4
28 78
21 23
0 97
10 9
16 68
1 13
25 61
26 53
29 79
11 45
23 88
16 63
0 43
2 94
20 90
29 37
4 1
8 93
23 42
3 59
24 78
9 68
1 73
29 73
6 1
15 64
3 81
17 73
5 88
8 16
20 59
16 32
3 83
23 69
13 35
21 2
11 23
26 78
30 93
5 20
26 34
23 2
17 38
22 95
14 59
2 77
3 11
9 80
5 9
5 95
10 87
9 8
21 87
12 44
14 47
5 82
24 95
8 77
29 93
24 70
21 28
23 88
22 95
30 73
28 67
28 78
11 89
7 29
10 51
24 34
7 6
19 67
21 35
8 90
13 87
7 18
11 56
20 4
8 75
24 72
3 49
18 28
25 66
10 96
1 4
29 81
5 30
29 75
11 53
20 39
22 40
0 26
7 87
22 26
21 77
9 68
22 59
5 94
14 35
2 33
26 57
3 39
1 46
0 62
11 51
22 17
24 31
9 28
7 62
28 62
25 47
0 5
4 83
26 85
11 85
5 41
9 65
8 55
2 82
16 7
2 64
5 46
9 80
19 13
7 9
27 81
10 54
15 44
13 19
23 10
5 11
26 7
23 35
16 50
21 17
11 96
8 26
7 55
10 70
21 52
18 45
3 53
15 57
23 45
18 78
10 9
13 3
12 11
26 23
29 96
29 54
18 88
21 25
10 36
14 89
20 11
24 8
25 36
13 20
10 78
7 42
7 81
13 59
8 1
25 16
16 33
11 82
4 58
23 37
29 81
12 15
17 24
20 64
10 58
11 74
2 37
25 1
8 50
5 19
12 50
12 90
0 14
14 74
29 52
9 82
23 45
3 39
24 65
24 70
2 42
2 84
4 91
26 66
24 72
22 29
9 1
2 33
0 29
10 42
27 97
27 18
18 29
29 82
12 96
26 11
25 38
3 48
18 2
7 96
5 33
30 92
21 38
3 1
12 39
10 43
10 53
15 49
25 99
21 51
18 38
2 79
22 85
11 51
4 77
27 9
29 83
20 100
26 79
18 57
26 100
20 38
0 17
28 68
21 42
20 34
17 28
28 99
12 28
14 70
10 8
5 11
15 53
26 57
26 86
26 14
15 71
13 53
25 56
24 76
5 80
3 7
11 41
4 36
5 9
15 11
13 23
11 26
1 36
29 7
14 46
29 42
7 37
18 22
1 91
10 64
8 54
12 49
17 58
28 59
27 38
7 19
0 31
16 86
25 52
5 36
0 5
23 28
13 54
0 52
14 16
18 48
29 40
27 24
25 72
11 83
17 28
16 26
29 19
17 31
21 32
3 28
15 42
26 49
20 64
15 26
7 2
15 100
3 99
26 89
13 86
27 63
22 16
5 73
7 26
13 24
3 22
11 20
11 66
28 5
19 75
1 22
12 88
6 18
23 36
21 77
29 3
22 39
15 6
12 94
22 8
7 84
30 85
22 5
9 33
8 14
4 81
3 13
21 43
1 82
22 30
30 8
9 4
27 28
16 56
19 46
9 67
0 100
3 64
2 97
18 67
27 42
25 75
3 30
25 78
25 12
17 68
22 21
21 13
30 52
26 14
18 87
29 81
20 83
17 61
29 33
4 4
14 43
13 2
8 58
4 71
28 21
9 69
25 27
30 7
8 88
