40
20 28
2 90
26 98
11 81
5 49
17 47
18 89
8 71
20 67
21 23
5 34
15 73
0 40
29 62
26 85
20 9
10 9
12 20
13 67
28 26
14 22
22 45
25 97
0 45
26 24
25 57
4 60
8 73
7 80
5 53
30 82
5 62
24 48
1 48
6 19
21 95
7 59
4 37
12 69
24 99
0 54
14 31
24 100
0 54
30 89
29 73
4 51
9 25
27 90
17 71
16 11
13 49
14 3
18 35
30 94
17 85
14 22
7 85
3 82
25 24
0 89
19 42
1 9
15 11
15 72
2 50
5 3
30 24
15 21
17 78
12 65
30 100
11 31
8 14
6 10
28 1
18 5
12 1
4 89
9 32
7 16
10 7
5 21
24 76
3 19
27 62
23 68
15 15
10 71
8 97
30 44
6 41
30 23
24 11
3 76
1 4
6 49
24 93
1 13
2 7
9 37
26 80
19 83
11 81
19 1
4 97
13 49
5 30
18 5
14 95
11 62
28 88
30 25
24 48
22 60
18 32
7 51
2 69
18 20
21 82
18 62
18 38
5 89
28 96
25 12
4 12
22 97
14 52
18 73
10 30
30 49
27 71
26 92
4 65
6 83
6 18
23 3
15 48
9 49
14 31
3 34
6 89
16 4
7 52
3 86
6 50
17 31
28 63
13 9
27 37
25 14
30 92
13 33
21 74
19 8
2 47
9 66
2 61
16 20
8 33
28 9
13 29
29 46
22 61
16 67
20 37
26 16
20 21
18 69
28 93
17 16
12 33
21 46
23 83
22 72
18 61
28 98
7 22
27 48
5 48
21 7
10 61
18 43
25 67
4 35
5 32
14 61
23 78
15 16
14 92
19 49
24 67
5 66
9 12
14 43
8 89
25 65
7 89
25 8
27 99
29 27
3 28
23 47
11 32
5 87
12 71
27 61
4 50
10 76
14 51
25 57
16 13
10 10
5 39
8 84
29 79
17 66
0 42
29 54
30 54
20 38
24 87
25 91
8 81
28 5
23 2
11 70
13 95
5 92
21 82
27 6
10 23
16 2
8 60
17 55
19 41
18 7
10 57
22 9
29 38
9 78
24 80
24 43
16 62
12 38
1 7
25 49
13 92
26 52
18 35
24 15
3 92
17 52
14 31
10 71
2 23
13 61
3 82
6 55
19 1
8 45
27 37
2 70
5 21
4 60
9 7
20 27
11 43
10 92
8 10
13 12
9 5
10 17
18 12
5 95
27 78
6 41
25 97
27 93
11 23
22 51
12 36
16 52
14 37
17 18
2 76
5 66
30 71
29 67
15 15
10 7
17 16
3 98
17 60
11 55
25 49
8 10
18 70
28 89
1 28
0 13
0 22
18 80
12 89
10 75
12 43
15 33
19 54
13 77
15 93
17 65
7 78
6 96
3 82
25 82
15 96
18 73
27 21
22 39
7 36
7 47
22 38
2 80
30 34
9 58
28 7
29 36
9 11
7 44
11 41
18 7
25 73
12 5
28 29
22 46
12 40
15 32
26 6
0 5
29 83
28 74
20 82
13 85
18 12
23 5
23 12
24 99
23 24
10 25
6 32
24 36
5 95
16 8
5 61
20 84
5 82
25 49
12 20
13 81
22 53
3 85
3 45
0 12
26 29
11 67
27 3
15 92
17 57
8 94
3 73
25 9
2 60
1 79
11 51
4 54
11 69
17 19
30 27
16 85
26 72
14 50
18 48
5 56
18 18
16 43
25 35
27 54
13 37
20 58
8 8
16 10
19 74
5 39
17 6
16 49
19 71
6 48
22 13
25 94
24 55
