40
23 49
26 41
13 75
18 29
13 71
20 6
5 87
8 59
2 89
14 43
2 45
9 46
28 70
0 43
13 51
30 91
30 37
6 25
18 14
15 42
23 63
6 94
6 100
22 72
15 96
20 76
24 2
14 51
26 92
23 72
26 6
1 32
30 7
13 56
23 48
7 65
0 39
27 93
30 51
6 90
29 51
2 97
10 2
25 94
15 31
20 28
3 50
17 87
23 18
8 74
2 7
18 41
1 3
10 31
17 38
1 93
25 97
3 13
25 36
16 76
19 52
16 66
11 32
6 69
21 52
24 9
25 32
9 23
8 40
15 76
2 28
16 15
17 63
2 32
7 66
14 65
22 31
23 81
26 15
21 94
8 91
18 99
12 42
25 39
4 38
9 91
0 94
27 26
9 28
8 4
6 53
0 81
26 42
11 64
24 55
11 20
4 59
9 77
27 78
27 44
10 74
17 44
15 62
26 8
25 63
29 98
18 69
29 68
11 79
22 67
29 52
7 61
9 87
6 74
23 38
21 66
23 61
16 28
9 14
23 83
11 41
15 97
9 99
5 56
15 11
13 10
23 44
5 93
7 2
9 24
8 40
7 88
22 98
1 49
15 26
23 33
28 38
0 64
28 38
10 95
13 39
1 77
6 86
7 3
5 90
9 47
19 45
25 14
4 37
12 12
13 45
7 14
4 25
13 74
28 15
17 69
29 68
18 45
12 4
10 14
8 3
27 18
28 57
15 70
30 89
8 56
9 92
18 98
24 10
22 49
20 34
27 94
9 6
7 77
29 56
3 34
15 27
18 36
10 97
5 69
17 95
10 94
0 27
3 3
25 11
14 88
22 58
23 30
11 35
7 53
18 6
9 26
1 12
12 35
14 13
23 50
1 37
29 77
28 28
2 26
2 33
20 25
21 85
19 7
16 91
0 81
26 45
22 68
30 69
29 74
7 58
17 49
27 16
0 13
4 82
28 33
28 43
23 82
18 44
19 34
25 96
15 57
12 12
24 21
15 41
3 32
10 62
15 22
26 27
18 79
1 78
2 19
19 82
13 80
30 99
17 9
8 13
4 62
6 38
8 32
15 77
3 87
29 16
4 95
21 61
3 83
9 96
20 87
4 21
20 64
29 91
20 86
3 76
10 50
17 9
3 7
5 18
10 14
21 5
13 46
25 9
14 24
30 82
18 14
6 98
3 74
12 71
10 25
25 51
23 34
3 43
29 20
12 51
1 43
19 13
9 59
8 87
4 82
3 11
17 19
7 70
19 14
27 40
21 8
6 32
18 8
28 94
9 50
29 83
4 53
4 8
16 35
4 30
19 77
26 36
15 40
16 96
16 56
10 55
0 45
18 24
20 60
0 10
15 75
23 83
27 20
3 98
4 35
12 35
23 96
7 79
19 44
8 16
14 98
7 63
23 88
5 49
13 7
20 84
5 41
20 21
18 56
12 100
10 1
2 37
26 65
3 32
2 8
18 98
28 65
23 11
29 22
2 57
3 66
1 59
3 91
10 44
5 51
24 49
27 94
11 59
17 11
28 63
24 73
9 68
19 41
30 66
21 92
13 21
30 80
14 21
23 37
28 18
22 55
21 5
24 100
8 6
19 11
4 29
25 39
20 42
2 79
12 37
22 15
30 53
20 71
3 13
24 34
0 25
10 25
20 80
14 84
11 75
27 91
10 18
2 77
10 87
11 78
9 65
24 20
30 26
30 96
30 93
1 64
21 32
18 36
5 98
19 62
6 94
13 4
26 38
29 26
18 12
16 11
4 21
11 68
20 21
17 14
16 4
30 74
