40
29 80
22 88
12 99
28 36
30 13
27 43
5 69
27 47
2 48
10 57
11 92
11 58
6 90
14 42
25 73
23 83
14 34
16 67
24 14
20 87
12 59
24 99
10 58
10 5
21 89
18 63
5 88
9 10
5 88
7 65
30 86
5 65
26 4
10 87
2 13
16 57
25 10
23 85
7 78
12 67
5 56
0 60
6 2
28 8
4 87
9 73
18 41
24 29
7 79
2 78
13 30
10 88
17 50
22 65
8 99
3 70
17 10
14 60
10 79
8 28
3 95
15 83
11 44
19 5
26 19
13 46
18 44
26 70
17 73
23 40
18 68
12 14
18 46
7 44
25 16
25 61
7 80
22 41
23 12
11 30
30 27
2 2
25 46
24 80
28 86
10 27
13 62
26 17
20 85
6 19
8 36
2 26
6 5
12 50
4 67
5 85
7 57
22 88
16 38
12 32
7 61
15 7
30 53
9 1
10 10
20 96
20 3
15 9
14 82
25 4
17 82
16 95
11 90
5 79
1 23
14 45
3 95
14 38
19 30
20 34
5 69
1 85
25 61
24 71
5 46
26 36
7 69
6 22
18 74
25 87
24 69
28 12
0 16
15 86
5 23
13 23
29 61
28 41
11 74
10 4
19 12
21 79
9 21
29 21
9 52
13 43
3 4
2 10
11 95
24 68
19 66
4 58
12 85
22 57
23 16
18 93
2 10
29 38
2 85
19 43
7 17
0 80
13 19
11 83
16 92
18 71
29 97
18 55
2 79
4 72
5 1
7 14
15 79
22 73
16 76
11 78
5 22
20 4
19 7
19 65
11 74
4 72
18 64
10 8
29 61
19 5
5 15
13 1
3 98
8 66
24 97
14 46
21 100
20 58
13 99
24 42
10 67
15 85
20 58
16 71
4 91
11 54
3 25
20 16
15 23
11 54
14 44
9 20
8 49
4 37
29 4
0 98
8 82
6 66
26 48
30 45
2 17
2 87
9 3
18 51
19 20
25 5
7 97
18 52
3 99
1 70
26 20
5 75
16 97
22 94
10 96
10 100
26 55
3 19
21 69
17 62
25 63
7 68
12 71
0 6
3 4
30 12
14 38
18 58
22 39
25 24
26 87
14 17
27 23
7 6
9 35
16 33
22 57
10 28
27 95
8 86
14 51
16 100
21 95
5 38
20 29
15 97
9 24
19 29
2 7
9 10
18 75
1 72
1 84
3 36
26 17
16 64
18 22
16 9
0 26
1 39
23 18
29 16
26 98
2 22
2 34
7 73
22 80
28 51
12 62
9 33
8 13
29 82
22 32
22 23
20 8
3 85
20 29
30 27
7 44
18 21
7 79
19 42
16 93
20 23
0 88
25 58
24 10
17 8
9 76
11 41
30 84
6 40
0 64
18 46
2 47
5 20
25 28
7 65
3 13
23 94
10 10
22 67
1 44
9 94
15 18
27 48
1 74
12 61
23 78
11 33
30 84
9 26
27 37
24 14
19 9
15 82
2 10
27 86
3 85
21 58
28 96
8 36
3 64
24 1
4 11
27 38
14 7
30 69
2 49
13 59
19 19
22 96
11 56
2 31
7 49
23 77
27 69
15 52
11 85
26 72
4 46
24 69
29 44
6 48
16 37
2 49
23 99
7 6
12 58
23 96
7 57
14 98
23 19
27 66
17 7
21 6
15 63
8 51
8 86
27 9
0 88
5 100
3 19
26 80
19 13
13 43
10 39
10 17
12 39
0 21
16 49
11 7
5 62
24 37
10 7
22 10
11 100
9 87
28 58
10 93
7 33
11 100
2 26
9 53
