40
16 84
4 8
4 90
8 62
13 34
19 12
22 37
13 8
8 36
19 24
26 41
0 44
25 59
22 81
18 76
9 92
10 10
30 88
26 90
18 85
5 51
21 12
10 87
9 15
0 74
12 57
0 43
11 63
10 70
30 47
26 99
12 9
19 21
21 4
30 11
23 46
6 67
16 52
20 73
15 36
25 16
27 22
27 20
29 88
15 56
27 32
10 7
10 26
8 89
1 91
11 14
23 25
15 67
13 88
17 44
4 91
28 78
25 34
22 84
19 90
22 17
9 52
27 6
12 32
6 2
21 90
8 73
13 90
3 63
8 78
14 41
23 41
30 30
18 12
12 59
14 7
9 79
18 81
19 80
28 1
3 17
3 83
2 69
13 66
0 89
17 80
28 7
3 9
27 23
21 86
22 57
1 31
20 9
13 87
30 76
25 6
18 70
10 27
24 35
5 50
29 23
30 25
26 69
0 68
4 7
23 77
26 47
1 94
1 61
30 60
21 29
2 9
27 66
1 67
25 34
18 95
27 18
29 51
0 46
1 17
21 55
21 92
18 96
27 74
5 5
16 24
17 64
9 97
0 2
26 39
28 15
19 29
22 45
24 30
11 30
14 19
28 64
6 55
28 17
1 9
20 37
1 40
16 76
10 77
22 55
14 50
15 55
20 85
16 90
3 19
21 48
8 87
13 4
4 23
7 81
28 94
26 10
24 9
23 58
5 65
7 73
8 65
30 24
29 6
5 57
2 31
6 85
0 54
30 67
24 95
30 2
18 34
12 43
11 19
25 72
10 78
13 27
6 84
6 77
15 69
27 99
12 51
25 77
17 17
23 89
4 86
19 45
25 12
20 17
13 63
13 30
29 100
17 47
30 43
9 25
17 73
13 55
0 4
4 24
29 46
26 9
10 36
0 9
3 19
17 71
29 59
0 16
21 66
12 13
26 18
23 76
11 26
10 53
4 61
15 54
18 75
3 84
16 35
24 47
0 48
23 6
3 77
8 13
19 48
12 67
9 38
27 89
26 39
20 97
4 2
24 34
12 40
23 70
28 2
1 48
12 10
14 100
10 5
30 91
13 73
4 63
30 49
30 24
26 53
13 63
12 66
30 52
30 74
6 65
1 33
24 85
19 95
12 69
0 87
9 92
4 7
15 42
17 53
23 60
8 67
18 10
3 35
12 43
9 84
23 88
0 6
12 11
12 39
4 52
1 72
12 6
3 16
1 39
18 35
1 86
24 38
7 37
13 84
5 24
27 55
23 50
9 47
15 64
23 63
18 6
14 67
5 1
19 4
26 62
30 14
18 82
29 2
17 77
16 34
11 46
30 82
2 46
25 100
1 50
19 50
22 12
7 38
13 92
10 53
2 23
29 4
12 92
30 60
0 33
15 68
18 85
6 26
25 33
16 62
0 39
11 59
3 51
25 12
19 36
12 79
25 80
7 68
3 4
7 9
26 67
26 13
5 4
24 56
25 85
12 28
16 51
14 86
23 2
12 92
15 50
12 26
28 64
10 60
5 35
10 27
5 47
27 63
14 82
28 80
28 14
3 44
20 95
21 68
25 44
11 10
6 100
18 88
6 26
4 55
15 12
21 49
2 37
11 71
13 17
4 42
29 88
2 82
29 87
4 31
29 52
26 90
22 71
18 39
18 42
5 74
23 52
27 64
5 77
13 38
9 39
22 24
9 7
8 70
18 49
0 1
12 73
13 16
19 81
19 3
17 48
11 60
24 16
30 36
13 19
24 50
8 66
20 52
23 35
24 72
10 72
24 68
11 64
12 63
1 20
20 18
