40
21 81
20 69
0 24
11 61
20 24
27 37
1 69
26 59
9 38
16 59
13 54
14 77
10 86
1 54
19 52
29 49
17 65
24 83
18 97
12 97
14 56
20 38
6 22
20 62
10 33
2 58
29 89
29 1
2 77
22 20
27 16
0 79
12 71
20 29
16 90
7 82
11 5
10 46
16 46
26 55
12 19
6 87
22 36
19 16
26 49
24 33
24 3
28 11
16 53
19 39
12 63
3 33
19 92
5 98
15 100
12 32
17 42
7 14
4 9
20 18
5 33
8 31
15 64
1 59
27 99
11 84
10 11
11 58
18 61
20 96
26 99
6 58
27 89
28 6
18 75
20 51
22 61
27 34
26 58
18 9
15 12
14 66
12 5
28 95
2 36
24 19
1 99
8 59
1 7
5 31
30 97
26 43
12 66
2 96
0 83
5 77
18 93
3 85
15 4
12 1
12 93
23 7
7 93
9 49
7 49
3 67
1 19
3 59
22 37
10 28
29 20
14 78
26 72
30 62
28 50
0 27
28 18
16 15
4 22
28 13
5 12
24 24
30 37
9 84
23 44
7 50
5 51
23 84
30 46
15 92
18 63
1 17
8 11
12 96
27 21
5 33
24 82
24 21
24 4
28 51
25 35
10 73
23 51
29 94
1 57
9 58
17 57
24 3
11 47
3 54
23 49
6 44
20 13
9 52
19 21
4 22
11 91
24 78
7 85
26 36
21 92
24 23
27 88
7 46
19 27
4 46
9 18
17 94
20 13
2 93
29 50
3 46
15 60
21 61
29 61
29 56
8 74
14 37
2 78
27 100
4 97
18 66
0 78
21 40
4 5
3 22
23 19
2 81
29 7
0 32
13 38
22 28
13 47
11 29
24 70
17 48
10 53
22 44
0 10
26 39
4 3
5 94
0 33
7 37
20 59
8 65
9 4
10 99
29 32
10 39
13 99
8 2
8 98
25 39
20 19
16 100
5 33
21 58
30 7
5 52
19 17
29 39
25 84
6 85
8 48
20 49
22 27
4 95
28 27
2 60
29 87
29 29
25 54
18 48
6 9
2 6
30 75
20 66
14 41
12 41
15 100
19 9
4 59
22 38
7 77
10 14
9 22
2 65
23 19
0 23
13 43
18 91
16 69
22 80
7 70
7 85
14 14
15 94
12 3
7 82
20 81
21 2
17 44
6 17
17 88
16 82
25 85
20 9
17 28
24 56
13 60
30 68
6 70
10 52
1 14
8 2
18 53
11 20
16 6
23 20
6 73
6 95
30 29
24 60
4 98
10 1
3 6
26 43
16 56
5 93
22 83
11 71
6 74
7 59
6 15
27 59
25 55
1 97
1 30
18 71
27 49
1 73
26 4
0 2
21 6
9 89
14 69
28 99
18 36
9 72
2 55
9 83
4 26
0 17
4 21
12 10
14 90
7 98
30 66
30 11
12 77
23 62
2 46
6 88
18 16
29 91
26 27
26 82
27 23
29 51
18 55
14 21
23 53
26 52
24 52
21 76
24 48
16 28
13 47
5 95
7 26
30 84
14 32
9 24
23 77
27 34
8 87
12 71
12 67
9 18
10 49
18 40
5 18
29 45
28 29
15 94
24 63
1 45
25 67
30 53
7 18
27 36
0 76
11 64
28 96
26 43
9 37
23 73
8 65
2 89
3 88
20 22
17 5
21 82
20 54
24 80
21 53
24 11
17 97
7 10
8 28
23 22
28 57
11 28
23 100
23 1
29 98
19 18
30 24
19 38
2 60
16 1
24 87
1 55
2 90
2 29
29 98
5 54
26 36
13 91
