40
25 95
21 92
27 65
5 19
17 1
20 16
19 88
8 12
11 75
10 49
14 43
28 70
20 48
9 69
17 13
26 41
0 7
18 89
25 80
5 58
25 38
14 23
16 21
0 69
17 59
4 4
26 58
6 27
26 93
7 20
6 31
25 49
13 59
11 79
19 71
4 42
8 93
18 1
28 18
8 16
16 95
12 25
28 28
2 77
18 76
23 26
26 45
3 17
4 65
12 73
3 57
26 25
23 95
22 62
17 27
18 8
10 14
24 7
28 97
25 7
18 44
14 79
19 82
13 80
21 5
0 35
5 58
21 44
6 26
0 20
12 76
18 53
21 26
2 97
6 45
1 44
24 11
30 93
2 36
2 92
4 97
23 31
26 56
22 69
8 22
30 38
14 63
29 85
2 43
20 61
29 84
18 84
23 29
16 94
0 87
11 50
14 45
28 32
2 66
10 57
7 17
29 41
17 63
28 49
23 34
18 61
24 18
23 56
18 12
17 20
12 68
3 37
15 79
18 83
7 38
21 76
10 59
16 79
21 57
30 11
1 20
23 12
0 89
20 94
23 86
17 49
20 49
12 38
15 64
22 26
11 2
17 37
5 30
3 71
16 72
17 19
19 100
12 40
16 46
6 64
15 47
12 98
24 77
15 48
10 33
0 82
0 20
7 43
10 10
9 13
3 3
0 58
14 41
28 64
4 98
15 32
23 4
2 66
12 72
1 14
22 80
24 44
9 98
2 92
29 3
16 37
17 31
16 58
20 51
26 50
7 77
26 63
6 1
16 91
24 92
7 68
19 19
0 24
12 81
9 37
18 27
25 38
3 77
3 7
4 5
10 3
19 56
25 24
22 27
4 29
14 26
4 49
23 64
23 67
24 26
21 3
30 21
0 73
21 24
16 11
28 52
1 2
8 29
15 79
6 59
15 52
0 57
8 5
2 62
2 64
11 62
30 30
8 18
18 43
13 1
8 29
10 57
6 23
5 43
17 20
19 64
12 4
27 3
26 35
3 60
3 36
6 54
8 38
1 89
22 16
27 20
19 80
26 22
16 53
3 52
25 40
20 87
12 93
13 16
19 97
13 46
1 21
1 65
16 19
24 43
5 40
7 10
20 84
20 91
11 66
30 13
26 66
15 50
23 38
27 62
1 45
23 23
11 5
3 90
14 61
19 83
0 63
20 79
29 71
18 27
22 87
25 27
16 35
0 54
30 95
21 70
29 56
1 56
3 51
24 62
4 6
29 97
0 55
5 61
24 7
8 39
19 41
7 79
10 30
28 99
16 79
2 1
9 38
14 14
4 84
12 64
22 35
1 71
12 34
4 47
20 81
12 78
26 72
7 59
30 12
3 73
2 78
26 34
26 11
7 8
0 51
0 46
23 13
17 48
27 83
13 29
3 77
21 47
0 1
17 60
17 22
30 28
9 77
24 34
20 13
23 48
28 54
24 80
11 72
27 3
7 83
15 39
27 89
22 61
4 85
24 32
11 74
5 67
15 67
11 78
10 24
17 95
9 23
20 40
28 81
13 57
13 59
18 51
20 5
17 21
5 74
21 2
29 1
6 24
13 25
22 31
23 96
15 77
7 72
20 54
20 94
3 3
27 24
19 27
16 37
29 38
2 75
6 29
27 84
0 12
10 62
7 69
6 79
16 14
25 71
12 52
25 66
12 64
5 71
25 2
28 91
18 36
8 75
1 92
26 41
13 2
7 71
8 88
1 60
17 33
18 33
4 68
1 35
2 8
11 44
17 89
16 22
24 43
24 72
12 72
1 73
14 98
1 56
11 1
14 58
