40
22 40
9 83
28 59
24 21
25 95
25 6
29 40
19 63
18 47
17 1
18 98
1 99
26 49
28 60
8 77
22 74
26 4
7 48
17 67
2 45
7 72
2 79
24 24
24 37
29 28
8 32
26 32
8 25
8 89
13 90
22 85
27 97
10 37
21 86
21 32
9 92
19 92
16 39
14 74
16 71
14 77
10 69
23 4
28 22
6 68
5 22
29 60
9 41
25 11
6 75
17 48
9 16
30 34
18 54
21 61
2 88
28 61
28 99
21 67
0 66
13 38
15 53
12 12
18 55
8 21
30 8
10 17
21 39
2 6
14 84
17 38
25 76
10 73
10 28
7 6
29 83
25 48
15 40
10 71
23 49
17 1
8 5
4 27
13 30
22 52
5 70
10 20
29 37
4 23
3 25
21 67
29 21
11 7
19 39
26 12
18 29
16 69
12 52
14 57
27 7
0 4
0 70
5 32
2 8
13 100
30 43
8 58
15 83
16 47
10 52
14 18
6 45
13 56
27 85
4 47
24 86
28 15
21 47
10 30
17 73
0 22
30 26
25 9
6 92
11 8
1 69
22 36
2 30
2 68
30 1
13 47
9 26
5 91
21 89
29 91
27 39
29 16
8 22
30 7
29 48
15 53
19 94
12 87
10 40
22 89
7 44
8 99
0 77
6 93
17 63
22 52
1 58
16 99
23 10
10 54
18 7
10 38
26 12
5 96
29 83
25 37
26 77
15 85
30 53
15 7
18 25
0 3
25 34
17 79
7 77
29 47
25 68
29 14
0 86
1 8
3 99
21 77
7 49
29 97
28 14
6 51
27 34
4 27
18 32
4 98
21 62
26 36
0 68
3 73
4 67
17 28
19 18
10 75
23 94
4 50
17 20
20 7
21 86
14 49
28 14
24 90
24 45
7 31
7 52
16 40
14 53
17 33
10 57
18 9
29 8
8 10
4 2
5 69
29 85
25 38
6 25
26 22
13 82
27 82
9 76
26 77
1 68
11 93
21 5
14 76
18 25
8 86
25 53
9 46
26 88
10 15
4 9
29 7
28 5
28 53
25 65
21 18
0 100
3 66
5 48
5 3
3 13
11 69
24 45
2 82
28 92
7 78
24 77
30 86
1 31
24 69
15 47
12 44
11 57
10 18
30 58
10 88
22 52
2 64
30 23
25 17
25 28
1 8
11 44
15 67
18 47
2 65
18 39
21 84
15 52
3 37
4 14
15 81
18 64
25 19
27 52
22 63
14 11
13 86
25 56
26 12
0 48
12 76
27 58
12 40
28 78
30 29
17 67
18 30
5 69
19 89
17 53
13 48
3 74
8 10
21 38
22 90
12 55
23 17
4 39
19 38
23 53
14 71
16 61
2 16
10 29
24 84
17 81
16 79
24 65
29 19
19 51
24 90
16 30
23 94
10 51
24 49
15 88
2 38
23 48
16 24
0 32
6 58
30 33
26 90
2 3
9 8
22 35
18 6
30 6
17 41
15 98
7 98
21 98
15 2
27 27
29 69
5 42
5 15
1 59
26 79
15 16
17 32
6 56
23 27
19 90
11 8
21 91
8 96
0 35
9 31
13 59
18 56
15 88
3 41
0 56
12 30
22 100
26 87
10 53
6 1
0 59
11 27
11 56
4 24
2 4
6 45
22 25
17 10
21 65
26 8
19 68
0 100
6 34
3 89
17 81
7 26
16 75
28 41
4 82
4 31
3 67
16 66
27 12
24 20
25 99
11 30
10 66
23 2
9 77
11 100
28 85
10 66
27 43
20 28
9 63
5 8
14 44
23 9
18 99
