40
24 2
1 14
18 51
21 44
10 20
7 41
5 71
22 85
19 79
12 61
23 4
21 39
12 21
23 70
1 20
4 26
1 72
10 66
6 76
5 66
28 56
30 89
27 84
13 62
1 3
5 92
16 32
7 41
23 42
16 100
23 47
25 1
16 63
26 50
0 17
10 35
20 5
23 96
2 87
21 40
30 46
18 78
7 87
24 11
9 16
21 35
12 61
25 88
15 84
27 56
8 10
18 2
13 19
6 74
29 98
2 13
19 15
9 62
3 15
6 24
3 17
25 9
18 56
6 10
13 70
0 67
3 40
28 60
0 24
30 94
23 48
7 70
10 98
25 6
7 52
19 18
29 5
1 40
8 83
8 88
4 1
20 66
3 16
29 49
27 65
5 60
3 82
24 58
26 15
22 75
1 39
15 47
18 100
26 23
0 39
8 5
20 11
4 73
19 93
6 20
8 93
8 9
19 2
11 54
26 79
29 55
22 100
5 87
2 47
23 15
7 31
30 90
11 87
27 86
9 47
9 40
1 2
27 17
24 29
4 75
10 99
23 37
17 65
15 39
19 45
20 55
10 60
3 26
12 46
11 91
20 3
28 98
6 6
14 67
19 9
13 43
1 68
2 39
28 52
27 88
12 27
28 59
22 44
29 90
15 88
29 75
28 92
9 53
5 71
21 7
16 63
27 44
26 83
14 17
4 94
7 42
11 76
16 15
18 64
2 51
18 93
22 60
28 26
6 77
30 35
0 67
18 33
30 53
13 4
19 90
20 45
12 36
30 19
28 46
23 6
4 66
11 78
9 10
2 22
29 39
10 83
15 39
6 21
3 7
14 31
3 13
8 100
0 92
14 52
24 29
10 70
18 89
27 69
14 67
21 49
23 100
6 17
13 37
17 59
29 22
7 34
25 30
1 44
0 51
26 97
18 47
26 4
9 79
4 65
18 40
0 5
14 64
9 15
8 38
21 33
20 17
29 61
29 70
8 8
21 14
27 76
29 100
9 76
30 44
6 32
2 62
11 63
9 85
2 84
2 91
11 90
0 36
6 19
3 61
3 52
1 4
3 82
3 74
23 84
1 64
15 86
6 43
14 90
17 54
27 40
22 88
23 17
0 57
1 30
22 60
3 64
4 72
15 36
29 93
20 98
11 24
9 51
14 26
17 43
5 67
7 29
1 38
23 25
7 88
27 22
15 1
20 9
14 44
28 36
27 59
10 68
29 65
27 81
20 2
23 34
6 41
29 8
6 36
17 69
12 3
6 36
1 83
5 25
9 77
3 97
16 73
0 66
2 72
12 7
14 9
0 42
12 27
2 27
2 7
22 41
17 78
4 45
28 89
12 70
5 12
26 31
0 99
14 4
24 31
14 54
10 75
0 86
2 89
20 63
30 73
28 25
19 74
9 20
8 51
26 27
12 5
2 22
28 50
14 99
4 63
14 29
7 37
6 61
11 83
9 23
28 28
10 4
12 46
12 76
7 18
13 15
3 22
29 90
29 10
25 57
4 59
28 32
16 31
16 26
12 99
1 74
6 81
26 42
27 35
13 55
7 49
28 88
8 91
12 29
24 18
11 91
13 100
16 74
20 34
6 32
16 60
25 91
19 49
5 98
29 44
5 44
12 87
12 32
5 63
19 99
20 61
9 53
18 30
14 77
13 19
5 16
3 3
14 79
16 14
15 63
15 33
7 97
17 14
25 37
15 85
28 87
3 41
5 84
28 68
30 83
12 30
25 78
25 83
20 23
25 64
19 33
26 13
5 18
26 98
10 47
22 57
9 78
2 67
13 14
16 97
