40
18 28
26 24
19 6
8 51
0 80
17 47
5 40
6 69
22 52
24 53
16 26
24 100
4 9
4 96
30 23
15 88
26 99
17 37
5 54
25 69
27 16
30 23
17 98
21 47
3 49
12 64
13 8
3 8
22 8
27 73
6 51
18 43
1 37
5 37
8 19
23 72
11 15
3 26
13 18
6 86
9 20
19 93
25 6
16 68
12 67
21 52
20 98
20 21
14 31
4 5
30 16
5 40
5 51
9 20
0 55
14 4
23 81
0 10
20 30
25 68
27 45
13 60
13 82
29 7
26 21
21 53
11 52
20 81
1 78
8 56
17 9
19 56
5 99
3 41
29 7
19 68
18 74
7 91
8 4
29 78
25 16
17 63
7 13
12 30
6 82
16 2
4 54
25 71
6 48
26 42
24 19
12 17
9 79
15 12
0 33
17 52
29 6
23 33
7 73
27 14
15 14
28 79
14 42
26 21
17 12
29 54
10 59
21 34
15 75
9 29
30 29
28 83
3 99
12 59
6 62
7 74
14 30
17 10
17 92
15 65
28 22
25 31
20 94
10 53
7 9
7 24
3 58
4 9
20 1
5 94
20 43
18 67
3 75
2 14
0 74
10 16
7 50
11 76
8 71
3 11
7 29
23 30
13 85
18 100
2 77
13 18
18 73
11 56
10 68
13 79
4 70
6 54
16 97
14 90
14 6
22 79
12 40
16 93
7 41
15 7
17 38
5 38
15 76
24 50
14 86
25 86
4 84
27 71
13 25
6 17
22 95
13 2
6 6
26 17
27 98
3 45
12 46
5 94
16 40
28 57
7 8
16 82
4 75
4 14
5 98
14 24
4 38
27 43
9 5
2 13
13 30
23 65
5 94
24 42
20 28
26 42
24 20
7 64
15 46
0 99
16 82
21 81
0 29
1 83
18 18
7 89
21 35
25 39
3 53
25 44
23 61
26 44
19 70
17 98
8 49
18 53
4 20
7 54
19 22
11 48
2 8
21 52
3 16
30 48
24 5
23 18
0 83
28 39
13 99
27 73
25 96
2 64
28 83
20 76
28 61
23 53
26 46
1 92
4 22
29 48
11 82
14 15
28 44
3 69
4 16
25 2
25 69
16 53
2 87
15 41
7 42
13 35
16 55
25 76
27 11
26 72
16 57
1 5
12 63
11 3
9 66
2 7
27 93
29 50
29 79
17 50
14 81
5 90
16 93
23 78
21 52
6 83
30 82
3 42
11 57
29 25
23 84
29 51
9 40
18 100
5 46
16 45
28 1
26 32
24 47
6 65
1 24
16 22
14 95
19 3
1 31
28 15
18 65
6 16
1 89
3 98
22 6
14 87
19 1
6 15
20 59
1 39
12 57
10 71
13 79
14 93
13 8
28 61
25 77
9 72
10 34
25 2
26 88
11 7
13 84
8 61
7 83
5 67
10 54
27 76
12 82
9 90
21 48
7 54
13 39
23 62
4 92
19 86
29 65
2 29
24 38
21 61
17 9
13 50
26 100
12 39
21 100
17 39
6 51
28 12
10 91
21 61
7 70
6 26
28 6
18 14
7 48
26 92
8 74
23 48
11 7
8 65
25 67
8 7
24 78
10 48
2 62
1 77
2 69
18 31
28 66
18 98
23 49
5 23
21 9
12 19
4 41
6 81
26 34
28 3
20 9
11 43
23 14
13 91
8 75
18 84
3 23
8 58
5 65
2 62
9 45
2 1
26 66
11 29
19 98
20 1
20 33
14 29
16 81
9 10
21 89
22 31
29 63
5 97
23 43
9 100
0 63
10 96
13 14
2 28
