40
24 77
0 17
20 38
14 25
7 81
20 69
20 83
29 62
14 9
15 6
4 12
0 26
26 15
15 83
0 23
17 32
27 22
8 18
27 63
25 58
23 79
7 52
20 5
9 21
12 55
3 17
11 44
5 30
26 44
17 90
24 45
0 22
20 81
20 84
1 81
26 87
23 22
30 10
15 74
13 97
17 38
22 82
5 9
3 90
24 63
4 26
27 69
5 36
17 79
12 15
7 76
17 77
3 64
4 72
12 40
26 7
26 99
3 16
5 3
0 94
23 35
4 88
26 19
5 100
26 49
17 96
20 83
0 26
19 68
1 38
13 29
17 80
26 45
6 37
1 21
6 91
12 82
10 91
21 1
4 10
7 23
13 98
20 88
27 45
24 7
6 94
2 96
6 96
12 82
18 21
12 75
4 50
18 43
12 20
24 2
27 99
19 75
8 98
22 51
20 83
18 4
11 57
14 51
0 98
0 27
0 21
21 98
27 69
22 10
9 70
17 58
28 13
13 53
11 10
30 70
11 51
24 52
6 33
22 33
29 12
29 13
26 81
20 49
11 60
4 72
21 96
26 20
8 9
26 37
26 53
26 68
30 58
24 21
17 95
27 67
23 20
29 88
7 65
1 12
5 60
2 52
2 89
28 66
14 45
15 16
0 93
0 70
18 13
13 38
1 23
17 97
23 33
1 42
20 52
29 66
18 37
26 92
29 33
16 88
1 29
1 88
8 43
19 53
5 7
3 68
4 90
4 7
23 59
5 100
0 11
0 69
17 64
22 82
20 20
30 1
9 79
7 73
25 14
0 27
17 3
5 17
23 37
19 95
16 2
21 33
16 23
0 49
24 25
24 24
1 81
29 78
20 45
1 91
5 57
0 50
5 63
23 35
9 45
14 54
9 90
26 13
4 33
15 94
30 71
29 54
19 38
11 22
3 43
26 54
28 90
13 83
20 66
12 64
18 49
23 82
20 46
23 73
2 37
12 93
1 77
9 54
4 30
19 98
10 31
3 52
29 25
22 70
23 40
4 97
3 23
30 68
24 63
1 16
22 11
26 13
25 60
24 1
25 9
19 56
9 84
11 84
0 8
14 87
0 35
20 45
25 99
20 12
2 11
5 4
0 6
27 79
5 72
18 82
7 58
16 5
3 33
3 1
5 54
23 26
10 55
0 31
28 55
21 100
4 39
8 72
3 63
28 4
5 38
21 32
25 93
15 61
0 63
1 95
10 88
11 83
23 69
7 28
10 51
28 50
18 4
9 71
23 67
12 84
23 7
27 49
13 6
17 10
26 19
27 47
18 33
21 91
8 57
8 24
2 40
29 72
1 31
5 64
0 83
11 92
3 11
28 88
18 93
15 61
28 21
7 25
8 73
13 30
18 17
21 87
1 26
28 21
22 48
11 4
21 53
3 83
22 98
24 30
7 19
23 18
26 27
6 38
29 53
4 16
4 41
3 69
20 91
1 47
27 72
24 36
22 27
11 37
27 85
19 63
14 19
1 20
3 84
8 9
27 67
16 19
11 15
15 54
12 64
30 97
29 30
27 59
22 18
29 13
28 7
18 43
19 41
3 54
13 39
1 60
3 2
17 44
8 13
13 53
22 89
0 76
29 88
1 1
5 96
26 48
6 77
1 36
8 100
19 92
8 35
2 8
6 90
25 26
3 95
29 74
10 46
19 86
10 79
17 35
9 49
2 20
21 1
14 10
24 64
29 5
30 68
25 83
20 35
20 91
2 87
19 96
22 78
16 98
24 52
3 30
25 49
16 47
3 54
17 95
8 20
15 88
8 98
