40
8 80
7 75
29 62
22 4
22 19
4 5
9 88
12 52
10 26
21 40
1 40
19 61
25 10
15 38
13 68
20 16
27 16
20 28
21 15
0 53
9 8
8 58
24 22
9 9
27 79
22 72
1 65
20 29
8 14
1 35
29 35
10 10
1 18
7 36
27 88
6 14
16 12
17 54
21 95
12 11
4 89
11 19
11 86
3 51
18 50
8 68
4 51
20 22
30 80
4 33
22 64
29 49
2 52
16 70
2 96
20 7
8 93
26 88
12 73
17 93
30 88
14 34
21 87
21 20
29 7
13 27
14 95
29 23
13 29
23 38
18 41
20 93
27 68
25 44
3 69
2 99
18 17
28 81
30 47
25 54
6 11
18 12
2 63
8 69
13 73
23 15
3 83
8 22
17 14
16 68
17 31
23 100
15 45
28 86
30 28
20 40
24 69
19 30
1 24
22 11
29 35
2 95
28 70
11 23
14 26
16 68
25 37
5 65
21 32
4 21
20 83
8 50
13 97
10 74
9 67
7 13
29 77
25 77
12 87
5 34
25 93
26 5
6 75
30 50
0 79
12 34
15 14
3 23
22 21
13 18
8 21
4 6
27 49
28 10
29 66
7 68
27 82
2 89
9 96
28 63
3 24
12 99
5 78
12 35
8 21
5 15
15 7
24 51
16 67
18 58
24 51
14 8
16 15
22 88
18 72
20 18
10 41
23 88
3 40
23 79
11 11
30 52
6 57
6 69
13 50
16 88
26 65
25 85
4 98
2 90
20 91
30 95
8 70
1 29
1 63
10 12
20 37
25 16
6 26
7 59
5 41
30 34
19 54
0 63
12 39
0 20
8 100
28 89
6 24
5 26
19 14
1 9
18 41
21 6
0 17
20 39
28 14
10 19
3 96
28 39
15 71
14 98
27 60
14 71
7 73
27 88
27 54
28 89
9 8
2 86
26 7
15 5
21 60
4 11
0 92
17 7
22 56
22 7
4 24
0 45
14 59
6 50
30 29
14 39
23 2
26 38
12 80
4 39
11 73
29 61
25 65
30 20
17 48
15 65
19 51
9 12
14 30
14 71
2 23
14 8
4 49
17 56
29 91
4 20
1 55
0 47
27 80
6 42
27 31
27 86
16 44
27 30
8 90
27 76
21 53
1 52
0 73
28 4
27 60
13 45
4 15
17 79
11 67
21 9
4 55
21 3
21 56
28 84
20 88
5 74
15 68
22 86
8 39
29 48
22 64
21 44
0 26
24 71
17 99
24 96
28 38
2 95
27 33
21 45
25 24
4 79
26 67
2 39
30 68
6 33
1 50
14 88
1 87
24 63
11 18
19 95
11 11
5 28
8 4
30 75
8 74
20 21
18 12
21 38
30 36
11 68
6 41
23 97
12 60
24 75
1 73
4 78
12 98
2 27
15 34
19 48
26 52
19 17
3 70
21 90
5 81
16 14
0 33
10 81
12 10
30 12
2 87
13 81
30 10
27 69
22 14
28 6
21 20
14 71
19 55
1 100
11 34
9 75
10 54
3 14
16 36
7 24
2 95
5 83
30 86
15 13
18 80
16 28
27 11
7 7
6 37
15 56
16 47
16 17
9 86
2 56
20 71
19 73
0 50
0 55
2 51
3 27
4 79
2 77
19 8
24 57
10 10
14 77
3 25
22 30
22 66
0 70
26 55
10 2
21 46
0 26
25 9
8 26
29 69
8 18
28 46
10 30
23 87
17 27
15 95
12 37
30 97
16 96
23 7
24 88
17 91
9 41
5 64
6 16
21 38
23 8
12 45
15 16
10 100
3 62
