40
29 23
17 45
23 46
4 26
6 38
27 59
1 23
26 4
13 39
6 75
17 82
19 81
5 32
3 96
19 50
27 96
19 17
29 63
11 20
28 83
9 44
17 39
23 28
19 63
18 27
24 66
30 51
26 81
18 27
13 74
4 61
9 69
5 15
11 35
5 78
28 93
2 24
1 100
17 14
25 45
18 45
7 97
8 54
27 2
14 8
21 89
25 54
26 66
1 3
30 30
24 63
30 83
11 53
10 93
16 17
7 20
22 28
29 27
19 78
19 94
29 98
25 27
20 15
3 24
29 52
28 82
0 46
22 55
19 11
10 39
29 37
3 58
18 49
24 93
21 20
23 74
11 11
29 22
19 45
27 23
4 12
15 52
24 55
10 65
20 69
13 4
21 53
15 89
21 77
11 21
10 8
4 100
0 14
0 5
23 46
15 77
9 78
10 50
5 85
21 44
30 13
8 24
28 69
21 66
15 86
26 99
9 19
10 65
12 82
12 87
21 29
28 51
0 65
30 28
24 58
2 75
2 23
14 79
3 49
24 11
10 62
12 17
27 5
10 48
3 12
13 33
5 37
25 10
1 59
11 97
8 95
8 1
17 32
21 35
25 41
24 63
12 48
30 28
5 16
1 7
16 93
19 60
17 6
11 24
1 46
30 76
23 74
18 5
24 71
2 82
30 79
12 17
23 40
19 85
27 98
17 64
20 44
12 67
3 3
9 11
2 25
9 14
0 80
25 56
19 38
1 30
16 20
8 85
24 71
15 52
10 81
4 38
14 63
2 52
22 46
29 80
10 91
17 4
22 98
6 83
9 20
17 47
24 16
30 93
21 59
29 47
18 96
29 47
23 3
21 58
8 98
28 4
7 67
0 42
10 70
6 85
19 1
16 54
30 98
26 4
30 69
10 77
28 87
1 93
1 62
0 53
5 43
3 21
29 89
4 72
28 34
14 10
5 3
18 66
11 89
30 62
4 27
21 47
25 21
19 73
5 28
3 72
19 22
25 89
1 68
10 41
8 56
2 22
8 22
21 64
22 42
8 63
1 1
14 55
18 40
29 69
15 19
1 80
13 94
28 4
0 71
21 13
23 93
1 11
20 20
8 94
11 94
22 51
21 20
13 22
4 64
24 3
30 26
5 28
14 40
25 49
18 21
13 6
13 99
23 54
25 4
0 83
25 88
12 78
1 87
19 54
9 12
13 22
12 26
30 27
17 76
24 90
6 53
4 7
1 26
12 5
19 96
15 59
23 76
27 17
17 78
29 54
30 49
30 91
13 86
15 8
5 53
2 95
18 51
27 52
24 50
13 12
13 9
5 43
24 88
17 70
5 83
22 76
23 50
17 5
30 45
23 68
6 66
19 22
3 77
24 94
0 44
1 49
27 94
3 28
0 55
10 30
7 28
27 49
30 65
13 46
11 27
23 82
22 52
7 23
26 84
11 21
0 79
10 59
26 69
21 39
7 81
26 23
1 100
29 87
2 76
24 94
0 42
0 60
29 14
8 15
12 3
11 88
28 66
10 100
10 93
28 40
2 85
29 5
6 100
0 83
7 12
22 55
17 49
28 46
27 11
11 81
27 76
14 54
26 46
18 25
9 71
1 50
12 42
30 64
22 26
19 12
12 97
21 70
26 38
6 40
12 80
30 34
14 38
24 4
6 56
11 23
25 59
5 78
25 96
15 35
17 63
12 48
9 13
11 98
4 28
30 60
23 78
9 34
14 95
4 53
26 24
21 96
19 55
12 87
3 29
1 44
30 53
15 35
14 97
2 44
30 75
21 99
5 48
2 68
