40
30 18
23 86
21 75
25 64
17 30
28 87
8 74
15 86
8 42
25 54
25 79
11 84
26 99
12 38
30 7
28 55
2 17
12 13
8 14
26 100
19 91
11 43
13 11
29 74
28 99
26 73
20 24
19 3
6 72
30 83
28 54
4 98
1 2
2 39
29 81
16 43
2 24
11 59
14 56
16 73
8 46
0 92
9 35
23 3
10 30
1 31
30 77
29 56
7 31
27 26
14 94
11 10
24 28
21 71
14 4
18 46
16 2
21 53
22 69
10 66
25 32
17 2
16 12
1 94
9 28
15 84
11 62
15 100
13 40
15 14
16 46
29 52
29 11
0 67
24 96
16 75
1 8
8 53
30 34
21 15
0 28
17 92
1 51
3 47
30 41
4 87
25 45
22 75
30 96
30 10
1 91
13 33
19 8
21 50
9 75
9 36
25 69
19 76
18 47
19 66
5 46
25 63
2 57
15 70
27 38
10 22
25 20
17 12
25 62
5 61
6 79
23 7
14 7
24 50
15 11
5 18
27 95
25 72
28 8
0 56
20 50
17 82
26 63
26 46
10 84
0 77
15 4
5 59
28 70
27 94
28 35
16 20
13 60
15 68
22 30
12 78
14 32
5 48
6 56
22 96
23 55
7 15
10 100
24 61
8 5
19 99
8 51
9 24
24 34
16 98
13 76
10 25
0 40
19 30
19 48
23 42
25 82
18 55
24 67
12 41
20 52
2 22
14 59
21 94
11 38
3 35
28 71
24 18
21 12
25 44
25 89
11 75
25 44
0 74
2 44
7 36
12 45
21 67
7 54
8 51
17 97
23 52
28 95
21 52
20 28
16 11
24 3
18 9
29 36
30 38
22 6
24 46
25 29
29 8
22 77
27 34
28 84
28 23
4 17
16 5
30 67
28 24
10 11
10 58
21 2
21 30
19 55
5 78
9 4
28 49
6 45
9 100
9 18
27 45
12 23
24 4
10 77
10 49
4 61
24 34
24 11
8 78
26 85
28 55
15 76
5 38
18 63
17 36
11 54
6 88
13 98
12 62
17 40
12 79
28 3
24 62
22 43
30 44
3 54
19 9
27 79
25 16
4 34
7 71
24 60
26 13
0 66
19 88
16 70
0 60
11 13
14 65
19 24
9 64
17 39
12 99
6 49
1 77
25 81
21 20
24 47
1 68
4 33
29 78
16 88
26 65
9 54
19 81
0 53
28 27
19 38
11 58
11 15
11 44
29 29
22 36
30 100
24 65
9 86
30 38
17 13
12 46
18 34
21 18
16 15
29 84
20 25
7 59
13 33
29 67
10 90
13 87
23 79
12 88
3 28
27 92
2 5
17 84
27 49
10 12
22 97
11 60
23 65
24 10
25 16
3 97
10 7
10 48
28 92
18 10
18 11
9 10
0 90
8 89
20 69
7 25
22 75
18 51
6 80
15 31
19 92
17 76
24 21
14 94
9 30
10 34
2 75
22 79
9 61
1 14
28 20
18 47
16 94
18 62
26 50
20 4
29 33
9 59
27 76
12 78
24 16
7 72
20 42
14 2
29 56
2 58
3 96
12 3
7 58
6 68
8 94
7 73
23 17
10 95
27 14
3 68
7 5
23 67
10 98
14 13
19 19
0 98
0 13
10 20
26 8
2 80
13 41
21 91
27 33
9 75
16 29
18 95
28 10
27 75
29 54
1 32
7 66
14 100
6 72
30 96
24 53
12 37
1 78
1 91
13 97
11 49
8 52
27 66
20 39
3 73
1 11
8 87
4 33
1 26
9 14
29 16
23 62
19 9
9 10
24 49
