40
23 89
14 48
13 16
24 91
6 77
13 64
16 5
13 38
21 45
4 52
24 79
30 71
24 68
9 62
26 88
17 6
0 67
28 80
12 20
14 18
2 99
16 25
15 99
21 87
11 68
14 11
1 38
29 84
6 8
30 46
28 81
0 45
26 21
20 39
28 43
3 35
21 10
13 23
0 100
12 36
5 41
21 73
16 26
19 80
10 5
4 14
16 19
15 89
4 89
6 40
16 37
13 48
27 66
17 82
25 24
17 86
26 42
15 31
26 58
17 65
8 15
24 40
29 43
2 84
6 30
10 22
26 42
14 6
21 6
20 51
30 95
27 12
3 98
13 91
29 39
10 13
14 94
8 11
12 40
20 56
24 76
14 1
28 52
6 31
8 37
9 6
5 68
15 77
3 78
2 28
1 7
8 16
7 39
11 88
23 93
26 94
1 92
0 15
8 30
4 100
22 13
5 36
29 10
23 94
9 59
4 1
17 73
15 42
9 46
1 85
5 47
24 79
17 25
6 12
25 19
28 84
28 70
28 100
14 90
8 18
15 30
8 22
11 44
23 84
16 94
8 25
23 68
9 97
8 6
5 23
20 10
15 94
8 62
3 30
0 78
1 15
0 39
21 31
13 66
17 90
13 96
9 37
24 53
5 18
3 57
8 94
6 99
7 73
20 5
13 27
13 46
20 12
18 36
15 57
6 45
4 56
3 75
26 25
19 91
24 88
9 72
19 18
9 62
0 60
7 34
24 70
18 44
29 23
24 47
0 43
27 84
27 3
21 19
23 58
20 14
3 54
17 26
21 22
22 6
23 91
9 31
8 97
30 5
24 47
19 2
19 41
29 29
26 1
29 25
8 40
10 24
7 63
6 68
6 48
12 56
28 12
8 69
15 31
27 55
0 37
1 95
1 62
10 15
26 99
21 3
22 12
28 56
16 70
5 70
8 63
27 59
15 59
2 2
12 38
10 83
30 8
19 7
6 98
14 15
12 22
12 73
19 95
20 95
0 91
23 69
14 50
8 94
11 8
15 11
18 92
21 64
15 72
20 91
27 19
13 45
19 29
19 9
6 93
24 92
19 95
4 53
17 84
6 53
19 32
1 62
14 29
0 73
22 51
5 3
7 92
18 46
13 30
16 32
2 56
6 75
24 97
25 50
15 49
1 9
25 50
0 47
18 82
16 30
9 9
0 6
23 3
23 19
6 49
2 27
1 26
13 65
20 85
8 81
30 47
5 84
24 31
12 97
18 18
21 52
25 14
16 96
12 67
23 81
13 74
1 20
8 16
28 18
5 80
21 48
10 30
19 100
16 37
10 61
21 20
28 91
15 71
8 63
25 75
25 24
14 81
15 80
16 4
10 87
9 86
15 29
21 57
5 97
12 13
9 82
9 54
23 81
24 10
9 36
25 83
26 5
11 52
4 39
1 25
15 44
3 76
18 35
3 40
25 40
20 31
25 15
5 96
13 26
24 36
13 19
3 64
8 72
2 49
28 18
5 18
1 51
14 88
16 59
21 89
11 37
9 16
28 96
15 65
25 72
5 33
7 27
28 49
9 94
24 30
12 81
18 24
26 19
26 73
14 84
21 56
7 65
26 44
26 42
19 76
1 41
21 20
3 97
6 98
5 38
7 99
22 57
30 44
13 56
30 47
14 12
13 98
0 4
28 27
13 58
22 25
9 96
28 62
14 94
2 64
23 60
8 12
2 4
29 24
18 37
10 81
22 22
2 26
29 79
1 75
13 43
14 60
11 26
7 68
13 1
4 80
14 48
23 10
13 32
20 81
13 9
12 86
