51200
30 35
14 17
7 26
1 3
5 36
19 53
16 12
15 19
19 52
9 57
17 47
4 59
0 51
16 92
5 96
22 55
0 53
0 70
30 90
6 73
13 28
29 54
23 96
6 42
1 62
25 74
12 50
7 88
26 68
6 42
18 86
13 4
7 32
29 22
12 58
23 70
2 7
17 99
6 13
25 92
3 76
24 63
23 80
20 78
23 91
3 88
17 96
16 85
30 24
11 51
1 74
22 11
22 19
12 91
26 57
12 40
24 34
12 80
27 35
22 52
30 69
10 87
17 17
19 29
27 35
12 18
30 70
23 42
30 39
3 77
16 94
26 53
28 50
22 55
29 47
7 67
0 72
22 60
12 87
21 26
10 82
7 24
5 54
1 13
28 2
2 95
20 32
22 48
8 27
3 93
3 65
12 16
17 73
14 69
5 89
27 39
19 98
22 61
22 85
10 3
13 22
19 61
27 52
21 50
7 27
19 26
7 42
21 42
1 46
29 56
3 57
20 55
29 12
22 25
8 20
22 87
14 71
10 84
27 76
22 17
18 36
7 47
6 6
2 19
21 1
27 1
28 5
2 20
16 10
30 76
0 73
4 73
23 17
8 82
2 21
2 13
9 73
13 71
22 56
20 44
15 92
16 72
9 40
30 79
8 76
3 91
27 6
13 77
6 78
18 88
20 1
7 54
10 26
6 58
2 54
0 70
8 38
20 31
18 82
17 99
8 82
14 82
26 88
25 63
9 83
12 55
14 100
1 37
15 33
18 65
27 19
4 1
22 65
16 30
21 3
9 30
22 99
5 85
27 27
12 84
26 25
12 19
7 75
17 47
1 100
0 76
28 55
6 79
2 21
22 20
30 4
29 67
30 84
24 73
23 65
27 66
23 87
6 38
0 6
18 41
11 37
10 55
9 60
7 16
24 96
21 99
18 7
13 58
10 53
26 14
14 85
4 44
10 17
12 88
29 78
19 47
10 65
5 6
24 71
19 31
24 67
5 39
7 81
24 82
10 47
30 15
20 83
18 18
11 71
20 67
27 31
0 94
17 16
17 71
15 25
24 23
22 63
27 2
14 69
29 2
18 32
30 16
6 92
30 55
1 95
4 86
13 84
15 59
17 50
25 87
21 100
8 58
6 91
26 48
9 50
22 26
25 38
22 12
23 85
27 8
22 87
18 39
1 89
17 32
25 57
1 25
11 92
24 32
30 18
1 84
8 3
23 14
5 90
17 48
6 100
18 70
15 50
11 52
12 71
17 53
22 71
9 34
8 82
6 34
4 73
28 52
20 19
21 44
28 95
29 24
4 54
2 7
28 39
2 50
29 11
1 68
26 13
22 86
21 38
6 73
16 61
8 3
0 24
28 96
29 30
14 20
10 64
2 88
25 95
12 93
5 66
22 6
2 50
6 95
18 24
23 84
0 80
28 73
22 97
16 57
16 11
18 70
30 38
4 34
30 28
12 6
24 87
24 13
19 27
15 17
21 14
1 18
4 14
1 14
30 42
13 2
16 88
15 92
4 6
0 71
26 2
22 28
22 60
5 27
21 73
24 29
13 61
28 29
12 26
30 50
16 35
3 96
25 80
10 47
4 89
9 43
14 14
15 90
3 54
3 50
17 59
23 14
0 54
24 27
22 78
0 59
3 82
0 56
4 52
13 47
15 77
3 86
21 47
10 30
13 20
29 33
22 64
25 23
6 11
18 96
0 97
20 42
16 93
27 25
1 54
26 99
5 11
12 11
28 27
4 94
10 8
12 98
3 84
19 25
3 98
25 46
1 43
20 59
4 49
13 47
