51200
4 71
13 48
22 65
28 19
12 3
30 84
22 16
12 94
13 56
5 34
24 70
9 18
13 84
8 81
11 66
21 74
25 6
12 22
13 55
14 38
3 9
23 51
5 69
30 35
21 89
13 35
12 65
26 78
6 100
14 17
15 71
24 70
5 4
0 5
30 5
14 14
24 45
25 99
19 60
4 28
3 34
12 12
29 19
26 48
13 34
24 23
23 56
27 71
7 55
24 29
6 29
14 13
25 63
30 21
7 10
6 63
7 29
2 1
24 18
14 49
24 9
25 6
29 27
17 68
15 67
25 45
2 5
10 27
29 13
21 25
3 64
0 86
30 54
28 50
13 22
0 9
16 32
16 47
25 6
28 38
16 30
6 35
23 80
7 4
13 16
5 67
12 53
17 47
20 37
21 55
6 100
21 27
21 54
1 24
26 83
25 87
18 17
18 79
4 60
15 26
13 87
14 30
24 88
9 4
20 12
21 15
27 52
13 41
13 97
11 20
16 76
21 66
7 28
1 83
17 11
24 53
28 93
26 93
4 11
29 54
9 57
28 9
17 59
29 30
20 94
28 22
3 29
14 44
14 39
7 64
22 32
28 53
17 60
1 41
18 90
30 34
12 15
12 57
0 86
27 19
15 28
5 50
7 15
6 66
18 5
13 100
16 75
7 91
30 46
12 80
7 27
12 53
27 52
13 70
28 44
20 78
19 10
19 75
25 11
29 65
14 61
10 62
5 55
21 29
24 58
12 44
11 56
5 15
11 72
15 78
30 30
10 12
4 83
24 55
13 93
12 26
16 79
4 70
0 8
5 51
0 24
20 77
18 56
17 11
26 14
4 6
22 12
30 90
3 60
8 82
5 83
15 90
25 79
28 88
16 74
16 21
20 84
10 67
12 17
19 57
26 47
9 94
8 80
30 93
27 12
24 1
21 83
27 17
24 8
3 99
17 92
6 71
3 84
7 41
13 26
15 63
21 74
29 51
17 26
29 31
15 78
20 88
9 25
11 100
8 82
6 88
28 84
10 91
1 40
25 31
5 88
27 79
25 53
5 55
21 16
2 6
23 84
28 96
6 44
29 66
19 85
14 55
27 49
2 73
30 52
15 16
24 46
29 75
9 45
15 58
7 64
28 56
8 3
21 58
0 76
3 100
8 25
10 65
25 59
28 59
9 40
3 41
8 26
4 62
19 83
15 50
26 91
28 87
18 83
6 93
13 5
22 57
17 54
23 84
30 99
15 40
10 44
9 60
23 23
1 27
21 4
4 37
30 72
9 20
7 71
13 17
2 17
0 16
22 40
18 82
21 78
28 6
18 81
11 58
21 80
24 1
28 30
4 36
18 21
1 91
15 89
20 90
8 39
17 82
10 92
23 31
3 79
21 63
27 41
6 73
20 32
24 93
16 96
12 51
0 44
4 6
27 70
7 8
5 88
9 99
16 8
8 80
14 40
4 92
17 63
21 59
24 31
4 32
19 33
19 59
1 94
21 99
4 71
10 43
25 46
3 17
27 53
13 74
1 43
19 22
6 92
2 73
6 16
20 1
20 41
19 95
1 44
27 20
15 58
17 9
22 54
9 12
27 23
29 66
13 65
19 48
14 20
12 48
0 10
22 42
30 95
8 94
16 10
22 75
26 11
16 31
3 46
10 21
20 72
22 74
13 16
16 63
23 37
19 21
24 48
14 36
6 64
26 100
0 22
25 70
19 6
7 71
27 7
21 94
23 47
18 86
1 56
15 77
18 79
19 22
2 64
29 38
21 87
14 52
16 46
20 7
10 80
14 64
16 42
22 28
