51200
11 48
23 90
16 41
28 81
15 32
17 59
20 50
10 18
25 41
1 53
28 76
10 4
8 35
25 14
5 31
23 82
12 49
0 13
0 76
12 5
20 33
13 11
21 28
1 43
3 3
16 12
11 92
1 79
29 13
1 1
13 80
17 75
0 84
15 92
16 97
4 98
19 83
11 83
29 11
15 78
29 42
2 20
29 64
26 59
8 66
20 3
20 18
5 26
8 68
14 69
5 80
3 32
27 53
4 81
13 75
12 91
14 77
27 4
2 60
2 16
9 21
30 48
28 44
17 67
13 14
25 87
28 57
20 14
22 56
9 69
27 8
28 95
2 7
17 14
23 98
24 20
3 81
23 33
30 92
23 48
21 60
6 24
18 46
13 81
11 42
9 74
24 98
23 87
19 42
30 95
9 67
22 7
21 85
27 99
21 69
30 15
0 44
19 60
18 88
19 8
28 79
12 70
2 47
11 47
25 27
22 65
21 5
29 17
0 85
28 39
1 72
30 28
23 54
23 85
8 2
14 59
27 2
11 67
13 96
6 74
12 95
7 99
19 86
22 22
28 19
22 9
7 31
8 21
12 90
14 15
15 77
14 91
12 97
0 5
12 47
4 47
10 17
14 22
8 81
8 62
22 17
23 58
23 36
26 67
0 49
27 9
8 5
6 83
23 5
25 46
17 99
17 72
4 12
14 68
7 20
4 34
24 78
3 83
18 21
17 84
2 7
21 96
13 32
15 55
0 70
7 23
1 56
18 12
21 73
12 42
9 48
22 43
24 25
18 41
15 97
28 49
22 60
21 73
24 98
3 48
24 54
24 11
24 95
10 37
28 7
14 42
15 92
22 16
22 50
25 27
23 16
8 60
8 65
5 60
12 63
3 22
13 87
26 82
26 62
29 19
27 13
10 77
27 39
21 5
5 42
1 99
21 44
22 63
18 75
19 45
16 90
22 89
3 78
9 27
18 47
22 57
27 66
7 7
21 13
27 47
3 35
15 55
12 7
4 46
4 45
5 45
15 57
22 21
4 40
5 36
22 82
19 23
10 97
10 89
19 92
9 10
12 8
22 45
9 62
11 83
1 93
6 47
25 11
2 96
13 79
27 35
30 46
8 85
30 17
20 66
7 99
11 3
9 96
10 26
9 78
19 47
21 5
26 2
1 97
22 94
19 12
6 98
20 55
10 75
20 3
20 22
7 32
26 35
26 49
30 88
16 27
27 82
10 51
6 74
9 19
6 20
27 30
15 67
25 9
2 75
19 99
29 81
27 48
29 31
18 39
21 27
21 59
18 60
2 74
15 2
19 30
30 53
17 1
4 62
29 48
18 12
4 22
21 33
11 35
0 54
17 34
8 45
27 51
20 11
11 86
3 12
10 37
7 87
17 41
18 74
29 96
28 46
23 86
19 39
9 89
3 64
7 65
9 70
16 8
12 21
13 29
13 40
21 34
22 59
21 59
12 46
2 60
1 7
1 1
20 17
14 35
23 1
17 96
0 49
8 40
2 42
2 49
21 45
12 93
12 85
4 54
28 18
2 28
22 90
28 48
12 18
21 87
17 50
15 89
2 23
3 83
28 95
19 91
23 76
30 47
6 73
22 73
15 1
22 67
27 98
22 100
30 50
11 45
5 83
9 75
1 45
24 25
18 8
28 29
23 40
2 100
14 41
26 5
3 42
22 17
17 20
5 60
30 6
13 68
1 6
27 76
10 85
24 4
14 35
28 33
9 85
2 7
2 30
10 55
30 82
22 95
15 11
6 82
25 33
17 47
24 94
30 4
20 49
30 41
26 99
