51200
19 4
10 22
25 9
13 45
11 36
28 64
23 57
8 65
8 63
29 49
11 40
20 45
10 62
23 99
16 2
24 75
14 80
14 51
24 72
25 78
1 15
7 82
17 1
10 2
8 32
21 46
9 2
22 75
12 88
2 91
8 89
29 47
0 83
1 7
12 18
22 8
4 6
18 31
14 28
28 79
9 6
23 99
20 52
1 84
23 70
1 29
26 29
25 21
19 18
30 87
0 30
4 49
5 1
5 70
26 77
12 51
4 97
18 95
1 4
14 60
20 38
1 93
4 14
5 39
30 52
8 16
15 19
25 13
4 40
20 57
18 18
20 75
10 83
5 41
28 54
21 47
7 47
30 11
26 93
3 4
11 45
27 42
6 7
18 6
3 55
17 35
6 49
9 8
5 3
4 98
7 90
23 85
15 58
7 32
13 15
18 72
6 12
18 65
30 96
16 97
9 60
28 97
17 49
20 82
4 46
21 17
21 73
22 60
26 34
12 16
19 23
21 59
6 11
0 97
11 60
29 29
21 93
21 72
28 68
18 46
0 92
15 94
24 2
30 91
22 88
30 53
23 44
28 77
25 3
4 54
8 91
6 6
26 38
4 73
7 59
18 96
17 86
4 32
10 21
14 38
24 69
15 100
23 15
1 6
9 46
14 98
8 39
11 84
20 83
5 11
5 19
25 56
22 98
19 77
23 1
22 67
28 44
1 35
11 25
10 56
1 44
9 47
23 85
27 52
11 99
15 83
7 22
0 88
0 83
17 5
7 21
2 34
14 43
14 62
4 18
26 47
5 25
22 16
23 28
4 66
19 32
15 83
8 4
28 1
12 39
21 91
19 45
15 39
11 59
30 38
9 64
19 17
21 84
18 27
26 62
6 36
27 6
10 87
6 2
25 79
25 43
18 39
20 87
9 26
22 51
6 6
30 9
1 52
3 76
3 38
1 59
4 76
3 38
0 93
22 28
8 51
27 75
30 16
27 15
6 60
8 29
13 52
28 80
10 41
13 70
16 85
28 50
23 46
9 47
30 30
9 41
19 47
30 96
15 6
19 74
2 59
0 72
12 95
20 92
23 14
7 41
27 49
30 63
1 93
7 87
4 39
14 27
23 35
15 79
14 59
6 83
10 7
8 22
28 51
29 93
3 74
5 67
22 13
5 47
16 97
0 16
21 6
25 62
1 36
24 51
9 91
24 94
15 19
4 1
10 20
19 29
4 75
6 70
4 13
21 26
13 50
17 14
19 17
9 10
26 27
28 16
24 17
15 72
13 93
11 47
3 93
8 76
15 17
30 59
10 5
27 81
29 96
14 6
10 82
25 64
1 66
2 59
23 32
28 40
0 66
23 20
11 27
6 99
17 12
3 54
10 94
13 26
25 80
23 69
24 55
8 9
14 91
25 59
5 33
16 79
19 38
6 82
28 14
25 67
5 85
19 77
12 1
6 100
15 5
21 3
17 57
18 45
6 96
26 43
25 97
7 6
9 88
17 47
19 3
28 27
18 8
4 74
27 30
19 89
7 89
1 80
25 96
4 6
21 65
10 98
10 24
3 85
29 49
5 93
26 60
28 87
26 75
12 88
15 76
6 87
27 95
17 95
16 4
9 40
11 87
22 80
24 77
28 94
11 98
16 64
5 61
5 17
30 9
15 52
27 66
22 58
30 7
20 36
3 97
26 85
2 8
20 5
6 95
20 38
20 71
17 95
30 44
5 12
20 78
20 21
24 78
16 54
22 2
27 6
6 27
7 82
25 41
13 76
29 5
28 23
2 27
16 63
0 97
16 96
19 84
