51200
19 13
26 65
7 79
21 18
0 1
12 45
23 57
21 5
25 19
10 9
3 45
17 9
15 14
25 20
25 56
7 94
27 86
20 25
2 90
14 69
5 94
29 24
3 51
30 59
10 72
21 84
4 42
30 38
18 30
9 94
16 15
24 98
21 48
21 70
15 89
28 40
24 76
20 67
4 11
6 64
8 54
5 77
20 22
16 32
22 79
8 35
4 57
22 89
5 20
3 80
17 18
3 63
16 91
28 86
7 52
6 21
8 44
22 12
9 87
12 64
25 93
12 43
5 25
28 77
4 3
20 46
30 93
7 52
18 76
16 3
5 23
15 55
17 30
26 93
15 63
2 88
6 43
1 4
9 53
12 32
1 59
16 18
14 46
15 50
10 53
5 95
1 68
28 55
21 99
0 63
3 43
19 33
12 73
5 8
2 70
7 92
4 53
20 26
0 64
9 24
5 11
26 56
11 89
4 66
21 12
26 31
1 48
23 14
2 60
29 80
5 55
20 86
23 68
16 75
10 54
24 37
30 54
14 32
29 91
16 95
12 64
27 39
8 80
25 74
6 12
29 73
19 94
20 83
10 20
5 18
21 70
1 57
15 18
15 39
21 33
27 4
10 54
17 51
6 95
7 58
19 13
22 23
17 8
1 3
30 3
7 37
12 45
18 1
11 100
26 39
28 49
27 45
4 4
15 91
27 39
14 44
26 69
17 74
16 71
15 60
23 61
30 66
12 22
10 5
30 5
17 35
16 21
20 41
23 59
2 95
7 10
15 11
26 30
12 74
30 39
27 81
0 6
10 67
11 54
2 15
20 28
12 1
2 24
19 10
6 43
17 82
22 57
16 15
28 56
8 33
0 78
24 43
27 39
22 34
0 52
0 79
17 69
10 11
15 17
27 29
18 28
6 67
21 86
20 68
21 16
20 83
18 73
7 45
1 58
18 66
4 94
16 90
30 70
25 86
29 22
19 23
7 24
20 17
25 66
5 76
10 5
15 3
22 5
0 6
17 60
6 2
17 86
6 31
12 88
28 88
14 92
3 61
19 32
9 73
5 21
23 86
3 88
27 39
25 75
24 65
16 35
30 96
16 25
14 27
9 97
11 65
0 72
14 47
0 85
0 67
3 79
13 52
19 98
6 51
14 36
26 42
16 23
21 33
15 2
19 51
1 55
28 39
9 29
13 62
11 42
3 92
20 85
24 54
4 52
20 91
2 85
13 35
17 97
26 25
4 8
27 65
24 22
22 24
13 50
10 99
16 32
30 75
10 2
7 75
30 50
30 13
13 90
1 33
26 87
5 45
27 77
22 24
9 44
11 20
7 22
2 71
7 65
2 74
24 18
13 81
12 4
7 42
14 17
28 21
30 85
14 70
12 66
21 40
24 28
17 96
11 99
5 89
28 95
13 29
8 12
8 54
21 53
11 99
30 31
16 46
17 44
30 92
28 68
18 36
27 51
21 82
1 82
0 24
8 60
19 18
29 74
11 65
4 60
20 68
28 90
8 3
20 22
16 65
13 50
3 12
20 20
22 54
17 2
28 37
17 89
22 33
22 26
9 48
1 50
9 86
9 1
16 29
9 73
16 94
3 56
19 8
14 9
8 94
14 81
14 60
17 60
23 95
3 50
22 86
15 2
24 12
8 29
21 91
10 41
24 27
19 4
18 87
14 43
17 69
8 5
10 93
30 92
20 77
24 97
28 91
19 11
1 24
16 57
30 89
19 69
16 28
8 56
11 49
15 37
25 34
12 5
22 93
11 27
29 45
19 85
6 87
10 85
13 44
0 47
23 23
