51200
5 91
24 51
12 66
12 24
1 27
0 97
4 81
9 39
2 67
11 76
27 6
0 38
3 30
9 57
24 20
8 4
28 67
21 39
28 94
27 16
14 11
20 24
25 55
21 69
17 22
20 57
7 30
4 29
14 99
0 65
4 23
12 98
10 38
10 62
2 40
5 12
30 54
13 62
6 43
9 19
14 29
0 63
23 40
20 25
23 1
29 85
12 34
7 31
13 95
3 50
2 52
20 100
15 20
7 9
19 51
26 31
24 43
14 73
25 88
30 1
25 98
13 16
15 43
17 60
19 17
26 46
0 78
11 99
14 10
7 65
26 67
2 89
15 73
25 19
11 1
10 42
0 5
19 89
3 70
26 95
10 38
14 31
10 55
21 6
16 59
27 29
0 83
21 6
0 21
29 95
14 62
15 31
20 47
18 14
7 44
23 8
2 13
8 93
1 4
16 99
7 30
9 67
11 41
5 45
25 75
1 13
21 28
29 96
15 75
8 75
28 23
24 94
12 79
19 65
16 19
29 20
24 4
20 100
24 77
1 38
22 49
29 81
11 22
23 34
6 99
0 17
18 27
16 54
0 29
9 11
7 36
28 45
29 17
15 5
1 5
30 19
22 32
23 34
5 12
2 26
15 60
10 87
22 10
9 73
30 77
30 85
21 25
23 10
25 25
6 23
15 41
2 73
0 84
19 23
22 14
23 99
29 14
0 23
27 96
20 80
28 8
17 62
29 36
20 72
30 99
12 64
4 56
30 97
23 59
1 33
10 14
18 13
13 42
1 13
23 21
0 24
1 60
29 21
26 96
1 61
5 11
12 86
20 5
17 33
6 12
27 100
25 67
15 95
15 73
4 36
15 13
12 51
3 6
0 89
28 52
1 66
20 29
15 39
3 66
25 33
14 92
29 31
0 79
16 100
18 86
14 17
6 76
1 74
10 44
25 74
4 32
4 83
26 65
11 59
21 78
28 84
4 57
22 12
17 75
6 15
2 41
24 41
25 49
14 18
30 39
21 89
0 19
25 63
0 61
6 3
21 45
28 77
25 15
5 21
19 100
7 62
20 7
24 84
16 75
14 93
24 98
10 72
22 91
14 62
3 7
4 20
23 39
27 83
23 6
14 23
23 86
3 79
15 97
0 70
6 100
30 77
14 17
22 66
29 90
22 13
9 27
3 59
6 28
10 11
3 47
25 60
28 10
15 81
23 80
2 43
26 40
5 26
14 72
10 1
9 69
13 77
25 6
6 62
15 51
26 5
14 28
20 70
11 25
12 74
11 82
17 74
20 21
12 65
29 87
6 7
21 9
5 47
24 36
19 2
18 70
21 61
20 69
15 62
26 89
27 87
15 7
10 23
25 27
25 16
17 28
18 34
17 56
30 40
0 66
1 60
30 15
12 18
5 23
8 1
0 64
8 70
4 10
21 51
11 86
6 81
11 44
9 78
22 79
13 81
4 63
2 25
7 79
7 69
21 24
5 60
7 72
23 15
18 14
12 59
20 77
1 58
19 9
8 47
10 94
4 44
7 100
3 61
27 50
0 61
22 86
14 12
10 45
12 7
27 38
21 98
19 40
2 24
23 47
28 49
11 60
17 14
3 90
7 32
2 57
14 41
13 50
17 99
12 44
29 66
14 98
3 44
17 18
8 97
14 13
7 60
30 1
6 77
17 1
15 50
3 14
25 16
1 44
30 68
21 33
20 10
0 49
22 33
15 34
5 71
16 42
1 49
16 17
8 34
29 17
24 51
29 21
14 2
9 30
12 62
19 92
13 85
16 58
20 94
29 86
16 66
