51200
7 84
14 77
2 42
11 50
3 11
1 46
16 1
1 77
7 72
13 67
7 65
16 53
0 67
1 49
2 82
25 35
19 25
11 79
9 65
15 48
16 42
20 5
16 35
5 11
11 42
9 39
8 9
25 31
28 21
15 24
3 64
23 39
0 54
8 55
6 78
1 12
29 57
12 95
5 100
7 39
21 25
19 34
28 87
24 37
2 49
8 27
17 92
25 40
14 15
6 10
24 77
15 37
5 97
9 4
5 69
17 18
19 92
9 81
8 35
16 39
18 17
7 40
1 67
21 61
30 65
25 92
24 50
1 27
14 29
24 45
27 43
29 72
7 74
18 84
30 23
21 11
18 52
10 1
26 46
3 37
13 70
5 79
25 59
24 39
25 99
1 4
5 65
14 53
29 38
28 85
23 12
0 82
11 18
10 14
29 39
3 10
2 73
22 91
21 56
8 5
26 63
23 25
22 85
16 14
10 71
3 73
2 38
28 6
0 22
18 15
10 53
15 68
19 47
3 19
26 62
26 64
5 45
26 64
20 32
6 7
15 96
10 91
24 2
24 79
12 66
8 49
3 87
6 49
27 67
5 78
30 17
3 82
25 51
2 12
7 40
29 14
27 8
17 99
16 54
28 74
5 93
21 3
27 88
27 46
9 94
22 59
2 44
11 74
0 68
19 87
6 39
27 85
16 95
30 5
26 82
8 96
1 68
26 17
14 36
21 26
21 41
24 87
16 68
7 48
0 54
27 38
20 88
11 67
25 15
24 97
20 23
12 27
15 50
13 79
0 21
16 93
3 9
28 52
22 59
27 56
9 47
26 99
12 88
4 52
30 91
11 38
30 85
1 55
15 1
27 22
15 42
23 90
30 42
28 69
30 91
5 78
4 63
7 82
27 32
3 22
16 92
18 31
2 65
19 33
22 59
14 33
10 20
27 6
8 8
21 5
1 48
16 35
17 88
12 32
13 53
6 61
8 17
19 81
5 43
19 17
20 51
28 11
14 28
5 24
29 22
5 95
5 43
25 39
8 32
12 82
24 87
17 58
21 27
21 13
8 36
22 16
26 7
25 14
28 62
28 34
20 73
27 56
7 60
29 19
27 62
25 20
23 66
7 82
13 83
21 54
14 10
28 84
16 100
17 77
28 31
7 45
14 98
23 62
30 85
5 93
2 8
3 7
19 43
12 79
8 92
26 60
30 91
3 86
5 71
6 3
16 60
12 48
23 12
22 29
26 62
23 82
23 54
29 99
12 90
0 27
21 100
12 4
26 38
6 94
10 5
25 36
18 100
29 71
23 71
10 98
24 87
24 3
30 88
5 26
14 5
18 18
15 31
8 17
19 71
7 91
17 38
10 11
3 65
14 9
13 6
26 15
18 31
1 89
17 50
17 37
18 79
27 67
24 16
30 24
13 43
19 6
21 81
1 92
1 81
27 32
7 67
23 69
14 69
28 9
28 18
4 33
3 13
16 44
22 13
15 9
20 17
0 4
7 66
27 78
6 25
5 2
30 33
17 94
25 50
9 2
8 82
21 90
13 22
22 81
30 24
28 66
11 78
4 13
23 68
11 91
11 35
23 45
24 50
13 40
20 86
22 8
25 49
13 87
2 40
11 3
11 85
3 53
25 69
22 93
30 77
28 60
14 63
6 4
30 89
8 19
4 73
27 28
5 87
17 37
0 97
29 22
9 56
2 46
27 79
7 39
24 53
15 47
24 55
20 89
11 83
3 64
3 55
3 4
25 36
14 87
27 71
24 55
19 18
0 24
13 100
3 58
22 84
9 68
15 19
19 38
