51200
10 64
10 62
5 100
25 26
28 19
30 26
2 63
13 44
26 48
30 35
13 76
26 41
29 41
6 1
18 29
5 54
25 82
25 51
4 18
14 3
30 77
10 71
20 16
7 74
12 51
9 95
12 90
27 2
24 83
13 80
17 72
19 22
15 53
21 74
25 12
19 51
22 72
9 21
28 97
11 89
20 19
17 44
3 93
0 70
13 41
25 28
30 88
22 23
8 88
16 47
29 13
30 71
1 95
21 72
24 13
9 40
14 59
9 11
9 72
1 5
15 40
16 74
20 93
13 97
3 62
25 60
1 9
23 24
3 86
19 31
6 19
2 80
23 17
10 75
12 48
11 34
28 93
30 50
1 16
20 10
15 82
4 74
14 35
28 36
25 88
12 92
3 22
21 5
19 64
27 40
25 10
14 63
8 8
20 55
25 73
28 28
6 71
22 32
10 56
15 33
3 1
11 9
19 34
13 4
16 35
23 67
1 18
25 77
22 72
5 28
2 96
10 91
22 86
11 16
12 54
29 4
12 23
18 71
29 10
20 26
9 59
26 88
29 31
9 91
22 79
1 66
5 78
13 19
13 35
22 42
2 16
5 50
5 90
2 73
18 6
16 68
30 64
17 51
18 75
27 64
1 26
17 97
30 67
19 54
18 69
22 70
28 87
0 14
9 1
26 67
28 21
24 64
11 9
11 22
13 22
28 10
25 15
6 92
16 2
28 47
1 61
4 65
6 3
30 59
27 98
8 23
21 8
10 43
25 69
5 61
7 56
19 100
29 41
29 78
3 23
13 28
16 32
14 49
4 37
7 81
30 70
9 85
24 72
16 52
18 31
11 59
28 9
27 93
0 96
3 90
10 98
9 39
26 92
16 85
7 56
20 32
6 35
25 68
3 60
11 27
9 28
7 65
22 44
4 94
15 100
29 21
12 56
19 62
0 82
9 26
21 58
8 100
12 52
25 64
21 45
29 11
3 32
21 62
12 17
14 45
4 26
22 26
12 87
25 88
22 53
1 26
18 92
3 36
13 81
29 50
21 57
22 9
8 29
16 30
20 49
17 21
24 43
24 76
25 93
3 6
2 81
30 57
27 32
8 29
13 28
16 59
27 75
12 26
1 15
24 81
11 84
9 76
15 52
19 62
2 71
17 1
0 34
22 64
11 30
21 52
24 33
14 91
24 79
16 80
8 5
17 6
12 96
18 50
18 65
5 94
19 67
27 40
22 6
9 74
18 90
5 69
4 79
7 22
12 20
9 67
0 20
8 11
19 33
3 80
4 21
27 92
17 13
19 1
24 26
25 56
19 28
11 38
1 10
3 71
3 47
3 66
7 5
5 39
16 50
25 7
4 92
4 71
18 83
13 77
4 71
29 88
15 25
30 13
0 33
20 22
19 82
13 37
16 37
4 17
29 67
23 11
27 86
4 57
22 35
17 69
7 26
22 72
23 50
4 4
17 31
8 34
15 30
21 56
18 63
30 87
27 8
15 2
18 100
28 19
10 95
8 88
0 77
21 27
2 95
2 8
19 23
8 62
6 90
17 89
19 79
24 4
18 43
19 41
10 17
5 10
23 82
24 93
26 86
13 23
23 94
18 48
22 23
3 90
2 9
25 3
0 71
19 79
18 100
13 90
28 88
28 63
28 35
14 33
24 10
19 60
19 84
25 29
13 62
21 61
30 65
18 44
21 67
16 40
30 39
8 90
19 83
6 39
12 13
6 76
1 27
9 9
7 78
9 98
17 35
1 54
25 62
24 70
16 20
13 64
12 91
28 28
0 82
17 47
25 60
8 58
