51200
0 11
3 50
4 29
15 61
19 89
17 66
28 21
14 42
1 4
0 91
17 82
4 34
29 2
30 57
5 48
6 39
17 69
12 41
3 33
21 96
23 57
21 38
28 24
6 15
7 47
8 5
25 86
14 8
5 77
26 7
28 94
6 16
4 51
21 30
13 1
3 87
13 67
12 4
10 47
30 89
8 5
27 59
16 74
24 10
8 96
23 23
0 95
9 35
20 39
23 100
25 23
10 29
18 44
28 15
19 46
20 95
12 42
12 85
11 26
24 31
14 61
27 62
14 32
4 99
19 14
6 5
8 14
6 7
21 72
28 60
14 84
8 73
2 67
26 50
18 42
21 98
0 98
2 100
6 71
9 11
29 55
13 29
3 9
8 74
20 35
0 54
11 79
28 43
26 79
29 40
18 96
13 97
15 25
27 95
2 65
3 15
15 51
27 65
30 55
24 61
17 26
7 38
9 44
12 78
24 36
1 25
27 90
4 67
12 54
15 14
18 54
3 96
27 31
4 64
30 72
7 39
30 10
8 22
7 33
16 95
9 23
28 51
12 74
14 8
23 56
1 13
18 29
30 31
5 53
28 99
11 94
0 20
14 34
12 44
17 72
9 41
21 88
18 11
12 2
17 84
3 33
2 13
4 87
8 31
2 14
29 30
5 79
10 87
5 11
17 61
6 78
14 3
12 24
2 91
8 47
22 31
5 10
21 5
4 23
22 68
18 81
8 11
24 1
5 76
30 22
26 83
27 49
23 75
18 2
9 53
23 29
29 56
30 20
11 48
15 24
2 91
4 4
28 54
10 30
2 78
9 94
8 77
8 82
30 85
15 22
4 5
20 23
18 77
23 29
7 35
7 12
17 82
26 23
11 86
2 81
16 38
15 55
14 36
16 35
19 85
8 23
30 29
5 9
12 80
12 43
5 44
1 42
9 50
6 53
28 61
18 45
18 40
19 11
24 15
28 81
28 62
22 7
11 46
9 19
1 43
26 35
22 100
24 29
29 63
1 19
6 64
18 45
18 86
4 14
19 94
1 31
0 67
10 10
16 67
10 50
10 56
0 72
29 12
0 45
24 60
30 75
17 93
9 87
9 22
6 73
25 55
22 92
7 69
26 97
13 40
8 42
0 81
6 74
7 76
21 1
14 53
7 64
18 94
0 13
23 56
21 96
24 33
8 13
19 7
26 64
20 85
27 2
21 8
28 87
12 74
16 1
13 65
10 5
6 98
10 50
27 21
18 77
11 23
3 72
9 73
20 10
26 34
9 9
10 66
9 30
1 96
0 23
29 33
4 76
20 11
27 17
5 44
13 100
7 49
15 3
11 16
22 84
29 71
20 28
4 57
20 92
13 87
29 75
26 94
21 53
22 95
0 64
1 78
7 21
19 53
26 21
6 85
7 36
17 55
19 36
6 88
24 1
5 9
28 69
7 90
11 96
27 60
17 9
8 27
14 96
22 28
20 9
8 87
26 68
19 27
15 8
6 34
15 31
21 19
5 33
24 49
8 64
27 31
17 38
28 81
2 18
0 91
25 79
19 40
12 92
12 62
19 47
7 40
0 81
11 98
13 1
7 81
12 100
23 88
14 59
21 98
25 53
3 86
16 35
22 5
20 75
5 4
7 42
18 56
1 5
2 12
28 12
22 69
11 26
17 9
12 79
18 55
13 77
23 70
1 43
12 63
4 48
13 76
22 86
21 76
5 56
12 79
9 32
10 34
3 62
9 70
23 58
30 27
2 51
4 96
8 92
21 45
22 10
18 83
5 66
26 71
7 20
23 80
15 75
9 52
