51200
6 10
13 1
8 32
27 99
17 65
20 47
29 17
1 13
4 57
11 52
22 97
0 43
23 41
15 76
23 76
20 99
15 23
10 71
0 75
16 77
6 83
14 41
3 99
2 82
10 17
17 50
8 72
6 5
8 5
26 16
3 37
6 24
24 48
29 49
19 4
20 69
17 88
5 9
8 99
15 5
3 97
23 60
23 99
14 85
8 60
26 47
6 62
2 27
22 27
3 58
21 14
23 11
28 92
13 37
12 1
9 86
30 45
9 28
2 59
13 84
7 39
21 18
21 99
15 39
11 62
28 84
27 71
13 13
14 77
15 91
3 42
17 30
12 43
3 13
14 49
27 24
15 77
28 30
6 58
24 73
28 98
22 87
7 93
2 42
11 99
26 13
25 47
0 67
12 22
24 39
29 8
24 95
27 23
17 19
0 57
11 2
19 71
5 42
18 68
17 43
30 75
26 14
24 1
1 39
12 43
13 74
0 93
12 36
19 76
12 7
17 37
24 22
13 94
16 65
20 65
19 2
30 8
3 5
9 12
27 36
25 86
23 38
19 39
11 79
18 9
19 44
5 21
27 44
12 20
30 33
26 84
29 80
28 42
28 63
7 5
23 58
26 59
27 55
7 57
0 46
1 48
0 71
21 72
6 7
27 38
0 45
19 5
28 10
20 37
9 38
19 48
9 71
7 91
26 94
30 3
23 49
13 12
13 13
23 73
0 26
12 59
0 47
20 84
22 67
5 59
19 1
12 22
4 10
11 20
1 81
19 21
6 42
22 60
16 91
26 32
2 18
7 30
12 36
16 42
28 7
16 2
15 20
0 1
20 78
3 47
14 37
11 46
22 51
14 95
27 42
4 61
20 3
27 20
14 37
29 50
23 99
17 97
19 54
19 56
4 3
11 50
16 16
4 64
22 53
11 12
6 43
15 31
15 16
0 39
12 16
23 94
16 100
9 80
2 81
13 96
11 49
19 31
7 45
25 63
11 51
25 38
7 69
1 67
28 51
14 85
28 23
7 50
28 34
14 67
2 95
8 97
27 56
3 57
2 70
8 61
17 97
16 89
4 38
8 98
28 51
6 16
13 7
18 66
6 17
17 90
28 60
16 44
1 59
0 88
28 21
30 87
10 32
15 71
1 70
28 5
28 60
19 34
21 20
7 34
1 23
11 21
10 82
29 24
20 46
13 91
9 60
15 77
29 89
2 20
15 26
25 80
30 56
12 71
13 25
17 83
16 37
15 37
16 7
21 60
22 83
17 9
7 54
15 17
25 99
8 95
21 19
10 38
5 12
1 19
30 98
23 11
18 35
26 74
9 13
29 67
10 84
9 34
18 45
30 64
17 57
28 45
8 96
12 29
22 51
22 63
15 53
15 6
29 49
15 66
28 81
18 56
22 97
15 4
23 62
5 85
5 11
23 18
19 79
12 22
15 10
17 53
24 57
9 76
0 8
28 32
13 82
18 9
28 40
27 54
3 30
22 84
7 27
27 74
23 90
24 83
26 30
16 18
7 19
23 34
14 29
16 51
18 67
22 46
28 94
12 20
21 95
26 77
11 93
13 78
2 15
8 84
24 21
7 71
30 76
18 56
25 82
8 80
30 26
10 19
0 57
25 45
24 67
20 68
8 12
9 36
27 63
23 41
10 18
27 10
20 8
28 49
19 97
15 59
26 75
29 53
15 32
8 76
25 43
1 99
24 8
4 86
25 3
28 8
13 96
28 49
5 14
29 64
3 16
24 66
14 91
11 14
24 17
12 27
25 20
9 70
21 91
20 46
1 38
28 50
9 68
