51200
8 73
2 66
0 35
28 65
15 91
29 41
18 6
9 84
27 25
23 50
23 49
3 91
20 68
23 40
9 99
25 90
13 56
3 99
14 58
8 68
26 64
8 67
7 67
15 68
12 14
14 4
0 27
25 84
15 49
26 59
12 97
3 22
24 24
10 77
16 95
7 100
27 57
25 14
30 17
13 98
25 13
14 51
16 88
18 93
0 14
6 22
11 81
5 36
30 47
26 57
0 60
8 20
13 33
5 80
4 62
11 44
30 89
18 30
6 97
21 95
17 89
30 72
16 71
8 83
22 91
7 87
9 84
5 64
5 75
4 39
1 44
30 9
10 9
10 7
6 100
1 92
21 1
20 64
4 74
17 75
0 40
30 50
4 24
8 74
2 34
16 21
14 15
5 46
9 30
21 24
13 53
12 25
1 59
28 34
18 39
30 53
2 36
1 60
6 13
30 75
10 46
16 9
12 20
3 89
14 19
4 9
10 36
15 14
19 8
21 28
4 22
17 36
27 73
30 56
13 100
4 87
23 17
9 69
15 82
23 85
30 95
2 98
9 17
10 100
11 32
18 57
10 43
15 49
26 66
30 46
14 27
14 82
1 92
1 91
4 24
16 48
0 47
3 63
17 1
20 72
16 4
20 69
23 82
9 98
22 93
30 90
23 93
12 21
1 44
25 92
12 54
5 6
4 43
11 6
14 14
3 55
11 27
4 3
3 55
29 18
26 31
2 48
13 25
30 47
9 93
28 50
14 5
10 46
29 4
12 7
6 51
6 74
12 99
29 2
24 35
20 13
19 22
2 97
25 22
17 92
6 24
3 16
23 74
9 96
10 70
14 10
16 93
29 71
20 13
17 81
20 44
14 49
3 28
15 100
24 72
21 43
25 9
28 15
0 94
5 3
26 88
10 8
16 80
0 68
29 8
14 95
29 94
10 3
23 100
23 46
2 53
26 59
11 35
1 7
6 65
18 16
17 57
21 34
30 52
17 6
24 79
11 56
21 19
12 38
5 6
18 71
2 78
16 20
6 12
15 7
5 35
28 49
6 99
12 8
20 44
1 100
11 97
3 92
24 100
3 29
10 86
5 43
5 78
19 97
14 94
11 7
22 28
17 85
15 33
4 46
19 1
4 92
17 100
14 98
13 66
4 83
30 62
28 49
2 44
3 38
1 28
27 51
19 67
10 43
22 49
7 1
21 100
21 68
24 24
10 33
29 19
1 25
22 78
9 69
8 100
14 65
19 18
28 72
8 74
7 7
14 9
16 29
2 68
13 48
1 37
23 3
3 91
17 55
21 61
23 19
11 42
8 71
20 68
20 39
19 95
25 21
0 1
4 20
2 14
4 91
12 29
24 100
6 33
15 16
26 67
18 36
29 48
21 63
29 73
19 45
17 21
5 82
9 74
8 39
22 5
16 70
25 10
6 48
11 69
27 97
25 17
23 68
21 73
1 86
28 51
12 34
30 79
13 81
27 87
11 90
0 78
27 25
17 10
19 76
21 59
9 16
16 97
24 48
15 53
3 8
4 37
4 14
8 27
26 21
0 6
0 16
6 37
27 7
22 58
19 77
20 74
22 37
4 91
19 94
15 82
10 45
6 24
15 99
3 99
25 80
25 43
14 71
20 8
11 78
2 94
27 75
25 33
10 48
7 60
23 72
18 54
15 100
0 90
1 17
13 91
6 84
22 35
26 89
25 49
4 77
5 100
16 12
14 26
0 70
15 50
21 40
20 15
23 16
21 74
4 1
25 27
5 69
26 20
29 14
17 86
4 83
20 49
2 32
6 29
13 10
