51200
29 54
6 49
21 58
4 43
25 70
7 58
21 67
17 75
29 86
24 57
9 40
10 88
5 64
22 38
4 81
26 6
18 34
2 11
16 81
9 62
13 54
29 100
28 65
27 78
6 26
17 53
23 80
2 89
24 87
10 68
6 53
16 18
5 31
10 44
23 97
3 99
15 60
29 64
9 95
7 78
19 87
0 16
12 50
11 62
28 90
2 46
7 52
17 91
28 67
10 25
28 17
19 75
2 70
8 98
4 8
21 35
16 54
25 72
26 41
12 10
16 98
9 7
28 91
23 82
12 83
12 69
21 87
26 64
17 46
2 24
20 59
18 24
26 12
8 40
28 99
23 15
9 10
23 15
18 65
13 47
12 40
24 49
5 21
30 79
17 33
14 94
17 16
1 79
30 55
26 12
15 7
16 6
21 51
30 92
8 71
15 16
9 96
8 3
30 22
17 3
30 46
11 65
10 77
7 7
16 64
26 61
13 90
10 4
11 24
16 66
19 97
29 87
5 25
7 50
6 48
6 87
0 43
28 18
0 79
3 78
2 29
12 55
6 86
4 5
21 39
8 100
15 49
17 1
9 51
28 48
28 54
3 48
23 43
14 37
25 76
3 25
16 9
4 74
13 55
11 57
24 91
6 47
27 43
26 75
30 53
24 65
28 40
7 100
16 20
22 91
1 13
7 59
29 91
27 80
0 62
0 82
19 61
3 54
0 63
23 93
5 57
27 83
21 18
7 58
17 50
25 51
3 3
23 73
19 20
15 84
24 55
15 37
0 29
14 48
13 67
17 48
6 35
26 67
25 61
19 84
2 76
28 38
10 91
12 40
7 20
18 30
26 100
29 46
28 47
25 40
8 14
8 10
23 37
1 50
11 95
26 91
27 96
1 89
9 15
9 61
27 31
2 55
21 94
3 75
0 71
1 47
24 19
18 77
14 14
4 82
23 14
30 60
24 98
0 69
9 71
5 16
23 17
26 92
11 9
27 16
4 44
1 53
3 22
13 98
11 59
2 29
20 89
16 61
0 72
14 84
14 75
14 10
27 16
13 99
11 70
11 16
0 8
10 11
0 40
5 73
17 6
28 28
20 87
11 45
2 40
26 95
25 60
22 7
11 98
7 53
6 39
13 15
14 46
29 95
8 90
20 36
0 24
15 34
19 74
29 44
25 18
26 84
28 7
25 85
1 72
3 76
20 39
28 72
1 29
25 59
1 14
28 67
8 10
23 40
16 31
6 41
30 43
1 72
12 98
26 60
10 55
10 40
30 93
24 3
3 52
27 19
22 22
1 35
23 77
22 35
3 83
7 16
17 51
7 79
20 8
2 6
29 33
2 85
10 1
10 79
26 76
12 1
15 30
3 68
24 29
27 39
12 30
10 48
12 71
21 71
12 78
2 44
16 100
30 78
14 84
4 73
30 3
28 58
9 32
21 65
19 9
9 33
30 14
17 57
30 79
0 19
12 13
1 39
11 38
24 34
15 27
17 37
30 8
14 61
3 100
27 86
17 56
8 72
16 85
13 92
4 35
6 26
6 75
11 58
20 12
6 54
0 46
9 72
5 73
6 62
7 9
17 98
20 27
27 37
20 76
10 7
6 35
24 80
18 69
18 39
16 42
26 96
0 19
2 39
26 42
6 77
23 1
6 52
3 40
1 19
19 19
24 17
20 49
6 84
14 80
11 85
13 86
1 45
30 21
13 82
10 90
21 38
18 60
22 30
2 59
10 47
8 63
22 62
6 64
23 20
24 36
20 26
2 29
24 88
22 26
27 58
1 96
13 77
17 52
10 73
