51200
2 53
27 75
30 56
5 29
24 76
26 65
24 86
14 48
24 45
13 37
13 52
6 47
10 15
29 61
6 12
5 96
8 22
22 54
18 39
0 15
21 51
18 16
2 72
10 92
17 54
27 21
18 66
14 84
9 95
1 39
13 77
6 70
22 73
7 63
18 55
15 62
2 88
6 37
4 19
2 22
11 84
9 16
20 45
24 6
6 81
13 77
20 40
15 55
26 25
12 86
15 83
23 31
4 62
9 36
5 88
26 53
4 67
6 5
12 31
3 68
26 4
28 84
14 3
20 63
19 40
28 40
2 44
7 71
19 33
22 46
2 12
22 86
20 85
29 40
18 47
24 92
26 54
22 64
20 42
1 82
2 1
20 35
13 43
2 40
8 10
7 6
6 49
24 88
26 1
7 82
9 95
7 35
8 26
15 100
18 18
4 87
24 3
18 22
11 82
18 16
25 44
21 23
10 43
12 26
18 30
10 94
15 32
29 30
13 84
15 76
28 6
18 32
12 37
3 56
25 21
12 83
6 92
14 7
19 51
2 84
10 15
11 1
17 84
3 12
14 16
20 73
28 79
27 18
22 69
2 30
19 46
30 47
20 45
19 87
29 85
10 21
1 48
19 46
29 52
2 48
5 62
2 30
16 93
10 64
18 97
16 96
5 90
10 89
7 30
27 57
6 11
5 26
29 60
1 33
1 74
1 78
26 17
30 21
22 44
7 22
20 77
17 28
9 80
12 49
5 92
13 28
5 1
30 69
28 80
24 80
5 56
10 81
9 85
12 46
30 75
22 65
10 78
17 31
7 87
10 62
4 80
28 22
12 60
11 9
10 22
4 50
23 18
6 8
16 38
27 45
14 68
30 26
10 53
28 98
14 55
28 53
6 37
15 19
17 53
12 62
24 88
6 19
16 32
10 13
29 55
6 15
25 11
1 15
10 51
22 35
15 40
10 73
23 96
11 10
28 59
13 93
24 15
15 34
18 73
11 97
3 60
22 30
14 56
15 86
26 30
2 48
17 6
12 86
25 10
11 89
19 58
2 52
11 11
10 71
7 4
19 85
25 79
30 4
24 98
30 12
18 12
3 17
19 3
11 43
15 29
26 56
22 67
11 84
18 63
17 11
30 94
21 87
2 67
25 86
22 99
0 16
8 24
27 54
21 36
5 22
8 48
23 55
15 71
17 86
1 56
17 48
11 79
27 90
13 59
16 54
23 28
19 5
17 2
15 97
17 33
12 68
11 43
14 37
26 91
20 27
13 25
23 4
19 3
1 96
11 77
21 60
8 2
26 75
1 54
22 47
0 93
25 30
29 21
24 92
28 65
30 97
2 60
14 20
2 31
26 31
2 13
0 74
7 72
28 39
4 39
17 4
20 77
3 51
19 18
19 19
1 14
6 26
19 96
23 75
25 82
18 53
30 51
22 26
20 57
24 6
6 4
26 52
0 25
16 74
11 80
13 92
20 71
22 62
1 54
14 58
7 23
11 40
20 1
27 40
2 74
3 64
13 17
30 77
29 47
16 57
6 7
16 40
2 78
29 42
0 47
19 84
11 92
2 92
20 17
18 68
26 85
13 82
27 74
22 15
29 94
20 46
13 46
4 55
29 77
2 40
24 69
12 80
28 87
8 1
19 90
1 42
20 1
3 48
17 100
21 50
20 100
26 91
23 5
17 94
6 30
25 28
30 75
24 43
4 47
21 42
24 57
27 10
19 36
29 19
16 41
21 51
5 20
10 68
18 60
22 87
9 66
11 90
7 71
24 14
23 90
18 9
6 99
14 44
9 93
10 34
