51200
16 97
4 65
25 41
29 75
9 27
15 27
11 45
27 70
2 24
12 69
24 98
3 54
9 94
3 49
18 90
7 91
18 78
8 77
27 19
5 74
1 27
6 76
10 27
4 29
22 13
29 10
3 23
7 52
3 97
11 1
24 12
12 86
15 16
4 59
8 48
26 82
19 26
12 99
6 15
25 96
23 23
6 75
30 95
28 3
16 94
20 77
7 8
2 23
12 95
23 32
18 73
2 44
16 57
27 22
23 76
6 46
18 7
29 33
18 72
20 73
9 94
10 59
14 38
21 7
12 58
11 21
10 4
13 30
27 28
19 51
27 63
14 33
22 72
21 11
11 25
20 11
8 43
3 54
15 48
23 76
2 48
28 96
1 68
22 41
11 49
27 44
23 54
7 78
9 67
5 50
27 1
29 87
8 81
5 62
24 50
23 94
30 81
17 17
22 66
28 64
29 20
1 36
2 32
15 81
27 3
28 77
17 85
24 69
29 15
26 36
6 84
6 73
13 73
19 49
3 33
4 73
25 5
17 15
2 32
4 67
18 89
2 38
25 98
11 95
3 55
11 64
0 90
18 91
19 52
28 99
15 23
27 28
11 5
26 85
19 20
27 97
16 84
26 73
21 34
14 91
11 42
23 74
28 30
21 40
4 8
0 30
3 58
16 49
20 8
23 72
13 51
1 46
1 29
21 54
9 43
14 27
18 13
0 35
18 40
23 97
30 65
8 36
3 35
28 16
5 51
7 59
23 60
16 16
13 10
1 6
26 92
8 6
3 25
3 88
24 82
17 37
11 2
23 87
12 24
17 76
7 53
3 61
27 75
11 50
21 37
28 90
6 27
8 91
19 12
21 97
1 45
25 25
19 25
27 31
21 47
5 19
23 32
4 84
7 23
20 88
12 90
2 48
14 9
17 27
29 27
26 73
19 66
7 18
23 42
29 51
12 92
28 23
29 45
19 47
14 94
30 8
3 27
16 71
29 22
16 11
14 39
10 7
5 1
16 15
26 17
26 59
1 33
9 2
10 92
11 70
25 43
9 52
1 99
11 28
23 17
16 46
11 17
6 27
21 90
29 61
13 64
11 28
25 78
30 8
6 100
26 39
11 27
30 55
19 57
1 51
15 28
28 100
2 85
28 69
1 91
2 32
6 22
16 35
27 68
24 84
11 43
0 29
9 24
25 2
12 43
4 10
14 98
20 35
28 22
26 90
3 87
9 18
29 71
5 20
22 96
25 96
30 93
14 34
15 86
24 49
26 56
9 96
9 43
20 38
30 75
19 88
7 74
3 35
25 38
17 95
7 3
2 79
28 98
23 54
5 87
16 37
2 9
25 57
9 62
6 8
18 84
7 36
0 56
27 47
30 34
1 42
24 81
26 84
1 4
24 86
0 4
12 63
0 28
10 44
6 49
2 96
8 23
24 35
16 7
18 30
17 29
1 8
11 5
16 36
14 65
20 37
3 70
0 51
10 65
4 9
12 47
9 14
3 54
4 59
8 55
6 100
23 27
14 54
3 73
24 2
19 3
5 12
4 49
8 64
3 95
1 5
21 64
20 68
11 17
30 12
1 50
4 72
7 30
19 86
4 95
14 47
16 14
12 95
2 53
15 80
25 70
25 96
29 23
29 65
16 69
22 62
2 12
5 96
7 75
29 89
3 3
29 42
26 3
1 89
7 42
30 25
1 83
21 12
2 91
19 65
26 66
14 64
11 99
27 44
13 89
9 65
2 42
13 93
9 82
18 46
22 50
11 97
6 22
7 27
2 63
6 11
1 17
29 57
23 91
1 77
