51200
30 98
14 51
27 1
24 6
16 8
29 68
27 39
15 46
14 21
20 20
3 33
12 71
19 50
7 11
22 16
30 52
15 21
25 35
18 46
7 71
26 15
26 27
30 1
22 77
27 76
28 32
22 3
10 100
20 24
22 41
18 72
4 24
26 7
12 56
25 8
8 93
3 68
18 32
13 60
21 22
18 12
17 34
28 70
30 16
4 63
23 56
20 59
22 29
0 74
26 82
22 37
18 91
12 1
21 90
27 52
3 88
21 34
25 81
14 83
16 21
29 75
5 27
11 92
30 9
19 12
24 51
21 44
26 45
23 18
22 88
23 34
20 86
5 23
21 68
30 62
14 42
21 79
26 42
6 54
20 23
3 43
23 97
2 76
21 94
4 57
19 87
17 75
26 6
16 72
23 31
28 71
13 40
12 13
28 29
22 96
16 56
25 33
15 5
9 46
12 76
24 21
1 5
26 69
11 88
0 66
30 38
6 19
4 13
8 45
9 14
9 49
4 16
23 12
29 61
3 43
28 11
22 48
2 37
10 14
13 15
5 12
12 73
4 31
14 85
30 6
23 47
26 25
1 87
16 37
14 23
3 1
27 37
12 62
22 28
0 30
13 84
21 48
24 4
7 24
28 48
28 28
25 18
30 19
10 68
26 64
13 15
27 4
21 6
29 90
8 14
1 85
9 64
3 86
6 49
19 2
17 20
10 31
18 27
6 12
3 97
12 10
24 2
15 60
16 88
3 23
22 16
15 23
16 30
18 30
6 67
21 54
15 11
4 36
25 4
19 35
16 27
13 85
7 24
12 27
26 96
16 55
18 83
23 88
24 36
25 22
16 6
1 76
27 41
18 28
18 66
16 71
13 43
10 84
0 26
15 43
24 97
22 29
10 69
25 6
26 58
7 10
24 42
13 69
30 8
1 47
12 14
5 14
3 21
12 4
8 85
7 57
7 86
5 79
13 18
4 16
21 20
17 67
8 81
26 89
25 36
21 15
15 52
28 48
11 80
15 92
3 70
20 41
6 12
11 50
29 41
19 16
1 45
18 28
14 61
23 41
2 93
13 70
17 25
27 42
4 87
26 77
14 8
17 86
22 79
13 15
26 25
4 26
5 13
17 59
7 34
0 87
16 25
16 3
17 77
26 75
5 67
1 50
10 62
10 22
21 84
2 1
22 79
22 89
6 78
1 14
21 62
17 82
26 18
28 57
6 73
2 92
30 57
14 93
10 19
21 2
29 68
28 21
7 7
2 54
26 44
17 35
15 18
2 47
28 44
24 47
11 19
8 52
13 86
13 36
25 44
26 10
3 86
26 78
22 71
17 20
6 73
4 71
24 80
13 72
8 54
24 59
15 71
11 41
1 37
6 96
30 67
17 92
2 82
10 31
14 83
14 75
27 32
1 68
5 31
30 17
30 19
5 24
18 19
12 2
1 40
14 52
2 53
12 87
28 15
6 72
5 56
27 42
20 25
0 71
0 16
8 62
17 66
16 45
21 31
22 43
14 32
10 10
12 16
21 30
30 9
1 46
3 79
16 95
0 76
5 56
30 66
13 62
29 9
7 5
12 36
13 35
16 99
16 35
6 47
3 34
12 44
15 78
2 73
4 69
22 3
30 41
9 83
25 56
24 61
19 65
3 68
29 100
5 26
8 32
10 29
11 69
4 9
3 34
13 40
3 3
21 19
22 26
6 30
29 54
29 66
4 84
24 6
4 90
11 55
8 3
12 97
7 30
22 63
26 20
13 6
3 30
13 63
4 59
6 27
7 27
20 54
2 84
29 3
0 72
21 23
