51200
26 21
11 83
28 60
6 3
14 53
5 31
20 47
19 22
4 100
3 12
16 83
10 8
9 70
2 51
6 61
24 32
14 18
19 21
25 99
16 56
8 30
27 95
25 68
22 63
30 64
24 43
18 31
6 71
22 50
9 51
26 72
7 65
3 83
3 64
2 40
0 67
28 49
19 88
18 79
18 42
27 92
16 51
14 33
5 99
4 56
27 38
26 33
27 25
3 41
2 58
28 49
22 91
2 84
15 72
26 26
28 43
26 73
8 37
19 17
30 51
10 1
11 96
8 8
29 20
10 43
19 22
20 56
13 92
3 37
17 30
23 17
22 63
20 67
0 18
20 80
30 76
14 73
7 49
30 17
21 77
20 35
11 27
1 64
13 29
18 56
14 30
16 91
9 52
25 8
17 32
21 96
20 11
8 36
12 19
5 43
15 55
24 88
19 4
11 72
4 78
24 49
12 16
30 27
10 63
11 7
10 76
15 45
2 98
15 61
22 84
21 71
9 86
12 51
3 82
17 66
5 95
25 9
17 57
1 86
25 41
1 54
30 73
28 56
17 4
1 82
20 6
11 97
27 33
8 59
6 58
0 6
8 49
2 36
29 72
16 48
13 85
22 82
2 57
28 14
10 100
27 19
30 74
13 50
4 47
2 42
5 4
16 6
9 76
6 79
8 19
21 1
25 15
14 17
5 11
15 50
4 35
21 69
24 42
15 87
11 91
18 66
6 47
7 100
29 16
22 4
4 67
27 29
18 19
26 100
25 94
25 57
10 89
0 47
22 46
30 61
15 70
30 14
21 74
4 18
7 40
8 6
23 99
21 29
22 61
23 60
16 48
9 76
23 49
30 87
8 75
0 36
18 43
25 33
16 47
13 66
3 96
0 85
16 57
13 79
27 24
19 25
21 2
21 89
18 50
17 96
14 60
29 39
20 94
8 11
30 61
30 33
8 31
0 15
20 29
22 51
25 95
17 63
8 78
8 68
16 98
17 6
18 65
13 99
15 42
6 29
8 38
5 8
10 5
7 70
15 40
27 21
18 42
6 61
2 79
24 43
3 35
30 65
28 82
11 5
22 72
24 57
6 14
25 31
6 8
21 88
24 4
18 39
5 40
1 21
6 80
24 100
11 40
15 45
27 84
20 80
28 16
12 96
20 80
3 25
14 52
28 92
24 49
26 38
23 50
30 40
15 76
3 66
10 62
8 59
11 54
12 15
22 88
28 91
1 83
27 9
7 49
20 69
18 48
1 30
23 16
9 27
19 74
0 10
4 51
8 21
18 49
14 11
10 59
2 62
18 25
17 84
16 16
20 68
8 98
22 93
25 92
1 69
11 70
21 26
30 16
24 86
18 61
19 50
6 26
30 3
14 78
27 96
29 86
4 67
7 59
22 71
24 81
10 66
27 33
0 80
16 11
22 18
11 18
14 53
1 26
30 4
17 50
25 13
0 98
9 17
6 83
6 56
12 79
2 24
20 36
16 61
6 13
22 89
4 77
19 46
29 76
25 41
12 92
9 52
28 27
13 20
19 20
30 51
16 100
8 17
29 81
5 81
26 56
8 2
24 73
8 96
13 20
22 83
10 62
25 53
9 51
1 49
15 95
7 52
15 13
24 15
23 55
13 29
17 1
18 7
6 15
1 74
15 27
3 8
25 38
15 100
19 2
25 50
2 62
16 64
21 86
4 31
2 92
4 43
7 53
9 44
20 45
15 100
0 56
14 65
13 25
9 68
0 23
14 57
5 2
27 39
24 28
22 12
6 2
8 47
8 21
22 81
27 67
18 46
29 24
