51200
0 56
9 99
5 60
16 11
9 46
6 7
20 85
27 87
12 50
17 49
6 39
4 55
5 59
13 43
5 77
22 65
26 28
26 37
25 53
19 16
11 93
10 57
5 89
29 96
24 91
4 95
27 55
6 19
19 96
24 87
4 10
5 29
9 75
4 7
27 58
5 51
9 40
13 71
21 51
25 76
28 48
9 52
22 29
14 76
11 69
13 73
15 49
2 31
3 6
6 43
12 14
16 51
5 74
2 18
11 47
6 49
8 97
12 10
30 73
1 12
20 20
10 78
12 95
6 31
20 48
13 36
18 60
11 100
21 57
10 61
4 17
30 53
23 55
19 22
21 61
1 56
14 18
28 15
17 13
6 77
4 64
18 78
8 21
15 89
21 25
16 45
24 33
12 4
27 79
28 3
14 66
30 18
18 50
9 32
8 82
9 87
6 44
2 16
25 52
28 9
24 90
14 16
18 12
7 2
18 89
0 87
22 69
25 8
7 20
0 12
23 55
29 23
1 28
26 10
29 22
19 50
8 19
19 42
14 71
29 94
16 44
8 63
11 82
14 61
6 32
27 84
11 25
26 62
25 23
0 87
19 34
20 96
4 18
28 25
10 53
10 26
1 88
10 2
22 89
21 46
13 60
26 39
23 6
21 45
14 46
16 84
16 100
21 49
1 7
29 63
19 35
6 37
28 71
14 96
9 97
6 74
27 60
1 8
25 77
5 35
18 53
7 31
4 44
2 98
24 82
11 52
19 19
28 75
11 33
27 50
1 48
5 15
8 35
8 54
12 63
27 79
4 16
1 23
8 100
23 33
4 69
10 49
23 13
2 88
29 12
28 42
12 23
2 68
13 50
7 17
24 86
17 85
24 48
23 21
3 15
4 98
28 64
4 4
8 7
19 42
6 98
20 67
30 85
26 57
8 71
1 17
17 34
21 43
18 79
8 41
12 35
10 63
24 87
17 89
10 38
1 30
19 32
20 58
5 16
30 45
9 100
29 76
5 30
30 82
18 62
26 83
15 45
11 17
20 33
26 56
10 31
22 1
6 27
15 97
22 23
28 83
18 9
27 79
7 47
23 83
21 79
17 45
9 32
20 28
21 18
3 55
8 7
16 92
10 19
26 4
18 48
18 74
30 25
28 85
25 2
7 11
23 49
30 86
8 27
18 8
3 87
22 95
20 10
23 92
16 85
27 29
25 53
5 80
2 42
16 23
11 97
4 47
1 49
25 28
12 19
17 71
18 1
7 9
29 41
9 5
19 66
24 60
24 75
26 49
3 89
16 4
21 67
18 32
22 69
28 32
4 8
13 85
2 34
22 89
8 19
4 3
30 30
26 28
16 58
29 22
1 61
0 78
9 18
2 87
28 9
24 37
28 71
1 60
18 4
18 89
27 100
21 50
29 52
12 48
30 25
27 69
6 66
18 71
25 86
13 49
1 90
9 5
13 78
9 38
13 31
23 72
26 92
21 14
22 6
19 43
24 26
27 43
29 21
9 64
4 42
30 56
15 24
24 49
30 52
21 99
4 7
0 39
12 42
4 64
9 34
12 17
28 86
2 99
28 86
28 69
14 12
21 38
26 54
18 16
1 97
27 15
23 11
29 58
30 11
0 9
22 79
16 100
11 53
25 96
4 69
10 21
11 98
15 81
5 95
15 5
21 91
25 25
25 92
20 12
7 73
9 23
8 19
22 70
24 57
21 12
6 94
19 67
16 51
11 62
11 74
0 60
12 29
11 35
21 51
25 87
6 25
17 66
9 77
0 74
26 97
25 60
19 31
19 42
14 8
26 60
