51200
1 93
24 2
29 49
23 75
16 31
5 47
7 71
30 19
22 77
3 31
28 22
9 21
21 79
20 35
10 17
21 31
5 95
0 96
10 83
8 90
8 90
5 52
7 33
9 87
1 13
11 86
26 44
25 31
8 2
2 63
4 11
2 14
11 7
7 12
8 7
25 9
14 36
4 19
9 29
3 73
30 32
24 33
9 60
30 47
4 97
19 55
27 1
15 65
4 90
8 56
8 70
22 23
14 89
2 53
11 38
5 19
25 17
16 25
20 16
23 7
4 51
4 97
28 19
8 79
14 60
11 18
15 96
23 23
4 18
28 97
3 62
29 5
25 88
7 17
7 58
5 89
4 46
8 87
29 71
27 75
29 76
26 77
22 75
8 33
4 29
26 86
0 83
4 9
3 34
14 3
9 28
3 12
14 93
4 43
20 73
25 34
4 2
17 58
26 100
29 48
18 43
30 44
24 22
18 90
9 51
20 100
24 100
17 95
26 18
12 5
7 75
16 98
6 46
8 96
2 95
6 33
17 21
9 20
23 25
14 25
26 59
25 11
10 35
23 33
4 80
9 72
5 58
12 57
21 41
30 60
7 100
26 86
22 40
1 4
8 47
18 11
0 90
10 99
4 19
3 40
22 60
24 27
18 20
24 53
26 78
15 73
26 94
12 5
4 14
27 63
4 92
1 54
12 59
19 24
22 30
3 43
25 91
9 48
22 5
27 73
23 41
3 90
19 7
0 42
8 24
12 72
4 44
0 96
4 45
3 36
24 71
12 97
27 32
28 2
4 46
17 54
17 26
13 84
7 80
5 70
4 22
30 48
6 12
30 3
25 7
18 51
23 69
6 79
8 74
2 18
2 43
4 78
13 83
7 42
7 34
9 96
1 29
8 72
6 33
8 72
25 90
21 41
21 27
21 34
16 71
10 83
23 55
1 39
14 90
7 47
21 77
28 18
16 80
27 37
8 55
8 60
15 7
17 13
29 58
12 93
14 56
14 55
10 99
17 66
23 61
11 24
12 3
25 39
5 2
13 14
29 35
21 65
4 75
18 20
1 86
1 53
27 59
3 1
24 33
10 7
16 98
29 92
25 84
29 25
4 99
3 83
2 69
12 68
27 48
7 18
19 74
8 75
10 61
25 70
17 81
4 78
2 16
7 25
11 7
10 60
24 15
12 89
26 55
26 93
29 76
1 28
25 20
30 44
20 48
13 88
21 45
12 96
20 14
25 29
11 69
20 5
21 71
1 75
5 88
14 52
27 99
12 93
6 94
27 86
17 43
26 25
16 49
0 33
26 91
1 35
21 97
22 52
10 17
29 74
25 93
8 64
27 58
12 95
9 47
7 15
29 6
27 4
16 10
6 72
25 25
5 63
29 81
3 98
30 72
3 80
26 85
12 85
11 49
11 93
20 86
16 59
23 19
22 49
15 29
16 91
23 49
6 4
20 100
30 34
26 80
0 95
30 15
1 41
26 88
3 24
25 72
25 63
26 70
12 83
14 92
18 1
1 80
7 50
19 66
9 97
6 53
1 97
23 65
18 9
21 44
25 52
12 9
21 74
29 73
25 30
27 73
23 14
19 34
12 34
7 83
10 89
26 81
12 54
25 30
5 27
17 45
0 62
27 47
20 31
29 52
29 55
27 22
4 5
5 72
6 78
7 67
25 9
26 92
17 65
23 79
12 50
8 74
18 76
15 20
11 4
0 20
2 13
15 37
11 3
4 30
5 58
3 56
9 12
29 62
16 71
16 45
21 4
30 16
13 28
14 17
28 10
7 23
24 78
21 39
19 45
