51200
27 68
7 48
5 19
19 90
18 53
2 88
19 97
1 86
22 78
30 71
30 26
9 17
8 76
13 81
17 67
21 100
10 31
0 83
28 24
24 31
26 76
5 58
4 6
17 83
18 56
27 79
11 87
0 47
23 90
29 30
8 41
10 49
16 76
15 66
20 75
8 6
10 6
11 3
21 28
23 79
18 93
12 85
29 25
17 38
19 81
29 61
4 15
10 10
4 63
7 97
5 4
20 56
12 70
9 35
22 6
4 61
11 50
1 92
4 44
11 23
26 18
9 85
17 66
26 80
6 86
7 17
26 42
12 87
23 44
24 54
3 100
30 35
4 2
5 5
2 97
13 96
18 19
17 42
5 53
18 54
30 50
20 59
14 17
21 15
2 82
17 41
5 85
2 86
13 60
25 15
6 94
1 100
2 65
21 38
24 63
25 96
4 37
14 16
13 80
24 75
26 74
9 97
9 51
29 37
21 46
0 54
9 61
26 46
1 3
23 67
11 25
29 80
28 40
10 67
4 59
0 49
27 80
25 60
25 60
25 62
25 4
14 53
27 61
29 15
10 51
25 18
8 97
29 76
12 98
20 51
13 5
19 71
25 41
2 29
17 63
20 46
21 6
17 94
12 45
0 52
25 88
21 31
0 30
21 29
28 28
10 66
1 90
27 30
4 38
8 10
0 36
28 60
14 59
21 8
13 17
8 17
19 53
4 19
16 26
18 77
19 92
15 49
8 78
29 91
30 61
30 5
5 49
20 92
6 26
2 92
12 91
20 93
29 74
21 42
2 99
25 25
6 2
30 34
21 43
4 70
3 9
1 64
0 28
8 3
26 84
18 52
22 9
6 87
3 97
24 19
15 62
22 21
30 22
29 80
1 23
22 51
19 2
17 22
3 29
12 8
26 50
8 11
28 80
10 13
21 35
18 33
29 78
5 62
22 51
8 48
29 67
0 44
7 60
27 60
11 33
0 33
24 72
10 6
10 17
14 60
13 9
8 64
12 92
12 62
26 83
23 74
29 10
1 81
20 53
1 8
6 22
27 31
16 76
15 27
19 16
24 97
10 18
6 37
6 21
12 50
25 36
25 1
4 97
20 45
18 93
13 66
27 61
24 34
23 41
24 11
26 17
7 89
18 31
9 46
6 26
7 63
0 27
8 9
22 10
28 23
17 18
26 48
23 25
27 88
16 13
4 87
24 84
25 21
29 88
14 71
9 67
1 92
30 92
25 10
22 51
27 46
28 76
1 22
10 38
17 31
4 57
23 10
0 93
12 91
28 26
21 72
4 85
3 11
10 80
5 73
6 60
14 10
17 16
25 10
12 80
5 97
4 91
18 55
0 89
9 11
7 87
9 66
10 26
1 9
15 47
22 71
28 33
8 40
24 65
1 93
20 32
4 89
26 1
8 20
19 59
23 23
18 78
16 39
28 9
5 26
15 58
17 37
5 67
9 55
21 65
14 23
11 86
8 100
8 87
5 85
26 66
8 34
25 38
2 41
20 45
7 23
21 44
30 16
15 28
4 93
2 83
8 33
10 78
14 34
8 88
16 64
22 78
1 35
13 63
17 4
29 46
5 47
3 97
13 11
21 74
29 32
22 66
27 27
29 40
8 31
1 99
25 70
25 35
5 12
21 68
12 86
7 49
17 42
10 30
19 18
23 93
22 73
23 13
24 42
11 6
5 34
17 19
9 53
3 2
17 68
17 16
6 17
25 73
26 44
2 45
2 10
17 88
29 80
2 88
23 44
25 29
10 99
5 72
24 53
19 88
14 20
25 79
19 63
18 100
12 22
