51200
2 65
24 25
24 70
23 28
19 60
3 41
9 15
23 43
15 50
18 35
13 3
9 42
28 51
28 49
22 16
11 40
4 19
23 38
16 57
30 73
7 32
15 83
6 88
5 55
24 21
0 41
22 67
21 64
0 74
13 83
16 82
5 18
3 5
23 82
9 40
12 23
13 27
8 46
7 66
2 40
19 79
16 80
18 1
24 37
26 91
21 86
12 45
16 85
27 98
8 88
27 9
11 12
19 22
6 71
7 70
20 65
21 96
19 29
22 56
11 77
16 27
9 62
29 22
21 68
0 19
21 51
23 60
7 20
17 9
19 20
0 31
4 74
2 25
20 98
27 89
3 85
27 79
29 99
17 29
6 59
30 16
0 74
6 32
1 61
5 76
23 36
10 21
20 30
5 50
17 100
24 36
9 6
17 66
24 12
4 64
14 55
21 71
10 88
7 11
4 78
5 91
12 3
22 75
15 5
2 83
22 84
23 60
9 32
10 35
3 90
5 12
14 54
10 37
13 13
19 80
20 78
2 13
5 91
0 47
12 11
25 30
15 15
8 42
11 33
26 52
13 24
21 2
29 62
10 21
0 19
25 6
0 70
8 94
17 56
16 5
5 27
29 81
25 68
2 78
21 23
27 85
19 30
10 61
24 100
18 29
20 30
29 16
27 65
7 2
14 9
18 73
24 4
23 12
17 4
17 39
2 98
12 16
29 36
16 10
24 44
1 4
6 60
5 1
16 69
1 28
16 88
26 90
7 96
28 99
16 65
12 74
26 89
22 61
8 64
14 76
0 21
1 93
27 48
20 58
16 84
10 9
6 30
28 38
4 3
26 47
29 49
0 60
9 36
30 30
21 57
8 54
22 11
21 34
3 50
0 75
28 78
6 49
18 53
15 2
8 52
7 91
19 64
5 48
8 7
24 60
12 51
16 98
17 80
17 2
17 1
3 6
16 19
9 11
0 43
9 13
28 65
19 99
21 22
25 61
29 86
26 49
23 92
28 26
8 77
21 89
2 97
0 21
20 49
16 27
5 41
2 77
27 31
13 90
1 45
12 54
4 76
2 67
16 51
1 2
28 41
5 97
19 67
12 73
26 95
9 41
27 62
30 94
15 58
10 31
23 3
1 79
13 70
24 73
29 47
2 55
16 16
15 78
0 93
18 98
19 66
24 43
23 99
1 21
26 44
3 59
20 96
9 86
14 88
16 55
4 50
1 53
25 88
24 100
20 94
3 80
9 20
5 60
30 31
6 58
30 40
6 13
20 44
11 95
30 32
26 24
21 97
11 21
13 90
19 23
20 87
12 94
26 13
12 82
10 21
9 76
22 8
24 67
13 62
5 90
12 3
4 70
23 96
16 46
15 12
3 90
9 48
13 93
30 6
26 38
23 72
5 35
20 68
12 42
8 3
30 34
28 49
16 18
7 13
9 18
14 61
0 17
28 89
2 28
8 10
11 82
7 46
24 31
5 84
18 55
17 83
17 62
15 5
19 19
5 62
15 90
9 23
19 39
3 24
11 72
13 45
6 95
3 68
15 36
9 14
29 99
19 57
12 84
1 83
28 93
27 11
9 20
5 98
10 56
25 97
1 42
29 61
10 8
30 86
27 56
28 29
18 65
5 2
22 100
6 95
1 47
11 57
1 73
2 31
25 18
29 37
29 46
18 62
5 47
17 4
28 33
20 59
15 47
5 65
21 77
19 73
17 67
23 20
7 89
19 88
23 77
18 59
21 92
18 62
22 29
10 2
3 76
12 51
17 2
5 2
0 58
24 15
6 45
18 26
7 81
24 83
