200
20 28
24 15
21 35
7 51
27 23
23 6
9 5
14 99
23 43
3 77
28 11
3 23
5 6
7 66
19 70
7 14
2 13
21 97
9 4
6 62
25 36
28 66
5 72
29 93
28 33
16 43
0 29
16 82
25 87
20 81
26 54
19 35
25 63
10 54
12 44
13 45
1 49
18 93
28 97
14 86
26 75
2 83
7 72
4 12
7 78
13 18
29 7
23 36
23 55
22 40
16 79
10 82
19 54
5 46
2 79
3 51
16 9
1 62
15 71
11 29
21 85
21 5
29 50
16 51
20 79
16 56
12 95
16 89
26 74
0 37
15 69
13 20
13 31
4 60
30 84
30 19
21 78
18 41
2 52
15 59
27 42
15 91
17 30
9 7
12 41
26 64
3 67
16 88
9 84
29 72
14 18
23 31
14 21
0 29
23 35
11 96
7 95
14 66
2 40
3 34
18 89
1 28
30 69
18 71
7 64
14 34
30 99
23 68
25 74
29 34
29 60
20 39
3 34
0 83
19 81
23 3
12 87
8 66
25 15
19 1
3 19
8 63
14 84
8 93
3 17
26 16
28 53
10 56
7 59
10 90
5 20
11 59
17 86
30 7
19 5
2 75
3 37
23 87
8 5
25 31
11 7
15 68
29 3
18 24
9 56
15 62
22 75
13 22
2 45
9 87
12 20
24 11
25 47
26 8
24 13
2 65
3 55
2 64
1 31
10 39
0 2
9 15
17 89
8 94
3 39
0 50
24 62
17 27
13 88
0 84
18 46
0 51
22 12
10 36
9 100
7 51
10 74
12 52
24 30
16 47
27 12
28 8
29 21
10 28
8 45
15 35
10 76
5 79
21 61
10 19
19 22
25 43
2 45
28 20
2 6
12 48
16 63
14 23
20 33
13 89
16 95
2 23
11 74
29 26
10 41
26 23
10 84
12 79
9 7
2 45
11 49
12 20
22 58
9 28
20 85
11 78
20 82
1 75
26 16
12 96
5 75
12 8
24 72
6 18
26 8
28 98
7 48
11 56
3 73
25 90
25 69
1 88
28 13
27 75
25 97
9 40
5 9
4 47
21 6
6 24
6 34
1 52
24 47
16 81
12 1
3 10
3 4
14 86
17 83
28 77
26 4
20 26
23 55
9 82
3 24
8 65
29 28
6 47
4 54
29 95
12 52
26 74
30 45
19 86
14 76
17 9
15 15
19 13
29 60
3 11
13 60
25 98
15 84
5 80
5 51
7 14
1 76
17 68
20 56
20 48
7 58
15 19
5 75
24 46
14 96
22 94
15 6
1 12
10 86
13 20
27 45
13 42
20 24
19 18
8 19
25 40
22 96
22 65
17 92
22 84
1 92
21 38
11 34
12 10
3 46
4 35
19 70
4 74
10 44
22 5
30 94
25 93
4 7
6 23
26 48
14 43
12 15
29 37
24 62
28 73
7 86
14 88
30 58
15 97
21 38
17 78
24 18
21 22
2 81
7 71
22 14
27 19
4 1
12 48
15 26
10 24
19 98
16 6
10 88
7 87
8 95
3 46
22 33
11 1
18 10
9 37
2 19
29 84
28 64
11 85
10 94
27 90
27 23
16 97
21 76
2 50
14 11
30 32
5 31
16 85
10 23
23 50
1 47
7 31
19 64
18 22
28 80
0 83
18 27
28 13
12 1
29 90
15 92
19 76
3 17
2 97
18 62
8 2
22 79
14 70
21 85
11 66
16 76
18 28
25 65
16 64
20 95
17 68
5 87
20 49
13 94
3 77
15 43
13 56
19 75
4 38
6 64
19 47
5 51
2 63
