200
6 66
8 47
12 7
29 66
10 39
10 12
26 12
3 49
5 57
30 61
25 77
10 53
29 15
27 9
1 62
24 55
10 41
5 46
3 97
23 85
26 27
12 95
28 76
8 94
23 1
3 35
18 13
24 46
0 73
21 99
1 82
26 36
10 57
25 24
3 43
26 38
12 43
7 91
6 20
5 67
30 35
1 86
21 91
4 50
13 9
4 78
4 92
12 10
30 16
4 32
24 95
14 20
28 68
29 7
29 94
20 6
14 7
14 29
19 93
14 65
17 98
13 93
2 18
28 15
28 31
11 59
26 36
21 42
21 99
23 25
11 2
27 98
13 67
27 32
28 67
26 89
19 95
24 9
30 68
21 69
13 35
15 53
7 70
2 73
16 10
12 35
10 52
7 33
24 42
9 83
30 52
26 33
1 83
10 47
22 20
10 29
29 47
14 38
27 70
1 21
10 28
10 98
17 30
13 49
18 57
30 19
0 74
5 73
19 43
13 60
11 41
3 10
2 26
2 7
24 31
14 55
6 35
18 56
26 97
13 68
29 23
4 70
24 62
6 32
27 47
8 10
9 17
25 94
8 25
23 55
1 59
29 16
0 71
25 100
12 44
17 19
6 92
4 30
15 83
24 96
22 90
27 20
2 80
9 59
14 54
14 96
18 23
5 74
18 36
0 9
18 30
30 79
5 4
6 28
29 92
27 85
28 21
3 13
17 92
24 89
19 72
21 10
5 59
7 8
21 78
16 8
0 17
14 26
26 66
19 8
23 89
22 43
9 31
28 3
28 13
29 43
30 77
21 89
1 70
29 25
23 1
21 8
5 79
30 38
18 69
19 95
13 65
10 15
8 19
15 60
5 18
22 52
7 73
0 81
30 21
22 11
8 2
21 55
27 91
21 31
4 60
13 25
18 70
6 32
8 77
8 43
11 25
7 91
10 89
19 26
26 33
24 49
6 69
15 56
25 30
1 89
24 8
6 24
21 63
25 39
18 98
1 87
4 85
30 39
8 3
21 87
13 48
11 76
3 29
14 82
1 38
29 33
7 43
28 70
24 44
5 79
7 76
3 12
14 77
12 26
1 10
21 33
18 72
29 26
26 22
5 27
20 74
0 64
1 60
9 83
9 75
19 60
30 45
8 5
26 98
16 14
3 19
12 89
7 70
7 47
27 76
1 59
15 45
7 18
0 72
24 95
22 78
8 76
7 6
21 31
29 30
30 65
2 84
18 5
10 5
23 26
25 76
29 41
27 44
13 51
27 10
28 9
16 3
19 12
8 86
20 97
25 45
19 7
26 78
5 59
17 35
24 32
7 19
14 67
3 53
23 69
15 90
14 100
6 88
22 21
7 86
14 41
15 55
14 7
30 65
11 18
11 16
20 1
12 66
17 69
22 3
22 68
29 39
5 92
23 66
13 81
8 42
3 63
25 24
13 26
6 35
14 96
5 31
28 100
16 78
15 20
13 93
25 55
10 92
4 93
3 72
25 21
27 64
18 7
19 17
8 33
5 42
7 85
16 38
29 63
9 26
6 42
28 45
20 14
10 45
22 3
3 77
8 92
19 12
27 11
10 42
14 59
3 80
16 72
14 52
5 56
18 51
24 30
29 23
10 46
23 53
18 93
2 23
12 66
9 64
12 16
8 7
1 61
13 64
5 60
22 15
16 65
30 5
28 52
26 26
7 18
12 48
1 55
6 79
25 20
13 85
25 70
25 18
29 32
9 22
30 81
22 43
25 16
16 97
16 87
15 92
7 36
5 63
30 11
23 23
2 22
10 94
1 40
23 42
21 13
