200
27 70
10 17
10 80
22 29
3 80
23 53
4 77
24 57
25 94
14 29
28 19
27 2
0 12
5 50
3 90
9 63
26 64
6 95
24 41
24 72
19 24
9 66
13 91
6 40
22 53
11 86
1 49
2 64
2 32
15 33
11 2
16 50
7 57
30 43
20 11
5 44
6 82
11 97
2 100
20 94
22 10
14 7
15 1
29 62
10 17
27 67
9 25
14 74
24 43
15 50
23 86
20 94
30 49
22 23
26 70
10 7
9 16
18 95
27 46
8 37
16 13
23 11
18 80
29 52
11 89
30 32
13 26
11 64
12 76
1 93
22 91
26 14
27 88
1 82
3 88
3 78
6 36
6 20
6 40
2 8
8 80
10 76
28 39
5 87
26 74
10 87
28 70
28 27
3 5
14 54
1 24
30 72
5 26
15 87
30 24
23 46
15 13
18 88
26 1
11 80
18 45
25 17
17 100
4 69
26 28
8 77
18 79
6 28
14 77
5 10
14 89
16 62
20 75
13 60
7 91
24 82
19 82
29 37
14 4
1 90
4 11
21 90
14 54
23 99
24 97
5 41
26 1
0 30
14 59
14 59
18 61
23 15
4 72
11 76
6 81
8 77
11 37
8 36
5 91
1 53
5 70
17 34
19 91
28 15
27 31
8 82
1 43
29 74
12 3
11 14
1 11
5 45
0 70
19 56
5 75
19 69
21 15
14 15
19 4
19 63
10 54
0 37
3 41
11 37
12 17
13 33
24 51
23 21
7 56
23 45
23 36
6 65
6 90
23 37
21 76
26 53
25 5
8 11
9 42
3 41
15 14
26 61
11 67
18 26
6 78
13 30
5 72
25 64
27 3
3 63
18 76
28 62
5 11
16 73
10 32
3 29
4 87
11 6
22 83
13 85
19 74
11 10
22 82
6 46
12 74
20 20
24 57
8 9
0 46
22 40
7 55
1 19
7 26
0 34
24 47
9 28
28 76
20 74
30 83
3 12
14 26
22 27
18 21
4 34
27 87
17 87
10 75
1 67
11 49
25 77
2 79
19 43
6 65
16 38
7 41
3 69
24 21
1 89
28 56
8 1
3 82
19 26
27 71
28 12
23 90
4 19
24 94
25 26
18 96
30 81
27 83
29 96
3 60
22 43
25 10
17 17
8 13
26 20
6 74
0 88
5 29
24 7
25 73
2 43
9 2
26 15
24 70
9 42
15 16
11 96
9 50
5 7
21 17
30 50
19 82
13 50
11 5
0 81
14 81
2 4
0 36
16 42
22 88
16 61
20 64
24 10
19 10
26 99
23 81
27 41
16 1
25 43
21 75
22 13
1 48
10 62
30 20
3 66
2 40
13 67
3 93
2 88
10 11
19 28
26 53
29 49
17 31
28 33
16 52
22 96
0 23
29 22
28 8
24 36
28 61
17 66
3 23
6 78
11 75
18 56
13 18
5 92
2 100
18 74
25 63
22 34
2 64
7 68
12 21
18 18
28 81
11 84
26 91
2 98
24 91
5 80
28 74
1 28
18 74
27 37
15 2
5 40
2 40
23 52
15 62
17 32
24 76
20 60
16 58
18 93
20 91
5 61
8 24
9 4
10 94
2 98
10 22
10 4
17 42
9 57
23 17
25 81
10 88
29 51
3 84
15 95
26 29
2 78
26 19
13 30
19 100
25 19
7 5
2 55
16 50
16 95
7 25
6 85
5 69
25 16
21 47
13 8
8 43
14 93
13 86
21 82
21 46
4 38
15 47
27 18
24 96
1 14
0 63
12 15
22 18
30 17
15 65
9 61
25 49
10 50
