200
17 27
6 97
12 96
3 87
24 34
27 68
7 91
26 24
22 94
29 28
10 29
8 95
29 48
25 25
7 13
10 89
10 11
16 37
15 65
9 83
1 55
2 44
0 80
4 62
8 33
5 80
27 24
15 5
2 72
27 79
18 36
21 26
22 92
20 5
20 64
27 67
10 42
27 91
28 49
10 10
29 55
23 49
15 37
25 3
25 74
5 95
29 91
12 91
25 65
25 49
20 72
11 61
3 89
3 59
15 25
26 36
10 66
30 26
17 60
30 22
6 18
29 43
5 60
28 8
2 45
11 85
13 63
29 9
11 1
30 67
4 54
6 89
5 80
15 66
14 26
6 91
22 73
4 38
9 94
10 31
8 11
19 6
7 3
20 80
16 41
16 61
12 50
23 27
24 53
18 74
1 13
24 25
10 60
4 63
17 8
18 84
21 22
19 62
9 10
29 30
18 13
2 58
17 54
5 95
22 64
19 83
13 68
12 100
12 12
22 77
19 96
17 28
13 76
16 7
23 74
3 28
17 31
14 99
22 46
8 39
9 76
25 76
19 83
24 23
24 51
0 93
23 11
2 5
19 64
11 9
18 15
18 44
11 57
6 52
14 27
11 90
23 100
6 51
2 36
14 38
9 73
19 52
5 49
0 82
28 27
21 29
26 35
21 26
7 76
13 57
17 4
21 51
26 79
12 38
3 76
6 28
17 23
10 67
6 38
25 60
22 48
7 95
11 18
28 58
29 79
11 34
8 30
26 8
23 7
24 73
19 86
12 89
2 81
17 97
12 39
24 10
27 88
0 13
20 9
9 65
1 43
0 70
29 97
26 76
29 77
23 81
25 77
23 72
13 64
23 73
7 13
28 45
5 63
3 52
1 16
30 66
22 92
20 8
2 15
8 38
26 91
2 77
19 93
4 9
2 29
14 55
0 61
9 87
2 82
25 53
30 27
22 83
28 98
2 6
25 96
30 94
26 87
30 76
7 85
24 10
14 46
14 88
13 81
2 75
18 85
14 54
25 65
29 85
28 49
23 15
23 94
3 82
7 68
14 48
17 35
29 98
10 70
21 100
13 68
5 11
5 84
17 59
26 37
15 7
9 84
9 17
25 20
25 35
28 59
23 10
12 45
29 46
21 49
14 16
25 80
14 19
5 32
20 67
5 11
29 30
0 70
8 89
3 66
30 70
20 53
20 59
20 33
8 44
7 49
30 77
27 90
1 14
22 94
6 80
20 78
22 92
24 20
26 65
2 60
23 49
0 64
2 45
14 97
23 16
11 39
28 41
7 56
22 43
10 4
17 75
24 87
15 31
2 12
3 64
14 11
2 73
27 73
25 9
30 10
30 97
1 9
30 70
26 22
7 92
21 72
3 78
4 10
9 47
10 61
14 23
8 22
18 81
19 89
12 48
0 77
12 86
14 59
13 6
5 20
22 9
4 82
4 58
5 34
10 57
23 86
10 66
2 40
2 20
26 86
19 85
17 20
23 53
28 53
19 59
27 53
25 12
30 60
17 59
29 51
8 98
5 22
11 92
18 92
22 35
5 49
27 57
30 69
8 33
19 66
9 68
6 32
20 58
10 4
28 33
25 35
7 18
9 84
20 53
22 27
6 85
1 79
3 82
10 53
30 48
23 43
24 77
28 88
23 76
6 96
14 6
1 93
27 76
3 11
8 86
25 57
15 96
18 14
23 32
19 26
21 26
9 100
10 75
7 23
11 81
15 17
5 39
4 64
17 35
12 40
29 49
20 94
20 14
15 6
13 73
20 87
22 16
22 82
4 100
7 36
22 50
