200
17 36
21 29
26 46
29 66
26 87
16 83
20 59
20 25
2 8
1 64
10 28
3 52
18 39
14 3
13 4
24 81
8 79
7 46
3 66
5 4
4 39
16 82
26 1
21 14
29 44
13 81
2 95
5 81
8 24
7 75
7 15
4 7
9 96
1 52
13 90
17 53
6 15
11 54
21 22
8 58
30 57
10 7
24 66
18 43
26 44
2 21
20 17
14 90
24 58
3 22
24 4
19 68
24 60
23 92
5 45
22 98
11 98
27 54
21 55
2 70
2 1
26 15
7 46
12 98
3 46
7 73
4 19
3 27
5 77
3 73
9 26
26 55
26 70
24 21
15 64
15 51
24 21
28 58
9 83
5 64
24 44
14 50
29 66
23 17
12 53
21 57
15 33
2 94
16 78
12 97
12 44
11 14
17 53
30 21
15 74
1 12
3 26
23 98
16 82
30 21
2 83
6 44
5 18
17 28
2 29
21 39
19 27
11 59
17 75
28 92
3 62
25 16
12 99
21 23
0 43
14 1
10 98
9 90
4 13
9 32
22 67
5 17
21 91
17 12
7 26
13 58
26 44
14 98
29 2
2 30
23 66
13 53
21 58
12 74
20 91
24 19
3 58
9 58
17 36
7 92
28 72
12 46
25 5
0 73
20 89
18 65
24 78
13 68
4 81
16 4
8 15
13 51
7 12
8 49
27 82
6 15
5 14
16 66
6 10
9 35
8 55
25 67
18 6
11 95
26 45
18 88
30 31
10 59
20 18
21 6
9 30
24 96
3 1
4 7
13 55
25 95
9 14
29 38
5 35
11 79
7 13
28 80
12 28
30 74
13 46
8 84
30 35
4 5
29 18
7 72
25 29
4 33
25 6
4 93
24 81
9 3
7 15
21 85
23 17
10 97
24 93
12 71
7 55
12 67
13 98
3 29
5 82
15 88
14 56
28 29
9 37
27 89
9 83
4 6
11 40
11 75
21 85
3 95
25 2
29 83
12 88
26 75
27 34
28 39
29 5
10 28
14 64
19 4
9 52
7 14
4 90
24 97
24 96
8 44
23 46
26 47
10 14
9 36
13 45
1 43
21 90
28 81
30 20
8 57
20 80
19 61
24 23
27 82
26 99
27 28
21 27
20 24
26 48
26 64
0 18
12 93
2 91
27 72
7 10
22 26
30 77
14 51
5 2
25 10
27 99
27 14
15 96
9 10
12 31
12 44
3 77
12 46
23 52
6 70
20 69
8 48
6 90
18 65
15 61
7 25
30 44
15 96
0 66
4 94
20 15
1 90
27 50
15 33
17 21
15 89
13 40
10 13
30 73
11 2
17 57
13 27
11 87
0 6
7 52
5 19
19 55
22 20
9 51
27 81
2 87
4 76
17 75
3 94
21 81
3 72
9 67
7 90
16 30
4 14
14 78
0 27
21 7
18 11
16 44
28 49
24 57
27 57
3 12
7 2
22 50
29 35
24 68
4 19
5 83
12 61
7 22
17 33
17 78
9 66
20 69
27 45
8 21
16 51
16 68
21 74
8 37
14 93
14 90
1 31
2 69
11 71
1 5
11 62
0 89
23 99
28 44
30 65
3 61
29 100
20 60
19 71
1 53
18 37
8 87
21 8
14 12
3 81
27 31
16 68
22 78
9 75
13 72
11 10
12 4
19 41
9 82
15 43
22 36
12 61
6 8
21 2
11 78
22 24
7 39
1 33
18 67
30 77
23 16
2 12
12 63
21 9
10 40
9 15
10 55
25 43
3 27
29 9
16 57
5 64
14 39
30 74
17 20
29 35
3 36
2 81
