200
15 55
26 83
28 58
1 38
29 60
1 37
27 55
26 100
22 82
5 63
19 84
1 89
0 35
24 2
1 57
30 60
7 98
20 59
5 97
24 12
13 28
12 3
21 54
30 97
19 59
9 100
13 62
16 69
14 7
20 94
4 8
22 8
6 12
9 87
16 77
14 76
23 52
0 3
26 36
30 92
17 71
10 96
12 79
13 39
19 18
30 60
14 14
2 17
8 2
3 97
18 96
23 96
6 9
30 11
1 25
24 85
13 16
27 34
18 27
11 2
16 7
26 16
22 89
11 67
3 73
19 92
23 8
13 49
23 31
7 15
7 100
17 42
7 67
1 76
1 27
22 29
29 75
19 47
0 7
18 49
0 32
4 65
10 76
23 40
2 45
26 16
19 65
6 32
24 40
13 60
30 76
8 95
3 90
12 81
1 31
4 36
24 22
26 76
16 46
7 11
7 17
2 26
20 72
5 18
2 24
3 2
9 63
14 84
1 100
15 39
10 43
30 74
17 75
1 37
28 81
4 1
22 4
6 92
12 73
21 61
1 88
13 28
15 30
24 26
1 74
10 22
15 14
16 85
29 66
1 36
4 54
17 65
9 45
14 45
23 77
7 98
0 36
17 33
21 65
30 65
9 10
16 15
7 3
12 97
10 77
4 60
3 78
15 68
21 45
24 84
6 21
25 7
2 15
12 27
6 57
14 80
14 48
3 51
29 2
30 5
9 5
23 46
29 46
11 77
12 36
20 54
11 22
0 99
24 77
26 75
13 45
9 76
6 34
4 87
27 58
9 48
18 14
18 46
0 83
2 52
11 89
11 66
20 33
4 91
15 58
3 4
28 56
25 77
18 92
0 2
13 70
25 18
1 51
5 58
20 91
5 67
2 47
15 81
29 93
6 67
22 53
15 4
26 95
29 56
11 33
13 67
2 85
23 87
25 78
4 73
4 38
16 26
9 17
16 23
17 7
14 72
3 91
20 79
28 35
4 13
15 75
18 51
22 5
9 59
19 12
18 97
25 81
5 15
12 23
0 40
4 26
4 29
13 78
24 71
15 12
12 7
19 11
17 34
18 20
18 92
15 72
19 20
13 70
24 20
9 66
4 64
3 27
0 48
24 55
1 14
26 80
23 34
1 27
25 91
14 25
3 42
6 96
8 16
4 43
22 41
21 38
30 21
20 66
10 85
8 52
0 7
6 79
21 19
3 71
22 66
22 23
18 55
24 60
3 39
21 93
6 28
25 92
19 68
9 75
16 98
4 83
25 42
15 68
23 65
4 50
5 58
17 79
27 83
4 81
15 26
7 65
8 82
24 86
3 57
27 96
19 53
5 53
28 79
18 22
8 62
1 46
5 33
29 1
3 35
24 41
5 59
3 51
2 26
29 68
6 7
25 10
11 73
15 27
3 69
5 63
24 60
22 71
11 62
26 36
10 11
1 54
18 77
19 40
11 96
18 79
7 8
8 54
9 28
18 82
17 54
25 84
3 26
10 77
27 18
20 4
19 37
11 71
23 95
1 11
1 21
17 87
0 45
14 87
4 33
30 43
3 100
10 57
4 17
30 13
7 8
20 34
25 43
22 62
19 98
27 25
14 35
1 54
7 34
25 50
5 27
26 31
2 36
29 62
12 22
12 51
13 60
2 42
7 61
25 33
29 53
2 30
22 23
19 87
10 77
21 19
25 94
23 84
11 49
12 29
10 74
17 20
22 53
25 8
19 75
12 29
24 6
22 16
21 82
8 30
11 27
25 84
0 26
3 31
27 41
26 74
28 39
25 5
11 5
28 84
3 93
