200
7 24
3 29
29 53
24 14
4 17
12 90
28 10
5 66
30 55
18 89
15 23
17 2
9 41
23 79
14 26
1 58
28 96
2 39
30 28
26 38
24 76
27 72
25 57
27 56
22 96
30 1
26 59
23 37
14 70
28 73
3 78
2 74
14 41
15 20
19 38
20 23
24 79
19 11
13 33
15 45
5 45
5 55
2 54
24 94
27 4
29 11
27 29
8 26
29 79
19 65
28 57
14 47
8 20
28 10
11 37
16 81
14 70
9 83
3 62
15 94
19 47
14 92
9 35
11 37
6 17
29 4
10 11
12 75
9 94
12 79
23 98
16 77
17 83
0 30
1 96
18 74
15 93
18 97
13 20
9 99
28 73
16 17
8 39
18 3
2 99
24 38
14 2
10 99
30 43
5 59
13 41
14 43
2 54
8 40
18 74
19 1
5 96
28 26
29 7
25 30
27 63
19 67
28 51
0 64
15 66
17 58
16 63
3 51
29 70
30 4
14 15
1 83
9 82
29 31
6 70
26 40
6 70
28 9
0 30
25 44
22 93
0 60
1 96
25 68
2 58
3 7
23 51
8 3
1 72
19 16
4 92
26 32
11 72
22 46
8 86
4 60
26 41
13 1
12 70
29 77
14 38
18 36
30 49
21 64
4 96
13 98
0 6
22 61
5 67
30 27
0 91
24 75
11 40
26 48
6 17
7 79
8 90
10 31
16 78
17 10
23 17
21 30
8 74
21 64
29 47
26 32
0 30
2 50
23 79
24 68
18 2
9 17
30 97
9 28
28 11
8 27
0 99
25 14
14 80
6 34
18 85
23 35
1 18
30 92
17 70
5 94
3 73
30 11
2 80
23 17
25 65
4 37
19 85
18 58
4 39
14 23
8 25
15 23
11 74
19 15
20 96
19 78
26 19
10 29
5 10
11 24
27 7
5 24
10 25
24 34
30 25
0 21
12 71
7 90
27 9
23 29
27 16
24 68
3 82
7 17
22 86
22 49
26 46
13 88
22 19
15 8
13 8
28 44
21 3
19 46
25 30
30 96
6 25
21 71
14 1
22 30
10 12
4 70
8 26
22 61
19 30
25 78
25 92
5 53
21 74
21 21
14 6
1 41
24 59
9 63
12 31
2 59
30 98
23 26
22 87
14 95
8 85
25 71
28 96
19 79
10 33
6 26
8 25
18 41
11 8
14 6
14 8
22 30
12 72
9 49
1 5
6 35
12 33
15 43
24 22
0 44
30 33
18 4
6 3
10 57
25 65
3 13
16 26
1 18
30 81
2 49
10 86
27 37
2 48
0 20
18 35
3 66
20 27
27 57
3 53
22 28
3 81
8 53
27 6
26 35
14 1
21 15
2 72
19 15
9 16
24 79
23 47
11 9
1 55
16 14
23 81
7 55
18 39
2 52
15 90
14 56
18 52
17 21
21 51
7 45
1 47
18 8
29 97
23 19
0 34
27 94
20 3
29 73
4 25
4 73
27 89
5 3
2 8
17 31
23 49
3 68
7 65
29 37
5 56
5 98
7 12
27 91
12 55
15 51
1 38
2 86
15 66
3 59
20 39
8 97
21 5
11 47
25 78
1 87
5 34
26 68
26 66
4 70
5 37
13 38
16 16
22 62
4 64
6 10
12 91
15 35
25 33
2 75
29 33
11 16
24 20
15 36
9 16
26 87
0 4
30 57
6 86
4 73
25 77
16 52
3 87
1 73
17 56
3 86
28 54
9 81
6 78
5 57
8 75
6 58
5 58
28 34
20 81
14 98
24 23
25 53
15 55
16 75
28 80
22 94
