200
11 18
28 90
12 87
6 86
30 96
29 63
20 95
27 73
4 11
16 12
9 39
2 12
0 33
15 94
16 55
24 56
13 94
30 92
14 14
28 43
9 95
28 43
21 42
11 99
1 42
10 32
20 76
28 85
9 20
28 97
18 97
12 73
4 76
9 52
1 21
11 17
6 100
18 76
0 91
20 26
18 1
18 35
23 78
22 41
13 62
6 83
29 3
19 11
29 52
30 29
22 11
15 91
0 5
19 71
29 45
25 14
7 76
11 31
2 28
15 53
9 12
16 11
13 92
23 70
18 75
3 11
29 9
26 42
23 72
27 38
0 60
16 43
5 93
18 99
18 15
17 46
20 6
4 81
21 55
12 13
13 62
23 23
7 56
5 21
24 89
2 78
1 81
3 12
9 60
24 41
28 13
17 48
19 53
22 27
24 16
25 30
15 75
5 76
9 48
10 30
27 70
2 4
20 95
30 92
30 82
14 18
28 47
17 23
13 11
2 98
3 41
28 77
25 86
19 39
22 1
27 11
25 3
26 21
28 77
29 71
18 64
13 69
29 51
28 28
9 90
30 21
20 24
11 63
0 15
18 61
22 93
5 31
16 45
17 91
19 96
10 39
6 12
9 87
13 62
30 98
10 29
13 41
15 27
29 77
25 73
21 54
29 42
28 77
8 87
0 59
7 87
22 80
1 56
21 98
7 25
10 86
21 81
20 80
17 5
18 81
13 6
17 69
30 5
15 83
2 25
0 87
23 89
27 97
18 47
15 25
19 6
15 67
14 10
2 25
2 20
16 64
17 59
6 18
24 88
8 54
17 47
23 59
5 21
8 60
16 65
21 15
22 98
17 64
12 21
10 25
5 6
25 99
24 68
13 88
26 43
10 16
14 97
2 28
17 94
13 22
4 36
13 81
29 78
8 84
30 27
28 74
21 77
8 85
17 39
14 94
2 53
30 97
12 48
16 32
6 85
21 88
25 7
9 94
7 8
19 74
20 82
9 22
29 69
28 79
1 2
16 67
9 7
14 28
27 3
27 37
3 82
20 21
10 74
14 21
12 45
22 87
29 79
22 15
5 4
22 67
5 57
26 77
12 7
12 33
3 17
21 91
12 60
13 46
19 84
26 96
15 18
3 92
11 34
17 22
23 20
1 62
14 17
30 71
20 8
27 11
6 13
25 20
20 21
14 27
25 56
5 63
15 96
27 56
24 37
23 9
11 81
8 79
0 29
13 99
24 2
24 30
3 44
11 5
24 10
6 82
30 91
30 82
24 26
0 81
17 65
30 35
15 16
8 23
2 24
26 63
25 29
21 6
6 18
13 1
15 55
22 21
9 87
2 58
17 8
18 60
26 32
9 17
12 45
6 65
14 19
26 75
12 82
18 45
21 60
1 70
26 77
7 27
4 15
5 92
7 45
11 23
16 84
26 51
0 39
17 7
17 76
30 20
5 40
16 89
0 26
13 47
27 94
26 81
0 18
14 58
29 5
26 33
14 14
21 23
5 72
10 54
14 54
20 89
25 91
22 77
5 63
20 88
19 91
17 30
10 40
8 26
20 30
9 73
25 21
14 55
16 16
23 18
19 48
4 82
27 31
28 63
22 77
14 90
12 28
11 63
26 31
14 27
9 51
9 86
0 32
25 65
18 76
6 41
20 1
17 45
2 50
1 69
16 25
1 37
1 45
8 50
23 59
29 42
9 43
7 59
27 66
14 48
19 35
13 64
5 74
17 78
16 50
26 35
16 10
7 7
28 44
17 55
30 8
7 53
19 38
2 38
19 44
28 90
1 31
0 70
