200
3 7
3 18
24 55
9 16
13 28
9 14
18 15
5 8
14 37
2 38
21 34
28 57
20 9
1 81
10 15
5 47
23 16
6 46
26 64
3 54
4 5
1 33
27 70
4 40
8 7
9 65
9 59
14 15
20 60
17 28
26 33
1 50
20 73
0 40
23 93
5 2
17 66
11 96
21 57
12 75
2 46
18 51
25 67
19 67
7 72
0 85
3 46
4 30
19 24
10 29
10 93
10 81
17 24
20 3
30 13
24 68
2 45
28 50
14 5
28 20
19 3
2 14
25 39
6 33
12 33
16 12
14 11
2 24
7 6
11 27
3 58
6 75
14 81
4 42
16 11
16 7
4 21
20 52
21 7
26 48
5 13
4 51
1 9
22 67
23 1
28 47
1 29
3 92
7 35
17 5
30 38
3 20
27 39
7 96
5 29
9 33
6 2
1 2
2 97
0 19
7 85
5 33
24 80
5 57
22 15
2 30
16 28
25 54
17 9
17 95
10 54
22 71
13 12
24 83
8 98
22 29
14 43
18 72
27 52
27 2
19 59
25 42
25 22
11 30
9 34
25 68
27 27
5 82
2 5
1 77
24 67
21 22
10 98
28 53
13 73
19 33
6 42
21 4
8 53
4 19
30 35
3 9
15 76
15 14
21 28
22 59
9 5
6 61
14 33
10 55
6 34
16 99
19 2
30 72
13 96
0 51
20 3
8 71
21 94
27 6
26 98
7 21
27 93
15 50
1 24
26 41
27 67
16 2
14 75
19 90
27 86
8 11
2 92
10 90
27 20
3 1
19 41
19 21
0 54
14 63
23 36
13 79
13 15
6 26
3 56
24 54
4 26
1 71
1 61
6 62
30 69
19 97
8 66
23 32
2 36
18 7
18 61
14 3
21 61
9 83
22 37
23 43
8 52
15 87
9 2
23 76
12 12
25 68
30 19
13 13
27 61
26 38
9 60
3 83
15 10
11 56
30 2
25 84
8 60
27 36
14 25
24 78
4 35
27 100
15 76
7 35
1 61
24 86
15 62
5 79
10 59
4 62
3 10
14 4
27 80
13 89
27 48
13 35
2 18
0 77
26 18
14 87
0 68
30 41
13 26
23 95
5 95
19 71
30 46
7 57
13 7
3 77
28 52
15 1
11 65
10 98
2 67
1 10
22 1
1 73
0 30
8 98
25 35
15 60
19 32
5 94
28 57
27 100
11 86
2 67
23 7
23 61
20 20
25 23
12 47
29 11
13 34
25 13
17 88
3 33
17 54
21 54
14 86
10 20
28 95
18 4
18 34
1 17
23 62
24 16
13 64
16 94
6 49
28 29
22 23
2 77
29 35
18 19
25 84
28 68
27 80
19 22
6 40
12 18
15 26
9 16
21 41
0 67
14 99
27 86
4 51
20 24
16 54
2 3
15 21
16 33
5 47
10 66
12 77
8 7
18 62
3 82
14 83
16 21
16 84
23 92
1 5
30 97
17 6
18 8
15 25
26 49
0 17
11 19
28 18
28 32
27 25
22 6
29 15
15 95
24 65
28 27
22 75
24 56
17 71
11 41
26 60
28 9
15 55
0 16
30 90
27 37
13 72
8 47
1 3
20 100
16 48
15 97
7 4
14 4
19 71
12 39
24 90
9 78
12 64
22 95
10 69
22 60
14 90
25 99
17 95
3 86
29 48
28 32
27 92
14 64
5 19
15 1
12 16
14 45
14 4
30 2
26 64
26 13
2 34
10 6
15 55
27 39
26 29
1 25
22 69
0 96
7 41
2 10
28 78
16 9
18 14
20 55
19 54
11 62
