200
12 72
11 65
4 89
12 90
20 29
7 74
21 57
0 92
3 13
11 35
16 52
3 9
20 6
19 14
7 50
20 7
26 59
20 85
29 72
12 40
0 49
8 38
19 27
8 1
15 34
15 58
11 5
5 27
5 78
5 89
14 71
7 54
18 37
9 25
28 10
18 92
19 5
5 51
14 42
26 51
23 72
11 24
13 29
20 95
10 62
3 47
20 12
6 82
30 10
29 26
4 53
20 13
24 3
17 19
13 56
0 62
15 42
30 79
22 60
1 7
25 17
7 91
30 51
8 92
8 4
8 52
30 42
7 81
30 68
19 21
13 27
18 68
21 48
18 56
27 2
10 84
2 2
28 9
23 66
14 42
23 20
0 11
18 55
15 2
28 33
26 3
14 68
16 68
13 99
11 74
22 6
15 6
18 50
22 56
7 15
24 16
10 58
0 17
14 22
5 66
7 90
26 60
25 24
2 43
2 88
8 61
15 43
30 71
27 48
9 90
4 22
5 14
7 86
23 58
21 37
7 75
1 5
7 74
3 21
5 67
17 53
3 4
12 2
19 47
26 84
25 64
26 74
26 98
7 47
27 31
12 97
4 29
0 29
14 21
16 29
28 63
4 50
29 22
18 87
19 29
20 26
29 56
25 91
28 63
13 57
19 73
20 28
27 29
8 25
7 83
18 32
16 59
13 76
26 4
22 25
30 2
8 14
4 22
3 5
22 87
26 73
17 22
0 16
11 48
12 27
27 74
27 14
21 85
23 40
10 47
25 68
15 36
1 31
23 80
20 73
28 70
28 70
14 93
15 7
17 54
9 42
4 9
19 63
16 4
21 76
16 89
22 64
25 20
5 47
20 43
29 12
23 95
9 96
2 65
22 5
7 2
6 61
13 23
8 71
8 29
12 8
15 38
17 44
2 88
10 96
7 61
2 30
13 62
0 72
18 69
26 53
2 13
7 22
14 56
17 61
8 67
9 4
26 19
6 7
29 8
0 62
4 47
4 2
28 54
20 76
21 86
25 89
19 51
21 60
11 81
18 19
27 26
30 39
9 40
4 84
20 77
24 14
4 9
7 52
9 86
9 10
4 43
5 59
30 40
4 93
10 63
27 4
23 3
14 2
22 19
28 47
28 10
28 60
14 49
21 3
13 10
25 16
8 7
16 17
19 62
14 47
29 76
21 30
1 9
13 80
15 43
21 1
13 16
20 14
29 96
11 11
28 14
28 81
15 29
13 22
0 33
7 12
18 27
15 33
24 29
24 7
17 40
10 82
25 94
9 8
0 20
1 16
13 18
2 68
4 34
5 82
10 90
24 49
0 54
21 14
13 65
11 75
1 84
0 93
12 50
27 27
16 56
0 65
22 42
1 39
1 20
17 74
10 17
4 48
9 40
20 20
26 84
29 94
12 89
29 79
26 63
30 97
4 68
28 83
6 90
2 89
17 26
22 40
11 5
16 58
28 94
21 45
13 30
22 24
12 81
16 31
11 83
10 89
8 30
9 80
26 1
17 36
28 88
22 53
5 48
13 7
28 22
25 65
8 29
6 68
6 17
7 71
1 24
1 25
11 78
3 8
8 47
7 53
5 9
2 62
12 87
12 95
13 13
3 47
18 13
9 67
25 24
0 6
16 96
20 96
30 34
10 71
12 48
6 82
4 15
25 7
4 98
3 87
26 23
11 100
15 64
10 61
11 83
18 1
3 44
27 6
9 67
4 84
22 30
11 85
4 21
28 71
28 89
12 27
23 84
21 30
0 24
29 57
18 61
28 7
7 81
3 90
28 88
8 53
6 80
