200
14 10
4 28
2 54
1 82
6 19
6 6
27 3
22 23
14 39
14 44
21 80
22 92
6 90
13 61
15 44
28 49
0 38
6 93
24 72
0 73
2 54
3 69
9 80
26 19
6 23
25 65
19 35
30 69
30 25
25 37
23 48
8 36
16 82
3 90
12 27
11 43
8 65
1 73
5 63
5 54
12 62
24 54
11 47
8 17
17 56
17 91
5 100
27 96
9 76
7 23
21 11
18 89
13 100
12 52
8 68
10 8
12 75
24 9
19 59
13 2
2 42
12 2
20 2
22 71
5 77
17 90
19 70
17 12
27 21
30 47
20 28
24 62
0 17
16 5
25 93
26 3
19 75
25 44
21 30
25 37
27 87
12 14
7 31
7 25
9 63
30 92
21 33
15 97
5 66
2 44
10 17
9 45
12 34
15 44
11 1
17 42
9 57
12 81
3 27
7 3
29 92
4 49
19 27
13 67
10 67
26 20
23 33
28 61
27 77
6 24
13 27
13 61
8 48
25 52
28 64
24 85
20 29
23 70
10 84
6 6
21 51
30 55
17 89
11 98
24 14
28 47
12 85
12 9
11 5
21 28
9 49
17 83
16 17
14 91
10 24
4 73
11 22
23 70
0 79
25 39
3 100
15 88
22 97
20 21
29 82
20 53
16 75
29 89
30 26
6 37
19 78
19 59
18 31
23 77
15 98
11 45
27 54
27 65
3 44
1 31
4 14
13 32
26 55
4 97
30 74
15 99
11 45
23 11
30 10
10 50
9 55
19 10
2 59
4 66
7 81
12 5
7 59
5 63
1 46
2 55
30 81
22 87
23 11
30 78
6 37
17 95
20 7
22 19
2 28
27 65
15 3
15 64
25 95
30 45
14 24
21 83
16 86
26 66
16 19
17 46
1 28
28 25
22 18
3 64
8 10
6 48
24 62
14 22
11 39
3 20
18 24
3 30
20 4
27 38
4 18
25 30
11 74
6 2
7 78
21 66
11 33
15 83
15 22
22 98
20 36
28 53
8 99
0 11
6 65
23 14
14 13
6 45
19 72
2 100
2 29
1 46
0 29
17 41
7 27
30 80
12 46
26 1
19 60
11 70
2 62
28 60
29 84
8 46
11 51
27 42
29 15
27 59
30 44
20 69
1 49
26 85
21 64
3 54
27 73
7 85
11 28
9 56
30 10
4 69
8 100
26 89
11 15
4 25
4 96
8 73
19 16
1 7
14 61
0 1
8 25
14 18
4 57
30 55
15 70
24 56
24 52
27 62
25 5
11 72
13 36
26 31
11 17
8 25
16 13
28 87
0 66
27 12
28 20
29 53
25 20
5 32
17 34
23 10
9 24
22 95
23 48
27 13
26 60
7 90
14 74
29 29
27 34
3 9
0 96
16 66
2 46
6 65
7 3
15 98
23 47
28 97
14 77
12 50
15 92
25 65
3 88
29 14
21 86
0 37
19 80
25 30
30 100
19 63
2 63
1 26
5 5
18 61
24 60
5 87
15 84
3 32
19 93
0 35
18 78
19 88
30 93
14 41
2 40
19 40
0 15
25 94
30 95
19 80
18 10
0 71
1 20
4 77
25 96
28 74
25 87
21 21
11 64
1 79
27 44
28 19
6 84
26 20
4 34
7 83
1 96
14 71
16 9
15 49
30 44
25 93
13 31
8 51
2 91
20 25
12 91
6 70
23 55
18 29
22 87
0 60
5 59
3 18
5 12
2 89
27 23
19 78
28 48
1 7
28 35
8 16
3 26
3 59
15 42
9 37
15 43
9 34
9 87
9 58
11 54
29 51
