200
20 62
30 83
28 24
25 9
22 53
7 23
9 30
0 11
17 79
21 60
20 27
30 51
4 94
18 77
8 82
16 20
26 20
30 11
3 28
2 6
19 23
21 70
12 23
25 7
21 19
20 56
30 37
26 81
23 16
2 89
2 29
27 16
26 29
14 74
14 45
6 42
6 1
22 98
22 41
14 13
20 7
28 89
26 30
7 10
27 52
26 17
1 99
11 62
8 72
17 100
25 66
5 42
23 51
2 18
1 48
10 52
12 37
3 35
10 15
13 1
20 54
1 12
0 51
23 84
10 9
8 63
11 17
21 46
21 88
7 75
8 86
6 54
20 40
2 48
12 59
20 70
7 34
8 35
4 93
18 45
6 94
22 76
24 50
17 94
22 2
6 38
27 6
25 20
13 5
28 59
10 70
27 15
1 64
8 23
1 5
5 47
27 10
5 1
19 95
2 45
0 68
19 3
12 77
11 24
1 93
25 91
6 66
3 58
10 49
4 63
15 94
29 31
3 10
8 50
1 75
20 58
30 41
27 84
26 10
16 48
6 91
30 68
1 81
15 51
3 15
9 39
2 64
28 80
17 62
1 65
4 33
22 90
26 30
4 78
17 48
9 38
27 8
14 24
17 87
13 52
5 84
28 9
28 40
0 91
16 71
9 78
21 41
21 21
3 62
5 68
17 19
29 1
13 13
14 94
10 47
6 21
22 48
19 8
18 76
12 80
23 99
22 37
30 48
27 12
14 42
9 11
7 59
15 88
19 11
22 42
26 54
8 36
18 81
30 43
23 49
6 19
2 10
22 89
30 84
25 64
14 6
16 96
22 38
13 85
19 86
14 46
9 74
4 68
3 32
15 7
24 86
8 52
4 68
8 64
14 42
18 91
27 81
4 13
14 12
15 83
15 62
9 82
22 55
16 7
8 56
20 45
12 59
30 80
26 48
24 96
1 40
18 44
1 67
18 59
13 74
5 78
27 14
30 34
11 66
24 89
26 36
26 95
27 36
0 29
25 59
12 1
4 89
19 48
8 18
19 21
2 34
16 41
19 82
30 25
24 52
12 72
4 46
5 94
2 32
4 14
2 31
3 59
12 76
2 14
25 52
30 25
7 83
28 10
22 10
11 20
20 96
15 84
23 15
9 3
7 75
29 34
9 6
19 27
0 58
7 51
29 89
30 33
17 4
1 21
28 79
21 78
4 79
21 4
24 46
26 25
14 73
28 94
1 91
28 26
21 80
18 14
16 17
29 57
2 42
25 75
4 68
26 52
20 31
3 21
24 82
1 51
1 24
7 71
7 42
28 23
19 39
28 62
7 21
7 10
5 48
15 21
21 74
6 17
19 24
5 28
10 42
14 54
3 40
22 34
28 58
30 24
20 79
13 62
25 9
26 86
15 17
3 74
14 57
6 37
29 90
12 76
2 84
3 26
29 1
2 26
14 28
20 20
7 27
1 61
27 49
26 66
30 51
9 86
13 88
24 26
0 51
17 23
27 76
13 55
3 89
8 4
3 30
27 1
20 55
18 27
30 44
6 79
19 87
2 80
19 81
12 67
27 48
14 51
24 60
27 49
18 93
5 9
23 41
7 51
13 21
7 47
4 18
11 11
12 24
24 49
4 54
25 96
10 19
5 11
7 69
16 52
22 61
25 57
27 71
3 72
18 99
28 59
7 84
16 82
29 86
13 35
3 53
19 24
13 56
4 56
11 79
10 100
13 94
22 96
17 14
28 61
5 14
5 67
21 70
22 64
8 58
4 96
10 65
23 86
3 53
17 25
9 25
10 10
24 11
19 42
