200
20 50
16 91
12 11
21 39
9 84
26 41
8 100
26 3
18 36
4 1
3 3
7 39
1 3
7 44
12 36
7 47
22 26
17 99
29 59
19 77
19 25
17 73
29 85
2 85
4 75
18 100
24 23
19 2
17 41
25 94
9 61
14 45
18 93
26 90
6 72
29 17
6 55
25 1
8 9
8 95
14 25
16 74
30 70
26 40
8 31
13 37
16 80
29 62
20 62
24 5
4 51
12 95
2 96
14 47
12 68
7 8
19 61
17 74
25 23
29 7
20 25
21 63
11 93
3 56
7 91
18 10
1 98
7 10
3 45
8 70
5 13
13 62
0 40
0 70
2 64
25 38
8 61
2 64
16 38
10 89
1 79
2 37
9 3
4 12
2 63
20 18
24 80
5 77
24 19
6 55
21 50
18 36
23 11
30 17
29 88
20 59
0 3
17 17
13 14
9 56
8 54
6 83
14 3
0 30
6 99
30 68
24 31
14 66
14 20
16 33
0 87
7 91
25 80
15 54
22 50
26 72
24 27
27 82
22 49
20 39
1 92
7 16
17 10
3 100
1 85
13 62
1 43
2 78
10 88
23 26
1 73
0 43
21 97
30 98
26 98
4 30
21 84
4 75
27 82
8 85
0 52
12 94
17 75
14 97
29 39
6 12
17 80
0 59
10 75
13 72
1 58
22 64
21 18
12 92
16 97
1 9
17 16
8 61
15 77
26 81
17 34
18 3
24 67
9 92
5 4
13 61
19 97
10 39
18 2
30 59
28 16
19 47
21 24
19 56
15 29
4 47
10 87
29 25
10 41
4 22
15 52
29 64
18 1
0 50
25 6
27 62
26 95
25 87
16 59
25 86
7 31
23 76
8 84
7 30
26 75
18 51
0 21
13 88
3 8
14 46
27 18
5 8
14 34
22 36
7 97
23 27
12 92
12 51
10 83
2 96
21 5
23 14
3 63
21 20
27 77
14 25
7 5
20 8
5 73
30 43
11 58
16 74
9 60
6 24
26 45
25 85
25 67
13 36
23 41
21 31
4 97
1 53
22 19
0 72
9 57
4 10
9 72
19 59
30 25
2 14
27 8
11 67
27 83
26 41
0 51
29 53
25 78
9 28
7 7
5 29
1 21
6 61
27 11
21 71
28 76
7 46
10 75
30 43
7 13
11 6
8 36
8 31
17 91
11 52
19 69
2 9
21 32
15 84
12 56
9 89
9 15
10 16
20 6
11 31
24 54
0 7
13 38
11 45
9 75
17 3
0 56
2 90
26 7
3 9
22 15
4 80
13 19
6 73
5 41
7 65
12 85
23 70
6 86
25 44
19 18
23 21
10 56
29 13
23 37
3 38
14 57
22 69
30 19
3 14
27 32
24 87
2 42
27 29
2 36
16 21
21 66
16 52
8 10
13 3
23 73
15 77
28 18
20 25
17 61
10 64
21 85
14 34
26 46
0 87
19 65
21 31
18 67
23 60
5 69
30 41
8 30
3 36
28 1
11 100
18 86
5 11
26 39
17 8
25 90
24 68
0 4
23 98
25 58
21 98
23 85
29 87
17 12
23 1
3 59
18 96
10 89
2 31
6 31
2 13
28 8
5 12
25 16
14 49
15 98
10 47
20 58
13 64
21 76
18 42
5 53
13 84
28 52
29 7
12 100
18 47
10 97
21 59
9 83
26 58
21 48
15 50
28 75
0 93
0 94
21 96
0 96
30 82
9 24
30 78
2 9
9 100
28 32
25 90
1 60
26 98
17 1
7 17
27 19
26 26
23 56
21 93
18 30
3 43
1 100
0 61
