200
18 63
22 26
25 8
20 98
21 95
6 93
11 21
4 72
9 55
2 36
30 42
6 3
27 9
6 69
24 5
11 38
28 56
24 51
24 46
27 60
29 23
11 21
9 12
24 90
3 94
5 7
0 20
20 78
6 59
24 52
2 23
13 85
10 29
13 4
30 75
18 91
25 7
9 8
9 42
11 63
6 30
12 3
9 68
20 99
12 30
3 51
19 65
0 33
24 62
21 23
24 23
18 61
13 18
22 15
3 14
25 63
18 95
22 54
28 51
14 50
22 99
13 72
13 70
29 28
0 52
11 92
11 80
17 72
2 29
10 99
14 2
16 68
8 96
22 72
28 43
26 1
18 63
12 85
24 21
24 76
10 24
2 79
19 98
18 93
16 77
10 74
14 74
16 19
21 98
23 65
20 19
5 80
27 84
25 60
18 87
8 92
26 21
23 92
16 50
12 49
21 33
17 12
8 90
0 12
28 22
5 48
17 75
14 66
0 95
25 93
15 49
27 74
14 20
28 8
3 56
30 57
20 41
27 33
9 65
12 36
27 85
27 29
26 16
26 36
7 77
3 93
15 41
4 16
2 82
28 27
1 4
9 87
24 21
27 78
11 86
12 33
11 43
3 49
10 69
20 70
7 26
28 74
28 42
2 46
29 33
21 75
29 36
27 76
14 20
0 32
1 9
12 79
23 80
24 81
7 6
24 77
8 86
23 56
4 28
17 92
26 49
4 53
10 69
10 97
26 3
3 76
10 52
25 72
1 35
30 77
27 13
27 3
30 60
23 45
12 54
22 66
26 38
21 59
22 83
9 2
20 56
7 13
25 29
25 78
3 28
5 96
18 78
10 48
18 10
26 93
4 37
13 38
14 23
17 33
6 56
11 18
19 96
28 37
13 92
21 21
28 85
20 13
30 59
19 51
27 71
10 43
30 44
13 63
11 21
9 54
17 61
23 9
18 9
25 12
21 26
24 46
24 83
26 18
3 69
19 66
25 65
28 32
9 64
26 99
25 34
14 77
3 46
30 37
3 20
2 71
19 56
12 63
15 68
3 10
18 25
10 56
24 3
19 86
3 90
6 83
6 19
24 68
12 91
3 38
30 100
30 56
9 10
20 18
21 21
26 50
23 61
1 21
22 91
14 48
13 49
12 62
1 20
27 7
3 3
16 47
29 81
22 6
26 28
11 1
22 48
9 50
0 72
12 44
17 100
24 76
7 97
12 89
26 67
26 41
29 55
27 85
26 1
12 36
3 44
14 39
2 79
12 79
3 57
21 96
26 95
11 42
10 21
2 94
14 3
12 34
8 69
19 84
8 26
24 19
22 76
25 5
14 37
20 73
11 19
17 16
10 18
20 65
26 4
5 68
24 11
30 50
8 61
14 57
11 57
14 80
13 51
12 85
16 71
23 60
15 70
14 49
19 51
16 18
12 14
15 72
13 68
9 36
22 24
29 70
10 23
5 87
11 52
3 97
21 71
28 5
12 58
22 74
13 45
0 65
27 29
0 72
30 47
9 84
7 43
9 56
25 55
5 51
19 87
20 85
27 81
3 67
18 96
14 29
10 38
9 68
23 21
15 28
6 57
28 42
15 32
12 11
28 2
15 19
25 87
24 70
29 19
16 46
22 51
17 62
10 32
16 73
23 85
21 6
0 58
28 7
13 10
22 60
16 69
8 32
12 1
4 42
11 5
14 29
17 7
3 99
11 74
0 17
19 37
30 3
8 13
27 38
5 44
21 9
21 85
7 31
22 9
2 87
19 82
30 49
14 21
8 35
0 76
8 19
19 20
2 23
