200
28 51
21 27
18 14
2 80
8 70
4 8
26 76
2 8
24 52
4 76
15 61
29 31
14 4
29 7
30 68
6 36
5 72
12 70
20 14
27 34
23 81
6 15
9 48
16 44
28 73
10 8
29 16
1 13
16 7
28 4
10 42
16 12
29 40
23 50
30 70
6 48
17 98
18 24
20 80
27 57
24 54
16 18
5 43
15 30
17 24
5 22
8 16
5 51
2 36
21 42
19 27
8 63
21 33
16 8
28 66
10 5
16 12
13 100
23 63
7 50
1 73
11 91
6 12
11 98
1 15
6 8
26 37
3 63
18 26
20 60
21 42
26 92
1 9
23 18
0 32
30 96
23 38
3 58
9 13
8 84
7 29
13 23
26 49
24 75
25 59
4 91
11 71
30 99
9 27
4 85
27 26
18 23
15 53
25 34
2 69
24 84
5 96
2 72
9 39
5 100
6 84
20 83
18 67
29 96
26 74
4 13
23 66
23 80
1 67
24 74
0 46
16 50
5 63
11 75
28 18
26 24
4 73
1 1
2 16
9 32
28 45
8 36
4 51
22 9
26 96
23 66
29 75
18 35
15 13
16 6
29 89
16 23
23 76
0 87
21 62
28 92
5 65
12 49
27 20
2 100
4 41
0 86
6 54
25 57
7 84
26 48
27 49
3 100
25 94
26 66
26 27
16 10
15 75
28 7
15 77
8 76
21 90
19 72
9 29
23 7
7 41
9 17
15 6
30 61
0 57
6 3
29 17
27 96
23 1
0 67
2 21
7 5
1 88
25 40
2 77
8 18
5 65
7 9
6 23
10 71
29 65
19 52
30 31
9 24
2 17
18 40
14 60
1 65
8 62
0 1
16 25
22 10
21 49
17 30
2 3
15 27
17 70
25 9
22 40
17 37
24 87
1 42
25 92
15 36
26 74
12 37
11 91
17 76
20 6
14 68
3 95
0 78
19 21
18 15
6 99
2 98
30 76
5 72
5 39
8 20
15 96
0 87
14 26
17 25
18 53
22 91
5 42
23 2
23 89
2 45
26 35
24 12
9 53
17 86
23 5
24 24
25 37
16 89
18 9
21 92
5 6
18 79
3 11
22 95
9 37
19 89
24 79
17 15
6 71
22 48
22 55
1 53
18 70
19 88
3 82
20 26
24 97
26 61
17 91
28 83
4 45
30 4
20 4
16 57
22 13
1 2
29 89
16 55
29 96
27 49
22 67
27 2
12 79
25 25
5 59
28 80
13 7
10 35
12 69
11 4
25 38
4 33
4 28
21 83
25 25
5 14
10 69
22 58
29 22
5 33
26 48
12 57
8 74
5 20
21 48
20 87
22 18
18 68
12 48
16 76
13 33
1 100
29 18
12 5
7 56
28 90
1 6
17 22
10 35
8 60
4 27
9 27
11 8
17 15
12 65
18 83
19 97
21 95
13 70
19 30
30 64
28 55
20 84
15 45
24 30
16 43
21 78
15 39
19 80
7 34
23 98
23 24
28 21
27 31
4 75
23 26
6 7
4 78
6 16
20 24
30 22
11 12
28 89
25 47
12 40
14 79
15 14
14 95
18 46
10 6
3 94
25 85
4 67
17 59
2 56
28 13
24 85
5 4
3 35
18 6
12 62
9 79
10 48
26 75
0 37
19 27
3 94
18 41
5 64
26 46
4 42
7 93
19 64
14 66
8 51
22 56
17 52
9 48
19 50
25 91
28 41
23 21
25 97
28 36
12 15
7 69
9 55
6 95
20 27
16 74
11 57
20 98
24 14
29 96
25 82
8 69
22 11
12 54
24 96
11 34
