200
28 62
1 46
14 18
11 33
22 88
24 22
14 63
25 6
23 70
27 92
14 79
23 85
8 74
15 78
12 69
18 43
20 64
4 36
13 97
19 19
24 19
0 88
25 58
8 17
2 62
15 5
4 96
29 62
7 41
21 71
1 72
17 30
8 89
30 54
11 81
13 83
25 85
22 74
15 44
19 69
20 29
0 21
28 2
6 59
23 88
16 12
5 50
2 58
10 58
23 53
21 33
16 20
25 84
29 98
17 9
19 8
17 13
24 66
9 56
19 2
15 32
20 25
17 85
6 34
3 76
1 99
12 85
15 1
1 69
11 96
17 67
22 99
5 54
23 94
6 72
16 50
12 99
19 48
27 14
18 48
26 16
11 23
9 83
2 20
22 55
9 19
20 55
19 65
28 87
15 19
9 42
11 36
23 73
7 86
25 19
18 73
12 82
2 7
9 23
16 78
17 31
20 43
5 65
26 72
13 50
11 21
30 56
7 86
6 33
0 62
18 100
12 27
29 46
16 31
30 58
4 80
4 76
21 31
21 55
8 99
5 80
20 66
2 100
27 83
11 2
12 27
26 14
15 77
24 21
17 61
21 35
8 52
29 23
5 41
10 36
4 63
10 6
29 51
7 40
26 50
29 1
15 31
1 8
27 6
29 47
5 4
7 17
3 37
11 7
22 49
13 4
18 98
17 99
2 17
6 51
7 65
10 69
14 84
6 36
25 40
13 94
18 46
13 52
17 2
4 53
8 59
30 63
17 84
13 20
15 32
8 88
22 10
11 23
4 9
3 28
30 24
2 99
12 50
11 43
6 20
12 40
30 69
3 13
13 18
1 71
21 73
12 34
9 91
5 78
24 74
16 54
3 45
27 93
4 75
24 22
0 89
28 61
17 12
27 74
14 28
11 100
30 27
5 18
25 78
8 48
30 98
24 91
24 72
11 60
18 53
13 1
23 30
26 4
22 40
12 61
7 12
11 32
24 69
0 27
23 37
14 20
5 23
16 28
17 84
24 47
0 98
11 89
26 70
10 17
14 38
29 39
19 68
21 27
27 83
20 1
24 16
28 33
1 54
2 75
29 32
14 32
6 97
20 30
6 100
7 93
2 9
24 3
12 60
24 83
27 21
4 21
28 39
18 18
15 18
7 55
3 23
13 74
30 43
4 60
4 98
9 58
14 14
9 3
2 72
12 16
26 64
27 59
20 12
2 67
5 83
17 63
16 38
26 47
25 61
2 69
26 87
26 35
1 72
29 34
18 76
11 96
8 36
10 91
28 23
1 57
16 54
17 23
17 73
7 11
17 88
29 79
18 55
21 75
22 21
29 71
23 86
26 60
21 77
18 83
27 19
0 29
7 59
9 50
3 36
27 31
23 100
2 78
0 28
19 25
5 85
21 66
3 84
6 25
15 20
13 53
6 58
21 44
14 26
0 12
22 23
4 72
18 56
26 99
24 56
21 62
16 48
11 83
2 77
2 3
2 51
24 3
28 95
9 11
19 75
25 32
9 1
12 66
1 52
18 6
8 57
18 75
5 20
19 44
12 10
2 81
27 65
3 37
6 22
16 92
11 64
9 13
1 92
0 7
4 51
29 67
3 64
24 50
8 48
28 56
22 6
8 66
13 21
9 39
10 89
10 20
11 11
7 33
23 5
27 76
12 74
12 62
23 29
8 60
12 84
20 86
19 86
28 24
13 89
2 91
22 13
11 57
15 42
2 72
11 98
3 89
17 96
24 61
10 30
16 6
1 83
21 68
20 19
21 7
12 8
12 35
25 75
2 21
23 73
29 100
28 91
