200
16 67
16 36
6 28
18 83
18 96
26 41
15 10
28 67
1 14
20 91
27 80
17 73
28 9
26 65
21 18
15 80
26 94
17 35
20 64
21 26
19 20
22 36
17 70
10 42
21 17
12 35
23 67
19 3
4 77
30 8
9 82
24 32
25 1
9 50
26 47
20 7
9 75
1 32
5 79
9 86
25 32
5 4
8 46
23 62
22 100
10 10
28 30
12 18
23 79
4 74
19 14
16 14
6 14
24 75
14 76
13 69
15 82
29 46
23 34
11 63
9 27
25 1
30 13
20 29
1 77
19 46
27 23
13 47
14 45
2 6
14 96
18 83
0 7
3 86
8 67
27 58
20 4
9 58
26 64
4 39
1 83
12 97
28 53
7 82
18 92
10 92
11 60
8 12
11 12
25 87
20 93
3 31
28 21
1 88
22 9
4 68
4 7
23 9
4 69
19 88
13 28
23 79
16 1
20 77
10 45
15 52
7 75
4 48
28 47
20 40
27 21
15 100
10 15
19 84
13 88
18 68
23 41
13 78
18 43
15 43
18 65
2 56
13 62
21 69
16 20
29 96
30 13
21 40
14 55
15 15
12 58
16 70
16 78
9 44
6 58
16 83
2 51
9 13
7 37
15 28
2 90
5 67
23 75
11 5
16 15
1 41
1 68
5 14
24 53
14 23
24 40
27 32
1 37
19 63
6 77
15 48
9 17
16 95
8 35
22 44
10 22
15 42
10 18
17 90
23 38
10 88
3 41
8 66
21 12
24 66
21 12
23 82
29 82
26 36
10 5
27 96
24 54
27 60
0 65
30 21
4 33
15 23
18 14
21 77
14 79
22 14
8 8
29 6
28 63
16 56
16 84
20 44
21 81
19 17
14 57
2 67
15 55
9 85
8 56
24 24
0 74
0 73
28 86
28 59
21 5
22 58
25 34
21 52
25 54
23 13
5 52
6 31
25 71
28 36
23 26
26 40
16 72
30 91
18 33
11 23
29 54
9 44
20 52
11 99
25 51
12 91
28 99
24 4
2 81
16 46
19 46
10 20
15 22
15 76
19 15
20 86
0 35
22 43
10 93
9 9
12 13
27 38
10 70
21 54
29 68
23 78
11 72
22 16
25 61
21 20
5 39
28 42
23 51
24 71
19 59
19 47
8 63
6 83
11 70
18 52
28 90
26 85
30 12
19 84
14 46
26 55
6 79
17 58
22 81
28 42
21 19
16 28
1 58
14 47
27 72
26 86
4 72
2 41
2 99
4 1
13 54
9 23
26 29
11 91
3 41
11 97
26 86
11 46
12 39
1 83
17 97
12 36
12 23
17 7
4 33
11 94
10 28
15 44
19 27
21 25
16 2
16 39
15 83
14 87
24 46
2 84
26 79
19 58
21 27
13 29
6 35
17 97
10 52
24 93
6 38
17 99
8 41
29 2
26 82
4 35
25 47
1 5
20 48
0 37
30 5
21 47
5 8
21 3
30 68
5 35
24 9
30 62
23 17
12 91
9 47
3 23
2 72
26 90
28 2
9 78
25 1
3 56
3 29
23 40
15 11
20 41
2 17
6 40
1 17
6 98
13 7
18 57
17 88
21 67
14 61
7 20
23 81
5 46
30 83
1 17
5 23
25 32
15 15
20 94
2 49
27 4
18 89
8 41
24 27
19 90
27 41
9 84
9 58
22 76
2 10
9 69
25 83
4 43
2 47
29 20
1 53
18 94
7 64
1 75
25 38
29 38
15 23
14 74
1 54
22 63
6 63
5 85
28 28
5 28
8 93
19 45
8 64
21 41
11 47
17 53
