200
4 17
11 40
14 5
20 64
17 24
8 64
18 68
30 43
2 49
24 81
29 19
20 42
14 34
3 79
12 18
10 39
30 100
16 72
22 40
9 24
22 62
22 20
13 22
8 79
25 3
28 91
26 64
19 82
8 60
26 38
30 35
17 18
15 29
0 73
11 3
2 68
5 24
20 11
5 14
23 82
13 37
11 94
8 24
3 70
24 57
26 42
10 23
3 12
21 67
16 10
20 9
18 70
1 68
30 86
29 7
3 5
4 63
22 14
2 30
10 59
15 22
7 27
9 51
15 96
6 48
7 29
0 47
20 76
0 12
29 41
12 90
14 2
9 95
29 22
2 33
4 58
6 10
12 75
21 54
4 81
1 6
6 77
26 84
14 40
0 62
5 84
26 49
25 61
5 29
9 61
3 19
23 4
22 89
15 43
2 35
12 99
25 86
5 60
12 61
1 20
1 3
29 20
27 33
30 58
4 87
0 87
24 60
29 10
14 7
9 48
12 76
18 20
20 87
4 53
5 19
25 84
16 57
19 25
19 44
1 44
6 33
8 38
16 93
29 35
0 45
22 41
8 79
12 68
15 98
27 88
5 49
25 38
3 3
20 6
3 59
25 19
26 54
18 72
10 10
25 43
17 79
18 80
30 59
13 33
24 55
9 52
15 1
9 48
3 28
21 3
16 22
11 66
24 42
1 77
14 36
18 46
7 91
1 18
12 18
6 37
22 20
13 4
3 37
0 89
27 45
4 90
29 37
14 45
17 59
14 42
13 28
16 34
6 21
17 56
23 23
10 8
22 28
13 94
27 59
11 41
8 66
23 86
2 54
20 62
15 28
27 17
8 93
13 54
29 70
9 21
13 76
18 70
10 100
1 74
24 53
10 42
6 97
18 82
17 53
12 39
3 58
16 64
10 33
13 10
29 13
16 75
3 25
27 73
21 85
1 56
23 83
1 59
30 59
30 55
12 40
19 22
15 81
0 52
10 60
9 25
25 69
21 67
18 98
20 75
6 56
4 4
10 53
10 45
12 59
14 22
4 67
29 71
5 94
3 52
19 36
27 84
6 16
8 39
16 72
19 25
19 82
25 19
0 36
11 83
8 96
10 64
29 89
10 38
8 9
26 36
6 3
12 94
15 56
9 50
19 92
1 36
14 91
27 78
14 58
15 72
18 61
28 25
27 30
17 83
25 15
9 55
18 28
28 78
8 25
17 14
7 84
30 19
11 83
5 80
14 2
21 11
8 92
11 48
3 16
3 48
3 61
16 70
30 47
5 5
28 64
9 18
27 71
4 8
1 18
7 76
26 84
16 70
30 60
25 34
30 2
10 87
0 10
26 79
12 89
11 37
14 32
29 56
6 76
28 38
22 18
17 50
28 4
2 54
8 73
28 57
6 81
10 90
2 68
3 5
25 77
1 54
28 7
6 64
0 92
6 41
20 74
8 32
17 25
19 78
4 50
25 21
29 38
26 32
6 39
26 70
25 8
7 12
21 78
26 48
18 88
14 70
17 21
22 87
23 91
3 56
28 7
2 4
22 60
9 29
4 6
30 40
5 45
4 75
0 55
11 17
9 94
7 18
2 37
2 89
14 40
14 25
29 1
16 97
13 49
11 44
28 91
10 5
30 20
20 68
3 85
10 56
8 67
7 18
9 73
29 61
12 60
26 81
15 42
12 89
15 17
24 69
6 100
14 65
21 92
24 5
25 62
14 38
25 70
14 1
22 37
17 69
24 37
16 12
6 61
22 94
9 79
11 21
3 70
28 63
15 61
21 33
12 23
7 21
11 84
21 82
