200
14 7
24 25
2 84
9 21
0 68
1 70
9 3
4 28
26 89
13 82
16 38
21 54
20 99
19 13
4 15
19 95
5 4
11 34
4 59
17 36
19 90
25 42
11 14
1 41
23 4
4 31
1 63
26 87
9 18
0 42
29 100
16 58
15 60
15 2
10 4
25 70
1 48
13 84
18 72
10 32
11 32
29 6
27 90
27 43
22 8
9 10
30 29
3 83
25 55
20 21
3 66
9 5
13 2
21 52
23 73
8 80
26 42
5 13
5 85
6 90
20 59
13 50
5 93
21 94
10 96
9 45
23 21
19 97
17 93
26 20
22 15
10 11
15 40
24 56
3 83
20 48
26 79
24 4
8 7
15 94
9 75
11 2
7 19
1 27
18 94
0 33
8 9
28 98
0 78
5 44
21 11
14 19
30 78
23 69
21 16
9 3
23 88
20 21
17 27
10 68
5 11
26 76
24 12
11 71
6 70
10 64
28 25
28 88
21 2
9 1
3 78
12 13
0 6
20 11
23 38
3 79
17 3
9 73
3 6
30 23
8 12
28 33
15 75
25 27
28 95
24 64
13 29
22 31
7 89
30 15
15 45
2 98
1 83
12 82
20 22
22 51
3 42
28 41
7 65
26 89
1 42
7 15
23 66
15 88
10 35
10 48
11 87
29 51
27 57
17 70
10 94
27 29
18 92
5 30
22 82
8 53
29 63
12 29
5 82
17 75
1 43
15 20
5 4
2 11
18 24
19 57
7 84
13 35
8 21
10 86
3 56
18 9
21 6
10 76
19 72
29 44
6 96
20 22
24 95
5 32
8 94
15 92
28 86
17 77
26 63
12 39
9 45
21 81
1 10
20 54
0 17
1 94
4 71
4 62
26 48
28 83
17 16
12 61
8 2
27 18
11 51
25 96
11 15
25 58
3 43
1 69
29 23
6 33
10 42
13 75
30 21
0 72
5 10
28 94
17 74
10 15
2 81
19 58
4 99
27 6
27 3
17 57
20 73
24 70
18 24
11 47
7 27
4 15
15 15
23 11
2 32
25 10
9 10
27 58
15 15
22 5
7 60
26 22
12 40
17 17
10 90
8 48
13 40
17 27
5 48
30 54
19 66
30 57
2 37
22 28
15 53
27 47
21 19
15 94
16 38
19 26
0 47
10 47
3 50
8 99
13 91
9 28
3 33
23 51
7 58
21 12
26 74
17 4
30 85
16 87
1 44
16 89
29 27
18 67
1 50
14 18
1 70
26 19
10 55
11 63
18 8
28 9
8 3
19 51
14 22
13 17
29 19
11 56
6 22
28 25
18 84
25 70
23 76
4 85
0 29
14 94
0 98
23 73
12 33
17 64
3 61
3 93
0 22
6 94
24 92
13 11
20 8
19 7
28 91
11 80
25 33
30 99
12 51
20 15
2 16
16 1
19 7
26 4
10 29
17 65
20 32
30 46
2 7
22 52
10 83
6 2
27 68
1 71
9 72
19 94
9 8
24 95
9 53
15 7
13 87
13 31
13 95
11 20
27 81
18 93
19 57
3 26
9 45
3 11
15 3
24 6
29 86
30 85
10 47
12 27
11 53
25 44
29 50
0 63
2 30
19 100
1 68
29 93
9 16
19 70
28 30
4 66
16 59
30 82
21 6
24 99
15 66
28 88
1 5
7 34
25 100
24 22
6 58
29 51
24 100
29 75
3 74
11 41
14 93
5 60
5 52
0 82
24 76
5 94
3 19
15 66
18 25
30 73
0 19
18 30
0 31
8 40
25 41
25 54
11 32
18 83
3 78
2 27
10 65
1 66
