200
21 37
23 41
25 57
20 46
25 15
25 92
11 64
6 87
27 87
5 11
25 81
6 57
11 17
3 90
24 13
21 6
4 1
12 56
29 23
14 56
0 77
22 12
15 24
17 1
27 15
3 76
3 36
25 43
14 54
8 42
17 8
7 52
23 61
26 14
25 3
23 92
5 2
12 28
26 17
18 4
18 59
6 1
29 37
12 81
14 39
10 47
14 27
6 59
4 34
28 47
22 37
29 95
8 50
13 51
27 23
12 59
6 81
26 91
25 65
0 65
4 39
16 79
18 29
14 26
18 85
10 27
27 21
4 85
17 40
7 35
22 80
15 42
30 86
30 43
7 31
10 44
13 18
19 66
29 52
30 92
16 50
25 81
19 84
5 43
17 68
28 29
25 55
13 93
12 7
29 66
11 100
19 82
30 59
18 27
17 34
16 76
0 47
3 6
5 9
29 31
9 67
29 59
7 35
29 45
3 21
8 21
24 71
4 19
28 1
10 79
30 42
30 43
7 94
29 33
22 45
20 23
5 29
21 78
5 96
9 8
4 36
18 34
16 5
2 28
26 71
7 16
18 95
9 87
1 93
7 31
6 87
16 77
14 2
5 26
26 88
28 19
21 41
11 80
5 23
16 16
26 70
21 73
12 43
10 82
3 22
20 55
11 8
4 53
16 40
27 81
14 90
25 60
24 41
14 83
23 4
22 40
28 22
6 53
16 94
21 52
9 43
5 58
16 3
17 91
4 31
18 28
19 74
22 31
27 39
12 68
4 16
9 34
25 53
13 54
18 91
28 83
21 63
0 88
8 87
1 57
19 19
1 85
9 63
16 46
29 75
6 19
10 22
15 99
17 29
3 4
11 21
17 60
0 59
24 18
24 80
8 17
10 32
11 6
3 67
4 94
29 84
18 38
9 45
6 89
11 45
17 2
17 49
20 31
2 13
1 17
0 88
6 38
27 11
21 33
4 74
9 20
8 54
15 64
8 30
2 46
2 82
25 86
14 6
7 82
18 60
19 64
24 4
0 60
2 78
9 29
30 17
26 89
7 56
0 86
4 20
5 2
9 26
21 82
23 73
18 40
6 75
7 43
20 64
13 35
15 81
20 98
0 30
22 7
22 100
14 15
25 27
17 81
17 68
8 43
6 41
23 18
18 86
26 36
4 76
6 54
27 81
14 17
30 3
28 4
3 14
2 71
15 16
6 28
20 92
0 25
18 33
9 3
17 18
23 84
3 78
19 18
28 82
12 60
6 70
11 36
1 87
4 36
24 58
30 40
5 40
15 35
6 71
26 95
5 47
21 80
28 86
1 4
12 89
13 25
30 42
14 49
18 65
11 7
27 13
27 18
9 35
2 35
8 74
23 68
0 37
25 49
1 83
22 63
13 23
11 40
29 17
9 2
7 62
18 99
1 76
7 59
8 17
21 22
16 66
15 3
23 53
5 35
1 45
2 85
0 57
29 48
21 35
7 97
22 65
14 9
27 49
7 74
22 82
19 23
7 56
12 16
25 9
2 75
11 39
12 89
13 97
28 12
7 99
14 31
29 22
4 86
26 98
6 32
9 25
1 47
2 9
24 47
16 75
29 28
6 43
15 35
4 81
12 27
18 35
21 74
26 77
21 62
25 81
3 45
29 38
30 81
2 10
21 55
6 48
28 12
17 46
30 74
4 73
24 20
18 98
23 83
7 59
10 67
17 77
30 13
8 77
27 91
28 29
19 13
10 93
28 73
29 3
4 46
3 73
0 27
2 68
7 53
6 33
19 92
3 46
9 40
25 46
18 16
28 60
0 44
