3200
7 56
0 91
10 90
15 32
4 67
3 23
29 53
28 81
26 88
17 44
27 4
27 70
10 66
17 57
20 91
21 22
12 40
27 10
14 66
28 22
17 32
23 75
17 98
30 55
3 38
20 28
15 83
11 98
30 87
0 98
22 19
22 78
17 27
28 79
18 2
23 53
1 86
26 98
19 99
3 4
21 14
18 34
21 74
18 92
19 23
23 87
25 93
19 64
4 19
24 89
10 4
2 100
15 23
0 71
14 72
15 11
5 61
21 26
10 51
23 9
20 75
15 31
24 33
22 63
21 83
17 99
17 31
28 64
12 86
17 7
8 51
11 91
21 32
24 23
3 70
4 19
19 83
3 2
5 21
4 66
17 88
28 89
28 69
28 90
11 74
10 45
30 26
4 64
28 67
25 59
17 31
5 72
6 100
2 61
26 3
18 17
29 61
0 65
17 98
12 40
10 77
17 66
8 59
15 2
4 25
22 62
20 34
20 59
3 55
15 64
20 14
4 65
1 30
25 49
9 99
14 52
9 68
1 23
6 7
10 30
19 39
0 5
14 17
0 77
25 84
26 87
3 78
18 88
7 94
21 80
27 82
6 64
5 7
6 60
24 66
28 68
28 33
6 12
12 1
18 93
20 88
29 58
5 50
4 7
16 30
12 14
14 7
16 56
16 63
30 8
6 35
29 82
1 94
28 68
16 3
30 87
25 58
27 26
19 43
16 6
6 81
13 47
21 87
29 81
29 95
26 8
19 57
10 33
7 18
14 86
22 60
23 100
23 29
13 17
28 2
16 97
30 57
23 16
6 22
23 13
1 65
21 74
9 19
8 17
18 24
22 35
23 84
20 78
7 52
8 84
29 74
14 91
23 89
17 45
15 81
28 6
30 58
0 76
6 14
16 34
25 27
4 18
3 23
5 66
12 21
29 82
12 73
24 69
12 5
14 51
5 85
8 78
30 75
17 78
20 53
17 100
12 56
1 8
20 50
7 46
8 43
16 20
21 72
15 92
15 18
0 35
11 80
14 76
11 85
8 13
3 84
24 93
1 58
11 10
22 3
24 70
10 30
24 69
26 62
11 75
7 40
8 5
8 27
13 99
9 4
0 21
22 6
18 74
14 13
0 14
10 37
0 72
16 31
1 52
20 98
22 76
6 52
13 70
26 62
23 13
17 86
18 99
10 6
29 48
22 19
29 54
29 15
6 94
30 62
4 9
8 73
19 22
11 98
15 40
2 93
10 35
20 44
13 58
0 37
9 23
6 26
1 15
27 42
12 56
0 93
11 98
20 65
27 63
30 26
20 32
30 42
11 45
24 13
16 68
5 61
9 94
27 62
27 8
7 14
11 50
23 25
29 13
28 15
18 47
20 9
3 67
26 94
4 12
29 20
26 55
22 18
20 34
4 47
15 51
15 47
23 10
12 30
30 82
25 7
6 17
13 46
12 19
29 61
27 11
21 19
9 27
6 5
18 8
14 1
22 91
17 99
22 41
6 22
14 16
26 7
21 26
20 6
13 52
14 44
16 60
15 52
11 26
4 94
3 45
28 58
24 68
6 86
21 56
27 62
27 43
9 2
22 76
18 77
5 4
17 77
9 41
22 34
21 85
28 76
11 22
19 92
15 50
22 27
23 21
0 63
29 91
10 14
21 28
8 24
24 28
21 53
6 57
2 11
16 65
8 66
23 23
22 90
7 77
0 68
24 44
26 66
22 67
23 52
18 1
19 89
22 9
12 70
14 81
19 25
19 86
0 97
6 9
3 26
24 81
22 39
12 74
18 70
4 75
22 6
8 68
