3200
24 78
19 89
23 91
15 50
9 35
16 21
0 48
13 56
10 5
7 61
11 72
19 92
2 2
24 59
26 1
6 92
6 6
21 9
28 38
0 60
6 100
29 61
9 48
17 40
13 43
9 13
19 85
10 44
19 77
9 37
25 34
7 8
12 6
7 73
22 11
22 36
3 49
14 51
16 13
30 77
29 49
18 96
24 85
17 11
23 17
8 54
3 5
3 40
3 64
24 87
5 3
27 26
26 70
1 57
26 29
15 23
20 18
13 46
16 16
20 18
23 81
4 28
28 97
19 12
10 44
17 28
29 73
6 9
8 42
18 26
0 36
24 60
17 72
13 55
3 65
13 13
28 68
12 57
18 61
16 77
7 52
4 11
27 2
21 26
6 82
2 22
3 11
9 97
10 49
5 36
25 61
2 13
14 67
23 15
30 93
7 67
21 41
8 63
17 28
25 63
16 36
29 88
27 5
7 4
17 76
21 63
25 38
15 88
21 52
25 44
0 43
15 17
11 77
21 83
15 49
1 21
12 93
28 63
26 70
0 48
15 38
20 83
21 33
20 75
16 33
24 19
5 90
7 71
8 37
15 51
21 53
26 31
6 86
11 77
21 57
0 3
10 7
6 67
29 37
9 65
4 19
24 34
7 83
14 64
3 15
8 11
0 9
3 9
5 65
18 9
22 85
6 41
6 82
25 5
3 82
5 34
25 72
3 1
25 18
4 51
15 46
3 46
6 12
16 97
15 10
10 7
22 3
4 20
6 33
7 2
30 84
19 50
26 51
24 2
6 80
2 75
6 95
8 17
4 77
17 6
20 16
16 68
11 76
13 2
27 90
12 70
23 84
22 12
26 75
10 35
4 66
28 47
21 52
0 62
28 80
5 2
2 50
11 69
20 12
2 88
5 76
22 95
19 87
30 27
20 42
6 5
7 7
9 16
23 78
0 83
8 39
21 84
27 67
27 42
9 90
27 57
5 63
8 60
28 75
17 46
1 46
6 45
8 16
15 89
28 100
3 67
12 8
15 21
9 94
16 9
1 17
12 45
16 77
4 16
19 97
12 98
14 35
5 55
0 99
0 32
19 72
30 66
2 86
16 65
15 6
10 39
9 99
14 41
24 72
29 98
28 76
24 59
15 61
16 33
8 64
12 29
19 61
20 11
14 60
7 82
10 54
3 99
10 98
8 22
27 52
22 32
12 75
27 13
20 21
29 11
23 3
14 67
14 97
18 26
17 93
13 39
8 69
18 43
1 14
17 10
28 4
14 84
11 63
24 56
16 90
24 57
4 52
0 81
19 23
4 84
15 99
24 31
4 83
14 77
0 13
19 13
11 68
28 22
10 10
12 49
3 15
22 22
27 100
16 79
3 84
13 83
4 84
29 99
29 58
5 49
10 8
6 60
26 81
9 2
2 52
17 89
12 90
16 12
24 47
19 13
7 48
13 55
16 81
23 25
30 33
24 100
17 42
19 87
11 79
12 98
28 39
27 61
8 34
7 25
25 29
25 15
11 89
10 42
28 99
0 62
11 75
5 24
17 61
16 29
17 78
13 89
24 69
15 67
6 2
12 88
17 75
10 82
28 43
26 10
22 96
15 56
2 67
27 60
8 54
13 38
18 36
6 84
16 12
0 55
25 15
14 72
24 64
29 3
10 26
19 85
12 59
2 45
9 58
26 70
25 77
27 91
16 39
30 82
30 1
26 27
11 58
6 9
23 93
16 45
21 89
30 61
10 9
26 79
15 20
6 11
6 33
19 59
29 40
10 12
16 58
16 54
21 24
2 66
3 64
12 50
