3200
20 42
7 58
0 86
27 29
30 54
6 86
5 74
27 52
21 100
16 73
28 48
23 81
21 73
1 46
27 43
19 57
28 36
16 84
22 60
22 39
23 6
11 77
29 5
7 95
8 44
12 88
1 89
9 91
7 19
22 24
26 51
21 10
7 56
7 71
4 23
14 49
14 27
3 96
14 62
17 82
28 82
1 59
24 10
20 97
1 55
20 13
10 71
26 49
5 71
9 32
12 89
19 29
7 48
24 41
24 88
13 65
26 39
26 82
6 28
12 30
9 68
25 13
12 76
16 45
10 46
1 67
29 52
6 96
18 22
5 94
10 50
29 63
13 84
25 12
28 57
4 11
8 59
16 42
23 99
30 21
17 24
0 95
7 8
11 22
23 64
15 11
1 19
8 29
0 34
24 74
3 42
7 11
29 22
14 31
22 98
18 88
13 65
26 7
1 90
19 13
23 98
20 89
25 6
19 61
17 16
27 66
5 71
3 29
2 83
18 42
11 79
28 18
27 14
22 24
26 4
17 36
23 22
26 76
27 75
21 89
0 4
7 53
5 87
17 28
1 76
23 70
29 96
9 48
22 5
10 52
29 19
26 23
14 79
25 14
23 92
22 72
10 54
19 100
29 17
20 79
16 78
25 33
10 56
11 94
8 25
7 3
20 60
30 35
8 18
1 80
23 41
15 29
4 35
3 98
5 76
3 20
2 92
25 94
7 66
17 63
29 36
20 100
0 23
23 82
25 32
21 18
6 44
19 26
28 20
1 8
10 38
23 36
16 54
17 92
1 85
7 26
5 14
23 36
21 89
9 6
28 71
14 11
16 84
16 6
20 1
1 81
26 95
2 63
4 70
3 98
17 88
28 49
4 74
29 50
8 43
30 63
10 76
1 28
0 61
11 2
7 82
18 66
25 20
18 48
22 53
15 83
23 65
28 83
22 96
16 38
6 51
11 8
16 63
17 57
13 84
26 23
30 37
28 10
2 8
19 46
4 26
5 99
15 65
9 44
21 50
10 54
25 54
11 2
21 85
5 85
8 50
12 30
26 87
24 2
18 89
4 69
21 97
6 19
7 11
0 50
23 30
26 93
12 19
1 5
15 12
9 31
3 12
24 12
0 7
26 10
20 74
11 34
25 43
18 10
19 55
23 45
9 14
20 46
25 96
20 45
5 40
4 31
27 35
9 18
24 41
15 76
17 48
24 16
4 52
0 93
12 58
28 62
5 6
7 97
0 28
18 70
24 93
12 77
2 53
12 30
7 83
11 74
13 49
20 49
17 17
18 23
19 26
12 13
4 65
3 37
5 55
2 82
6 64
8 26
17 37
3 5
25 32
12 90
21 64
17 93
0 68
13 97
8 12
15 72
23 89
29 6
28 97
17 44
30 43
8 9
23 88
3 28
15 82
22 56
17 6
16 27
10 47
12 90
20 96
17 60
21 22
3 87
24 86
4 34
8 68
16 95
18 80
21 92
3 11
17 73
25 68
12 80
22 36
8 17
30 56
24 56
4 70
6 74
26 23
16 92
12 41
24 83
11 82
13 24
3 44
5 40
20 54
0 39
0 30
30 67
25 11
23 62
10 71
19 47
22 19
0 72
15 62
21 19
20 29
11 4
9 88
8 20
11 60
0 3
5 81
16 18
2 52
19 42
19 82
26 9
28 75
3 19
21 39
13 91
27 4
5 45
2 19
10 22
6 99
6 37
11 48
29 43
7 46
12 24
21 82
12 86
27 39
2 94
2 19
16 50
19 50
8 69
26 97
15 19
2 26
29 78
14 57
9 79
10 45
20 63
