3200
6 99
2 78
16 37
14 49
22 84
20 35
22 16
14 25
9 27
23 55
20 3
25 20
25 20
29 97
2 64
20 12
21 92
2 74
26 86
21 80
11 78
1 2
17 20
27 57
23 18
8 21
27 58
3 27
10 32
10 61
16 76
3 83
29 45
8 13
28 92
1 18
1 51
2 86
30 58
16 32
8 25
18 20
17 9
28 4
1 59
25 75
8 24
3 3
16 14
16 2
25 91
28 29
22 69
26 62
22 32
25 74
16 68
27 100
7 22
24 37
29 43
4 37
3 37
0 27
15 66
12 66
21 4
17 25
16 51
30 46
28 63
14 40
24 48
6 72
9 88
17 72
19 82
23 27
23 89
4 50
3 44
8 89
5 73
4 42
28 73
30 89
16 61
19 94
16 27
18 92
19 55
4 91
20 10
11 29
11 81
18 62
4 62
4 26
8 70
3 46
20 4
12 69
30 55
4 57
21 78
7 6
15 43
14 28
16 60
22 97
13 25
17 32
19 19
4 82
30 38
12 85
27 74
11 74
0 26
6 96
26 12
25 41
21 3
8 36
18 82
16 91
18 70
11 25
11 78
6 51
9 59
20 4
6 74
26 91
7 27
24 56
27 41
18 10
30 87
11 63
29 90
16 67
7 50
24 36
28 4
23 85
25 80
29 51
15 56
25 80
5 13
5 97
14 65
4 4
10 56
13 86
19 10
23 13
0 93
4 49
21 79
16 1
17 68
13 73
24 62
8 35
26 46
14 39
13 36
8 89
11 30
13 11
29 8
2 87
24 60
24 37
20 77
15 59
10 80
26 67
5 92
19 87
4 12
16 37
20 77
10 29
29 56
21 78
25 4
30 29
4 20
11 15
5 63
21 13
11 54
6 40
23 26
30 14
27 71
13 2
0 69
17 19
6 100
10 98
22 5
17 8
13 29
28 5
30 90
12 59
18 12
22 24
15 54
2 44
28 55
16 24
14 78
9 32
21 60
21 46
14 82
10 43
8 36
12 16
23 57
29 43
28 100
10 97
10 39
16 70
26 81
26 30
2 23
30 73
7 27
9 42
5 48
24 41
13 87
5 87
8 43
9 73
18 99
1 61
27 38
29 75
27 70
25 63
8 3
10 29
0 22
20 40
23 92
12 39
7 83
8 51
14 40
24 61
19 29
7 17
2 11
6 70
24 8
24 95
23 67
26 62
24 81
18 81
5 53
20 52
22 86
13 46
8 71
7 20
7 83
28 20
26 82
19 43
4 59
23 47
14 16
4 72
5 33
24 64
14 15
3 74
8 89
28 1
21 55
15 23
1 75
4 71
27 70
19 47
15 98
10 54
29 15
11 58
13 56
5 40
20 30
4 10
12 96
4 9
19 35
16 62
20 42
27 23
1 50
14 10
23 21
1 77
5 3
23 60
25 62
0 17
2 8
22 17
8 48
19 91
6 2
16 76
2 74
13 12
21 37
2 64
14 24
21 9
16 30
3 35
22 88
20 70
26 43
8 2
24 53
24 78
1 11
10 98
17 51
6 24
12 71
8 81
1 4
14 96
1 81
25 34
29 71
28 51
12 15
14 69
26 53
20 98
15 73
1 11
16 41
21 97
17 53
11 46
26 78
7 61
4 17
13 91
7 46
26 16
8 25
19 63
10 95
20 56
8 57
9 17
6 63
25 41
4 20
21 60
9 89
16 43
20 29
18 81
0 39
21 15
9 13
28 77
23 60
6 54
11 79
24 37
10 34
2 10
3 21
17 83
20 1
28 22
25 92
4 52
20 48
30 98
6 33
21 7
11 94
5 26
