3200
23 98
3 9
14 34
26 89
10 90
13 67
4 48
14 2
16 54
4 9
23 55
25 31
9 61
10 21
16 23
9 49
21 57
3 25
23 90
24 100
5 99
1 1
1 93
5 57
1 18
16 28
29 93
4 42
23 38
18 30
12 85
25 85
2 10
13 78
12 78
9 27
19 100
17 19
16 45
9 37
8 58
19 35
25 76
0 22
29 51
4 38
11 60
17 65
28 99
26 83
6 100
15 9
25 31
8 16
17 57
24 29
26 33
27 10
8 32
8 56
14 33
17 45
17 18
27 80
10 68
0 74
23 47
20 24
3 47
1 58
22 94
6 66
7 8
15 43
18 53
21 4
0 46
19 18
7 94
18 50
30 96
11 51
22 57
10 99
3 56
14 97
15 73
22 55
2 15
23 32
8 22
0 99
9 55
15 50
22 48
14 60
20 83
21 39
17 18
4 75
27 53
4 91
0 24
14 18
7 28
5 99
27 23
21 25
21 3
27 61
8 92
0 81
20 43
20 18
5 80
11 11
15 40
26 26
20 30
11 17
5 71
11 72
0 8
18 94
12 50
23 41
19 78
21 69
2 38
9 46
25 72
8 28
30 88
28 74
27 34
27 66
13 99
24 91
7 92
15 33
15 12
25 6
3 90
14 90
4 18
4 32
23 52
26 36
2 93
14 87
15 9
8 14
21 55
14 36
24 19
2 29
19 29
14 65
2 10
18 48
16 64
1 36
5 60
10 38
16 35
24 11
21 89
14 21
23 92
7 29
7 13
2 66
22 38
8 100
21 5
29 66
1 2
12 25
9 37
29 78
5 43
29 60
1 66
13 62
12 58
17 69
19 36
5 32
4 7
17 38
18 25
4 56
10 60
13 79
17 1
20 28
21 14
22 79
11 84
26 55
17 100
17 56
12 24
18 60
7 72
4 6
30 89
18 1
17 71
7 26
27 3
24 53
20 32
27 70
7 90
11 63
30 6
25 81
21 72
16 45
10 15
10 79
15 32
19 47
27 53
27 3
25 72
18 84
3 39
30 70
9 41
10 79
5 11
6 64
11 21
9 14
18 32
9 78
19 19
11 35
17 91
20 55
10 69
0 17
9 26
11 59
21 76
23 11
17 71
20 46
16 87
9 52
28 91
21 11
5 48
17 89
6 65
4 30
7 97
7 25
30 13
23 61
10 89
3 65
12 66
2 40
7 32
14 94
23 5
8 43
3 26
6 58
22 78
22 49
16 2
20 4
24 65
23 11
10 18
23 47
26 5
15 24
7 2
3 72
7 58
19 1
1 33
9 68
12 62
19 53
1 16
23 48
7 46
17 31
12 93
9 46
28 16
24 98
28 95
23 66
23 1
1 84
7 12
16 56
16 24
28 49
26 8
19 2
25 7
18 32
15 52
24 22
25 92
24 52
7 27
1 45
24 27
29 49
12 76
10 45
11 30
5 72
29 74
14 90
17 91
29 52
12 25
13 25
20 88
18 37
25 66
3 56
25 11
9 18
1 31
15 17
12 51
3 12
25 19
27 96
20 52
19 20
28 73
3 44
21 44
4 71
22 21
4 39
4 91
11 17
16 40
0 49
3 11
24 29
4 54
0 32
16 52
12 26
25 59
16 52
27 89
30 67
18 90
3 86
13 93
25 40
14 48
27 28
20 63
9 25
16 10
7 38
14 96
20 56
11 95
7 66
0 73
16 59
7 33
25 49
7 50
21 74
30 96
3 3
14 100
21 98
22 14
22 1
15 95
17 99
17 32
26 71
24 35
14 57
18 56
2 74
24 61
17 15
28 81
7 52
