3200
11 28
2 16
5 89
0 75
6 9
1 63
20 48
23 44
26 36
10 5
12 39
16 34
29 10
1 22
5 96
29 74
17 88
17 34
19 97
8 27
28 31
0 53
4 96
9 77
16 55
30 90
13 26
3 19
28 79
26 94
7 18
29 93
1 47
3 7
15 49
27 78
7 25
1 29
1 16
13 43
18 53
26 98
4 81
14 35
20 60
28 99
5 39
26 21
2 86
30 49
5 47
28 58
20 32
18 61
18 22
23 90
9 83
12 59
23 6
4 93
4 34
1 67
19 36
15 32
22 6
4 34
9 13
25 16
10 45
30 88
14 8
15 31
5 72
14 83
11 73
24 76
30 1
0 70
6 55
18 82
25 51
24 100
17 46
17 32
15 60
12 6
19 4
9 51
0 48
5 17
16 11
14 71
7 41
1 74
4 88
28 28
17 70
6 13
0 65
21 70
14 38
25 67
10 10
30 42
0 72
26 44
2 45
18 18
19 99
14 34
21 40
16 95
11 53
28 30
9 74
26 14
29 84
26 44
1 80
11 80
1 79
12 8
15 52
23 20
9 91
15 8
13 77
4 26
18 89
9 27
29 96
27 26
4 51
19 73
22 78
3 87
13 68
16 17
0 68
7 88
16 54
24 71
7 50
9 17
16 55
15 56
12 43
30 99
16 89
4 55
13 43
12 61
0 61
6 61
1 39
4 74
28 6
27 39
6 31
11 69
6 20
3 25
23 61
19 34
20 3
13 84
9 72
13 100
28 53
20 8
29 90
1 35
22 48
10 40
12 80
17 4
25 79
25 46
20 15
16 74
7 43
1 63
20 86
27 66
1 73
0 33
29 21
11 48
18 9
2 81
3 87
14 30
1 87
15 50
15 94
30 75
17 69
18 44
0 94
25 54
24 36
4 8
2 26
21 24
5 91
27 93
3 59
28 17
11 17
30 26
28 93
26 19
1 24
9 31
17 94
19 100
21 72
4 94
13 27
14 3
16 74
11 76
9 30
21 98
20 43
29 40
12 98
16 35
17 64
27 5
19 88
27 15
0 82
16 33
17 74
19 67
19 1
1 58
7 73
25 48
30 38
27 7
19 24
1 9
2 92
26 86
22 5
13 5
19 88
14 59
19 55
23 13
0 86
13 29
26 74
8 30
4 19
5 48
9 71
17 28
8 58
24 100
28 68
14 83
19 79
0 13
29 80
4 45
30 24
6 98
16 43
15 94
3 41
20 44
16 93
6 75
25 41
22 96
11 13
7 11
2 42
4 58
17 66
28 39
29 38
23 96
17 28
21 63
20 65
2 4
0 5
28 24
20 62
1 55
13 100
20 21
30 42
20 41
4 64
11 42
29 92
11 22
8 29
6 21
3 17
1 16
21 23
6 52
27 96
1 33
30 76
10 72
12 34
28 51
10 71
10 72
21 36
24 80
25 18
7 68
8 38
15 66
21 54
3 48
11 89
7 31
22 10
14 96
27 73
2 47
13 60
22 52
0 21
3 49
9 15
30 2
3 65
23 86
21 93
11 89
12 46
20 95
20 23
16 60
8 43
9 34
11 22
24 18
30 74
0 91
12 48
25 89
0 7
20 48
13 63
2 33
18 24
10 49
11 6
15 17
27 14
20 95
27 26
20 18
20 68
30 81
14 11
28 80
13 24
29 85
18 56
18 51
25 62
13 58
11 50
28 92
17 98
26 41
12 62
2 77
0 67
0 27
1 89
17 89
22 49
30 95
15 43
13 84
27 51
0 72
12 9
15 61
20 93
0 34
10 30
0 55
0 40
6 18
19 42
12 49
