3200
20 18
12 94
17 70
30 94
8 71
19 61
13 76
6 8
26 35
18 50
23 43
21 70
2 26
8 87
12 56
11 6
19 34
1 10
2 59
6 58
3 96
10 70
26 2
22 69
14 55
12 79
23 95
3 37
6 50
21 83
15 18
12 58
16 42
23 1
21 51
29 17
12 93
6 65
6 14
29 48
3 50
15 39
30 30
13 59
29 6
25 75
11 99
13 37
9 55
21 36
9 92
6 50
16 57
29 6
28 39
17 81
30 42
29 72
3 54
20 6
10 70
17 85
18 87
3 41
24 73
11 46
6 23
21 51
16 66
2 4
7 60
15 7
28 85
23 87
20 18
11 96
5 67
5 92
1 1
17 19
1 36
2 74
13 38
17 44
27 54
27 25
2 65
14 31
26 29
15 61
27 14
23 84
15 53
14 14
15 62
5 7
16 95
1 22
2 11
15 61
20 100
4 71
30 85
18 98
18 79
8 50
23 70
19 65
6 4
27 10
14 28
14 64
5 17
22 83
10 65
16 8
30 63
29 18
12 14
25 35
7 45
27 61
20 32
20 72
18 11
25 80
20 25
16 37
13 79
7 3
18 9
10 57
23 81
17 70
27 85
5 46
13 49
25 16
23 54
26 19
15 22
10 27
26 67
11 4
28 43
21 95
24 61
16 55
11 31
26 68
4 33
12 67
21 72
7 4
21 90
14 35
15 19
3 15
12 6
11 43
24 64
21 4
13 46
25 71
11 85
29 26
14 40
11 20
18 1
26 76
24 93
0 56
2 31
9 29
20 52
2 22
3 54
17 57
9 19
12 49
28 70
3 22
25 16
29 37
13 72
24 2
29 98
17 52
24 38
23 99
6 11
0 51
26 71
4 57
17 70
8 23
1 49
17 35
7 36
13 89
11 58
19 40
24 77
25 52
18 38
14 63
12 26
5 89
30 27
6 25
14 45
26 94
9 73
1 50
9 28
24 52
4 69
1 51
18 92
4 73
9 89
22 63
13 12
17 46
1 94
18 31
19 42
6 33
9 44
19 93
11 21
5 34
29 13
9 56
28 97
17 99
1 38
4 90
0 9
25 95
11 85
1 39
11 16
14 44
10 51
24 96
21 81
4 35
3 67
1 6
7 32
19 34
18 15
11 78
19 11
22 82
7 34
15 46
15 30
3 88
11 99
11 66
22 70
24 98
12 60
29 87
18 99
21 46
24 30
15 12
23 40
6 4
8 84
27 82
26 61
12 17
28 64
27 39
6 46
1 86
23 10
9 41
29 32
22 97
21 93
13 85
12 61
0 12
6 2
5 58
26 92
2 69
8 82
6 54
6 98
27 65
6 8
28 10
26 18
9 25
13 38
15 6
26 62
13 62
6 26
28 62
29 87
8 45
13 62
20 26
11 18
9 39
8 50
13 56
28 11
6 46
9 47
13 11
21 58
17 13
23 50
1 82
29 81
14 97
23 19
3 73
28 79
25 60
18 99
27 32
11 18
13 89
23 69
19 2
17 8
25 45
21 59
23 91
24 59
6 45
22 75
14 54
12 58
14 30
23 60
26 26
21 57
22 73
26 69
29 86
28 27
18 64
30 56
8 56
22 54
3 4
9 75
2 34
11 3
0 57
30 13
4 94
7 75
8 98
3 64
24 69
2 24
30 33
22 44
27 40
10 47
1 10
0 78
23 65
28 27
26 73
15 20
23 85
28 93
1 92
26 72
29 31
21 2
16 43
14 31
5 91
13 22
29 67
28 27
0 64
18 41
6 66
8 99
18 59
17 7
22 92
14 46
21 97
12 28
18 64
