3200
1 56
21 3
9 88
12 13
16 91
20 62
0 93
27 47
30 67
27 70
9 22
0 9
26 48
9 36
5 75
23 82
21 78
19 60
6 42
1 89
26 49
5 56
14 67
10 72
10 1
27 16
9 92
30 59
22 28
3 57
18 12
6 8
19 7
13 12
19 18
2 17
26 15
14 10
28 18
19 30
14 20
8 42
17 22
5 89
15 46
9 27
14 99
1 92
27 20
20 38
5 61
6 38
23 10
2 18
12 5
6 58
21 60
0 71
5 50
20 76
14 70
5 65
3 83
27 56
29 100
16 40
23 48
27 23
7 72
4 44
12 61
7 33
1 13
28 81
11 74
13 45
29 39
3 60
26 23
16 16
14 91
16 73
30 18
30 41
16 25
8 44
17 50
5 40
21 59
24 51
23 78
14 6
5 93
12 32
6 2
6 26
0 43
25 3
13 5
10 39
16 74
1 75
6 52
11 80
1 81
17 44
1 47
23 50
18 48
0 12
21 45
30 61
28 25
22 11
11 38
27 25
29 10
11 83
11 20
0 11
17 35
16 29
18 59
19 15
9 2
17 43
15 25
9 93
0 38
13 22
10 60
9 55
11 63
22 23
16 8
14 10
9 80
8 93
4 100
16 83
19 2
12 86
13 63
14 50
27 83
22 32
14 73
18 58
0 12
19 26
5 63
26 77
17 66
24 17
24 37
11 7
2 39
3 43
28 40
8 29
20 49
19 94
3 44
20 32
10 48
13 57
14 26
5 96
9 12
12 79
16 84
26 92
1 76
9 41
23 11
6 82
19 81
9 17
3 99
18 43
12 66
20 9
11 47
11 45
1 31
21 33
25 21
22 40
23 50
29 23
9 100
24 77
3 70
16 97
20 27
28 40
24 98
20 39
19 42
18 45
30 74
2 46
17 4
20 18
0 2
21 97
0 62
2 24
7 84
28 2
8 58
26 3
4 90
21 56
2 77
18 84
18 7
25 49
16 98
28 77
22 70
0 74
14 89
27 86
19 85
18 64
8 74
25 38
0 6
4 66
9 22
19 10
11 72
19 1
23 38
9 75
15 19
20 76
13 65
0 43
17 51
9 92
20 24
30 20
21 50
16 38
6 12
4 60
6 14
21 34
1 7
5 30
23 63
27 11
4 72
6 86
21 69
9 57
9 8
21 51
28 93
14 5
11 21
30 30
21 25
30 64
24 6
1 66
3 97
12 97
10 6
2 12
19 43
24 67
19 60
21 100
3 77
12 10
15 53
9 53
29 24
11 56
29 31
1 72
10 14
6 97
22 90
0 54
4 98
17 62
26 42
7 61
11 8
15 26
9 77
24 89
23 67
9 38
17 55
27 80
23 44
17 8
3 14
3 96
16 23
21 50
21 17
0 42
15 74
1 31
26 2
23 39
15 11
4 52
28 65
29 46
18 26
28 37
15 7
8 14
1 11
18 89
10 61
9 71
13 15
17 57
28 53
19 35
19 94
9 82
16 23
2 79
2 62
6 34
30 49
20 79
11 97
5 9
19 97
17 77
24 45
1 58
6 31
9 93
6 50
7 66
20 13
6 9
28 68
11 29
12 22
10 79
25 39
29 45
17 69
0 53
27 94
9 54
14 7
28 54
9 96
16 23
7 39
19 43
10 95
24 36
6 64
28 32
21 16
3 54
26 15
0 67
25 10
23 50
29 47
14 8
9 45
7 60
4 62
0 35
13 17
9 48
29 19
2 35
30 48
3 55
14 48
27 59
30 27
18 78
14 62
22 51
3 88
27 28
24 2
29 85
22 68
22 8
8 2
30 31
