3200
18 11
30 28
27 97
10 71
19 76
19 26
22 3
12 40
5 76
8 12
11 46
30 91
14 33
6 33
1 19
25 7
7 73
26 78
24 72
17 5
10 25
22 12
15 52
3 91
19 93
0 80
22 9
8 46
5 44
28 93
16 29
17 14
3 52
21 34
22 75
24 74
25 3
13 87
14 28
13 88
19 21
27 7
23 28
16 74
5 61
11 21
20 53
30 15
24 68
23 74
17 62
10 1
25 60
26 53
12 55
26 98
25 57
20 72
7 45
7 81
19 45
7 34
2 14
26 43
10 10
20 99
17 19
21 84
29 7
11 22
30 29
2 72
3 47
24 62
28 15
24 93
16 42
17 23
28 87
27 86
14 8
19 22
22 60
30 94
3 65
21 7
1 8
28 17
16 84
6 55
19 37
2 94
10 3
19 56
3 48
28 80
1 29
27 63
17 5
7 79
2 51
10 30
19 60
1 90
11 23
10 27
1 79
26 50
24 15
4 34
8 81
15 90
26 37
30 86
30 44
20 45
8 53
5 5
9 44
16 45
18 29
21 96
11 48
6 34
22 77
11 94
21 97
6 43
17 33
12 54
0 53
13 22
5 3
16 53
16 47
18 12
11 3
11 3
17 34
17 77
30 81
10 33
17 18
24 50
21 48
29 86
0 35
9 78
22 61
9 30
20 92
25 76
10 17
28 96
11 1
14 32
7 51
7 96
1 4
20 40
17 94
26 32
18 41
22 53
10 75
19 73
14 43
5 84
20 51
8 91
23 56
26 16
12 4
3 56
6 89
19 98
13 25
11 73
11 34
25 42
11 81
23 93
1 100
25 79
0 80
13 51
21 36
27 80
7 31
0 63
26 55
28 57
22 33
30 62
27 31
23 16
3 53
4 66
17 95
21 12
27 5
1 76
24 80
16 7
1 58
3 18
21 45
19 75
27 97
28 38
11 76
5 80
30 30
23 31
29 17
16 96
3 67
27 18
14 31
30 98
21 40
10 64
12 95
14 81
25 14
10 37
6 99
9 37
25 47
7 38
22 88
3 46
18 53
4 12
23 5
5 23
10 35
26 45
10 23
0 75
18 7
28 32
13 80
18 82
15 56
8 80
0 9
19 100
14 87
18 97
26 86
0 51
8 79
5 13
11 35
25 99
20 28
19 4
9 73
8 46
17 89
1 54
26 20
22 61
13 70
28 18
7 72
27 46
22 59
21 69
13 86
28 96
27 10
24 72
20 48
15 23
25 21
1 57
25 88
27 81
2 42
6 82
27 54
7 64
5 63
8 72
28 78
17 21
15 36
11 71
13 83
10 75
29 52
1 5
10 25
11 87
21 66
1 6
9 12
24 35
12 79
17 26
3 12
15 21
3 89
18 26
22 94
22 73
29 76
0 97
8 29
3 69
4 62
29 83
14 97
22 50
21 94
28 36
13 48
20 43
24 77
19 68
30 35
7 57
22 91
7 27
15 97
7 43
4 47
7 89
19 54
8 40
12 17
2 87
21 59
14 6
19 81
6 32
8 11
12 83
14 74
9 69
19 22
9 26
14 5
10 54
24 100
17 87
28 2
1 34
1 47
21 54
26 97
18 9
15 57
29 61
11 63
1 31
0 94
22 45
4 69
29 21
9 5
23 35
4 11
26 47
26 5
15 22
29 71
25 72
8 75
5 46
5 27
26 23
12 12
16 33
15 86
9 7
25 88
11 11
3 87
7 91
12 18
2 92
25 85
26 19
22 37
2 89
8 63
8 78
8 90
17 35
0 83
5 93
27 97
24 79
22 82
19 18
15 92
16 42
