3200
3 37
21 67
12 87
27 2
25 69
24 5
2 99
24 53
5 11
16 97
5 82
10 50
7 100
3 25
23 39
2 79
19 71
20 43
19 69
9 70
21 33
19 73
19 90
16 54
28 36
20 72
13 24
29 50
9 97
14 72
28 38
12 99
7 33
11 56
7 95
28 81
29 34
0 97
13 70
20 66
24 64
6 63
26 40
9 100
12 53
7 67
10 53
24 31
23 85
19 51
14 42
19 34
16 48
21 92
26 20
8 75
24 96
21 56
12 25
20 13
7 24
16 81
2 85
6 80
0 94
22 77
2 33
3 68
14 41
18 18
25 34
22 24
1 72
6 15
1 63
11 54
3 48
26 25
28 21
16 17
3 37
15 96
28 78
9 92
29 25
12 81
15 68
8 65
21 37
24 55
6 10
7 7
4 98
2 39
13 95
16 44
17 72
18 21
30 92
6 15
16 62
19 37
26 71
6 46
23 30
12 76
7 83
30 51
20 85
28 78
18 25
21 88
11 49
27 70
14 66
23 60
6 33
8 31
22 79
12 43
24 23
7 78
24 49
15 92
0 25
6 5
16 1
28 67
2 53
19 6
30 37
2 65
11 4
8 25
16 62
29 64
3 97
24 84
25 57
22 27
1 84
12 92
30 18
13 98
12 49
8 18
30 10
0 38
25 59
26 55
25 61
2 6
29 6
15 34
17 27
7 2
1 87
28 9
25 16
17 73
29 8
1 89
14 27
15 38
8 33
0 23
24 89
4 72
4 92
6 58
17 44
13 35
7 3
0 96
21 87
0 27
3 47
9 2
20 96
8 40
12 91
6 64
16 2
20 87
18 28
29 73
30 21
27 82
13 24
12 99
18 4
7 92
5 42
0 55
29 89
2 55
28 98
19 49
26 24
25 75
0 97
21 22
16 36
29 78
16 56
30 65
11 62
17 57
29 62
28 76
1 41
0 83
20 40
14 16
2 29
16 98
9 37
12 83
27 97
6 97
28 49
25 5
30 14
8 100
0 70
20 2
29 58
30 52
8 85
19 39
6 28
10 52
30 48
2 86
12 91
20 40
20 84
8 81
16 78
21 99
8 88
18 83
5 36
21 83
0 91
18 42
27 19
26 82
4 50
4 74
29 45
26 48
19 60
25 88
17 3
14 64
12 85
14 61
14 6
5 39
3 71
1 7
12 72
11 91
21 50
8 7
29 74
15 44
21 52
17 77
3 16
11 92
30 11
14 18
29 76
28 22
15 13
7 30
20 24
10 51
20 5
3 40
3 9
8 47
16 94
18 3
13 84
29 82
6 93
4 99
5 51
13 79
20 68
2 8
28 8
13 64
30 68
3 45
24 22
28 43
25 40
17 87
29 34
26 2
6 6
8 89
11 77
29 64
6 83
17 79
25 98
29 83
22 32
1 90
6 4
17 3
0 52
11 59
17 32
2 97
2 44
5 76
1 100
13 4
28 94
19 29
20 30
27 70
30 30
17 5
13 77
18 33
22 29
24 35
16 3
14 52
13 42
1 67
3 14
30 52
6 41
17 15
25 72
22 26
23 67
10 82
18 47
5 27
22 41
14 59
30 36
30 64
20 2
8 27
20 94
17 41
3 23
28 68
15 22
7 76
28 85
25 3
21 93
28 57
19 35
26 61
19 15
3 96
11 6
21 85
20 4
20 53
22 99
29 67
19 83
15 73
16 20
12 45
3 19
30 100
27 5
28 68
16 8
19 25
24 59
6 10
27 22
8 99
8 57
14 83
21 5
4 21
28 60
22 55
12 37
7 12
4 95
19 20
5 80
18 6
