3200
4 43
19 3
5 84
29 30
30 88
12 41
16 24
6 36
1 83
3 51
21 53
20 84
13 31
4 33
23 83
22 34
6 85
6 22
20 98
12 10
2 99
27 10
21 53
6 29
24 98
23 64
25 39
14 37
10 43
24 34
19 55
23 43
10 58
29 10
30 49
3 12
30 62
15 31
21 36
22 54
17 8
24 27
11 16
18 75
30 28
15 5
18 38
21 18
7 65
26 73
8 29
29 65
4 55
2 61
7 11
0 93
8 46
27 45
29 78
19 81
16 43
29 63
26 82
26 89
22 95
1 14
22 95
16 17
27 59
13 4
20 33
16 8
19 87
12 27
4 96
17 71
17 8
16 29
26 66
24 33
28 86
18 93
23 28
6 2
11 91
24 45
5 28
8 73
18 1
29 60
19 22
16 27
29 28
11 2
18 73
15 73
8 41
20 5
28 52
30 40
15 48
13 8
21 62
0 100
22 33
12 91
23 58
30 33
18 44
22 96
3 14
2 95
15 41
17 54
29 37
27 81
12 50
28 20
30 15
5 44
7 14
12 77
14 68
2 61
19 57
13 19
7 25
19 55
30 54
9 33
13 88
28 50
26 45
23 72
24 55
9 56
23 23
12 66
15 34
19 36
29 35
0 9
17 60
2 48
12 100
25 6
26 6
6 8
13 32
7 55
7 23
3 3
8 81
11 23
27 90
8 86
6 47
9 43
6 73
2 24
24 55
5 64
6 70
14 60
19 41
19 32
12 5
28 92
16 8
26 97
22 45
6 46
7 96
1 74
7 83
11 56
0 12
5 74
23 75
30 13
21 57
30 23
25 18
25 38
6 21
10 96
20 6
6 64
17 23
29 59
14 43
6 30
8 5
1 62
17 34
20 34
26 6
30 30
20 81
9 89
23 32
3 83
9 84
22 23
19 92
5 56
24 19
10 59
9 16
25 2
2 94
6 97
23 15
22 50
3 52
6 58
3 25
23 92
18 62
4 25
11 25
2 51
7 62
11 62
3 28
25 77
4 69
26 70
16 25
12 26
23 11
21 39
6 74
15 7
7 18
18 76
29 65
2 15
18 22
16 94
15 13
23 99
13 93
18 5
0 97
27 69
8 88
8 51
10 90
27 21
25 74
15 45
14 84
17 72
24 59
4 15
30 16
23 32
12 34
20 92
26 62
22 30
22 33
9 14
0 98
2 6
29 95
7 30
20 5
2 83
6 46
26 6
4 39
16 22
25 45
5 28
11 6
11 8
29 85
13 24
30 83
19 23
20 61
1 1
25 67
29 28
19 25
18 61
26 64
0 75
27 80
9 63
29 42
14 12
12 35
21 42
3 91
21 61
26 52
22 53
14 56
30 73
28 8
9 6
11 14
26 22
6 70
0 12
19 67
15 58
6 98
30 77
12 28
2 43
17 20
0 86
21 73
3 14
14 100
22 35
20 10
28 99
13 44
8 66
28 81
2 79
29 39
9 83
20 66
4 30
8 18
25 73
28 47
3 18
30 53
10 39
11 17
27 77
30 36
30 16
4 63
8 15
2 79
20 49
18 89
26 24
4 84
14 42
3 75
27 42
13 74
22 85
29 59
18 50
10 83
28 55
5 62
0 21
21 73
19 16
17 40
28 26
1 75
12 97
24 60
18 94
13 76
11 98
30 36
30 23
11 34
13 19
21 39
26 18
11 66
13 77
26 85
4 79
22 18
19 76
22 83
4 95
22 47
14 69
3 56
27 17
27 37
9 44
0 84
4 17
17 41
16 12
15 27
10 64
21 41
28 66
15 32
5 96
21 3
24 11
