3200
15 99
1 12
2 64
14 43
8 31
2 59
5 23
0 23
6 53
30 14
11 16
8 82
30 81
14 76
20 36
30 92
12 98
30 33
13 2
19 5
25 71
8 84
16 35
15 27
15 68
26 52
21 78
29 60
15 67
29 24
4 13
11 35
3 29
28 99
30 45
14 81
6 35
22 36
30 67
0 30
27 3
6 94
14 43
12 81
26 4
6 50
1 74
18 90
8 2
28 30
22 100
29 26
3 72
0 59
1 3
7 32
5 97
26 34
19 83
12 5
8 86
1 100
26 80
25 30
5 83
6 15
30 97
12 8
18 31
4 31
18 26
4 52
8 16
4 34
27 30
3 53
1 85
12 23
16 16
24 43
30 63
22 87
5 10
22 80
18 71
6 6
17 71
24 81
19 29
24 74
25 73
15 67
28 87
26 86
15 78
24 16
0 18
26 34
10 30
27 76
6 3
26 4
23 91
7 54
16 88
17 73
3 64
10 52
3 12
11 34
8 38
18 81
5 49
7 30
29 53
1 1
19 66
20 29
26 37
11 79
6 80
3 56
20 69
25 71
28 47
29 54
24 89
26 50
17 17
5 38
18 93
24 21
26 98
20 61
11 54
1 16
11 4
1 35
13 36
22 13
19 92
6 24
20 50
26 31
15 16
19 46
15 77
7 52
27 97
2 46
5 87
7 73
12 23
22 25
2 94
14 20
26 28
15 75
10 50
2 29
24 63
6 34
27 69
5 28
5 66
14 5
11 30
3 82
29 47
1 7
18 88
10 30
16 55
7 60
22 51
16 95
28 94
11 46
18 14
22 93
11 87
29 13
0 93
17 74
29 33
15 89
13 50
10 15
20 54
3 42
19 80
18 92
30 96
4 28
4 68
26 58
25 97
20 10
19 21
28 44
13 42
2 76
14 71
14 95
0 79
28 16
8 4
24 3
8 69
11 59
9 15
26 37
13 5
13 26
16 69
7 22
3 26
21 32
26 34
21 41
18 27
18 21
28 32
12 47
5 71
5 83
2 49
0 11
6 32
11 2
15 6
13 45
4 88
2 60
5 40
0 95
1 3
13 11
27 91
10 42
9 44
25 51
2 27
30 53
22 17
16 30
17 25
0 20
27 38
21 100
26 100
23 41
19 59
24 74
2 88
14 7
20 30
4 15
1 57
1 79
7 51
5 26
18 73
21 79
4 20
19 8
30 63
8 15
27 43
23 15
15 77
30 5
13 34
6 56
24 41
27 1
10 17
16 6
10 62
16 26
23 39
27 58
12 73
19 60
22 25
16 54
22 34
17 81
15 53
5 43
3 66
17 73
13 21
25 90
29 89
19 3
17 39
3 46
15 88
20 19
1 3
7 93
28 15
10 73
17 20
23 32
3 22
29 47
23 8
20 23
29 20
29 77
21 54
19 20
19 16
8 41
25 24
17 26
2 38
21 67
24 80
20 31
22 75
19 98
4 59
20 12
6 17
18 14
6 70
18 93
13 95
20 52
5 62
11 40
25 37
29 51
1 62
8 80
16 9
18 63
30 16
12 19
4 42
14 87
30 71
2 3
15 4
13 12
30 50
28 76
25 87
2 40
29 65
22 75
5 32
13 38
16 64
6 42
29 2
15 20
28 15
16 94
17 79
6 61
12 98
24 91
15 5
20 35
23 91
15 53
25 56
7 97
19 6
13 33
5 8
12 32
19 59
19 60
0 30
7 97
27 74
20 44
14 22
11 7
17 97
11 94
14 14
12 14
2 60
11 19
0 87
6 64
19 31
2 57
26 92
8 3
15 46
4 87
20 70
20 79
