3200
6 20
29 27
22 58
27 13
8 39
11 71
11 44
6 28
10 20
22 24
1 48
10 52
18 53
22 50
27 13
8 43
3 22
5 76
25 1
4 29
4 91
13 48
23 51
26 55
29 76
17 26
30 43
6 87
16 15
23 13
6 31
2 13
7 22
19 79
15 5
14 75
10 58
24 80
28 20
4 52
24 79
1 77
20 71
9 53
2 56
1 75
9 50
10 3
26 51
12 5
27 78
21 94
14 61
1 80
0 27
18 66
29 52
8 50
11 55
4 60
26 61
13 95
21 42
21 92
23 91
24 65
14 75
9 60
20 44
18 3
27 83
7 20
27 27
21 100
17 79
20 14
3 36
29 47
7 15
14 44
30 84
6 32
7 56
30 11
29 63
22 65
26 1
4 93
1 22
10 50
16 34
29 59
11 100
24 99
16 6
7 40
15 3
27 29
24 46
14 33
15 52
19 83
19 50
24 70
23 49
13 49
8 98
25 33
17 63
24 3
5 2
4 1
24 90
5 44
13 4
13 51
25 17
7 49
3 95
18 53
28 63
23 6
23 82
7 58
0 3
18 86
26 87
2 19
18 15
22 9
15 72
16 20
22 58
6 17
3 23
12 46
4 51
28 87
14 8
11 24
27 71
13 68
22 92
4 64
12 24
14 94
30 36
21 41
0 91
8 36
17 85
30 88
4 81
1 62
2 52
8 54
19 69
21 14
8 26
0 37
24 72
12 25
10 23
2 100
9 33
17 65
16 51
8 8
27 23
24 1
7 45
24 17
18 40
23 81
23 92
20 78
14 17
23 67
3 5
20 68
9 74
11 24
13 9
19 29
17 44
16 3
2 66
10 31
3 71
28 81
24 27
24 19
19 23
4 7
28 35
20 24
8 28
9 6
6 70
11 83
23 60
22 6
11 9
6 3
20 57
14 12
20 66
25 44
24 5
14 41
30 26
10 58
26 29
4 53
13 89
7 15
17 90
14 31
1 38
16 34
29 61
15 1
5 89
2 94
8 92
20 91
16 89
19 96
1 86
4 36
28 92
11 23
23 37
2 67
17 23
20 21
7 3
15 4
25 71
12 84
26 42
7 93
22 31
22 53
7 2
3 41
15 47
9 17
28 47
24 22
29 62
21 11
6 75
1 1
16 69
19 91
27 40
25 96
15 74
23 79
22 50
2 56
25 52
16 84
22 92
27 50
25 40
10 46
20 68
9 54
10 79
0 65
4 49
0 66
15 62
25 29
9 91
6 17
26 28
22 69
12 36
0 49
15 38
12 53
20 45
27 44
26 78
25 21
25 39
14 56
5 99
30 27
16 31
17 96
19 68
26 53
4 92
6 98
12 66
7 100
29 80
12 49
15 40
3 69
23 22
29 71
2 44
9 75
5 61
0 32
23 65
2 89
6 15
17 39
22 33
1 98
3 40
28 30
11 55
20 83
8 77
10 73
23 67
11 86
11 64
21 41
13 48
21 6
25 72
1 31
30 16
3 81
18 93
3 86
25 72
14 64
11 58
30 74
16 1
11 31
10 58
28 18
19 31
11 94
18 48
16 38
18 52
16 86
17 84
3 63
8 67
12 33
12 90
4 26
9 15
26 33
27 86
8 27
14 27
19 64
2 76
23 44
7 60
23 83
19 35
8 13
2 93
27 90
20 90
14 98
11 67
25 65
30 18
11 40
17 20
29 79
22 72
26 65
5 39
6 12
4 89
3 62
15 71
29 46
11 42
28 78
14 43
19 18
19 100
27 44
5 93
23 18
30 83
9 75
14 89
4 29
3 97
13 61
12 97
3 60
