3200
3 35
2 87
3 8
23 24
24 59
17 9
5 78
24 4
23 37
26 56
24 18
2 94
23 84
16 66
11 5
26 20
0 29
4 70
16 75
20 50
12 42
0 8
14 55
17 10
11 21
30 77
13 63
9 23
29 52
17 11
19 66
8 94
27 22
19 62
11 79
23 99
18 13
22 9
10 70
9 99
28 9
26 97
11 49
9 16
9 74
2 28
6 47
24 62
9 84
26 12
7 83
6 87
18 58
11 97
6 30
29 88
8 66
11 40
22 91
12 51
1 11
23 45
7 56
1 9
7 100
0 25
3 70
24 82
8 3
29 22
24 36
13 32
3 14
10 84
19 69
26 55
10 82
23 21
23 43
26 91
8 4
14 72
20 5
19 60
25 32
3 69
2 38
25 94
21 55
15 8
25 65
15 44
30 26
18 9
1 42
12 80
14 33
4 38
8 99
7 64
15 47
28 3
2 61
20 14
29 70
26 83
28 96
11 71
8 84
13 25
1 38
21 96
3 46
19 58
20 77
30 58
8 16
18 89
12 72
25 96
10 64
29 97
30 25
18 82
9 13
17 38
26 70
12 13
29 13
7 53
5 30
17 81
15 97
9 28
0 29
13 67
18 56
29 25
30 84
6 67
24 26
17 70
25 19
4 17
30 1
21 79
17 98
25 45
17 66
30 30
27 40
13 59
13 69
17 2
4 11
22 21
21 40
4 46
12 22
21 4
29 44
10 52
8 9
6 9
12 71
9 17
24 45
13 65
3 76
16 37
26 66
22 33
18 45
9 73
25 2
0 64
29 76
8 35
29 83
25 31
22 79
14 86
26 7
30 75
27 76
2 13
19 55
22 73
5 16
27 24
3 69
3 97
4 84
2 87
11 24
12 92
8 50
16 88
23 89
19 98
17 12
17 56
26 13
11 68
0 95
22 98
30 93
24 53
21 82
6 88
22 24
4 82
17 60
9 26
12 77
1 98
12 48
26 16
2 34
2 30
26 72
25 18
4 84
24 65
13 20
22 56
26 46
22 43
13 40
2 8
25 93
20 90
29 38
24 79
3 21
22 94
26 16
16 26
4 59
9 2
12 62
11 55
28 40
23 78
19 41
22 18
29 68
12 51
4 29
9 73
17 88
1 53
18 88
19 44
25 74
2 38
17 12
27 41
7 76
5 32
18 58
14 1
1 93
30 27
10 31
16 34
15 91
26 90
0 78
12 16
16 72
1 81
25 42
5 24
0 75
10 87
9 96
6 54
6 46
7 49
8 48
0 62
27 82
24 4
7 44
23 53
28 54
16 81
23 29
12 13
19 87
16 64
18 93
18 96
6 100
17 67
27 10
2 98
28 36
30 30
26 49
29 90
3 51
7 64
2 73
0 55
25 28
25 81
7 93
25 70
15 64
16 9
2 83
22 86
28 63
7 63
27 65
0 68
9 60
23 9
16 69
15 22
30 68
22 54
1 71
19 21
28 65
21 90
21 4
7 100
25 84
4 25
0 91
7 98
16 74
10 38
6 46
11 39
3 49
19 31
18 93
1 4
13 2
25 10
25 13
13 49
17 3
21 96
17 20
20 90
15 70
8 24
25 37
20 94
13 34
13 55
26 10
27 22
29 89
18 27
28 41
4 15
26 51
24 30
26 86
9 73
6 94
22 72
2 39
19 8
16 76
15 16
18 74
26 100
27 91
11 68
26 15
16 29
0 63
5 88
28 66
16 2
20 2
30 36
16 40
6 99
11 32
26 66
14 42
5 45
7 1
10 93
13 73
20 2
19 38
20 52
0 68
17 50
18 6
6 16
