3200
20 75
13 51
13 63
25 71
9 39
14 21
22 34
12 58
27 25
9 30
19 42
17 4
16 29
30 63
20 13
9 44
9 20
20 40
11 83
25 32
22 27
10 10
0 32
15 70
30 84
5 96
7 29
0 86
15 93
5 8
2 31
4 31
5 38
2 33
14 56
30 26
22 20
7 18
30 89
14 25
11 30
16 9
2 30
18 55
14 52
9 28
21 80
12 96
2 51
9 48
5 11
0 95
29 57
28 63
16 31
17 33
6 39
1 69
22 63
20 100
6 9
18 61
16 34
27 75
23 76
22 11
2 37
9 43
23 33
22 72
6 33
8 30
9 10
0 71
27 28
22 100
12 5
14 80
2 91
21 57
24 69
26 72
21 50
28 25
26 52
0 16
2 2
18 83
11 42
10 82
22 52
13 38
12 11
13 10
6 69
20 25
27 73
3 74
22 56
4 51
10 62
15 49
29 34
10 34
19 85
4 65
28 27
7 95
10 100
28 26
22 56
5 5
10 39
7 65
27 84
10 10
8 96
0 96
13 79
29 35
9 60
23 88
10 31
12 64
19 84
27 45
10 45
24 53
14 25
16 28
8 75
12 53
3 29
1 61
30 40
8 69
16 13
27 14
6 31
11 13
21 82
16 64
19 83
8 17
20 90
3 8
10 42
30 1
12 28
28 15
3 73
17 55
0 18
28 37
23 37
1 86
22 15
25 97
0 23
25 77
19 9
10 81
18 38
10 92
1 5
8 2
14 42
3 22
17 2
0 31
5 26
14 12
29 20
22 60
1 30
22 41
26 77
21 5
9 12
22 39
20 82
18 35
14 94
0 8
0 97
11 6
12 98
18 44
28 13
21 100
16 52
26 44
12 51
4 54
5 36
19 82
24 71
13 36
2 91
7 21
19 50
18 94
13 31
13 27
6 97
24 94
5 96
17 68
23 84
24 43
15 28
23 50
2 78
8 18
9 71
27 78
26 12
15 39
29 14
30 58
8 59
28 70
23 67
14 69
14 32
6 18
17 55
29 70
12 1
2 11
18 15
29 15
7 96
0 30
14 39
22 13
16 75
13 85
18 33
0 40
28 41
14 24
1 69
3 38
16 24
14 26
28 46
28 24
29 27
28 19
16 28
12 54
13 6
3 94
0 42
0 71
12 97
3 34
25 43
27 73
21 84
24 48
30 13
12 94
14 92
6 4
6 74
29 43
19 97
8 17
7 76
26 42
10 61
23 37
20 5
17 54
24 13
6 1
10 7
22 56
24 17
14 89
6 81
28 27
13 55
15 74
13 49
24 51
29 37
25 70
26 15
1 43
29 43
21 86
27 35
0 6
11 15
20 12
16 92
13 54
5 90
23 81
2 36
3 81
9 66
9 28
1 81
7 70
23 76
2 68
22 39
9 80
13 23
4 21
9 78
1 74
0 57
0 72
6 95
9 9
8 61
29 79
30 3
11 5
0 79
16 17
22 32
9 18
16 51
29 57
12 61
13 19
5 28
2 37
7 14
21 44
19 85
17 18
4 77
9 13
26 86
9 21
4 10
26 88
11 44
5 21
18 54
1 71
15 65
9 2
26 6
16 48
22 79
17 14
27 24
24 77
3 82
0 24
3 19
8 84
14 33
2 81
4 90
23 15
16 89
19 92
1 2
30 41
14 27
15 6
13 19
28 3
18 100
24 45
22 88
26 27
21 80
4 49
8 49
21 17
12 27
17 29
25 10
13 3
2 67
29 82
6 50
3 75
16 41
12 37
29 2
4 11
30 24
14 45
20 76
0 84
29 2
15 10
0 88
2 11
