3200
3 34
28 81
5 42
13 85
23 2
17 36
12 80
6 27
26 5
3 32
18 90
14 43
25 19
8 98
5 26
27 63
17 25
28 27
13 96
3 48
19 52
26 75
6 9
18 80
27 62
8 34
11 61
13 90
8 39
3 55
11 69
9 1
24 69
16 50
25 68
5 42
7 49
25 2
12 25
11 48
0 65
20 89
28 71
25 86
10 72
26 67
6 82
13 41
17 20
14 90
20 40
5 57
8 43
12 49
10 44
1 79
17 62
15 70
28 76
18 26
8 74
23 66
6 39
25 6
4 97
8 46
7 93
21 50
27 88
16 61
21 48
0 72
4 1
22 19
21 72
16 34
28 86
0 59
0 87
21 14
3 15
15 92
29 57
29 71
12 35
27 92
3 45
14 91
22 31
19 14
1 5
4 86
9 18
6 36
12 69
26 53
27 7
14 54
27 13
16 89
23 31
29 66
30 74
15 23
25 52
29 89
24 67
28 43
4 41
8 31
6 75
18 13
6 78
29 23
21 9
1 21
11 79
16 42
4 44
22 6
24 63
14 79
3 28
6 12
1 99
13 80
14 37
9 29
9 70
25 4
17 63
10 100
22 14
25 57
10 1
2 50
12 6
16 47
30 68
23 59
16 50
3 100
20 69
30 64
19 4
3 30
14 78
24 88
1 5
27 35
23 10
28 66
19 55
26 75
16 38
22 19
25 22
23 12
19 14
24 97
0 95
23 24
11 21
29 11
18 68
24 82
24 92
28 58
16 96
14 8
27 34
26 42
17 65
15 75
10 81
25 75
1 31
23 58
7 18
23 58
9 71
9 47
0 1
16 59
0 26
26 28
27 94
26 16
20 59
14 25
6 59
23 85
23 73
9 100
21 99
6 74
19 55
25 54
21 40
12 77
29 53
26 63
27 49
17 44
26 6
19 90
20 93
22 27
12 81
26 21
24 58
17 70
6 2
9 98
12 99
24 64
11 75
12 72
13 82
9 51
6 80
27 30
25 78
8 22
18 15
18 49
5 7
7 47
29 47
30 99
0 99
9 79
28 86
14 28
9 75
10 54
26 35
9 81
21 53
10 14
15 25
27 91
3 82
4 87
3 40
18 40
18 94
21 86
15 27
6 49
7 50
26 50
18 87
13 72
19 37
17 75
11 85
25 47
27 27
16 43
10 61
25 61
17 31
14 28
14 41
15 37
17 10
19 54
3 63
10 80
5 12
25 55
27 69
21 7
12 51
13 65
10 53
23 22
16 26
12 89
17 61
23 64
27 90
17 28
19 71
20 52
24 5
11 10
26 75
2 6
30 48
6 20
24 5
26 99
2 18
2 7
24 2
9 51
2 42
13 8
18 31
26 38
15 16
3 58
1 78
23 9
2 14
23 28
22 58
7 15
16 5
18 99
15 48
25 79
9 90
21 72
1 87
4 76
10 6
19 80
18 92
20 3
8 7
7 91
17 88
3 26
5 68
25 7
20 92
0 23
16 56
12 27
29 100
14 40
15 28
3 51
23 48
23 14
8 90
10 95
11 33
7 80
8 100
26 7
3 54
12 58
10 90
29 9
23 35
23 82
16 64
8 44
8 85
13 24
30 17
7 64
14 30
23 67
2 94
3 40
0 33
14 6
20 51
28 74
11 26
19 84
25 100
20 88
16 36
18 61
8 77
10 44
21 4
1 62
4 47
10 87
22 79
10 18
21 43
23 3
17 36
0 78
17 27
22 43
12 90
20 41
28 66
11 18
0 37
1 65
0 30
21 83
9 53
30 15
0 72
17 35
20 70
17 43
25 48
0 72
