3200
0 85
14 91
25 67
16 81
26 56
27 45
9 2
20 65
21 26
25 25
25 87
18 31
26 73
28 81
4 76
21 64
0 87
10 35
5 64
29 68
4 1
17 35
20 48
26 37
17 38
9 8
23 9
8 49
27 74
1 2
21 43
0 20
6 60
23 91
17 20
5 71
10 62
5 20
30 100
15 39
27 9
1 50
20 47
14 28
19 50
30 40
17 43
4 58
12 86
7 22
14 70
30 1
1 32
13 85
22 59
6 59
22 51
15 2
10 4
30 19
21 88
2 67
24 7
29 70
6 24
21 39
3 69
26 68
29 59
10 42
13 65
12 42
16 21
24 33
18 81
10 99
23 78
5 60
21 40
17 91
4 81
15 97
25 82
15 89
24 16
27 1
5 35
9 45
0 71
21 36
28 65
3 65
10 33
17 91
3 58
16 59
26 29
30 50
26 17
16 47
1 88
23 91
6 73
13 36
30 66
8 13
23 54
10 26
17 78
20 6
9 7
24 14
28 7
5 61
18 13
20 5
11 48
10 55
23 84
14 37
28 3
29 35
12 40
12 40
22 42
3 13
4 16
7 3
19 55
1 66
22 92
23 71
6 73
27 77
3 37
2 39
0 60
18 18
23 9
13 59
1 28
5 41
3 57
10 67
1 76
8 98
16 78
5 66
17 62
26 38
11 8
28 48
19 19
13 19
3 74
13 64
2 13
29 43
29 64
27 61
20 17
17 56
25 56
22 38
5 22
6 77
30 2
9 76
27 1
8 48
13 15
23 27
5 2
20 32
29 88
12 94
21 46
27 98
1 11
26 49
17 3
29 36
7 6
3 98
25 10
20 24
3 24
0 67
21 81
23 55
20 100
22 94
28 19
21 80
26 19
18 99
5 80
17 91
21 71
24 25
5 69
11 9
16 20
4 65
16 95
10 68
12 77
28 100
4 46
7 40
14 67
21 8
15 21
26 81
1 16
18 21
22 53
21 32
19 29
15 58
30 100
6 7
20 95
9 30
17 15
13 65
21 65
0 23
1 96
24 88
8 98
23 56
28 99
4 12
21 1
15 33
26 64
30 24
1 5
16 6
17 70
26 57
13 100
7 62
19 25
12 54
17 57
0 72
22 37
22 53
6 9
4 54
27 16
4 44
4 84
3 86
6 77
23 76
3 64
3 14
12 68
0 64
17 3
13 21
6 7
6 58
20 45
20 22
23 58
17 56
12 86
8 65
3 89
29 17
15 78
18 30
13 58
16 55
16 28
19 89
18 80
7 24
0 72
4 2
16 21
27 38
6 91
17 78
5 3
4 60
20 84
24 27
8 45
23 56
23 53
10 74
27 77
0 41
6 15
10 7
11 21
16 39
26 29
16 18
4 66
3 19
9 25
2 45
8 60
25 71
6 83
13 22
13 99
24 63
30 38
22 10
8 89
29 40
22 44
26 61
1 37
21 71
10 40
2 21
30 14
20 43
14 49
18 66
0 22
30 63
24 54
13 37
24 29
9 78
19 96
15 32
26 62
26 49
28 7
11 95
13 30
11 31
7 16
25 44
19 37
11 17
17 11
19 80
14 52
25 15
4 77
28 64
20 26
23 89
15 68
15 53
2 90
17 55
29 27
20 94
4 33
2 24
9 48
5 43
26 69
29 52
0 68
1 16
14 95
7 29
28 3
15 86
13 2
13 64
25 100
0 54
2 42
5 75
19 4
26 82
12 22
15 88
28 68
26 72
25 43
28 35
1 39
30 60
0 42
7 12
25 35
21 4
22 44
11 5
0 93
21 82
18 17
20 76
0 92
7 9
