3200
28 70
20 92
25 60
28 16
27 93
20 73
5 3
15 71
18 37
9 79
10 97
6 61
22 92
8 55
11 87
26 68
7 84
20 62
5 56
0 4
23 80
24 39
18 62
9 97
27 5
16 100
9 15
4 43
15 64
9 48
1 54
8 71
28 13
29 27
3 70
13 15
20 96
3 38
12 49
13 66
0 76
11 22
5 45
11 53
17 11
28 35
15 67
30 57
29 80
8 86
27 8
28 50
7 92
21 76
5 32
16 97
0 49
21 51
21 29
24 31
16 64
29 48
30 32
9 67
17 54
5 66
27 79
20 18
11 61
15 58
4 58
25 84
13 36
15 32
16 35
27 31
26 24
22 50
10 85
21 32
9 43
0 26
27 60
13 48
26 98
5 13
7 14
16 43
3 52
5 91
27 52
22 26
7 20
19 17
4 21
20 86
22 6
0 4
22 5
18 16
7 44
3 83
17 1
17 18
20 82
4 35
3 72
28 58
29 90
16 74
8 92
21 14
30 34
17 49
18 46
6 56
5 24
2 70
3 94
30 97
25 6
10 75
8 24
8 52
8 16
17 50
6 83
10 36
27 35
19 67
13 15
2 56
20 41
16 19
22 95
5 74
7 34
29 51
9 16
1 66
30 2
3 2
27 35
28 65
13 60
23 68
28 1
24 27
22 34
5 91
4 27
5 4
21 53
8 81
30 48
14 22
26 86
12 27
26 25
28 5
2 92
22 95
21 60
13 8
4 30
24 18
30 36
2 76
11 50
28 100
11 69
24 92
30 15
26 89
8 6
17 95
13 31
10 54
15 51
10 55
3 71
13 65
29 14
18 24
9 69
3 16
13 12
30 63
9 79
17 94
24 3
22 100
30 71
19 95
11 70
15 37
17 16
26 66
15 43
21 98
5 61
9 35
6 31
28 55
30 44
15 28
15 63
11 81
16 89
9 14
4 5
27 27
5 95
28 9
1 80
2 55
15 83
17 90
21 42
29 84
14 33
0 82
5 54
30 65
15 32
30 44
21 33
22 75
0 9
8 7
11 84
22 20
10 32
2 84
29 76
1 64
15 35
26 57
4 51
15 87
18 63
2 43
1 68
11 40
23 44
2 11
19 14
24 11
28 95
15 51
8 28
22 52
7 32
26 73
0 49
27 46
10 100
11 74
26 44
25 1
19 30
23 15
1 44
4 37
6 21
14 43
12 94
29 21
13 1
0 46
29 67
28 32
18 89
25 58
27 91
21 41
29 43
11 90
17 20
1 23
20 51
24 19
22 65
18 7
25 21
16 58
18 85
24 9
24 23
1 49
18 98
24 91
13 91
9 16
9 69
24 82
15 31
3 17
3 37
6 68
13 32
21 38
23 78
2 33
23 11
6 39
26 83
8 77
4 6
25 73
1 70
13 99
29 53
13 97
13 44
29 24
19 70
13 38
5 70
18 67
29 97
29 10
8 57
26 34
23 70
14 2
1 54
14 81
29 67
22 6
24 68
20 71
3 27
14 63
8 67
11 5
9 25
27 90
20 65
1 64
1 86
11 16
17 17
16 75
13 99
11 6
21 36
29 34
21 35
14 10
15 91
14 52
16 40
14 93
29 2
25 14
25 22
11 68
4 60
3 74
2 66
7 61
23 47
9 20
8 92
24 41
16 97
11 20
3 23
2 40
9 41
1 45
3 36
17 14
1 95
19 63
28 53
16 4
26 71
25 35
17 14
13 43
20 60
16 14
3 95
17 40
4 7
12 15
18 99
24 7
5 99
21 8
2 31
13 91
14 56
22 8
5 74
19 98
27 79
10 81
