3200
27 42
0 11
14 45
19 47
30 29
28 81
12 88
12 95
25 99
7 59
21 58
29 94
21 28
1 29
0 30
8 30
20 55
5 43
6 19
23 83
7 72
14 45
6 95
16 21
12 89
22 63
24 18
10 67
0 74
8 84
2 7
11 86
0 2
10 68
16 9
16 52
17 78
26 99
21 76
27 21
26 34
0 22
24 4
15 44
14 26
19 16
18 33
28 63
27 80
12 49
15 15
8 73
19 1
19 17
23 42
16 93
25 71
11 15
20 26
19 79
11 32
3 88
19 10
17 51
8 74
9 75
12 45
29 70
3 37
26 32
0 58
3 73
27 21
9 82
1 77
19 98
6 88
13 60
16 87
6 88
29 84
9 26
12 25
8 57
26 35
30 33
9 73
17 2
10 90
28 24
14 68
8 54
8 47
9 6
30 86
23 36
28 33
30 80
6 22
25 84
20 16
4 65
26 56
13 54
23 66
9 36
9 93
12 59
6 1
7 43
1 71
22 63
8 37
14 59
22 4
28 92
7 52
5 77
14 24
21 50
17 56
21 1
12 79
15 97
26 81
10 2
29 2
26 10
10 61
26 97
2 98
17 63
13 52
25 34
22 50
17 31
24 4
15 77
12 3
23 1
0 70
15 56
21 53
8 81
4 95
25 88
8 15
7 74
15 66
0 15
11 75
28 19
14 63
21 35
26 9
27 45
25 73
18 95
11 61
27 86
30 35
26 68
29 42
13 89
27 95
8 87
7 4
11 73
19 33
14 32
24 68
25 96
23 43
11 5
4 79
0 65
3 19
29 14
27 87
17 11
16 76
8 4
29 72
10 71
13 81
3 63
23 95
20 20
25 26
25 10
18 70
22 5
3 48
13 54
28 8
8 1
6 28
29 56
0 33
25 74
16 22
9 70
17 32
24 59
20 99
20 9
18 53
30 14
25 46
28 21
14 34
19 55
29 58
16 34
13 90
10 58
10 21
24 6
13 73
28 59
7 29
11 78
19 30
12 72
25 98
21 93
8 66
5 100
4 10
13 54
19 88
11 22
30 60
23 44
8 58
18 81
2 10
30 60
3 39
9 71
17 58
30 10
27 65
24 45
26 9
21 50
28 100
26 34
22 11
1 57
4 70
7 23
27 60
4 66
24 66
1 80
15 18
30 34
24 21
26 11
29 38
2 8
18 7
22 37
12 29
22 43
21 14
17 11
0 60
29 44
12 100
18 2
0 16
29 78
30 18
20 6
28 21
11 4
28 1
1 10
7 30
30 48
18 61
9 97
14 41
30 45
11 31
2 92
20 71
10 73
14 44
28 79
7 81
4 90
3 6
11 43
25 80
14 38
2 2
2 75
20 99
24 43
0 16
12 75
8 12
20 90
7 88
21 8
10 4
8 29
16 17
18 81
27 31
23 21
13 33
0 69
15 6
28 74
7 27
29 38
17 55
13 98
23 47
7 33
23 80
3 37
18 54
2 85
30 28
3 28
23 57
16 53
8 51
14 1
11 46
4 46
5 8
5 2
15 18
20 72
22 13
22 97
7 8
7 47
18 28
14 54
8 15
16 97
29 83
11 13
14 85
3 61
8 5
14 47
22 1
26 11
3 89
15 57
4 41
16 64
3 42
6 3
3 89
30 36
22 4
6 68
26 78
19 3
21 28
3 56
2 31
18 10
11 83
3 6
29 24
10 88
4 46
17 84
29 52
6 24
24 52
12 46
19 91
11 21
20 48
29 45
10 40
16 2
26 25
9 94
3 8
3 23
2 69
14 38
20 64
10 60
1 89
17 83
21 31
29 6
