3200
1 31
22 80
1 93
28 89
6 91
17 56
9 2
9 61
25 19
16 20
9 10
7 18
28 68
15 83
1 46
11 4
25 6
23 33
6 66
12 55
14 76
6 14
16 36
15 55
19 92
1 71
19 74
20 70
1 70
30 52
17 50
10 71
13 73
18 60
4 18
28 18
18 96
27 55
7 51
11 79
1 58
26 30
25 62
1 48
21 75
13 65
0 89
30 35
20 15
30 18
7 57
8 75
14 22
6 68
0 21
30 26
9 78
17 58
8 84
5 24
20 91
28 54
7 18
23 17
1 4
22 95
10 52
14 57
1 62
20 4
29 46
18 16
7 38
22 96
1 89
17 83
0 91
9 31
19 53
26 6
20 35
25 9
24 79
24 98
15 19
19 25
8 32
26 68
17 67
0 70
0 64
23 69
14 61
28 62
12 76
24 22
1 91
15 91
27 7
16 1
2 85
1 78
27 69
13 23
12 22
26 98
15 47
8 37
20 40
3 53
14 71
26 64
22 19
8 72
29 50
21 38
28 24
25 7
16 11
5 47
28 95
20 76
18 60
27 8
12 90
14 56
27 100
23 83
25 67
9 53
22 84
30 78
4 42
2 38
13 95
6 26
1 73
12 39
22 82
6 89
9 10
16 46
21 82
14 49
8 99
11 75
27 49
19 39
13 84
27 76
6 46
2 53
8 98
7 61
0 1
4 32
5 93
2 2
20 23
8 33
4 59
25 10
27 55
14 69
6 16
1 80
20 83
12 48
15 58
14 77
12 11
1 90
10 42
24 32
2 74
0 80
16 85
27 39
12 77
11 6
25 32
5 71
6 61
22 5
21 48
13 90
14 60
24 6
2 20
20 60
11 100
12 12
9 95
16 10
13 35
17 45
7 68
3 47
29 46
3 80
27 32
24 1
22 19
13 42
25 30
17 44
7 19
13 28
15 40
1 33
19 6
14 56
28 91
19 46
1 8
17 47
5 6
10 21
2 70
21 34
10 56
26 97
30 100
15 97
24 100
23 87
13 22
0 53
20 53
19 77
11 83
2 4
0 52
7 60
16 22
28 9
15 90
22 57
11 92
11 31
25 18
1 40
17 67
24 100
20 23
25 25
18 58
29 24
5 62
14 57
8 43
22 12
10 76
14 52
5 83
30 12
25 38
12 94
1 16
1 37
20 94
11 83
8 26
14 89
24 44
25 89
26 92
10 9
10 25
3 35
10 16
10 18
17 13
28 42
12 75
20 68
5 38
24 80
18 25
20 4
28 46
30 9
24 31
21 77
30 10
16 35
13 92
17 37
24 29
19 20
21 40
30 71
6 75
16 57
28 90
30 45
29 82
14 48
2 50
20 100
30 50
23 26
19 99
3 90
30 5
26 70
18 31
4 87
15 44
7 36
4 18
9 96
4 39
11 73
25 69
2 54
21 42
5 95
27 91
11 59
19 55
8 39
21 94
28 75
1 54
19 66
11 45
29 98
5 98
29 95
8 99
28 23
24 5
9 36
14 94
30 83
23 92
13 4
0 42
26 66
26 60
28 73
10 48
18 64
25 47
9 12
29 41
30 4
30 82
27 73
18 68
9 88
27 72
29 96
15 28
5 32
5 14
22 50
10 88
15 78
21 89
10 8
24 59
14 75
27 76
1 32
5 28
3 50
9 29
4 88
21 31
23 96
2 54
3 75
7 72
26 74
13 42
26 95
22 80
20 21
20 85
10 29
13 24
10 62
29 80
28 90
10 10
28 8
7 74
3 79
14 51
25 5
20 7
9 60
20 20
1 81
25 77
23 53
25 85
2 4
