100
2 72
27 7
19 87
1 20
16 3
27 71
9 7
20 26
25 35
25 44
29 82
6 81
0 53
30 54
4 43
8 54
20 38
29 46
18 87
0 6
23 69
19 51
27 88
27 61
16 1
5 18
3 72
22 72
19 36
9 33
6 9
13 3
4 88
30 65
15 37
24 6
16 19
29 80
5 92
16 92
17 65
5 8
12 81
19 86
19 31
13 10
20 93
15 61
20 53
5 51
21 60
29 78
0 98
3 41
6 21
22 62
16 30
4 52
9 72
13 47
22 20
8 17
20 43
4 23
27 81
5 35
27 77
1 53
11 61
2 43
17 12
11 84
29 72
24 56
30 71
3 85
7 4
28 54
24 38
24 17
5 43
19 17
13 53
30 72
22 12
28 38
0 23
4 46
9 72
18 5
12 49
22 83
2 73
18 78
8 71
14 5
13 96
30 68
25 69
13 83
