100
5 57
4 72
6 24
3 94
25 69
19 42
14 44
30 92
2 60
6 100
27 98
20 96
9 90
10 37
16 81
24 43
20 19
5 64
2 33
13 15
3 18
21 19
11 14
19 50
17 33
27 1
5 31
5 68
0 45
0 20
25 72
6 94
2 45
28 98
26 14
30 23
0 73
21 44
29 37
9 12
19 100
19 29
10 77
17 34
30 35
15 97
0 97
7 70
29 6
6 13
8 27
27 5
17 19
15 93
7 45
11 39
2 60
18 20
5 82
6 75
3 5
1 43
1 44
18 35
0 87
15 89
12 28
13 40
20 22
27 40
30 28
4 2
20 71
24 2
11 73
17 51
12 3
22 18
10 12
13 5
22 32
22 98
21 46
24 21
5 2
24 92
24 5
21 20
25 47
6 93
26 14
20 69
2 14
15 8
7 53
4 27
30 42
3 95
15 69
20 38
