100
13 98
16 51
4 23
12 48
15 23
14 61
11 95
27 30
26 34
30 36
0 62
4 21
15 29
19 7
2 45
4 35
16 82
22 11
29 35
23 32
24 48
22 2
19 24
6 8
9 98
9 62
20 46
0 49
26 51
5 35
13 15
9 6
27 77
12 5
20 37
11 59
9 99
11 87
19 75
6 99
14 55
19 98
16 94
27 79
7 85
8 56
11 33
5 60
6 55
8 20
9 73
0 62
16 61
5 14
15 51
13 21
6 53
29 70
18 84
20 74
22 6
11 31
15 26
1 45
4 24
20 90
6 61
16 70
18 71
25 91
8 57
24 18
9 28
21 78
12 49
16 91
1 66
9 58
5 86
8 19
1 21
21 48
16 99
29 15
29 99
16 4
10 62
0 27
18 87
28 25
19 36
5 84
29 49
30 2
19 95
24 6
27 56
17 68
29 15
27 17
