100
20 46
5 100
27 21
14 77
17 11
25 41
23 60
3 58
3 57
12 17
14 39
15 60
9 44
4 12
18 84
24 20
15 79
28 93
22 86
17 92
4 91
21 45
9 54
11 18
7 43
11 58
10 51
0 64
2 9
4 57
15 3
12 78
22 15
17 38
29 35
8 5
10 22
21 39
17 68
6 6
14 89
30 61
12 21
28 13
4 81
24 53
3 71
11 44
19 65
11 29
10 93
7 23
28 20
3 36
18 60
8 81
25 91
12 31
21 79
30 63
5 97
11 70
17 9
19 50
30 56
17 70
13 81
0 81
17 24
26 63
14 8
9 45
21 9
8 82
10 39
14 91
30 56
17 8
20 79
7 47
28 97
6 19
23 90
8 68
15 58
17 36
11 6
23 67
27 47
2 59
0 100
27 18
22 37
30 83
14 48
2 64
1 99
11 31
0 37
28 99
