100
25 32
18 57
20 62
7 80
16 79
18 13
12 85
19 46
20 19
13 85
7 81
12 10
11 64
18 68
6 41
4 71
23 94
9 4
10 62
28 50
7 66
14 51
21 44
21 63
0 85
4 40
28 74
26 53
1 57
20 67
0 48
13 22
2 100
30 19
16 93
24 25
23 4
20 24
15 21
27 89
4 11
23 84
5 48
15 18
7 68
1 61
26 25
22 35
25 83
11 73
12 94
18 12
28 81
12 68
12 56
28 65
17 58
15 76
3 66
16 58
10 8
17 11
13 7
16 46
13 12
2 54
24 87
14 51
29 68
4 45
2 60
4 32
29 82
4 76
23 34
2 72
27 37
19 88
23 8
27 25
14 88
16 89
5 68
8 2
0 87
8 5
11 6
26 28
2 85
7 93
12 13
3 7
25 50
28 73
3 72
6 88
24 69
8 13
29 11
15 75
