100
21 84
7 24
22 4
13 40
0 20
2 18
7 49
7 19
3 75
16 67
28 25
28 46
20 70
8 60
3 6
10 30
2 8
4 49
2 80
11 56
24 86
9 83
29 24
1 85
4 11
20 50
17 93
26 68
13 50
3 89
11 70
27 73
19 14
5 53
5 36
21 62
21 73
10 24
13 34
6 89
3 28
18 28
21 93
13 63
22 90
18 81
25 13
10 33
26 81
12 38
16 3
1 38
28 38
15 38
24 35
6 29
3 54
5 67
11 98
3 57
0 16
2 60
29 85
9 77
14 87
9 92
24 75
23 3
11 39
18 77
14 44
17 64
0 57
30 81
29 65
16 14
18 75
4 17
30 39
30 1
5 70
30 34
24 87
11 55
22 80
7 58
9 37
29 28
13 90
21 28
30 76
5 97
7 70
3 78
19 65
26 98
28 34
19 34
8 24
20 18
