100
2 25
28 8
11 26
3 98
3 36
8 54
0 1
27 4
19 61
0 81
20 36
27 52
11 62
9 80
15 84
6 62
10 81
26 85
16 96
20 25
29 48
27 43
26 69
21 13
16 44
10 34
6 80
20 73
5 46
11 95
19 74
17 52
9 75
10 17
18 61
1 76
22 84
7 94
2 64
5 77
4 69
30 69
10 7
4 79
24 83
25 30
1 71
6 27
15 43
15 17
30 5
23 87
15 5
14 78
8 18
28 32
7 88
19 83
16 70
22 48
25 90
18 12
29 40
3 29
8 86
4 6
10 10
25 56
9 1
11 50
1 7
27 67
24 7
1 82
12 18
3 37
5 89
8 49
26 9
13 89
0 63
4 83
17 27
7 37
10 64
17 33
15 65
6 54
2 23
11 19
27 84
23 40
23 21
25 85
30 11
9 87
2 85
12 93
21 71
18 50
