100
5 46
10 39
16 9
3 44
19 70
27 88
0 6
30 67
0 85
25 22
7 32
3 23
18 47
9 65
29 16
28 50
6 48
17 29
17 7
15 13
10 86
24 44
0 6
24 8
26 35
28 3
23 56
11 80
21 16
16 55
29 86
3 59
25 62
4 6
2 70
20 73
29 93
6 28
2 37
23 27
9 97
3 5
7 36
29 100
24 26
23 40
24 40
30 66
26 19
0 59
6 49
7 80
13 32
2 59
2 32
4 87
13 32
17 65
24 5
27 98
13 36
1 50
22 8
14 73
12 36
3 76
21 38
1 6
28 32
17 44
15 78
16 63
16 9
0 78
0 57
23 24
11 3
23 93
22 15
14 36
22 10
9 95
29 52
10 50
9 99
8 73
25 37
27 55
17 88
5 20
11 5
26 40
14 16
17 25
3 28
6 31
14 28
7 99
29 63
15 76
