100
6 37
26 35
10 97
9 74
28 7
21 10
29 67
1 55
12 83
7 40
26 97
26 14
0 41
3 62
22 72
5 64
23 18
14 50
3 49
22 38
28 19
8 98
1 58
9 51
17 48
24 94
18 38
28 73
6 100
24 37
30 4
24 24
27 85
12 76
22 98
14 25
22 52
22 69
17 59
9 35
28 88
3 10
28 66
23 7
13 62
16 98
26 90
30 99
19 81
1 79
1 51
5 76
12 59
28 46
2 26
22 81
19 35
5 39
17 33
29 33
30 65
11 4
26 82
25 65
24 27
8 24
15 83
12 52
4 11
21 75
8 81
10 51
25 19
11 42
2 11
14 6
1 19
19 32
24 75
8 81
6 67
16 6
18 5
16 20
13 46
11 79
10 50
17 98
7 13
21 81
8 73
9 17
11 6
9 47
10 14
2 17
23 55
8 96
30 82
29 22
