100
17 3
14 40
30 60
8 36
14 81
14 73
6 95
27 22
2 19
1 47
29 91
23 74
16 1
23 11
17 4
15 32
24 38
11 75
11 18
19 74
19 21
20 35
14 86
0 61
23 17
18 21
5 17
12 36
6 97
26 42
10 33
18 100
29 85
13 43
22 13
26 54
24 58
3 53
14 63
20 79
23 38
24 90
14 97
16 13
28 34
28 37
30 44
15 40
30 97
20 26
18 9
2 74
2 92
3 82
20 44
20 39
18 19
17 7
5 58
11 22
18 42
18 96
7 76
6 38
3 88
10 84
20 9
11 46
16 98
15 86
23 45
23 53
13 7
6 44
29 85
24 59
29 19
1 7
26 49
9 6
11 89
5 71
13 39
22 43
29 86
8 88
4 92
22 98
22 59
5 82
18 20
6 60
28 92
0 74
20 10
17 39
19 64
12 20
27 63
28 47
