100
10 77
21 29
13 44
15 100
3 72
2 4
11 25
23 58
8 18
16 37
6 35
0 16
22 63
9 96
16 43
2 30
19 6
1 23
3 87
5 10
7 19
21 36
22 85
5 49
21 76
14 24
5 90
29 4
1 82
9 25
24 68
20 69
14 70
19 96
15 74
19 97
13 42
8 60
8 64
19 33
18 76
2 75
18 74
27 66
23 38
3 39
15 86
4 44
6 92
28 92
4 78
15 33
27 50
28 92
12 93
17 12
18 63
4 34
26 11
20 10
30 46
2 94
18 7
8 44
20 60
27 39
20 26
6 78
8 47
20 66
12 42
18 74
23 35
26 43
23 33
20 7
5 4
27 19
0 94
13 80
20 42
13 42
21 91
25 36
20 73
16 28
8 85
28 32
24 3
12 39
4 27
14 11
21 96
11 10
29 85
27 88
15 31
8 16
9 51
16 65
