100
23 90
13 2
13 98
27 70
17 43
5 39
30 27
30 88
7 70
5 49
18 93
24 95
0 30
1 42
11 48
14 74
25 4
7 58
4 12
0 2
11 84
22 71
19 49
7 88
7 4
10 77
16 36
18 36
20 18
24 57
18 51
18 89
24 100
12 77
8 38
3 17
14 1
27 15
1 39
3 92
7 97
6 26
27 75
27 26
5 51
7 18
25 79
30 80
15 11
12 54
2 58
30 75
2 98
25 68
3 7
3 93
13 88
11 54
16 100
5 37
15 30
28 60
10 18
11 50
30 76
30 4
0 87
16 64
24 46
14 50
20 95
15 13
7 22
11 10
5 45
20 87
18 54
26 26
8 70
19 10
3 79
1 71
18 27
12 80
3 76
24 36
29 65
2 66
19 78
4 96
12 71
23 25
29 86
0 48
4 78
8 57
28 20
3 15
13 59
19 82
