100
19 89
20 95
9 27
29 65
5 26
10 34
6 36
10 81
4 27
27 54
7 28
19 39
27 20
7 10
21 83
25 61
15 73
0 79
0 12
2 35
11 73
9 37
8 83
24 12
30 40
25 25
2 2
25 23
17 58
22 48
12 69
13 47
11 79
10 2
13 26
27 20
26 69
3 57
23 26
17 15
22 47
29 31
22 88
12 36
11 12
0 29
28 84
17 97
20 69
0 99
30 78
18 79
21 33
11 22
1 74
22 94
16 68
18 16
14 79
7 94
12 36
16 62
27 38
17 87
26 87
8 6
12 4
2 38
15 22
15 38
5 19
8 100
17 77
24 100
3 59
9 2
17 67
12 36
27 61
26 57
11 76
17 72
21 68
10 93
12 91
15 5
28 49
21 43
26 19
18 67
12 30
5 91
0 58
5 69
25 21
30 81
13 37
13 95
9 100
12 44
