100
16 37
6 14
13 96
29 68
21 8
28 4
7 20
21 17
19 21
11 73
19 89
30 95
19 27
10 72
16 76
20 97
17 38
24 14
4 9
21 18
30 81
0 1
6 4
23 50
19 9
27 89
22 84
28 47
29 18
18 39
2 25
13 62
23 18
8 14
14 39
22 1
2 58
26 49
23 6
21 57
6 62
5 47
6 93
3 8
23 45
7 51
28 66
21 35
13 15
20 76
30 19
21 98
14 59
28 66
2 60
10 100
13 58
8 81
6 26
11 81
16 7
19 30
7 77
11 25
14 62
4 23
28 40
13 35
25 39
24 58
1 11
15 34
9 96
28 35
13 26
24 78
13 56
20 70
12 42
0 47
0 1
23 34
2 88
24 72
16 81
27 58
17 68
16 5
24 17
26 51
24 1
3 33
1 55
21 13
23 45
22 36
27 28
29 92
1 54
26 57
