100
18 60
26 35
23 52
20 12
0 36
6 73
22 39
0 35
9 51
2 48
20 100
21 67
18 75
11 14
13 36
29 28
15 3
20 51
29 10
0 35
12 66
14 1
25 76
14 77
6 74
25 54
25 47
1 68
2 55
13 79
5 37
22 98
7 40
18 9
26 45
27 61
20 51
6 84
25 13
27 25
29 81
2 87
15 70
15 69
8 15
9 94
2 65
4 41
16 35
3 2
30 4
22 94
3 96
21 79
25 76
2 93
25 86
13 64
24 64
27 42
9 88
27 63
23 61
26 95
0 26
13 60
16 68
15 81
13 53
19 57
20 74
12 31
24 52
12 47
10 5
9 8
20 65
20 38
15 9
30 56
13 70
28 84
14 11
20 22
19 65
3 85
6 86
28 16
20 30
4 3
23 20
19 36
8 4
1 53
6 19
14 49
2 12
23 54
11 22
30 98
