100
11 69
21 63
11 65
13 44
21 48
5 30
17 71
0 47
1 88
4 37
5 8
20 70
26 77
18 1
9 44
7 69
1 84
14 66
25 17
24 81
15 40
2 32
24 100
6 66
5 20
7 58
16 39
8 59
21 27
10 76
17 99
12 99
1 2
18 24
12 4
23 4
12 36
4 43
30 31
8 14
10 12
2 2
1 94
24 90
9 29
14 87
1 21
3 34
28 96
2 96
3 69
13 16
2 61
13 33
26 87
22 80
30 72
3 22
23 70
6 81
29 58
15 28
1 29
20 13
30 57
27 72
18 92
27 29
4 98
10 46
19 27
22 14
18 23
12 24
24 30
0 36
21 44
15 15
6 67
7 23
26 56
1 66
8 51
29 71
6 100
28 26
0 48
9 93
17 52
24 55
9 65
9 66
5 39
4 75
21 9
16 81
21 14
11 59
11 77
14 79
