100
11 32
21 75
2 86
7 39
25 94
25 2
14 54
5 91
6 82
22 8
23 56
25 49
8 18
27 4
9 30
9 98
1 56
12 80
24 71
19 28
23 37
27 81
0 84
26 93
5 70
19 28
6 71
7 65
24 6
19 59
18 5
18 73
13 92
20 65
15 76
17 70
14 41
22 88
24 98
2 100
18 41
16 23
5 98
13 61
11 16
29 98
2 58
21 44
17 21
10 12
29 74
24 91
6 15
24 27
23 84
27 2
12 31
10 72
8 52
6 43
22 28
20 77
1 87
29 10
25 51
21 42
15 89
2 91
11 39
16 70
15 66
1 29
25 22
18 11
10 9
14 71
29 18
28 52
22 20
26 87
25 94
25 43
7 85
13 83
20 7
10 40
9 85
22 46
9 71
24 100
30 25
28 13
21 87
17 50
29 22
27 79
20 64
3 35
11 57
20 1
