100
29 13
23 83
11 65
27 23
16 73
29 70
11 30
25 44
17 62
14 2
12 97
15 70
14 4
9 24
28 42
9 6
4 49
12 82
26 41
18 33
2 57
22 6
8 21
10 99
18 43
12 54
4 50
23 87
14 35
16 82
24 79
18 57
9 78
2 54
29 54
10 9
23 57
10 22
15 9
30 38
14 57
6 96
21 27
5 35
25 63
30 43
2 73
19 19
12 12
21 1
30 62
1 64
5 22
22 77
25 74
12 37
9 83
17 15
17 5
24 2
30 69
21 48
20 27
7 27
28 97
23 3
8 46
16 87
20 94
13 2
30 2
7 24
5 27
22 88
27 3
4 34
3 12
25 85
27 62
10 93
2 64
11 48
20 71
28 71
14 50
26 76
24 65
13 79
15 91
10 5
23 37
24 33
8 58
13 50
4 26
12 34
22 64
7 5
2 39
26 29
