100
13 22
20 45
20 35
2 96
17 95
6 69
5 63
30 10
10 21
14 39
3 74
28 58
20 22
24 75
10 45
24 3
13 1
17 63
28 76
16 75
0 21
19 55
5 76
21 41
30 6
26 31
5 86
29 68
26 3
15 26
26 9
21 10
2 69
17 92
5 65
21 14
0 17
1 23
16 56
23 55
4 31
8 86
30 55
0 91
16 19
5 12
27 69
1 42
22 16
2 1
14 27
12 41
22 9
29 62
11 16
7 91
13 46
1 42
26 42
1 50
17 35
26 66
26 22
17 11
30 9
16 65
3 28
15 93
2 16
20 10
15 73
6 60
8 34
7 73
22 21
0 68
14 5
10 75
2 56
2 13
19 40
27 97
4 77
29 18
20 93
18 83
10 81
25 48
22 63
20 64
28 53
7 69
9 61
7 44
11 26
20 69
0 59
20 75
8 86
7 17
