100
28 71
28 63
30 32
25 87
15 1
7 41
12 12
15 87
5 44
9 82
9 19
11 51
6 27
11 13
2 99
1 52
2 62
17 30
25 38
2 60
20 92
9 40
0 97
4 87
20 84
9 35
25 73
24 59
20 10
1 33
10 34
28 73
10 2
29 36
10 46
12 19
17 47
0 34
3 45
24 59
9 86
29 54
7 48
27 28
17 85
0 71
0 63
20 80
15 68
14 50
22 84
0 73
4 51
7 94
12 40
1 48
20 76
24 46
26 54
1 67
15 76
14 74
24 79
22 56
23 97
2 83
6 13
18 58
9 100
12 61
12 21
15 20
8 8
9 12
28 54
5 6
15 70
27 50
1 99
11 97
16 51
3 33
19 8
0 53
11 44
3 29
12 84
18 96
26 49
13 31
15 66
4 99
28 65
2 73
24 95
1 78
6 21
30 18
13 37
27 73
