20
6 52
25 19
1 69
21 52
17 8
22 47
28 75
0 33
19 6
24 96
25 96
17 5
14 48
19 67
13 53
17 2
26 39
28 84
16 49
18 49
2 93
7 87
28 1
29 71
6 13
16 74
6 12
30 80
3 24
30 50
10 46
9 83
17 61
14 10
0 98
23 59
17 89
4 10
25 23
16 81
24 96
9 60
16 55
1 1
28 45
7 96
12 15
16 3
17 18
8 75
27 68
27 8
23 24
15 98
5 85
2 22
28 92
21 92
22 30
1 44
28 13
2 34
29 36
7 24
13 18
15 34
9 94
5 2
30 60
2 61
9 34
0 76
26 81
23 18
16 59
18 7
11 29
12 16
20 100
12 50
17 21
16 90
24 1
3 50
1 22
1 57
18 54
4 85
29 56
17 11
2 87
18 3
7 58
7 84
8 43
26 78
8 94
13 76
0 29
12 42
17 35
8 72
4 57
8 30
4 19
28 31
7 63
19 12
23 52
25 60
13 65
15 36
6 92
12 3
29 7
4 34
17 6
19 79
8 38
0 73
26 10
17 100
15 51
12 98
13 55
18 82
23 4
23 73
23 92
28 23
1 63
24 68
16 87
3 55
23 46
23 67
18 64
8 82
3 10
27 44
30 39
30 45
20 9
15 16
7 85
1 65
28 69
14 43
18 100
2 51
10 28
23 7
1 32
13 10
24 45
14 43
6 84
6 20
3 20
9 87
17 77
15 45
18 15
27 84
25 78
11 66
19 24
8 60
30 8
10 90
26 98
26 7
10 22
30 15
21 1
17 24
30 19
13 63
17 51
3 3
23 79
30 5
22 45
11 9
2 33
19 94
22 20
22 1
30 80
13 34
17 25
8 63
27 74
11 55
11 68
10 46
1 98
23 21
10 77
27 50
29 88
5 60
1 78
9 55
23 58
9 8
23 40
28 96
5 39
16 83
15 15
19 34
21 100
12 45
20 61
8 16
30 7
22 1
29 28
26 10
19 13
19 61
20 3
28 11
21 92
17 100
1 46
28 80
14 72
24 28
17 1
16 24
6 91
22 39
21 96
18 3
7 98
30 15
7 17
25 97
10 94
22 9
19 9
19 93
2 32
5 87
11 41
21 91
21 89
11 79
17 86
19 34
19 68
20 26
7 35
7 91
15 26
16 86
15 22
12 39
24 6
23 18
20 61
16 76
19 31
17 11
3 16
2 18
17 1
29 38
26 81
5 92
9 7
23 2
24 45
7 18
0 93
22 97
7 18
2 72
20 47
6 80
24 48
5 57
17 68
22 51
30 79
6 51
25 11
30 20
12 41
30 57
30 74
3 82
18 18
5 30
10 38
0 78
3 99
9 49
13 55
17 76
30 67
18 76
15 98
16 13
2 12
22 84
10 25
8 90
8 77
29 59
9 47
27 4
22 45
21 68
9 36
10 44
26 6
25 93
16 61
3 7
16 92
9 6
14 19
25 32
3 93
5 5
25 70
28 72
10 23
10 88
28 10
28 34
27 83
28 69
30 78
8 14
21 14
27 36
12 84
29 3
20 24
28 3
1 12
21 62
2 52
3 44
24 84
23 80
30 69
10 67
15 1
11 45
19 69
14 13
7 95
9 35
8 70
10 50
17 5
15 8
28 46
30 42
18 91
17 48
4 22
0 4
27 43
14 31
19 77
25 20
6 97
13 30
19 88
10 59
21 7
15 42
3 82
3 74
7 32
21 38
11 94
0 58
30 30
19 16
29 33
9 91
21 94
3 74
23 49
27 1
29 17
19 50
13 69
24 16
20 86
0 64
8 48
11 22
