20
28 97
0 32
20 10
7 20
26 73
25 5
26 54
1 16
14 22
15 64
9 18
22 3
26 33
7 30
25 69
20 93
8 19
4 42
13 55
11 17
28 58
7 31
12 57
0 55
14 92
14 82
25 24
29 82
14 53
20 81
1 25
22 87
9 83
11 81
30 99
11 20
16 5
17 61
13 73
24 8
0 75
13 9
4 50
13 3
0 77
19 17
10 97
8 4
18 15
3 19
4 84
25 31
26 19
5 31
9 92
11 4
10 68
22 48
11 71
9 88
7 98
0 5
17 27
21 21
7 78
13 86
1 69
30 32
27 55
22 44
2 87
24 64
20 48
10 9
7 98
4 34
11 84
14 51
5 60
3 18
5 43
13 33
10 21
27 6
6 17
9 82
24 82
6 3
23 81
10 40
11 12
20 71
22 4
22 59
6 34
21 88
28 33
7 28
8 11
22 18
25 75
10 4
4 84
10 97
17 82
3 68
16 10
4 80
12 42
13 15
19 59
6 66
7 70
2 21
27 25
6 6
27 23
4 51
14 52
15 75
7 47
25 74
6 93
5 71
29 7
7 76
12 70
17 100
12 75
10 66
13 85
2 76
0 6
4 66
15 57
2 6
18 36
8 62
19 74
9 63
20 77
16 16
4 35
7 52
28 52
18 63
4 77
4 18
29 81
25 32
23 66
29 34
27 50
16 47
11 63
28 82
29 85
12 73
6 31
3 63
9 80
5 53
8 74
17 68
0 90
5 33
4 10
17 87
21 95
26 91
10 78
30 62
16 93
30 18
8 18
25 56
2 6
11 20
1 69
26 62
12 44
10 6
5 61
8 82
26 93
0 56
10 99
7 1
30 73
16 83
25 90
18 12
30 59
1 13
3 18
23 87
20 92
13 13
26 6
18 47
8 64
16 26
25 46
17 68
28 73
1 12
12 69
2 48
10 32
21 20
22 20
27 47
24 57
13 53
10 51
23 25
3 83
16 2
0 34
12 44
26 77
18 4
18 55
19 79
27 65
28 36
28 92
14 54
12 4
7 8
16 4
9 49
27 77
4 40
16 87
16 40
12 67
7 93
9 22
8 83
30 21
12 30
15 5
23 51
13 91
3 33
21 64
25 13
5 40
25 35
9 5
28 40
4 59
3 97
11 4
30 55
24 62
5 60
2 90
23 21
15 39
28 38
6 7
23 3
4 46
24 79
30 86
30 13
12 21
28 81
20 49
15 16
0 50
25 80
19 25
23 57
11 38
1 46
27 74
11 31
10 41
8 95
25 42
19 51
25 81
13 8
10 62
17 97
27 96
17 2
28 64
7 62
13 35
27 62
8 25
26 60
19 66
7 73
23 36
2 77
9 99
17 27
18 56
1 40
3 8
23 75
1 73
30 63
10 81
24 44
11 6
13 74
29 90
15 22
11 95
28 8
16 59
27 26
10 3
12 26
28 3
4 84
21 58
0 4
5 2
3 10
18 75
11 24
24 67
13 73
25 14
25 68
16 58
22 13
8 72
0 6
17 83
0 62
18 8
13 45
22 59
5 87
23 33
5 76
26 61
29 68
27 70
30 7
5 83
21 9
1 36
18 100
30 97
4 68
17 26
3 50
12 16
26 41
11 2
19 33
12 54
28 83
27 42
22 59
5 14
10 24
12 60
14 38
23 26
23 35
15 59
3 35
22 98
5 5
9 35
11 43
1 17
23 19
21 66
5 59
18 43
23 88
21 8
3 44
13 77
6 70
9 4
28 79
29 98
29 90
12 66
21 36
13 26
3 69
25 95
15 24
24 82
12 92
0 16
6 44
