20
14 75
24 12
11 99
7 76
12 76
27 92
24 2
1 80
13 66
8 31
19 9
18 28
6 16
10 32
0 62
20 16
21 61
29 89
17 55
30 86
27 1
16 10
17 58
7 82
30 10
10 67
13 34
22 81
1 59
19 37
22 100
4 16
24 1
10 69
13 13
11 42
7 30
27 77
14 85
24 34
16 54
3 64
29 51
14 76
30 36
13 53
19 67
1 7
18 26
25 55
30 65
8 47
13 17
6 56
30 73
30 97
8 52
23 4
1 89
14 30
21 75
2 71
3 78
3 74
17 27
22 59
17 33
25 90
18 35
24 90
19 44
28 51
18 53
2 25
27 80
23 38
14 91
6 23
7 1
15 54
4 42
22 47
11 90
18 68
20 37
6 81
17 84
24 47
15 56
22 12
15 68
4 26
10 2
10 41
17 20
30 65
29 62
8 97
10 97
27 33
24 20
17 44
23 84
21 56
9 26
15 19
26 92
5 72
3 96
18 79
25 7
9 55
15 94
25 56
19 65
25 37
30 16
12 55
22 64
22 54
26 42
22 33
19 21
20 6
14 41
17 2
14 20
26 93
22 36
22 19
1 38
19 20
25 55
21 58
0 33
1 61
9 60
25 37
5 43
21 73
17 21
25 93
4 40
18 56
29 72
25 87
23 67
9 29
23 34
16 27
7 31
19 1
24 33
15 84
10 50
1 100
1 51
24 86
27 73
19 46
22 35
30 32
1 14
21 53
17 22
10 49
3 10
8 13
13 87
24 52
12 4
15 31
4 20
10 39
1 66
5 30
1 61
4 85
30 64
25 64
12 11
26 72
21 32
2 10
24 25
5 50
14 99
19 15
9 2
2 58
28 15
1 98
15 12
18 44
20 83
29 4
11 1
0 59
1 22
17 62
3 7
15 22
4 51
21 88
22 37
18 76
15 71
6 26
16 74
25 20
12 56
15 40
19 18
16 27
15 79
12 48
6 21
4 86
1 34
16 91
1 90
19 1
22 70
3 34
11 83
15 97
3 87
26 32
28 84
19 45
4 47
23 3
10 58
24 90
3 84
23 71
22 22
21 89
25 72
20 67
6 4
12 83
20 96
21 49
29 2
29 7
16 74
27 42
30 46
4 3
26 13
26 75
14 28
24 22
18 41
18 86
5 33
27 99
20 20
10 65
19 11
26 99
30 14
10 67
19 91
23 69
9 49
5 79
21 84
8 42
3 94
14 20
27 21
1 93
12 36
27 12
26 73
1 28
18 88
30 19
21 4
4 51
0 30
14 82
23 39
18 96
28 43
18 83
13 80
23 90
3 39
6 65
0 91
29 56
14 80
23 61
18 62
13 25
24 89
2 31
28 86
30 5
2 43
26 16
13 10
27 93
19 9
0 92
27 33
2 16
23 36
5 58
14 68
27 83
29 10
2 36
19 3
29 60
28 51
7 98
22 77
1 7
22 86
15 61
16 80
19 28
10 37
13 81
11 82
10 35
9 1
12 55
5 72
29 33
4 47
7 47
18 8
28 38
23 46
27 87
8 66
21 30
18 51
21 94
26 19
13 43
29 28
14 85
0 100
2 13
6 85
28 90
24 15
0 31
21 56
6 28
7 74
30 34
8 4
3 21
0 89
28 53
4 46
10 35
16 34
0 86
15 97
19 34
30 1
9 97
29 23
23 99
7 39
6 38
21 52
13 16
1 31
1 24
23 62
17 91
20 73
5 32
1 28
7 50
19 88
13 50
8 48
5 44
14 89
30 27
10 72
29 2
3 75
11 100
24 21
5 78
18 34
14 14
25 87
20 71
