20
9 50
30 85
15 66
3 54
27 19
8 9
4 75
7 47
2 13
30 33
24 59
11 66
26 71
26 31
4 65
12 45
10 49
4 44
17 66
15 84
25 97
9 70
1 69
22 89
30 43
13 19
15 66
2 8
26 63
15 27
25 93
9 47
13 83
20 81
8 32
20 8
19 35
18 63
23 41
1 86
0 37
5 34
19 63
12 80
21 45
29 28
25 10
4 54
5 47
24 20
4 77
13 20
12 88
14 2
21 96
25 41
20 71
1 65
14 65
21 40
16 4
13 21
19 94
19 79
11 58
6 96
10 63
18 89
22 13
13 71
26 85
21 27
21 69
21 16
20 83
26 1
27 10
20 62
9 89
22 98
2 47
3 3
14 74
2 43
4 39
16 22
16 46
27 60
6 51
30 79
30 7
24 79
10 35
11 58
29 43
30 17
3 33
15 27
21 48
23 49
24 74
19 62
6 7
7 92
26 34
12 82
25 90
1 22
1 50
21 52
19 39
14 96
12 6
22 8
27 77
25 66
21 4
5 28
4 85
13 29
30 85
25 46
29 15
28 34
12 15
22 40
28 68
11 66
8 76
2 82
3 45
18 84
25 42
25 15
12 24
0 97
27 27
2 71
0 18
28 81
24 74
9 86
16 100
12 74
10 34
29 6
15 53
20 64
15 80
22 35
30 23
22 91
2 73
23 58
29 87
17 89
22 22
8 54
12 60
2 95
30 37
20 54
15 4
24 17
3 75
0 33
12 42
21 77
14 66
24 90
20 21
23 76
30 84
18 73
13 95
15 12
2 84
15 91
22 89
3 46
27 27
23 75
10 61
15 26
17 42
2 40
14 17
9 24
11 28
15 90
30 16
8 77
26 88
11 1
9 38
23 12
15 27
7 81
6 58
9 17
11 58
9 21
4 88
23 23
7 66
25 1
27 15
24 4
24 67
0 29
5 99
4 6
24 67
10 86
16 66
11 22
2 37
25 14
4 72
24 43
4 55
24 79
22 65
16 33
20 98
17 57
27 95
18 37
2 93
27 23
19 54
13 32
25 69
28 63
12 45
15 81
11 8
19 57
5 18
0 78
15 94
22 76
4 15
18 3
10 58
8 87
9 100
22 84
22 79
4 16
1 57
19 47
17 14
20 99
6 86
26 71
30 48
5 49
27 85
4 79
26 52
18 84
15 98
14 16
9 95
30 11
0 44
25 57
11 16
28 76
24 21
13 68
0 70
14 37
0 6
15 32
4 15
21 96
9 56
14 75
3 52
22 19
5 39
26 51
3 74
9 36
25 74
12 21
8 63
27 28
17 28
1 27
24 67
8 33
18 48
28 86
6 88
8 45
14 59
24 93
23 14
29 41
13 5
11 23
4 71
12 47
12 32
6 87
4 76
4 52
9 1
26 15
24 53
8 21
26 67
10 42
22 33
10 71
25 78
19 98
9 48
22 34
14 81
14 29
2 8
7 31
15 65
1 24
23 74
1 67
29 60
0 46
21 50
0 28
28 35
25 23
5 60
3 88
19 36
6 42
28 3
0 17
23 61
21 79
6 81
28 55
25 78
17 3
13 6
12 59
0 33
21 98
14 66
6 3
15 6
23 82
23 16
17 88
22 62
14 79
23 60
12 54
7 85
17 87
5 70
27 83
29 66
9 60
19 80
18 1
4 33
12 12
6 60
22 82
19 86
12 9
23 53
4 13
9 60
21 45
0 28
25 44
3 45
10 17
7 18
25 16
13 7
24 93
28 39
18 78
10 89
16 31
17 25
11 41
25 86
8 90
6 68
2 20
24 39
15 50
