20
21 56
10 57
12 33
27 53
29 89
12 51
24 52
17 35
4 34
21 43
18 90
19 82
23 85
28 60
22 4
6 55
0 98
2 29
25 39
15 17
28 66
18 70
21 51
12 72
29 85
8 52
19 27
30 43
20 21
28 85
16 68
0 44
14 29
11 33
2 86
4 40
1 11
25 91
27 23
15 56
16 19
22 60
23 31
2 19
6 35
9 93
7 66
28 43
6 60
26 36
13 74
0 55
20 51
16 11
1 2
0 100
13 50
21 63
6 52
16 28
12 51
30 75
20 78
0 59
5 80
4 73
22 74
24 44
14 51
4 24
10 37
5 70
23 22
5 4
0 58
21 67
1 77
27 96
11 9
9 71
18 37
4 72
0 87
16 58
18 48
22 88
3 33
14 35
6 15
0 27
5 17
30 32
7 96
13 22
24 66
3 76
18 93
29 89
0 86
13 97
26 48
29 69
19 53
1 11
29 86
0 100
5 14
16 1
16 44
29 77
5 5
28 88
24 17
12 24
12 71
6 11
9 24
17 9
29 4
7 30
6 4
28 92
10 60
29 75
27 26
6 90
13 35
23 1
9 36
14 93
9 18
19 35
6 100
0 10
12 67
4 97
3 64
30 50
0 83
27 12
4 65
16 80
0 18
30 23
15 26
8 12
26 14
9 19
11 8
7 15
1 65
19 19
15 84
26 31
2 73
28 76
14 13
5 3
7 28
11 6
26 19
3 70
21 5
17 99
11 55
10 41
2 35
15 61
19 37
22 36
29 33
15 14
23 69
28 32
5 40
29 40
11 51
27 60
24 11
7 94
19 56
20 99
0 79
30 94
27 33
1 53
13 97
25 94
7 32
1 72
16 98
4 69
8 65
20 42
12 18
5 13
11 5
23 65
6 56
10 64
5 13
9 15
0 19
13 64
24 26
4 39
21 33
26 35
14 14
30 9
17 51
6 100
24 65
2 12
21 71
27 30
20 16
0 46
7 11
25 75
5 41
0 62
22 87
1 29
8 35
23 82
25 3
26 23
13 99
28 66
13 7
29 70
28 85
26 67
27 2
26 26
1 29
6 92
24 54
7 32
0 54
24 59
17 84
7 35
25 96
25 6
29 64
19 82
2 31
7 9
17 1
28 93
14 41
22 16
16 11
2 66
15 44
18 83
22 10
19 84
14 79
2 76
7 100
18 82
26 36
15 13
26 74
15 49
6 10
11 21
26 69
28 52
13 37
9 97
1 75
29 49
23 65
30 64
16 73
6 88
1 92
4 75
13 33
23 46
16 57
2 67
27 9
19 74
19 75
24 58
12 53
8 62
14 6
0 18
10 58
13 96
25 44
25 57
27 77
24 76
30 32
9 89
4 93
10 41
11 46
30 67
29 65
8 78
11 97
14 27
28 65
24 5
5 39
6 85
14 25
8 44
18 5
14 75
12 51
5 14
17 77
16 61
28 41
15 75
10 90
15 55
17 24
22 58
8 27
3 53
22 85
3 4
6 90
21 43
2 73
23 90
1 23
20 65
21 65
7 54
4 13
3 14
25 25
17 74
26 10
6 9
5 69
5 89
17 67
2 10
28 24
1 29
15 36
4 47
12 71
28 81
24 77
1 89
18 77
27 7
9 48
8 52
24 26
15 33
14 96
29 2
3 87
19 100
21 62
6 50
21 43
9 16
30 14
7 8
4 9
15 8
7 96
5 5
19 18
9 3
19 17
20 8
23 31
17 28
30 7
13 55
29 42
2 72
29 53
27 44
7 88
13 89
16 6
20 32
18 95
9 9
11 30
24 47
17 44
15 40
