20
15 74
6 79
1 13
25 83
5 95
4 91
28 77
26 68
22 71
4 96
2 55
24 53
9 13
17 20
24 8
3 83
16 46
14 48
10 3
28 81
13 46
12 64
5 9
2 98
19 25
18 99
2 68
1 49
18 29
13 71
1 19
1 69
19 75
27 93
9 66
11 61
23 53
1 68
1 51
7 13
20 70
8 79
7 85
4 67
15 98
14 20
2 52
14 9
8 80
6 32
2 5
25 28
17 91
25 44
10 23
18 6
28 96
7 20
29 7
22 30
8 83
3 8
13 19
1 94
27 38
20 19
17 49
30 60
20 27
30 65
0 10
21 78
10 100
4 26
0 27
18 91
16 32
1 75
18 22
0 16
15 32
1 83
11 50
19 53
4 10
1 96
25 32
5 31
10 89
23 31
5 19
19 93
2 94
28 57
12 99
28 93
26 93
30 46
20 69
1 17
30 74
4 52
1 6
27 48
27 98
16 54
20 23
17 38
11 80
11 4
14 86
29 87
18 76
23 20
23 50
18 45
25 54
30 77
4 69
20 79
8 65
4 71
27 56
24 83
0 63
3 63
7 53
23 73
5 17
3 34
20 51
17 61
27 32
25 46
15 27
27 75
11 74
8 63
9 83
30 71
0 92
7 3
16 27
17 28
10 3
4 56
6 78
13 28
2 45
25 4
17 3
24 81
27 66
13 94
0 28
11 58
17 51
1 8
16 35
4 24
9 27
27 31
24 23
23 91
9 21
21 39
10 96
9 62
12 31
28 72
0 29
13 51
8 55
1 7
26 16
8 49
5 14
21 98
3 64
16 97
20 23
24 80
10 3
0 95
6 61
30 71
29 12
3 91
12 69
6 86
18 61
11 43
21 10
29 55
14 66
17 38
22 84
8 54
11 49
24 32
9 78
8 49
18 88
2 43
27 31
18 55
4 61
8 42
26 66
20 2
10 17
21 60
2 88
9 66
13 60
12 7
19 53
13 96
23 37
12 28
4 11
29 22
8 83
18 87
25 32
22 73
19 64
24 93
15 66
29 49
30 79
14 97
20 33
16 28
12 94
22 83
9 86
22 44
16 31
28 11
28 97
8 80
13 78
12 31
12 90
2 77
24 77
26 53
26 95
5 65
11 88
10 2
20 57
9 96
4 32
27 66
11 51
5 33
6 73
8 12
29 1
29 49
18 31
11 12
1 30
0 10
13 12
3 23
7 68
16 84
1 25
13 75
17 74
16 70
13 72
21 46
21 45
8 54
3 49
30 49
26 89
7 33
30 12
21 80
28 18
22 59
15 95
3 64
29 31
24 76
21 56
3 2
22 39
9 36
13 35
5 39
18 33
16 80
24 93
21 31
19 58
25 21
23 84
29 90
12 26
20 20
10 18
1 3
6 19
3 20
25 5
6 15
22 69
22 90
1 69
0 100
13 69
14 91
30 87
24 14
8 90
15 66
1 68
10 94
0 35
19 54
25 26
23 91
10 6
29 21
29 14
19 74
13 92
22 17
10 80
15 99
6 56
5 4
29 91
16 55
3 42
12 93
17 48
13 25
0 74
6 100
28 24
7 66
16 51
6 61
15 28
26 28
1 100
9 72
23 44
12 21
10 33
5 88
12 14
28 97
22 38
12 21
26 92
10 47
10 71
10 15
8 38
10 19
27 49
13 8
16 55
26 9
9 24
15 16
9 100
10 25
12 13
7 12
13 69
5 26
27 15
3 78
21 15
21 47
30 42
12 85
17 30
12 99
10 44
8 64
13 24
10 49
15 96
27 46
16 81
25 27
15 8
24 100
10 42
5 23
