20
13 99
6 17
14 82
23 2
17 77
27 35
7 28
29 84
23 65
26 16
27 41
5 81
5 27
25 6
12 92
8 47
0 67
7 73
29 87
20 16
6 67
3 57
27 8
24 43
8 13
21 29
4 32
8 20
29 29
29 81
30 35
12 13
27 76
0 87
0 32
27 28
4 30
6 42
14 65
25 25
24 6
18 95
24 40
16 100
1 84
2 63
30 58
29 6
20 63
13 82
13 89
20 18
21 42
4 85
14 28
11 90
21 78
28 82
2 3
3 15
4 61
2 12
27 47
3 46
22 10
2 34
8 48
10 8
11 40
27 54
27 46
20 23
25 13
15 82
17 26
29 33
25 72
8 27
23 6
3 11
14 89
4 80
12 2
21 76
5 17
12 97
27 3
28 26
30 47
0 78
22 62
29 58
30 55
27 92
13 98
22 28
29 1
24 62
29 9
15 4
0 2
9 1
12 52
16 48
28 92
8 83
2 24
19 46
23 16
24 94
23 14
14 72
16 9
6 52
10 3
23 40
21 83
16 98
21 1
18 68
0 66
13 100
17 8
21 72
29 56
12 9
19 91
14 42
2 73
15 31
23 83
1 94
13 28
27 64
16 74
20 62
8 56
17 90
4 10
28 29
8 13
19 53
3 68
29 4
4 21
7 2
8 17
26 51
0 61
9 1
3 56
2 67
3 88
14 51
21 44
22 46
21 72
8 92
17 94
11 26
28 7
8 48
0 82
7 90
8 88
0 43
22 29
13 21
11 36
1 77
6 97
15 80
20 62
26 94
1 95
18 87
26 50
13 18
21 15
21 16
29 64
2 19
12 51
11 60
12 52
5 80
6 81
12 32
8 3
10 3
30 15
1 84
25 72
14 38
12 88
18 31
2 53
28 89
7 25
26 96
2 45
28 23
6 72
8 14
15 37
26 28
2 3
4 7
30 67
19 100
7 58
21 68
5 31
25 86
7 67
29 81
7 95
5 30
27 63
28 69
8 98
8 58
15 43
6 66
24 4
14 11
1 53
9 74
5 35
21 49
29 32
13 59
1 19
23 42
16 71
12 24
23 16
13 32
10 26
5 60
11 37
14 17
6 74
9 8
6 66
18 9
22 72
27 55
29 13
2 99
22 58
7 85
30 18
4 94
23 73
22 52
0 27
16 13
25 9
15 86
24 34
26 7
22 76
13 12
21 48
6 40
14 95
24 30
9 58
21 35
26 47
23 75
14 33
30 91
0 27
15 10
21 86
15 90
30 43
14 27
13 2
3 66
13 74
5 42
15 96
19 82
0 3
29 71
5 26
15 98
20 71
30 63
17 12
30 9
11 18
10 6
11 98
13 18
17 74
10 82
28 98
4 85
1 29
29 43
24 58
1 30
18 72
20 70
25 9
15 13
18 38
25 27
19 45
26 12
10 65
30 41
8 37
16 36
23 90
30 28
3 31
30 92
20 8
1 38
15 11
1 56
29 92
6 4
30 81
2 4
0 13
6 41
24 34
4 16
10 83
10 26
29 3
25 27
27 4
12 8
0 75
14 60
21 15
8 89
7 29
23 60
23 14
15 21
17 12
21 99
27 40
7 51
2 34
7 75
29 28
5 73
7 19
29 55
7 27
13 51
19 27
2 63
13 72
4 39
30 95
12 91
18 72
5 97
15 52
7 85
29 12
7 96
30 67
19 55
2 56
19 15
15 98
23 95
8 2
26 14
4 40
26 84
0 28
16 66
2 14
9 74
19 20
20 62
16 50
28 9
12 78
12 40
15 73
10 23
16 7
25 20
28 72
4 93
11 43
30 88
