20
28 82
13 94
13 38
18 12
14 74
23 2
2 46
4 29
11 7
6 16
2 100
6 27
17 100
6 92
2 33
25 72
29 15
23 44
12 65
22 28
9 1
3 69
16 83
3 19
15 86
12 23
18 28
10 51
4 46
13 63
30 14
26 97
11 83
27 23
30 15
18 48
27 39
2 41
0 33
2 6
24 47
18 25
12 37
4 66
9 100
28 24
1 57
16 16
13 7
19 98
3 54
23 83
5 82
0 40
4 27
7 50
17 39
16 8
29 18
19 84
12 25
28 45
26 16
1 13
13 46
1 52
11 47
8 54
29 40
10 34
23 4
18 58
2 94
1 20
26 32
14 13
26 7
17 69
3 95
5 36
23 18
1 36
30 83
9 43
0 45
1 47
4 10
24 61
11 81
25 92
21 17
16 22
23 3
1 92
8 27
9 55
6 53
29 23
9 44
20 41
24 70
30 72
16 65
23 58
14 96
7 58
23 68
23 42
6 60
1 59
20 42
28 33
16 34
6 31
26 25
10 83
9 33
10 83
24 21
7 66
17 87
18 17
21 99
10 17
19 91
22 79
17 62
13 21
1 79
17 3
30 19
11 2
11 41
9 15
30 26
12 60
7 12
11 22
26 24
12 71
10 63
12 14
8 74
1 75
10 30
12 39
13 17
16 75
17 68
30 50
26 50
4 6
9 94
9 68
9 2
24 79
19 90
18 1
9 28
25 71
8 11
10 18
5 54
30 30
24 77
24 31
11 21
13 41
26 95
4 10
24 29
9 88
0 68
0 30
9 76
9 70
24 78
21 4
6 26
14 51
10 28
5 24
16 46
24 3
4 85
20 25
22 91
5 2
3 43
2 5
2 72
29 23
25 84
8 80
24 60
7 2
24 86
20 14
1 80
15 77
6 22
12 76
30 5
7 60
16 18
23 55
9 27
5 52
1 28
11 84
22 41
16 100
25 63
20 4
28 27
28 17
25 86
30 2
21 31
15 22
22 27
23 4
25 29
7 23
22 53
19 31
9 83
11 71
14 44
15 2
25 95
24 53
3 71
9 70
17 17
0 50
24 54
10 63
13 35
8 68
21 71
30 98
1 75
14 7
13 30
16 45
16 14
27 39
2 92
16 75
29 55
26 54
20 40
1 97
21 94
22 86
18 96
14 25
18 46
12 70
24 92
16 56
28 47
24 89
22 50
15 83
30 53
22 54
0 28
14 11
2 3
8 72
2 35
24 6
10 23
13 51
6 78
26 79
15 93
2 43
10 35
4 2
11 11
4 73
19 29
21 72
23 64
29 89
7 38
0 59
5 65
1 42
25 18
16 96
25 7
2 23
3 92
20 66
7 72
8 66
26 50
8 32
24 96
7 38
18 11
19 19
0 82
6 55
19 19
3 74
0 53
10 8
12 17
2 69
15 18
22 90
13 25
11 46
26 59
10 34
7 1
24 34
11 75
2 64
4 67
12 52
30 3
3 80
14 94
26 42
5 66
28 4
23 8
7 57
11 48
7 70
16 84
30 83
0 6
18 71
11 10
24 82
2 19
29 30
12 25
28 77
15 13
16 73
7 57
26 60
19 5
14 6
11 29
30 34
8 1
11 41
9 11
30 6
20 81
1 59
20 73
11 4
28 32
15 19
17 42
12 70
27 17
30 96
29 59
12 50
1 6
28 98
6 82
4 73
0 12
20 20
23 81
10 29
7 46
3 26
9 61
2 38
2 29
29 92
0 82
17 44
19 66
13 94
21 56
14 56
29 12
25 94
28 60
26 27
23 18
8 92
22 47
17 46
14 40
3 5
