20
27 14
5 54
2 47
14 80
4 54
7 40
10 62
27 98
9 96
27 25
25 64
25 23
4 92
1 38
16 44
11 93
26 59
4 1
24 76
10 78
22 17
9 1
7 58
29 55
9 81
7 67
27 11
28 48
15 92
12 29
22 97
0 60
20 36
14 2
15 60
27 96
27 94
12 10
10 55
21 5
29 54
11 17
1 30
30 15
20 33
16 60
29 27
7 84
9 72
11 43
26 23
5 85
13 49
13 67
15 90
8 12
16 99
8 14
7 41
30 82
27 28
14 41
12 56
11 37
28 6
11 42
6 99
26 56
17 33
6 62
0 26
23 29
1 11
4 30
27 76
7 82
19 95
25 85
22 93
4 29
1 90
12 26
8 4
8 35
27 71
28 80
0 53
13 78
7 59
6 45
21 5
26 78
8 82
10 40
9 52
1 62
4 84
22 41
21 13
24 45
26 42
20 50
14 57
14 15
17 4
17 96
9 73
5 1
7 45
20 22
28 30
15 32
30 87
17 15
30 71
11 85
29 50
13 11
29 9
4 41
2 63
16 70
0 64
21 32
25 33
14 87
24 77
14 32
22 76
9 98
19 73
22 80
30 30
11 52
7 80
0 67
7 90
29 92
15 80
7 60
2 56
11 55
15 76
18 96
17 8
7 80
16 38
29 25
8 57
11 29
17 17
11 78
16 68
26 20
21 20
27 66
19 82
7 36
1 51
1 92
12 73
27 74
17 46
16 100
22 77
9 73
9 29
24 23
3 12
27 45
12 90
23 61
4 94
7 51
27 5
29 96
26 52
29 93
8 91
15 99
6 99
21 65
21 69
23 74
12 40
16 39
3 83
9 51
19 86
21 53
28 17
24 84
20 24
4 1
22 48
1 20
1 50
20 19
19 69
7 70
22 18
18 20
18 80
30 91
5 28
30 71
26 55
7 48
19 26
11 12
5 96
24 20
2 40
14 34
23 49
30 84
25 94
11 42
21 100
8 25
2 32
0 39
8 17
1 32
17 28
17 7
24 74
24 36
0 37
13 50
2 44
10 27
2 89
30 61
17 85
26 51
22 31
1 2
14 54
1 8
18 65
18 93
29 86
14 61
16 8
19 16
27 13
18 66
10 39
4 62
27 9
14 42
5 25
21 19
13 16
16 60
22 73
25 44
30 21
29 29
27 52
1 33
23 5
24 52
22 19
10 51
21 22
3 81
27 66
14 13
22 100
26 8
3 84
0 54
20 46
23 21
12 72
6 4
22 59
1 84
23 67
9 29
16 94
10 96
27 68
15 93
30 94
20 55
28 90
18 21
11 32
11 97
6 13
0 39
3 44
24 92
28 31
14 11
5 83
13 49
19 24
13 63
3 77
6 36
20 37
3 22
0 61
12 64
0 62
9 89
22 99
5 93
11 64
5 44
27 49
16 62
23 6
23 32
14 19
13 78
3 32
19 17
17 76
6 41
26 93
9 22
12 16
17 68
1 55
8 70
14 67
10 25
29 52
6 78
27 93
13 68
25 17
7 64
29 66
2 67
7 88
1 31
21 84
11 58
27 7
6 17
27 99
4 91
7 63
0 22
20 23
15 10
9 24
7 94
26 100
0 50
9 15
14 3
24 17
18 49
20 86
19 29
12 63
16 7
14 72
20 84
0 44
11 44
3 61
8 42
7 14
3 15
24 52
19 28
21 83
15 71
13 89
21 75
24 91
28 8
2 68
30 96
16 90
30 72
5 68
10 96
29 53
20 53
26 90
6 30
27 18
9 16
8 2
17 72
24 6
2 14
28 36
21 26
6 72
0 17
