20
2 25
15 7
22 46
12 23
3 94
14 89
28 60
29 85
19 6
30 51
9 1
24 95
25 56
13 91
14 93
9 93
23 11
11 64
29 21
23 94
0 90
16 25
20 24
7 84
19 24
6 86
6 94
16 78
15 1
27 35
10 46
16 66
8 15
5 89
21 91
22 72
26 18
14 28
27 71
1 47
15 63
30 31
3 17
28 93
11 32
12 58
6 87
28 88
16 18
9 84
4 70
2 38
17 6
5 16
20 45
3 53
24 50
9 48
28 58
4 83
23 2
18 75
23 28
4 4
28 96
10 98
0 79
27 92
30 15
6 67
25 82
6 4
2 71
19 84
13 52
20 63
14 34
15 33
12 55
13 92
24 90
24 30
24 4
0 70
22 48
20 33
9 89
11 72
3 32
9 95
24 6
30 32
8 13
21 42
8 34
12 30
11 21
3 41
14 28
3 15
17 81
8 33
23 45
24 37
17 64
21 8
25 12
13 5
8 32
0 82
13 77
8 79
3 47
22 26
19 74
28 83
21 38
23 86
2 38
12 91
17 92
22 17
13 3
13 60
24 15
13 18
1 66
18 54
16 90
12 58
20 13
14 43
8 94
1 15
20 6
21 1
19 26
14 5
26 11
20 72
16 49
12 59
24 17
17 26
30 36
19 81
23 97
22 71
16 1
3 23
16 7
24 49
30 68
10 32
18 4
11 6
29 4
16 44
19 26
17 44
23 65
14 75
3 32
14 70
4 26
24 93
0 32
11 41
23 89
7 9
0 1
22 5
10 92
29 36
4 20
30 16
9 42
0 68
7 44
14 78
0 22
17 61
6 80
21 79
18 69
16 88
30 8
15 63
28 31
20 78
6 34
13 100
7 34
19 37
25 30
28 29
26 63
2 58
13 30
5 2
22 34
1 31
27 37
12 47
27 50
24 24
11 72
17 35
21 65
20 64
5 22
6 31
17 62
9 90
21 26
27 22
12 27
28 19
4 40
20 12
7 4
30 24
4 82
26 32
4 71
18 71
16 100
13 96
23 30
16 73
17 76
8 52
5 66
12 60
9 39
10 39
29 17
25 53
27 18
19 65
18 89
1 86
20 89
27 80
3 37
21 15
4 34
27 78
30 93
19 4
7 85
3 13
26 73
4 90
12 85
27 12
7 78
16 35
1 13
21 53
2 53
14 41
3 47
11 13
13 82
17 5
13 69
0 75
19 36
19 3
24 12
1 29
14 2
4 19
29 29
27 66
9 42
10 59
6 22
27 92
7 42
8 2
1 8
6 27
24 96
5 35
28 17
19 70
17 100
5 30
5 79
6 78
24 82
2 51
9 87
27 23
22 32
22 15
30 28
29 73
13 69
22 8
10 91
21 82
20 17
4 15
1 22
0 21
8 82
26 67
13 12
20 35
5 66
17 12
27 36
27 54
23 4
24 52
30 70
10 65
28 10
10 45
16 49
6 14
16 68
22 16
10 9
1 24
1 12
17 69
24 99
7 41
28 31
18 21
25 26
21 4
22 30
22 36
7 25
4 37
19 26
27 66
23 52
10 47
30 24
15 90
14 41
23 81
21 93
0 77
19 18
3 18
14 44
5 23
10 76
28 30
30 19
5 84
19 24
29 76
25 90
14 70
1 14
19 88
0 72
30 26
25 55
6 54
11 70
21 75
7 23
15 85
26 62
12 72
16 15
18 85
13 65
6 95
23 92
28 4
27 77
29 58
8 73
9 2
26 2
8 70
15 57
2 55
15 3
24 35
26 80
16 44
26 56
18 11
23 21
8 24
0 11
6 76
30 56
20 37
