20
1 80
26 33
14 40
29 15
18 62
20 93
8 63
16 7
1 56
8 53
0 92
16 62
3 63
24 25
7 73
2 68
14 72
24 15
24 15
3 77
23 85
10 84
27 18
11 55
14 9
26 18
7 75
14 26
8 63
6 46
10 27
16 54
12 82
30 80
9 97
0 35
0 11
11 82
30 94
8 95
23 99
16 100
25 46
22 57
12 86
21 38
22 8
12 63
17 29
14 48
15 15
15 48
22 77
0 58
30 65
14 82
19 5
26 56
0 11
8 94
26 72
26 9
30 17
25 34
21 98
30 24
26 98
22 35
13 37
27 13
1 43
7 61
18 58
25 78
28 15
22 56
11 32
23 79
4 32
23 76
12 31
11 5
6 41
13 35
21 69
4 88
10 14
8 68
19 1
20 96
4 34
16 49
25 48
23 40
6 31
21 13
16 89
27 59
22 49
13 56
25 2
21 21
20 46
12 62
19 63
10 92
26 20
30 19
18 29
20 64
9 38
18 31
3 43
20 31
14 67
21 17
3 26
7 94
29 98
10 43
12 29
11 24
11 5
4 16
22 16
5 45
13 78
1 16
26 4
8 47
30 56
0 35
18 14
10 18
9 69
15 24
29 22
11 34
12 15
28 15
20 72
25 76
19 87
27 50
26 1
30 94
4 84
6 17
19 92
25 84
8 29
6 21
25 95
25 1
28 49
24 5
22 40
4 90
9 89
9 48
13 69
4 88
0 37
18 7
7 83
17 48
5 88
7 7
17 100
0 57
24 4
8 83
14 35
5 74
30 20
18 12
7 55
22 19
22 11
2 21
11 25
5 84
8 60
30 51
12 44
22 33
12 81
3 33
19 77
29 64
24 73
12 96
5 22
21 36
22 72
7 98
29 86
25 67
26 96
27 39
11 49
29 95
5 1
9 56
20 66
0 38
4 97
10 66
20 58
7 48
3 96
6 28
13 83
17 38
21 42
22 51
17 12
4 43
23 11
0 67
22 10
5 42
19 53
20 94
13 53
29 42
9 53
27 34
22 7
25 78
12 66
8 31
29 68
14 97
14 43
2 67
26 33
30 30
14 90
7 68
10 36
25 88
18 9
5 13
4 95
21 19
7 35
1 39
22 84
9 60
16 81
14 29
26 78
8 89
29 29
8 93
18 21
13 37
5 33
21 71
2 55
16 37
22 93
9 59
12 89
23 77
1 81
4 6
8 82
13 64
20 61
25 71
8 12
24 49
9 92
14 68
23 75
2 87
15 10
20 81
17 41
2 78
10 45
28 29
24 72
12 15
23 91
18 8
8 70
29 4
28 46
4 67
15 41
28 93
9 57
3 17
14 76
13 62
15 25
30 50
27 77
19 29
16 49
16 47
1 83
2 22
24 64
15 54
18 49
25 52
6 12
6 18
27 91
7 19
5 17
25 48
11 3
10 39
6 100
27 49
14 36
26 7
29 80
10 50
6 68
9 59
30 10
5 36
8 96
12 50
1 61
2 65
23 57
29 61
29 6
27 34
6 93
21 50
25 17
2 29
17 65
22 12
21 50
20 22
12 25
8 47
21 99
15 99
16 23
11 53
29 8
13 95
12 71
15 44
29 72
0 90
12 62
15 13
5 30
20 6
19 47
17 73
20 19
14 31
3 84
8 62
10 3
20 43
15 24
18 81
25 76
11 55
13 62
28 73
18 70
25 8
6 9
1 70
8 57
27 27
9 38
15 97
27 88
13 97
1 31
3 32
14 3
11 86
14 13
10 87
3 92
15 48
24 38
14 7
13 53
21 86
17 50
5 80
13 81
0 12
