20
5 87
18 92
17 96
17 26
10 28
23 35
25 83
15 49
27 54
9 97
17 1
4 7
30 47
3 74
25 57
30 28
9 3
8 49
11 24
27 32
30 18
21 14
19 21
11 49
12 34
18 13
15 66
3 90
17 16
13 80
27 72
15 98
18 52
16 83
23 82
3 62
7 19
30 47
8 95
10 93
20 41
25 33
1 5
14 72
22 21
5 26
28 64
2 66
15 35
24 2
19 38
0 42
0 88
29 65
6 73
18 10
11 22
6 71
14 43
2 44
11 99
21 5
16 23
8 65
6 41
27 19
11 62
5 13
23 38
0 51
7 55
6 82
28 47
29 2
20 46
16 75
16 42
0 40
11 22
19 40
21 67
14 42
29 66
8 52
6 65
5 13
17 9
13 90
4 94
7 81
23 100
29 60
18 37
29 35
9 91
18 42
5 96
2 76
6 96
22 5
27 45
21 74
25 35
3 33
19 35
6 64
21 43
5 73
11 57
21 27
1 97
18 34
13 84
24 96
27 20
24 11
24 51
27 43
9 4
18 39
3 44
2 76
20 52
23 90
10 68
28 29
8 20
15 65
14 16
5 82
14 96
19 63
20 50
18 42
17 46
15 11
9 11
3 73
21 82
4 17
3 2
10 67
16 26
2 47
26 67
22 52
13 73
1 29
20 78
28 14
27 6
22 93
2 24
23 86
22 5
24 97
7 96
28 68
17 11
19 28
26 34
19 55
9 4
20 35
8 89
17 92
20 98
25 34
13 69
23 57
16 97
7 47
11 84
13 42
9 51
15 53
24 60
12 25
9 91
17 18
10 73
10 98
14 16
7 16
26 82
27 84
25 45
24 34
6 69
4 66
27 3
14 29
29 33
10 44
6 26
6 58
6 24
6 10
22 1
21 91
5 31
7 69
18 30
3 10
10 23
4 74
10 46
13 90
27 64
25 88
29 97
15 58
26 47
0 82
17 16
26 64
28 88
17 63
10 48
14 50
4 75
2 70
21 65
28 75
4 81
0 7
28 42
9 38
14 33
2 28
11 72
15 30
30 64
17 84
4 48
12 31
2 12
3 36
8 91
11 76
29 31
24 94
15 68
26 11
3 69
24 69
12 64
22 98
8 5
22 98
22 85
4 56
2 72
19 54
15 59
5 28
21 42
20 92
0 47
9 84
26 69
29 31
25 94
29 37
11 55
4 31
29 77
26 93
2 94
23 66
30 60
4 75
6 97
25 81
11 28
0 3
24 2
22 91
22 32
9 50
15 10
23 19
14 93
25 21
20 23
15 28
17 23
3 92
1 70
16 69
7 92
6 93
3 58
27 72
27 60
29 25
17 69
11 67
29 78
13 60
7 35
20 34
28 15
6 11
0 60
30 35
24 35
11 49
26 98
16 71
30 30
0 16
8 69
6 65
26 6
19 88
25 13
26 83
19 58
0 77
14 45
25 9
27 26
19 64
7 83
29 27
22 29
27 16
12 13
9 70
6 70
7 97
18 74
24 43
28 79
27 100
5 69
24 7
25 61
2 90
2 30
22 80
6 7
7 5
20 48
2 51
16 23
21 71
29 6
24 74
25 90
23 56
30 27
7 40
3 87
19 83
21 98
18 90
9 97
18 7
5 53
15 16
26 68
15 83
29 39
7 60
9 2
15 78
17 95
13 16
27 10
2 71
14 16
12 44
16 54
17 17
0 25
4 53
17 31
21 87
17 28
18 81
7 42
16 97
11 2
0 9
15 29
18 48
19 83
14 79
15 42
25 81
24 99
20 38
12 7
21 87
11 70
4 98
10 36
28 34
