20
7 67
5 61
22 3
20 32
26 19
13 19
30 63
8 74
14 53
11 48
1 12
12 21
8 7
28 63
14 61
19 61
12 27
16 20
30 16
25 96
1 25
29 54
23 7
22 36
27 46
23 52
17 59
11 33
14 76
1 55
20 100
26 58
3 52
12 93
11 57
7 2
15 53
19 96
6 52
22 100
29 25
2 100
27 47
2 50
4 30
5 98
10 46
23 58
29 66
12 7
7 85
0 75
27 67
1 68
24 4
11 44
8 13
8 94
28 25
27 25
15 92
13 3
10 1
24 29
4 81
25 37
17 73
1 77
15 32
24 76
9 76
23 99
25 81
10 13
3 40
12 3
26 91
22 97
20 80
1 83
23 85
12 10
13 95
7 83
12 81
17 80
1 9
16 98
17 100
6 27
15 17
4 71
23 39
18 12
30 45
26 64
25 75
1 79
12 21
18 49
27 45
11 17
29 85
23 78
24 96
12 8
25 79
23 35
17 71
17 19
15 63
21 82
25 25
20 31
1 88
13 52
21 84
20 95
29 63
14 23
1 27
10 13
30 42
2 82
24 53
8 4
7 83
15 93
18 19
17 58
29 28
9 51
27 2
0 68
18 73
24 34
14 57
30 63
21 36
15 24
26 67
15 99
20 46
30 88
9 97
11 96
3 71
20 79
5 90
3 21
22 17
30 86
16 91
5 18
18 53
29 79
29 17
8 47
21 60
16 90
17 55
8 6
15 9
2 20
9 27
26 23
15 14
0 64
5 92
7 79
22 95
16 34
4 15
29 17
24 27
24 52
13 86
30 92
28 29
24 46
27 65
30 11
22 29
18 81
23 66
5 67
17 10
6 35
27 29
24 68
22 20
6 11
17 43
22 69
22 43
7 52
27 65
1 12
15 24
6 95
25 7
8 39
12 79
13 93
4 46
20 86
19 70
6 56
28 45
10 6
21 24
23 12
17 82
10 51
13 54
26 55
11 53
29 14
25 73
5 82
14 23
12 8
9 96
28 41
30 61
3 52
2 90
17 19
30 35
26 19
19 28
18 57
0 98
16 6
23 41
29 76
1 35
22 19
16 5
26 46
9 56
7 85
1 70
5 51
7 24
20 18
16 29
23 85
27 78
0 6
18 11
15 50
22 78
20 2
16 43
8 15
13 59
29 75
11 9
2 81
9 35
1 6
16 32
30 49
29 16
28 44
10 94
22 68
19 50
2 29
1 70
11 69
15 10
1 82
4 99
27 9
12 74
1 80
16 40
13 35
18 39
4 79
28 27
8 49
27 43
10 65
5 61
0 57
3 6
22 39
15 77
2 43
15 82
20 11
30 41
10 6
28 68
10 56
0 61
22 56
3 90
27 84
11 50
7 99
25 9
11 23
20 89
4 5
27 13
21 53
25 74
19 78
23 75
30 7
4 47
16 88
19 1
3 10
23 68
3 85
17 9
29 73
14 14
18 92
27 26
15 27
13 69
27 24
4 31
20 42
16 22
9 61
22 26
17 27
29 14
2 88
16 11
26 84
18 39
28 77
19 62
13 20
1 9
17 69
21 81
25 83
2 69
23 11
20 26
24 4
28 41
21 91
1 93
28 38
7 75
30 46
24 80
16 33
6 21
23 85
10 10
29 95
28 13
23 29
22 44
22 59
29 93
24 13
22 88
13 43
3 29
7 95
30 89
22 23
20 83
29 27
25 25
1 100
20 55
18 73
11 100
8 84
14 49
12 52
22 21
13 20
11 24
12 28
28 57
27 99
15 33
26 92
4 27
30 24
7 68
4 87
16 85
8 42
11 93
27 100
