20
20 77
18 99
1 29
23 80
14 54
8 32
29 59
2 52
2 51
28 45
18 42
0 62
22 8
14 35
30 57
27 63
14 55
24 97
30 99
0 29
4 26
19 41
10 59
21 94
4 98
13 25
20 95
25 13
19 41
13 26
3 29
7 95
27 86
27 34
30 11
6 93
9 75
27 86
27 16
19 12
3 52
30 75
30 31
0 16
5 99
27 57
3 58
3 81
2 59
30 61
21 5
26 81
2 58
18 14
0 29
23 55
3 68
30 67
4 24
1 44
15 39
2 16
3 94
3 26
1 46
11 61
14 13
28 20
3 57
16 2
16 22
18 27
1 35
4 45
2 41
10 40
28 3
15 59
22 9
19 92
8 16
14 71
30 65
2 97
1 50
30 73
9 54
19 33
16 58
29 81
25 75
22 81
17 99
4 94
19 2
16 34
3 82
8 55
19 43
28 43
21 76
14 18
13 63
21 79
20 29
29 69
24 53
26 52
27 72
13 50
19 29
17 8
10 12
18 29
26 86
14 91
9 69
27 16
25 46
7 19
24 11
6 29
9 6
29 84
21 50
3 27
0 36
26 9
27 2
11 5
14 69
9 40
8 25
19 3
2 37
16 73
16 84
0 94
11 16
20 4
22 71
7 97
23 6
5 28
13 88
2 69
27 32
9 76
16 79
4 32
30 48
5 78
18 35
26 27
8 21
14 79
13 29
14 15
11 6
4 92
11 6
0 17
24 42
2 100
16 39
3 58
27 64
29 13
13 98
28 93
8 4
2 51
22 30
14 34
3 43
7 99
6 74
8 39
3 31
3 65
1 30
26 96
0 18
21 52
10 39
21 90
10 47
30 62
11 4
17 54
0 51
15 94
20 9
27 26
20 87
30 83
30 84
6 25
17 11
3 83
23 12
29 45
16 13
14 22
19 4
9 90
16 66
12 75
9 4
11 72
11 2
8 42
0 44
10 13
6 12
30 94
18 16
27 13
25 6
1 44
9 10
13 4
30 65
4 40
19 46
30 72
19 51
16 95
0 44
2 12
17 25
29 69
4 100
24 99
5 93
19 43
29 70
7 60
9 100
27 87
19 46
8 45
6 28
20 62
1 12
11 70
11 42
5 30
17 44
29 5
26 14
23 20
29 3
7 7
11 78
10 84
5 83
20 1
12 55
13 93
8 69
4 65
18 58
20 30
7 94
3 33
21 83
20 20
16 32
17 89
5 60
11 69
26 96
29 31
0 71
29 82
0 90
18 26
21 95
27 26
30 4
21 51
14 91
22 11
7 31
10 70
3 62
30 73
9 75
15 32
20 87
5 39
14 99
24 21
9 17
28 64
25 23
16 12
19 45
27 67
28 78
13 52
22 55
25 65
29 10
13 18
2 24
14 76
9 15
3 99
24 79
21 37
16 26
6 5
14 67
21 91
21 25
2 27
22 18
3 93
7 5
9 100
22 34
12 73
18 10
7 69
16 94
16 58
0 79
10 32
15 60
27 14
27 35
26 58
17 5
1 43
0 65
6 95
9 34
25 17
2 4
11 89
28 38
2 35
27 22
2 83
22 4
4 34
0 67
25 78
15 46
0 46
27 72
26 34
13 48
28 30
15 48
25 27
25 82
5 55
6 92
28 1
25 39
17 89
29 79
5 36
11 70
7 52
6 65
12 75
7 28
13 30
30 100
24 81
24 100
29 31
11 44
26 62
6 82
3 86
28 77
1 67
26 7
24 15
17 68
23 67
7 54
30 10
11 87
2 49
27 100
28 27
7 81
3 64
2 62
17 93
6 74
0 61
7 67
15 80
