20
25 33
19 2
21 51
24 57
18 58
27 98
2 68
11 80
7 15
28 93
15 69
24 20
10 61
19 55
27 98
29 32
14 2
19 77
18 18
26 80
28 99
2 75
19 40
9 21
15 61
4 48
3 23
12 65
0 19
11 75
15 41
9 77
26 84
17 87
21 62
6 27
11 2
25 70
27 92
9 75
2 69
6 87
2 4
21 30
8 1
12 25
15 67
18 28
24 23
23 42
24 88
10 48
20 15
19 49
16 38
25 60
2 13
30 29
2 54
18 70
1 13
7 95
14 10
23 90
9 85
4 84
9 42
10 24
7 81
20 83
13 62
12 81
28 17
17 51
16 56
19 66
13 3
30 92
12 64
11 14
21 3
7 7
11 95
2 68
23 2
1 22
18 94
14 72
16 66
22 58
12 34
25 30
10 54
17 78
16 20
16 67
25 89
3 97
28 32
27 68
14 37
13 5
25 25
6 17
10 58
8 92
21 30
4 81
12 28
0 70
6 80
19 75
13 60
14 65
13 29
22 99
9 76
22 36
11 72
17 41
1 64
6 3
24 6
19 100
29 27
23 37
9 50
11 6
18 71
5 12
14 30
17 53
10 69
18 58
15 22
16 44
18 47
20 79
4 39
3 40
17 35
10 80
15 70
30 43
11 3
1 98
20 86
6 13
10 69
28 31
7 13
28 60
28 55
13 50
14 70
24 92
13 1
16 77
7 54
12 82
4 65
0 7
15 27
23 71
3 54
17 42
4 42
18 100
30 28
5 53
12 14
6 55
0 95
3 57
11 24
29 39
19 65
24 43
30 80
2 81
22 56
26 18
4 23
27 14
16 27
17 20
28 7
4 49
24 47
4 19
3 41
22 41
6 47
3 48
21 52
3 3
30 31
5 61
24 47
12 98
27 22
8 49
25 29
7 1
19 85
14 99
28 72
2 66
16 55
20 73
25 49
21 33
10 89
28 55
19 87
5 77
0 6
11 78
16 68
23 66
26 74
13 31
22 97
10 74
22 18
0 44
27 59
22 60
27 5
21 59
17 83
21 36
1 90
30 36
15 12
16 89
8 71
13 45
9 59
19 12
30 91
2 29
2 72
8 100
0 49
15 33
16 34
21 13
19 53
5 48
8 48
27 11
5 39
24 19
24 22
10 6
5 69
17 34
2 38
7 77
2 43
16 86
30 7
10 12
18 96
5 73
9 69
0 51
13 39
28 60
30 23
21 7
8 57
3 64
21 43
14 24
4 16
6 22
14 30
18 21
0 45
17 12
15 76
0 65
22 79
22 75
19 40
14 18
29 80
2 43
30 56
16 71
0 78
20 55
20 46
8 96
10 96
27 94
18 55
18 99
16 62
29 46
10 58
13 68
12 89
6 62
15 19
21 57
22 7
24 99
30 13
6 28
25 77
25 41
16 12
6 94
13 87
17 32
24 63
4 75
20 37
22 45
12 96
13 29
6 76
22 15
1 75
25 78
20 30
10 87
10 10
15 100
6 75
6 18
25 29
23 6
16 68
1 94
27 87
7 33
23 67
23 96
12 37
1 93
23 36
3 99
9 90
20 72
23 80
25 95
4 32
28 14
18 31
27 16
11 6
22 81
29 39
16 51
8 56
25 5
15 84
11 44
20 30
27 15
24 10
26 82
12 80
2 92
13 25
10 73
3 72
0 86
19 79
6 7
20 25
14 65
9 80
0 93
25 71
17 86
27 64
14 5
27 98
20 38
11 46
18 54
16 85
6 82
3 20
6 86
6 57
16 57
24 45
25 90
3 39
22 81
25 6
0 16
19 81
6 29
