20
22 51
18 63
1 75
2 16
11 3
9 59
15 32
28 87
11 81
12 36
13 35
28 7
2 79
13 24
15 90
7 26
24 31
10 41
26 66
30 3
10 46
4 76
24 53
13 52
0 40
22 10
14 40
6 75
0 63
27 28
9 55
4 89
7 51
27 30
5 3
10 53
14 72
11 53
24 1
20 51
16 42
23 16
22 64
24 84
20 33
10 34
8 33
17 4
13 19
22 18
27 92
6 13
23 15
15 66
10 83
4 20
21 14
30 17
20 94
3 33
7 7
21 97
13 1
28 80
17 21
4 75
1 75
25 51
21 21
17 81
16 12
10 58
29 31
17 26
21 37
15 51
15 76
1 32
17 54
9 21
29 73
22 2
12 88
30 12
8 86
21 61
26 78
28 45
3 72
27 64
16 99
12 82
4 93
13 66
0 34
16 10
7 96
30 75
16 69
7 98
9 84
11 33
18 71
1 22
26 17
20 10
4 3
5 71
23 11
12 85
2 30
21 61
29 98
27 33
13 61
21 97
29 57
17 23
15 67
24 11
1 13
18 63
1 99
13 89
23 91
15 59
25 62
2 12
25 79
26 97
3 94
2 60
25 75
21 61
9 48
13 95
4 95
20 31
11 87
30 79
22 66
16 73
24 50
24 70
27 55
19 85
27 48
7 90
24 6
17 41
22 19
22 71
15 56
20 11
3 98
27 23
9 24
20 76
7 46
28 83
10 80
19 45
17 37
8 65
22 31
5 55
11 87
5 38
20 85
28 70
19 60
30 46
26 88
25 55
3 43
1 61
15 99
29 31
22 45
3 65
22 25
20 99
20 68
4 27
16 82
12 51
27 47
11 91
30 6
1 32
2 94
19 49
22 54
26 19
11 52
12 33
9 8
20 35
4 88
20 24
19 46
10 78
16 48
17 72
0 75
6 13
5 93
6 44
20 39
12 52
11 2
12 43
11 99
8 9
6 7
27 33
14 85
16 21
13 90
6 33
10 13
22 61
9 43
28 78
7 57
24 3
15 40
19 22
17 91
13 30
20 66
7 48
26 30
29 39
18 49
20 94
17 45
19 47
18 90
3 54
24 69
26 60
14 73
21 47
17 34
6 62
14 72
30 4
27 32
28 60
15 26
15 43
3 40
9 84
8 83
1 25
27 61
20 3
8 46
29 90
15 57
7 66
11 80
7 72
12 81
14 92
24 26
4 53
9 89
26 83
0 49
29 2
0 55
24 23
2 34
10 76
15 65
19 48
13 50
0 30
30 28
3 7
30 48
15 50
15 93
7 9
27 1
25 22
25 29
4 83
20 84
8 95
16 52
14 28
6 20
14 50
0 55
2 90
29 51
18 6
14 19
6 76
10 15
13 77
23 68
17 22
24 55
25 50
3 52
4 51
25 64
25 82
28 57
17 7
16 60
25 84
13 80
1 19
19 77
1 77
11 98
23 95
7 10
28 63
2 39
3 79
11 92
24 49
16 54
20 36
27 11
11 23
25 65
19 60
6 46
24 90
28 57
10 28
29 65
8 80
23 3
7 24
17 23
16 68
22 69
7 31
4 9
19 21
1 52
13 26
29 30
24 26
0 93
24 94
14 25
18 53
18 29
7 87
27 83
5 63
0 85
0 11
6 2
9 87
1 21
7 84
3 25
20 30
5 10
25 99
7 6
14 42
29 29
30 25
8 56
26 34
3 39
14 52
30 32
2 38
5 55
29 80
11 20
1 95
24 45
28 4
19 98
22 99
11 37
0 59
14 16
3 16
7 88
24 59
5 71
15 38
0 70
7 30
25 73
7 11
