20
29 69
26 31
18 38
27 82
24 42
10 11
30 97
5 19
1 72
10 49
8 23
4 31
24 45
13 82
15 57
5 68
12 15
27 18
30 38
28 6
15 33
14 50
21 43
8 4
27 55
9 43
28 6
13 76
30 88
29 58
10 14
8 45
21 86
28 31
14 75
28 48
25 38
3 9
26 10
14 89
13 4
23 51
4 87
22 82
3 61
16 85
4 95
9 40
18 74
18 2
10 14
18 13
13 38
4 30
30 75
7 54
9 14
18 1
26 96
6 31
13 77
27 46
25 60
15 56
27 89
30 75
0 5
11 87
11 82
4 37
20 22
9 3
16 80
13 97
22 62
14 29
25 1
24 24
11 91
12 30
22 94
6 24
21 11
21 18
14 3
16 81
12 40
21 65
7 91
5 87
11 2
13 100
2 85
27 85
25 10
22 99
4 35
29 2
22 63
16 20
19 64
26 52
21 11
17 35
7 99
29 4
20 67
15 68
3 1
11 72
27 86
23 96
19 100
16 13
8 45
17 73
26 36
18 13
30 14
10 60
3 51
2 13
30 24
27 29
4 72
24 53
29 81
12 2
11 38
27 71
5 48
0 45
29 83
0 57
29 25
30 63
7 30
20 46
25 73
23 82
6 14
14 22
22 24
12 38
10 91
20 42
8 81
19 28
23 91
3 100
8 67
20 8
26 50
19 98
7 21
23 30
17 57
0 82
25 11
27 26
10 61
30 72
19 21
9 55
26 43
30 39
12 69
6 87
4 47
12 100
25 54
2 22
15 31
4 58
6 26
11 6
28 86
17 2
3 35
5 81
13 76
30 73
8 83
18 86
18 22
24 41
6 59
10 78
11 92
5 68
3 47
2 23
5 37
9 51
0 36
0 41
27 43
9 90
23 9
13 96
12 41
15 9
23 7
3 35
15 6
27 44
4 52
18 69
22 39
29 72
29 39
25 74
12 50
7 50
9 75
30 96
30 93
26 94
0 15
16 17
27 87
19 4
7 19
5 55
7 22
15 38
7 59
2 39
29 70
0 76
25 56
27 87
12 21
4 62
3 40
12 28
9 53
5 78
19 81
10 94
13 22
9 98
28 81
26 25
1 28
2 50
28 68
9 94
29 42
10 11
8 23
7 39
26 83
12 55
3 87
21 70
11 71
29 84
28 84
12 20
9 87
19 9
2 81
20 90
2 28
29 11
7 59
30 89
5 15
11 22
27 45
6 71
12 56
14 27
27 86
23 37
15 51
10 67
1 25
24 36
21 21
11 59
11 62
18 59
18 60
0 99
21 3
6 98
6 39
12 68
2 27
18 85
17 34
30 75
15 54
29 7
24 84
13 10
27 34
17 70
25 53
18 100
13 88
30 59
28 36
29 12
0 44
29 100
0 4
25 4
12 52
17 55
10 97
16 14
0 37
21 33
15 61
4 59
15 89
30 74
15 75
6 88
15 96
14 40
15 52
1 19
30 87
15 60
9 27
29 34
25 49
30 11
11 5
29 25
2 75
20 71
4 94
8 83
13 21
9 51
8 5
14 14
12 42
29 41
19 35
13 6
19 45
18 21
23 85
16 10
11 52
27 72
20 73
10 53
23 9
0 76
15 62
2 82
7 40
12 15
15 43
26 78
27 31
18 61
15 35
14 38
2 62
11 39
4 40
24 54
12 35
7 25
4 13
2 60
28 23
12 51
8 77
19 14
9 16
8 83
29 66
19 54
26 88
27 39
12 82
8 72
27 13
23 55
22 84
6 53
13 53
6 48
21 56
8 32
19 74
5 84
6 14
10 68
16 5
8 22
