20
3 86
29 76
8 98
1 100
22 5
22 37
5 34
13 1
29 50
23 98
12 51
3 16
22 77
0 99
19 68
26 67
14 16
0 71
1 60
7 16
10 46
21 73
26 87
21 69
24 84
23 57
5 44
0 31
17 48
13 58
26 58
23 56
7 25
27 68
11 4
4 4
12 5
8 84
15 78
10 65
6 55
28 59
23 100
5 44
22 5
23 86
14 22
19 31
20 86
30 9
10 77
10 49
10 98
11 25
30 65
7 37
2 98
21 82
21 79
10 3
10 29
9 17
19 64
16 55
0 58
6 13
24 81
14 51
27 5
21 31
19 13
28 97
0 26
7 76
0 37
10 64
8 76
7 69
11 69
19 1
24 84
18 60
27 70
0 26
5 18
27 90
6 35
0 68
30 40
5 61
22 95
8 61
26 98
25 16
28 89
8 96
17 22
29 15
28 3
7 25
17 17
25 71
19 10
17 47
1 69
4 56
17 11
4 44
25 25
13 96
11 1
6 64
2 61
1 30
10 100
0 21
8 96
17 63
25 27
25 80
10 96
18 81
28 87
11 60
5 94
8 42
18 3
6 37
23 75
15 23
29 63
19 64
23 96
8 91
22 14
0 61
17 42
20 76
11 92
29 67
29 10
4 66
22 1
12 50
2 15
11 11
27 82
1 95
22 39
0 6
27 34
4 91
22 27
22 28
10 33
3 49
21 83
26 8
7 1
27 68
3 9
21 41
2 9
12 86
13 88
30 15
26 77
1 89
8 15
1 29
2 95
4 93
30 75
12 10
2 29
22 42
29 3
11 56
10 71
9 68
5 1
29 34
28 71
11 24
1 97
25 16
10 76
30 7
4 73
14 81
30 91
8 1
17 50
30 96
27 8
20 56
2 27
19 45
0 76
4 97
25 1
18 90
24 32
6 8
13 9
30 32
17 38
26 69
0 97
6 21
4 98
13 22
24 28
19 67
6 21
1 48
5 54
28 43
9 53
28 67
3 2
8 35
5 75
23 70
11 73
14 67
23 34
3 74
23 84
10 37
5 18
14 2
27 85
25 55
1 69
11 51
0 50
19 30
6 46
29 22
0 81
16 42
30 78
16 80
27 87
23 17
3 79
13 18
22 35
16 48
12 12
20 97
15 37
16 39
3 4
1 36
22 72
5 69
9 30
16 49
22 75
25 78
2 73
24 13
10 21
6 4
30 5
1 11
2 1
29 64
28 44
10 31
16 86
4 72
10 18
11 100
20 82
26 20
0 66
9 3
26 27
20 58
3 80
22 61
16 73
3 85
24 4
4 7
11 72
12 48
18 37
14 8
28 44
24 90
13 43
13 62
6 49
29 59
15 35
17 30
19 4
4 68
13 74
22 3
8 8
3 87
28 16
11 90
20 34
30 22
2 25
0 27
16 52
19 30
13 22
20 73
8 74
0 63
8 72
28 39
3 20
3 16
19 80
9 8
8 74
22 3
5 38
1 4
26 37
1 69
25 9
25 18
18 87
19 2
8 26
23 21
19 15
16 13
26 98
29 78
20 93
26 22
6 94
16 67
11 43
5 9
9 35
0 4
29 49
24 61
29 61
11 27
5 52
12 62
29 66
27 29
9 44
16 3
6 90
13 22
2 14
14 9
4 20
14 44
29 3
20 16
13 81
12 21
30 57
14 51
3 12
13 1
23 23
6 4
4 56
24 73
11 41
10 86
28 55
9 52
28 83
19 97
9 45
22 98
17 89
16 25
28 2
5 41
14 36
7 56
3 42
4 6
11 74
2 48
18 51
24 13
12 18
9 65
16 91
23 90
