20
21 93
29 32
21 34
26 82
18 82
20 17
15 42
21 8
23 23
30 10
19 59
14 51
9 5
12 100
29 7
17 54
23 40
13 11
22 11
28 20
4 41
20 11
14 39
8 38
28 35
11 74
6 34
11 94
18 91
11 4
22 11
11 6
25 35
11 16
4 81
26 55
30 29
23 94
4 52
5 71
26 47
19 52
19 20
16 52
23 10
5 72
12 36
5 50
11 69
6 4
20 70
13 37
30 76
21 4
8 12
1 89
14 91
14 4
24 45
13 56
1 99
17 98
14 82
11 21
7 11
20 33
27 61
4 46
8 89
17 72
6 30
5 43
11 80
10 66
24 88
25 84
4 55
12 87
12 5
22 97
18 61
1 44
21 35
19 46
15 13
19 99
29 57
30 56
8 29
24 7
10 71
23 4
14 4
0 43
26 59
25 28
2 69
21 34
30 21
3 74
11 49
3 99
11 88
14 100
27 3
28 97
6 17
7 75
17 70
26 92
29 91
8 75
24 54
24 11
27 52
17 41
29 63
15 97
23 10
25 47
20 69
21 84
18 92
18 93
17 33
25 85
30 30
2 60
15 55
13 74
7 85
4 82
1 14
5 66
18 21
10 42
20 7
5 20
3 27
27 8
0 71
22 4
23 61
9 11
25 61
20 1
1 100
19 25
18 92
11 59
18 1
29 31
16 85
26 11
23 66
22 87
7 41
11 91
9 70
17 85
7 27
24 81
2 41
14 75
4 48
4 94
3 82
14 83
23 70
25 78
20 76
13 56
4 70
10 94
18 62
16 59
25 98
26 44
9 8
22 57
1 60
1 53
14 11
1 75
24 8
11 86
28 56
30 94
20 35
28 81
13 90
27 10
0 34
29 90
26 70
20 24
20 100
10 45
0 11
26 5
24 93
13 93
27 81
19 87
22 22
1 17
3 51
25 77
8 64
12 10
10 96
3 32
23 87
24 12
17 4
28 24
15 83
15 55
27 27
20 89
27 44
22 17
23 36
11 87
16 30
2 35
3 92
22 10
18 2
10 45
17 65
6 80
4 96
8 71
24 50
22 29
25 1
22 15
0 17
21 100
21 51
28 57
28 84
16 84
26 82
18 67
29 26
18 60
8 38
22 28
22 37
5 62
16 40
29 71
6 33
7 33
19 61
7 42
8 70
21 34
20 33
7 11
3 34
28 68
2 38
6 27
22 19
22 25
16 93
2 37
19 9
19 8
19 97
12 35
1 35
21 93
17 45
6 8
9 85
22 4
29 48
12 42
20 66
20 10
4 64
24 16
7 54
25 32
23 86
21 59
1 76
15 66
27 45
6 9
1 89
1 79
8 37
18 81
9 25
24 81
18 93
22 89
20 20
6 33
17 19
10 94
12 65
14 88
18 8
2 95
17 91
8 43
26 1
18 29
22 22
6 68
1 90
9 41
7 23
20 21
8 100
30 54
16 31
21 26
1 10
29 87
8 73
17 62
20 4
7 71
28 65
20 44
30 46
23 77
24 49
22 9
24 85
18 81
11 8
28 30
13 94
10 85
17 80
0 17
0 39
15 95
16 3
10 96
15 83
11 99
23 59
9 18
27 14
8 74
12 34
24 55
25 70
14 7
16 96
25 45
3 60
22 37
24 89
7 37
25 86
27 83
20 25
22 56
19 3
3 61
19 75
23 74
13 49
28 14
27 33
6 89
28 18
9 97
17 32
13 25
16 99
9 89
7 34
26 35
12 17
8 7
25 9
0 54
4 43
28 99
25 9
19 13
14 61
21 27
24 46
22 23
17 89
6 12
0 55
17 50
