20
19 74
23 25
20 42
19 91
13 88
9 43
9 47
22 54
10 32
29 45
30 32
25 61
6 65
6 74
8 82
2 7
6 52
9 80
1 89
5 52
17 42
25 63
23 55
16 94
29 6
20 6
1 56
11 93
23 86
6 36
3 4
24 73
29 85
20 54
17 16
29 21
17 85
28 71
5 93
5 75
15 76
25 97
29 98
25 93
1 53
15 17
20 43
28 22
24 94
16 60
28 60
24 64
15 40
29 61
28 34
4 75
29 69
3 31
6 8
24 7
1 9
6 38
22 68
12 14
20 50
17 97
26 40
12 32
27 25
20 16
29 91
1 39
20 25
26 73
1 54
30 40
3 73
5 48
22 8
29 76
29 37
14 56
29 97
3 6
26 40
27 34
10 76
4 15
26 34
15 2
8 8
21 52
12 6
15 28
7 35
30 29
18 50
1 92
2 78
27 38
27 61
11 81
11 98
8 19
8 56
25 66
7 67
15 47
3 57
4 55
25 52
2 23
30 78
14 93
0 1
13 13
17 92
18 11
1 45
22 23
24 55
11 12
22 22
25 83
20 57
17 51
18 81
3 15
1 85
4 89
3 7
25 63
20 38
8 90
26 58
29 66
15 37
14 41
27 84
11 21
25 93
2 83
6 31
12 83
12 100
30 71
24 21
3 65
17 44
22 7
18 19
26 87
5 79
5 65
23 34
11 83
23 100
26 45
7 15
18 92
5 88
3 42
21 18
7 15
10 48
10 85
20 90
26 26
3 99
3 85
22 24
16 1
8 55
4 93
26 18
30 68
28 53
17 78
24 32
9 42
4 34
29 2
2 34
8 51
29 80
2 93
25 50
14 8
18 75
29 46
18 19
28 42
25 54
28 12
29 74
15 39
1 45
7 82
26 23
9 46
4 89
4 11
0 26
8 1
16 61
3 74
3 26
18 60
28 76
22 85
11 20
10 100
20 63
10 8
5 67
12 97
21 45
25 29
12 58
22 29
8 28
14 98
12 82
17 31
28 6
0 96
17 3
29 54
28 10
19 25
19 23
19 67
2 25
24 28
14 83
4 14
7 89
4 90
28 78
15 75
4 73
0 69
26 62
3 23
0 58
4 96
4 62
20 89
1 32
3 92
8 6
18 15
8 42
15 46
8 97
19 14
29 29
17 20
29 75
12 44
6 56
25 76
22 90
7 39
13 92
12 7
20 54
19 9
6 11
12 93
12 1
21 95
12 51
11 43
5 93
7 48
17 4
5 79
11 85
21 4
17 16
13 32
8 96
15 76
20 73
1 16
23 81
9 7
28 26
28 71
15 15
12 89
30 54
9 7
5 85
11 87
28 96
13 65
23 100
6 20
0 88
12 96
18 87
23 61
23 34
25 86
3 34
0 63
28 53
23 98
18 28
2 32
1 13
10 72
26 10
10 58
25 57
17 11
29 88
2 28
29 53
22 75
20 84
6 78
28 32
4 13
11 22
19 26
20 22
28 21
26 48
4 34
2 83
15 75
17 99
7 63
15 70
15 48
19 8
12 41
5 48
19 20
15 21
3 28
11 44
10 99
10 37
7 1
7 98
16 1
3 36
18 71
11 61
7 36
21 98
7 12
20 77
22 76
10 4
19 58
1 76
24 12
10 90
0 48
4 25
12 54
12 49
4 53
7 10
30 32
10 34
25 60
9 34
0 96
5 22
9 69
10 61
0 17
30 78
12 96
14 60
27 50
7 58
19 73
13 21
22 43
0 18
4 58
16 58
25 4
9 61
10 67
23 78
28 33
28 63
5 69
14 20
16 99
30 40
20 17
