30
11 96
22 55
13 84
19 27
21 6
20 79
1 39
25 15
15 65
17 34
6 79
20 48
4 26
16 85
14 70
15 62
18 58
21 55
18 68
16 96
7 50
21 75
17 75
16 67
10 96
29 75
1 46
28 13
26 47
6 48
2 69
4 16
4 64
0 67
28 65
12 43
7 99
19 9
21 100
18 43
15 88
19 30
13 71
21 19
25 81
23 58
20 75
2 51
3 50
24 9
16 37
25 56
24 71
4 53
23 79
5 49
10 40
0 56
9 26
12 50
19 25
12 75
11 89
16 46
18 82
20 32
19 27
1 46
18 99
2 32
5 60
2 87
18 89
18 66
29 8
17 42
18 53
0 29
26 75
5 10
4 49
7 81
15 42
25 17
9 60
29 34
7 77
25 91
5 94
11 79
22 45
3 37
7 84
26 88
7 83
2 8
4 16
26 33
4 58
12 59
4 42
7 3
0 42
7 20
15 10
2 98
17 78
11 91
4 21
1 34
21 49
25 65
20 58
29 71
11 94
3 23
5 48
14 10
1 88
7 38
26 61
5 93
26 65
14 96
4 33
19 13
20 80
17 85
23 53
26 64
29 75
13 23
13 98
26 8
25 51
21 35
12 58
0 24
30 49
30 41
20 85
12 43
30 10
25 15
9 59
1 68
2 55
29 44
26 85
10 14
20 88
9 39
10 57
17 99
27 62
11 62
23 80
7 44
11 71
20 16
13 88
15 89
16 11
6 13
12 2
23 94
11 12
8 2
16 73
12 97
16 77
30 31
10 87
13 28
6 86
28 39
11 39
18 47
26 28
23 85
23 79
21 22
26 87
23 61
4 46
3 43
10 22
18 59
3 95
24 33
2 14
4 85
22 10
22 6
29 69
14 24
12 5
21 86
13 25
24 52
30 85
1 98
3 63
10 44
15 6
13 86
20 9
19 97
19 70
27 18
0 97
28 77
27 71
0 17
0 80
7 35
13 3
4 49
1 62
23 13
12 82
20 20
8 75
25 8
7 51
15 83
4 96
15 24
3 66
17 14
29 83
26 22
22 45
26 13
11 25
2 83
22 42
15 1
10 75
28 21
16 55
21 23
9 95
11 69
26 88
5 35
20 58
13 61
4 71
14 5
28 69
11 76
2 77
18 28
21 10
17 44
15 30
25 24
8 78
10 46
5 37
23 54
11 81
25 86
11 48
22 63
17 22
8 54
2 2
21 63
23 42
12 48
20 45
8 40
23 84
29 34
9 88
16 89
5 39
21 10
30 12
13 6
27 41
14 66
22 70
13 16
28 5
8 43
25 26
14 98
28 95
17 36
16 88
29 39
13 91
6 4
15 8
20 30
7 70
19 100
23 90
2 82
12 79
15 18
19 77
4 93
20 55
3 82
13 49
21 60
21 61
5 40
29 10
9 79
18 71
6 48
19 79
0 10
24 47
0 47
10 95
10 61
21 58
20 10
19 80
15 74
25 19
4 63
28 24
25 81
17 67
0 12
4 68
21 32
30 84
19 64
5 59
2 83
21 91
23 23
12 52
4 27
24 70
12 21
10 90
23 50
5 6
28 41
29 87
22 35
24 82
22 2
18 42
30 54
21 19
11 53
6 76
21 4
23 75
2 13
14 37
24 40
12 80
19 60
25 28
26 57
9 7
11 37
22 56
23 36
1 67
20 34
3 36
4 93
21 75
21 50
3 69
11 74
29 94
1 6
30 64
30 81
7 19
11 55
18 5
17 78
19 73
29 56
27 67
11 68
30 83
23 18
4 99
17 96
14 56
19 50
22 82
20 89
25 1
20 42
