30
25 71
0 39
19 48
18 51
10 82
9 65
29 99
7 49
13 20
10 5
18 10
4 48
9 75
3 85
16 40
9 38
21 66
28 95
18 54
25 80
8 78
22 11
19 57
13 13
21 5
28 69
8 30
17 1
2 11
14 58
0 69
23 89
2 25
27 21
24 91
4 6
29 37
5 88
7 46
8 57
26 12
6 61
2 83
13 95
9 31
4 6
2 75
17 99
12 89
5 18
30 80
14 62
2 50
23 77
4 71
30 74
27 35
17 6
10 69
11 14
22 78
21 28
1 68
4 17
12 12
3 5
10 33
30 1
22 4
10 91
9 44
21 80
28 23
15 36
22 57
20 23
14 55
0 17
5 81
0 10
3 17
5 99
6 74
19 69
10 2
21 39
24 11
25 93
15 51
25 31
13 97
23 92
14 58
24 100
3 72
6 8
13 78
15 43
27 47
13 64
20 81
19 64
2 97
20 21
18 73
6 42
28 41
12 12
13 17
20 11
25 85
16 77
14 7
17 89
30 90
19 3
21 59
0 74
17 11
5 51
2 73
26 68
12 92
21 83
22 50
25 21
13 5
27 68
13 74
14 10
24 9
25 41
28 42
3 35
13 15
26 41
12 28
11 93
17 35
22 98
17 3
22 83
20 24
24 57
29 50
0 39
12 51
24 48
19 41
1 97
27 4
1 85
10 90
6 31
25 71
1 62
14 33
6 73
10 51
29 96
26 76
29 27
28 23
17 10
9 58
22 43
16 81
10 95
16 5
5 31
0 37
26 32
10 11
5 41
6 9
28 5
20 22
6 56
23 95
6 68
13 81
3 92
9 94
19 20
24 77
11 43
27 10
0 95
23 91
28 62
7 65
12 20
9 12
22 35
22 2
25 81
8 38
17 67
18 27
0 88
15 44
1 85
1 80
13 33
10 12
0 40
25 7
12 55
20 66
4 81
2 36
14 90
19 44
27 85
19 75
12 44
18 11
29 36
4 92
13 65
22 94
21 34
19 86
16 61
29 90
16 12
0 23
27 3
4 58
9 89
1 79
9 27
16 77
11 33
8 94
19 70
7 80
15 4
8 78
8 92
20 48
8 75
25 48
2 85
30 93
4 56
6 97
1 92
28 37
21 61
25 2
22 49
16 70
27 8
28 8
17 97
3 30
25 89
27 59
25 23
18 7
21 43
7 65
7 19
1 84
28 65
7 69
15 79
9 62
11 40
15 49
23 74
21 64
17 92
7 10
21 7
20 55
29 12
13 82
30 37
20 41
11 42
6 69
12 31
21 72
14 62
4 69
28 6
8 28
12 55
21 68
27 39
26 8
22 28
10 48
7 70
3 23
11 39
19 79
7 64
28 32
17 73
23 40
6 85
22 100
13 1
18 14
23 27
13 57
13 44
3 84
9 5
9 40
18 20
11 79
4 42
4 62
15 37
27 94
15 85
5 77
17 39
3 88
10 76
17 23
9 70
14 6
27 73
13 41
24 46
18 16
17 83
6 59
2 32
29 63
4 65
7 74
4 30
9 54
2 63
17 46
3 33
10 49
12 6
12 37
25 45
11 59
17 77
23 3
26 86
28 15
16 58
15 20
4 76
17 98
28 10
11 51
15 28
30 50
28 4
25 99
5 16
24 19
23 58
2 34
5 45
2 60
11 74
1 73
13 57
7 72
12 74
2 99
3 91
13 20
30 3
11 75
21 60
18 87
14 17
10 78
0 6
0 97
3 63
4 42
2 1
1 84
12 59
6 73
26 81
23 91
8 88
10 36
28 10
18 81
16 56
5 13
26 74
22 85
30 11
