30
26 52
0 18
4 24
15 73
4 2
17 55
17 48
4 91
9 18
15 16
25 75
7 69
26 37
8 66
5 72
14 36
23 7
22 62
9 69
3 97
9 94
4 2
18 71
7 62
5 73
21 98
15 59
28 55
9 33
14 91
1 93
9 64
7 80
14 57
29 83
16 38
19 37
9 82
0 39
18 39
30 22
23 85
25 94
11 17
9 32
4 30
24 51
17 41
7 64
23 93
29 12
0 64
4 10
8 73
20 63
20 42
26 56
11 24
23 83
26 97
19 37
30 37
25 78
29 92
17 60
27 63
16 2
28 83
3 12
7 18
0 40
15 41
19 68
27 12
11 41
11 57
12 66
27 20
7 71
8 64
21 80
24 19
21 30
12 24
29 41
22 7
17 7
11 97
11 37
21 41
20 96
24 38
17 24
25 98
7 49
29 87
8 11
20 52
9 30
28 20
4 53
11 17
24 48
3 52
17 88
21 78
15 51
20 55
2 18
13 32
4 92
7 57
8 38
28 91
10 18
13 99
13 87
21 24
28 64
4 96
13 62
15 7
3 51
21 53
6 38
14 45
9 79
25 58
11 21
26 7
24 73
1 16
27 36
27 82
8 84
29 45
8 100
24 90
12 43
4 63
24 65
30 13
29 13
25 77
9 93
30 47
17 34
23 44
8 99
20 93
3 25
18 36
6 26
4 1
20 75
2 68
30 53
30 71
16 88
25 61
7 29
6 58
25 51
12 33
23 46
16 89
26 48
1 68
6 67
24 57
28 91
27 70
12 1
21 15
29 67
13 35
10 81
24 53
13 40
4 20
0 54
19 67
29 26
5 32
22 92
11 9
11 54
5 92
12 53
4 61
18 68
8 86
2 4
2 11
23 3
9 7
1 25
16 98
26 96
11 55
16 18
17 36
15 3
6 76
13 60
2 23
19 54
10 6
6 50
21 4
30 99
12 63
1 33
23 92
26 36
28 71
21 9
24 58
10 93
24 88
21 13
2 75
7 92
18 5
14 5
6 46
10 59
14 87
24 3
13 36
19 71
0 59
28 79
12 23
16 89
22 37
17 6
5 42
6 43
30 31
24 41
2 65
20 91
22 6
25 32
10 54
30 59
10 34
15 29
2 26
3 85
10 79
22 67
8 45
4 38
2 72
29 81
9 81
24 87
22 31
0 90
19 71
5 13
28 59
26 95
26 98
2 44
17 10
10 98
8 68
9 34
19 57
11 76
10 8
0 73
8 87
7 22
25 35
9 72
4 89
6 95
15 13
28 34
23 66
21 4
8 54
1 25
18 78
7 86
8 17
24 72
4 67
14 19
9 18
23 18
18 96
17 46
27 4
18 24
15 47
17 90
1 38
7 78
11 2
24 61
25 59
18 97
27 6
8 95
27 54
24 51
13 86
23 73
10 8
19 90
1 12
15 19
26 81
0 66
30 10
29 11
23 2
4 42
20 83
2 94
13 15
4 94
26 32
5 36
29 47
18 70
29 42
16 52
10 28
10 33
10 12
3 15
15 72
0 16
25 8
11 45
23 20
13 65
10 30
11 84
7 25
12 28
18 78
19 83
22 33
13 51
21 71
14 72
5 12
8 78
29 18
16 22
25 68
6 28
11 16
3 67
13 54
14 96
7 42
8 65
0 99
27 76
1 71
11 26
0 4
27 14
1 51
3 74
15 94
21 61
11 23
5 56
18 30
3 81
9 77
21 31
30 91
30 26
11 92
28 6
21 74
18 86
4 95
6 61
28 95
10 25
13 3
15 60
18 14
10 73
7 36
14 51
20 90
3 35
4 14
