30
4 76
9 90
20 50
27 13
10 47
21 58
11 35
26 40
28 16
24 60
10 53
0 71
12 86
9 64
30 89
7 51
19 44
19 54
16 16
27 70
27 24
26 67
19 3
3 63
3 24
4 18
15 100
15 5
13 89
28 67
27 82
15 98
22 14
16 11
25 46
8 67
28 52
20 39
13 91
10 10
18 97
2 29
20 44
22 62
19 58
26 42
15 43
23 90
9 21
30 87
22 39
8 91
0 64
10 24
30 75
21 77
24 95
27 42
7 8
21 24
13 4
27 45
16 29
22 32
28 88
1 84
4 8
4 45
22 61
14 58
7 60
27 6
15 95
18 19
19 11
20 11
7 50
1 78
25 2
21 77
15 7
1 68
3 73
24 28
29 25
12 9
23 58
17 84
21 92
1 21
1 91
30 73
8 36
6 15
11 11
21 41
8 75
24 39
11 17
5 98
16 1
7 14
20 79
23 33
3 66
28 68
1 3
21 100
0 39
0 81
19 71
15 59
0 98
23 41
14 92
7 87
17 39
29 64
25 38
2 78
9 34
19 60
6 11
5 8
7 79
21 20
22 92
26 16
27 50
14 57
1 45
3 15
7 3
27 67
15 22
7 74
10 97
12 86
1 25
1 40
29 79
9 82
17 87
17 44
30 7
28 65
22 26
17 99
28 60
11 61
12 48
3 53
11 28
21 71
2 53
22 38
19 59
1 45
24 92
16 32
15 69
20 33
29 53
8 55
18 53
10 28
1 19
30 93
12 9
11 89
12 99
23 77
19 95
12 19
22 100
28 35
12 85
13 97
30 69
26 12
0 63
13 48
3 57
16 37
19 81
14 84
3 61
17 31
20 23
21 82
8 45
30 96
4 14
20 55
27 73
4 32
14 54
26 91
26 65
17 55
26 9
6 7
13 46
16 58
8 25
8 51
29 1
29 60
22 87
12 61
10 60
28 30
26 16
10 4
22 53
14 49
8 50
17 24
9 23
21 61
26 77
7 16
15 7
19 49
4 44
1 68
13 68
29 5
17 15
4 78
29 32
10 15
22 56
23 45
24 6
5 71
16 100
11 7
10 90
17 81
17 98
22 53
16 76
0 96
2 25
19 31
0 58
7 11
15 25
16 87
15 97
19 74
8 42
19 21
3 59
26 30
18 26
28 37
5 48
7 29
0 100
9 86
21 100
10 8
16 87
13 35
19 29
19 68
10 37
30 32
9 34
1 58
18 57
4 43
22 4
28 33
21 64
21 99
14 37
3 11
23 84
9 5
23 14
30 11
2 78
25 61
22 35
22 99
12 11
6 81
29 6
11 16
20 89
29 51
11 83
22 38
3 95
30 43
24 89
17 2
14 64
3 92
13 24
6 98
27 54
9 53
25 97
14 87
21 2
29 55
16 98
2 99
8 94
11 8
8 1
9 65
1 27
28 90
22 80
22 42
2 28
7 2
16 45
27 24
14 31
6 44
16 8
16 97
2 87
16 89
20 38
1 24
13 31
22 56
2 16
1 47
8 59
2 75
26 38
5 49
13 81
27 68
29 54
23 29
25 7
4 20
18 99
0 13
2 94
14 47
14 45
1 29
13 77
17 84
11 57
25 29
0 44
17 54
16 81
27 98
21 15
9 99
6 81
9 10
6 99
7 76
23 36
28 29
25 49
11 39
1 96
9 43
4 12
18 93
13 51
10 50
7 89
6 23
30 71
21 78
7 66
16 16
11 40
10 26
1 45
27 10
20 69
10 92
29 63
9 90
15 81
19 42
5 75
15 23
29 48
6 68
4 68
0 57
13 5
2 67
