30
9 30
6 99
27 35
25 52
16 56
16 86
23 46
13 63
30 8
30 84
14 94
14 62
11 56
8 65
7 50
11 68
25 4
24 97
18 20
21 4
24 84
4 78
1 21
9 68
17 97
9 84
2 73
4 69
27 76
18 9
29 6
3 83
7 82
0 58
8 74
19 97
22 2
12 65
18 54
5 52
5 60
5 97
20 86
20 4
9 79
16 20
15 48
20 20
7 20
6 63
5 49
27 89
11 26
20 8
13 66
13 12
23 81
1 2
18 70
7 49
4 6
12 32
12 56
27 73
16 85
5 45
5 44
16 33
11 84
19 71
1 56
18 8
16 27
30 91
0 10
11 20
0 4
2 90
22 62
16 52
8 38
6 20
12 90
5 92
3 26
14 81
18 53
22 22
5 63
26 13
14 62
17 56
21 67
9 92
20 41
17 75
10 99
28 57
7 99
24 23
25 47
17 86
3 54
5 96
20 59
29 71
19 17
14 10
23 68
16 45
24 33
9 78
22 45
28 65
11 92
9 8
14 24
13 41
12 48
30 7
1 70
21 87
27 2
21 72
12 20
14 1
19 15
29 91
26 62
26 32
8 87
5 87
21 26
27 8
2 9
12 65
26 11
11 23
7 87
2 11
6 29
30 3
26 42
24 66
9 35
16 58
13 34
30 18
3 65
27 53
5 14
4 78
22 74
15 83
7 50
9 25
24 75
21 86
16 72
22 93
14 2
25 14
26 63
26 67
16 36
2 37
19 31
23 43
13 3
11 83
8 76
3 38
10 83
20 2
4 79
15 77
25 56
27 1
15 18
4 38
27 53
13 32
3 30
30 81
9 14
5 62
10 61
8 52
24 35
5 54
3 23
16 31
25 41
5 53
6 74
30 55
10 46
5 22
30 23
22 3
19 50
3 90
18 70
13 44
24 16
27 43
17 59
21 74
5 21
4 27
25 58
12 83
13 23
3 32
11 71
14 84
19 84
22 78
21 23
19 65
27 67
14 60
8 59
4 21
5 47
20 2
4 57
11 15
18 74
29 46
27 37
9 6
21 26
8 74
19 76
27 5
17 68
13 2
14 22
11 12
28 61
30 31
27 14
20 34
15 34
3 44
26 88
1 21
7 6
18 81
27 36
27 5
16 74
6 92
16 66
7 21
8 32
5 75
19 78
23 33
26 36
14 34
1 58
9 38
24 47
14 46
24 44
25 47
4 11
27 25
17 47
15 35
16 4
29 10
18 65
2 9
28 78
27 50
18 47
6 27
20 45
1 27
2 60
24 62
18 52
2 36
18 12
0 58
9 17
19 21
14 25
29 1
26 54
1 17
28 27
21 76
28 93
5 64
27 44
6 99
5 21
29 68
12 51
24 45
9 10
28 16
4 23
29 89
29 48
6 81
2 85
24 82
20 50
3 92
24 10
24 90
0 20
13 84
20 5
10 3
26 71
27 19
19 86
24 57
11 7
12 64
14 56
14 36
15 32
21 30
14 22
29 78
2 99
18 80
24 62
25 80
4 27
23 82
3 18
17 81
27 65
12 27
5 57
16 86
5 40
23 84
1 42
29 90
28 9
1 53
13 27
25 16
29 47
29 38
15 75
26 76
10 10
23 42
12 21
15 21
7 22
20 2
6 7
3 45
14 6
12 98
6 100
7 40
4 48
7 92
13 46
24 87
12 7
1 55
23 91
10 80
21 17
27 10
0 56
21 8
7 96
15 59
26 82
16 39
25 11
30 67
1 24
17 1
21 42
26 22
30 7
10 1
16 10
22 11
12 27
21 76
18 92
23 5
24 66
2 19
