30
12 53
14 57
15 2
8 83
27 34
22 59
9 74
15 33
27 46
1 39
29 64
8 99
6 53
10 17
14 92
10 3
12 39
26 12
4 78
17 42
24 47
21 92
12 23
6 23
26 71
14 68
14 99
19 76
14 97
24 15
23 34
23 91
4 95
1 10
17 25
20 57
20 43
27 97
26 18
16 66
0 1
15 45
2 42
0 55
26 53
13 18
4 62
9 51
1 17
0 88
14 9
12 2
5 84
28 88
10 96
1 72
1 30
30 15
4 60
7 41
17 78
1 17
19 26
24 56
21 56
4 56
5 68
28 60
18 78
7 85
1 17
20 75
9 8
11 64
17 11
11 100
5 53
6 35
5 39
3 43
27 20
1 29
23 46
22 42
21 32
1 89
8 94
22 61
7 26
0 21
18 94
25 67
6 65
16 55
9 6
2 43
15 53
23 59
12 47
5 65
27 8
17 31
20 89
23 74
26 10
10 69
4 39
29 55
17 11
8 52
0 69
19 16
9 42
6 96
13 63
23 39
13 69
26 56
16 13
8 93
23 67
15 11
26 60
8 46
21 79
30 2
16 10
11 35
2 69
23 22
14 2
2 50
12 74
19 58
11 35
21 2
6 13
11 73
13 70
26 14
30 68
16 45
13 26
19 43
26 66
9 57
12 47
7 50
11 65
10 31
7 57
28 90
4 27
23 35
4 21
2 31
8 25
25 69
11 69
26 54
28 6
0 75
2 44
18 54
4 17
21 1
24 71
2 32
2 15
5 63
22 37
17 34
5 53
26 71
28 51
21 5
8 9
10 3
0 27
4 21
27 39
28 21
0 63
27 40
29 85
13 84
20 81
26 12
28 73
27 73
9 36
27 93
13 40
2 33
26 19
29 67
29 28
8 2
27 44
1 67
2 1
19 48
10 73
3 40
30 87
0 75
26 93
20 57
30 44
5 63
6 28
10 59
23 69
4 19
21 35
7 70
11 29
8 61
8 95
28 83
11 91
5 57
27 94
21 19
30 96
24 73
30 68
8 44
2 95
26 68
29 34
26 58
12 17
8 84
16 93
2 43
10 38
1 86
3 23
4 40
21 7
28 94
3 55
30 15
8 40
28 38
17 76
22 23
11 32
25 20
5 28
10 77
16 43
20 95
15 41
10 92
13 93
4 31
7 4
1 22
19 53
17 48
16 12
0 81
7 41
30 5
9 75
17 11
11 96
17 30
29 12
14 32
16 87
7 70
19 51
16 75
22 56
10 59
1 85
12 50
6 3
29 16
14 91
26 18
15 9
19 41
29 47
6 39
13 40
0 94
0 23
15 92
24 65
8 99
12 94
2 41
30 42
7 60
10 85
14 60
6 70
15 51
25 42
28 65
21 7
0 92
8 85
29 57
18 37
7 78
27 23
14 45
1 52
4 46
23 52
7 48
24 100
29 24
22 9
24 88
19 3
17 79
11 21
17 96
15 12
25 69
14 88
7 55
3 61
15 47
22 94
21 23
0 42
3 62
4 88
9 58
20 45
17 39
6 48
2 41
1 97
3 47
8 13
3 97
28 21
9 6
5 50
2 28
21 8
22 63
10 82
26 10
9 7
10 59
24 83
14 75
17 50
11 12
12 56
1 87
9 82
14 89
25 28
7 52
14 29
2 98
0 86
10 93
29 68
24 26
24 18
22 80
27 59
0 98
1 15
11 11
24 87
4 10
23 81
4 76
24 51
9 58
30 16
14 29
18 14
23 59
26 16
19 71
26 96
9 93
16 74
22 9
1 24
11 21
24 81
0 58
13 28
8 18
3 68
18 21
