30
12 82
6 59
3 56
22 76
26 79
21 23
9 98
9 88
0 61
7 10
27 21
12 11
15 55
6 36
25 87
24 4
0 53
1 44
26 88
22 2
17 65
20 54
0 34
24 37
9 72
3 17
8 2
25 37
3 92
15 67
19 69
29 30
5 55
11 93
12 93
8 18
0 96
20 19
24 23
12 72
10 17
22 59
2 89
10 41
10 26
7 89
10 59
10 93
19 74
8 85
27 95
9 83
10 33
10 46
21 6
24 99
24 22
1 39
28 1
13 31
5 55
22 19
0 46
5 52
25 39
25 58
9 4
15 45
1 14
23 77
23 19
17 24
30 88
29 97
22 62
7 29
1 92
7 41
10 59
9 96
20 54
26 11
0 49
14 76
21 96
19 48
28 73
1 77
17 18
21 63
21 26
19 7
4 24
6 56
21 67
27 55
12 89
18 34
18 53
29 84
9 93
2 66
11 77
1 66
4 46
19 23
22 4
29 32
20 12
13 51
28 59
17 77
4 55
18 87
13 81
2 81
17 48
0 54
1 65
6 28
21 25
16 39
28 39
26 65
0 2
17 35
2 18
1 55
0 51
24 67
19 90
19 86
16 93
6 3
17 64
27 84
17 41
21 85
28 47
13 1
13 98
24 1
17 7
18 40
15 47
30 37
18 30
23 77
24 87
25 77
28 74
2 81
23 12
13 65
27 50
19 99
18 2
8 40
8 37
9 77
3 26
8 9
7 77
2 81
15 31
3 57
27 55
20 86
6 80
13 75
10 79
7 61
30 1
11 65
15 78
5 47
5 87
1 4
11 50
24 86
19 79
8 93
4 58
7 20
2 22
17 36
29 88
2 88
4 34
11 73
27 47
24 60
26 2
25 68
21 12
11 78
1 82
11 77
2 35
15 74
10 82
12 98
21 58
20 17
19 45
10 41
18 51
5 22
28 11
30 1
11 31
10 5
26 28
20 38
9 27
1 22
22 91
6 10
12 55
22 65
12 47
5 54
26 78
2 64
26 70
27 95
8 34
29 45
0 20
28 67
3 92
18 71
8 14
18 61
3 33
23 15
13 14
19 11
3 47
29 24
6 97
23 56
30 24
4 69
30 96
15 88
9 95
8 42
22 14
9 69
1 36
9 52
15 80
6 42
2 80
12 86
1 11
1 25
28 85
26 45
20 79
12 24
28 2
6 44
7 63
11 10
24 61
21 93
11 57
13 36
20 4
22 4
12 63
17 99
16 46
3 36
9 100
12 36
22 29
20 52
16 34
7 16
3 80
20 33
15 78
23 41
14 8
30 83
13 27
5 47
26 17
26 26
30 89
20 48
26 7
14 2
12 56
10 65
19 26
23 55
23 43
24 3
26 25
6 18
13 16
5 27
4 58
10 31
14 43
16 65
25 19
16 15
4 100
5 62
29 91
22 66
25 73
28 42
29 75
20 42
12 50
21 20
14 2
5 65
25 49
20 40
19 49
3 15
28 98
25 26
3 56
29 15
16 88
24 21
1 51
25 19
6 41
29 71
25 76
7 40
25 56
29 79
25 100
17 94
21 92
13 22
5 60
0 50
5 49
15 43
20 80
25 15
3 11
15 70
0 65
5 71
20 72
4 28
15 39
14 7
18 63
7 90
30 31
24 15
23 93
11 10
28 72
29 100
18 16
20 18
13 100
15 51
29 44
18 62
10 52
27 75
16 16
29 23
13 2
19 13
3 83
8 8
28 43
13 8
23 51
6 83
6 82
21 48
6 45
18 33
14 42
24 3
21 100
11 13
19 47
23 90
7 87
18 38
3 20
30 52
