30
3 46
2 8
27 17
13 48
2 42
8 13
3 75
27 17
2 29
19 10
10 77
6 55
20 7
19 96
28 27
26 7
18 55
22 41
11 51
25 23
26 3
26 55
7 25
0 91
19 70
23 36
13 14
9 18
14 79
20 48
16 59
30 75
29 31
3 42
20 21
15 9
30 56
12 34
15 20
19 1
12 98
15 48
13 22
29 60
5 96
7 10
6 61
29 65
24 55
28 52
16 35
3 12
11 90
3 99
16 75
7 1
15 77
3 50
30 13
23 1
17 93
2 55
8 5
0 63
4 39
3 45
21 70
4 73
7 95
10 23
24 93
4 87
30 42
3 81
13 92
24 82
16 30
10 86
18 79
10 27
10 85
29 91
24 27
3 68
15 65
28 73
21 34
15 13
5 35
13 25
26 5
10 100
7 50
13 99
17 41
28 10
7 78
7 56
23 96
29 67
29 68
0 75
28 50
15 89
9 32
20 41
28 12
16 54
9 64
13 16
18 54
24 8
0 41
9 69
13 42
13 48
20 77
17 73
18 96
16 47
29 72
25 86
18 14
3 12
12 88
5 23
5 76
27 52
20 56
6 40
21 69
8 33
24 65
3 90
1 93
12 54
25 19
2 62
14 30
11 49
11 2
9 67
29 11
27 58
5 1
15 98
17 26
6 21
25 35
4 50
14 84
10 63
29 65
15 97
22 38
14 69
15 50
9 20
5 75
16 4
13 97
7 97
27 61
2 53
21 4
8 75
17 71
12 60
3 26
29 17
4 68
23 15
29 64
0 56
6 60
21 75
22 26
12 79
9 94
3 14
29 7
10 79
12 73
30 96
16 37
11 61
26 97
25 64
27 71
9 89
7 49
5 65
10 14
2 88
20 24
26 100
19 76
18 68
18 88
22 52
13 63
28 68
21 95
5 77
23 31
26 1
5 14
18 53
12 32
2 77
1 19
12 78
0 90
14 38
13 61
29 88
15 41
13 55
0 70
2 33
14 87
15 76
23 84
17 100
6 98
18 63
2 44
12 21
18 73
3 60
24 3
29 69
9 28
18 54
12 15
29 67
0 68
12 96
13 9
8 89
1 62
22 18
13 93
29 31
20 52
9 73
6 47
7 6
6 17
2 23
14 54
18 67
20 69
14 88
9 21
7 97
27 89
6 81
6 24
19 79
5 73
0 36
21 100
21 46
3 34
10 83
26 93
24 50
28 90
0 58
12 16
14 55
23 7
7 59
18 85
27 52
15 26
19 28
1 48
30 3
14 32
16 73
6 45
5 84
6 69
20 20
27 53
28 48
17 40
29 29
16 48
29 84
24 9
29 21
26 48
8 36
30 55
27 86
8 94
0 82
15 36
13 49
16 48
14 6
26 24
19 43
30 67
25 22
25 78
12 96
16 95
27 95
0 29
10 74
2 2
29 55
16 83
14 72
22 31
2 89
17 63
25 48
15 98
18 16
2 19
22 89
13 41
27 98
8 100
23 19
11 95
8 87
17 48
29 29
30 13
13 58
0 80
0 13
7 67
15 87
7 63
27 21
20 73
6 31
4 77
21 28
8 71
17 5
25 3
10 58
22 29
0 18
5 87
25 68
22 95
15 63
18 98
7 67
0 71
13 78
16 28
3 3
6 51
1 97
23 47
9 66
18 6
21 61
8 52
11 33
19 99
9 38
30 80
20 6
19 17
2 33
0 84
21 59
22 25
28 77
2 90
13 36
21 72
0 69
17 89
21 8
4 57
0 3
17 94
13 10
27 18
6 25
10 92
27 1
1 3
26 18
25 95
12 68
29 12
1 33
