30
2 31
23 30
4 57
5 46
10 39
29 22
20 18
9 37
10 100
18 56
20 13
29 50
9 43
8 53
29 82
6 39
0 3
5 60
2 48
24 97
17 39
24 100
3 58
1 62
0 51
9 27
28 34
5 2
29 48
14 58
10 34
29 8
8 30
28 44
16 62
16 55
17 95
24 58
1 10
10 49
25 24
24 66
14 5
26 96
3 78
8 11
6 37
26 37
0 40
8 82
17 87
12 60
9 81
17 92
15 11
5 44
0 39
12 78
7 45
0 48
19 88
30 14
24 91
23 69
3 20
14 93
12 5
2 58
4 60
5 71
27 91
4 88
18 70
22 71
27 35
20 65
14 75
1 79
27 26
3 28
4 49
6 24
26 1
29 93
25 17
18 64
29 47
23 79
3 89
9 47
0 24
22 61
28 43
12 40
17 31
2 57
0 22
22 90
19 41
27 4
17 2
0 36
11 42
26 93
26 40
19 19
28 11
14 63
0 3
24 64
7 60
7 61
9 57
30 49
28 75
18 44
0 87
13 74
19 32
17 98
30 10
7 71
11 51
1 30
23 9
11 53
17 77
9 17
21 5
12 36
14 88
5 40
7 52
19 46
11 57
22 59
13 22
6 65
19 74
4 2
2 89
0 72
20 70
17 44
0 18
23 60
4 57
17 79
23 13
6 42
26 38
29 2
12 69
9 27
6 58
11 56
4 6
7 81
11 40
28 46
0 5
14 58
13 26
25 37
19 46
16 7
12 68
24 44
9 78
4 72
3 6
21 34
25 66
10 83
15 46
26 78
29 91
27 19
30 44
15 74
0 49
18 56
15 6
6 59
0 99
29 58
22 88
4 82
22 17
13 99
24 82
24 9
11 86
7 90
20 1
26 39
20 25
14 31
7 14
10 43
19 69
17 99
6 48
26 74
27 40
4 40
24 44
3 81
16 3
22 37
26 29
20 86
21 38
8 93
7 8
27 70
17 3
19 3
2 98
17 50
24 51
11 32
14 54
3 79
30 38
28 29
24 19
7 21
0 19
8 15
16 26
4 13
18 19
9 34
26 32
8 46
30 50
7 50
22 18
26 18
12 74
3 83
0 15
13 18
20 88
4 42
6 22
23 10
24 96
29 10
21 93
7 94
7 74
20 74
18 58
21 18
14 44
24 66
2 87
28 89
12 42
6 11
28 48
18 84
5 79
26 47
15 84
2 52
17 79
0 80
12 97
7 77
20 88
8 34
19 18
14 25
9 44
23 67
7 39
17 70
24 58
11 80
27 5
6 16
8 17
23 36
16 41
0 94
0 7
22 40
8 51
3 74
0 53
6 66
19 90
6 94
11 64
15 86
6 1
2 57
19 29
23 70
24 88
25 48
17 6
5 27
18 50
7 66
12 100
16 46
4 52
3 33
5 18
13 45
2 94
14 81
4 37
21 94
12 58
29 76
13 94
0 67
15 97
16 71
19 32
16 10
3 79
19 96
5 61
9 76
15 47
5 78
29 66
29 89
9 49
16 80
26 21
12 92
1 77
1 12
7 55
21 33
20 7
28 29
1 37
3 73
5 7
24 29
2 94
25 22
6 57
25 68
12 83
2 7
30 4
20 42
11 11
10 26
7 99
24 34
27 90
4 55
11 85
28 93
9 60
28 72
3 96
14 47
8 19
12 86
9 97
23 27
26 14
15 72
11 76
12 23
8 3
24 63
9 48
0 33
18 79
12 57
10 99
21 70
7 46
22 64
25 13
6 71
9 64
9 24
14 3
25 38
16 40
16 14
11 48
24 74
10 76
11 68
3 10
4 52
