30
27 26
1 19
8 31
1 10
25 3
14 14
2 19
4 88
3 52
13 73
1 94
20 68
24 84
13 91
21 29
25 38
30 3
15 73
4 42
8 30
6 5
3 89
22 71
10 22
21 83
18 15
19 29
10 14
2 100
17 94
2 93
14 51
25 69
9 88
5 49
27 12
27 65
8 84
7 67
5 86
12 16
3 84
15 63
27 24
29 93
8 8
25 53
10 47
9 41
28 70
24 80
19 82
27 7
12 45
27 39
17 64
11 9
30 92
24 91
28 23
27 75
2 93
13 64
7 26
28 67
4 63
6 94
0 54
30 96
9 95
28 69
0 98
17 90
4 14
25 88
9 81
20 14
28 73
8 12
27 94
3 58
26 98
4 35
24 74
13 31
1 43
26 86
17 91
4 43
23 37
24 67
23 1
18 71
13 4
13 5
25 39
18 16
30 22
0 15
27 26
12 6
1 86
4 34
23 39
30 61
23 17
28 89
12 60
28 19
12 61
14 93
18 3
26 16
1 85
17 79
9 98
23 60
15 67
12 88
7 81
5 87
13 6
19 30
3 34
3 78
27 92
22 64
2 39
25 56
21 73
26 31
7 58
17 11
2 49
27 5
18 83
12 22
22 94
15 8
21 58
1 31
29 88
11 47
5 25
20 92
3 13
8 91
30 93
9 73
27 28
0 78
12 92
15 59
29 42
26 46
26 61
4 35
24 62
10 18
18 58
21 81
24 97
3 73
9 43
26 5
11 83
15 48
17 32
18 83
14 45
5 90
6 66
21 50
3 30
16 6
12 17
18 2
2 60
28 20
2 77
30 44
11 15
2 15
28 84
12 2
3 72
9 8
23 5
13 62
9 98
4 17
29 33
16 34
9 22
4 4
24 18
9 23
18 21
5 68
9 11
10 97
29 13
18 29
10 55
14 66
0 92
11 16
7 84
3 85
24 1
30 71
23 46
13 65
13 89
2 15
25 33
6 3
14 62
26 59
25 91
14 23
18 49
18 66
25 25
8 96
24 4
26 69
27 43
11 19
22 54
12 15
10 20
14 21
20 99
18 63
3 27
15 25
25 40
27 65
1 13
27 69
3 3
9 87
17 74
29 78
3 54
11 19
18 61
29 51
26 51
16 89
5 83
29 37
21 16
10 76
13 40
18 30
12 87
6 4
25 94
2 67
12 98
26 94
26 83
30 34
3 97
3 1
2 64
27 83
7 57
17 59
6 8
7 83
22 57
7 55
3 91
30 36
25 17
3 39
3 17
22 54
24 18
9 20
28 7
28 33
5 53
9 51
17 47
1 53
25 31
23 15
3 96
15 75
22 63
17 26
15 96
19 77
17 62
2 14
19 89
8 43
24 40
24 94
25 64
25 1
23 66
8 61
9 39
28 12
19 97
23 14
6 50
30 24
10 20
0 67
30 3
3 34
30 15
26 38
24 5
21 74
2 16
5 24
13 94
18 48
27 40
23 64
10 90
3 94
0 37
13 77
17 43
19 12
28 12
2 32
15 98
1 10
21 88
4 1
0 33
4 8
15 53
10 80
26 7
7 84
29 79
13 17
20 99
10 100
0 72
3 86
23 72
1 1
9 16
26 90
4 6
2 15
3 25
8 45
13 62
9 71
7 56
2 81
10 31
20 88
18 55
11 75
27 2
25 69
19 28
3 90
22 32
29 46
9 20
23 8
22 30
2 69
13 93
16 5
19 84
26 36
6 57
3 42
27 62
23 44
15 42
18 93
19 81
9 44
30 15
15 47
24 24
24 36
25 50
23 33
3 76
3 29
1 42
7 84
16 32
