30
12 83
0 24
1 12
8 64
15 94
2 25
24 53
18 12
6 62
27 41
13 90
10 45
11 90
11 61
17 75
18 86
4 68
26 69
1 20
10 74
14 57
16 80
6 97
21 81
13 51
27 61
17 65
27 87
13 93
10 83
24 50
3 53
6 94
28 47
13 82
20 39
1 100
4 85
24 41
27 43
6 73
24 100
11 48
19 52
14 44
8 42
25 87
28 48
2 27
21 46
22 69
17 18
17 24
9 40
24 71
6 44
30 57
21 26
18 7
20 49
10 62
18 61
18 80
9 21
23 91
13 1
1 13
11 49
4 28
10 17
27 87
30 62
9 80
2 43
10 5
27 87
1 18
26 7
5 79
6 7
6 39
3 41
17 4
2 70
26 16
13 14
3 9
26 80
14 37
5 89
27 64
5 17
0 46
24 15
21 15
26 30
13 28
16 88
25 92
11 51
17 17
2 51
10 58
12 52
27 2
17 11
7 66
4 7
2 47
9 11
30 68
9 4
8 68
7 64
4 28
3 81
17 85
28 86
27 13
14 68
12 68
30 99
16 21
8 44
3 57
18 28
28 9
10 97
1 78
3 26
3 50
24 77
13 94
8 8
28 23
12 57
7 92
20 46
30 15
23 53
4 57
14 47
26 58
22 26
25 89
19 47
1 6
17 97
13 93
14 65
21 90
14 69
15 25
9 3
9 88
23 23
2 15
18 78
27 57
17 99
5 77
14 9
10 93
19 88
19 31
6 33
23 1
13 31
12 34
5 95
0 100
23 9
13 45
10 12
0 100
22 68
22 82
2 2
22 79
25 78
8 19
19 21
29 75
1 91
7 99
9 98
2 34
25 35
19 35
19 4
0 55
21 48
12 95
30 66
30 12
22 74
26 64
3 89
15 85
22 35
24 80
9 4
25 59
5 97
19 25
16 96
5 15
21 52
16 23
23 59
13 78
12 91
16 86
8 91
22 49
9 26
26 89
14 24
8 54
23 27
30 63
28 35
2 13
15 47
23 56
14 44
20 81
28 57
2 49
26 78
8 90
8 7
1 20
16 29
13 37
12 91
18 74
10 58
21 76
12 98
21 43
17 41
15 29
23 94
18 92
27 8
23 74
14 42
24 6
7 56
23 60
26 52
16 32
19 100
5 89
3 78
11 68
0 20
25 71
21 68
1 89
14 74
12 26
16 95
9 48
11 87
18 23
3 33
16 72
2 8
28 90
10 90
27 31
1 42
19 37
4 33
8 44
18 96
12 58
7 62
4 98
23 38
30 37
21 8
19 50
7 8
1 27
12 53
18 97
6 63
21 29
20 1
1 43
11 38
0 15
0 27
6 4
8 29
15 39
15 89
27 53
26 70
21 49
3 57
12 73
27 26
3 62
6 60
7 92
29 66
15 72
1 11
1 89
16 52
23 72
21 6
17 48
8 92
16 30
1 5
22 61
0 35
3 10
11 82
16 22
17 65
15 32
28 11
13 86
28 45
8 66
3 10
9 32
20 46
3 23
24 46
8 21
30 23
0 48
12 24
6 77
14 61
15 55
19 74
3 33
26 34
18 93
3 5
21 89
5 95
10 60
14 2
28 29
16 82
27 77
11 56
26 39
17 87
14 33
6 86
2 66
20 42
15 47
10 28
17 71
26 77
14 24
8 95
18 77
17 31
29 80
18 84
22 58
28 72
27 7
20 47
21 1
13 70
19 9
18 32
1 68
29 17
14 35
3 71
27 5
0 86
27 3
23 41
25 78
11 38
24 84
12 4
9 15
9 88
27 15
17 84
21 55
17 96
26 88
7 71
