30
13 43
14 72
8 10
5 7
11 76
19 23
3 76
17 78
11 46
15 93
3 95
6 52
18 95
13 12
0 51
7 68
1 1
14 51
4 46
8 25
30 29
15 85
3 66
29 49
10 10
22 25
11 17
13 44
2 76
4 29
4 3
8 7
14 21
8 91
8 95
27 94
22 7
19 22
24 63
24 41
20 2
5 64
2 33
13 73
16 1
12 57
3 93
17 18
21 10
18 25
1 49
29 71
18 39
24 54
24 95
19 69
9 24
5 85
26 48
26 76
18 34
20 5
11 98
29 50
20 16
1 86
19 95
7 13
18 11
28 96
24 91
13 27
27 12
25 62
1 7
2 63
18 82
15 14
0 100
22 28
8 27
16 63
9 12
0 3
16 27
14 35
5 86
0 27
15 18
2 2
11 17
28 46
25 45
17 71
13 27
7 52
1 53
25 94
4 67
17 57
9 50
9 85
29 41
26 19
2 2
0 74
4 85
8 34
12 97
22 69
21 63
22 86
24 94
0 24
1 51
6 43
28 91
11 2
9 10
8 40
1 64
25 65
28 81
5 24
10 56
11 45
12 80
22 55
25 65
21 15
1 28
9 29
24 97
27 42
15 5
17 100
9 31
21 4
2 92
12 68
10 80
16 7
5 17
15 76
3 71
10 55
9 29
3 15
26 9
20 51
2 82
19 49
7 33
2 13
22 45
25 39
21 6
29 5
24 51
30 15
6 8
3 55
23 32
7 50
3 16
22 61
28 43
27 30
18 38
9 39
6 71
20 84
14 10
13 49
27 100
5 20
1 77
13 81
30 20
23 83
22 12
9 22
14 51
9 83
9 86
22 59
3 22
30 42
2 9
5 6
20 81
5 55
11 97
11 56
14 53
15 9
9 63
25 51
25 92
22 11
30 78
2 56
4 22
10 29
27 49
9 9
14 8
21 16
20 14
8 99
7 64
23 63
5 67
4 30
11 17
26 59
16 20
2 11
4 87
25 21
3 91
23 48
23 26
15 92
17 11
19 60
17 81
30 53
21 64
29 48
12 90
10 5
11 35
22 82
14 40
4 95
8 69
30 94
17 12
0 80
10 22
11 29
9 89
15 29
30 20
14 17
9 59
19 82
1 86
13 72
10 58
15 69
24 85
21 70
21 78
19 96
14 68
16 7
16 61
7 30
20 23
3 38
11 48
28 74
12 5
17 39
30 24
22 96
1 66
27 42
17 82
21 57
4 21
27 89
23 20
2 86
5 31
19 58
7 3
7 85
18 64
13 13
19 17
10 84
10 73
19 13
7 19
22 13
21 43
17 41
4 67
18 82
21 66
11 94
24 92
29 12
8 11
11 53
0 62
13 65
24 2
24 29
23 57
25 54
26 52
12 16
19 19
29 60
24 10
10 98
2 99
13 35
11 75
3 57
8 99
15 92
27 98
8 8
18 84
7 97
17 27
21 74
5 28
29 33
2 58
20 73
4 65
9 48
11 15
15 36
24 57
11 60
5 78
16 63
27 35
29 24
17 95
12 67
2 13
8 71
13 89
26 36
13 52
23 2
15 13
16 82
5 41
2 39
18 56
15 17
1 80
21 41
11 77
6 4
18 19
27 41
21 10
9 4
8 3
20 1
18 54
3 99
29 89
12 100
0 32
20 22
21 58
0 3
11 53
9 57
27 90
28 95
15 36
19 17
10 62
2 59
13 2
15 68
9 45
8 11
6 55
10 74
28 33
19 55
9 14
9 15
0 42
24 54
0 90
21 46
8 8
23 14
17 49
22 85
21 26
0 27
12 7
10 87
9 68
22 33
