30
16 54
25 76
22 9
6 76
1 85
9 26
5 34
30 32
16 89
25 87
18 41
9 3
14 31
28 55
18 25
20 23
23 37
0 60
30 10
25 4
21 62
7 27
17 35
13 61
10 64
25 30
12 55
23 1
24 28
16 83
17 96
18 15
29 31
19 77
16 8
16 54
20 68
13 38
1 19
15 10
4 85
21 99
23 82
27 69
24 66
3 56
4 36
13 53
11 90
7 93
26 84
18 93
14 76
13 13
16 29
16 31
11 18
2 25
12 70
22 39
7 14
15 39
10 70
1 96
5 79
6 58
12 45
0 98
19 70
4 56
26 6
9 23
27 37
20 46
11 81
29 85
9 1
30 40
19 4
3 15
29 61
17 77
26 18
30 34
22 95
11 82
25 94
27 57
17 39
19 40
17 88
7 53
8 47
6 80
12 95
11 74
23 3
1 38
13 4
6 31
6 54
26 95
26 4
29 18
25 35
1 28
17 32
7 72
10 100
10 60
14 16
5 68
18 56
16 26
3 75
15 10
19 52
12 80
20 66
3 18
29 14
0 88
3 10
19 79
28 74
30 22
19 74
10 43
12 13
10 94
17 86
26 94
25 64
10 99
12 35
27 49
25 1
29 60
11 82
24 88
14 37
5 48
7 75
22 50
21 90
6 54
28 28
11 55
24 59
16 7
20 62
20 54
0 84
17 56
2 85
15 68
5 36
15 67
24 94
4 58
10 95
26 93
12 46
30 76
13 60
13 13
0 38
7 50
1 70
26 37
2 29
26 38
5 57
20 79
9 32
25 65
16 8
26 46
22 11
11 29
24 24
5 70
25 18
21 100
20 58
25 31
4 36
13 18
16 32
5 53
27 87
15 73
4 15
28 97
5 22
29 76
2 66
28 40
7 28
18 11
22 38
6 7
26 58
9 60
30 84
3 13
21 75
22 68
26 52
28 47
15 72
4 75
0 36
3 85
26 98
23 67
28 84
7 1
15 8
6 68
0 91
22 73
0 5
28 28
14 56
26 13
27 27
24 59
19 22
12 18
13 76
3 4
23 12
30 5
26 87
1 57
2 94
29 28
26 3
20 31
9 34
10 8
16 82
10 17
8 5
24 32
30 91
16 10
30 5
20 78
18 22
14 23
16 80
19 61
26 22
3 69
14 17
15 14
16 76
11 39
13 70
17 86
0 68
0 26
22 88
25 95
9 58
4 21
7 26
30 46
25 10
8 83
23 41
27 16
18 90
27 39
26 79
6 50
7 8
16 75
21 39
0 69
7 3
21 28
22 78
2 98
16 27
1 9
16 11
28 50
21 45
19 79
10 51
29 91
28 12
29 20
30 13
22 81
7 56
27 47
18 38
12 86
12 87
20 28
17 46
27 4
22 24
21 43
3 94
0 79
22 16
13 40
19 6
24 24
30 16
28 30
10 13
14 15
11 34
27 80
29 82
10 70
9 99
9 78
0 26
22 52
21 26
25 65
15 85
6 43
3 49
20 46
16 99
18 63
23 78
6 60
26 27
23 72
20 73
7 38
10 82
19 62
16 64
6 9
9 55
27 24
29 42
24 59
18 73
4 43
18 64
3 33
23 13
0 99
27 88
19 54
16 57
16 68
27 9
3 67
18 54
27 75
8 96
3 89
11 43
18 89
13 89
27 70
0 47
12 40
4 47
8 76
24 82
6 83
1 77
20 61
9 8
22 34
21 45
9 36
12 77
30 27
21 2
5 14
29 34
16 48
4 85
29 40
27 10
21 22
11 9
24 56
14 70
14 96
9 78
14 20
14 4
17 78
13 9
29 29
