30
14 23
20 42
27 9
12 75
9 17
18 85
19 46
22 59
23 59
4 15
24 37
16 11
27 41
13 50
10 75
20 73
7 42
28 70
24 89
14 37
10 7
26 58
2 41
26 52
30 59
7 99
27 100
19 77
7 99
3 28
1 20
18 27
8 37
16 41
19 90
0 100
15 13
19 31
12 9
4 47
29 44
7 1
30 32
10 53
11 51
6 69
1 67
1 92
25 9
2 26
23 94
24 74
24 64
27 68
5 28
27 6
6 62
27 42
7 8
10 19
28 20
20 86
6 65
8 80
2 51
25 68
18 30
24 57
11 88
4 33
27 39
27 26
25 92
10 87
30 22
12 62
10 22
4 19
27 7
11 80
25 50
13 46
3 39
1 18
28 51
5 57
27 81
21 49
14 63
10 66
1 11
7 67
12 85
22 52
18 21
13 90
2 31
17 55
15 99
21 58
12 9
21 70
11 20
25 96
20 9
21 1
3 49
28 8
9 6
17 14
19 38
15 87
4 19
3 33
8 53
16 59
9 61
1 8
0 64
3 36
20 85
11 61
30 97
24 49
27 70
19 5
6 61
12 96
20 85
29 7
6 85
17 34
14 53
23 43
8 4
15 35
21 97
29 35
3 2
26 79
1 71
10 64
11 49
3 35
28 77
11 76
8 87
16 43
3 53
14 64
7 60
1 37
29 25
14 12
26 69
24 39
6 68
13 71
28 5
20 60
21 12
14 57
12 20
8 62
4 74
17 40
20 48
15 10
27 59
30 16
11 91
15 61
1 99
19 90
3 29
17 94
13 9
16 99
11 51
20 67
20 57
14 59
5 14
24 20
15 8
18 29
9 31
0 18
13 56
4 81
15 21
26 74
12 35
16 68
30 91
21 37
11 50
28 76
20 4
4 63
12 31
0 96
15 73
1 40
16 54
13 69
1 65
10 17
11 92
11 84
6 42
1 2
18 3
23 29
20 42
20 52
7 73
1 23
1 56
0 33
11 92
24 32
17 72
2 2
22 54
6 41
26 78
18 48
5 70
10 19
19 16
1 13
15 88
10 29
15 76
16 69
25 40
15 88
30 99
15 97
27 6
12 78
14 44
10 3
8 18
24 31
10 78
10 48
7 91
9 68
21 37
5 93
22 100
23 69
25 51
18 87
28 14
23 48
0 63
8 46
3 43
6 51
5 81
6 92
26 32
6 6
7 24
9 86
24 38
28 88
2 21
11 16
10 85
2 78
23 72
8 77
8 76
5 11
28 28
24 39
7 35
15 70
6 15
9 41
20 40
8 35
22 46
12 38
23 42
26 47
24 44
2 93
20 23
6 93
22 21
26 26
5 9
17 87
21 88
13 57
4 52
27 44
23 86
12 30
5 84
11 39
25 75
26 36
4 38
5 38
1 65
27 87
28 1
14 3
5 11
0 86
10 71
23 12
29 1
7 30
9 11
20 27
11 63
14 54
29 69
11 38
2 75
17 21
21 21
27 97
22 67
17 3
25 91
2 16
6 76
27 97
6 62
26 21
9 44
0 30
2 41
25 42
7 17
27 73
28 40
9 21
7 78
11 69
6 34
15 22
11 100
24 93
12 93
8 97
20 14
3 74
12 97
19 3
19 72
25 80
2 5
0 22
27 7
8 79
26 88
1 13
11 5
30 16
11 42
30 45
11 73
21 66
3 93
30 60
3 25
15 59
7 19
6 2
0 79
23 10
23 74
7 2
18 48
18 45
5 67
29 78
12 79
12 91
16 72
26 68
24 52
19 91
13 1
17 63
19 68
4 70
28 82
8 98
21 76
27 8
