30
29 95
12 38
19 95
5 63
9 78
11 13
25 92
29 66
16 78
28 14
13 8
0 76
29 38
25 87
14 25
15 22
21 5
16 47
20 75
19 7
14 50
18 28
24 44
20 3
19 15
5 46
0 25
4 99
5 35
3 11
15 7
30 86
16 37
3 42
9 58
30 28
15 44
27 67
15 89
25 73
26 57
10 93
29 9
23 75
17 24
29 45
18 23
3 10
17 4
12 100
28 89
27 85
1 83
23 15
21 94
29 13
24 99
8 23
13 36
18 21
19 35
25 59
15 34
26 65
5 59
11 4
27 34
26 15
11 91
16 84
13 32
21 63
10 60
15 90
19 28
2 55
25 55
27 70
9 4
20 88
16 4
18 90
22 44
30 46
30 56
4 71
28 22
4 31
8 75
13 87
8 91
17 49
24 13
5 32
29 7
30 95
29 81
30 78
7 1
17 15
13 40
16 41
26 8
3 83
6 73
9 78
19 33
12 51
10 82
25 13
15 78
24 85
1 11
29 23
28 54
6 63
4 35
2 24
13 71
29 56
8 43
27 30
8 36
11 86
21 94
28 31
18 36
25 49
18 96
11 7
15 34
6 62
24 95
23 46
29 68
11 77
22 55
25 49
1 15
29 98
14 8
9 34
6 7
4 68
8 6
30 92
18 5
2 49
1 68
7 74
19 14
6 47
26 40
2 22
22 67
23 10
11 67
18 94
3 43
12 28
27 69
3 55
12 7
25 44
13 93
27 6
15 89
16 31
27 41
20 88
1 18
6 43
23 90
11 2
25 71
13 10
3 68
4 60
23 15
13 95
1 30
11 49
21 77
10 28
11 53
20 29
7 35
20 74
30 65
27 78
30 39
14 1
3 53
9 84
22 45
13 44
15 17
2 28
29 69
1 86
28 11
29 57
25 71
6 19
4 33
19 13
23 18
22 100
7 29
7 71
16 84
21 89
18 21
17 42
21 33
4 18
18 66
30 4
25 60
15 79
23 66
11 78
12 54
20 77
0 70
28 4
25 93
13 12
20 10
13 29
20 7
13 19
3 27
20 71
7 30
2 88
26 81
21 77
15 92
28 78
20 8
24 50
8 59
3 61
8 18
6 92
16 1
3 69
9 11
8 32
10 39
23 89
5 53
20 81
22 74
14 56
21 47
17 44
26 88
3 97
18 98
13 72
28 24
13 70
21 17
7 50
26 58
30 3
25 45
9 97
3 40
29 38
23 17
22 64
17 67
12 63
23 55
29 43
13 33
15 15
0 54
4 93
2 42
15 64
23 36
23 15
4 5
23 82
7 55
23 11
17 15
25 86
15 15
3 77
14 6
26 36
0 41
10 59
7 40
24 87
13 87
18 67
9 22
7 56
17 77
9 18
13 42
4 5
6 93
15 8
5 82
8 29
6 71
30 71
12 84
19 52
4 27
0 3
0 64
24 30
2 12
12 60
28 70
15 64
26 48
10 14
14 11
24 38
22 62
30 15
25 19
29 19
30 56
8 45
30 51
12 74
7 68
0 80
0 25
28 32
18 90
28 11
3 30
7 50
28 86
26 10
30 68
8 76
23 48
17 41
20 84
26 59
13 30
3 72
18 81
24 52
3 88
26 42
18 30
7 42
9 46
0 80
5 13
2 53
25 14
6 89
16 57
6 59
10 13
21 26
9 25
15 85
0 4
14 67
24 69
6 80
2 69
4 54
1 60
22 57
2 10
29 89
7 89
25 62
9 88
17 91
7 2
10 75
4 98
1 62
25 45
25 88
17 94
1 24
6 44
19 89
9 59
19 18
18 49
23 12
