30
17 54
28 56
0 61
24 49
26 88
10 37
26 77
15 56
30 62
22 80
18 11
10 6
16 77
13 13
28 11
26 25
16 98
5 38
0 93
5 60
13 52
17 43
28 68
6 87
25 28
23 19
25 51
1 2
13 9
6 54
20 58
24 17
18 56
18 57
27 68
16 85
23 74
20 22
16 62
16 41
14 20
27 50
14 11
10 85
17 24
15 1
25 98
29 6
15 56
8 71
17 12
12 24
13 31
16 32
6 79
24 93
4 21
14 3
26 14
14 20
13 4
3 52
25 80
3 89
14 52
19 4
24 15
26 56
16 32
28 54
20 30
24 42
11 89
27 42
0 92
16 35
5 81
27 57
0 65
15 59
27 48
18 16
27 14
12 14
23 3
24 70
22 16
20 64
11 11
4 36
18 22
9 52
1 26
13 53
1 55
3 22
28 13
10 84
25 77
13 93
22 100
2 48
18 28
5 56
0 71
23 33
21 28
9 19
19 96
11 74
21 86
12 77
11 21
7 40
4 61
13 68
27 1
10 36
17 4
3 37
13 48
17 100
28 21
7 37
8 44
12 93
27 37
27 15
9 59
14 95
1 66
18 17
20 61
23 80
16 71
20 78
19 12
15 78
19 6
24 6
27 65
28 36
17 29
17 100
12 73
19 9
19 69
12 31
14 88
23 76
6 43
3 9
6 30
4 75
21 74
16 13
30 77
1 75
3 41
19 67
16 48
11 81
21 43
13 49
27 43
3 27
13 54
28 44
12 11
28 36
24 1
18 72
5 97
27 26
24 59
12 4
11 3
25 83
24 66
6 90
7 39
15 2
24 49
13 85
26 36
22 76
8 48
0 61
12 18
17 33
27 78
28 67
8 60
8 30
20 33
18 33
27 39
12 68
15 7
27 74
12 37
8 71
23 55
26 28
1 38
19 63
3 38
14 56
21 58
28 55
30 70
25 97
24 2
25 8
14 51
2 21
17 69
25 88
20 4
15 21
17 34
16 33
16 95
19 93
10 47
23 83
19 53
25 15
21 10
17 82
30 64
4 89
0 71
25 70
1 52
3 19
27 36
5 19
1 13
15 84
1 80
15 74
17 9
24 74
11 40
30 38
0 76
9 48
21 70
29 1
24 1
6 38
6 27
1 1
14 99
27 22
5 2
3 80
22 96
20 74
9 54
22 25
19 52
18 53
29 24
22 87
29 85
7 78
6 19
3 33
26 3
7 31
30 80
25 38
8 11
0 1
5 79
3 47
6 63
28 62
15 61
7 37
22 55
4 4
20 76
5 54
25 82
14 26
7 43
29 65
18 61
20 56
11 38
27 54
0 38
30 22
5 70
5 5
2 41
7 35
26 33
23 2
20 78
3 17
2 67
28 16
28 95
24 40
20 62
3 84
20 87
13 19
17 15
23 93
25 68
12 53
22 7
2 90
25 6
0 12
7 62
7 2
27 37
6 82
19 86
9 75
11 3
13 43
29 17
7 40
9 2
0 12
3 37
23 13
8 50
5 50
9 26
29 74
18 47
4 3
12 63
4 40
3 89
6 80
30 38
28 73
3 55
26 39
13 65
6 21
1 48
11 36
27 73
14 8
6 65
0 18
30 66
23 54
9 21
22 69
20 12
14 30
8 91
10 82
6 29
20 16
7 77
0 48
23 50
15 5
29 39
30 78
16 91
20 90
9 37
24 58
14 2
24 60
11 99
7 19
13 2
7 42
12 84
26 65
7 7
17 85
6 59
15 77
10 31
0 27
17 22
7 9
1 55
20 2
17 54
25 75
25 92
7 96
4 37
17 91
