30
8 22
26 4
16 52
27 71
8 23
3 45
4 19
0 24
13 35
5 85
4 83
28 67
0 51
10 29
8 10
16 5
26 39
18 88
27 52
24 68
18 27
7 30
6 35
16 45
5 71
22 57
20 94
23 60
27 47
23 77
20 71
15 94
15 17
2 28
13 49
12 3
13 30
17 66
27 51
24 32
12 32
3 94
20 3
11 41
27 38
10 66
28 65
23 49
12 51
4 65
13 29
12 58
16 10
5 72
9 64
5 46
29 38
25 100
12 68
15 27
20 4
5 10
22 17
9 21
21 70
15 40
22 93
16 74
10 65
24 17
21 63
2 50
11 28
29 72
13 47
13 36
2 81
12 11
20 81
1 97
7 33
6 75
12 88
4 70
25 3
30 69
3 89
23 31
19 5
4 33
6 80
14 16
26 3
26 17
9 90
14 7
6 86
14 92
25 100
8 49
15 100
18 6
7 93
16 26
22 86
26 24
26 92
15 47
9 42
22 53
25 6
19 76
21 40
25 93
8 97
12 20
20 97
6 31
6 70
18 38
30 45
18 66
22 41
24 47
8 25
9 15
6 46
4 1
16 32
26 75
7 5
29 13
27 44
26 86
15 24
20 47
23 32
22 37
10 88
4 34
3 41
0 48
6 67
16 28
1 49
4 11
29 47
23 17
20 57
3 99
13 87
28 58
14 22
11 22
7 70
19 78
16 98
2 92
22 64
30 97
15 73
0 65
17 47
24 66
24 89
6 23
22 62
3 12
25 3
14 50
23 90
21 98
10 83
2 24
6 1
27 95
19 63
25 60
5 95
7 41
14 6
24 81
29 32
9 25
7 23
8 48
4 35
19 92
18 21
17 27
27 53
5 60
23 41
22 1
28 24
26 25
15 92
21 57
16 59
4 62
12 19
1 48
20 17
5 80
25 73
5 36
19 69
18 68
10 25
8 1
2 7
7 86
15 52
30 41
18 66
9 70
13 95
7 55
12 3
7 43
22 69
9 6
17 77
1 4
6 43
23 93
21 97
26 32
5 46
11 45
19 4
14 94
9 23
16 92
6 41
14 11
30 31
18 61
8 11
27 63
19 38
16 82
2 13
29 88
27 79
21 91
25 53
3 93
0 18
16 87
4 89
5 39
7 78
8 48
26 48
21 65
5 46
8 3
6 78
17 56
3 10
17 65
10 19
24 88
28 43
6 9
10 92
23 24
30 82
27 27
15 58
14 54
23 32
26 73
7 62
19 73
1 57
2 4
24 46
28 39
10 15
3 69
25 66
17 97
4 87
2 19
12 88
4 37
8 30
13 68
25 26
13 9
1 69
20 67
3 34
6 78
12 21
2 59
25 58
3 38
7 70
6 35
10 65
21 90
21 56
10 45
8 57
22 21
7 72
22 71
16 7
19 58
7 60
25 69
8 44
12 79
11 7
18 60
23 28
3 94
19 59
10 95
8 56
3 39
12 13
1 73
1 97
8 8
23 71
4 82
12 45
9 21
1 44
14 51
16 67
17 27
28 21
16 23
21 48
18 10
6 75
28 96
9 17
7 1
5 74
13 91
10 75
3 42
17 67
19 41
24 23
26 23
7 68
3 24
15 26
30 16
25 21
17 53
8 39
21 27
4 31
17 31
16 92
15 91
6 73
13 89
3 92
28 52
12 29
5 59
2 65
1 77
28 10
24 3
29 84
8 64
29 31
29 27
11 23
4 24
9 58
20 57
21 72
8 37
24 8
14 87
19 26
9 66
13 32
23 33
2 66
1 98
12 1
19 7
12 21
19 9
5 61
17 20
6 100
17 47
