30
27 99
24 8
21 55
4 40
24 13
19 86
1 85
2 9
1 82
6 42
15 77
9 51
20 24
11 50
21 5
2 49
1 55
4 2
0 41
27 96
26 66
11 7
5 1
9 100
30 85
29 78
20 77
16 38
4 55
23 33
16 31
5 85
25 2
18 69
26 49
8 62
11 88
20 29
27 37
12 25
30 72
23 17
15 24
22 59
7 75
2 40
21 100
10 6
6 17
22 28
0 29
10 17
0 39
3 9
30 79
4 54
15 78
5 7
17 14
28 29
6 47
26 68
11 65
3 97
24 23
28 45
10 53
7 55
24 87
21 23
1 64
22 3
6 21
9 7
6 23
14 97
9 68
30 69
8 17
8 2
28 69
29 15
15 41
8 54
14 17
5 48
30 63
23 58
26 69
10 66
15 98
16 65
9 10
11 52
24 42
18 53
21 46
14 18
27 71
22 31
6 79
12 36
8 46
11 18
15 100
7 46
14 27
21 11
29 76
24 41
5 96
10 13
16 27
7 37
26 86
16 42
23 75
23 34
13 62
26 5
23 28
11 61
20 62
3 12
20 93
11 20
8 91
26 45
26 14
13 75
19 45
15 73
12 64
21 4
24 4
4 15
14 49
12 91
11 24
29 96
29 63
17 77
16 5
29 70
29 2
0 7
7 1
29 33
27 96
2 52
18 26
1 96
0 9
15 90
22 8
8 33
24 15
19 56
18 68
8 98
21 36
16 48
3 43
25 59
23 36
27 2
4 8
30 41
22 64
9 20
18 32
1 67
1 77
1 80
26 25
15 54
26 67
6 85
12 89
6 43
26 42
16 8
20 37
2 89
26 48
10 72
8 38
17 47
20 58
5 61
21 58
22 81
23 94
15 60
27 84
19 33
16 70
23 78
9 59
23 35
25 67
6 85
11 88
1 14
21 32
5 64
14 37
4 65
4 12
21 4
13 25
2 13
25 58
20 82
4 93
26 68
17 30
10 82
7 27
26 45
30 1
11 45
20 38
27 25
18 2
27 6
27 77
29 11
14 67
24 46
16 76
29 11
21 34
28 60
3 16
23 79
19 37
6 20
1 2
21 40
26 90
12 25
8 90
15 23
20 28
0 94
5 47
1 2
22 99
28 94
20 19
20 38
26 22
7 63
2 18
30 41
15 54
30 64
3 73
20 64
3 27
11 56
14 75
21 95
28 84
17 33
7 7
29 14
4 48
2 80
10 68
2 47
4 27
28 78
9 47
27 45
21 46
26 52
27 85
21 88
25 29
18 79
21 56
24 26
0 51
6 67
28 94
4 89
29 14
19 17
3 49
20 87
8 20
11 38
13 22
29 90
9 6
22 34
28 70
1 19
2 18
30 61
16 46
24 37
14 29
21 40
8 28
13 65
12 30
16 38
2 91
25 51
4 66
20 91
0 99
1 3
0 75
28 9
1 76
11 33
29 48
18 81
22 49
21 96
12 22
25 69
14 71
5 76
16 29
25 71
20 18
9 100
24 46
21 97
16 80
30 38
11 56
12 79
5 54
13 53
19 66
0 28
10 54
27 81
4 79
19 76
27 21
11 11
3 45
27 33
19 78
20 98
5 10
12 51
12 1
25 37
2 28
1 25
22 88
14 61
21 92
25 85
22 73
1 34
0 54
25 41
29 1
20 7
4 85
7 100
20 7
30 51
7 11
17 38
6 92
12 17
26 57
2 99
25 14
13 17
3 5
13 52
17 18
5 96
14 34
7 68
15 81
28 26
13 59
11 60
21 31
24 51
17 23
5 57
17 25
1 11
28 12
1 38
30 96
16 100
