30
30 13
18 77
11 41
30 72
18 96
28 95
23 83
7 85
22 87
6 41
22 60
4 14
2 55
13 30
4 30
12 31
16 72
17 80
3 85
16 34
4 69
1 33
0 28
25 12
30 41
16 69
21 82
12 50
23 97
14 60
4 5
24 5
20 45
26 58
29 70
23 51
21 15
9 47
24 22
2 56
10 86
8 6
26 23
28 65
0 37
23 26
6 47
27 24
29 2
3 90
7 83
10 82
28 49
17 44
5 53
5 87
28 47
8 21
3 28
7 34
0 39
29 6
3 28
8 84
27 1
13 79
15 52
18 3
25 22
6 77
9 23
19 18
6 88
6 61
6 75
16 13
22 90
27 94
17 10
16 62
23 41
4 5
11 13
6 20
10 18
19 16
5 5
24 52
21 55
11 91
3 85
17 69
28 62
26 27
6 28
3 43
21 88
25 45
13 44
18 63
30 95
17 43
28 85
22 45
3 35
16 80
7 38
27 12
12 18
28 66
29 73
5 13
5 28
15 24
24 81
14 72
8 67
27 37
16 98
3 74
22 71
8 34
21 78
24 12
29 76
21 57
28 14
12 81
18 51
14 38
6 94
10 95
5 5
13 1
7 38
30 58
8 19
20 66
4 62
2 14
8 57
29 29
25 75
23 30
25 8
28 18
19 46
5 74
14 56
24 38
12 19
2 60
20 11
20 9
24 33
9 24
24 15
20 50
4 27
20 58
30 54
29 88
16 71
19 35
8 82
10 90
30 67
19 40
3 11
11 23
25 14
29 98
20 24
18 14
7 17
11 79
17 80
3 16
30 32
14 84
16 99
7 26
20 43
15 56
11 55
23 29
20 93
20 45
27 78
23 85
25 20
14 76
7 33
16 16
14 65
27 9
11 56
1 72
14 65
22 81
18 15
21 68
18 45
24 100
23 82
5 41
14 16
0 30
15 88
17 12
11 71
2 82
21 70
11 38
30 7
11 54
3 61
22 88
8 95
17 69
22 31
26 79
12 16
2 11
26 73
3 2
14 59
19 25
6 30
2 94
6 75
24 39
0 24
25 49
2 48
6 75
0 2
14 17
15 13
13 84
27 6
5 70
8 22
21 14
11 55
14 33
13 47
26 25
27 33
9 61
2 28
0 81
11 14
20 51
23 47
8 52
13 77
20 41
11 76
5 31
6 96
26 51
29 91
23 63
28 41
26 75
10 81
21 96
0 67
1 54
15 97
10 43
18 43
6 97
15 40
30 51
27 70
26 69
13 9
8 54
16 24
12 88
13 4
20 48
4 79
27 98
13 14
30 41
11 77
19 49
14 4
10 68
18 43
16 48
19 42
29 19
13 59
21 92
11 61
7 2
25 55
1 54
20 53
10 7
27 92
28 35
9 55
25 89
4 45
27 12
0 81
30 72
30 48
21 39
26 34
21 41
8 73
23 66
6 31
3 94
18 72
17 88
6 58
18 48
23 35
24 53
27 77
15 78
27 91
21 79
18 6
28 28
3 53
4 61
21 48
5 44
21 28
8 46
18 61
3 27
24 31
18 62
24 84
30 65
27 37
3 5
13 31
7 14
14 58
8 64
24 52
29 66
6 83
23 6
18 20
28 4
29 93
23 34
3 26
24 98
7 10
20 91
19 93
11 32
19 35
5 45
19 3
16 56
11 61
11 32
1 5
5 13
24 39
8 88
19 77
3 85
12 48
16 19
3 15
29 93
10 47
14 81
9 19
13 69
6 50
1 41
11 40
14 22
15 17
15 69
16 88
7 98
2 57
30 31
30 85
11 34
25 50
18 27
19 24
20 22
