30
5 55
29 89
28 39
12 2
8 62
5 15
26 58
30 73
24 2
3 44
13 87
24 41
8 26
5 40
11 58
25 17
0 27
22 73
13 59
8 34
22 61
8 6
0 32
0 11
21 30
19 75
8 81
19 44
6 92
12 27
28 43
19 21
22 71
30 60
16 37
20 18
6 66
6 9
1 96
16 70
13 99
25 56
4 3
11 47
20 95
0 76
23 97
28 13
24 70
3 82
10 21
1 23
8 27
18 65
4 81
13 43
4 34
13 98
26 17
16 67
9 57
24 58
15 98
6 11
27 64
0 1
19 92
13 96
7 66
22 52
12 53
25 70
4 21
22 46
30 95
4 64
9 30
4 54
17 44
2 84
27 30
3 68
18 57
17 9
29 3
24 71
4 23
10 100
29 50
22 91
17 87
26 92
14 73
19 77
19 25
7 42
14 81
23 88
26 82
20 2
3 91
23 64
3 44
12 95
27 23
2 70
16 87
28 61
26 20
21 93
16 99
20 83
9 73
17 34
2 80
12 12
28 39
15 50
11 24
20 58
10 82
6 11
23 43
25 77
1 89
1 6
12 91
14 11
11 17
24 25
28 21
8 17
20 59
14 31
5 44
3 60
26 12
5 60
14 62
22 20
1 8
16 79
8 41
17 2
29 91
26 21
28 96
18 68
17 25
26 22
25 26
17 27
11 42
17 98
12 72
4 14
25 20
29 52
0 49
10 64
20 29
0 43
13 28
1 100
4 89
27 55
3 84
26 31
8 81
11 49
12 70
4 53
2 48
26 47
12 6
29 61
23 83
25 44
24 93
30 69
10 41
26 74
17 44
27 32
17 69
6 1
10 46
13 55
30 63
0 52
19 70
2 95
6 87
7 75
30 77
21 15
24 2
0 42
20 4
24 95
18 21
1 78
0 3
23 28
4 37
11 30
20 99
17 15
12 65
4 82
30 48
25 53
2 98
15 7
16 9
9 70
13 48
27 32
2 68
12 82
26 28
23 26
18 94
8 70
6 86
0 1
5 23
29 59
18 79
23 88
21 94
25 8
4 48
17 79
6 3
2 7
0 82
1 46
5 35
16 90
8 5
18 33
24 63
19 90
11 100
2 61
10 13
26 11
14 53
27 98
7 9
10 2
16 99
18 53
1 80
7 15
30 44
14 38
20 7
2 41
4 19
5 55
29 33
14 82
1 39
27 34
16 76
27 77
24 20
8 95
20 15
10 66
10 77
30 25
30 88
16 72
7 30
17 2
30 38
27 97
1 100
10 14
26 82
30 55
13 50
27 18
17 60
20 94
1 41
21 79
16 50
11 41
0 83
24 81
7 65
8 36
4 20
20 23
9 67
22 8
27 63
19 34
9 19
8 32
13 31
17 78
15 17
12 28
13 95
26 28
4 51
25 60
5 73
4 72
12 73
17 94
2 8
16 64
26 87
1 8
15 89
17 67
24 3
9 92
3 95
3 65
27 42
18 35
7 66
22 72
9 36
8 38
3 75
10 53
14 62
7 40
21 11
1 15
11 40
8 49
3 31
22 18
22 37
12 83
24 60
17 71
14 92
3 27
13 9
30 2
30 80
12 61
13 23
16 36
6 29
6 68
29 73
26 79
27 26
21 98
13 59
7 81
18 22
25 22
1 30
18 38
23 44
8 36
21 76
27 76
20 56
20 38
25 25
23 10
12 12
10 99
24 43
13 49
28 1
16 3
11 18
2 72
26 30
12 39
0 28
14 45
4 25
17 50
19 94
20 62
5 72
19 97
26 6
0 69
18 7
1 75
2 4
15 25
15 84
7 96
