3276800
18 65
22 36
3 68
9 90
5 82
11 69
18 20
20 41
2 52
24 59
20 46
6 57
27 11
16 43
9 19
7 67
12 95
19 25
7 20
10 5
5 77
3 45
26 52
29 37
26 98
8 5
3 54
30 95
2 44
1 67
5 19
27 69
23 91
6 40
24 39
14 20
22 44
26 67
17 69
8 97
0 18
12 43
3 2
19 57
18 5
5 80
10 23
21 45
4 38
30 71
15 28
5 88
16 77
10 50
13 60
4 88
2 44
1 37
7 6
22 94
20 52
2 8
7 45
16 42
24 59
3 48
14 22
29 45
20 80
20 77
20 53
29 30
24 75
20 100
20 75
23 31
5 97
17 36
16 10
11 77
24 13
28 44
16 65
12 54
20 49
1 85
25 41
0 93
19 1
8 24
4 21
4 12
11 50
16 62
8 86
1 50
4 46
29 10
19 29
6 6
1 8
30 89
4 99
15 70
16 21
14 80
19 10
28 47
27 33
2 33
4 46
1 24
21 22
13 81
28 2
15 86
6 32
6 26
17 62
22 64
9 45
25 97
7 78
14 57
9 33
22 59
6 63
17 70
4 3
7 75
10 26
11 13
22 90
27 54
17 34
11 92
19 22
15 98
3 43
3 67
20 84
12 65
1 92
17 95
9 29
22 61
8 66
7 59
30 35
27 89
4 75
9 78
10 35
12 93
4 79
7 76
10 99
11 26
10 74
23 49
12 9
14 54
19 43
2 22
9 11
19 65
28 44
4 81
20 69
25 83
25 71
28 86
9 72
19 52
26 56
0 39
2 75
19 48
27 89
12 22
6 26
14 48
24 77
30 2
23 50
5 13
0 39
24 35
19 6
14 53
6 43
28 87
16 97
0 15
20 67
0 24
10 93
25 6
12 57
23 13
28 86
12 15
12 6
14 33
25 67
19 34
16 77
26 44
20 73
17 89
25 95
22 72
11 70
30 67
17 36
19 92
6 33
18 64
9 22
25 84
6 69
26 39
25 23
16 29
16 24
13 54
15 55
15 67
7 83
26 77
5 93
29 99
29 63
19 50
8 17
22 78
18 25
16 53
18 19
9 73
15 39
0 73
1 28
12 16
3 90
14 60
15 3
27 55
18 30
14 19
3 36
23 4
7 20
18 4
20 38
13 15
4 47
14 62
15 79
15 12
27 11
2 53
16 9
12 30
16 60
28 19
26 4
30 81
4 44
26 75
15 49
16 63
4 8
25 91
22 38
8 43
8 6
7 84
0 31
15 40
13 86
7 70
20 74
16 99
6 4
15 36
9 97
13 57
26 21
7 77
11 76
14 97
14 84
1 37
4 2
12 98
10 43
15 66
27 67
19 29
11 66
11 15
28 71
2 42
15 37
5 36
8 11
23 75
16 67
15 15
6 60
14 19
21 55
16 60
13 2
24 82
19 43
23 82
15 7
20 31
0 61
21 68
21 2
30 89
15 76
28 78
0 84
12 71
4 1
4 98
0 80
24 5
11 32
20 44
14 6
9 16
11 34
13 35
0 82
3 29
30 49
5 84
5 81
13 50
25 12
14 23
5 91
13 70
13 84
10 95
6 85
8 16
7 38
11 71
9 38
6 11
4 54
15 33
16 93
15 68
7 12
20 55
8 22
30 19
16 37
8 32
23 39
1 55
4 1
7 76
10 23
0 53
1 71
8 9
0 9
28 53
7 98
17 1
18 38
14 63
4 26
17 56
10 62
2 78
3 77
13 89
22 93
9 79
2 95
14 53
16 43
7 37
11 58
25 17
8 87
4 54
15 35
1 20
27 93
7 28
