3276800
21 28
24 33
12 14
3 11
28 99
28 26
22 15
10 94
12 63
26 63
21 64
10 26
23 93
27 15
16 99
27 22
3 34
28 21
17 14
1 68
16 64
26 33
6 82
30 80
26 79
15 86
30 34
19 37
16 7
15 2
29 59
4 74
16 3
4 17
22 27
10 74
25 17
6 48
0 48
22 24
26 59
10 23
12 27
4 63
22 76
21 4
25 1
15 21
8 98
25 40
4 52
11 5
10 43
7 20
27 49
22 55
12 96
16 47
26 31
12 69
23 3
29 54
12 36
24 9
17 32
23 100
18 13
15 17
9 27
0 28
15 37
29 20
6 96
29 66
29 15
26 44
25 16
23 77
16 28
25 46
14 34
16 19
26 88
26 54
22 96
27 33
25 40
23 69
1 26
8 29
21 45
27 91
0 6
28 46
26 39
6 40
8 98
27 93
5 28
13 16
5 70
29 30
3 56
6 44
25 6
13 7
24 66
25 79
7 59
14 65
24 33
21 59
12 55
8 51
11 6
14 78
10 41
26 3
18 73
13 42
15 81
21 76
1 67
21 55
2 83
3 88
22 7
4 95
30 95
5 42
17 93
11 7
6 94
23 59
4 63
26 95
10 57
17 27
22 42
23 39
27 27
17 62
13 62
26 88
7 60
8 63
6 39
30 54
29 15
7 94
25 100
23 55
22 85
8 86
11 71
21 54
4 76
10 73
16 76
0 99
21 47
7 18
0 23
15 62
15 8
22 54
15 92
29 79
8 40
24 89
20 41
3 26
20 62
21 6
6 17
23 41
3 85
25 70
25 72
29 43
20 18
29 3
24 30
16 41
2 96
20 82
18 56
12 78
8 14
6 36
7 27
6 61
3 52
14 23
3 76
15 29
19 52
20 12
9 59
23 30
15 29
13 50
23 10
5 67
26 35
4 85
30 96
16 99
7 25
19 41
14 15
21 26
17 45
11 44
12 29
8 59
9 6
23 94
5 65
18 92
0 37
13 66
27 14
21 52
24 100
27 78
28 25
12 100
27 25
12 68
21 44
1 5
15 47
13 27
0 20
3 94
10 78
24 44
25 37
12 88
5 35
28 22
18 6
28 87
17 96
7 46
24 37
22 75
22 53
4 51
21 1
16 14
27 74
9 46
28 78
24 39
10 58
29 70
25 94
19 97
15 63
16 18
18 89
3 55
3 33
2 10
22 64
16 32
1 9
25 37
12 5
9 76
14 96
20 22
28 59
4 83
10 86
30 2
17 3
12 24
10 47
16 4
12 68
2 60
6 75
8 72
13 11
11 64
14 29
25 34
18 76
16 26
21 36
14 68
8 66
0 20
4 8
27 73
4 54
10 51
2 21
24 73
22 91
25 11
6 25
10 59
12 17
22 55
23 100
10 64
26 11
26 39
20 49
16 27
23 71
30 44
3 38
19 46
25 71
0 53
24 94
2 61
1 2
24 29
1 17
28 87
8 93
11 81
0 55
25 76
8 99
12 29
25 76
17 75
19 36
5 87
3 34
9 17
21 27
0 75
0 25
12 73
18 75
1 45
16 5
26 53
9 26
10 13
24 20
24 7
1 41
9 18
6 88
12 39
6 41
0 94
22 6
26 94
22 24
14 70
13 16
19 89
28 10
28 29
14 58
30 3
16 14
13 20
4 33
8 38
21 6
16 98
4 69
14 92
14 89
5 66
7 7
20 37
29 31
23 38
10 94
14 15
28 13
0 14
17 45
1 49
4 82
10 89
27 60
5 11
14 46
5 26
14 66
22 32
3 90
12 38
27 64
26 48
17 9
1 98
