3276800
19 76
6 90
13 58
13 90
30 3
6 20
10 30
19 97
1 79
9 67
7 51
29 60
5 4
2 46
21 25
23 41
23 54
17 16
8 58
30 80
28 10
18 91
24 60
25 22
0 4
30 89
25 5
23 93
2 17
11 3
5 82
20 7
8 3
24 74
1 95
25 70
6 72
30 51
3 26
14 86
11 83
26 12
2 84
22 48
24 77
22 25
13 52
30 19
2 63
18 87
1 91
25 66
30 84
26 47
6 58
14 30
27 28
25 25
27 12
13 20
24 83
20 3
12 82
12 21
6 68
24 4
18 14
6 94
23 89
4 55
15 3
24 71
14 73
30 99
5 99
22 56
2 7
0 36
14 67
23 56
11 83
16 15
23 48
16 19
18 69
22 11
6 94
4 12
13 53
3 10
24 94
3 59
18 62
28 51
14 98
17 22
20 78
5 1
7 21
8 61
4 1
20 69
14 27
6 44
8 14
29 72
12 71
6 26
21 38
25 59
3 82
1 57
22 40
22 4
6 22
21 9
12 54
7 93
7 45
9 44
15 35
20 29
3 95
23 28
30 48
19 32
1 71
17 67
1 75
24 14
25 31
7 66
6 72
1 2
16 91
11 60
22 79
4 19
0 85
29 62
14 22
0 78
17 43
5 8
14 97
1 72
16 9
9 52
0 60
3 17
5 50
9 93
4 5
26 79
26 6
30 28
6 63
3 98
26 33
16 32
8 55
12 34
3 100
6 81
12 59
25 36
21 39
14 87
12 68
1 32
16 45
22 12
30 4
20 54
1 75
25 67
22 62
16 80
12 95
29 18
19 94
5 59
17 24
27 50
6 31
21 47
19 30
12 5
7 39
9 94
12 92
0 84
11 82
13 30
14 77
17 32
29 6
23 67
9 94
16 44
3 17
15 18
27 18
0 4
10 92
25 60
26 100
28 3
10 81
29 61
20 41
1 92
28 49
11 93
27 100
20 79
1 89
13 84
30 25
4 98
12 61
1 42
4 8
11 7
16 92
13 27
22 68
26 2
3 12
10 67
15 52
16 27
14 65
11 44
19 23
15 70
22 65
11 48
30 42
27 85
24 62
6 76
2 17
9 89
0 66
21 16
14 20
23 93
30 95
28 26
10 56
18 38
20 22
23 57
0 34
8 8
28 53
14 87
13 91
12 49
19 46
29 72
2 65
19 72
4 64
14 65
23 22
6 68
16 14
26 92
20 33
17 14
15 31
4 45
16 44
30 67
12 93
9 79
13 90
23 83
21 95
14 21
7 60
23 68
18 28
2 42
24 13
26 68
16 51
3 18
4 62
29 63
16 24
9 28
23 64
21 69
30 44
4 85
27 46
28 3
10 24
21 48
27 36
24 53
3 13
14 24
19 16
12 81
5 79
11 59
11 49
30 92
18 75
1 38
14 55
3 89
28 99
26 45
28 44
7 3
9 28
5 89
14 56
24 18
24 15
23 7
29 26
28 87
28 100
16 21
19 90
10 13
21 94
22 25
1 92
5 95
5 7
16 47
1 55
9 15
15 65
3 76
14 61
7 38
9 68
11 43
28 85
27 35
27 15
26 92
3 1
10 64
6 93
8 98
5 34
21 47
21 45
14 4
30 26
11 44
3 53
27 60
25 7
13 32
10 28
4 14
19 72
22 24
21 36
12 88
24 67
0 90
11 58
5 57
25 40
15 48
23 97
2 90
21 20
22 23
20 7
17 28
26 37
19 71
27 93
1 93
24 9
17 9
11 25
25 82
29 79
2 94
0 28
18 66
3 84
3 70
21 50
30 33
20 5
18 36
