3276800
12 11
6 96
19 24
25 92
29 76
2 52
24 37
10 36
17 44
23 53
7 52
5 95
6 54
22 96
22 39
22 82
2 31
10 20
0 71
20 90
6 57
12 97
21 94
16 14
20 55
26 66
27 4
7 47
19 10
15 7
2 83
17 84
24 62
11 72
27 8
20 18
5 30
27 85
30 74
5 42
6 57
14 18
14 14
27 53
12 54
5 70
23 5
3 26
0 94
3 11
14 28
5 68
26 1
4 77
29 89
22 96
25 27
24 38
26 100
15 100
2 6
1 75
30 68
10 2
22 79
27 75
20 84
13 60
8 70
30 100
11 69
0 92
16 36
13 78
17 27
16 91
11 13
26 80
15 86
4 52
17 74
19 34
24 2
27 31
29 93
23 53
9 67
6 68
2 30
29 65
25 64
23 77
30 8
8 30
27 99
19 83
2 2
6 50
24 60
23 32
28 76
13 14
16 44
26 43
26 34
8 20
18 56
27 43
30 5
11 68
15 57
16 30
0 9
23 80
4 100
28 2
14 67
7 22
11 35
16 18
8 17
28 53
26 16
1 25
13 73
1 11
27 92
7 18
5 33
18 35
25 92
13 33
5 70
30 20
28 9
1 13
23 59
26 64
6 56
20 87
0 45
1 82
18 86
4 15
12 93
5 1
6 15
1 13
0 31
21 68
23 13
23 57
2 53
9 5
12 20
14 53
19 33
8 7
1 67
24 80
22 37
4 29
18 61
27 13
15 41
11 33
4 99
18 36
23 63
7 41
13 11
24 26
19 10
5 70
28 30
20 4
6 26
22 32
19 51
9 19
11 2
14 13
26 32
15 63
28 22
14 93
22 9
25 78
13 29
21 5
2 89
9 15
0 10
22 46
17 38
12 86
6 20
6 57
0 17
2 15
13 1
13 84
19 3
2 38
2 95
5 92
20 3
29 5
27 27
2 6
25 65
24 68
9 29
0 57
4 51
4 98
22 32
30 33
20 10
13 60
12 53
20 73
18 48
22 32
24 41
12 2
7 71
3 97
14 67
9 93
16 55
13 86
8 10
24 36
9 91
18 47
9 66
0 78
5 1
5 21
15 54
28 63
0 3
21 100
14 57
6 95
15 6
18 19
14 5
12 32
25 37
26 62
18 14
19 20
26 67
22 91
17 17
12 36
1 78
5 96
7 38
8 14
9 68
16 79
3 79
0 54
16 95
1 45
23 62
22 1
22 54
17 8
17 7
24 11
17 69
0 10
12 21
19 74
25 88
9 4
16 4
28 83
7 1
23 74
3 84
24 56
7 14
29 97
26 85
15 26
23 22
5 54
24 80
10 8
11 23
15 90
22 16
19 16
9 29
27 64
14 95
5 15
12 19
4 4
10 12
7 2
24 37
26 5
23 67
17 13
4 73
25 49
30 47
7 92
29 6
23 82
21 81
4 93
21 7
28 100
27 10
0 21
15 30
11 59
8 5
21 19
8 67
29 4
4 54
30 20
4 62
30 5
19 92
29 28
5 42
17 95
21 71
10 29
28 22
16 59
0 10
28 64
19 13
1 84
30 74
17 20
6 75
22 98
18 50
4 69
16 44
25 75
21 56
30 20
5 19
27 81
30 21
8 98
17 54
30 36
21 23
19 79
11 40
20 6
8 94
13 81
7 42
28 100
2 58
26 38
18 83
26 32
25 92
6 58
22 83
2 36
10 8
12 30
17 19
29 92
30 22
28 74
0 89
9 67
23 85
29 86
10 55
3 56
0 97
13 43
19 84
30 19
21 91
15 50
22 99
29 28
8 23
8 75
3 66
25 21
