3276800
1 20
11 88
15 14
18 52
17 22
4 5
11 36
13 77
24 71
24 72
21 76
10 10
10 26
1 53
7 42
2 50
16 51
8 28
0 53
22 78
22 31
8 31
1 14
19 21
27 17
29 41
9 23
30 100
10 5
24 29
30 71
11 43
1 83
2 19
7 60
2 61
13 51
29 52
27 1
1 78
7 1
12 39
18 12
26 28
12 97
24 18
19 84
6 37
9 90
25 65
9 68
15 65
28 19
14 6
9 55
12 14
23 27
21 11
20 78
14 46
22 62
4 42
7 81
18 57
27 17
0 22
22 5
18 16
3 97
13 80
5 64
19 75
17 37
25 32
13 99
12 40
21 95
5 79
13 44
30 25
20 60
8 10
1 78
17 92
15 46
27 98
5 92
6 58
28 18
16 96
13 52
19 27
6 24
13 26
29 13
22 95
27 78
16 95
17 25
28 52
27 58
1 40
10 20
18 27
27 87
25 12
23 50
21 11
18 26
13 55
9 14
3 11
1 63
29 33
18 30
8 52
30 19
23 65
13 52
1 8
0 11
14 12
11 83
26 77
19 11
4 41
2 93
26 75
11 5
10 81
2 31
19 94
20 15
10 20
1 81
10 19
24 59
1 52
4 75
25 16
13 21
28 75
16 28
16 30
19 66
29 43
6 6
21 3
17 43
18 47
22 77
28 24
27 34
1 88
23 33
8 54
23 29
13 43
23 32
15 79
23 44
1 6
6 78
3 28
24 62
17 4
26 13
4 91
3 18
26 21
13 53
1 67
9 53
18 54
10 15
15 2
19 60
4 2
14 55
10 94
4 27
18 21
22 75
1 35
11 66
10 31
18 80
27 3
18 93
25 73
25 49
25 16
3 11
4 59
15 49
14 16
16 17
28 43
7 41
7 100
0 14
16 77
18 44
26 89
17 77
24 99
19 26
12 89
21 31
19 13
14 45
15 84
26 25
24 71
3 81
27 79
17 64
19 70
18 66
6 13
0 60
21 94
29 42
20 83
11 7
29 12
25 74
18 39
19 39
1 19
25 60
23 73
9 10
2 45
26 89
7 67
5 40
19 23
23 31
23 34
25 81
12 41
2 19
7 52
18 46
3 92
23 83
26 68
5 4
30 9
6 60
7 99
4 40
27 28
8 55
0 39
13 31
27 57
10 28
10 24
1 65
22 31
4 27
12 98
25 43
8 64
29 94
13 2
9 33
16 43
18 50
25 26
0 37
3 33
7 49
4 67
12 46
1 31
18 14
17 51
27 66
15 90
18 8
4 71
17 78
25 52
28 66
0 56
1 76
8 62
28 24
18 53
0 69
26 28
19 23
23 86
6 4
16 37
13 41
0 77
30 67
20 88
6 19
20 32
12 72
26 32
27 98
13 100
12 85
27 47
7 96
14 52
12 52
29 84
29 34
14 82
25 49
21 79
27 78
0 46
25 9
12 19
3 11
21 32
0 10
10 2
15 79
25 43
20 21
19 86
11 89
22 26
1 76
2 33
3 24
6 4
13 26
2 34
0 27
3 72
5 88
5 48
0 47
30 69
15 80
26 23
19 63
14 12
17 93
9 18
3 92
26 43
13 19
23 57
19 77
2 77
1 80
16 63
11 70
18 29
9 63
16 46
7 51
13 100
6 33
15 36
15 10
9 41
28 97
15 61
22 2
13 68
15 99
8 24
8 92
29 17
6 13
3 72
12 48
4 100
26 39
20 24
5 68
14 22
15 79
12 7
25 37
29 24
1 42
13 95
29 99
25 12
8 72
1 56
0 86
20 27
20 76
27 69
9 10
2 45
