3276800
26 77
0 28
11 47
21 49
16 31
25 98
12 8
5 58
5 32
7 84
4 30
23 66
25 70
12 48
16 31
26 20
25 84
2 100
10 51
26 5
30 67
20 77
10 62
8 67
6 43
20 65
17 59
27 66
7 37
8 66
2 92
14 35
9 78
21 85
2 73
5 66
26 76
28 33
5 16
19 72
30 91
20 29
17 26
12 45
18 21
16 44
29 43
1 18
21 88
27 36
8 68
11 21
18 19
8 9
25 52
0 3
3 100
1 63
12 57
29 63
15 99
0 83
19 100
6 31
8 72
20 86
24 71
5 94
6 71
3 86
21 45
14 75
10 54
0 6
16 75
9 55
7 63
4 73
25 33
22 77
2 12
13 58
25 86
21 59
9 72
13 28
17 77
18 5
9 87
20 95
4 2
12 54
8 36
2 97
8 14
27 23
11 62
8 8
25 20
6 76
19 90
29 19
7 38
11 68
10 100
28 14
25 2
6 80
20 14
11 20
22 15
18 57
18 56
21 19
22 24
29 84
1 33
11 11
21 74
14 19
21 62
0 27
2 35
16 45
22 75
30 78
23 93
29 31
19 98
20 1
11 20
30 7
2 14
25 55
23 12
26 17
23 46
2 70
20 27
14 9
12 72
15 86
11 85
0 40
22 29
17 94
16 86
0 22
28 61
14 14
28 74
29 64
26 5
23 78
0 4
30 45
28 84
4 84
26 79
14 60
11 82
12 69
3 68
12 79
29 52
30 89
19 7
7 68
8 82
5 98
10 70
17 96
24 43
25 69
9 36
4 9
11 96
19 47
18 1
21 36
0 71
10 82
2 8
18 30
17 39
27 31
0 79
27 7
26 98
23 97
15 56
28 82
8 18
7 25
25 17
27 25
24 8
17 23
30 60
23 5
11 82
25 13
0 67
25 36
10 99
30 57
4 87
14 70
15 77
8 13
8 94
20 90
12 57
29 2
6 68
5 11
25 37
18 98
14 64
18 91
1 47
23 95
23 63
3 21
25 89
10 5
5 27
0 30
12 45
12 6
23 7
30 27
25 56
26 62
1 37
0 15
30 22
10 84
29 67
8 89
21 82
12 57
28 39
26 57
24 78
28 46
15 72
1 92
26 55
25 25
0 11
21 92
7 97
23 40
30 91
26 92
29 70
13 39
26 85
21 44
24 73
10 99
27 99
11 35
4 53
22 15
19 2
11 23
28 33
30 47
3 16
11 85
21 85
13 90
25 60
9 81
7 23
0 49
29 33
10 27
13 70
1 37
30 86
8 69
12 45
26 37
16 75
4 91
19 76
10 45
4 89
22 21
28 62
28 7
24 38
3 86
0 41
10 76
16 38
22 46
26 22
10 80
29 24
14 71
28 27
25 19
26 44
19 98
4 76
17 27
29 85
17 62
26 42
1 66
12 97
0 89
28 64
6 98
21 85
21 21
23 67
20 42
13 93
16 34
27 16
2 11
16 53
1 21
25 39
27 59
10 51
9 67
27 10
15 69
16 10
27 21
22 16
28 71
9 37
20 19
30 35
9 19
5 89
8 5
24 23
14 93
12 83
14 88
17 17
19 68
16 58
5 74
26 75
19 16
23 71
11 31
21 73
23 17
29 62
25 55
7 46
25 82
0 58
6 61
9 34
18 17
20 9
18 83
27 88
9 73
25 57
29 36
13 70
3 99
24 34
4 67
5 29
9 14
28 8
15 11
22 82
17 91
14 4
23 88
4 74
19 24
27 75
28 13
20 92
12 20
19 45
3 17
28 2
23 7
21 78
29 42
30 73
15 15
8 99
24 64
