3276800
25 18
30 85
4 28
15 9
5 89
17 76
19 92
8 81
3 90
9 21
14 45
0 19
9 23
8 67
21 45
1 83
11 24
29 50
27 37
14 75
24 89
11 53
17 31
26 25
17 9
11 65
16 56
0 12
2 86
10 24
28 18
10 72
21 69
19 99
30 27
8 36
3 83
16 97
21 70
10 87
2 87
29 97
11 15
30 15
6 34
27 88
7 20
4 28
28 69
14 89
10 30
20 96
2 8
18 67
17 8
28 77
28 52
19 10
17 74
6 55
4 36
3 93
8 12
20 10
11 96
29 76
0 70
3 30
4 36
29 56
13 73
6 44
1 8
16 73
11 88
8 15
8 36
1 68
4 13
20 54
5 20
4 92
10 100
11 26
18 34
4 43
13 7
12 95
1 15
24 16
14 92
14 58
11 14
0 86
17 18
8 14
24 61
0 21
1 61
3 47
8 98
2 29
17 46
4 85
2 97
16 30
14 49
1 60
14 7
13 99
25 8
6 78
4 29
22 97
5 49
22 56
23 75
17 49
23 19
13 62
3 95
24 4
3 48
3 41
30 78
13 35
26 14
20 1
6 17
30 36
19 65
10 57
25 86
6 23
25 2
15 5
12 59
2 98
11 84
21 92
5 60
19 19
5 23
20 56
8 56
12 19
29 97
18 97
11 7
14 77
19 5
16 64
2 91
27 16
8 42
0 94
3 69
24 31
30 66
2 22
19 92
21 15
16 85
19 81
25 59
1 62
29 5
19 99
25 2
1 58
5 42
30 48
2 7
14 47
0 5
12 73
21 68
25 11
19 5
11 40
21 27
27 1
10 72
24 15
2 50
25 22
14 94
11 48
26 14
24 15
4 75
25 64
28 27
5 6
0 62
23 74
30 51
21 64
24 18
1 22
17 11
27 63
22 2
18 83
0 84
7 100
20 7
15 63
15 80
2 69
12 13
16 76
29 100
5 30
26 82
15 42
11 9
9 52
20 16
10 82
17 4
8 41
17 85
3 97
10 31
16 40
19 62
0 56
7 50
18 42
23 91
18 10
16 87
3 28
7 1
25 5
22 53
25 98
15 61
4 63
24 81
9 58
23 2
19 73
23 1
6 62
21 37
30 39
20 51
2 30
0 67
21 26
16 51
11 67
9 100
18 100
19 32
3 7
0 91
2 44
17 71
19 26
18 78
24 53
14 35
18 46
15 92
2 86
0 25
20 95
3 45
18 67
19 24
2 59
17 83
23 82
5 44
11 84
7 61
6 41
4 27
28 17
21 36
23 13
2 48
20 25
8 61
18 5
11 79
10 59
28 36
6 6
4 68
3 48
16 25
9 8
13 13
22 36
17 23
8 82
26 74
28 84
14 91
13 61
1 48
2 12
12 69
16 13
14 44
24 12
23 92
28 51
20 49
0 53
28 14
17 77
4 86
19 91
0 2
5 55
7 45
1 86
10 51
5 67
15 55
19 100
7 74
26 20
23 32
28 94
9 67
28 70
23 35
21 65
21 58
15 33
23 26
5 27
28 8
10 59
12 100
13 29
4 42
5 41
7 47
4 48
8 6
7 80
15 61
9 78
7 83
16 41
29 96
18 79
8 27
8 79
7 17
15 6
25 1
4 81
12 18
18 6
25 69
26 1
18 6
11 11
19 26
21 23
15 38
24 23
24 95
24 5
11 65
17 21
15 18
14 71
10 86
24 86
7 7
1 15
12 78
1 16
26 13
25 64
12 61
19 7
15 1
21 49
12 65
7 1
13 75
23 91
29 100
27 26
9 31
21 14
13 49
5 5
26 42
30 59
