3276800
11 88
20 25
8 77
11 90
13 41
3 49
0 71
6 83
26 67
19 15
29 85
28 96
1 7
5 12
25 31
10 72
7 30
23 19
8 36
21 2
3 30
18 69
8 32
5 61
12 70
2 77
22 23
13 16
19 50
13 26
17 40
26 30
10 54
25 8
18 51
14 51
29 17
2 60
3 47
25 30
13 86
18 32
23 7
25 99
27 8
4 17
8 63
23 58
7 56
8 78
14 81
23 63
15 83
25 43
28 50
14 16
11 15
6 68
20 29
26 49
30 22
12 5
28 93
18 57
18 15
13 62
1 27
22 89
25 11
14 8
11 24
23 45
20 51
9 73
27 66
8 1
23 29
20 76
13 16
25 26
2 7
28 69
15 89
12 61
26 68
12 59
6 23
26 93
4 53
8 2
3 92
13 76
10 82
3 80
15 92
7 32
9 18
12 93
11 67
21 41
26 87
25 11
1 100
13 45
10 21
11 78
20 91
23 38
11 91
18 90
5 82
13 30
13 56
15 67
17 18
30 83
30 36
30 22
9 35
29 72
21 39
26 27
16 58
8 17
30 83
25 32
15 52
19 87
6 6
5 96
6 54
27 84
4 82
4 36
1 24
13 92
1 27
22 62
8 80
26 15
26 18
7 1
13 15
5 44
16 34
11 28
10 44
6 50
14 63
29 83
12 94
14 99
9 28
20 65
17 63
28 19
11 34
20 85
19 87
4 79
26 81
8 25
9 82
26 88
12 18
18 14
23 96
10 32
19 7
11 72
25 14
18 55
2 41
4 26
7 74
13 64
13 62
1 9
26 64
21 77
19 84
28 82
1 35
1 83
6 85
15 50
27 51
16 4
5 63
22 38
0 79
27 48
17 29
28 60
7 18
20 97
14 78
9 75
17 60
25 16
19 31
16 55
16 94
26 99
25 93
27 39
25 54
9 69
11 40
4 90
10 65
9 92
19 22
12 20
8 2
24 47
12 11
25 34
15 59
3 44
12 94
27 46
24 32
10 87
12 12
22 83
2 10
9 73
7 64
4 13
1 48
2 53
2 10
26 66
4 96
1 14
19 67
6 21
3 11
17 87
11 33
28 72
24 87
11 24
4 56
3 4
18 77
13 37
8 44
0 2
27 13
13 45
12 9
25 75
2 61
12 77
10 21
26 19
30 73
2 85
11 40
15 44
15 93
22 39
9 67
25 76
14 14
26 94
20 57
18 89
2 44
20 50
25 42
27 35
18 19
12 10
2 45
25 49
15 36
10 69
27 87
16 10
26 77
17 45
21 21
24 96
24 69
9 9
25 18
22 62
22 32
3 95
0 32
9 90
5 65
7 98
24 45
26 39
16 22
28 71
1 71
11 71
10 22
16 69
27 11
8 45
1 28
19 50
0 13
2 99
13 31
4 4
11 92
1 66
22 96
24 52
1 29
16 82
21 35
24 97
26 1
1 57
0 28
16 81
0 38
22 15
9 77
7 8
20 91
24 54
27 79
26 86
5 76
28 63
7 43
2 24
4 59
1 26
3 82
24 52
30 78
20 38
7 25
11 8
18 69
9 13
7 20
20 94
1 67
14 29
7 49
24 53
23 38
4 85
22 17
20 81
23 91
28 57
29 69
9 99
17 64
30 55
13 33
14 83
7 52
19 65
30 79
4 87
20 56
7 88
15 95
23 94
29 67
19 97
10 23
26 86
13 80
12 5
30 56
13 73
21 76
12 85
1 14
12 14
16 17
4 59
5 84
19 81
22 13
22 24
28 25
27 1
1 24
30 7
1 82
6 55
30 85
21 50
14 39
0 71
