3276800
6 36
28 44
12 31
18 44
19 48
21 48
1 1
18 17
15 46
28 64
4 93
15 49
9 65
4 61
8 17
17 1
13 58
9 73
19 30
8 50
8 68
9 9
15 9
18 9
6 97
4 44
23 50
8 33
2 76
10 39
9 24
1 83
26 22
22 67
28 43
10 51
10 22
10 45
13 87
22 66
28 42
6 57
30 35
11 15
30 72
30 93
22 13
13 35
5 79
21 37
19 94
10 24
18 29
12 61
30 61
24 15
2 88
20 21
27 2
3 40
25 17
15 55
20 20
1 48
9 76
7 84
2 11
12 99
26 53
9 61
8 77
11 54
28 85
20 13
20 100
21 57
3 31
14 79
26 40
17 16
11 12
8 29
26 94
30 3
20 39
22 50
30 19
30 97
16 32
7 71
5 87
6 94
27 26
27 40
19 27
30 78
28 21
20 84
30 2
30 75
29 98
29 29
16 43
7 45
0 88
8 18
0 51
23 50
12 56
22 44
28 1
27 93
8 10
17 98
20 25
7 53
19 56
14 17
28 97
19 58
12 47
10 78
27 55
11 20
9 24
1 62
5 2
2 90
3 36
22 59
14 18
8 17
30 2
25 44
27 77
25 41
23 51
18 33
10 56
17 56
30 20
12 8
11 30
28 94
2 59
26 85
23 68
15 53
1 20
14 20
25 50
6 22
28 47
8 30
2 37
3 18
2 8
4 69
4 8
14 29
1 14
10 60
24 78
7 100
30 35
26 19
1 41
17 2
3 99
7 73
14 73
7 97
17 63
8 58
12 54
24 59
2 36
1 85
6 73
14 89
17 95
1 61
11 27
6 46
24 75
1 44
22 40
19 86
3 36
25 75
8 23
30 99
20 31
7 91
28 76
14 84
25 11
26 89
15 96
5 41
0 73
27 56
18 44
14 25
24 70
26 29
5 32
6 54
1 74
10 65
26 64
19 15
3 53
2 41
23 26
9 60
22 49
8 28
12 4
11 91
20 17
6 14
12 27
0 82
12 82
3 28
10 59
21 53
4 36
12 29
29 11
28 99
6 38
29 65
20 50
10 8
27 41
29 57
27 31
28 72
5 81
20 16
1 82
1 95
6 81
1 36
2 80
24 85
0 30
9 97
27 27
27 39
25 92
17 6
26 80
27 2
25 12
29 36
19 40
8 85
4 35
9 19
15 73
23 90
28 58
14 97
1 21
28 7
1 88
9 64
16 62
24 21
12 39
12 98
3 1
27 18
22 43
27 82
26 7
14 89
10 54
27 96
22 87
25 78
26 72
7 18
7 85
28 39
17 79
30 79
20 25
22 71
11 70
26 2
29 79
16 25
10 18
17 58
18 64
0 82
3 68
25 1
27 96
21 66
5 38
11 73
21 36
9 68
20 59
23 85
11 100
12 81
29 74
1 42
27 27
21 81
3 76
15 11
13 77
11 69
6 25
17 65
12 41
28 57
23 87
8 81
27 96
12 88
12 80
7 42
17 16
4 70
24 93
6 63
9 23
11 37
28 85
17 24
24 39
2 100
21 99
3 56
12 34
6 27
17 17
29 68
22 4
10 56
17 75
15 1
17 17
11 36
11 61
27 48
16 34
11 91
9 44
26 43
22 98
1 50
30 54
18 93
6 92
29 43
6 58
1 54
13 26
13 35
20 38
17 22
12 18
6 28
16 35
7 69
29 71
5 52
4 48
23 8
20 12
14 71
2 51
15 12
29 20
10 50
1 84
15 83
21 42
16 15
24 73
29 34
19 68
21 14
10 74
25 32
6 98
6 54
6 38
7 80
9 27
22 25
