3276800
14 99
23 22
16 87
30 73
24 69
11 86
14 37
1 100
5 3
19 40
7 78
29 20
21 46
3 10
30 93
18 75
21 5
1 13
20 37
20 3
10 39
18 81
15 20
26 71
18 63
8 28
22 75
10 60
19 34
21 50
18 16
20 88
9 7
27 15
23 46
16 99
25 7
29 82
22 81
9 29
14 84
25 67
13 69
15 97
21 45
27 9
23 91
25 71
4 21
22 99
13 47
15 14
29 30
28 48
12 34
17 92
6 6
2 73
7 31
18 78
10 52
0 85
21 85
19 64
14 41
5 14
29 30
28 75
5 72
11 11
25 78
18 23
17 80
11 29
30 24
4 28
5 56
2 2
5 16
26 45
0 4
25 10
17 27
16 43
29 99
15 27
17 77
0 27
0 23
27 31
7 92
17 16
20 29
28 86
23 30
14 38
28 24
15 29
0 95
7 50
12 94
22 39
12 62
26 10
5 97
17 20
14 52
14 3
7 78
2 30
4 68
23 10
27 83
4 77
10 56
24 5
2 16
27 58
8 96
9 78
25 33
3 94
23 8
13 92
6 51
13 98
27 37
14 98
6 85
12 72
2 21
18 34
17 63
25 54
15 51
19 32
7 59
13 72
2 79
6 63
8 61
19 41
14 97
13 40
0 65
8 50
6 92
2 64
28 8
21 87
30 68
4 66
26 76
10 45
6 73
18 34
25 72
14 96
30 72
30 75
19 73
15 20
2 79
21 28
7 42
3 77
24 82
4 60
15 47
16 83
2 53
22 85
10 19
18 67
3 100
26 57
8 27
28 27
21 17
25 45
27 85
25 49
12 74
11 83
16 36
21 82
9 82
7 87
19 9
6 10
28 49
27 71
4 55
13 67
19 12
7 57
17 78
21 32
3 58
16 51
2 60
21 87
3 10
23 97
29 64
5 54
22 5
15 58
14 73
7 79
1 41
25 74
23 67
20 5
9 40
30 8
6 83
8 67
26 94
12 79
0 100
27 28
20 14
15 45
22 80
24 5
16 9
2 35
1 36
13 52
4 87
30 5
23 41
8 85
29 75
25 33
22 100
1 97
3 15
13 7
2 78
17 78
20 43
11 1
21 93
0 71
11 70
15 82
17 22
22 55
28 63
16 79
15 61
30 33
14 54
9 15
29 71
19 30
23 90
0 54
7 40
25 31
4 15
30 39
6 60
25 94
16 100
22 45
30 18
23 83
16 75
0 95
12 33
12 49
3 7
2 59
28 100
23 85
12 46
18 15
20 84
12 74
6 97
14 16
8 100
9 86
14 61
24 49
2 31
16 85
12 66
12 53
11 44
15 27
22 31
20 1
24 54
14 43
27 27
8 94
6 24
14 73
13 1
13 82
0 4
6 22
16 27
10 48
27 61
27 98
4 68
5 13
3 87
17 40
10 59
15 91
9 1
21 11
27 59
13 84
28 23
6 45
16 58
19 54
26 18
11 13
28 43
12 99
20 37
16 78
30 34
5 11
18 78
22 61
10 62
11 16
13 33
14 3
2 4
11 6
16 85
29 31
4 33
26 59
30 92
0 74
6 75
17 56
13 52
30 81
29 40
8 51
12 2
16 10
7 47
8 33
27 82
0 11
6 53
11 79
23 81
11 69
14 76
0 90
4 22
18 5
1 52
20 95
0 57
2 3
21 90
1 48
24 59
26 31
0 62
23 95
26 31
15 1
29 67
11 92
23 4
19 11
21 34
11 76
30 84
11 70
22 22
15 68
12 46
8 24
8 43
10 11
26 28
9 41
3 9
6 18
14 87
16 65
9 87
12 93
