3276800
11 50
6 70
7 36
9 38
23 34
30 73
25 49
14 37
19 5
19 62
29 11
15 88
10 22
1 7
27 62
10 46
22 1
12 55
6 97
1 35
1 1
25 42
25 64
20 43
30 20
27 15
16 89
9 44
5 39
14 77
0 46
13 43
7 100
9 19
11 72
29 43
15 38
5 46
27 85
24 1
29 96
9 100
1 99
20 54
20 26
24 86
6 66
23 62
4 28
1 13
29 70
29 74
9 38
3 58
10 22
5 15
21 91
4 86
18 69
6 87
26 100
26 1
14 69
4 90
19 98
6 43
20 93
18 26
18 5
13 79
20 30
29 53
18 1
15 45
11 28
21 44
29 93
20 56
6 83
14 61
16 64
7 34
4 52
21 53
3 89
26 59
30 61
6 77
11 23
14 20
12 5
1 80
0 83
18 54
17 17
24 83
13 62
15 1
13 16
10 3
29 31
11 77
12 90
9 5
20 75
11 31
13 75
22 18
18 80
29 21
19 17
23 16
26 90
30 43
7 43
19 7
24 4
12 76
20 46
13 22
22 32
2 21
17 3
18 66
2 16
24 67
21 18
11 93
1 51
21 46
6 98
29 56
4 73
16 11
28 71
16 36
1 87
16 26
22 54
25 5
22 86
28 58
5 96
25 56
14 97
12 38
4 64
19 10
13 20
17 29
18 19
9 49
27 7
23 94
15 44
3 24
11 10
28 92
4 16
0 35
14 85
28 86
15 58
17 57
26 61
18 24
24 96
29 36
25 59
11 19
28 43
23 19
25 100
29 79
5 99
25 50
29 12
8 17
27 85
8 17
2 7
2 54
10 75
19 3
24 100
23 39
25 25
6 17
30 91
18 46
25 35
6 60
6 77
16 19
21 19
12 17
19 97
4 9
16 40
28 18
20 33
28 55
5 11
30 90
19 66
13 91
23 77
14 76
10 76
22 70
2 47
18 73
10 55
3 85
12 81
25 78
23 54
5 79
23 49
10 90
7 42
20 97
21 53
4 43
13 56
28 36
22 75
24 67
26 43
25 97
6 40
30 100
24 81
27 82
20 44
17 40
17 12
13 25
22 5
23 90
3 84
2 23
30 92
20 13
30 14
2 8
9 44
11 93
26 43
23 25
28 6
17 93
8 1
4 17
6 24
0 80
27 30
27 69
24 20
17 58
20 78
7 96
20 31
15 62
1 30
4 46
23 40
29 37
20 82
26 34
6 1
19 34
14 33
16 13
5 31
20 58
11 92
8 49
0 64
23 85
13 30
4 19
5 19
6 10
5 13
18 9
22 50
6 2
29 53
23 76
14 77
20 23
28 99
8 3
15 38
3 17
5 49
19 44
1 75
29 93
24 75
12 70
18 19
24 7
19 90
19 23
1 24
16 11
9 19
20 55
30 50
7 28
6 64
15 63
5 83
16 4
8 46
14 70
15 10
4 45
24 59
16 31
23 4
17 85
7 2
16 84
29 42
27 51
9 3
14 12
28 33
20 94
3 92
19 72
18 23
29 27
20 93
11 12
24 50
11 54
14 23
20 81
15 86
17 84
25 32
12 32
20 34
27 74
14 7
28 51
6 86
17 12
7 81
15 68
16 44
22 5
12 52
24 83
19 96
9 68
2 76
30 50
0 43
23 88
5 32
8 6
4 23
5 88
3 33
5 40
15 27
15 32
4 18
19 49
3 57
1 46
23 23
8 16
17 70
13 75
13 82
0 36
3 88
25 10
23 41
25 33
2 56
10 10
12 90
15 3
24 99
17 43
22 85
11 47
18 80
7 15
18 54
0 88
21 81
16 76
