3276800
3 34
14 47
12 35
26 18
17 24
18 95
5 91
5 7
16 79
5 74
1 67
12 1
23 25
11 61
0 74
4 63
11 67
1 16
15 87
27 99
25 80
27 29
18 46
22 79
29 60
12 70
22 84
6 98
8 19
4 76
4 8
14 97
16 49
13 57
30 59
21 30
1 6
9 78
7 17
13 58
2 49
0 19
25 79
27 94
4 1
15 85
21 80
5 83
27 2
11 56
7 94
0 78
13 92
5 75
6 21
1 76
22 31
2 37
13 92
2 58
17 8
29 43
6 27
6 45
30 15
21 49
21 10
16 73
8 89
0 91
6 3
10 74
28 41
16 63
27 47
7 34
27 39
8 32
10 89
27 90
26 47
0 66
13 61
27 11
7 12
25 80
11 63
20 96
0 52
30 84
9 48
13 85
28 98
7 24
2 21
25 70
9 25
20 76
13 14
25 88
14 61
9 96
28 84
27 31
7 93
17 3
13 25
15 23
20 54
1 40
21 50
1 98
30 34
16 78
26 44
15 23
0 74
3 8
28 59
17 24
22 41
8 83
11 75
17 9
21 80
27 86
16 29
6 57
6 62
2 64
20 26
25 45
2 78
18 98
29 6
10 29
16 66
12 19
28 5
3 37
5 15
13 97
3 13
8 21
1 25
8 36
8 79
3 74
15 40
10 20
0 31
1 34
12 80
11 38
1 81
19 2
21 98
18 76
9 69
5 53
23 87
6 26
8 71
16 85
11 11
4 85
16 30
14 16
1 76
3 9
23 54
27 95
17 15
10 20
16 82
10 10
28 77
13 50
25 71
0 11
9 38
18 54
15 36
5 90
25 79
9 68
22 29
6 17
26 28
2 18
26 15
27 10
25 50
6 20
20 65
26 73
15 39
20 3
18 33
9 96
26 39
10 42
16 9
21 68
0 3
22 10
16 100
12 99
23 80
29 17
28 43
28 86
14 14
11 44
26 66
16 65
20 26
18 54
19 34
18 61
25 40
30 75
24 99
14 17
29 69
12 62
16 26
23 76
4 38
5 61
16 10
10 72
6 100
9 7
3 82
25 83
13 63
24 60
11 43
4 98
24 10
25 73
26 73
19 36
6 75
25 61
27 91
25 51
21 50
25 50
9 52
14 85
29 71
30 37
23 100
18 26
14 4
25 18
2 43
29 70
19 12
5 72
4 96
9 66
16 63
19 9
21 76
2 44
10 21
15 93
15 69
14 34
15 29
29 66
16 89
27 76
16 80
21 25
25 51
27 87
25 69
27 93
3 59
28 52
5 97
22 35
25 15
28 68
22 57
29 52
6 16
19 18
24 88
2 1
16 64
20 89
24 1
10 30
27 59
18 91
22 42
3 84
23 59
12 23
1 100
27 56
6 70
18 76
29 16
13 15
4 52
13 74
29 12
11 32
18 97
23 62
10 54
3 54
20 43
12 83
12 85
24 84
10 75
25 29
13 63
12 23
20 54
3 80
4 94
9 26
20 12
26 83
15 31
12 5
27 38
21 14
12 32
3 39
20 45
22 40
14 86
13 39
19 47
20 20
26 62
20 74
21 34
21 33
19 99
2 70
1 42
4 65
24 44
20 49
18 47
8 90
9 17
27 7
12 93
27 72
4 56
13 83
9 82
1 39
12 31
13 42
7 1
13 45
15 10
10 4
23 99
10 95
19 99
13 56
24 81
25 65
15 97
24 14
7 82
15 47
3 94
4 35
29 92
12 100
14 80
15 38
2 27
15 30
13 1
22 70
23 97
16 83
29 22
1 94
9 49
4 15
3 73
26 92
16 20
17 6
