3276800
3 91
11 63
29 27
10 45
3 48
9 94
3 5
19 9
10 6
1 76
11 66
6 30
30 96
19 12
28 93
5 70
15 97
20 86
2 16
28 99
8 99
0 35
27 47
17 16
16 38
23 98
15 10
10 21
0 23
10 56
19 51
30 61
11 92
3 56
3 18
11 43
29 92
8 4
22 31
27 91
28 17
26 10
10 19
27 57
25 46
28 35
18 15
15 64
0 55
27 6
8 97
24 33
15 47
29 83
2 43
17 3
6 73
4 13
19 9
17 91
30 51
25 25
5 31
9 21
0 17
26 42
11 13
22 87
5 54
0 72
16 6
13 80
25 16
18 2
30 91
13 66
29 86
23 83
27 33
25 3
26 96
5 10
14 83
29 10
9 4
12 46
14 22
22 27
26 76
22 97
13 72
15 67
24 19
9 15
2 68
10 58
1 27
5 64
23 81
23 32
2 81
1 96
10 3
16 65
17 11
12 79
19 27
0 64
4 64
8 51
28 53
5 87
5 44
1 70
22 59
29 49
10 22
13 39
4 8
2 60
19 41
16 32
25 42
8 75
11 7
0 85
14 47
19 59
27 99
25 99
24 49
29 39
0 2
25 93
1 49
17 66
17 48
21 72
7 37
16 82
12 9
8 56
14 77
15 82
30 24
16 3
7 27
26 64
18 7
12 21
28 3
18 73
28 43
22 5
9 23
2 6
1 69
2 6
11 26
14 35
22 34
15 19
21 62
26 5
26 83
30 87
28 87
5 14
30 53
11 35
22 11
19 37
30 56
15 5
12 71
16 63
30 46
26 21
23 59
26 7
28 62
23 35
3 25
11 70
11 23
1 99
26 95
25 53
30 73
27 66
14 63
17 99
27 1
8 88
19 84
27 24
16 35
13 20
18 46
9 9
20 98
4 90
13 39
18 37
20 79
7 51
20 50
5 69
24 64
11 18
18 38
8 71
7 98
26 87
10 51
6 92
23 81
3 64
11 13
8 45
26 52
24 18
1 17
20 71
19 39
15 3
27 16
28 92
7 5
13 52
7 23
28 85
7 28
8 8
14 39
14 28
7 93
4 88
25 42
27 41
1 60
10 56
19 8
2 82
24 94
23 26
26 86
26 81
25 21
21 90
27 18
10 81
17 12
12 59
10 84
7 91
29 15
20 46
20 2
25 37
4 30
27 65
9 66
6 29
15 2
26 8
5 78
13 62
7 66
30 88
16 72
1 40
6 12
24 53
18 20
16 78
13 31
28 73
18 41
1 25
8 13
24 73
24 57
8 65
26 63
2 75
1 80
6 19
18 66
23 64
11 44
4 26
18 53
7 78
30 52
22 57
26 92
4 8
4 36
26 1
24 21
19 42
25 68
9 18
25 68
2 47
22 53
18 40
10 68
21 5
30 10
8 83
18 67
9 5
22 48
20 24
14 67
20 73
26 60
5 51
15 7
10 56
15 73
0 84
24 51
15 31
15 27
22 29
0 68
21 84
11 96
8 61
30 37
12 48
8 33
19 67
20 64
9 73
13 49
17 81
26 33
1 24
24 31
24 93
26 35
5 25
20 53
20 54
29 70
10 32
29 79
17 68
23 28
14 37
11 95
8 28
2 50
4 2
8 96
20 62
19 2
14 54
13 89
15 36
9 84
11 71
10 41
21 96
28 11
10 28
5 10
29 94
22 29
0 15
8 57
26 77
9 74
30 94
21 58
6 14
6 56
16 56
19 79
26 1
18 60
22 10
23 85
20 84
8 80
9 10
14 85
19 83
21 42
21 15
18 36
24 41
2 31
28 17
19 18
14 57
