3276800
24 48
6 91
1 11
18 58
21 61
18 41
22 41
13 50
1 66
9 76
19 65
9 22
27 13
23 13
22 62
5 23
27 87
27 38
4 34
22 3
22 1
6 4
5 65
2 52
30 16
21 31
24 2
22 23
29 18
16 80
2 4
18 17
23 21
8 18
18 54
24 12
10 20
12 81
11 100
4 46
11 70
11 27
21 96
21 71
19 34
14 28
2 52
1 99
9 28
7 38
6 92
10 46
10 14
9 79
13 26
2 76
9 6
16 71
11 10
8 34
2 8
13 20
21 55
5 38
26 83
0 91
10 54
23 88
2 20
10 50
28 14
8 44
28 25
19 99
22 4
10 40
21 9
12 88
4 94
30 11
16 82
7 2
24 42
24 56
18 94
23 24
24 98
22 98
4 48
25 50
2 35
1 92
21 31
3 37
30 54
22 75
25 91
9 6
20 20
14 56
29 70
15 76
25 34
14 55
11 5
8 6
23 10
20 4
26 100
7 34
20 13
11 98
30 36
14 8
10 40
26 52
0 74
13 77
14 48
25 15
0 27
15 92
24 62
30 4
29 12
18 59
25 99
9 43
19 68
21 35
27 29
1 63
14 7
3 54
3 94
6 10
29 75
13 95
0 62
9 91
27 88
4 74
17 67
1 47
1 76
30 34
11 11
2 59
25 65
29 80
15 26
20 75
11 7
28 82
0 42
18 76
6 90
14 29
10 59
14 33
20 43
7 9
18 94
1 73
9 7
10 90
24 30
17 75
10 4
0 40
0 2
19 42
19 29
15 98
26 41
15 74
0 30
0 75
20 80
5 15
13 96
24 47
1 38
9 3
16 97
25 90
10 46
19 54
7 75
27 58
17 64
0 99
5 50
2 13
25 92
15 5
2 20
3 27
13 91
15 12
9 5
1 13
5 38
26 73
18 79
1 39
17 67
0 12
29 53
15 89
5 28
30 4
10 36
30 99
1 9
28 4
19 31
22 37
7 85
3 54
8 14
4 73
11 41
4 6
3 3
23 31
25 61
16 37
13 32
17 49
19 68
19 27
0 87
0 72
7 83
18 94
19 44
12 16
29 89
26 100
11 41
16 40
20 98
8 42
20 80
16 16
3 7
11 15
25 92
20 99
0 19
21 64
14 95
30 28
6 12
12 41
9 4
26 76
10 67
16 71
15 35
25 94
5 12
30 42
18 82
7 84
3 95
17 49
25 34
12 32
26 91
8 14
18 63
29 73
17 9
9 76
22 38
16 8
30 90
23 36
29 57
27 78
9 66
29 51
15 15
10 35
0 25
16 24
11 92
11 59
22 63
1 3
2 14
2 97
11 9
6 89
6 72
25 5
26 71
4 27
10 45
20 73
5 5
22 51
30 44
30 65
19 60
13 42
17 69
15 33
15 18
7 70
20 80
8 27
6 21
6 12
16 2
6 51
20 15
24 72
24 31
27 57
10 96
30 88
30 75
29 23
1 15
4 65
13 24
16 73
22 60
21 18
7 42
3 30
26 11
18 16
26 61
15 43
13 100
5 88
5 39
28 2
2 92
30 16
26 44
25 45
22 30
22 58
0 62
13 18
19 17
30 64
0 9
23 22
28 66
29 13
15 37
23 16
15 92
28 4
13 32
8 59
15 56
19 39
28 12
1 29
23 39
7 47
8 95
25 47
28 30
27 47
2 22
12 45
17 9
9 50
23 3
3 83
9 78
24 71
12 65
26 54
12 9
12 3
14 15
4 100
4 58
17 37
9 23
16 99
18 43
11 70
26 89
24 57
28 88
2 61
8 52
11 89
18 77
9 44
