3276800
26 97
9 81
20 64
2 87
7 10
17 93
6 34
7 8
17 3
14 14
28 89
13 84
9 24
8 22
3 29
16 60
24 64
24 27
0 57
28 6
5 49
25 64
27 26
2 17
28 79
10 62
5 54
26 46
4 63
1 14
5 7
15 32
7 84
16 16
19 88
9 53
30 33
13 52
2 6
23 8
21 92
9 45
13 53
25 95
4 82
19 8
17 73
26 68
3 10
12 86
0 41
29 46
13 65
30 87
11 62
3 58
28 59
19 99
18 86
17 81
28 14
1 67
0 50
27 21
21 56
29 85
9 48
1 27
7 47
19 28
29 29
3 14
7 70
0 51
27 36
22 39
25 95
17 15
6 50
0 48
20 4
24 22
28 85
16 11
16 84
0 10
18 8
1 86
26 9
25 2
23 89
1 80
13 71
30 41
28 50
5 54
3 77
11 95
7 19
7 50
9 11
11 79
2 70
6 95
20 94
24 4
5 74
25 99
8 64
4 24
10 82
25 3
22 57
9 49
19 57
11 32
19 31
9 50
8 75
2 44
1 49
1 51
18 76
4 72
6 75
28 16
29 26
11 5
19 53
14 32
27 52
1 18
28 1
11 7
23 59
30 45
24 48
28 67
15 12
15 95
0 88
25 67
18 58
20 35
3 14
16 37
5 99
21 51
29 56
20 53
1 65
30 43
11 26
8 93
19 87
29 99
13 4
17 2
12 15
28 3
28 53
3 66
14 86
14 30
15 63
27 29
30 42
8 33
1 46
14 18
24 82
24 72
12 37
24 59
11 16
21 32
16 19
15 91
28 28
22 53
14 72
20 56
25 19
7 31
10 94
18 24
29 29
2 80
12 80
19 18
22 65
19 77
7 88
23 23
5 96
14 62
8 90
9 40
7 98
9 54
29 85
17 47
24 34
28 71
18 59
19 97
12 35
30 44
12 32
30 4
5 84
22 14
3 57
7 92
18 79
24 96
5 43
30 97
29 17
17 86
14 27
15 71
2 94
16 73
26 72
18 32
25 66
23 19
2 59
8 70
8 65
4 46
28 42
10 62
3 54
17 40
2 80
22 19
11 62
28 66
2 28
24 72
10 26
14 11
21 69
5 4
16 36
4 30
26 96
28 78
29 47
10 23
27 87
3 100
1 72
0 96
24 47
28 77
29 71
22 30
5 29
7 49
14 97
21 18
29 33
26 24
7 68
10 44
29 79
13 44
3 89
1 69
13 77
4 79
27 88
30 61
7 39
28 22
1 16
16 97
17 33
20 4
25 94
2 32
7 1
23 32
14 37
26 93
11 53
0 74
5 24
4 78
22 58
20 5
12 3
26 50
13 73
24 24
12 35
19 43
1 10
2 99
21 43
12 77
13 18
17 38
22 25
21 91
23 74
3 31
7 48
13 1
15 1
18 81
10 90
18 72
9 7
26 23
6 84
17 14
6 5
11 33
10 45
2 63
9 13
29 88
13 75
19 69
23 31
15 94
7 72
18 78
25 83
8 67
17 27
30 24
8 7
9 21
17 11
21 47
0 31
4 13
18 10
22 83
30 85
13 100
10 89
26 96
25 52
29 61
16 70
21 57
29 87
19 24
24 69
22 85
30 19
9 91
23 9
17 19
29 17
18 22
22 87
17 41
12 21
2 53
11 33
11 2
18 47
25 88
30 1
16 27
13 1
11 28
22 96
30 83
6 77
19 7
30 1
22 47
26 73
19 14
19 7
11 94
17 54
20 80
18 98
11 16
16 72
29 79
24 73
9 65
9 55
24 94
1 62
10 94
13 63
4 77
26 70
2 77
