3276800
7 51
0 24
18 38
28 51
7 87
7 19
22 11
10 94
10 85
14 92
19 65
28 99
19 70
18 39
13 35
28 36
6 28
15 74
29 70
7 4
30 93
8 10
13 87
16 5
18 14
30 83
11 51
0 91
30 18
9 84
25 45
2 10
19 63
17 9
24 96
2 86
14 34
1 19
26 7
27 87
6 81
19 48
16 74
22 48
4 65
9 75
16 28
27 27
1 24
9 53
9 98
4 39
23 6
18 94
26 20
20 5
15 7
11 62
22 23
6 25
13 14
11 44
4 67
30 89
9 8
2 58
2 39
1 8
18 68
0 31
30 11
29 24
5 61
6 97
9 25
5 71
2 96
4 90
3 71
12 91
15 86
11 94
18 10
11 9
9 95
14 33
9 14
18 94
13 19
11 28
22 84
6 60
0 20
5 34
27 28
10 82
21 72
28 46
0 66
5 52
1 48
7 49
2 11
20 35
11 94
24 67
27 80
22 32
25 72
30 6
12 28
22 59
21 19
6 6
11 46
16 25
23 100
19 99
15 16
25 95
23 66
9 93
26 98
14 47
27 57
22 84
24 14
13 9
15 38
8 85
19 26
15 90
12 15
4 61
11 30
18 80
1 57
5 71
0 85
16 43
26 56
7 11
16 61
4 42
22 17
17 19
29 59
30 32
25 92
10 57
16 36
3 19
25 42
15 94
7 18
25 60
13 20
14 40
8 4
28 22
28 36
22 59
16 48
26 36
17 84
0 97
30 61
3 98
27 1
24 36
10 80
5 59
21 35
23 52
4 55
21 44
24 58
27 26
6 22
17 68
6 81
11 86
24 18
15 78
16 67
20 2
24 11
23 71
30 60
8 25
24 57
25 49
15 7
18 20
16 89
19 72
30 22
5 42
11 65
24 12
4 14
30 94
14 36
10 30
0 11
2 99
19 88
15 13
26 94
16 96
9 94
7 67
27 97
21 39
30 98
24 54
25 57
15 59
3 24
10 1
8 64
19 62
26 15
3 67
10 18
26 24
9 81
25 96
28 27
13 94
24 57
14 73
17 100
23 9
0 31
16 11
27 80
8 29
25 65
23 94
26 83
13 27
3 79
20 99
12 35
13 69
15 57
29 3
18 35
5 46
20 66
27 67
21 60
17 84
3 53
26 85
18 49
0 20
7 86
22 76
8 64
2 78
6 67
29 6
13 8
6 28
13 10
8 44
2 13
30 18
8 1
0 68
27 66
17 69
6 1
7 87
19 21
18 25
21 14
17 39
23 26
24 21
27 45
13 94
21 37
29 58
12 46
18 80
1 67
19 61
7 81
12 91
4 40
0 41
27 52
15 47
3 28
6 47
2 31
13 84
23 16
17 59
27 71
25 59
6 14
0 67
15 15
26 57
30 96
13 46
16 98
11 23
21 22
15 58
6 21
20 63
26 96
30 76
9 78
3 41
13 66
27 1
16 45
16 77
22 9
28 82
29 4
30 83
13 76
19 48
16 94
4 29
6 88
29 40
23 5
11 1
14 36
16 94
28 42
1 40
23 42
3 82
24 98
2 91
22 41
30 77
13 43
30 90
0 78
29 83
23 63
9 51
21 42
4 46
3 79
2 72
15 22
9 14
27 15
7 87
2 68
7 23
22 21
21 74
3 15
1 3
2 25
2 54
30 11
30 73
5 71
28 3
13 63
23 10
4 30
21 99
19 72
22 81
10 21
25 94
8 61
3 25
26 30
23 45
13 37
5 73
16 97
11 36
8 51
15 40
29 45
0 18
3 32
19 28
14 17
4 24
11 100
12 24
19 74
27 70
