3276800
29 65
1 58
20 66
9 42
1 59
26 32
7 69
26 9
18 69
19 32
15 7
5 20
22 50
18 22
27 30
23 63
18 45
13 62
8 30
0 85
23 64
17 83
23 76
11 79
19 9
18 86
26 8
23 4
17 29
27 96
17 39
11 72
2 82
26 52
20 86
13 62
23 8
30 60
30 79
23 75
6 56
26 29
22 25
17 58
26 33
9 28
20 49
14 17
23 66
15 95
9 100
1 22
10 8
17 71
13 39
5 95
27 12
12 90
13 44
3 52
29 94
2 83
28 9
30 6
26 37
4 20
22 33
8 11
7 4
27 10
13 1
10 85
7 15
23 8
3 74
21 57
2 84
14 84
5 67
29 14
19 32
5 38
10 17
12 91
29 75
28 92
2 43
26 41
20 13
13 5
30 39
20 18
11 26
18 23
6 38
7 96
14 49
13 88
29 70
9 69
21 65
2 46
30 51
23 34
7 95
28 4
23 21
14 25
25 77
8 77
18 9
18 74
5 39
3 94
4 7
22 40
13 35
13 52
26 79
12 29
5 59
25 21
15 40
23 16
14 64
13 76
20 85
9 90
0 77
0 68
29 22
0 5
24 83
14 61
12 98
21 24
1 2
4 17
1 57
26 59
21 56
6 72
25 70
29 71
29 37
9 56
4 29
0 16
5 84
28 91
27 50
21 21
26 74
21 55
3 57
22 81
3 63
4 43
23 14
11 17
27 50
15 66
15 47
8 79
19 13
27 81
19 98
20 33
0 38
30 97
20 32
0 85
26 95
1 47
23 86
3 57
4 76
13 63
16 22
18 63
25 67
7 76
20 88
21 24
14 24
29 9
30 88
9 93
14 65
13 71
22 49
13 19
14 49
28 29
29 43
7 40
22 30
7 15
28 53
19 73
4 5
23 77
23 49
23 61
18 4
22 98
12 78
22 88
27 88
6 79
7 48
19 89
18 21
17 3
15 95
13 72
23 99
27 92
20 60
0 22
0 72
26 2
0 97
12 35
4 63
21 44
2 70
18 27
2 1
11 53
5 2
13 15
21 79
24 1
18 99
15 87
22 85
21 4
13 13
22 96
29 67
20 32
5 71
29 70
27 38
0 22
26 1
7 17
23 86
9 35
3 39
2 43
25 4
24 83
24 46
0 83
28 62
24 30
25 13
6 28
5 75
20 80
1 62
7 37
4 62
9 93
5 29
11 74
12 20
14 92
12 80
16 78
23 85
0 15
12 34
10 55
5 89
13 50
14 1
2 12
0 96
8 49
14 89
6 88
0 18
18 87
27 53
28 98
14 21
18 69
13 36
26 34
23 48
17 55
22 45
28 7
9 43
29 48
19 61
27 17
9 73
20 91
28 71
13 96
18 33
30 68
28 26
3 30
6 57
17 19
7 63
16 26
20 69
24 7
10 46
27 16
25 23
24 82
11 51
24 78
7 74
25 69
20 71
1 38
21 53
3 40
18 9
17 27
30 54
23 39
9 14
19 58
13 36
28 74
6 50
28 69
0 75
8 42
3 70
0 20
3 57
7 23
13 51
0 42
6 45
5 12
20 32
19 78
19 50
2 23
14 36
25 99
11 34
23 70
6 97
28 61
17 4
2 40
11 96
18 7
25 69
15 26
22 76
17 30
28 59
16 70
30 28
18 69
27 79
4 52
20 69
20 52
21 15
19 42
15 60
24 13
29 56
3 20
30 89
30 19
21 71
1 29
10 34
2 1
9 28
1 11
4 27
13 7
12 67
2 58
22 99
18 23
7 97
17 89
4 71
13 31
0 1
6 80
8 70
10 38
