3276800
17 54
5 73
9 45
10 50
3 51
10 71
25 34
12 42
2 77
17 39
16 6
28 91
7 36
12 55
3 34
26 26
20 59
16 96
11 7
8 42
29 26
2 45
13 3
4 3
14 58
0 60
21 76
30 45
29 67
28 20
8 89
2 35
10 22
2 88
27 22
16 41
9 49
24 20
1 45
4 89
7 83
21 37
14 82
7 76
15 67
8 70
26 20
2 94
9 92
29 92
27 63
25 93
22 78
16 74
21 53
11 41
22 82
7 13
14 70
23 99
6 32
3 48
24 58
27 85
6 97
12 17
11 99
23 65
0 27
19 95
10 99
26 33
24 80
14 18
3 6
9 75
25 46
30 60
0 25
17 83
16 82
13 9
16 89
6 19
23 8
3 89
8 18
22 2
4 96
11 7
15 3
30 24
12 56
11 13
27 28
11 88
27 75
3 56
14 32
2 72
4 20
25 9
28 53
20 74
25 76
17 85
13 28
16 61
6 85
28 95
18 31
24 40
17 50
6 61
23 1
12 37
14 85
5 20
25 67
13 66
2 29
20 62
26 87
16 32
21 19
1 45
9 26
16 8
17 8
16 71
24 60
28 86
12 7
8 98
2 53
11 53
1 24
13 57
19 36
28 23
6 42
22 66
21 44
30 27
21 89
23 13
21 91
28 25
30 84
25 90
20 75
1 87
8 9
25 25
10 52
12 28
30 25
27 62
22 1
4 100
16 34
28 16
14 35
19 94
16 65
11 72
25 57
18 44
22 26
5 60
5 10
19 75
26 36
14 64
1 47
8 33
13 10
16 14
6 43
17 98
12 4
20 32
16 69
1 7
3 2
17 52
18 19
20 78
23 96
26 6
17 49
27 60
6 87
16 32
23 24
28 77
27 49
28 92
4 22
12 79
18 46
1 42
25 83
28 70
14 63
1 88
22 48
18 100
2 45
0 67
14 21
28 61
24 100
17 61
12 79
2 33
26 55
12 57
20 92
4 45
18 59
28 84
16 16
3 14
23 29
25 89
9 74
15 64
30 31
24 9
16 85
4 26
30 64
28 70
0 24
22 4
5 75
1 11
7 83
2 39
29 81
19 22
30 60
19 85
13 93
0 16
21 4
20 53
14 86
10 83
3 1
0 54
1 36
6 81
20 3
12 18
30 74
2 22
5 14
12 83
3 17
7 96
27 83
29 84
0 95
28 6
19 82
12 90
16 25
14 1
7 51
11 87
14 13
22 8
29 80
13 68
9 65
9 12
29 68
18 9
12 7
9 67
12 6
14 3
29 40
30 92
21 99
9 25
10 97
23 93
10 58
15 11
12 99
12 55
22 8
5 53
8 6
14 67
10 62
10 27
17 21
15 73
22 79
10 34
21 55
4 23
8 26
22 93
28 8
7 55
8 51
3 6
2 95
8 61
9 43
15 96
18 100
8 73
1 53
26 95
27 50
14 18
27 17
30 64
0 33
27 93
3 60
24 16
5 57
27 9
14 71
27 99
5 28
12 23
2 25
10 35
5 60
16 35
28 9
18 37
11 46
29 62
24 31
24 74
13 11
20 73
19 31
7 49
8 68
15 61
10 46
25 26
11 1
20 71
11 49
23 50
4 79
5 26
19 94
24 34
30 97
17 73
24 25
13 59
6 16
4 70
2 56
8 8
16 35
19 95
6 84
21 78
5 95
12 9
1 29
15 63
21 98
19 91
8 35
7 76
1 38
22 89
6 53
5 71
12 17
18 6
22 62
30 22
11 75
14 95
18 30
22 20
8 87
12 76
10 88
9 70
21 35
24 39
8 76
20 30
