3276800
4 1
1 70
3 81
6 35
22 19
0 65
8 47
23 78
4 38
7 36
13 59
23 27
28 42
27 84
24 49
28 31
14 67
9 77
6 23
20 2
30 30
5 16
9 95
27 13
11 58
0 22
28 38
10 38
26 5
8 98
8 46
11 29
22 96
17 46
5 76
13 24
26 21
6 79
21 79
11 55
5 14
28 50
12 93
16 8
26 49
29 98
13 100
12 66
24 84
16 72
17 100
8 89
18 71
0 15
13 5
7 59
28 92
13 90
7 14
4 29
14 80
10 59
26 32
11 8
6 76
13 68
8 78
19 73
13 84
30 60
2 51
23 47
11 60
29 24
21 71
23 3
11 16
23 56
25 72
25 99
19 77
24 96
17 35
21 42
23 13
23 65
20 9
24 40
22 3
9 4
1 6
30 5
29 71
5 17
5 21
28 54
3 24
29 99
0 24
10 37
23 53
9 57
7 65
1 59
8 54
9 65
29 5
9 81
16 80
23 40
30 33
12 71
20 20
20 29
8 42
30 36
25 66
4 26
10 2
2 7
27 9
14 71
7 75
30 20
27 32
8 56
5 54
24 47
11 57
2 30
13 60
30 9
28 46
12 47
16 40
13 65
17 98
20 5
19 16
22 10
19 24
5 19
28 25
4 75
13 33
4 36
4 8
11 52
19 43
21 48
19 39
3 16
10 77
27 58
12 70
15 78
8 98
4 84
2 2
13 67
13 81
26 13
27 23
26 67
8 7
26 17
5 39
11 93
8 74
17 58
21 89
24 67
22 51
8 78
14 37
24 63
6 34
18 6
0 45
21 64
14 48
25 42
4 40
7 35
7 83
14 45
28 7
5 11
19 42
21 5
29 56
0 76
14 46
1 96
11 11
21 79
2 41
20 41
15 11
11 24
0 36
19 6
14 38
16 89
25 46
14 41
7 95
18 26
20 14
14 78
19 67
9 14
28 41
26 42
5 8
20 86
2 48
22 84
3 16
11 31
28 85
12 64
22 75
16 100
21 38
20 27
4 31
10 44
5 83
16 80
17 88
15 31
23 26
4 18
20 78
16 96
7 53
7 63
29 78
23 29
10 60
15 3
25 6
11 86
16 46
9 46
2 52
18 8
7 5
19 86
15 10
30 73
29 1
15 62
2 40
19 96
28 18
4 7
15 39
7 28
19 70
16 16
1 50
26 82
2 56
14 28
25 48
24 7
28 93
21 95
11 43
12 4
28 80
5 39
15 39
28 14
11 40
2 30
12 53
13 37
7 19
11 92
28 83
3 23
11 38
28 3
3 2
14 63
10 17
15 14
8 50
20 32
11 76
20 69
21 67
18 27
16 93
2 23
2 20
0 61
25 42
24 5
16 25
7 14
2 79
0 73
27 58
2 93
25 39
22 30
23 33
16 56
8 24
10 81
21 53
15 20
4 83
5 82
25 50
6 5
21 20
18 26
30 43
18 52
29 55
13 69
14 21
3 50
27 98
15 71
11 87
24 51
11 24
20 16
14 59
14 86
25 15
8 5
30 100
2 33
8 3
28 62
16 42
24 97
21 3
14 64
19 67
30 10
2 85
8 25
25 13
22 62
3 99
28 23
15 22
27 43
7 28
15 76
10 88
30 51
28 15
3 46
18 8
26 50
11 60
17 83
13 43
11 34
4 78
28 19
9 50
5 22
2 42
5 46
10 63
8 1
11 62
18 76
12 13
25 72
18 1
11 54
7 17
4 4
19 68
27 93
3 15
9 79
3 84
27 15
2 61
7 73
13 12
5 25
12 45
29 75
21 64
17 61
3 74
9 34
