3276800
3 75
24 93
17 8
15 12
28 48
14 35
3 32
29 89
0 97
23 63
13 15
8 37
2 32
13 38
15 77
21 96
27 100
28 16
7 5
15 73
10 86
11 12
29 50
12 100
6 88
27 55
23 89
23 48
21 17
30 47
14 91
18 20
25 86
16 49
7 98
17 60
26 78
6 31
12 59
23 46
5 88
8 49
15 60
11 8
1 89
17 17
21 38
1 78
15 5
29 24
8 97
18 61
17 40
1 14
29 38
26 75
28 8
9 42
24 46
25 59
10 42
4 21
22 81
9 56
17 93
14 23
27 7
23 87
8 80
3 4
24 40
0 44
19 54
4 50
8 25
2 42
25 98
30 58
4 52
12 94
5 97
14 100
0 64
26 81
11 1
6 96
29 38
18 98
8 84
1 5
4 1
15 95
19 35
30 77
12 74
9 24
20 29
24 33
25 85
18 9
24 81
17 13
22 61
28 53
21 82
13 17
3 43
24 16
26 20
12 92
27 70
12 84
21 66
9 54
24 17
14 79
27 98
14 64
12 68
22 32
21 23
3 26
20 98
23 17
16 97
29 16
1 87
12 24
29 49
27 92
19 86
22 93
25 14
10 8
29 81
11 61
20 63
10 10
3 38
10 76
17 44
6 78
10 24
3 17
18 68
17 30
19 45
18 11
25 6
8 87
23 63
5 17
3 51
14 9
2 100
21 93
7 92
26 9
6 67
8 17
9 32
24 76
7 20
22 81
28 36
1 97
21 57
25 14
29 81
1 14
22 56
25 1
20 12
13 35
29 54
12 31
21 45
5 33
15 88
26 83
14 2
26 93
18 56
8 35
0 47
22 65
18 6
3 51
21 55
8 20
12 18
7 79
27 61
30 3
28 77
27 43
23 21
2 52
1 66
29 77
11 4
29 89
12 85
18 82
15 1
5 24
30 84
19 93
10 84
20 72
3 83
2 27
30 68
21 45
24 2
26 86
23 28
24 33
24 56
8 6
17 27
3 10
15 59
22 58
2 37
30 76
16 91
16 89
27 16
30 3
22 79
6 85
23 45
8 87
16 77
14 88
25 25
26 45
30 54
4 53
1 33
13 1
29 75
13 40
15 49
9 43
20 64
22 54
29 75
28 52
26 66
28 10
22 6
21 91
3 70
29 82
6 94
30 12
10 97
1 90
24 56
15 22
17 67
0 70
0 12
14 29
25 4
24 39
8 58
10 29
21 72
30 83
22 35
19 70
5 50
28 84
19 91
8 23
19 40
10 3
8 82
14 91
10 53
14 59
23 47
7 53
0 31
12 47
19 65
9 53
6 28
2 22
5 29
11 26
9 18
12 9
21 28
10 89
10 59
1 75
6 59
21 85
8 49
0 14
24 88
6 18
30 49
12 50
22 78
6 50
19 7
30 60
10 30
14 45
4 70
2 31
26 73
10 51
27 27
2 71
14 86
18 12
17 89
30 38
28 84
24 1
24 20
5 31
3 26
22 86
12 20
25 54
7 38
7 63
20 48
22 27
5 60
1 17
1 48
23 77
24 78
15 69
23 92
0 22
12 20
14 65
27 68
30 55
3 73
12 37
0 57
0 40
1 89
1 69
28 66
7 15
23 45
29 13
13 76
1 9
25 64
9 28
12 76
23 62
0 56
13 22
11 63
26 17
20 53
18 36
5 55
13 41
5 91
10 12
5 10
24 82
17 60
2 78
17 74
26 5
4 42
7 87
20 75
9 12
21 20
1 9
12 31
26 24
2 87
8 82
23 18
14 68
6 91
8 3
3 74
19 11
28 26
11 67
19 82
18 21
