100
4 23
14 82
3 44
24 49
16 33
20 35
21 15
22 50
30 78
2 6
16 7
11 28
8 31
23 20
15 48
10 70
9 87
5 11
13 36
19 79
3 68
1 96
20 19
8 85
13 35
9 46
29 15
14 33
22 41
13 59
16 24
8 68
24 14
8 5
23 44
13 60
7 29
0 31
19 17
22 4
29 98
5 5
8 77
14 78
8 19
30 90
22 69
13 77
23 31
27 61
11 51
28 79
24 33
10 10
6 3
3 74
29 43
5 83
21 88
20 94
27 22
20 87
26 2
11 37
10 70
2 94
0 94
11 45
3 54
12 91
18 84
16 86
16 70
3 53
22 79
15 83
28 11
8 79
19 23
9 70
0 73
8 44
30 81
27 10
12 16
16 71
6 37
18 55
26 90
26 99
