100
5 5
5 43
12 31
2 13
5 28
12 22
25 62
21 24
2 11
24 17
4 43
9 59
0 6
1 70
9 61
6 91
21 10
28 6
11 98
16 20
20 56
8 63
29 68
6 9
7 60
12 57
9 35
26 40
10 35
26 53
27 56
9 68
6 9
13 47
30 91
23 34
13 11
16 20
22 76
30 5
23 87
11 34
24 9
12 26
16 82
22 52
10 84
26 78
13 98
10 62
7 93
9 24
5 82
19 82
0 34
7 82
15 87
25 78
10 39
22 43
14 17
1 15
2 69
25 3
7 34
21 77
25 93
19 3
20 1
16 85
19 29
18 68
25 56
20 49
15 38
10 1
26 45
10 64
7 90
21 36
1 9
23 11
29 44
20 2
16 8
17 46
10 47
3 21
12 18
2 42
