100
20 65
25 29
23 78
19 98
20 63
26 63
21 3
27 18
20 90
7 42
22 2
7 93
7 34
30 33
16 82
14 45
3 3
24 50
16 57
17 91
27 9
10 100
4 38
26 45
9 10
15 66
14 16
26 54
20 60
11 88
6 43
18 58
25 89
24 27
20 17
23 89
14 55
29 36
19 64
2 22
5 70
29 18
2 23
13 47
23 97
13 11
1 26
2 17
19 3
20 77
14 96
14 6
27 73
17 5
21 78
5 67
30 81
26 2
29 67
7 35
30 17
11 16
26 19
3 24
21 74
22 33
8 1
30 72
12 14
3 59
17 15
18 14
13 85
3 35
10 23
6 1
28 15
12 89
23 48
25 45
24 67
19 88
19 60
2 63
22 51
21 41
26 38
21 67
22 30
13 89
