100
28 44
10 51
11 81
25 56
15 95
10 71
3 23
13 15
24 6
6 66
14 97
9 13
26 27
23 14
5 95
2 30
20 30
22 51
10 55
29 46
10 85
27 82
10 2
1 81
11 43
29 18
6 74
27 26
19 40
14 37
5 15
28 44
0 95
16 57
11 97
17 44
5 61
4 2
26 36
24 87
8 83
7 38
25 89
0 14
27 34
10 51
19 40
4 23
25 100
15 46
13 95
15 69
28 70
28 49
25 65
7 44
28 82
15 99
16 90
5 97
13 75
21 5
10 54
1 14
12 81
3 25
29 98
7 12
7 100
20 19
20 73
17 66
13 42
26 99
19 96
15 29
26 84
0 1
4 88
6 28
15 24
4 95
18 37
15 41
26 22
21 7
9 53
13 65
30 26
7 32
