100
9 72
11 63
1 80
13 91
3 65
23 43
24 38
16 75
9 62
25 1
9 69
2 29
4 76
11 28
22 48
2 30
14 52
13 68
6 20
8 70
26 20
22 34
4 15
5 68
3 85
4 84
4 4
10 4
2 74
23 50
18 34
14 9
27 51
3 14
20 41
8 96
26 78
24 20
14 34
18 73
10 54
29 36
18 36
6 91
17 41
11 76
22 72
28 13
17 91
14 27
7 86
21 13
15 27
22 62
11 99
0 47
20 7
22 39
30 26
19 64
0 39
0 25
5 92
2 99
22 69
20 82
9 4
14 69
8 76
17 6
12 32
15 71
7 24
2 56
25 60
24 74
15 36
23 57
26 63
29 67
22 50
8 50
17 96
21 37
11 54
19 41
26 38
22 72
14 5
23 59
