100
13 39
26 10
25 24
5 67
24 29
30 99
23 39
0 99
29 52
24 59
6 55
1 97
16 95
4 1
2 45
23 86
0 10
4 1
29 10
19 56
29 65
10 21
10 46
9 90
28 49
15 83
11 19
21 25
27 17
26 44
27 49
6 22
0 27
4 34
20 34
21 77
6 35
11 19
3 98
15 9
20 32
29 93
8 1
28 40
9 74
23 56
16 3
23 65
30 56
28 99
18 6
6 8
9 33
9 1
17 90
17 90
21 99
0 15
8 67
12 5
10 100
14 28
10 9
16 30
14 43
12 66
4 64
19 30
9 83
27 34
27 91
22 27
27 58
15 90
1 40
15 67
8 31
11 68
9 67
8 15
27 74
18 90
12 82
11 24
22 18
13 18
25 53
15 29
18 90
13 2
