100
8 78
18 99
30 57
27 25
27 36
2 33
6 19
7 55
24 39
10 97
28 3
13 16
18 9
17 57
10 93
4 90
8 39
17 93
8 19
14 24
5 61
11 3
0 57
8 65
12 90
20 74
19 31
18 53
12 47
1 19
15 89
17 26
12 42
26 54
24 54
29 37
8 97
11 43
8 19
15 90
19 17
16 3
0 24
7 32
0 41
22 25
29 59
24 59
19 12
7 6
2 37
13 62
1 29
0 41
23 84
9 89
19 61
10 82
11 30
10 66
2 75
24 23
21 62
15 62
19 90
22 75
25 45
0 19
23 93
21 18
5 36
13 71
10 33
5 49
15 60
17 38
16 63
0 3
26 22
24 70
30 85
10 66
11 38
20 77
23 25
6 33
17 26
29 35
27 29
7 84
