100
18 32
14 38
8 25
0 43
26 78
29 30
15 43
13 19
30 98
4 35
1 51
19 44
30 16
5 10
14 88
19 57
12 44
19 78
1 2
16 22
19 28
22 82
13 90
19 25
21 26
9 11
13 77
25 21
12 67
1 35
24 67
3 100
25 17
12 57
0 40
6 99
24 47
26 66
30 62
30 35
23 43
19 55
14 24
8 52
18 65
1 87
5 36
9 1
30 97
3 11
14 46
22 82
10 75
26 66
29 69
24 100
27 54
3 43
26 51
28 25
0 31
12 91
15 3
10 63
21 28
25 38
24 28
1 65
14 93
28 57
9 67
12 28
3 99
0 30
8 96
22 96
23 94
0 90
28 9
15 83
15 41
19 28
11 64
26 73
20 30
13 41
26 66
2 94
1 94
16 48
