100
16 1
18 90
25 54
22 26
19 39
4 71
20 65
29 18
1 96
14 80
7 88
7 8
19 50
25 75
30 5
22 27
7 4
1 67
11 48
5 24
23 61
26 46
27 96
7 37
19 63
2 54
13 16
9 8
12 10
19 1
25 77
22 10
30 84
17 13
0 21
16 21
17 3
11 64
17 50
6 42
27 32
17 94
13 84
24 85
17 3
8 7
9 45
20 50
19 21
7 51
28 37
4 89
27 93
5 54
22 76
2 16
18 74
21 10
15 44
12 84
5 22
21 94
2 36
26 13
22 23
7 39
14 58
22 88
28 51
29 54
24 74
0 44
27 70
19 53
14 37
14 9
13 88
5 61
21 30
14 69
29 76
11 62
1 14
17 30
8 1
14 33
26 72
10 87
0 41
12 41
