100
28 8
24 20
17 17
10 60
9 95
7 98
26 63
12 9
9 64
20 32
0 69
30 4
0 92
16 38
18 78
26 39
4 93
21 35
16 79
11 36
9 28
14 1
29 88
14 59
6 69
8 83
4 85
18 42
30 12
19 93
26 66
21 97
17 92
6 27
28 19
7 91
1 76
5 5
9 62
21 7
21 79
22 81
17 7
6 90
5 65
19 46
23 13
6 40
6 14
11 66
18 33
24 51
18 48
7 4
16 19
16 6
10 85
28 85
12 63
26 69
20 67
0 96
27 88
18 7
30 94
9 20
13 81
19 70
11 37
0 53
25 30
30 73
26 72
28 81
16 43
6 87
23 9
16 60
28 29
14 21
0 91
30 42
4 55
13 52
9 59
12 64
30 69
28 77
10 16
8 92
