100
8 12
0 52
3 6
8 49
26 58
7 14
30 90
9 4
19 75
19 70
30 76
5 27
26 62
21 70
17 23
2 21
23 33
7 31
3 45
2 34
15 68
18 60
19 51
6 36
27 24
3 92
17 38
23 88
3 79
20 61
18 55
12 2
6 29
20 92
26 31
2 90
15 65
28 70
3 26
20 79
29 44
16 71
12 45
1 18
7 19
6 1
3 71
2 9
6 22
26 52
4 87
19 55
17 51
6 22
19 68
9 91
25 70
14 90
25 85
22 38
17 58
21 90
15 73
23 38
20 23
29 89
26 74
4 70
1 46
29 88
28 21
5 78
12 3
21 38
12 56
7 93
9 45
1 58
28 31
20 61
28 49
8 97
12 21
19 29
5 11
18 84
27 32
12 13
30 99
22 4
