100
2 75
14 93
28 77
16 29
7 23
25 48
15 68
24 80
22 66
20 76
26 73
6 70
17 82
18 75
16 87
12 71
22 6
24 40
15 48
0 27
1 32
30 85
25 77
9 67
18 7
15 76
23 79
26 36
9 69
12 53
8 15
5 44
16 84
0 14
17 54
22 82
29 27
13 93
1 72
20 36
23 61
21 68
17 50
9 38
3 28
3 88
27 9
4 6
20 49
22 54
26 81
30 1
12 71
29 25
10 81
28 81
22 27
7 87
3 44
24 24
1 40
27 12
13 35
16 72
9 39
17 5
21 66
9 73
17 6
28 28
7 64
26 54
24 64
6 60
4 75
0 71
24 97
16 72
29 61
11 5
5 68
4 59
4 11
26 97
10 74
14 48
19 42
19 61
29 22
3 45
