100
2 8
4 36
1 94
15 64
7 49
27 54
29 21
20 74
24 56
17 79
22 71
25 96
29 27
25 33
18 98
10 2
13 68
23 43
26 24
12 51
27 90
19 58
1 11
16 54
1 62
24 70
16 9
26 48
5 59
23 32
6 23
18 76
8 26
13 7
6 99
12 98
18 63
6 1
3 40
1 63
25 79
5 69
7 48
17 88
20 21
10 42
4 82
1 10
15 67
3 92
19 91
24 98
17 81
11 37
5 37
17 100
25 2
25 86
16 73
15 79
26 56
4 27
20 75
17 38
3 62
18 12
8 16
25 81
21 58
6 74
14 62
27 23
22 63
4 86
13 41
30 10
20 12
4 80
10 45
2 9
1 91
20 51
23 1
24 89
29 55
20 33
4 99
0 33
1 88
29 51
