100
14 77
25 44
12 16
26 57
22 29
11 67
2 1
22 31
30 25
0 76
30 47
17 83
28 32
30 68
29 50
20 5
8 73
8 20
5 25
24 71
15 59
12 30
22 92
7 74
6 82
16 63
24 20
19 57
5 61
15 41
1 67
23 14
13 21
13 40
30 78
28 34
20 54
8 39
17 63
14 12
20 54
10 96
12 92
9 81
3 37
2 32
6 83
30 20
24 24
16 26
14 29
30 73
15 20
5 96
22 61
22 79
9 44
29 29
24 63
6 22
17 39
4 87
26 81
24 83
15 50
19 26
29 88
3 93
14 6
16 91
20 7
14 54
16 16
29 11
1 65
14 32
30 21
18 83
11 36
19 57
15 96
20 8
22 49
23 1
7 11
13 53
18 14
3 2
15 24
12 61
