100
30 9
27 2
11 35
7 46
4 84
17 85
27 55
17 1
22 43
27 47
25 51
0 10
6 98
6 6
8 70
6 29
9 4
19 76
19 47
1 26
22 55
29 28
26 28
5 67
18 23
6 89
8 40
26 54
25 37
1 25
1 34
0 51
24 52
2 64
22 39
15 100
10 39
29 64
2 13
2 38
24 14
8 98
13 93
20 89
0 28
21 79
5 33
16 68
26 47
3 61
19 19
4 38
6 23
10 73
15 77
15 82
23 33
2 31
7 14
11 54
15 53
28 50
11 25
25 68
22 79
7 83
2 63
29 93
24 41
10 63
30 37
19 11
18 13
4 14
0 20
6 38
1 43
22 42
1 67
25 34
24 17
13 28
19 40
5 27
21 1
5 15
3 47
14 47
5 64
10 72
