100
16 89
9 54
15 19
18 25
16 41
15 66
23 49
29 40
13 24
12 59
1 88
7 32
3 23
19 67
23 16
1 39
5 79
21 86
25 11
2 55
30 77
17 97
12 87
1 59
19 42
30 22
27 32
8 95
14 9
28 47
7 81
21 83
20 70
28 25
15 71
16 35
23 1
7 13
14 3
13 77
2 35
12 61
19 59
24 93
14 8
12 42
19 14
24 59
16 74
22 75
8 51
6 12
29 38
7 35
17 20
25 24
8 85
30 98
11 54
12 80
28 100
11 88
13 1
8 41
30 37
14 4
19 7
19 4
7 55
25 99
10 51
10 79
30 82
5 100
14 3
17 86
17 36
1 68
0 78
16 71
6 23
4 27
10 23
16 4
24 73
3 35
22 55
28 61
15 73
5 89
