100
11 84
10 62
1 87
6 75
1 56
20 87
12 52
11 7
29 40
17 7
9 54
10 61
17 97
5 26
24 87
4 69
14 43
8 81
25 5
14 8
6 44
7 33
12 38
29 64
18 78
10 65
19 16
18 4
18 52
8 98
14 57
28 14
27 54
11 26
27 41
30 55
8 68
7 15
19 82
24 7
4 94
20 100
12 88
4 60
21 52
11 9
6 26
29 97
9 79
24 80
22 58
14 1
0 88
23 62
3 98
8 62
15 24
29 61
11 14
8 6
4 74
19 54
23 80
18 33
4 36
30 94
13 17
27 82
5 84
6 3
30 11
29 39
9 46
22 70
6 42
10 24
21 46
8 92
17 34
14 93
17 14
25 85
11 72
7 42
15 71
30 37
19 17
24 40
15 63
0 85
