100
29 90
8 49
10 8
3 47
22 73
1 46
14 42
2 57
21 12
30 49
11 100
23 86
5 39
12 22
30 42
26 14
11 42
21 53
18 88
25 59
29 87
12 93
1 52
18 9
24 76
9 50
15 15
13 29
28 18
8 22
0 39
2 21
29 43
17 11
10 27
26 69
26 41
3 12
30 33
9 66
10 31
25 60
23 79
20 47
19 56
15 7
15 45
5 66
15 26
7 76
14 83
5 73
14 82
0 36
23 41
26 80
7 80
11 55
19 42
13 63
20 70
3 8
22 75
12 28
14 34
11 63
1 88
7 17
0 65
25 28
30 57
29 96
25 89
14 93
10 13
17 27
6 94
27 14
24 28
30 58
28 86
17 57
23 67
27 1
30 56
4 42
16 56
9 86
13 53
28 83
