100
5 81
27 97
16 58
17 79
7 54
8 5
7 78
11 48
11 42
1 45
5 19
20 9
2 25
9 30
12 47
15 54
19 81
12 37
24 24
2 74
23 92
19 34
2 31
17 96
11 1
3 97
19 14
14 86
11 75
4 11
5 84
10 90
13 67
29 100
23 59
8 99
12 96
18 23
14 41
14 3
23 28
28 23
11 25
24 20
30 44
4 41
17 83
13 74
26 47
12 81
2 48
0 17
15 18
15 1
13 77
16 28
8 28
10 16
14 6
12 86
5 100
28 71
7 9
7 37
18 98
0 64
21 59
28 15
7 3
28 44
1 36
13 39
14 75
5 24
11 61
12 32
14 98
8 10
0 1
29 88
25 31
0 16
11 7
25 62
12 75
23 49
19 84
7 14
7 70
1 81
