100
2 68
29 40
24 1
17 91
17 1
21 45
30 99
6 54
0 50
29 78
28 78
16 15
5 93
20 13
4 6
7 38
30 91
17 27
8 32
29 82
17 85
18 48
20 51
11 40
7 23
8 76
17 32
21 88
26 65
22 39
4 93
0 3
3 40
0 3
15 85
15 76
24 57
26 53
20 52
22 86
23 53
23 78
24 84
3 23
0 86
8 89
23 93
29 86
11 7
12 43
6 48
19 99
14 73
20 61
7 87
19 59
3 95
19 24
1 26
18 55
13 3
1 27
30 43
8 99
18 77
12 55
30 48
6 49
26 18
2 53
30 44
3 40
29 96
3 51
30 88
24 8
26 40
12 26
13 56
6 6
29 96
9 82
6 96
3 13
9 16
1 56
17 58
6 20
10 97
7 66
