102400
25 82
25 71
0 10
3 73
7 31
19 15
13 59
30 79
22 95
16 70
10 60
27 53
26 63
1 49
2 14
9 30
26 99
10 1
3 58
21 11
0 30
5 18
17 89
19 67
8 1
5 50
13 19
20 14
7 1
29 16
8 97
16 45
6 5
0 56
5 5
16 19
24 79
7 77
28 26
5 33
3 9
18 40
27 59
25 5
26 33
26 50
6 87
15 55
29 52
27 12
0 26
22 100
3 96
8 60
11 39
14 40
30 34
12 59
20 32
28 33
13 5
2 65
17 48
11 93
8 39
26 97
24 89
5 29
19 14
8 22
10 63
22 63
20 58
9 25
5 1
21 44
9 100
9 13
3 63
12 28
25 19
23 44
24 43
29 36
20 89
17 22
17 87
16 12
1 4
21 31
27 37
30 15
3 41
20 4
4 37
4 67
17 80
27 34
3 39
16 89
23 61
26 51
10 98
6 91
25 91
18 71
14 36
3 25
28 63
11 80
25 59
0 38
19 68
17 73
20 30
21 52
12 31
25 6
11 29
18 84
14 37
3 78
10 20
14 1
6 39
22 1
0 21
16 50
27 78
13 63
30 84
0 13
4 23
26 93
3 69
15 75
28 45
22 42
5 6
6 64
8 79
30 26
2 39
4 22
16 69
11 9
24 54
4 3
27 15
22 39
16 40
30 68
19 39
18 21
25 12
9 56
18 28
9 27
11 95
30 68
28 63
4 71
11 29
19 57
4 35
23 22
29 62
14 85
2 62
23 35
11 28
26 12
24 76
14 13
13 95
23 33
23 75
16 95
15 25
12 22
23 98
26 57
10 4
22 18
23 30
12 24
13 65
10 32
14 78
28 15
22 88
21 44
16 95
14 38
23 97
26 56
24 12
13 24
12 91
3 68
1 9
11 99
16 84
28 52
23 32
19 34
6 90
6 90
9 6
4 6
27 29
8 60
15 56
17 52
11 37
25 15
13 51
13 91
10 12
0 93
17 84
26 43
9 16
6 88
20 11
6 90
20 53
7 71
10 86
8 89
20 32
13 95
13 61
22 83
30 26
15 51
10 29
20 62
14 28
11 41
1 79
19 47
7 99
27 13
2 21
16 90
17 29
5 54
21 98
1 10
30 79
21 14
17 18
23 29
1 53
21 11
26 29
24 89
14 77
28 87
18 71
27 96
6 30
29 53
13 23
14 40
3 39
8 21
12 57
11 74
8 37
28 30
9 34
18 3
9 87
3 99
12 30
30 41
8 89
18 52
14 94
25 20
7 63
17 34
14 25
4 1
17 33
14 40
7 42
0 97
7 23
20 99
21 59
7 80
27 83
14 45
24 19
15 20
10 80
10 31
24 30
13 72
29 29
11 50
6 93
13 48
7 37
27 8
14 59
16 25
16 4
20 52
20 98
25 81
26 14
8 49
6 57
27 74
29 74
8 50
27 3
26 11
17 44
22 42
11 98
3 13
0 26
27 35
17 4
12 27
6 55
9 52
27 51
25 14
9 24
18 54
13 66
21 76
6 16
23 59
16 2
15 66
5 13
6 41
23 34
23 99
19 63
27 6
24 53
9 31
29 7
13 2
27 13
17 25
15 67
28 54
15 58
8 80
11 28
26 54
26 54
6 75
16 47
23 74
24 75
10 1
6 88
14 11
29 87
17 64
22 25
14 1
14 73
6 1
5 50
15 42
25 6
26 20
26 49
17 76
13 14
5 37
20 17
8 27
7 28
21 15
6 16
26 21
11 42
13 51
16 29
15 76
6 58
0 23
20 44
22 39
17 45
1 17
21 48
26 67
