102400
18 86
4 31
25 16
10 97
9 35
3 20
24 79
21 81
30 43
19 88
7 55
11 91
13 64
29 31
9 77
18 4
6 86
8 72
5 23
9 81
22 96
8 78
29 69
26 65
5 23
17 89
16 100
20 73
14 14
23 57
0 43
29 92
5 48
6 23
5 44
28 6
29 41
7 76
23 50
10 26
12 27
12 86
22 57
0 11
30 48
4 19
3 11
30 75
22 69
27 85
6 76
16 76
25 12
29 87
17 56
17 60
18 25
13 6
2 44
20 22
26 21
21 45
17 77
13 12
16 33
29 94
13 84
14 23
18 2
5 38
4 58
4 93
9 8
6 20
30 74
9 13
19 25
19 29
5 95
4 3
8 65
29 54
9 84
1 84
29 38
6 65
9 71
20 85
15 94
18 32
24 86
11 45
23 61
22 79
30 28
20 50
5 36
1 14
0 57
9 91
19 84
0 34
18 95
17 45
17 92
7 96
3 47
16 53
23 66
0 89
17 78
0 21
1 64
9 72
1 43
21 83
5 68
26 77
9 7
26 79
30 50
14 53
18 15
3 47
2 29
23 36
2 97
6 50
2 30
4 31
24 60
30 88
28 42
24 34
17 39
4 21
0 69
27 38
22 90
1 39
9 96
5 76
24 60
5 97
23 84
2 14
9 15
2 82
29 98
8 29
22 62
1 13
1 74
27 90
21 14
30 26
30 55
22 30
27 25
21 59
22 100
8 28
30 10
25 15
11 51
11 42
20 94
3 9
11 4
23 95
12 56
16 66
18 29
10 88
1 45
1 67
8 69
23 1
1 45
28 77
10 84
15 28
16 79
20 21
0 12
13 26
21 30
5 85
6 9
14 18
20 5
24 82
19 6
11 50
16 78
29 61
30 58
10 29
28 94
28 53
2 8
26 33
6 46
22 91
0 16
4 70
10 95
5 52
22 51
8 24
15 37
25 44
8 15
1 5
22 99
17 28
25 63
0 41
26 93
24 16
27 72
0 72
1 13
20 29
10 82
16 76
22 31
10 49
10 15
23 76
9 84
10 73
7 61
2 3
15 79
25 97
10 89
27 3
9 32
24 90
20 82
30 90
12 88
20 48
3 24
18 13
12 6
0 33
30 64
7 31
17 25
28 97
20 82
24 12
8 87
3 17
5 25
26 79
17 2
10 56
6 81
25 30
4 42
15 36
22 21
13 93
19 16
28 33
26 88
10 97
18 37
28 12
10 12
30 97
7 78
4 60
17 19
10 16
7 52
8 21
6 96
8 2
25 64
8 10
14 5
17 58
28 67
23 56
29 22
6 41
23 2
13 45
29 69
19 50
6 81
5 86
18 75
30 86
19 50
1 74
5 6
27 27
2 28
13 87
22 56
4 90
23 11
4 31
2 35
25 66
9 28
28 71
26 5
7 8
18 90
14 93
14 3
14 18
9 72
11 29
6 38
3 5
19 53
8 21
14 78
19 92
27 77
14 38
20 25
3 41
12 94
17 5
5 63
2 22
17 51
4 14
2 39
17 20
30 74
24 87
2 7
26 63
28 94
2 97
30 77
11 46
11 76
3 37
28 8
28 64
14 58
30 86
20 16
6 40
6 73
23 12
27 86
4 26
26 37
27 81
24 50
21 71
8 78
0 99
6 56
26 24
26 3
7 42
2 87
6 58
9 15
23 77
2 82
27 96
30 55
3 68
25 23
25 13
21 84
12 45
18 25
28 83
12 16
22 59
27 93
15 78
25 29
5 41
12 53
16 18
24 74
22 44
24 57
1 24
7 72
26 77
23 92
9 18
23 52
22 39
