102400
1 45
18 22
4 62
27 1
13 38
8 82
23 90
9 15
4 98
27 95
23 41
18 18
18 88
18 27
5 80
26 18
6 10
22 77
17 28
12 94
20 4
28 90
1 98
20 99
10 61
11 5
24 30
15 40
3 85
26 75
5 50
15 84
26 2
16 16
16 81
28 54
29 58
0 98
13 56
12 56
13 60
26 18
4 48
6 34
3 49
17 56
16 95
25 56
5 77
1 30
24 9
7 91
18 1
5 100
17 9
3 76
26 39
16 41
12 17
8 52
17 60
29 27
26 8
19 15
23 61
19 64
18 48
27 84
16 94
27 94
29 60
7 93
18 34
9 12
10 34
4 18
24 55
24 48
18 9
28 87
16 73
4 70
0 83
4 43
12 45
20 41
18 88
12 31
20 64
14 40
0 10
27 10
11 46
26 6
3 87
19 60
10 99
11 14
16 35
10 86
15 36
23 78
15 87
24 26
15 18
17 22
17 93
17 93
22 38
13 12
29 7
27 25
16 56
13 46
0 49
13 60
29 92
25 94
30 30
29 61
29 45
23 77
28 92
17 1
8 96
4 45
1 41
28 49
23 69
10 38
8 49
10 21
14 55
15 78
13 71
16 73
23 36
28 46
28 33
14 52
14 22
23 44
17 60
3 35
11 18
3 47
26 4
12 33
6 31
3 53
18 22
15 39
27 45
23 3
2 35
13 60
3 12
21 87
23 38
20 6
16 3
4 99
8 27
17 80
26 79
23 57
21 27
21 65
17 75
3 67
16 11
2 52
11 33
19 1
27 38
22 87
18 42
10 84
13 85
20 16
23 16
13 43
10 10
23 33
26 99
1 10
1 92
10 81
27 9
2 38
10 62
6 80
10 98
4 74
1 87
28 29
2 81
8 83
29 3
2 68
25 54
22 93
16 75
0 42
22 85
8 45
26 27
5 74
3 78
12 23
4 92
19 51
12 21
16 6
22 8
8 13
10 35
10 23
11 59
15 41
27 68
28 68
21 76
24 40
2 36
4 62
4 11
17 56
29 77
0 82
10 17
22 68
14 56
19 14
24 93
4 94
17 26
28 21
13 98
20 54
9 59
16 40
26 27
12 37
14 31
14 86
17 65
29 69
3 74
15 1
19 86
15 49
4 1
8 69
29 43
19 57
27 13
1 99
25 100
28 11
28 14
30 70
7 10
15 20
20 91
29 62
24 51
18 58
4 3
27 68
20 63
21 25
11 65
30 49
25 13
9 31
2 82
30 94
5 92
26 76
15 17
18 75
22 96
24 21
4 56
27 36
19 81
11 98
27 69
10 16
24 71
22 89
5 57
17 2
26 93
20 7
24 22
24 83
2 95
18 80
24 72
22 72
10 70
23 98
15 17
10 89
1 8
16 14
4 57
21 16
7 72
16 54
15 90
12 46
6 94
2 80
4 54
27 90
2 7
2 50
30 28
14 68
13 88
10 12
18 88
1 72
14 36
14 1
9 69
22 84
16 16
17 37
13 71
11 94
24 96
13 90
4 45
23 59
19 99
15 52
30 8
11 23
5 35
17 22
18 26
24 64
2 2
17 67
22 20
8 85
27 2
2 36
6 61
21 94
1 23
25 87
18 28
0 87
6 66
23 91
11 22
30 97
4 43
15 1
1 27
4 60
27 87
25 89
9 21
22 95
19 78
3 85
20 32
14 84
25 97
4 91
15 11
1 52
5 72
27 40
21 1
0 27
21 52
5 96
28 68
2 59
9 64
12 57
27 37
2 42
18 61
7 69
18 69
8 33
20 24
27 41
1 67
23 94
22 47
8 66
