102400
16 14
27 88
1 96
10 43
15 96
23 13
6 71
9 86
10 86
19 17
16 100
11 88
28 99
19 36
19 40
15 46
24 91
9 68
30 86
12 77
15 57
16 37
30 1
13 71
2 47
19 88
25 43
16 57
30 13
13 49
0 3
0 29
2 28
9 65
24 50
24 67
17 86
29 81
15 88
2 78
3 71
15 78
3 5
16 71
12 35
15 39
15 95
27 96
20 15
2 35
2 99
13 58
19 4
23 39
19 68
29 39
15 35
24 39
12 64
0 97
11 95
12 45
22 85
16 66
12 27
23 52
30 29
4 9
25 51
19 83
11 66
20 90
20 93
11 29
23 31
2 55
25 13
17 73
3 57
12 60
15 74
22 5
11 64
23 82
0 74
3 68
19 51
9 35
14 91
6 6
25 83
10 98
23 12
26 62
20 5
4 62
19 75
4 68
29 64
1 5
29 89
5 11
6 24
25 45
10 44
21 18
16 21
0 40
11 9
3 64
18 51
13 78
19 84
0 57
29 57
28 24
9 77
19 22
0 96
14 80
28 49
29 36
26 48
23 69
24 84
6 79
23 79
6 32
10 35
4 48
20 22
16 22
30 82
22 95
12 83
21 55
27 24
11 41
20 80
21 100
19 44
7 86
26 86
23 44
2 79
18 28
29 4
2 54
27 91
17 47
4 95
3 40
21 24
15 48
26 13
6 37
17 89
16 40
0 82
17 92
25 15
16 41
11 84
21 1
7 100
28 16
7 45
9 61
28 76
25 65
27 16
4 6
22 78
21 60
20 86
19 31
4 99
19 7
30 87
16 33
7 28
27 67
23 63
29 8
12 96
29 90
22 74
27 32
30 71
15 87
16 16
4 8
30 3
18 88
26 7
11 15
24 77
25 19
5 45
16 72
5 11
4 63
30 75
28 24
12 13
18 78
21 33
6 42
26 35
27 50
5 45
9 50
18 57
0 5
8 14
0 5
1 8
25 63
29 64
13 13
14 65
4 23
4 86
7 92
6 72
6 1
14 90
20 76
14 50
27 77
14 18
26 47
12 92
14 49
17 5
30 58
26 47
6 10
10 14
6 53
6 41
23 99
3 73
29 42
14 48
24 39
2 87
1 7
9 31
13 2
11 79
20 76
20 34
13 44
28 14
8 82
4 93
5 25
1 5
10 96
4 49
9 53
22 43
28 10
10 50
18 12
5 7
1 56
4 38
28 15
29 56
22 80
8 62
24 50
9 92
10 72
5 45
7 94
27 30
14 34
11 4
25 89
25 83
2 40
25 94
15 81
8 95
6 51
17 82
13 73
15 16
13 71
21 25
20 32
5 19
27 63
7 48
7 31
5 24
2 33
13 69
0 58
9 33
11 36
14 14
22 76
25 45
12 60
4 67
13 45
3 49
25 19
4 93
22 53
16 15
14 72
8 36
9 90
29 44
17 43
6 39
26 86
26 8
20 58
10 43
10 73
22 99
11 24
13 31
2 57
3 26
4 84
1 70
17 60
14 77
19 16
28 84
0 61
17 78
6 91
4 90
28 79
21 31
20 51
6 80
7 10
3 96
19 56
23 47
24 77
19 32
30 33
23 67
4 4
6 100
28 96
29 79
26 78
19 76
24 90
18 65
21 46
9 84
16 69
16 23
30 100
0 25
6 14
9 47
15 73
10 13
26 45
24 35
29 2
0 15
27 6
0 55
6 35
21 72
3 15
24 63
3 73
7 19
2 17
30 9
16 8
30 47
22 96
12 53
16 10
0 32
2 82
17 63
21 58
24 43
4 35
21 95
26 83
21 31
23 78
