102400
25 51
7 96
21 72
10 83
27 84
13 99
9 23
8 88
28 91
1 29
3 2
4 46
1 1
23 62
20 16
13 3
25 80
13 19
10 6
28 48
4 47
18 63
23 90
11 1
20 100
2 35
12 14
19 47
23 73
8 11
16 50
8 91
28 68
20 33
18 84
14 70
6 30
11 34
16 18
15 22
19 84
14 57
7 55
21 1
16 39
8 82
7 14
24 12
0 44
9 94
14 21
17 11
28 94
12 92
13 90
13 56
2 55
12 85
19 81
20 58
13 70
17 50
7 6
3 81
19 32
20 80
19 49
2 56
21 51
5 14
5 54
12 1
17 17
25 14
4 13
14 6
6 73
22 10
17 97
5 75
10 94
8 69
17 37
1 96
25 74
24 23
27 40
29 92
4 85
8 12
13 51
20 75
20 14
10 86
24 11
10 17
28 66
12 54
9 10
28 61
23 100
3 96
3 71
25 70
20 18
19 45
30 95
10 75
20 41
4 51
0 40
30 60
28 81
7 82
0 69
7 1
5 91
3 34
16 58
19 22
4 55
13 29
11 12
10 4
16 45
6 74
1 23
11 18
28 66
15 3
3 12
0 16
29 46
13 22
4 56
2 29
25 56
13 33
7 23
19 58
20 99
22 86
20 88
9 53
4 34
28 35
2 32
11 29
23 4
3 96
30 13
25 18
22 45
9 42
18 32
30 10
23 28
16 64
28 93
30 43
18 49
6 19
0 37
1 93
11 53
24 61
14 80
18 65
26 25
15 5
22 19
22 64
7 53
24 59
2 15
18 83
21 73
30 18
21 87
12 83
21 15
26 3
17 53
13 13
19 51
21 37
6 30
10 68
27 69
28 74
21 72
24 4
9 26
12 72
28 41
23 37
16 50
11 67
3 63
27 22
28 97
2 90
15 96
17 48
0 8
5 88
12 70
26 55
7 71
9 36
14 45
17 42
22 74
28 22
13 32
17 83
21 22
26 4
24 67
25 97
3 60
19 81
10 40
4 75
25 18
28 85
27 56
17 44
19 45
15 96
23 9
29 34
19 99
11 34
0 25
1 94
13 38
28 29
15 11
15 89
12 93
24 20
30 54
24 77
19 23
14 20
16 51
18 45
24 84
17 100
30 11
13 5
15 91
19 28
24 76
24 93
15 66
14 7
8 69
29 34
19 12
24 59
6 63
11 7
6 79
3 8
11 91
24 69
7 14
0 56
24 19
6 75
6 35
2 56
7 22
15 38
5 99
8 2
29 81
5 50
20 24
12 7
3 84
20 74
3 7
16 62
27 47
0 53
13 40
15 87
7 60
25 8
0 81
2 23
4 58
22 87
9 63
28 69
2 66
2 46
21 66
22 96
25 86
13 90
12 53
1 23
7 27
23 39
23 80
24 72
0 57
7 45
17 39
26 50
0 3
9 37
28 52
4 27
15 70
29 96
2 100
28 89
22 16
14 99
3 6
30 26
30 42
5 41
16 55
6 69
30 28
15 25
4 48
8 73
1 37
2 23
22 89
17 90
15 51
11 25
14 88
4 31
11 59
13 33
29 45
22 70
5 48
3 21
22 88
24 7
21 73
1 58
3 37
16 4
9 55
14 39
8 88
8 79
27 72
24 35
8 75
0 76
9 46
10 17
23 18
6 52
16 35
26 33
28 84
14 81
13 10
24 92
28 65
28 21
28 18
22 64
17 99
30 53
16 35
4 38
20 42
21 59
20 49
4 98
2 42
22 85
6 11
1 55
2 43
3 28
6 24
22 2
4 82
21 58
16 23
10 98
30 42
1 67
10 51
8 7
