102400
9 76
29 80
15 24
8 85
20 80
17 22
28 26
17 44
25 83
18 7
17 68
13 16
6 63
11 18
27 34
17 7
25 57
16 66
3 76
20 100
14 98
9 36
25 3
21 56
26 83
28 53
2 31
6 81
8 32
4 85
9 82
10 35
15 65
17 68
17 30
3 20
24 26
21 34
30 89
18 82
1 93
7 10
26 88
13 87
23 61
0 19
18 61
1 40
3 6
13 95
6 94
8 40
0 26
27 50
11 18
13 7
23 44
29 15
7 92
9 95
7 41
7 54
19 21
30 28
20 90
3 16
13 38
24 33
10 97
22 33
20 35
28 21
5 68
6 37
15 5
27 44
0 43
6 84
25 44
18 51
20 68
27 44
12 47
17 50
25 26
19 30
7 18
27 33
23 34
10 25
2 82
11 28
17 79
20 59
21 29
6 53
13 34
22 40
5 45
23 80
26 85
27 60
11 45
30 58
16 71
4 17
5 27
23 65
7 65
1 78
15 31
10 50
24 82
25 94
20 72
6 83
26 27
16 95
16 23
11 7
1 9
25 33
12 94
24 15
9 13
28 55
18 11
7 16
2 94
24 57
23 99
2 43
24 85
8 55
6 99
17 28
30 35
14 98
0 64
14 8
5 55
18 33
18 37
27 76
11 73
30 74
9 51
4 19
15 56
28 16
1 34
23 16
30 20
23 65
10 33
8 72
20 81
23 95
9 29
9 40
21 56
13 97
9 85
24 77
24 68
19 49
11 98
28 46
19 80
22 41
10 15
3 74
15 11
17 88
15 70
15 94
0 72
28 6
14 50
2 38
25 33
18 68
19 73
27 14
19 62
6 80
9 94
15 15
4 26
26 49
9 93
26 25
26 83
15 69
0 77
3 31
11 71
6 15
22 8
16 40
23 29
23 19
16 51
14 31
5 100
17 73
18 93
29 13
14 36
30 98
29 36
26 7
27 75
11 97
18 25
11 9
12 82
30 85
0 7
2 23
6 83
26 72
9 12
12 54
5 23
18 81
27 31
12 28
21 38
2 23
15 23
26 89
24 49
30 45
7 14
29 75
5 16
7 50
27 36
26 7
19 45
28 78
26 47
23 96
28 55
1 80
3 23
21 46
2 98
23 67
18 84
30 54
30 69
15 32
6 7
27 74
6 40
6 26
4 86
12 52
24 98
17 88
9 65
3 67
22 64
5 41
30 65
19 60
17 63
15 52
7 73
21 1
9 67
2 22
10 31
23 45
15 87
11 6
4 74
20 35
21 27
27 44
8 41
29 38
16 20
12 50
18 83
2 89
10 20
17 63
2 63
0 15
4 51
25 9
10 57
5 37
24 71
18 58
4 81
12 89
26 23
22 44
20 10
14 13
18 71
6 84
3 70
6 76
10 38
13 91
9 46
5 35
18 37
4 49
28 7
22 29
7 71
24 96
22 27
9 4
27 55
18 13
21 3
23 76
1 19
19 42
22 10
5 84
8 33
29 89
26 62
2 50
13 57
25 14
21 17
16 41
10 12
3 70
1 29
23 64
9 39
3 14
0 38
23 62
20 78
5 69
1 62
15 63
24 80
21 72
22 97
14 81
29 65
3 79
29 16
7 67
25 10
20 87
17 37
15 34
7 2
7 8
6 48
15 45
29 75
29 86
15 92
20 85
0 89
0 35
20 20
19 25
28 20
14 53
29 43
6 82
27 32
4 10
25 28
4 71
29 65
12 75
1 32
21 85
3 81
3 12
29 77
11 97
4 94
22 20
13 10
4 74
7 50
17 68
25 58
25 92
14 70
16 90
3 66
26 72
