102400
1 38
9 90
9 46
11 15
0 84
30 29
15 45
12 26
30 63
9 4
2 65
1 14
20 87
24 75
19 16
6 15
15 51
28 66
26 67
20 22
23 27
9 48
26 65
13 80
23 85
1 14
16 21
15 61
12 56
15 94
9 7
14 53
29 72
15 11
27 33
12 71
4 2
11 54
13 1
29 15
7 74
1 99
25 48
2 22
15 57
6 74
16 96
22 97
26 36
27 79
4 83
27 42
26 65
12 87
21 17
24 51
20 52
25 93
23 34
18 81
20 53
29 9
14 60
2 88
16 97
23 94
23 86
1 17
13 58
25 98
23 61
26 20
2 22
24 20
27 90
30 98
22 45
29 4
21 86
24 61
4 79
11 56
18 8
9 22
30 48
5 89
5 78
22 68
3 27
3 63
24 41
23 45
17 76
24 85
4 36
29 2
13 98
7 69
30 29
24 41
26 48
3 75
6 4
16 2
22 68
25 44
28 15
9 34
15 89
5 63
17 21
12 52
24 12
25 97
25 21
11 40
4 56
22 80
25 53
13 41
27 63
14 9
15 79
2 30
27 7
0 6
11 43
28 66
12 57
2 21
27 37
12 23
25 13
30 19
27 8
18 82
5 33
18 13
20 87
9 99
13 16
22 2
19 21
5 44
27 4
19 27
6 52
26 48
12 15
25 92
18 48
25 12
22 98
5 8
22 37
7 54
24 34
29 96
0 65
10 38
12 86
29 70
12 23
29 17
25 3
27 55
26 63
6 52
20 19
6 50
14 98
2 88
13 17
10 76
2 89
30 60
22 38
8 25
9 47
22 29
23 74
4 92
30 23
17 92
15 12
21 39
26 96
5 33
29 43
23 71
29 70
10 49
12 11
16 60
27 9
3 24
20 69
10 77
12 85
9 81
1 3
27 86
22 62
17 22
17 36
13 20
16 65
1 37
0 36
10 53
12 12
27 6
26 24
29 34
18 67
27 43
18 17
21 63
29 42
6 16
16 16
1 20
17 64
7 93
26 100
5 72
27 19
9 5
16 63
0 59
6 6
1 5
21 69
25 12
24 91
30 30
4 32
15 16
16 20
1 40
8 23
0 17
17 35
19 15
13 54
30 21
20 81
0 8
18 90
20 25
2 35
11 57
28 97
30 30
15 1
22 84
3 58
18 57
0 1
3 58
14 89
27 39
2 28
19 40
29 69
16 15
1 17
10 23
15 59
21 68
17 68
24 18
28 37
28 66
10 13
12 19
12 88
1 100
12 43
10 46
15 51
29 53
0 40
27 31
19 55
12 77
12 26
23 23
14 93
5 91
16 25
10 83
28 62
18 27
13 56
22 38
21 6
1 21
1 32
22 61
5 65
22 41
8 73
7 61
25 15
27 73
29 75
20 59
4 58
20 79
5 27
29 25
9 90
10 83
14 41
13 1
11 31
17 70
9 56
8 7
28 14
2 61
28 53
5 25
14 34
25 66
3 78
0 4
11 98
26 28
1 22
12 83
13 72
0 14
20 39
28 35
30 48
26 91
1 58
17 93
18 29
2 23
20 100
3 38
18 42
26 32
18 93
7 97
10 64
4 84
13 9
10 95
18 92
10 47
6 37
14 1
1 64
9 84
26 91
1 68
13 48
30 35
9 64
2 70
25 21
20 15
24 28
4 6
0 67
12 42
1 54
19 19
10 17
8 20
5 58
14 94
14 43
5 58
30 3
30 14
21 14
26 29
13 100
0 94
23 29
3 55
16 45
8 78
17 21
17 75
30 93
21 91
0 70
16 35
13 48
12 99
22 65
4 10
2 70
28 36
