102400
22 9
7 32
8 63
11 41
19 68
26 55
23 98
28 8
7 75
15 46
0 67
18 76
19 85
3 40
24 59
18 72
11 6
3 86
0 43
19 60
9 14
6 22
29 14
1 53
25 90
14 18
21 21
8 31
17 60
8 56
9 61
28 35
25 17
21 4
23 93
6 57
18 54
11 13
18 59
29 49
30 92
3 93
22 37
25 77
23 38
0 59
7 69
0 95
26 57
7 95
13 42
17 53
11 32
16 32
12 50
12 81
2 84
18 86
0 47
28 69
8 44
5 24
26 67
10 80
7 10
11 30
26 74
13 31
25 4
6 94
28 7
25 79
14 47
1 17
26 61
12 45
6 12
12 54
14 58
0 86
11 91
5 34
2 83
23 88
26 88
4 67
15 61
26 68
14 48
3 96
1 59
3 99
16 41
23 4
2 86
12 27
13 62
16 5
3 75
14 23
17 79
5 94
0 84
21 87
11 64
18 16
9 21
0 46
10 22
26 99
22 58
0 32
27 9
21 59
17 40
3 30
24 33
0 9
1 46
4 99
5 74
2 47
7 32
23 95
27 74
10 89
6 25
5 50
30 57
16 79
26 13
22 37
9 80
4 74
11 38
8 86
19 70
5 78
17 58
20 5
11 84
21 47
3 77
17 72
1 99
20 69
0 96
16 29
7 75
16 76
8 59
9 3
16 54
11 19
3 37
19 60
1 38
29 4
29 45
21 29
4 16
11 68
4 58
1 100
1 76
2 32
16 97
10 58
9 36
24 41
29 48
0 68
15 27
11 89
22 9
18 61
24 55
6 40
4 72
18 94
28 44
19 97
29 25
28 99
12 100
19 21
25 55
25 20
18 79
18 98
29 16
21 92
29 30
3 17
10 15
24 66
23 36
28 96
19 72
11 70
14 79
21 85
19 32
19 32
11 51
20 7
7 5
24 15
4 76
22 26
24 37
15 21
16 2
15 73
25 69
18 74
16 17
11 98
6 1
17 98
26 32
2 85
9 4
19 21
8 20
23 64
13 1
22 16
1 14
20 31
26 27
28 98
14 22
29 68
23 98
11 77
7 70
26 45
22 30
13 90
24 72
0 60
21 4
3 22
13 81
28 68
16 5
17 84
29 50
12 55
11 95
3 56
19 95
3 9
3 33
18 47
2 36
18 74
3 38
30 46
27 100
24 29
20 5
17 1
3 32
23 100
28 58
6 81
10 21
7 29
3 63
28 45
19 100
7 46
12 74
7 74
9 61
28 84
26 78
2 100
23 94
15 55
26 40
9 63
0 13
13 62
15 74
20 56
18 10
10 11
25 57
22 12
21 44
19 74
27 81
20 14
25 29
4 29
12 43
30 8
19 72
22 68
14 28
5 88
12 3
5 35
24 85
22 75
8 92
30 70
16 79
29 67
20 84
21 17
20 74
25 38
18 46
25 30
24 15
16 45
19 79
9 92
19 15
27 39
19 62
25 52
6 13
1 62
3 99
11 28
13 84
27 60
28 28
22 19
13 83
21 36
23 94
11 11
12 72
4 66
18 91
16 23
20 25
25 55
12 83
14 89
13 57
24 70
4 32
22 9
8 22
30 6
18 35
5 95
16 78
3 70
18 19
16 37
17 85
5 27
15 31
24 11
25 54
21 62
27 26
0 53
2 96
6 65
15 90
29 40
30 45
9 30
23 41
3 86
4 21
13 23
10 16
15 70
10 94
22 51
2 45
6 44
6 29
8 65
27 11
6 16
7 86
16 98
22 52
15 41
8 81
12 65
5 91
19 68
26 64
7 25
2 27
27 98
27 28
17 38
