102400
26 59
10 52
28 38
21 81
13 95
27 4
4 73
27 14
29 62
2 63
0 82
25 78
6 53
23 61
30 70
19 93
2 73
11 86
28 61
20 3
17 39
3 32
13 6
11 90
15 50
22 93
23 98
18 90
27 27
17 77
1 26
12 11
4 75
0 41
6 1
1 79
26 19
10 100
15 32
1 30
15 13
16 91
23 56
5 75
6 10
23 42
10 68
15 56
5 59
18 42
18 60
5 86
24 47
25 33
4 86
3 14
26 51
1 80
4 41
13 3
24 11
8 21
10 91
19 58
13 97
29 79
3 43
27 80
23 9
19 58
13 8
26 54
10 70
20 75
29 93
22 19
25 35
30 77
13 28
8 43
5 18
14 2
26 73
2 7
5 43
7 79
9 27
18 8
4 83
0 100
28 91
11 35
17 62
12 93
23 13
4 42
7 14
26 18
23 77
5 87
15 59
22 40
21 78
6 49
24 16
16 70
25 75
12 34
26 33
23 14
24 24
21 2
30 36
21 3
15 19
27 48
8 8
19 23
18 19
1 59
8 91
21 18
11 69
5 5
26 40
7 81
19 91
7 37
1 80
21 36
7 11
26 89
6 88
9 72
26 74
10 33
11 34
10 50
18 38
14 45
28 69
1 31
24 49
0 45
0 31
20 62
22 29
11 48
21 73
30 33
25 100
7 51
13 93
17 65
24 99
5 35
27 87
27 15
6 89
16 27
6 16
25 86
4 89
9 26
23 85
6 39
1 12
26 8
20 43
27 9
24 14
5 34
29 97
1 64
14 56
24 41
14 49
29 83
2 99
24 70
12 55
16 21
10 15
1 86
8 17
26 43
1 60
29 62
7 75
8 89
17 72
8 16
6 16
11 98
25 98
1 39
6 12
17 27
7 76
23 11
28 8
20 77
13 75
9 71
13 67
24 88
27 47
21 31
30 20
19 82
30 96
24 75
10 43
19 88
13 77
19 16
6 19
6 60
7 63
3 36
3 36
28 12
23 15
29 45
25 58
23 100
9 46
8 94
18 76
19 74
25 3
9 10
4 4
26 17
14 39
23 78
6 11
24 65
30 21
2 76
6 28
28 48
10 42
6 87
19 41
1 37
8 61
11 54
20 90
21 93
1 47
22 59
21 40
29 5
26 56
3 57
17 56
2 69
0 6
16 62
26 47
24 100
3 18
30 13
22 14
9 86
4 47
5 30
12 91
11 30
5 46
28 46
5 3
4 9
30 41
15 95
7 23
3 54
13 71
27 86
1 63
6 70
23 12
21 35
30 70
0 12
8 23
7 16
9 26
0 40
0 50
22 42
20 98
9 42
21 28
24 13
29 22
3 71
28 41
14 62
25 61
30 79
22 5
13 30
2 15
13 4
0 2
4 78
22 38
15 53
19 13
12 44
9 12
15 83
13 85
26 99
1 48
28 65
10 67
8 86
16 62
0 59
0 72
0 80
22 71
21 74
8 72
1 90
20 30
20 98
10 59
25 15
20 10
3 26
17 76
20 44
15 11
8 32
28 57
21 35
23 32
22 64
12 55
11 90
25 25
18 88
29 90
9 29
26 36
4 46
5 89
18 88
11 54
27 64
0 13
25 19
12 51
13 66
7 23
30 99
21 17
1 40
29 16
17 79
1 59
4 100
13 31
13 55
25 60
4 83
21 75
8 99
0 23
5 18
5 23
9 26
4 37
29 48
4 44
5 39
18 89
8 58
12 15
13 20
1 77
0 20
27 30
23 39
29 37
18 32
25 15
20 86
2 58
24 51
14 3
6 30
12 30
30 32
22 17
10 32
