102400
11 10
27 90
22 57
26 21
21 21
13 10
28 79
14 51
19 64
4 41
3 25
28 69
24 27
12 60
28 46
24 31
28 60
11 50
1 30
9 24
15 45
21 2
16 81
7 47
27 73
7 81
1 72
4 36
14 3
23 13
17 80
20 42
5 82
27 24
12 71
28 37
5 94
5 57
22 23
9 29
24 55
14 11
20 98
20 74
24 33
1 6
13 93
15 68
12 12
4 50
27 42
8 23
9 52
3 98
22 66
26 99
14 32
11 79
23 31
7 94
18 88
7 18
13 22
2 16
4 7
10 5
20 100
12 63
30 20
23 70
23 45
30 39
2 35
27 85
29 64
21 81
28 54
29 48
21 11
28 29
29 22
2 90
10 15
11 66
11 4
18 46
7 6
2 25
8 36
22 20
10 49
25 25
20 62
8 82
2 77
2 77
21 95
19 92
2 11
26 41
26 84
2 2
4 3
25 22
30 27
13 65
23 58
16 3
26 30
25 44
7 43
4 79
11 84
2 95
0 86
8 65
9 44
14 77
3 80
0 25
12 91
16 72
19 39
11 63
23 44
4 68
8 13
13 15
14 24
3 56
4 78
24 36
21 27
20 26
25 44
27 85
22 48
25 45
22 22
3 56
25 87
10 82
11 99
21 69
11 89
5 10
0 70
1 100
19 25
14 98
4 92
11 33
9 60
3 75
28 74
30 28
0 7
22 2
29 2
21 56
23 34
11 60
26 35
30 36
1 94
29 71
19 12
16 45
19 57
26 77
1 37
28 51
21 80
25 27
19 27
14 16
3 6
5 18
2 7
30 71
1 56
7 93
17 96
3 14
24 9
26 3
23 43
13 18
30 47
2 93
19 85
6 56
6 25
16 25
26 85
19 10
21 44
20 38
18 94
10 19
0 48
16 91
11 72
0 94
13 88
20 93
21 61
1 8
12 32
10 10
10 68
11 52
26 72
1 33
25 52
9 70
7 74
6 13
3 15
25 57
22 10
22 65
29 82
30 31
27 65
28 13
5 53
1 71
26 2
7 71
22 95
2 96
10 24
15 14
20 76
15 55
10 16
8 90
8 77
4 10
23 91
3 38
15 32
17 96
26 10
7 58
15 33
20 99
20 94
19 25
9 39
5 30
27 58
27 64
8 61
24 4
24 47
4 15
9 72
25 3
25 86
28 89
5 79
16 28
8 47
22 54
10 2
17 8
16 65
0 5
13 63
29 12
17 85
7 68
25 62
4 21
29 45
30 69
14 7
18 59
15 69
9 33
4 94
17 54
11 5
23 88
18 49
19 60
28 20
7 100
13 94
23 65
2 73
18 21
6 3
28 69
8 79
23 1
21 94
2 7
11 41
17 97
15 20
28 83
7 76
26 91
21 21
26 31
0 65
26 53
13 45
17 55
16 66
18 54
22 66
12 97
29 30
19 34
26 12
13 36
16 99
27 10
22 61
10 13
29 51
19 83
29 49
22 5
30 78
6 18
22 34
2 73
7 95
2 22
13 4
1 55
3 56
21 40
27 100
23 14
25 36
30 95
23 14
6 63
17 6
4 29
20 80
29 31
5 39
12 7
8 88
28 8
19 96
9 97
26 54
12 20
14 76
19 26
5 86
15 47
14 32
2 1
7 22
21 33
18 57
20 65
4 9
22 81
5 2
4 63
24 63
1 81
24 29
10 91
11 35
3 39
8 81
0 34
8 54
13 7
12 20
30 51
14 56
24 24
1 35
18 14
25 98
13 94
10 27
2 4
12 92
15 4
12 79
25 21
10 37
14 45
3 100
17 18
17 83
29 46
