102400
17 3
15 57
22 43
22 18
3 1
15 91
21 29
5 60
12 99
30 39
29 27
0 58
9 28
9 10
11 42
15 94
7 88
6 54
12 42
6 22
3 9
14 75
27 66
13 34
22 8
19 69
9 30
24 34
16 5
12 71
6 80
13 35
18 46
12 26
30 44
6 51
22 47
18 1
10 47
26 73
5 70
16 92
9 42
12 76
6 3
15 32
14 54
2 39
18 27
8 27
22 6
3 94
14 19
6 92
14 69
14 36
23 64
8 29
10 87
1 59
2 62
0 6
13 66
21 28
24 59
5 19
16 51
30 57
26 61
19 84
8 92
19 37
22 56
13 78
6 74
15 48
25 28
13 50
6 73
11 15
0 81
27 97
4 89
6 32
3 44
10 26
4 100
16 48
7 64
26 51
30 84
4 18
26 81
23 64
26 65
10 57
30 30
29 15
17 26
12 89
1 82
25 79
17 44
10 43
25 64
30 29
26 20
23 79
16 15
16 24
25 15
12 75
28 68
24 74
26 17
24 41
20 35
25 67
4 16
27 25
12 53
3 3
9 7
29 58
28 41
14 56
18 45
28 91
21 59
9 73
1 31
9 7
2 27
19 20
15 18
20 95
15 28
6 67
5 33
15 6
26 63
2 65
29 49
13 87
3 14
25 63
1 34
12 43
17 77
22 18
24 30
0 18
24 69
13 4
14 26
3 69
21 37
15 90
1 8
14 87
27 53
0 71
23 25
27 3
25 10
16 52
7 28
7 61
9 86
11 81
20 79
10 11
8 40
22 63
6 13
5 13
7 16
6 81
28 31
15 67
2 97
7 20
3 56
18 56
2 84
14 24
10 84
4 94
23 64
2 63
30 81
11 90
26 73
18 36
5 51
20 13
30 80
3 62
9 12
23 41
9 2
4 63
17 85
11 68
0 66
28 93
10 45
14 40
12 5
23 82
1 58
26 58
29 94
4 8
30 64
29 21
0 93
28 34
1 10
27 29
30 66
3 17
27 27
6 45
8 6
7 89
23 65
20 74
11 64
8 66
9 61
30 88
21 19
22 32
20 52
30 66
18 31
12 31
7 20
29 10
11 41
4 19
27 88
26 95
15 10
12 4
7 32
22 62
25 64
0 24
26 29
14 51
24 92
12 64
14 16
10 72
12 6
10 19
26 73
20 49
4 73
25 32
26 65
19 82
25 38
16 69
12 38
5 1
17 31
10 47
5 35
16 38
30 94
23 35
11 68
6 74
0 73
2 87
11 8
14 87
11 26
22 11
20 38
14 68
4 53
14 24
11 22
16 65
8 15
0 25
28 3
26 72
16 65
20 17
5 90
20 11
28 86
7 38
9 87
24 3
4 37
1 42
7 99
11 72
17 35
3 9
0 1
25 77
1 82
5 75
1 39
23 71
26 32
18 44
16 52
18 14
21 82
18 76
23 99
20 85
26 79
9 18
15 61
12 92
27 42
15 34
6 16
2 96
14 31
23 43
4 66
6 7
23 37
1 8
17 56
30 60
23 44
16 96
28 58
10 56
23 87
21 41
1 61
13 19
8 58
18 47
0 41
20 3
15 67
25 20
2 93
25 29
14 58
6 10
1 34
20 51
18 22
28 39
20 95
13 53
8 74
23 10
23 15
0 33
2 13
4 34
16 11
13 10
21 31
16 80
9 82
17 43
27 3
21 37
19 19
12 17
6 42
12 95
21 61
14 76
15 5
13 68
5 99
21 88
25 41
27 51
26 25
24 95
3 34
10 27
21 28
25 44
13 88
7 23
25 42
21 47
4 40
18 15
19 99
25 100
