102400
21 84
21 3
20 25
14 53
18 63
14 9
15 19
17 7
14 32
18 24
13 25
21 22
13 35
14 18
26 64
11 63
6 52
29 77
25 7
4 49
20 76
16 15
26 47
11 31
15 52
29 50
13 69
4 84
5 33
11 62
1 18
8 62
8 84
10 72
28 11
7 70
9 53
14 14
25 29
13 19
22 44
16 90
6 36
23 78
19 73
7 61
6 58
12 74
26 17
28 1
22 61
6 46
26 9
14 74
26 35
10 50
8 64
27 61
29 24
18 91
6 35
22 26
24 92
15 60
24 75
12 43
9 18
4 14
18 20
4 16
21 28
11 31
15 96
16 24
3 63
29 61
21 38
24 85
29 25
15 86
3 77
11 29
21 31
3 3
1 12
13 4
20 14
9 89
8 36
19 9
27 50
20 73
13 54
22 82
0 77
4 34
15 22
18 11
15 23
0 14
21 49
6 93
20 26
9 64
16 14
5 93
13 63
4 33
18 33
12 43
19 74
18 47
15 63
29 46
18 9
21 9
18 57
25 9
10 3
13 59
18 54
11 80
3 32
2 29
23 34
1 89
17 87
10 91
3 92
16 64
24 78
29 4
1 36
3 18
9 32
3 57
30 92
30 35
13 39
2 57
19 45
18 56
17 82
12 42
19 89
27 92
13 35
14 53
4 23
28 2
24 77
27 74
27 70
9 8
20 28
5 54
4 37
14 20
24 89
25 57
24 78
27 84
18 50
21 42
14 96
27 84
5 67
22 61
29 63
18 44
11 1
9 71
29 30
18 89
4 95
11 83
6 43
20 21
15 3
29 9
26 46
0 74
25 48
25 12
29 39
30 31
15 2
0 53
17 74
19 89
20 14
19 20
16 21
16 16
15 69
13 33
13 87
28 71
19 24
1 14
18 58
3 40
6 75
9 20
28 81
7 94
2 30
2 21
17 28
11 23
27 22
16 43
23 41
6 88
1 91
30 10
28 57
10 70
25 3
14 57
4 81
11 52
20 48
17 58
17 21
1 9
1 23
1 30
17 9
13 45
10 93
7 36
29 14
22 44
21 59
10 10
25 45
16 49
11 66
29 63
6 78
6 7
28 11
12 40
11 27
28 44
14 1
7 24
24 26
13 28
27 12
26 79
2 89
14 32
21 84
17 6
0 46
30 70
11 1
4 51
25 49
13 37
17 20
9 84
13 86
17 25
17 48
7 23
20 37
29 18
13 48
23 65
18 34
4 22
20 41
22 79
9 3
11 20
25 99
13 58
25 38
4 17
29 72
24 80
15 12
1 71
5 63
23 55
20 48
13 86
0 41
27 80
12 77
9 17
11 83
26 16
11 48
17 85
16 65
4 92
26 46
9 23
2 80
10 6
4 88
22 65
27 21
26 74
6 9
15 83
14 4
7 84
15 87
4 22
2 35
7 28
21 48
22 87
22 77
13 24
20 5
21 91
6 85
12 70
4 48
20 62
23 41
27 36
28 54
19 43
24 100
13 72
7 80
16 45
21 9
4 19
15 6
4 92
28 31
20 56
2 1
2 27
1 19
12 56
8 91
21 82
0 100
21 56
16 52
6 83
5 55
13 17
10 36
5 93
3 76
8 22
4 75
25 94
13 81
26 89
6 14
6 52
2 10
12 58
16 92
14 38
20 92
27 1
1 36
8 84
9 3
8 47
30 38
24 22
12 81
27 30
5 1
10 70
23 51
6 65
27 24
9 34
3 38
16 57
4 78
19 11
16 18
7 98
16 26
10 27
30 6
20 91
22 92
6 18
19 69
30 44
4 95
24 47
13 55
7 45
