102400
25 38
21 45
27 51
13 97
30 73
9 27
25 50
16 47
1 22
4 99
24 4
16 10
20 50
29 7
21 97
25 49
13 15
12 42
20 53
4 85
6 29
26 40
22 19
6 40
19 40
18 12
17 21
29 56
20 49
30 36
7 46
24 97
9 80
7 8
24 97
0 89
19 68
25 87
19 9
22 86
11 88
10 40
13 93
22 39
0 88
29 87
29 28
2 78
15 69
16 2
5 88
26 11
9 96
23 79
19 83
4 56
14 23
19 5
10 74
26 88
9 39
14 2
13 33
20 13
17 15
3 23
26 85
20 79
17 58
23 55
28 94
29 98
4 28
18 13
12 97
2 63
26 19
25 53
0 90
12 85
0 26
16 40
13 12
23 79
17 97
13 54
5 100
8 33
16 35
25 35
27 6
14 82
16 98
22 36
16 11
11 64
2 7
25 82
1 28
30 26
24 13
19 9
12 61
10 77
4 81
21 19
22 63
20 47
20 83
16 99
16 17
11 94
7 15
10 90
21 67
6 65
2 30
18 10
12 11
21 53
21 76
28 65
12 56
18 18
11 68
9 75
9 94
26 88
26 33
1 59
12 13
4 83
7 60
12 29
21 47
13 74
25 52
28 10
3 3
10 62
29 95
22 36
5 67
25 2
2 83
3 91
18 99
13 76
15 2
9 3
21 17
10 71
0 50
3 27
26 11
27 83
19 38
16 4
8 1
13 57
18 4
4 46
13 36
20 20
6 98
10 62
20 17
7 97
22 55
6 27
27 21
30 95
25 15
0 84
17 78
17 88
10 89
10 19
17 68
1 35
25 65
5 89
21 95
28 42
2 64
17 75
15 90
16 62
22 12
27 56
28 88
16 52
4 100
10 40
28 30
27 45
2 84
11 33
23 31
4 84
22 55
7 91
27 63
14 52
28 40
25 30
20 43
8 33
3 37
28 37
8 74
9 8
13 97
18 29
18 10
24 32
7 57
18 29
22 11
18 46
18 100
7 86
22 30
20 30
13 48
1 99
24 62
5 39
23 38
7 31
15 40
5 30
12 47
17 90
18 36
5 8
0 48
16 92
20 86
25 67
30 45
21 65
5 28
22 88
0 43
10 27
25 14
23 48
17 50
18 54
17 53
21 32
4 21
5 64
2 48
6 13
24 21
28 95
10 67
8 10
0 77
21 74
3 96
3 79
19 65
1 14
26 86
20 67
2 33
25 82
17 86
28 88
9 4
27 88
27 25
21 81
24 34
23 53
11 16
27 4
17 50
9 86
28 69
29 83
6 81
6 34
7 8
21 26
26 40
25 7
23 38
2 17
12 59
11 30
20 64
20 52
7 37
10 23
7 58
3 94
29 15
0 62
25 33
11 70
10 59
14 64
11 80
16 9
25 16
23 30
23 38
30 13
28 84
15 95
2 3
4 95
23 75
12 79
25 83
24 84
30 91
12 70
30 72
30 3
21 56
14 41
3 43
1 44
10 7
26 7
13 68
19 85
9 29
6 68
10 6
21 57
22 68
10 97
10 98
3 93
13 52
14 65
2 60
28 28
16 32
30 28
20 32
8 48
28 58
0 78
26 13
24 18
15 68
12 38
29 46
25 96
25 15
10 27
23 70
14 76
16 67
18 39
18 72
28 12
8 84
8 3
2 3
15 92
0 12
11 1
3 71
29 35
25 70
10 83
19 15
2 70
12 57
28 62
16 22
20 70
4 10
5 4
28 69
25 64
27 26
25 77
30 89
24 91
15 81
22 43
5 95
27 27
5 31
19 8
21 41
3 98
28 76
25 41
20 97
15 27
