102400
16 8
14 96
23 79
11 35
21 59
29 94
11 17
10 27
23 35
25 28
9 62
7 20
27 85
14 95
0 37
23 8
19 97
9 18
16 88
0 87
30 36
16 78
24 78
2 2
2 77
21 55
30 83
16 74
5 87
22 73
0 60
14 88
5 22
10 91
6 23
3 13
14 32
9 69
18 93
0 73
5 46
0 19
12 85
4 36
24 23
21 54
21 79
26 7
12 36
29 61
2 61
28 63
23 4
13 3
24 68
4 29
0 24
13 90
12 26
19 84
17 40
12 19
5 61
25 37
22 85
24 43
3 81
6 80
26 20
2 71
3 8
2 92
28 40
23 25
27 69
2 65
16 69
27 56
12 18
6 62
4 22
30 59
24 82
19 35
26 27
15 44
2 61
17 9
15 2
26 72
21 46
25 34
2 34
24 65
19 52
26 95
19 62
3 52
9 89
22 75
7 56
4 41
21 73
26 30
5 38
0 57
29 96
15 79
12 55
13 3
8 60
26 42
10 30
4 97
12 74
30 82
29 53
30 69
5 90
25 71
18 53
6 71
16 71
18 98
14 7
6 78
27 49
16 84
22 13
18 3
25 14
7 44
3 30
0 93
22 21
1 76
28 43
30 42
5 2
19 1
9 54
12 13
8 71
0 91
20 17
0 6
13 7
12 69
7 86
18 35
27 15
13 78
18 15
3 27
5 98
16 19
24 39
3 55
19 4
17 21
10 68
20 83
3 49
17 96
20 70
6 42
14 45
5 36
4 20
24 63
23 26
19 41
10 100
14 87
6 54
10 36
22 77
4 11
11 13
0 13
29 64
14 20
11 80
5 6
23 5
12 64
30 7
5 84
16 88
24 71
6 79
18 19
4 72
11 76
14 40
11 92
0 78
10 29
12 67
4 18
24 55
13 53
30 47
18 46
26 97
9 77
14 14
24 20
25 69
2 69
14 57
22 97
29 31
11 85
2 14
26 39
15 81
17 65
2 58
8 18
6 95
20 1
21 42
19 14
15 21
9 17
12 27
4 73
7 66
19 43
17 86
20 35
24 94
22 82
23 41
12 47
14 62
3 10
22 89
14 35
5 59
11 11
19 19
4 12
14 90
6 85
16 1
4 89
25 85
6 91
22 47
28 85
30 27
12 40
14 74
4 20
13 44
14 78
26 78
25 58
15 84
28 62
27 65
5 25
23 67
5 54
18 17
17 66
23 53
24 82
14 12
27 69
5 67
28 100
12 36
2 57
14 13
5 19
5 90
18 50
30 15
27 29
20 86
2 99
17 17
6 19
26 48
13 14
29 25
13 52
14 6
1 49
3 16
13 35
4 67
14 20
20 83
25 73
30 18
2 18
30 16
8 7
30 42
11 79
28 85
27 51
21 98
5 15
7 60
5 60
8 77
29 41
21 42
15 25
16 47
15 44
19 33
8 15
6 90
22 45
21 66
7 78
9 43
18 84
9 16
22 22
7 71
30 67
23 50
3 38
25 24
30 47
5 74
10 95
7 43
18 71
26 69
6 99
13 66
27 47
6 14
5 21
1 41
22 68
22 67
9 12
21 49
16 54
10 7
4 24
20 7
15 18
4 32
7 11
1 10
18 49
8 98
5 29
24 51
13 62
29 52
12 26
13 14
2 14
3 92
25 42
22 36
8 34
12 11
0 10
13 53
12 96
22 7
4 17
1 88
21 44
9 93
9 31
5 27
12 79
24 91
25 63
9 12
22 43
9 17
17 48
23 87
10 10
26 78
6 57
1 40
23 55
3 33
25 23
7 45
8 93
13 3
13 83
28 69
29 88
