102400
22 41
21 45
1 80
5 49
2 49
15 69
19 65
21 34
4 26
3 5
20 97
26 47
6 41
16 66
14 93
4 13
30 3
13 59
4 92
26 80
17 57
13 46
22 13
19 59
26 66
10 2
29 78
26 80
17 55
26 61
23 62
2 76
7 72
4 23
8 30
29 38
3 58
28 88
1 58
20 100
7 21
19 57
5 76
14 90
12 80
8 48
6 57
15 32
8 33
23 60
11 11
12 6
22 16
30 24
27 96
5 37
13 15
25 59
25 41
25 46
6 39
11 93
8 62
28 46
30 55
25 95
20 15
27 96
24 20
0 37
4 58
19 60
7 15
20 53
3 6
12 42
23 56
25 98
18 69
18 85
11 8
12 25
13 45
6 90
2 2
15 10
30 40
9 69
13 94
7 36
19 45
3 48
5 87
7 46
22 9
20 8
23 59
26 95
14 13
18 86
16 29
2 98
25 54
8 48
18 5
4 10
11 87
5 29
29 1
24 33
14 98
13 9
14 64
24 74
29 99
13 47
17 23
26 12
2 37
9 93
26 50
0 100
14 38
13 20
19 25
26 79
28 17
20 37
9 27
21 53
28 5
6 36
13 73
15 63
21 37
23 6
1 63
14 22
11 93
12 61
7 78
15 10
13 15
15 38
18 81
12 78
10 46
18 32
2 28
14 39
6 89
23 78
17 82
26 32
5 8
12 73
2 60
20 66
23 30
18 28
13 35
18 42
5 48
8 8
25 1
30 24
25 62
18 7
24 20
22 94
14 98
10 53
5 20
14 41
12 33
5 32
2 86
15 21
18 54
17 71
8 44
15 94
30 37
5 86
5 18
18 77
27 12
27 13
5 49
8 39
25 90
24 68
2 92
10 24
23 8
25 60
21 45
30 41
22 35
26 24
7 53
4 96
4 89
13 40
2 33
1 53
8 66
13 85
18 30
7 30
29 13
12 17
12 90
5 15
9 94
26 80
24 49
21 91
29 66
5 43
16 91
7 57
20 6
9 28
1 91
24 27
20 99
1 15
27 83
24 87
13 46
25 100
29 64
26 37
20 1
9 32
4 27
27 44
13 34
16 13
9 70
11 20
21 25
5 29
10 50
3 71
3 7
8 64
6 90
27 65
11 17
18 29
30 3
21 90
18 90
30 4
8 19
11 89
30 74
19 7
29 6
22 75
7 32
8 51
16 92
10 27
15 96
12 21
3 90
15 72
25 33
15 62
20 1
29 44
15 95
7 71
12 6
20 63
2 16
18 27
17 67
18 48
25 47
16 44
12 79
11 7
30 15
18 86
20 82
23 72
20 9
6 48
19 27
13 41
21 69
5 21
9 97
0 92
28 79
26 1
26 84
4 31
28 61
12 25
22 84
4 67
14 100
12 1
7 20
14 59
21 15
27 36
30 32
18 60
4 13
3 30
29 91
17 26
10 14
24 71
21 14
28 44
1 75
3 6
4 57
17 96
7 9
3 43
20 25
21 18
25 55
0 94
17 10
30 72
11 78
27 65
0 88
27 79
17 46
1 47
0 22
3 22
25 13
2 19
16 73
28 39
20 79
3 47
23 1
13 56
22 53
22 92
4 64
26 46
5 54
6 80
3 77
27 91
30 44
3 73
6 12
4 31
20 37
11 62
13 92
4 62
1 18
23 74
5 69
19 50
26 33
1 13
11 6
0 75
4 69
30 68
27 67
25 28
5 28
23 55
6 51
21 30
27 91
18 13
22 27
4 72
12 98
12 37
11 79
30 74
19 39
29 24
21 80
19 95
4 92
11 29
17 58
1 25
3 72
3 96
