102400
5 13
11 62
5 7
15 66
30 54
13 96
15 37
25 84
19 75
8 13
26 51
27 70
15 10
27 58
5 25
1 78
10 2
7 48
9 73
5 50
10 29
1 70
0 80
6 85
14 20
6 63
16 40
1 81
4 58
5 19
5 78
28 42
25 25
11 49
22 49
2 24
11 100
1 81
24 14
15 64
9 92
7 46
24 73
29 8
4 27
29 7
17 84
4 67
4 26
19 39
21 94
18 10
23 9
12 57
0 86
0 29
9 7
17 80
29 55
26 88
6 100
7 44
10 59
4 40
12 13
29 38
5 76
17 64
25 23
6 55
13 82
15 90
28 22
9 57
24 20
15 13
1 14
25 8
16 99
7 33
7 56
16 58
8 17
27 13
11 7
6 53
7 46
19 69
0 1
18 99
15 84
3 12
1 100
24 33
24 85
6 17
10 54
17 40
13 27
7 75
18 19
29 37
22 80
6 85
27 10
20 62
14 82
4 89
27 26
13 3
0 72
6 93
19 94
1 27
16 92
2 90
29 27
8 12
3 3
18 48
13 30
4 82
3 23
6 93
21 63
15 59
22 23
26 35
23 42
13 15
1 15
23 51
15 28
23 41
2 4
19 24
24 54
5 100
3 12
12 71
22 54
29 55
20 9
8 7
0 64
4 50
28 84
4 94
27 46
11 21
23 31
21 38
27 92
3 72
25 35
13 40
7 56
9 68
11 93
29 18
27 86
26 72
13 28
13 18
24 39
8 51
14 72
18 28
8 85
13 88
6 90
20 73
15 43
14 99
9 46
9 27
12 71
26 13
8 21
12 24
1 68
5 66
7 33
0 38
29 43
12 69
25 98
1 63
28 5
24 28
29 48
1 68
15 8
12 76
11 11
17 60
28 78
27 96
10 97
22 61
14 7
6 69
0 15
18 69
10 59
21 90
8 40
20 100
14 38
0 92
24 38
2 9
2 46
27 23
24 90
22 86
4 62
16 48
15 45
13 69
15 61
30 36
28 80
10 2
6 62
14 38
23 87
11 85
0 47
2 20
6 20
25 20
8 51
13 43
2 5
7 41
18 91
28 57
17 69
12 57
5 30
20 63
28 27
14 31
17 94
30 30
13 70
13 5
3 20
6 68
7 67
1 86
17 21
22 77
29 63
24 70
28 87
9 43
24 77
19 83
24 59
11 32
24 100
14 43
15 26
6 92
21 64
21 28
11 33
11 99
6 50
13 48
8 32
17 90
13 18
23 58
3 59
22 91
22 15
23 50
6 5
4 16
6 3
9 63
27 61
14 70
19 43
12 24
12 45
1 26
1 11
24 60
23 7
8 8
15 11
5 21
6 86
5 66
27 39
16 73
28 60
21 98
2 69
18 15
8 91
17 45
27 28
14 44
22 99
4 31
29 46
6 84
17 70
5 2
24 2
22 16
8 8
27 27
1 86
14 96
14 97
24 16
29 47
6 73
29 24
0 7
6 31
26 17
17 56
20 73
21 60
8 94
21 36
0 68
13 50
10 61
26 83
30 52
11 16
0 12
23 40
20 36
13 13
12 57
1 38
20 76
27 80
30 51
18 25
8 30
22 97
29 43
23 32
11 9
12 42
19 93
24 20
10 63
0 61
18 27
5 8
15 79
9 6
0 72
30 45
29 11
4 62
8 94
1 65
30 51
30 35
7 85
25 24
11 32
6 34
7 55
22 18
13 100
6 36
11 30
13 63
3 25
14 34
27 20
1 2
9 82
27 59
17 68
26 68
18 27
4 61
17 25
7 95
14 77
16 99
26 61
26 55
5 75
16 75
0 13
