102400
23 83
30 63
0 96
10 85
16 76
23 53
30 6
21 87
25 22
20 39
19 53
27 8
1 66
23 94
23 22
13 11
27 25
27 6
2 78
22 60
8 64
10 67
24 75
14 95
23 14
3 67
28 25
2 80
21 38
20 60
1 7
22 60
8 21
11 84
29 39
20 51
14 28
25 70
25 95
20 24
13 48
7 61
24 25
24 4
4 52
15 15
7 10
16 99
24 25
0 4
5 18
15 10
28 83
19 36
4 9
19 30
19 4
12 81
13 17
30 65
6 87
15 8
22 16
8 20
24 14
12 13
27 72
7 95
7 74
15 62
22 55
10 36
28 16
2 48
25 43
15 72
7 7
9 28
30 79
7 12
11 54
25 27
14 42
4 39
28 24
26 62
22 68
7 87
16 36
18 57
1 22
20 44
20 4
29 19
30 18
20 59
14 97
19 14
15 87
6 100
14 54
29 60
20 6
6 22
25 39
17 10
9 13
25 46
19 96
0 78
1 25
28 44
24 46
17 77
16 60
25 16
0 38
1 94
9 99
21 33
7 13
30 3
12 28
9 37
21 25
7 57
20 8
30 1
22 65
24 89
14 85
8 27
24 36
18 16
26 7
18 9
12 76
24 67
1 5
4 5
1 44
6 31
27 31
8 37
0 91
9 13
12 65
25 90
23 2
15 14
28 77
12 54
28 10
13 65
21 95
28 81
15 58
12 43
13 18
22 11
8 63
10 82
9 55
12 45
21 88
24 49
17 59
25 7
13 87
12 57
5 32
20 4
28 18
21 36
13 94
13 15
19 2
24 4
28 57
19 9
2 55
15 8
18 43
7 12
29 1
0 35
14 89
13 51
23 38
27 65
4 49
7 73
9 9
17 5
14 36
6 17
19 68
28 6
15 14
18 81
8 86
22 2
6 81
4 68
10 85
20 38
17 35
19 2
16 90
28 79
12 40
17 65
13 78
11 66
8 14
25 5
26 91
12 11
28 54
16 67
3 82
14 47
5 98
20 85
16 20
19 3
21 64
26 46
13 70
12 79
27 47
20 62
17 21
8 13
13 85
21 44
5 64
16 76
24 8
12 73
26 49
6 86
9 24
13 100
6 57
22 87
27 93
9 71
9 53
11 24
7 57
11 64
0 62
24 64
18 93
17 55
27 94
10 89
20 67
28 79
13 36
20 86
6 45
19 83
27 90
28 95
23 19
29 48
10 73
9 13
1 18
9 76
22 74
8 18
20 76
2 59
23 100
0 58
25 76
16 15
8 42
13 26
11 53
4 34
11 23
4 50
22 88
19 99
11 27
13 49
25 54
23 88
11 56
18 65
21 54
29 98
30 23
30 94
10 63
4 92
24 18
27 54
14 14
15 36
23 33
0 88
27 23
18 99
1 96
29 8
3 59
29 28
16 17
8 22
4 26
12 8
0 67
6 2
0 50
17 66
7 48
1 6
16 61
0 36
14 56
5 52
9 47
15 94
22 71
10 5
2 55
28 80
18 45
7 44
10 79
30 40
30 92
30 53
14 93
28 86
3 55
4 59
20 32
29 53
5 89
0 31
8 3
18 39
13 34
10 70
24 69
16 92
20 5
14 48
15 38
15 54
11 50
25 59
10 42
7 94
3 44
1 30
30 100
22 12
25 86
24 35
8 28
15 65
26 94
1 95
12 70
26 74
4 8
21 95
27 58
13 29
22 50
16 56
7 15
25 91
5 11
24 71
8 78
10 67
7 29
15 55
30 56
5 50
22 29
1 19
21 25
0 67
20 80
25 24
29 95
17 68
8 72
1 29
5 62
23 49
