102400
3 57
3 1
10 38
12 78
5 1
29 18
23 64
16 44
18 90
5 80
4 49
20 23
22 62
30 31
24 3
16 75
1 25
16 18
11 49
7 100
20 7
20 66
16 78
21 90
21 55
8 66
16 93
2 93
21 51
26 38
3 11
3 18
6 73
25 92
18 49
16 51
4 16
23 53
9 24
29 31
20 13
20 71
18 13
0 40
13 89
4 40
6 92
20 95
15 35
12 74
23 54
29 15
8 18
21 12
18 33
24 65
1 18
2 4
7 55
8 91
3 42
20 27
19 80
19 80
23 26
11 37
5 34
18 98
16 71
2 31
29 68
23 66
16 32
13 96
1 32
10 20
0 36
4 74
22 16
22 77
9 43
7 59
14 98
13 42
19 30
26 1
30 53
18 18
11 32
18 46
3 81
13 87
7 18
18 43
10 89
24 55
11 50
21 98
7 52
3 96
9 88
4 94
27 30
30 43
30 88
5 39
26 87
2 4
20 66
24 38
13 83
2 10
15 17
11 66
29 84
29 96
2 25
14 61
15 79
29 21
9 58
16 54
11 74
10 38
23 17
17 44
3 87
3 28
30 48
26 23
1 27
13 53
7 70
29 68
26 10
9 60
27 90
18 85
7 21
3 68
17 74
17 35
6 73
15 89
17 52
18 77
6 94
15 28
24 42
24 73
0 38
27 40
30 88
21 58
21 34
15 85
15 65
16 89
10 31
10 47
25 1
30 27
12 31
29 3
1 26
18 53
10 72
1 31
20 92
3 31
13 60
3 68
10 6
14 97
0 3
6 80
15 73
1 95
21 71
2 48
20 31
13 85
4 17
21 43
19 41
16 47
14 46
16 49
14 22
5 51
26 53
29 28
20 59
26 15
24 14
23 43
12 70
25 95
15 4
10 22
4 75
9 48
29 57
28 84
3 17
29 90
24 25
23 65
4 72
15 20
12 23
3 59
29 42
0 50
13 16
13 52
15 67
18 22
28 6
28 26
10 70
24 43
21 11
2 83
4 90
12 56
1 96
20 15
10 36
22 49
18 79
3 40
9 49
9 7
1 78
3 67
18 77
18 21
15 78
28 9
2 17
4 92
4 49
17 81
15 93
19 85
28 21
20 60
20 83
28 35
21 53
17 3
17 61
0 62
20 55
14 74
15 48
5 72
23 40
9 91
2 91
7 20
21 82
13 8
8 50
22 99
8 54
13 90
19 95
5 36
14 10
20 35
7 12
14 55
6 22
9 74
15 67
1 75
3 22
6 71
5 9
25 68
10 45
10 3
18 6
24 78
21 78
21 92
27 91
16 91
25 74
25 77
7 8
1 43
28 70
1 85
10 27
12 51
0 36
10 52
7 67
24 43
14 11
24 72
16 35
15 19
13 85
19 41
19 44
6 95
22 99
24 64
0 65
26 68
1 54
9 34
4 6
27 22
5 57
0 49
5 82
18 12
11 98
4 40
11 56
1 79
16 76
24 50
17 72
29 27
30 97
2 74
13 10
12 35
14 9
20 25
25 13
15 52
18 20
25 97
15 57
14 6
27 97
0 59
12 75
3 74
23 41
20 3
7 98
0 8
25 66
28 86
20 15
15 77
1 27
25 6
9 59
12 18
18 8
25 64
18 45
29 3
3 35
6 3
30 6
2 76
9 67
16 52
28 47
18 61
13 46
28 91
22 73
14 50
2 61
23 82
17 83
16 50
15 83
15 48
15 73
27 11
8 44
27 71
3 38
8 87
23 21
9 89
19 69
28 100
15 7
22 76
24 93
7 97
21 11
28 94
19 20
14 61
23 50
7 88
