102400
25 4
22 52
4 100
5 34
17 78
8 94
22 85
19 29
24 62
28 42
16 9
27 56
2 48
21 71
15 89
22 9
10 4
8 98
9 5
30 57
2 76
16 37
12 29
20 27
9 35
22 9
0 66
14 52
13 8
0 37
12 83
19 44
27 58
8 100
4 83
2 82
10 65
20 70
18 33
5 96
0 68
17 22
3 83
29 81
17 33
17 50
20 86
29 26
13 73
8 63
8 92
11 76
28 97
2 8
14 43
11 7
9 31
20 15
0 43
0 16
3 49
26 19
6 62
3 18
23 62
5 67
11 38
2 60
9 40
28 64
27 57
3 99
8 5
13 44
8 71
27 67
14 28
23 66
4 14
1 59
27 99
18 39
22 93
13 18
21 76
23 80
22 37
28 77
28 15
27 72
4 45
5 26
29 4
11 24
17 43
4 24
20 2
4 86
13 48
22 27
21 96
25 22
10 74
26 97
18 52
10 61
11 40
29 59
17 27
1 86
3 69
29 3
14 34
15 97
0 97
0 15
30 37
24 97
21 80
3 29
9 13
22 46
12 25
22 16
7 47
15 79
0 82
0 37
3 47
15 31
13 69
0 37
17 71
29 25
25 17
25 58
1 4
30 58
8 79
26 42
23 87
26 58
30 74
25 14
30 10
20 55
20 58
10 28
12 11
11 19
20 34
4 36
21 81
15 29
6 16
28 25
2 37
4 25
20 18
14 87
12 6
18 71
20 77
9 69
0 11
30 99
12 60
8 63
23 24
11 44
8 53
19 88
19 100
27 27
19 55
27 32
26 85
18 10
17 19
21 94
12 99
11 28
9 85
1 96
2 78
24 86
26 73
15 7
16 4
1 39
18 17
26 39
10 62
0 42
25 91
0 41
24 41
17 69
23 37
17 70
30 89
20 50
22 72
5 80
17 98
22 23
21 42
5 67
9 43
14 94
7 100
8 93
1 30
26 14
25 26
18 10
17 77
4 73
26 45
15 73
18 73
14 81
4 42
5 53
13 94
14 65
11 94
14 53
24 39
18 85
10 98
29 59
23 25
6 76
10 41
21 24
17 42
9 7
9 32
29 66
12 56
19 19
1 88
16 12
7 92
27 55
30 41
26 72
24 16
11 21
5 71
18 6
10 59
0 62
30 8
21 95
16 73
15 80
19 50
21 9
3 60
25 5
6 35
30 78
6 38
7 89
0 86
15 98
21 81
4 83
11 35
6 40
4 3
28 51
7 55
0 78
4 20
12 21
20 88
24 75
23 41
27 52
27 3
23 29
9 52
16 99
21 3
16 22
19 53
16 88
8 25
4 60
3 20
5 20
21 40
26 49
8 98
0 49
0 59
24 59
11 7
19 99
13 76
22 23
20 53
25 95
23 72
6 44
24 58
26 90
18 32
27 39
4 2
28 73
28 70
18 15
16 56
17 25
29 51
11 49
3 28
7 39
24 34
29 28
29 50
17 48
29 64
26 52
2 17
18 3
6 100
4 38
14 59
15 9
13 67
24 63
19 60
2 89
15 19
25 64
15 5
17 67
5 32
2 35
3 58
1 6
7 24
20 59
4 40
19 66
8 58
9 75
0 44
29 41
27 38
0 71
4 46
17 20
3 79
12 6
17 64
24 18
16 15
10 66
11 80
1 21
13 21
11 61
29 4
3 66
15 11
15 7
6 41
24 86
14 94
4 86
14 38
8 71
25 38
26 26
12 94
12 72
11 97
16 54
5 42
7 94
18 14
16 8
7 78
12 97
25 91
17 37
15 4
7 71
24 23
19 60
9 62
2 15
24 4
0 89
