102400
17 22
23 73
28 88
6 3
28 91
16 36
6 66
14 35
25 46
25 65
23 37
16 25
14 55
24 5
18 1
13 72
29 77
2 92
14 30
4 42
3 61
13 7
25 86
8 80
11 54
15 82
16 91
20 72
17 26
3 54
19 56
26 25
2 59
17 40
19 55
13 47
17 15
28 2
6 71
19 59
7 69
26 76
24 57
23 75
24 50
4 12
0 49
8 97
15 17
21 69
3 59
16 29
24 21
0 2
4 60
15 43
18 12
10 5
27 42
27 8
2 11
20 58
16 90
14 50
13 77
16 24
7 30
28 21
16 81
4 69
20 92
21 78
14 39
23 12
17 59
9 38
23 59
28 37
28 76
27 56
26 27
1 63
17 79
24 51
14 11
30 100
5 50
17 53
7 28
13 41
18 51
0 29
22 15
17 92
21 84
1 95
15 26
24 36
30 1
17 97
29 7
26 77
17 8
21 63
27 72
8 74
6 17
16 87
28 37
13 40
30 48
0 92
26 75
21 16
3 27
18 4
21 6
10 61
6 60
24 100
23 5
16 27
2 22
13 15
9 58
1 74
29 62
8 10
16 48
22 60
1 33
12 44
24 52
10 99
10 16
18 69
21 20
4 54
27 19
21 87
18 61
27 18
6 67
5 78
30 84
20 90
14 85
29 93
11 37
26 28
9 37
15 61
26 49
9 86
15 68
29 67
0 77
9 46
5 77
6 88
9 45
18 76
6 64
6 68
5 25
8 3
5 67
2 48
6 43
0 12
23 7
25 4
2 62
30 41
30 43
24 15
15 14
19 66
22 45
2 40
6 79
13 83
18 82
18 23
25 43
9 77
14 35
14 17
3 71
8 95
28 5
16 96
29 87
3 72
18 72
5 21
14 54
13 98
9 55
10 78
2 78
27 11
7 77
17 47
3 82
9 87
22 17
30 1
25 55
1 98
12 93
27 82
5 6
8 100
21 29
29 17
19 20
20 90
1 68
1 60
13 12
15 33
29 91
27 86
20 37
20 36
10 32
22 82
26 60
26 50
1 14
8 32
12 20
8 93
17 95
6 64
21 78
29 40
22 24
24 86
29 13
9 75
13 26
9 65
4 30
19 25
22 96
7 45
29 28
18 17
15 12
23 20
10 10
2 39
3 94
28 58
2 34
6 49
24 28
26 19
15 2
3 83
2 94
22 40
23 65
22 96
7 49
18 4
27 9
3 74
20 7
20 4
25 96
18 27
2 68
25 46
6 49
23 2
4 26
1 95
5 88
1 71
28 89
4 17
14 17
3 49
22 33
23 56
15 98
18 40
27 6
27 43
23 84
3 51
10 22
8 30
22 26
15 55
13 44
22 96
2 25
13 55
2 79
13 6
10 62
23 58
17 21
20 67
8 63
2 56
19 2
11 77
12 21
25 93
17 64
16 49
22 48
6 51
16 27
5 58
16 34
5 81
2 54
4 13
12 78
2 43
17 52
7 39
21 95
19 35
0 33
3 18
6 3
3 52
14 64
4 83
30 52
4 78
12 2
29 42
30 62
0 87
16 79
8 81
2 92
28 99
4 30
28 24
4 36
6 5
19 58
4 21
26 65
14 8
0 11
10 16
23 64
3 80
14 99
29 47
15 93
28 64
14 65
5 33
14 4
19 7
19 12
21 30
2 62
27 95
23 79
28 5
12 46
4 61
6 40
11 37
2 24
7 34
4 39
12 23
9 21
14 1
27 49
10 100
14 67
1 21
26 23
16 50
18 43
23 31
23 37
26 51
17 82
21 52
30 98
8 41
18 46
20 30
11 65
4 35
