1638400
21 84
0 65
22 45
30 57
10 51
27 94
7 55
2 54
9 55
10 32
21 97
9 30
10 39
2 32
8 70
10 9
18 7
2 65
18 54
10 12
22 75
27 26
13 100
19 60
15 77
21 1
16 73
1 44
29 58
25 39
2 55
20 9
24 65
26 83
20 38
13 87
15 4
21 25
8 53
28 43
26 13
27 9
23 18
2 99
16 58
22 10
12 46
7 62
15 65
14 16
24 48
13 46
24 48
10 22
26 99
1 72
5 49
23 18
19 14
28 11
18 99
15 47
17 93
0 12
9 73
26 29
30 70
16 33
20 62
30 68
14 33
7 12
16 4
29 37
9 52
12 1
10 34
21 11
4 49
30 4
0 20
6 22
23 34
4 77
22 7
21 41
10 86
23 70
20 80
1 83
19 10
27 50
6 67
9 53
17 43
15 20
9 54
24 7
13 79
18 27
4 91
18 31
26 3
7 71
25 57
28 55
6 30
14 23
0 84
30 71
29 85
10 72
8 52
25 83
17 63
30 68
29 24
28 14
21 91
29 89
27 41
17 72
24 90
2 39
17 80
20 66
19 62
22 89
29 32
11 9
6 68
12 15
18 58
29 23
5 59
12 89
11 78
13 42
6 18
14 92
25 2
24 68
16 65
8 7
17 83
7 49
4 84
22 46
4 26
0 59
27 94
7 43
20 71
3 38
24 39
22 54
20 81
7 86
18 21
19 84
18 23
14 31
3 84
21 67
15 47
13 70
21 4
1 22
30 5
28 77
18 78
18 51
3 86
18 4
19 18
2 12
25 16
20 39
13 7
11 46
19 66
18 34
22 43
29 44
12 35
10 37
3 53
27 43
29 67
3 20
12 81
25 33
5 91
18 44
22 95
2 31
12 3
15 94
22 12
2 51
11 27
15 35
11 48
21 62
17 6
4 5
22 21
22 10
7 29
9 68
28 23
9 93
5 75
0 51
5 65
7 60
12 20
9 17
17 52
26 31
3 1
1 41
8 82
21 72
12 92
23 4
19 67
11 58
28 58
24 69
10 80
26 78
19 67
14 70
27 24
26 67
0 1
15 4
21 46
9 69
26 65
7 55
11 68
20 58
9 95
4 32
20 46
16 13
3 2
25 99
14 11
23 70
6 74
13 33
7 6
27 36
29 80
3 82
20 36
29 99
30 39
10 73
7 69
8 8
4 69
0 51
8 76
2 12
16 98
25 42
21 49
15 79
18 52
25 15
30 51
5 29
2 46
11 4
20 32
28 19
28 73
17 88
16 97
9 69
9 74
4 57
15 89
5 28
14 52
10 72
24 86
13 73
26 93
1 49
16 42
7 12
5 53
13 54
7 99
19 13
6 69
13 65
13 79
30 49
7 56
9 62
28 27
21 64
13 75
13 53
13 23
24 9
14 59
20 54
19 47
10 50
27 99
14 99
29 25
2 31
0 15
23 43
8 93
13 94
3 86
7 50
2 53
21 8
4 15
9 14
28 83
4 30
7 13
27 46
6 78
17 40
1 72
14 23
29 7
0 23
23 73
22 71
17 39
4 67
6 55
1 40
7 17
24 55
17 45
5 33
26 73
14 92
5 100
14 66
26 36
14 51
2 8
11 42
4 1
11 90
14 80
3 3
24 96
1 1
8 79
10 88
2 11
8 100
7 70
18 39
7 32
26 91
17 17
17 85
18 94
15 80
7 45
23 79
3 59
9 82
7 53
27 93
7 77
5 56
3 7
9 48
27 89
24 75
25 24
13 70
23 31
0 35
10 65
14 80
20 49
7 89
8 25
23 28
25 50
29 79
