1638400
30 84
22 26
15 96
2 72
3 96
26 14
11 62
20 50
7 94
15 84
13 56
18 13
26 57
30 38
21 81
15 14
15 19
28 7
21 61
15 72
29 83
4 17
28 53
0 33
6 54
16 15
8 95
28 63
3 67
19 79
0 79
25 92
14 95
1 55
29 38
25 9
3 68
21 59
16 26
1 97
30 12
9 38
1 44
28 68
24 83
21 8
27 4
24 44
24 40
13 36
24 84
20 20
24 39
12 18
29 80
20 40
6 48
0 48
2 100
21 3
12 96
26 79
6 80
30 12
26 99
16 68
15 81
26 99
28 3
3 87
27 52
23 48
10 48
18 32
27 95
9 15
9 49
2 16
28 13
29 67
13 40
17 22
29 38
27 64
26 23
18 41
29 28
6 32
10 85
26 58
13 91
12 76
1 73
28 64
15 84
8 73
20 28
24 51
0 23
29 40
6 49
6 88
14 28
20 49
9 2
26 63
30 1
21 99
11 90
9 45
5 67
10 6
6 37
28 8
23 75
10 50
8 72
3 51
24 64
16 47
30 14
5 26
4 83
13 19
23 42
27 68
29 91
18 87
0 61
12 37
18 90
13 7
0 39
17 80
23 93
24 94
0 17
20 82
2 66
19 31
0 10
22 58
18 16
24 60
20 68
28 97
11 26
19 66
4 18
16 79
5 51
8 40
1 35
22 44
23 39
2 74
30 20
21 7
17 36
18 86
1 9
15 23
0 8
7 47
16 73
0 37
1 53
12 35
16 74
13 56
12 12
14 5
28 92
29 67
6 27
28 20
10 52
25 44
15 97
18 76
16 54
19 44
26 55
29 50
10 88
12 91
20 46
20 34
1 19
4 91
15 9
7 14
3 68
12 26
22 22
17 23
14 94
26 25
20 31
14 44
19 28
23 76
5 96
0 8
6 29
5 29
13 7
29 79
4 44
22 3
2 17
10 38
14 41
16 55
9 11
6 36
18 21
16 94
20 89
25 55
7 96
18 48
11 34
26 97
16 49
26 97
1 79
14 87
2 81
6 6
27 19
7 49
29 79
30 59
14 24
20 35
15 12
4 53
29 58
13 26
1 70
25 47
15 94
10 31
26 77
20 48
24 56
16 81
7 68
23 100
16 77
8 98
1 7
1 87
19 73
25 78
15 38
27 86
1 21
11 27
23 53
16 53
22 83
12 26
11 6
10 34
23 48
10 26
5 25
21 57
30 29
23 52
11 25
17 88
18 53
25 61
15 94
11 4
20 79
9 70
21 94
23 80
26 54
11 61
25 35
20 10
10 66
15 68
12 62
26 13
28 41
19 22
29 77
14 5
24 26
6 96
26 46
24 38
13 72
6 34
28 34
22 58
12 55
19 44
11 12
8 99
13 30
14 67
27 2
14 78
7 2
5 90
9 47
13 18
14 97
4 73
13 65
29 1
10 62
8 25
2 75
23 74
14 3
11 13
20 82
13 39
8 28
26 94
8 57
19 69
11 93
17 48
1 100
1 58
24 68
22 94
21 63
6 41
13 15
25 33
1 62
1 13
30 68
24 92
26 39
3 74
12 76
11 43
20 8
25 75
7 95
4 54
16 71
24 35
7 19
26 36
29 56
18 23
13 1
4 88
30 70
1 35
17 87
25 31
25 87
7 19
12 28
15 93
12 39
22 6
2 19
10 65
15 68
19 25
9 84
23 52
13 95
22 43
11 26
3 4
21 59
7 39
22 78
0 35
20 51
0 53
4 30
19 70
8 89
27 76
26 31
12 99
27 89
18 65
22 61
9 75
27 67
3 91
8 23
3 35
