1638400
18 7
1 16
1 87
19 99
20 43
21 37
12 41
3 81
23 43
4 79
20 29
28 91
23 17
28 32
1 69
4 85
26 93
26 70
27 51
4 99
3 76
7 78
5 90
28 80
27 3
17 94
5 68
6 33
12 53
11 60
3 100
5 54
21 72
4 95
30 60
5 83
24 95
23 82
28 98
20 71
5 19
29 58
28 31
18 76
26 8
5 17
4 56
22 31
11 66
5 100
27 39
25 98
25 70
3 31
21 77
25 8
3 61
10 3
10 90
1 72
28 25
16 23
18 72
2 69
27 51
17 62
29 8
17 100
17 69
23 97
18 11
29 79
0 44
28 29
1 94
29 79
3 64
20 10
20 95
16 95
19 68
19 38
15 76
6 6
24 96
2 73
9 4
30 75
18 37
18 79
12 36
2 73
17 30
22 17
17 46
18 16
24 26
30 90
0 43
25 3
21 27
3 58
1 65
30 10
4 91
3 77
13 23
18 39
20 74
9 24
17 83
19 46
24 61
13 44
10 97
11 38
20 23
9 74
18 45
1 15
24 93
16 53
18 76
18 70
26 70
18 51
9 79
4 82
17 59
27 49
24 82
20 57
2 1
30 89
13 91
30 35
20 50
17 78
1 79
20 69
24 97
13 79
20 70
8 23
9 72
16 12
2 35
25 37
21 75
12 66
26 25
14 26
25 11
13 24
20 24
6 42
6 88
29 70
2 83
12 30
18 42
17 39
19 94
9 3
6 59
23 55
1 50
17 47
27 12
27 51
15 93
0 6
17 41
29 34
25 52
14 81
10 32
5 22
2 44
30 62
0 77
6 89
27 87
29 71
21 79
19 26
22 21
29 70
10 89
27 70
13 91
20 92
15 4
0 4
14 14
5 52
5 55
7 7
27 62
21 8
21 13
6 20
27 92
13 97
23 18
21 99
21 7
24 99
2 86
9 54
25 87
22 39
7 62
1 16
22 70
8 41
15 55
7 38
21 84
28 66
5 54
18 60
24 55
13 99
30 1
21 35
15 37
16 83
5 42
25 92
17 74
29 43
19 18
18 51
14 18
20 2
29 50
3 98
30 84
29 37
17 70
22 67
15 86
22 63
16 63
9 99
9 80
30 66
17 100
12 53
16 96
27 31
26 29
12 94
0 21
3 2
17 99
10 65
4 26
17 21
23 12
6 33
11 42
20 6
0 55
30 11
11 91
15 91
5 97
16 84
24 61
13 33
23 85
24 79
7 1
26 6
17 3
26 73
7 96
12 48
2 54
13 76
9 22
19 1
18 59
9 61
15 58
3 81
3 31
28 26
15 8
11 88
8 52
2 36
27 71
16 38
26 56
0 67
9 91
15 100
24 68
13 86
18 76
13 35
3 82
10 67
26 93
5 31
8 42
22 4
18 42
15 17
3 59
17 31
26 63
18 4
10 91
29 80
9 74
13 8
8 52
20 25
24 53
0 85
23 50
15 19
5 70
13 12
4 80
0 13
2 80
2 86
6 59
25 53
2 70
1 40
16 56
24 16
24 68
2 42
25 7
11 32
20 36
25 17
6 99
9 99
23 66
24 90
7 78
16 15
3 52
27 48
5 65
12 67
21 65
29 2
8 84
28 59
11 71
26 40
19 11
24 25
24 22
2 25
1 55
14 55
19 83
3 75
4 39
0 59
21 87
29 95
16 9
3 43
22 43
22 59
5 56
10 10
7 17
2 35
10 79
14 6
6 92
22 53
27 47
24 16
28 9
25 74
30 71
28 22
7 87
2 15
30 65
9 33
25 27
27 5
9 53
18 76
9 68
12 29
