1638400
1 89
19 26
2 9
21 61
13 35
11 73
11 27
30 24
16 35
6 17
0 6
7 92
22 19
7 57
1 96
24 64
22 66
8 23
22 82
17 89
4 81
5 23
20 23
21 83
19 30
1 4
5 35
8 100
20 29
7 58
7 92
3 85
19 9
5 75
28 86
6 70
24 46
14 51
19 38
3 76
17 52
22 57
21 11
4 50
8 100
8 10
20 22
5 21
0 69
17 59
2 34
29 69
24 39
28 4
0 53
28 29
1 75
14 15
11 27
4 92
25 70
27 55
1 69
30 3
19 31
28 31
4 45
10 67
27 35
8 93
28 89
4 27
2 87
8 77
5 3
9 49
29 74
13 95
5 76
15 31
29 83
20 17
9 37
9 17
27 39
25 49
22 93
14 93
17 35
3 91
24 16
10 7
26 51
25 96
11 92
12 7
29 92
1 58
7 98
29 70
25 50
25 99
27 98
21 49
6 80
4 26
22 5
16 12
23 1
12 73
14 35
24 18
13 78
15 50
26 56
27 10
3 16
22 78
23 35
1 60
19 40
5 44
27 29
19 62
4 53
6 48
15 23
30 49
0 22
20 71
13 39
12 1
5 73
8 79
3 23
6 38
19 65
8 70
2 77
6 61
7 33
14 65
3 95
8 78
25 22
21 7
13 53
9 89
4 20
27 45
6 17
27 67
23 20
5 77
0 58
28 47
23 69
24 11
10 96
28 60
8 2
9 94
7 73
12 46
19 100
26 22
12 41
4 43
6 31
5 53
9 9
17 82
18 37
13 91
24 89
25 2
2 46
23 54
1 55
11 35
15 77
4 40
20 12
25 74
21 63
4 62
7 14
6 81
15 41
7 84
19 1
29 9
27 3
24 12
23 73
17 69
25 62
14 28
14 87
26 69
3 40
6 18
12 21
26 52
29 77
11 63
1 3
18 25
27 49
19 43
10 76
19 30
22 43
1 23
11 84
11 90
8 87
30 33
9 9
4 67
17 46
19 45
20 80
26 89
26 24
17 98
28 91
9 74
10 14
19 42
23 91
25 65
27 37
3 18
28 59
4 30
20 30
6 71
21 25
5 38
15 31
10 54
8 60
8 7
15 59
28 84
5 5
29 84
16 37
3 13
13 39
27 66
19 33
14 91
12 43
24 96
21 57
26 13
26 13
29 15
17 52
11 79
25 81
26 88
11 31
11 65
13 78
7 2
7 44
3 92
25 66
6 80
18 9
24 55
20 91
5 96
30 38
29 58
18 86
11 25
24 68
3 14
8 89
7 92
5 81
22 62
18 79
4 64
28 12
19 31
5 1
29 11
13 49
20 97
10 27
25 71
24 39
12 59
27 42
24 88
9 70
14 60
19 35
5 48
13 63
16 28
4 71
4 63
28 35
5 21
19 1
11 12
27 17
14 15
13 55
0 38
16 47
11 64
26 25
0 91
15 92
14 50
2 20
24 99
25 49
13 87
29 14
23 82
22 96
7 8
18 40
19 83
22 12
28 37
18 87
22 93
4 64
2 9
20 88
12 16
24 25
5 99
16 87
12 84
27 76
16 76
28 34
20 81
10 36
0 64
21 69
25 56
14 24
16 69
10 65
18 7
19 33
0 29
14 19
6 48
14 39
24 91
20 40
9 59
9 56
21 82
21 45
11 91
6 45
3 85
15 25
29 92
21 42
7 82
14 97
15 10
12 94
28 96
14 8
23 48
12 16
10 55
25 51
19 70
19 70
15 52
27 59
24 65
25 4
4 61
28 61
3 94
9 36
23 63
0 24
0 78
28 89
18 92
28 49
14 25
