1638400
0 60
5 43
17 92
23 19
6 11
7 13
29 75
8 28
15 86
17 60
9 73
15 63
20 42
16 77
16 82
14 93
15 72
1 62
20 98
11 25
3 7
2 33
7 52
4 34
28 61
6 48
10 56
3 70
7 76
7 40
17 5
19 58
30 9
6 62
23 40
13 7
18 13
26 57
3 74
22 53
1 92
12 70
14 92
0 34
26 32
16 24
0 6
23 6
18 97
0 9
10 99
0 1
0 13
19 50
19 90
14 87
21 65
6 35
12 54
23 55
9 43
16 84
15 42
5 73
28 6
15 95
6 69
13 1
24 93
23 73
16 23
24 38
13 97
11 37
20 64
0 1
9 68
2 86
2 15
9 68
27 88
28 16
22 100
27 42
26 41
28 33
6 54
9 17
15 44
1 31
6 5
20 63
24 77
10 53
4 50
3 36
26 65
7 69
11 92
26 40
19 36
30 87
19 96
16 46
23 52
30 6
3 39
19 42
7 71
16 76
2 50
16 39
18 41
0 68
8 14
26 30
15 74
29 43
2 75
1 50
26 91
2 16
14 74
2 42
28 45
27 2
21 80
9 11
9 40
25 62
21 80
2 6
26 80
19 62
12 47
19 22
0 19
22 44
14 56
21 7
6 26
29 67
22 53
30 59
8 97
11 84
12 24
12 4
27 71
27 55
20 39
19 2
1 44
16 29
27 41
4 29
6 3
12 85
22 72
27 50
12 29
10 76
15 55
19 29
8 86
14 91
12 22
27 70
9 74
17 87
4 3
13 18
24 89
17 18
9 65
29 56
7 86
29 65
21 66
1 85
12 30
17 81
24 49
2 24
30 6
20 25
15 41
23 41
4 95
19 85
9 88
6 72
16 63
9 34
21 8
6 20
11 44
21 51
15 32
23 25
17 6
17 67
5 36
16 50
7 64
18 2
4 72
8 46
1 16
19 25
20 60
18 12
19 29
15 25
3 46
25 93
16 2
24 69
6 35
19 87
1 75
29 71
30 23
2 86
10 4
26 16
28 66
11 32
26 73
15 87
24 13
21 79
25 19
12 27
4 100
27 49
3 94
29 45
21 5
5 27
30 25
15 40
17 61
18 91
4 34
11 57
18 26
11 42
0 1
23 73
26 80
29 36
16 80
29 22
8 45
5 27
22 61
20 36
23 9
1 61
5 19
7 100
12 19
15 23
2 56
28 7
27 68
27 58
8 11
10 57
23 54
4 69
28 34
30 42
25 81
9 50
11 1
9 12
14 23
2 50
22 55
12 68
9 7
25 83
14 72
26 100
30 57
8 92
9 32
9 87
13 70
2 58
7 20
24 13
1 3
16 7
16 20
23 96
5 94
24 98
14 64
24 53
23 47
27 87
4 50
19 3
16 34
19 74
17 12
13 42
1 63
14 37
21 19
19 82
18 80
22 24
6 73
10 21
20 66
18 15
26 1
18 90
6 5
12 32
5 22
6 99
20 27
19 6
18 47
24 16
6 27
27 95
17 54
12 95
0 87
15 58
18 94
6 49
18 66
14 77
6 11
7 81
9 24
25 86
10 68
18 22
18 71
7 24
17 100
13 9
6 79
1 9
5 93
7 30
23 85
26 75
16 30
24 24
14 60
18 28
4 49
22 16
24 73
11 75
19 88
3 17
16 76
4 2
6 93
20 84
5 43
2 38
20 15
26 58
19 49
18 59
2 75
18 35
12 79
7 74
19 71
4 13
1 24
7 30
9 39
14 18
17 18
20 47
30 98
11 14
30 62
8 63
9 17
22 27
22 59
25 65
1 75
13 45
25 64
11 17
