1638400
9 20
0 14
5 51
0 65
12 13
21 76
23 1
5 39
14 99
11 75
15 50
16 12
20 69
3 13
5 63
6 4
20 49
3 41
13 41
20 30
2 28
13 31
22 40
29 26
17 10
19 53
26 47
0 53
4 8
21 61
25 73
0 3
28 23
19 80
4 72
2 51
13 75
11 29
14 86
10 33
27 97
22 99
24 47
27 92
8 42
28 78
14 25
3 13
25 62
8 2
4 99
23 44
24 68
24 70
24 73
19 41
10 36
7 42
6 47
5 3
27 41
14 68
0 94
28 52
26 13
0 63
6 61
14 21
13 50
11 32
30 82
12 16
7 93
8 81
16 66
6 84
26 62
6 80
2 38
18 19
0 63
13 24
11 52
22 48
14 84
18 100
26 38
9 91
13 78
11 78
9 19
14 34
18 99
22 85
11 92
3 4
11 43
8 90
10 29
9 22
28 91
18 82
14 51
19 45
2 51
26 37
23 49
12 57
6 12
24 44
3 31
0 95
23 26
29 67
1 54
2 34
23 18
16 24
25 93
2 10
6 19
11 91
18 87
21 9
4 76
26 60
28 77
25 28
2 34
15 81
29 73
18 39
12 72
16 85
26 65
7 91
6 99
10 97
14 45
11 67
1 59
14 6
19 60
5 52
20 86
14 24
19 33
14 97
0 94
21 96
22 56
19 63
4 28
20 21
2 47
1 86
23 26
15 96
17 36
17 35
14 39
5 15
21 39
2 19
12 33
28 54
29 96
0 73
11 58
0 57
17 99
3 38
30 90
11 66
5 13
22 34
10 38
0 9
21 60
10 41
0 79
0 10
25 79
13 55
9 60
28 79
28 89
19 94
0 95
8 60
0 41
22 70
19 35
2 91
2 49
0 73
3 51
20 29
26 8
14 13
18 32
4 22
9 90
15 67
26 23
4 30
19 25
4 57
18 35
18 99
9 40
7 71
28 58
6 96
1 5
15 22
0 83
19 51
26 67
6 12
16 66
12 86
29 19
24 86
30 56
25 23
23 57
29 86
4 8
21 51
19 7
28 76
27 96
0 18
30 75
4 99
23 30
15 7
17 95
14 88
15 63
29 6
11 52
12 28
1 69
11 60
0 98
23 69
10 29
19 73
11 1
29 100
6 71
19 39
4 91
5 10
3 49
16 14
13 24
12 28
5 28
22 57
22 99
16 71
20 48
2 14
13 13
6 44
29 95
11 17
26 26
5 74
8 98
6 100
27 28
10 84
7 30
9 76
0 78
13 57
17 91
6 26
15 53
11 82
30 75
24 3
28 77
30 31
15 41
20 25
3 85
5 25
16 70
4 39
18 99
29 7
18 93
5 70
28 94
5 9
7 38
5 94
0 25
15 48
6 49
10 8
29 63
16 60
12 40
4 48
16 9
30 69
29 24
18 21
0 29
2 2
24 14
9 89
29 18
13 95
25 68
8 93
20 56
3 48
22 45
25 25
14 27
11 73
0 83
11 96
15 1
2 99
5 59
6 39
1 38
28 32
23 87
18 55
11 39
27 15
9 49
1 77
24 55
18 56
7 72
10 51
14 24
9 20
29 16
2 10
16 28
3 12
0 75
21 64
5 79
23 31
7 31
3 47
9 92
13 66
10 97
26 52
17 91
14 38
29 50
30 51
15 99
10 29
11 19
5 30
9 30
15 43
12 21
6 32
6 83
5 1
18 31
14 21
20 88
15 67
3 83
2 61
12 11
21 15
27 52
21 96
26 18
30 48
26 39
12 67
21 9
14 54
8 98
26 24
2 38
14 73
16 30
10 99
21 31
1 91
