1638400
10 86
15 85
27 60
26 59
7 10
25 61
0 38
2 83
13 79
2 3
12 65
26 54
24 22
14 42
25 16
7 61
9 29
30 96
18 84
5 8
5 1
2 30
25 6
26 9
28 75
14 53
19 68
30 54
22 20
18 79
19 62
13 35
25 78
2 36
7 94
30 4
30 64
4 83
21 75
22 51
26 58
15 92
11 9
7 13
8 4
24 5
2 2
14 34
14 12
28 25
16 70
22 78
4 86
14 67
0 91
10 70
28 84
1 36
7 19
28 80
17 6
2 39
11 22
15 57
27 55
10 66
18 100
14 23
16 4
0 12
20 76
25 31
8 89
27 3
0 98
19 19
10 36
14 26
5 50
8 79
21 14
10 56
11 22
21 22
12 51
14 87
28 35
23 15
6 35
27 36
0 62
10 50
1 28
30 66
21 5
28 17
28 62
25 54
6 32
19 74
2 95
15 23
1 91
8 87
1 42
17 66
20 69
29 67
11 87
12 83
8 49
27 33
12 55
28 68
17 56
27 6
15 61
20 88
15 77
27 26
24 61
2 99
10 16
21 71
17 58
23 97
21 71
15 3
19 66
22 63
25 69
28 77
5 10
4 24
26 81
24 37
23 12
26 81
17 95
25 19
30 64
2 84
21 2
26 91
0 28
17 94
7 26
19 49
0 96
30 79
26 63
6 8
30 13
17 48
30 19
23 75
11 59
24 59
14 65
21 56
6 50
13 1
25 72
3 86
29 99
3 45
12 14
14 56
10 61
25 62
20 53
25 73
30 85
16 71
15 53
3 27
15 45
17 67
17 41
4 22
27 69
23 67
7 37
14 30
29 97
17 22
3 74
28 55
28 65
16 22
4 3
7 84
0 27
7 54
24 49
19 30
16 21
6 16
13 13
1 5
22 79
21 29
26 2
4 30
24 76
17 45
12 42
17 47
24 70
4 49
10 69
8 75
28 74
11 28
15 97
10 49
17 81
27 53
20 18
10 54
28 15
14 81
22 50
12 53
2 78
18 47
29 42
7 49
30 16
23 51
5 100
25 53
21 27
1 56
29 6
15 10
10 7
21 28
19 2
15 24
28 52
9 11
5 8
13 56
12 93
15 94
20 40
5 86
11 93
14 69
18 43
21 62
29 71
8 1
15 21
9 3
13 3
11 90
2 41
16 38
1 32
19 52
24 64
6 75
18 70
8 41
9 59
27 29
28 13
20 20
23 84
12 89
25 22
23 7
23 14
15 40
5 43
30 54
6 12
2 5
9 25
13 24
24 52
19 96
14 20
5 52
21 55
18 8
1 88
3 39
10 64
14 8
5 54
20 84
21 48
25 53
8 80
2 99
25 76
16 79
13 63
2 48
9 29
26 73
28 23
7 75
18 73
9 19
20 2
5 75
21 90
8 14
16 68
26 83
10 83
27 61
29 63
22 98
14 93
6 28
13 92
19 40
29 22
6 13
14 35
7 14
24 12
24 67
6 75
26 22
16 64
9 85
25 58
30 33
29 55
2 6
23 24
6 7
10 47
27 27
5 45
2 73
23 25
0 88
14 23
29 49
17 22
30 70
13 71
4 40
16 15
15 44
16 16
18 8
11 77
9 95
3 100
7 8
0 68
10 41
12 60
28 87
4 69
4 44
30 99
30 80
13 61
21 61
30 30
2 48
8 27
8 26
4 18
27 76
15 98
19 7
0 98
21 97
9 42
8 82
27 46
28 43
17 2
19 35
23 9
23 3
27 21
27 19
26 78
8 65
7 59
2 84
13 28
1 47
6 98
7 78
11 6
27 50
15 54
9 62
