1638400
8 38
20 65
25 94
1 38
8 67
21 81
4 15
8 70
18 9
0 19
10 29
8 84
30 22
16 6
30 19
7 83
17 8
18 75
17 72
29 51
10 44
25 80
12 16
26 69
13 35
25 44
19 22
12 39
24 61
11 44
21 55
14 21
12 91
2 17
29 8
21 32
11 96
12 16
13 75
12 72
19 55
27 13
0 85
28 84
6 22
29 63
19 34
29 46
28 19
20 100
13 5
25 15
23 11
1 4
8 76
29 32
22 17
7 72
0 62
9 90
11 89
3 8
24 95
10 67
5 26
5 44
29 99
12 100
6 3
27 73
13 84
17 96
11 15
21 51
16 34
27 39
24 19
2 91
11 35
30 46
22 32
30 28
0 85
26 74
28 28
6 1
22 60
25 8
2 31
18 60
29 23
23 46
1 84
6 10
26 74
13 94
7 38
13 53
28 72
2 41
10 2
22 38
19 14
26 45
30 55
23 96
26 83
1 69
2 32
18 34
1 75
28 56
13 81
6 3
8 90
28 51
5 89
16 41
6 15
2 16
6 37
4 40
28 90
22 22
28 37
7 17
15 47
23 95
12 57
6 27
15 66
4 22
22 14
6 37
10 25
20 76
10 96
17 49
27 6
9 97
27 10
18 96
8 91
12 56
20 100
15 43
30 42
7 19
8 2
18 8
25 51
29 28
20 55
22 97
19 60
10 99
16 54
16 88
16 6
1 98
20 64
26 39
23 53
0 90
21 49
4 74
4 61
24 81
26 62
12 13
28 95
17 51
22 22
4 71
19 43
24 88
12 78
9 68
5 65
4 97
13 49
28 51
6 32
24 16
30 91
23 13
19 50
22 53
17 45
3 53
6 37
6 64
10 93
0 95
20 13
18 98
27 46
9 13
23 98
1 66
18 4
9 31
21 61
27 35
6 56
10 27
1 93
26 13
19 49
18 12
25 90
2 38
13 68
9 51
12 76
14 84
24 61
11 10
13 12
2 33
5 73
26 90
1 5
11 42
25 82
25 15
7 1
30 42
12 35
5 93
14 48
25 81
12 51
9 32
11 52
29 61
30 80
3 31
18 68
20 26
7 1
29 23
22 2
4 91
16 51
0 78
1 100
14 81
5 82
1 7
18 59
7 36
10 13
13 48
7 42
11 82
12 78
22 39
11 12
15 85
0 19
30 31
12 25
27 82
12 75
28 3
0 46
24 89
26 10
24 37
14 62
15 95
17 88
18 43
20 3
30 47
1 20
30 27
30 99
4 76
27 83
18 84
6 98
7 31
16 33
17 55
5 6
0 89
0 73
14 29
26 79
8 55
11 73
23 65
18 36
14 4
17 63
5 95
5 99
14 57
26 94
27 45
25 21
30 42
30 68
0 52
11 24
20 67
23 55
20 49
18 68
3 84
6 61
28 30
5 98
8 28
14 29
22 27
3 14
12 55
27 77
28 69
15 52
7 92
2 89
1 4
29 38
9 99
25 71
22 33
9 40
16 61
12 39
11 74
14 95
22 6
22 71
29 81
20 95
27 62
29 98
7 71
24 95
8 37
25 83
1 84
19 72
3 94
16 66
27 24
28 37
13 88
6 76
29 51
14 82
2 26
24 21
28 15
2 84
14 14
14 10
10 12
8 90
25 19
22 64
18 61
10 78
21 53
2 2
15 40
14 56
22 43
2 89
29 19
20 82
25 82
27 51
8 43
13 32
19 97
6 61
11 66
27 98
24 61
0 88
27 93
1 75
19 5
13 87
12 50
10 67
4 27
10 14
0 50
2 43
11 29
2 54
9 10
21 82
3 12
