1638400
20 1
24 87
5 86
25 39
30 52
0 92
10 59
9 87
7 69
20 91
28 93
4 39
1 52
3 95
5 46
25 35
9 3
7 3
1 16
7 3
27 55
22 78
30 96
14 18
25 51
13 94
21 90
19 99
25 27
20 51
11 72
14 78
6 9
11 85
13 57
13 100
3 5
23 46
11 58
0 86
21 84
5 45
16 18
25 42
12 57
3 55
25 88
22 97
10 46
26 54
8 1
22 39
6 52
20 44
24 7
15 76
11 56
15 15
11 69
18 34
15 46
3 93
2 20
0 11
22 52
22 96
29 88
23 49
0 18
21 43
22 67
5 79
20 63
26 52
25 38
28 36
1 83
18 21
22 60
1 58
13 5
3 39
12 13
13 16
6 79
10 88
18 97
29 51
17 86
20 66
10 53
18 43
10 39
2 14
3 92
12 64
12 69
29 73
14 81
13 50
8 100
19 14
24 71
23 39
12 9
5 5
15 32
13 86
21 37
25 23
26 92
10 67
19 19
11 31
13 80
3 63
21 63
3 97
0 97
4 73
27 22
16 60
25 88
6 38
7 92
27 65
13 64
30 33
28 17
22 99
18 29
11 92
27 49
25 24
8 30
15 47
30 3
22 46
4 59
8 79
11 70
23 43
10 17
30 99
30 7
23 22
27 27
27 27
14 76
4 79
7 2
7 23
29 37
3 57
4 60
10 29
24 36
17 46
0 16
8 79
12 41
7 34
7 75
15 14
9 60
24 44
8 26
0 60
19 93
28 69
29 69
16 81
7 22
2 82
8 45
12 32
18 92
23 28
13 45
9 19
20 85
8 8
30 77
7 6
11 52
24 74
27 62
14 87
18 73
18 84
30 93
11 92
8 15
23 5
15 93
1 8
30 73
6 31
29 69
5 22
29 19
6 77
28 87
9 69
14 37
18 98
30 23
30 13
19 12
0 26
2 99
21 77
24 30
28 28
30 12
22 1
3 1
2 86
14 14
21 61
10 22
22 24
2 50
18 48
3 82
19 100
15 8
29 28
24 72
0 27
8 85
28 76
28 55
7 10
27 8
10 91
30 25
30 72
30 83
17 35
24 10
16 58
3 26
26 31
16 46
19 20
23 40
23 46
8 48
25 97
17 30
19 78
30 71
6 39
6 3
11 60
22 18
4 34
15 36
11 17
1 34
1 28
22 41
11 21
3 95
22 77
16 25
2 16
10 3
20 40
7 63
18 5
26 77
7 7
11 13
1 78
27 26
23 40
19 53
2 54
10 24
16 63
24 98
8 66
6 59
28 18
22 27
24 50
1 23
11 50
16 77
8 64
23 67
0 11
25 48
10 95
2 100
14 7
16 6
10 14
8 96
25 58
9 58
4 75
30 32
22 30
19 11
0 16
10 28
24 80
29 88
3 46
10 64
4 53
2 18
3 82
11 73
25 55
3 5
27 18
23 36
27 11
30 17
25 50
24 5
17 65
29 24
7 91
0 58
7 82
14 4
7 57
30 90
16 74
6 97
30 44
4 25
26 95
15 25
18 79
4 46
3 96
15 50
18 45
16 4
6 80
17 90
3 81
11 100
21 63
13 39
0 57
13 88
21 56
28 50
15 87
23 71
22 88
13 34
12 93
27 65
15 10
2 48
9 50
21 56
24 88
7 70
24 25
0 66
24 76
17 30
2 30
21 7
18 67
5 12
0 54
8 93
5 63
21 62
18 86
14 65
20 83
9 60
10 20
14 23
4 71
21 62
16 19
9 42
14 67
23 36
8 49
5 19
14 17
23 4
19 94
15 55
3 83
30 86
1 32
