1638400
12 84
16 24
0 38
27 82
30 20
27 9
25 65
29 45
18 29
27 15
20 5
12 16
22 65
30 18
28 51
2 59
2 26
0 53
23 58
3 77
23 46
23 30
11 63
9 52
16 76
30 71
15 67
21 60
8 50
17 12
20 28
1 20
11 43
19 64
27 94
29 100
16 32
14 75
13 86
27 72
4 74
25 68
14 59
28 85
11 61
14 96
26 87
13 40
7 22
10 78
15 46
19 76
8 29
4 75
29 24
30 37
6 27
16 87
21 47
17 4
0 11
5 91
15 80
19 8
13 87
4 32
26 7
0 4
23 67
23 35
12 74
29 99
0 41
27 8
15 39
11 90
3 91
3 3
24 12
17 88
14 58
1 94
0 64
11 79
19 9
7 9
27 49
25 88
10 19
9 66
25 74
4 6
21 23
4 1
27 9
20 68
16 49
16 3
30 39
11 20
19 85
10 21
23 47
14 61
29 75
12 23
13 28
26 100
19 32
16 95
13 21
21 64
29 72
9 61
14 9
1 28
9 74
0 89
1 79
0 65
5 56
8 83
23 81
12 70
0 63
5 79
8 46
16 27
27 82
20 18
14 22
14 47
14 64
17 57
17 64
30 62
17 69
21 57
16 86
21 32
16 40
1 40
2 22
25 20
5 71
27 42
17 58
22 13
9 65
24 46
23 52
25 23
10 16
26 67
23 48
24 9
23 94
14 97
7 96
9 51
1 64
22 61
28 71
7 26
15 29
11 70
25 61
21 61
2 43
15 6
1 99
17 12
10 26
8 18
1 28
20 4
3 56
16 73
28 49
12 68
22 9
18 54
17 34
18 100
29 92
6 32
27 62
22 60
21 5
25 45
25 75
0 17
20 4
2 58
19 37
19 52
10 39
24 39
11 39
27 8
28 3
0 66
27 22
11 88
20 100
2 39
10 15
12 73
2 44
10 100
14 45
0 40
17 32
1 12
23 88
17 93
21 54
9 11
6 88
21 91
23 69
8 17
6 64
18 29
5 88
19 99
6 20
29 61
26 56
15 72
26 23
0 34
23 71
25 29
21 45
11 25
29 71
28 17
11 75
30 80
0 11
18 39
10 4
28 58
14 10
0 24
3 39
16 84
9 89
20 33
23 31
25 42
13 40
22 58
25 97
30 87
19 62
2 84
0 78
28 47
6 61
17 10
18 1
5 81
6 52
5 18
5 14
4 75
21 42
25 48
5 91
3 94
30 56
4 9
27 73
18 22
5 21
2 6
22 60
13 41
3 98
13 34
5 28
14 32
3 93
2 50
15 70
8 49
12 45
16 98
10 42
22 31
9 30
26 96
7 61
16 40
0 36
22 15
20 33
30 46
9 63
0 18
2 45
30 8
29 54
16 62
4 45
8 95
20 4
24 59
29 98
12 39
1 93
11 69
26 42
4 82
12 27
21 7
14 76
5 8
7 90
6 49
26 19
25 34
23 74
22 66
11 35
5 39
30 97
25 16
18 13
22 5
20 97
10 56
27 85
29 29
27 75
6 26
25 21
20 13
14 80
20 17
18 52
6 18
11 82
22 51
14 7
19 52
9 5
29 77
26 91
7 90
16 95
11 15
21 37
12 65
3 14
5 98
10 62
13 75
2 61
15 60
29 10
17 89
25 33
21 83
13 91
7 37
28 8
6 14
30 77
27 57
28 96
24 88
25 69
20 80
13 65
8 40
10 36
12 74
8 87
1 78
18 29
22 75
14 35
7 13
29 81
24 16
30 83
18 80
6 97
10 96
25 79
3 67
12 52
4 91
16 39
8 29
21 24
23 54
