1638400
6 49
24 34
17 74
18 99
29 35
8 22
20 20
2 5
10 87
24 31
24 58
19 15
28 56
1 2
27 76
4 8
17 35
29 77
13 79
24 72
28 18
14 28
26 63
30 79
26 84
3 51
0 73
24 11
15 32
11 15
9 51
15 52
25 36
27 8
9 21
6 35
27 86
8 95
3 33
9 61
23 2
4 32
1 20
29 69
7 62
9 10
24 62
8 65
14 17
22 45
30 78
30 63
15 15
25 76
3 69
13 31
23 65
5 46
18 25
18 39
26 73
5 10
10 75
3 86
4 86
16 8
12 81
20 48
10 28
6 43
6 62
4 79
24 81
12 40
10 84
14 43
22 3
22 9
24 22
20 64
9 89
17 95
15 30
30 67
28 86
4 89
4 71
11 91
7 6
11 2
7 74
9 62
8 79
10 37
3 73
14 2
2 63
27 96
28 98
18 31
23 35
22 16
7 84
1 100
14 51
13 8
9 56
4 98
7 6
7 43
16 59
7 32
19 91
16 28
17 99
2 72
30 70
4 73
5 25
8 70
18 82
8 14
17 90
3 83
29 85
26 43
1 3
30 26
10 68
22 70
30 66
3 22
8 26
23 32
2 70
17 29
27 42
1 3
14 6
27 100
4 92
7 83
27 39
2 42
1 38
9 81
13 86
20 14
30 32
10 41
24 25
27 7
24 31
23 45
27 57
17 22
13 74
21 7
19 74
18 78
9 72
7 27
27 59
30 98
1 80
11 12
26 61
4 86
0 70
10 81
26 78
29 34
9 62
12 41
13 14
12 83
17 69
10 74
7 52
14 73
3 94
27 7
7 39
8 18
15 52
27 93
16 55
22 68
15 32
12 97
26 84
29 91
9 11
25 93
1 10
12 62
16 27
7 20
11 75
30 48
19 53
24 45
7 29
15 86
17 96
15 51
19 2
22 30
10 43
5 53
2 56
20 60
23 74
6 95
29 62
5 28
9 96
19 53
16 78
2 58
22 3
2 26
8 19
19 2
20 24
23 17
16 69
5 68
4 23
9 7
29 29
19 82
6 71
13 76
28 84
3 7
13 12
9 94
5 68
23 74
30 10
9 71
18 95
22 92
10 96
5 99
18 26
16 81
28 77
25 36
20 74
12 35
8 24
3 30
9 81
30 68
1 66
22 81
12 20
13 14
1 64
10 14
6 39
17 19
28 11
4 94
17 28
6 64
16 30
9 59
27 42
19 5
8 64
11 45
16 84
8 81
9 1
28 4
10 82
0 58
9 49
1 19
30 64
28 50
4 91
1 2
28 75
12 66
29 16
0 72
15 17
6 45
22 41
9 76
19 32
28 98
13 60
9 45
30 72
18 17
21 24
10 19
25 12
6 76
30 79
21 77
20 21
18 17
16 80
29 69
4 100
17 31
5 89
8 49
7 63
23 9
19 43
18 94
29 7
10 77
26 35
2 32
27 26
8 33
20 66
6 70
9 68
24 71
2 67
9 71
14 18
16 3
15 38
17 97
11 13
22 81
7 94
20 97
3 92
30 94
23 46
23 6
23 95
6 73
3 25
12 3
28 98
23 90
12 30
21 93
21 38
25 33
3 96
16 92
27 56
26 35
3 51
1 4
5 78
23 66
15 95
12 47
14 68
26 85
3 56
14 97
4 76
2 60
5 31
24 55
29 82
19 70
14 92
14 32
4 47
8 46
2 35
21 73
1 37
4 15
11 25
21 54
26 96
5 94
14 32
28 84
17 55
27 89
10 19
10 22
21 4
27 29
7 27
27 8
21 62
3 54
17 98
1 100
17 43
13 98
