1638400
8 9
5 48
2 35
8 33
13 51
0 81
13 21
3 17
30 22
17 23
0 100
25 23
29 49
24 77
20 90
1 5
29 95
9 48
20 43
6 42
24 64
19 34
4 5
27 34
21 8
19 95
26 21
2 5
12 80
9 82
24 15
27 37
5 51
13 65
27 49
18 31
12 60
26 78
13 99
2 93
2 7
4 77
21 97
2 71
11 38
7 65
27 3
18 88
2 82
10 53
22 47
23 45
29 21
4 41
11 21
24 60
12 49
1 48
10 20
21 57
24 100
29 95
2 55
8 94
12 77
28 50
17 46
16 33
1 85
28 1
17 12
25 31
21 98
13 74
24 55
24 68
19 44
8 84
12 52
2 85
20 17
23 50
5 30
0 28
22 18
29 41
6 73
30 11
19 92
7 57
10 38
27 83
18 19
10 15
19 32
20 13
0 89
5 83
23 11
9 82
13 100
17 43
25 91
10 38
3 19
0 58
7 52
28 1
24 64
19 93
0 74
0 82
14 89
1 90
29 57
3 95
16 50
6 28
29 16
6 42
8 43
26 37
6 6
20 45
10 2
22 97
13 53
21 23
14 75
11 100
3 64
1 92
7 50
6 72
29 36
21 1
2 62
20 94
14 9
1 86
13 48
25 43
30 62
13 48
16 25
22 75
0 63
10 40
20 16
0 30
28 58
30 28
8 33
25 72
23 76
9 28
25 92
10 13
19 96
23 85
16 3
6 84
1 24
19 92
21 88
17 57
29 11
21 39
2 57
2 100
23 16
12 61
24 39
19 45
15 15
28 37
29 26
22 95
21 1
17 79
27 45
2 8
18 98
2 7
25 68
12 51
0 35
17 71
16 74
28 61
19 40
1 49
13 3
12 68
8 86
13 61
29 27
21 75
20 28
19 44
20 83
13 98
17 37
5 6
26 82
30 74
12 82
12 25
7 82
28 37
15 93
9 81
20 42
8 74
3 9
9 25
24 97
21 8
24 29
26 12
8 56
16 97
28 53
1 14
7 43
21 67
11 94
22 98
29 65
9 66
24 40
0 7
5 29
14 38
5 23
18 71
19 95
6 69
25 77
10 25
19 75
3 19
23 44
13 82
15 84
14 13
0 24
28 75
2 65
18 5
6 74
12 16
17 30
25 23
11 76
26 53
27 26
3 60
17 93
14 59
10 24
17 24
9 70
7 17
19 96
25 48
19 32
23 53
15 27
18 46
26 100
21 95
26 64
15 4
6 30
30 41
17 14
8 38
19 30
9 78
14 14
27 85
13 76
30 44
28 16
0 23
27 74
3 6
9 62
26 82
13 84
12 71
10 36
29 1
20 36
21 90
21 32
21 7
21 33
18 55
0 2
1 100
13 53
0 41
18 80
23 30
19 24
2 27
12 93
8 69
12 56
5 95
15 36
30 42
12 57
8 37
4 94
0 98
13 76
20 58
14 26
2 82
6 16
18 20
11 6
3 37
19 38
22 59
12 83
2 56
29 68
0 7
23 8
8 39
7 44
3 13
13 36
18 4
22 25
5 2
28 94
2 45
26 38
24 30
27 26
11 43
11 86
24 78
8 96
11 60
10 66
24 40
19 76
18 4
7 33
4 37
16 92
0 50
3 62
17 29
24 52
15 62
7 72
1 88
24 90
16 9
11 68
3 23
4 23
30 14
13 12
19 54
5 14
11 80
16 68
0 2
0 56
28 100
4 60
26 34
16 83
18 49
11 84
24 75
8 25
5 22
11 33
9 36
1 9
15 1
5 72
0 4
14 73
19 42
1 87
27 72
4 33
21 23
25 22
27 86
