1638400
2 81
14 54
9 35
6 62
14 50
28 58
22 63
18 100
29 28
0 1
15 51
12 81
17 94
11 52
3 42
21 21
17 82
28 56
0 58
22 80
29 75
10 58
2 66
17 5
27 34
4 72
16 23
6 60
21 50
2 78
9 58
3 68
15 39
19 34
13 58
8 92
30 71
15 93
5 86
20 35
25 68
10 42
3 71
9 52
30 98
15 18
10 93
16 77
20 30
8 68
17 42
13 41
23 48
0 80
14 93
2 70
8 24
16 65
22 94
8 56
16 2
0 40
20 12
19 1
11 81
11 89
26 46
24 77
19 47
5 17
8 43
25 54
30 27
9 24
28 4
21 8
1 36
16 50
3 55
30 59
30 24
25 83
21 76
2 32
23 5
26 17
28 51
6 23
30 89
10 95
16 73
25 46
13 43
26 59
25 15
10 48
15 84
7 24
0 39
29 79
13 76
15 90
18 9
2 5
5 56
22 41
24 42
23 53
7 66
15 82
30 29
22 25
23 95
25 52
17 80
18 84
23 86
30 88
18 91
3 41
20 90
22 79
21 23
12 77
13 11
25 73
28 2
26 32
2 54
22 99
0 89
3 21
3 2
10 82
28 21
29 99
2 84
25 45
25 95
0 72
18 70
4 13
12 42
27 40
20 66
24 79
14 33
2 51
20 43
14 81
26 33
7 69
16 29
16 70
13 85
30 24
16 3
30 38
28 34
10 87
3 85
6 85
20 59
18 61
10 97
26 24
19 12
1 14
12 10
3 52
28 89
23 12
10 91
7 82
24 34
0 88
4 58
7 61
25 50
15 3
10 98
9 10
23 51
1 43
15 49
6 29
13 80
6 94
12 12
14 90
21 24
27 76
10 93
23 24
30 7
14 84
16 78
9 3
29 80
22 1
19 58
29 89
3 1
23 79
22 7
24 31
24 24
26 78
28 74
5 51
8 77
19 13
1 9
24 44
19 94
1 28
17 5
18 80
16 66
5 26
0 18
20 75
15 36
5 15
14 21
10 81
8 67
21 83
16 68
17 65
12 18
14 69
24 97
16 29
30 35
25 25
1 32
7 63
21 10
15 28
22 47
16 47
6 44
14 17
14 58
19 8
13 76
4 28
1 3
14 98
18 9
11 5
10 16
12 11
3 39
0 100
23 98
26 18
19 67
29 11
19 50
11 53
29 60
24 83
7 48
16 60
0 15
15 89
25 43
0 83
21 81
21 49
22 33
30 48
16 78
18 60
8 31
8 39
3 28
10 88
22 18
6 70
24 54
28 45
3 4
14 81
24 31
15 57
11 98
17 39
18 81
0 39
4 60
12 48
18 96
3 10
19 1
4 81
7 64
12 66
29 100
22 33
14 37
21 98
24 68
21 10
16 86
13 24
0 53
5 73
18 35
2 41
8 22
8 89
16 90
24 31
12 58
29 33
14 57
28 34
12 46
25 84
29 87
8 32
19 73
7 42
25 69
10 70
29 48
12 70
24 45
24 5
6 99
6 71
4 40
9 43
13 39
25 34
9 63
7 12
10 83
3 13
25 100
17 15
20 72
8 12
15 48
26 76
12 62
5 22
15 49
17 32
26 43
23 50
6 37
0 4
11 60
16 56
16 5
8 64
26 67
29 6
13 71
23 13
9 35
5 71
12 36
22 27
4 3
21 96
17 95
27 76
21 69
12 45
2 2
8 1
12 43
25 87
14 47
12 50
13 17
27 44
3 93
4 50
30 56
27 8
20 71
15 45
0 7
27 33
20 41
8 67
7 1
15 63
25 78
21 44
27 53
14 1
3 74
3 3
