1638400
29 25
14 42
30 74
22 97
2 66
19 32
15 11
2 81
21 46
25 84
14 29
27 23
29 86
24 90
15 41
17 76
27 1
13 90
9 25
11 90
22 77
16 38
19 67
2 29
25 66
8 100
9 25
30 66
25 82
28 26
3 77
7 99
5 44
11 42
5 3
0 73
29 80
0 82
18 23
21 41
5 44
25 48
9 47
22 86
23 84
6 20
16 79
2 40
27 8
7 20
17 7
0 26
27 46
30 9
18 6
0 26
27 83
18 71
14 86
19 8
19 8
18 42
2 4
11 92
19 28
3 41
15 28
9 8
25 28
30 85
9 48
24 58
2 3
21 76
21 56
18 54
22 100
15 100
2 97
12 66
21 74
13 25
25 75
26 36
11 64
8 3
12 61
16 65
6 74
25 62
1 75
5 87
14 44
29 25
6 15
8 99
24 65
26 76
14 45
21 28
5 42
14 92
12 15
29 79
8 31
2 64
2 4
14 54
29 6
26 38
18 39
3 38
30 58
16 64
5 13
16 37
1 83
20 43
12 55
6 72
18 45
19 41
7 81
1 55
4 87
9 2
20 7
24 9
20 48
3 28
22 54
15 80
20 51
29 57
11 100
4 46
5 79
23 62
6 13
30 75
5 59
12 70
27 8
11 41
13 4
6 73
25 46
4 70
15 69
30 14
23 5
1 93
16 7
10 30
13 32
15 15
5 59
21 49
18 71
20 29
5 95
14 42
0 63
10 13
27 95
21 57
10 13
19 59
7 62
5 10
27 59
29 95
12 96
14 67
26 16
7 35
28 47
14 37
2 39
9 14
25 36
4 8
11 67
8 32
2 89
17 79
15 85
9 4
13 81
7 46
15 33
13 79
0 98
19 77
3 77
24 9
25 96
20 69
26 79
29 68
29 37
0 73
17 94
19 36
20 56
10 99
1 23
1 54
29 32
19 70
28 68
11 53
15 2
4 58
28 92
25 92
12 83
21 75
24 86
4 21
21 78
14 95
29 48
27 87
3 73
23 45
8 76
13 4
1 63
14 24
7 40
2 97
10 82
20 55
29 28
1 23
28 28
14 11
24 60
30 65
1 55
14 89
7 60
9 50
14 1
0 88
17 92
9 41
27 59
2 51
1 41
18 94
29 22
12 38
3 55
15 63
18 47
25 76
19 90
25 35
4 79
30 83
5 56
3 29
11 23
14 100
13 52
6 51
24 42
25 10
14 83
24 90
26 18
25 60
1 18
20 90
7 38
20 68
5 84
10 12
3 90
22 74
25 36
12 20
4 93
10 20
3 8
16 37
25 34
23 61
28 13
4 35
30 20
21 8
22 71
22 25
15 41
24 90
1 47
9 49
16 3
6 49
27 26
3 66
30 97
7 6
6 70
9 57
24 6
15 86
17 4
0 40
24 100
21 43
12 95
15 50
11 22
23 89
8 5
12 86
15 28
20 26
12 50
12 30
21 74
20 18
11 42
30 24
15 97
29 45
9 12
16 20
22 71
16 76
0 26
18 67
9 88
29 49
2 66
2 43
11 92
2 28
12 5
3 15
24 6
27 71
14 51
8 77
21 63
8 31
3 59
5 59
25 16
6 28
2 73
30 93
25 75
3 75
14 84
7 41
19 84
13 3
19 57
6 14
26 59
4 35
0 2
1 31
18 36
30 69
27 74
23 81
1 76
21 37
26 23
21 57
21 12
14 84
7 31
18 2
22 82
12 38
8 6
10 72
29 64
15 28
12 49
29 98
22 41
5 66
22 41
5 51
11 54
15 2
4 8
17 7
15 16
2 46
11 98
14 95
