1638400
10 18
7 21
15 34
5 62
25 54
8 12
3 63
6 49
2 26
8 73
3 88
25 9
3 27
2 92
10 83
15 11
3 93
18 17
1 30
4 91
16 72
11 13
11 84
19 68
29 32
21 54
23 91
14 75
16 50
10 14
11 19
11 70
27 82
5 45
7 87
7 3
27 11
20 9
26 77
30 81
5 38
7 8
21 81
13 68
25 94
17 50
29 85
28 47
3 99
24 29
18 52
3 13
24 73
0 23
23 38
7 98
17 39
13 70
13 43
5 26
6 26
1 20
11 55
8 44
15 32
30 74
22 76
14 51
5 18
13 56
27 89
14 96
3 67
12 83
9 23
10 69
20 66
9 11
6 18
29 76
23 17
14 42
2 41
16 42
14 61
5 33
7 30
17 96
4 10
15 5
20 51
23 47
21 26
24 5
7 71
29 68
10 9
5 85
13 93
8 70
22 26
1 95
6 90
19 54
12 67
15 69
1 13
13 28
18 92
21 53
2 66
13 55
23 32
24 38
25 79
26 96
10 5
21 20
5 44
0 44
1 68
14 72
2 54
24 20
8 66
14 15
27 97
11 61
4 2
9 84
2 59
12 15
19 12
22 55
29 4
24 53
27 17
26 67
10 62
23 81
10 79
25 61
2 35
2 17
14 17
10 95
18 57
29 75
2 8
9 96
24 79
26 21
19 37
20 33
15 53
11 14
9 97
17 91
15 4
5 38
11 22
20 73
20 17
13 77
26 78
10 3
20 24
8 69
18 80
11 97
22 51
20 12
20 22
6 38
14 60
15 41
23 59
6 73
13 68
21 45
20 62
20 75
29 98
28 90
28 94
6 54
19 99
13 8
7 78
12 65
0 88
11 40
3 86
14 45
8 70
27 34
18 100
23 83
1 87
19 51
17 13
8 54
11 82
27 83
26 74
5 86
23 65
9 31
20 3
7 3
16 70
19 56
29 48
6 82
12 70
2 57
8 96
15 41
14 29
3 26
26 27
5 56
20 98
28 97
7 50
26 55
11 52
30 38
6 95
24 7
23 20
28 48
28 13
20 1
20 87
6 5
22 77
22 50
25 24
18 33
22 90
22 19
2 37
13 26
18 76
15 61
23 47
9 44
1 43
3 61
8 1
29 41
1 35
28 59
1 47
2 24
16 93
18 67
24 40
4 13
26 8
3 35
25 72
6 19
22 37
5 27
16 53
22 79
9 34
9 89
16 67
17 60
29 57
11 4
27 46
0 97
6 28
22 8
13 50
10 84
11 19
0 2
10 16
7 29
12 44
21 58
10 72
14 36
23 9
22 25
25 20
11 76
24 10
28 18
1 90
18 87
12 89
25 43
8 73
23 88
26 26
19 100
6 21
17 88
26 54
5 83
25 35
3 70
15 77
15 14
9 4
25 5
26 34
14 66
17 10
22 62
8 67
15 41
25 59
25 91
5 89
3 64
14 54
25 53
0 49
22 68
4 33
26 57
22 41
4 49
3 1
13 89
27 65
21 5
18 27
3 60
16 75
3 62
7 67
27 45
6 56
19 60
21 63
16 65
11 71
2 26
21 51
13 47
13 91
11 48
11 17
28 87
20 65
8 45
22 2
12 74
8 55
18 2
7 18
18 86
13 16
8 4
30 37
15 90
12 51
7 100
20 81
10 56
21 74
2 66
22 1
19 24
9 73
11 38
30 75
8 35
4 60
18 43
15 99
10 36
1 22
22 74
3 26
18 80
7 23
29 82
23 61
28 10
18 56
19 99
5 41
22 42
4 74
6 31
6 3
5 3
12 95
0 13
19 62
22 78
