1638400
14 49
26 93
17 36
2 96
1 57
14 19
3 52
16 98
3 40
12 63
21 13
5 69
7 37
9 98
2 95
9 66
28 62
4 73
11 25
28 100
26 98
8 35
7 65
16 19
15 35
23 15
2 89
4 79
15 4
27 69
10 80
20 45
17 61
3 7
14 59
10 58
15 48
28 5
16 25
18 76
13 20
8 34
10 52
3 7
28 9
6 24
14 53
0 84
10 16
23 57
12 65
1 8
2 27
22 75
9 49
5 80
6 4
4 92
15 5
20 35
9 42
29 84
27 75
18 92
8 81
18 93
10 91
2 21
14 50
17 57
6 33
29 5
19 87
25 79
23 44
8 96
20 87
29 22
4 37
9 8
23 100
15 90
19 26
17 61
29 26
0 23
27 69
26 100
30 79
22 18
7 53
2 84
19 32
6 52
5 65
2 38
28 82
2 7
1 53
0 62
14 80
9 53
30 28
17 41
26 55
0 32
28 44
13 18
3 47
18 81
26 89
6 16
14 55
7 24
4 85
8 16
20 61
15 79
25 1
25 13
30 72
17 3
2 85
20 17
17 99
14 13
18 32
15 62
8 31
7 69
16 91
11 84
25 8
18 82
25 75
9 84
19 6
28 81
18 45
29 11
17 86
13 35
4 34
30 70
19 12
26 4
7 68
21 85
9 25
0 34
8 3
22 28
29 67
6 63
26 31
14 1
15 4
13 54
0 91
2 14
2 39
5 52
3 100
2 80
1 92
29 45
24 35
29 18
0 72
21 73
21 30
5 7
5 55
24 45
28 46
30 7
28 59
22 73
0 96
28 60
21 82
1 52
14 87
13 64
5 36
29 63
6 74
24 97
30 84
18 75
7 77
13 25
17 100
26 32
5 31
10 53
13 81
24 28
7 66
16 26
6 37
23 16
26 82
27 39
17 1
16 42
26 46
22 1
10 53
6 31
5 71
30 89
6 25
18 22
10 31
2 10
0 80
2 33
12 3
23 42
17 62
15 46
2 11
12 87
16 93
4 68
29 31
5 31
23 78
24 71
16 53
5 54
3 56
27 78
8 58
14 83
18 37
15 69
15 28
16 53
0 21
1 80
12 54
29 71
2 30
19 5
25 2
3 71
24 18
14 13
9 53
16 1
9 98
24 65
28 83
11 76
18 50
21 37
17 22
29 65
13 28
17 71
1 99
8 96
17 62
18 35
6 10
12 21
11 98
0 37
1 12
22 26
17 98
29 70
10 96
12 52
1 56
14 49
27 25
23 7
19 3
14 97
0 70
18 61
12 36
22 3
24 63
21 61
0 1
9 3
28 73
0 93
13 26
3 80
29 2
22 96
11 2
30 85
28 68
22 52
1 45
0 64
20 84
4 79
29 63
10 15
10 97
21 35
19 72
13 18
5 12
27 3
15 4
24 66
6 44
23 32
22 66
13 46
3 33
0 31
24 37
24 3
6 32
7 64
29 22
9 57
5 48
13 55
29 47
3 16
7 55
19 24
8 26
20 79
26 55
0 29
21 53
14 54
28 25
2 45
7 77
22 10
28 72
28 1
20 74
15 36
28 4
12 36
26 42
7 95
13 5
7 29
15 25
6 30
0 10
27 8
12 58
12 58
17 100
30 24
16 96
3 93
9 3
29 82
20 80
1 88
28 83
4 50
5 72
5 60
24 2
11 45
18 50
17 43
17 34
2 6
25 49
21 33
26 79
4 100
19 80
17 31
10 28
17 78
4 83
20 63
19 59
23 80
20 83
28 94
26 97
27 90
15 77
17 37
18 65
22 47
7 85
12 8
2 11
8 45
