1638400
0 75
17 80
7 72
22 88
14 25
26 42
29 59
25 6
9 80
10 89
4 93
23 22
11 72
0 46
3 78
8 79
6 13
12 35
6 96
29 14
7 73
27 82
23 32
18 16
22 80
10 27
10 64
14 19
14 74
6 91
0 58
11 74
0 61
9 44
3 75
19 13
5 7
29 65
0 4
16 89
29 62
0 13
30 15
3 11
9 76
25 58
30 14
14 34
28 72
5 97
17 69
12 46
26 40
4 69
10 100
5 30
26 8
13 14
12 45
18 40
22 59
22 43
9 53
16 29
1 9
2 33
9 65
23 29
27 41
21 30
3 3
6 80
19 73
6 67
0 55
25 20
24 85
6 36
14 57
14 42
30 35
8 26
14 8
6 89
4 60
11 40
16 28
22 61
15 98
7 39
6 7
20 48
11 35
3 64
20 36
13 33
19 10
3 34
29 84
11 82
14 87
7 26
12 95
1 93
30 28
28 48
15 74
23 47
4 43
10 89
29 76
18 80
30 16
10 9
8 48
1 28
15 16
8 18
16 58
15 68
28 78
0 61
27 9
25 69
3 56
0 30
12 66
13 85
18 54
16 96
8 85
26 24
20 84
5 73
24 54
22 79
22 21
5 51
15 58
25 31
25 67
10 56
15 48
20 28
30 98
18 69
16 43
24 54
28 40
13 73
23 59
24 76
22 13
19 35
17 5
16 94
4 91
25 80
6 21
10 35
1 73
26 87
19 6
17 18
5 84
30 26
22 73
14 14
28 22
8 34
13 2
10 22
22 75
8 58
27 51
28 51
20 56
30 60
30 90
21 75
5 78
29 82
14 80
2 22
11 49
27 40
5 39
10 20
8 21
9 93
22 52
30 74
21 10
28 1
1 53
5 71
15 39
23 30
16 31
8 85
27 90
3 65
12 14
26 96
14 67
20 29
3 17
11 49
26 64
17 91
15 43
23 79
9 97
28 72
25 52
23 92
30 3
20 39
3 44
15 18
28 97
12 57
14 97
18 33
6 16
10 6
21 25
30 19
26 32
2 2
6 46
18 94
28 17
12 95
2 5
10 72
28 90
9 34
30 32
6 93
13 54
25 69
21 13
13 47
27 73
11 20
28 77
9 51
7 24
12 58
10 93
12 79
8 15
7 57
23 100
1 18
20 51
3 44
29 83
5 20
6 35
17 52
15 66
28 61
8 97
10 30
4 64
22 82
16 82
20 96
20 29
7 51
14 25
0 59
29 78
28 5
15 26
19 55
2 34
15 60
21 38
27 16
12 86
12 45
2 72
4 3
13 98
0 74
15 72
6 74
11 23
15 33
17 41
9 8
18 82
22 24
22 86
30 89
27 35
23 70
23 28
0 9
25 19
13 43
14 63
19 39
3 13
12 80
13 45
7 6
28 21
3 38
25 66
30 61
14 43
7 14
18 23
16 56
28 40
16 83
14 59
7 64
25 51
5 47
14 10
29 62
23 12
13 23
25 1
18 52
12 54
17 80
19 94
19 18
25 30
4 97
22 63
24 46
26 8
10 78
27 86
19 25
24 86
1 77
22 76
19 97
23 67
27 2
21 15
4 27
17 30
12 25
24 57
25 70
28 61
14 7
27 92
14 64
12 43
25 31
3 74
28 13
13 10
0 85
10 46
4 73
8 6
16 80
27 93
11 61
4 41
14 65
2 44
18 69
13 63
19 72
0 18
11 67
24 64
22 64
15 39
6 19
9 92
27 80
27 42
12 42
6 63
19 44
30 76
16 71
10 83
0 37
16 30
12 33
22 96
25 6
6 37
13 45
19 52
28 8
