1638400
6 4
1 80
3 13
16 27
26 32
28 59
12 74
1 89
14 6
13 5
2 49
8 11
24 37
26 59
26 97
16 91
13 57
5 25
28 22
21 41
24 17
19 71
23 70
7 51
9 70
13 35
29 11
12 61
17 21
9 19
1 39
15 79
17 74
28 45
18 51
0 68
26 50
14 9
9 34
3 89
23 1
14 15
28 21
21 26
24 46
13 45
27 51
13 63
10 59
23 48
4 100
17 6
11 2
17 8
28 64
6 100
22 25
1 96
25 3
15 50
19 77
1 92
11 56
9 59
1 49
15 50
28 7
16 28
27 27
13 62
5 75
22 83
30 8
2 55
28 81
1 15
10 50
19 100
22 15
10 41
8 90
6 87
23 42
29 8
6 55
24 16
3 2
17 10
0 58
24 48
4 98
12 62
7 72
11 54
7 4
6 33
0 17
22 5
21 2
1 43
12 14
9 75
14 83
18 10
28 44
2 87
9 4
8 94
24 18
0 16
4 4
14 86
30 18
0 4
7 41
10 100
6 58
30 28
5 50
25 88
8 69
17 47
15 50
2 89
8 62
12 6
5 73
13 17
29 75
8 53
6 39
26 22
12 10
28 36
22 6
26 43
13 48
19 78
26 99
24 25
3 32
12 72
8 84
29 17
13 52
20 31
18 1
29 96
24 31
19 29
25 65
3 44
13 9
25 85
5 33
15 68
2 16
13 49
5 67
14 91
16 74
12 41
7 50
25 2
18 25
5 66
1 83
9 73
23 99
6 1
1 81
20 80
19 28
7 24
23 76
13 36
9 20
11 58
10 20
26 82
25 26
19 66
7 82
3 31
8 61
3 63
20 83
27 6
30 7
26 81
15 58
12 85
28 83
8 99
27 20
12 100
4 82
15 10
19 72
6 13
18 40
28 18
15 33
3 24
18 41
28 39
1 30
5 82
0 98
2 67
19 48
18 10
11 9
30 18
11 100
30 7
7 90
16 98
28 73
22 42
14 46
20 24
5 4
10 74
9 42
15 99
0 5
4 40
14 39
30 46
22 56
27 78
13 11
12 98
28 70
19 84
29 41
3 49
2 45
6 99
11 92
21 4
14 96
1 64
26 59
28 8
25 78
4 97
22 97
15 73
18 72
10 38
15 95
29 80
16 4
25 20
22 52
3 9
26 83
17 74
6 90
3 7
3 21
5 92
10 26
11 95
18 95
14 91
29 87
7 6
23 100
18 53
8 33
22 40
30 12
30 75
24 62
3 98
22 54
29 45
27 64
8 72
11 52
11 34
3 89
27 64
20 96
7 59
0 100
16 93
3 85
7 49
4 94
23 49
14 53
9 55
11 26
21 15
8 22
5 23
9 29
27 30
21 74
6 64
8 3
16 38
1 30
18 87
15 82
15 8
4 59
20 19
25 34
30 75
15 82
27 89
28 66
5 89
13 56
18 17
22 24
23 11
26 23
7 81
25 12
17 39
19 74
14 30
2 13
29 35
21 79
22 2
23 59
29 20
2 5
10 60
20 97
3 94
21 93
5 79
28 38
21 77
29 24
14 100
9 40
24 92
2 90
8 73
0 75
5 35
21 60
7 92
7 27
30 14
15 22
20 6
28 7
14 20
12 77
11 81
0 24
20 70
26 27
4 77
30 70
4 10
25 69
4 52
20 15
7 72
23 2
5 59
1 7
23 49
4 7
0 6
23 42
25 21
19 58
18 31
2 59
8 62
28 43
26 69
11 36
18 19
6 85
18 11
10 52
6 24
5 55
26 76
28 48
1 32
20 96
10 37
25 45
26 78
3 92
9 96
