1638400
26 100
28 86
14 36
6 99
10 46
5 38
28 33
15 74
14 28
7 27
26 78
21 18
7 45
20 53
0 15
28 95
29 55
27 71
30 89
17 84
12 28
13 5
25 76
4 47
24 48
26 1
5 79
4 20
28 49
27 33
14 31
16 36
5 16
11 3
16 90
11 2
15 94
21 81
12 39
7 17
11 42
17 32
15 7
22 6
17 25
16 99
6 73
4 88
21 2
5 26
5 35
13 16
6 73
22 47
10 77
20 27
22 53
16 56
2 20
6 36
12 79
29 93
6 2
18 58
1 82
20 29
14 32
7 63
6 93
15 2
25 19
10 77
17 28
22 42
17 92
25 52
11 27
18 57
8 33
23 36
23 64
14 14
11 64
19 26
8 27
18 21
9 25
6 27
18 96
15 2
24 55
9 52
2 89
7 88
5 70
25 73
0 92
13 31
12 33
5 59
30 34
9 94
7 15
25 14
17 9
14 76
6 22
9 72
27 92
27 24
4 27
7 18
13 2
29 65
0 89
17 52
21 85
17 90
24 73
12 31
4 80
29 7
6 35
27 75
13 20
17 48
20 33
26 41
27 27
11 94
22 91
13 8
18 51
10 70
0 36
18 12
18 61
5 96
12 41
13 15
17 12
27 28
12 32
16 72
26 30
7 82
17 97
10 54
0 73
2 65
19 62
11 65
20 34
28 50
14 19
17 82
21 49
1 38
1 80
21 67
15 67
25 59
20 92
23 98
16 24
28 88
25 31
30 40
30 66
22 28
14 25
21 71
3 99
8 38
22 62
1 75
2 87
5 91
13 37
29 71
6 6
27 50
13 27
2 89
27 37
10 61
15 70
5 43
12 71
21 14
14 25
1 7
17 26
1 27
20 40
14 81
17 29
24 60
0 55
10 54
0 64
20 47
11 52
12 41
2 21
17 54
18 1
2 90
16 86
13 4
3 56
14 19
8 5
16 27
6 47
27 53
2 52
11 29
11 80
3 73
0 56
13 5
2 52
15 12
7 5
11 15
5 85
6 22
8 34
21 33
15 29
7 10
10 19
27 80
22 61
5 66
29 47
16 87
24 33
27 87
16 83
14 34
4 27
3 32
23 31
6 72
11 53
15 91
13 24
28 32
8 77
15 10
19 35
22 46
9 91
26 52
28 50
12 61
29 21
15 28
8 66
29 38
3 78
6 46
30 86
18 75
0 94
1 55
15 18
8 98
17 44
0 78
0 73
11 2
24 91
4 19
26 75
30 39
6 23
17 1
27 68
21 52
8 15
0 60
21 19
22 81
25 84
15 84
26 56
25 5
24 37
16 52
21 89
12 2
12 71
14 65
22 73
19 100
24 85
5 25
14 29
23 56
7 94
19 65
20 33
24 24
3 21
1 54
5 22
1 82
30 88
5 89
17 87
13 78
15 56
27 22
22 82
26 61
9 59
1 61
23 7
29 69
27 8
1 31
19 91
18 7
19 36
29 2
18 98
14 90
15 42
8 63
6 22
21 95
9 26
17 5
4 21
4 51
17 3
4 1
16 58
19 11
13 31
8 25
20 91
20 51
8 67
17 65
26 26
6 37
12 5
14 77
16 10
16 96
17 3
3 7
30 30
1 64
23 13
4 55
5 44
14 47
29 2
27 98
25 78
6 88
25 7
12 39
3 85
14 8
11 41
26 31
25 56
0 2
13 97
7 42
21 95
19 95
0 27
24 85
30 24
8 4
16 2
19 18
10 40
16 83
27 34
25 10
26 96
11 28
2 19
20 9
30 34
26 44
25 24
13 10
10 8
10 28
15 22
1 70
