1638400
18 21
23 95
19 38
30 63
19 5
19 52
4 63
5 31
10 25
14 65
7 10
5 62
30 38
11 91
10 61
1 20
0 39
13 50
29 6
2 96
0 65
0 100
30 44
0 83
10 4
9 6
10 35
10 74
8 91
11 91
21 39
4 32
18 60
4 57
24 29
17 94
8 81
22 69
29 48
1 67
18 96
6 23
4 53
29 16
19 18
3 6
5 44
23 9
1 70
18 100
29 8
22 100
3 43
9 6
0 2
24 49
12 82
5 18
24 100
15 51
1 62
5 98
21 24
6 70
14 55
17 99
22 32
24 7
18 33
6 60
17 8
21 33
10 86
17 91
27 17
8 82
28 50
2 14
25 34
29 8
21 75
15 94
3 10
14 71
5 33
18 12
7 74
7 79
12 43
9 93
5 22
21 97
27 4
29 62
6 54
7 28
9 84
5 49
2 94
24 88
4 44
0 3
7 56
1 46
3 53
23 62
18 7
16 24
22 75
5 53
25 60
15 81
17 91
29 4
4 47
26 82
29 43
23 64
13 52
21 91
16 8
11 5
27 19
3 32
28 72
9 99
30 96
13 44
12 50
15 66
28 22
22 1
27 90
3 93
4 4
16 23
8 72
16 33
8 42
11 17
22 24
25 67
12 88
23 47
28 67
9 72
25 18
9 38
28 71
11 82
26 94
15 94
16 68
11 29
24 27
8 13
29 82
28 43
24 19
12 34
28 27
4 69
18 34
3 6
13 22
8 66
28 3
11 33
12 90
19 90
29 48
24 5
29 89
10 97
24 6
26 100
11 41
28 25
16 62
27 20
20 76
19 8
20 39
8 14
5 46
14 89
30 39
30 58
18 92
24 16
9 83
4 46
27 60
21 63
21 33
14 97
4 67
27 76
22 70
0 58
12 13
29 90
10 3
7 82
16 63
28 17
1 15
9 42
6 81
21 86
15 86
12 34
8 4
18 14
4 53
8 43
11 2
8 56
1 43
22 80
19 49
7 20
28 75
6 2
9 55
29 33
8 99
21 92
25 54
30 17
14 8
28 81
5 41
2 41
4 16
4 16
30 16
1 74
11 88
11 11
9 82
14 44
4 18
24 31
2 25
13 5
26 26
23 22
15 17
9 85
10 32
10 78
12 67
17 20
1 98
21 45
19 84
27 51
23 20
8 41
29 13
7 48
0 72
8 94
17 66
27 17
30 35
30 28
4 22
5 62
18 66
15 33
18 49
9 98
15 45
30 11
17 3
3 21
1 26
16 71
7 59
4 21
21 79
24 88
16 45
21 75
13 95
11 17
7 59
22 4
5 97
14 4
11 96
25 48
19 95
1 63
12 62
13 29
19 72
4 48
6 93
5 62
18 90
0 12
17 14
3 79
23 34
9 21
23 83
24 85
23 15
16 13
18 31
4 64
4 67
19 89
8 17
15 44
9 44
5 61
19 34
3 32
2 22
1 58
9 75
19 79
14 2
3 8
24 83
7 100
2 79
17 64
4 69
29 58
22 60
8 83
4 99
13 25
4 85
22 81
7 98
30 45
28 14
22 93
12 28
4 57
28 66
12 76
12 36
21 91
8 19
29 14
21 49
28 82
17 78
18 57
7 98
18 51
8 58
9 55
16 96
2 39
9 83
2 33
9 88
14 44
14 79
21 87
29 26
30 47
15 28
11 18
23 82
16 46
23 21
11 100
8 61
7 54
18 88
3 62
27 87
5 82
30 30
1 7
6 60
26 59
17 100
5 61
8 30
26 93
4 21
8 59
22 50
19 3
7 48
15 70
9 64
10 33
22 36
20 82
