60
2 62
27 70
12 66
5 29
23 52
22 89
12 43
26 41
16 78
15 19
28 71
4 81
8 37
6 15
25 76
9 36
6 84
14 92
5 6
10 47
3 18
19 50
5 26
10 67
23 57
28 18
29 25
0 64
17 8
9 29
29 54
23 76
10 43
13 11
21 75
12 36
11 6
20 40
25 16
5 27
19 41
30 59
14 75
16 59
16 17
9 30
20 38
27 97
10 15
10 89
15 52
7 55
3 49
15 62
2 49
23 82
8 28
2 25
6 85
16 5
6 68
28 38
17 86
11 80
26 99
9 39
25 66
29 99
26 42
0 23
4 34
17 100
29 76
29 29
5 29
3 80
27 87
12 84
25 72
14 82
29 35
24 62
11 1
17 75
7 57
28 56
12 99
15 83
18 74
23 55
1 3
25 99
13 18
12 72
27 41
11 47
22 45
0 94
19 32
22 89
10 6
26 15
23 25
11 85
26 5
18 12
3 19
17 10
7 71
8 91
21 69
14 63
17 14
21 86
29 3
4 44
26 87
0 21
26 46
7 49
9 91
3 81
21 96
30 38
8 80
0 1
26 54
2 46
21 12
17 11
0 46
22 18
18 9
23 35
26 10
0 27
21 29
12 30
5 91
21 99
10 77
23 60
15 42
0 2
26 55
15 9
10 14
29 2
5 57
25 20
14 92
11 92
23 49
9 23
3 18
6 29
28 48
29 70
11 78
30 12
26 30
19 81
19 33
2 52
10 39
11 71
4 100
12 56
4 88
30 85
4 20
10 70
23 99
29 93
9 60
14 18
29 50
3 70
1 62
8 99
9 90
30 90
30 43
1 60
11 36
1 39
4 61
13 54
24 29
24 21
20 44
17 42
16 63
25 47
11 38
19 21
30 37
3 43
12 62
13 20
26 61
27 7
11 44
1 49
6 49
10 43
18 70
3 9
15 69
22 24
12 86
21 69
21 3
27 53
7 47
17 83
26 2
12 91
15 32
22 50
17 80
5 22
8 24
16 43
6 5
22 95
17 67
5 15
1 56
3 74
11 22
19 67
24 16
6 36
14 9
20 95
11 56
24 59
21 58
9 99
14 19
10 77
13 28
25 84
25 47
1 86
23 73
27 56
29 52
30 83
7 12
2 67
21 30
16 11
11 10
7 82
25 96
12 91
12 66
18 12
29 69
21 34
0 49
4 6
23 30
24 62
6 26
23 41
24 1
19 26
25 99
30 61
15 9
26 100
19 64
13 54
17 77
9 68
16 10
16 4
13 80
12 61
17 35
11 54
25 8
5 62
17 23
26 43
13 55
11 30
2 54
10 29
17 49
15 21
29 92
20 50
19 60
25 19
22 34
23 28
26 35
7 14
11 17
8 90
21 48
22 26
16 75
29 61
6 81
12 95
25 59
17 71
18 77
20 50
15 55
27 87
2 55
7 83
18 45
4 19
20 52
11 89
9 32
20 93
29 62
15 61
7 25
15 8
20 88
1 69
26 23
0 23
0 51
25 60
0 4
10 51
24 56
0 9
3 90
6 18
26 12
29 86
3 9
8 37
7 86
29 53
1 75
22 42
24 32
1 60
2 88
28 78
6 14
1 13
7 26
18 54
26 73
2 37
20 57
26 43
5 17
21 73
9 69
2 43
5 49
19 80
23 98
22 5
26 14
1 45
26 37
14 89
21 45
16 99
9 26
17 17
18 58
1 63
28 44
15 30
14 60
12 64
1 16
17 87
20 53
14 41
16 29
16 27
4 88
20 1
11 79
21 77
10 77
30 1
21 79
23 97
11 71
1 51
18 3
19 99
