60
30 97
17 15
30 91
3 39
27 92
1 93
9 7
4 41
10 8
4 22
19 34
8 76
21 26
24 35
1 87
20 96
27 94
23 51
21 68
13 12
19 49
2 30
6 63
3 53
10 76
1 22
9 55
18 22
8 78
16 98
19 42
18 4
16 28
16 24
18 60
3 67
16 17
29 35
22 63
25 82
29 24
25 69
29 73
24 48
17 98
23 4
27 100
15 95
1 71
3 82
15 63
7 73
5 74
8 8
12 91
18 88
17 8
21 5
24 95
28 99
21 52
20 66
0 33
7 22
29 1
24 42
16 23
14 22
11 9
10 83
24 5
22 1
4 5
11 20
16 5
8 4
22 84
3 97
23 38
29 44
5 14
30 72
13 33
16 94
21 32
26 56
21 44
2 1
26 85
18 4
13 87
21 70
29 50
30 60
5 95
8 73
10 3
0 100
24 57
5 11
27 12
5 91
2 46
29 19
25 58
16 47
12 45
17 65
11 47
4 57
10 99
14 89
22 54
4 92
16 16
26 91
1 26
23 13
8 100
23 24
16 77
19 4
16 32
20 94
17 41
19 89
14 14
4 20
17 13
25 18
27 84
25 47
7 47
8 25
0 21
10 68
18 85
12 26
2 9
9 12
26 97
23 84
17 1
6 40
11 60
16 37
13 25
21 96
5 69
30 71
6 98
20 10
2 43
8 68
21 95
17 60
23 9
12 46
29 49
17 2
21 44
20 15
17 75
28 54
28 54
23 77
9 7
17 93
10 1
13 30
21 31
16 42
9 39
21 80
25 29
5 39
5 50
13 28
16 56
5 78
22 51
26 19
24 83
16 45
18 75
20 80
26 3
4 32
30 23
16 54
19 79
0 60
7 36
8 62
24 78
22 65
10 13
21 73
24 80
24 7
23 44
29 21
27 68
30 33
13 4
15 10
19 13
30 9
3 15
2 26
18 72
6 46
2 55
26 6
23 52
6 62
30 87
4 94
13 32
27 7
1 99
4 70
6 78
11 50
24 59
6 68
8 66
20 35
1 72
16 84
24 86
8 54
11 67
15 82
7 99
26 42
13 59
29 91
6 60
15 31
23 78
21 18
6 76
27 17
19 78
0 49
9 7
25 96
6 60
14 48
19 65
7 26
18 14
0 17
4 82
24 49
29 5
8 63
1 2
6 80
19 58
13 60
15 6
11 93
12 41
22 67
28 83
26 15
0 69
27 83
22 75
13 55
5 40
24 46
4 89
3 52
27 47
4 20
4 98
19 86
20 27
26 22
16 74
0 97
5 60
23 39
26 22
14 91
15 7
21 65
29 48
7 49
21 58
14 48
6 92
28 38
7 15
19 90
24 90
28 76
4 96
23 97
30 26
5 95
15 18
29 35
3 18
30 31
5 76
23 72
27 73
27 71
7 66
29 35
5 89
3 75
15 37
19 44
28 42
17 85
4 42
4 48
11 30
28 47
2 25
26 42
2 77
10 68
24 31
15 51
14 41
5 57
17 57
30 25
18 77
9 91
24 23
12 52
25 73
15 55
25 37
21 53
3 95
15 75
16 5
8 92
19 69
19 20
26 29
3 83
9 35
21 95
11 99
15 33
14 82
5 9
18 80
6 22
16 77
5 46
20 87
3 43
15 58
28 96
3 10
14 33
7 2
10 96
26 4
16 58
30 38
19 98
14 90
21 27
21 79
2 69
20 14
28 8
11 40
3 20
2 32
12 86
25 76
11 68
14 67
2 19
9 3
17 27
18 71
9 96
9 78
10 67
19 1
12 82
21 33
10 32
13 3
8 6
27 43
15 72
