60
25 74
30 99
4 55
10 44
4 53
20 34
2 60
23 18
18 95
28 25
4 90
19 63
8 90
4 34
16 42
22 5
25 87
22 30
5 96
22 34
25 100
29 93
28 54
29 11
17 28
13 99
5 86
3 20
1 92
10 70
11 98
13 22
25 42
4 64
17 8
18 92
7 80
20 48
21 36
26 100
2 71
0 33
16 59
30 23
26 86
0 53
2 33
3 40
29 55
28 32
25 86
4 70
23 76
17 94
16 61
4 98
9 49
30 56
27 19
23 10
4 43
1 32
29 59
19 90
7 73
4 99
18 93
12 79
21 11
6 67
9 72
17 34
22 20
24 72
6 4
9 67
5 37
8 97
5 79
30 74
21 98
6 51
22 91
16 48
27 33
1 2
24 12
6 13
12 34
5 33
29 8
14 80
17 54
1 31
6 57
30 67
1 71
18 20
2 99
12 86
24 96
24 61
29 35
14 92
7 14
16 43
20 80
22 30
29 43
12 90
1 13
5 15
15 100
12 43
13 18
8 7
18 61
2 32
10 54
10 31
12 42
6 14
26 55
4 56
20 84
17 84
10 88
20 33
10 76
10 77
6 65
9 18
17 69
19 58
28 56
0 99
10 17
14 4
13 28
17 3
23 40
15 24
4 43
16 16
15 97
27 39
14 61
10 63
3 32
0 88
1 11
27 27
10 93
29 87
24 56
12 15
4 57
5 20
21 85
24 19
8 45
18 68
20 15
3 100
26 87
24 50
18 34
3 79
29 7
16 55
1 84
10 61
14 2
24 81
13 16
29 3
5 33
7 10
10 80
28 90
28 25
4 43
5 23
16 34
29 63
9 75
14 53
19 33
12 76
7 5
10 26
3 52
9 28
14 12
9 8
15 35
10 74
10 100
21 86
23 41
0 85
22 95
24 26
11 97
3 93
11 24
1 58
29 97
5 26
15 48
6 94
24 13
25 26
24 48
17 76
11 33
6 2
13 72
29 4
24 27
6 48
14 4
5 90
0 13
11 23
12 66
26 2
30 93
25 48
5 41
29 2
2 82
19 28
13 57
27 67
2 21
13 32
3 5
12 49
23 9
19 9
0 98
25 20
26 46
11 93
15 88
27 24
29 84
15 12
11 72
7 100
19 82
23 32
17 46
28 66
12 44
15 66
29 47
11 97
17 18
18 19
5 68
9 25
5 8
26 66
24 42
22 68
9 61
24 24
15 77
16 73
12 44
25 44
20 16
22 38
15 14
2 72
10 16
28 83
28 18
14 94
2 12
21 72
19 67
10 16
0 9
13 94
1 13
26 36
12 55
5 29
25 97
18 39
18 57
29 35
18 13
27 13
30 97
8 38
16 90
19 63
21 27
7 60
26 13
11 22
21 60
23 66
15 10
8 22
0 85
7 37
4 10
21 11
15 48
9 38
11 95
17 94
20 97
0 7
5 34
23 93
11 41
6 60
14 57
8 68
1 6
14 66
12 42
12 48
2 95
24 55
4 14
3 46
13 67
24 75
3 81
25 43
7 12
24 78
30 67
23 5
19 17
0 66
16 76
7 85
18 1
7 22
8 23
9 73
12 21
5 91
23 73
8 36
25 58
21 72
23 87
4 3
28 14
26 76
16 79
28 83
1 41
11 78
5 20
10 77
30 80
21 43
3 97
26 84
21 50
14 74
21 66
26 8
10 80
20 62
3 69
30 56
27 67
15 5
13 9
21 96
24 49
16 88
18 7
16 84
18 27
27 45
2 99
9 67
1 38
29 16
22 55
24 47
12 63
20 83
17 42
30 18
27 41
25 43
15 85
