60
30 69
29 82
21 72
1 41
4 26
26 73
10 12
18 69
1 42
29 36
20 54
16 12
6 39
6 29
24 32
0 83
6 58
10 60
1 97
15 74
29 40
7 44
28 98
27 21
11 13
13 25
28 22
20 49
0 12
13 56
23 14
10 43
12 61
24 33
21 51
24 17
15 78
19 34
14 67
17 92
16 92
11 77
5 70
3 80
15 61
17 37
22 5
19 35
19 37
30 77
19 86
11 77
13 9
23 32
9 14
0 95
6 60
27 54
15 93
12 78
6 9
28 16
0 67
5 63
20 35
6 87
6 35
9 83
6 21
21 65
4 52
15 6
0 38
12 6
25 83
21 95
11 18
16 27
16 72
28 98
4 14
8 87
10 44
7 13
25 32
16 85
28 66
19 33
8 4
18 8
5 14
17 54
22 10
7 78
25 11
3 16
1 82
10 83
0 88
24 24
5 89
1 7
9 99
6 61
20 97
22 34
7 48
2 3
9 90
1 25
12 49
10 28
0 39
26 8
3 30
0 49
2 16
27 46
29 86
18 89
20 88
4 55
12 96
11 47
26 45
2 43
11 90
26 46
8 92
0 32
21 92
19 9
10 72
9 51
30 91
28 12
26 73
7 91
22 18
24 94
20 83
29 43
19 93
21 15
1 64
14 49
18 2
20 1
16 78
25 73
1 26
3 40
15 60
19 7
10 75
9 46
24 7
18 71
3 91
25 90
21 94
0 29
7 75
3 95
0 73
6 76
14 73
18 22
0 96
28 25
29 5
11 45
25 81
17 3
29 18
13 72
8 30
26 93
0 50
28 96
20 29
5 20
15 49
30 81
16 22
2 66
15 30
17 55
9 70
21 84
26 72
23 8
12 8
9 43
27 88
28 83
11 1
10 11
28 37
10 63
10 67
0 77
9 59
2 27
7 31
12 18
4 93
12 68
3 21
24 50
14 99
0 83
9 98
17 20
24 62
13 14
7 83
23 47
9 37
19 52
12 16
26 6
10 78
19 65
29 56
10 77
4 82
8 81
2 69
8 73
11 18
18 93
4 79
16 20
23 40
19 32
2 100
28 1
13 31
22 44
12 41
21 39
19 30
30 40
18 1
2 84
10 50
17 56
16 2
7 36
23 12
8 28
26 64
2 93
27 76
9 61
22 16
6 96
3 52
5 87
30 19
30 88
28 43
7 20
22 54
26 11
4 16
30 35
26 64
20 8
19 92
23 59
28 89
23 97
29 92
29 36
4 85
11 70
12 70
18 70
19 75
3 4
14 22
20 31
11 52
1 38
22 92
4 20
28 51
24 39
21 41
13 65
7 4
17 4
15 27
7 88
19 21
10 32
8 48
1 43
7 41
14 76
26 57
28 5
10 29
3 32
17 8
25 46
16 14
21 24
11 19
25 10
15 18
16 99
10 80
24 60
0 93
17 11
29 74
15 92
0 22
4 35
29 48
29 28
19 70
15 44
21 37
11 24
5 85
15 15
1 4
20 19
4 1
25 24
15 30
28 12
26 82
25 35
19 41
23 77
18 67
29 98
26 77
4 8
0 87
13 54
20 80
16 60
9 66
7 39
7 23
29 9
18 9
23 62
6 71
23 89
25 93
26 70
12 5
0 91
8 61
15 16
4 72
2 42
23 1
7 45
15 5
19 45
3 77
5 99
14 31
25 61
20 61
28 74
18 94
9 83
18 13
25 35
6 9
23 41
19 85
0 93
14 93
12 98
13 92
9 61
11 77
30 24
10 11
7 64
7 42
15 99
29 71
21 52
30 48
2 14
14 44
10 96
27 70
25 3
