60
29 62
27 84
27 4
16 62
19 37
3 71
1 30
11 51
15 77
10 12
29 31
22 67
0 84
8 12
14 74
18 42
30 59
2 73
10 10
14 40
5 22
19 56
12 9
4 46
0 69
27 68
4 77
30 64
10 19
27 40
6 19
21 87
29 48
5 61
11 15
0 4
9 37
4 60
0 67
30 70
29 11
5 67
3 63
5 29
15 75
8 63
7 81
4 42
26 74
6 7
6 74
16 62
17 9
12 14
17 52
11 43
7 66
20 38
10 32
15 71
6 46
5 41
26 45
20 20
24 77
15 58
14 1
28 63
24 9
28 44
24 72
7 82
27 58
7 60
21 22
14 26
17 29
29 48
17 93
9 52
29 51
11 70
8 79
5 17
14 75
25 35
16 11
17 36
17 45
4 23
26 6
25 26
18 23
11 50
17 37
27 64
1 67
28 3
8 75
4 9
11 41
13 20
0 50
21 8
3 80
4 54
23 87
29 68
4 77
19 6
9 89
29 79
22 26
12 74
4 5
12 82
28 19
7 26
10 13
18 7
7 82
3 27
19 14
7 95
1 41
19 27
13 87
0 57
16 71
22 100
14 84
27 38
9 7
22 56
26 95
7 92
29 8
11 42
24 100
3 69
21 74
27 17
23 33
5 70
21 67
0 21
4 63
26 9
8 81
10 25
13 71
12 45
30 74
12 64
14 40
24 18
28 41
18 30
19 84
22 63
19 81
16 53
19 43
18 85
30 85
30 25
5 81
6 19
3 11
0 44
10 38
14 100
7 51
6 22
22 65
20 77
7 36
7 52
12 46
18 83
22 36
24 83
10 72
8 61
3 61
4 93
27 6
26 84
16 84
24 7
17 33
27 44
20 57
23 12
12 76
5 49
8 18
20 41
14 53
6 55
28 98
14 19
11 8
2 7
9 65
21 73
8 61
21 97
1 14
29 42
8 30
20 57
16 2
25 32
7 81
19 51
2 70
15 16
29 97
4 53
20 30
27 69
7 55
5 51
22 37
15 18
23 75
27 24
2 71
18 76
5 35
3 32
17 43
3 84
8 14
20 67
4 88
7 55
5 24
20 15
7 80
1 19
16 96
7 83
23 18
0 51
26 37
12 60
22 30
21 75
4 70
7 55
20 44
11 95
16 93
20 87
9 20
20 14
9 85
20 15
0 100
9 62
13 11
12 16
9 18
29 58
4 12
28 93
0 18
27 48
24 48
30 58
24 98
16 1
8 59
17 38
9 100
2 26
2 68
28 86
29 1
16 84
5 1
15 44
8 93
21 62
25 52
23 34
17 87
24 50
23 87
28 22
11 53
11 80
19 19
7 56
27 78
12 12
10 74
11 73
28 82
27 85
19 70
21 54
28 80
13 1
22 51
24 35
22 13
20 24
5 35
18 80
27 38
18 74
20 9
27 23
10 60
12 32
26 62
0 70
11 95
24 64
28 81
7 32
16 62
2 22
11 9
21 27
15 29
3 93
30 39
17 92
26 31
12 4
27 48
4 15
27 98
15 85
25 36
28 90
8 70
21 34
27 10
5 60
12 61
24 62
23 1
3 35
30 25
28 70
28 45
30 52
0 53
11 17
8 95
16 43
18 51
7 24
26 79
11 54
8 51
1 12
0 36
12 97
6 10
9 37
4 55
26 86
6 73
30 92
27 83
16 55
0 69
15 10
26 68
18 12
9 20
27 99
30 81
25 9
17 62
23 13
30 46
2 74
30 43
2 17
29 52
26 38
14 87
16 52
15 82
9 77
16 51
21 99
16 78
4 3
5 46
3 24
30 85
15 86
