60
8 44
2 35
7 8
14 90
20 94
1 68
19 45
7 69
27 63
12 23
21 99
3 68
12 5
9 52
7 81
7 44
18 95
30 54
21 44
19 75
4 34
11 40
20 83
15 67
0 80
8 57
19 96
17 25
12 14
17 84
15 43
9 86
13 61
5 12
17 68
23 62
17 97
7 46
27 86
23 58
27 68
14 17
10 14
30 34
26 83
2 96
23 79
9 45
22 29
7 42
14 84
28 87
25 52
16 50
21 81
17 47
16 85
1 37
14 72
24 47
21 17
29 85
23 38
9 84
29 100
1 19
16 29
29 95
21 92
14 90
0 15
24 90
14 8
5 26
13 2
15 80
23 47
13 3
0 72
16 99
22 62
9 70
1 40
2 71
3 4
4 78
20 92
18 69
21 26
5 79
2 10
0 37
7 47
28 13
26 87
24 69
5 63
20 61
14 23
12 33
8 92
11 65
23 55
24 45
27 21
5 34
23 45
8 63
5 73
18 52
22 18
2 46
23 63
17 43
29 52
17 54
1 46
26 7
27 10
11 16
29 75
7 72
6 14
26 39
10 88
24 64
15 40
2 45
0 67
6 12
24 67
10 3
14 19
27 29
7 39
10 47
4 54
4 95
4 88
6 96
14 14
27 39
13 90
11 59
17 5
11 12
25 90
12 93
11 35
5 86
20 49
21 91
15 18
22 6
1 27
2 33
10 70
14 46
4 81
24 22
4 7
0 68
17 67
3 81
14 53
22 2
17 5
4 36
24 11
23 61
11 61
8 88
2 24
20 15
15 37
2 40
23 52
15 50
0 51
9 63
18 5
12 76
20 50
4 28
27 94
7 23
12 59
23 2
30 87
6 61
25 73
19 74
2 16
26 98
23 6
16 56
7 25
8 46
30 19
28 86
0 26
24 89
23 7
25 70
0 50
0 55
19 26
14 38
20 74
15 49
28 56
25 27
14 26
23 67
29 28
13 50
14 78
28 27
17 79
9 40
29 65
24 82
17 75
13 74
8 81
0 78
27 69
20 49
0 13
0 77
29 92
17 66
16 45
18 64
16 93
8 36
8 74
22 12
23 90
2 62
26 29
21 19
25 17
13 15
26 90
29 46
4 33
1 26
21 30
1 15
19 24
13 69
0 81
20 21
22 28
8 42
25 80
7 92
8 39
17 42
4 40
10 48
27 69
3 84
5 71
1 64
2 92
23 93
4 57
12 79
16 26
4 9
5 50
15 10
4 66
17 100
1 88
19 10
23 68
5 92
20 64
18 50
21 12
14 56
21 100
24 64
16 30
9 61
26 84
21 64
14 97
25 10
5 99
30 81
19 30
0 1
12 64
4 12
21 65
20 24
26 37
22 82
2 41
26 3
30 37
5 78
12 32
3 39
26 1
22 53
22 95
3 49
5 88
13 20
23 37
12 11
15 19
20 23
27 61
18 7
19 54
20 19
28 68
26 90
8 72
0 73
1 4
10 74
13 25
28 16
4 10
20 39
26 92
1 6
6 22
19 62
3 93
22 88
17 20
28 37
14 89
28 67
3 78
9 20
15 42
27 52
1 33
28 100
27 82
17 17
5 34
22 10
22 56
24 79
9 18
22 37
11 34
5 38
1 63
2 4
21 36
26 16
26 83
7 45
19 32
23 55
19 66
1 77
12 8
18 85
8 24
13 25
26 52
19 2
18 80
27 9
28 5
6 88
9 7
16 55
12 13
8 76
17 58
7 95
17 73
15 20
5 28
17 3
6 20
5 46
29 72
4 18
17 78
0 30
10 75
12 60
10 55
9 77
23 97
23 63
