60
30 86
28 52
24 15
2 37
14 53
13 79
4 71
17 91
13 85
23 16
26 93
8 12
27 33
10 52
13 79
3 77
12 45
23 98
22 8
27 16
0 74
19 80
17 82
7 31
14 4
17 27
0 74
14 43
2 69
29 31
9 20
3 16
16 40
2 50
18 81
24 2
19 74
17 18
28 92
6 59
5 6
18 12
24 65
6 40
4 7
23 54
19 36
9 21
23 28
11 17
17 5
9 54
22 46
6 2
1 53
6 94
28 57
30 66
8 83
5 89
28 56
15 38
16 75
18 50
18 18
14 31
14 92
4 4
0 57
11 61
11 84
1 82
16 93
0 27
2 78
14 69
18 75
28 78
6 99
23 81
25 41
26 71
25 89
6 38
8 73
1 21
24 69
16 77
27 83
22 23
21 1
9 69
12 87
17 23
16 22
15 100
29 34
23 21
25 68
16 37
16 64
23 70
8 67
6 47
18 9
30 15
19 88
3 70
16 77
25 55
13 90
19 64
27 18
5 23
3 85
0 21
19 10
15 49
10 82
0 75
20 50
19 77
23 68
0 58
0 37
25 7
29 60
0 88
6 39
9 52
15 9
7 91
27 24
6 60
15 43
28 61
12 32
27 8
10 76
20 66
7 56
6 66
24 21
27 37
7 88
0 74
22 5
13 65
8 9
22 97
7 85
30 1
20 72
16 61
8 50
11 32
19 22
0 5
10 54
13 59
24 16
17 92
14 92
1 63
27 74
4 50
1 99
15 78
0 83
30 89
10 56
23 30
17 49
28 20
0 86
18 51
23 53
12 60
21 2
24 19
0 93
18 99
4 65
29 9
11 46
8 92
7 29
1 79
26 38
14 73
30 47
3 87
18 47
23 92
25 73
17 98
8 77
14 79
8 64
25 5
15 38
11 58
2 47
2 6
6 38
8 79
26 94
25 13
28 82
14 31
30 73
5 88
20 83
21 51
2 60
29 50
24 82
3 74
1 8
19 99
17 3
28 82
7 41
14 33
4 47
18 97
21 11
29 86
24 17
27 91
21 81
4 99
2 45
11 92
6 63
24 1
26 82
25 9
15 4
10 100
2 48
22 22
15 15
23 61
16 62
22 57
28 55
9 92
19 25
16 54
19 54
23 60
10 59
8 72
0 77
25 54
29 47
17 7
15 67
7 33
10 59
11 30
21 60
10 8
14 33
5 22
25 8
9 6
19 90
18 32
29 9
18 72
4 26
6 7
3 83
10 70
10 66
15 4
16 84
15 3
25 38
9 65
13 93
25 56
22 11
16 30
10 15
3 58
28 48
25 43
18 85
23 57
23 81
19 62
24 21
6 98
24 31
1 93
10 66
12 49
22 63
4 72
13 46
28 54
25 77
17 82
27 76
13 66
30 87
19 39
5 64
12 7
3 63
9 31
2 72
13 88
27 14
7 89
26 53
6 56
8 3
0 13
28 6
14 52
17 51
14 34
3 24
4 55
13 97
19 49
27 38
20 39
25 40
29 55
18 32
21 47
1 47
14 13
2 84
0 10
28 45
3 19
26 73
12 10
0 67
10 62
7 25
26 37
20 60
26 19
10 46
15 30
2 62
12 93
27 60
20 47
30 5
25 24
4 92
1 37
10 70
22 30
6 95
10 53
30 70
10 28
9 12
22 9
19 81
0 40
6 12
14 7
22 37
4 87
17 45
28 18
24 38
25 36
1 92
0 42
19 40
19 53
7 6
28 79
11 13
1 57
18 69
15 81
9 56
26 95
27 96
13 84
18 88
19 24
19 37
2 64
28 13
30 100
21 77
7 94
