60
13 53
3 35
4 7
15 60
16 68
6 35
30 21
18 60
20 15
29 89
7 25
2 60
25 74
30 57
11 50
27 11
19 40
22 49
8 85
18 7
30 22
26 88
17 46
14 13
5 20
0 32
28 4
5 83
21 18
2 74
13 31
22 65
2 96
4 14
6 33
11 29
23 87
13 80
20 92
26 87
12 35
0 10
27 79
29 72
11 13
26 29
22 82
4 65
19 51
30 56
24 44
7 76
27 27
26 29
26 74
7 62
18 40
2 37
11 48
25 100
17 46
2 73
23 60
15 33
20 70
18 66
2 27
17 95
0 13
18 71
1 69
21 90
2 32
1 83
22 59
24 15
27 87
30 77
2 83
26 83
16 47
19 40
27 68
0 94
22 56
29 34
12 66
14 50
2 79
19 24
28 9
14 1
5 54
10 85
26 12
23 79
2 46
23 50
20 64
22 36
3 38
12 7
17 41
28 9
16 48
26 37
6 39
24 89
2 57
0 98
16 44
0 5
3 87
29 82
10 9
5 88
20 54
17 22
2 46
26 49
7 90
8 24
21 77
18 53
20 67
20 33
14 10
30 16
7 11
27 29
2 79
8 16
28 10
20 9
26 3
9 26
1 24
21 93
30 20
16 62
21 69
23 50
5 31
5 40
4 49
9 53
11 66
11 99
1 54
15 3
30 49
10 83
16 75
2 89
2 16
15 32
10 44
15 90
20 39
20 82
15 17
25 65
16 33
2 55
11 39
9 10
22 69
28 82
29 58
20 43
7 13
3 72
3 3
13 56
7 52
19 43
2 51
5 26
3 76
26 56
5 55
10 44
12 16
14 76
4 13
9 58
28 96
24 36
1 72
15 10
25 86
4 74
9 69
23 62
12 41
5 27
25 23
26 88
8 88
10 41
9 22
26 18
4 13
15 17
26 77
7 81
28 13
21 17
21 73
29 67
29 99
1 74
11 31
25 12
3 61
27 76
23 56
8 65
5 72
0 89
23 40
11 95
8 13
12 81
20 72
9 71
29 73
2 41
24 96
12 64
2 62
4 58
4 43
27 3
0 73
12 58
12 80
18 73
2 44
26 24
5 61
25 33
5 96
11 50
14 30
29 19
29 64
19 45
12 30
13 30
20 90
3 82
19 53
20 1
15 57
28 42
23 38
26 88
20 59
3 27
16 1
9 89
9 63
14 99
11 27
29 57
18 7
16 84
8 41
8 27
22 94
26 28
12 24
0 30
20 49
28 37
12 51
6 17
14 45
2 75
8 8
22 79
25 13
30 60
26 89
18 55
9 24
8 52
3 78
25 26
26 37
25 11
9 36
0 65
29 17
11 49
25 26
24 16
6 64
22 11
19 13
22 63
9 84
16 27
9 61
4 97
21 18
13 68
5 41
10 24
18 8
24 93
13 84
12 62
18 43
19 96
0 42
9 34
18 78
22 66
4 29
9 24
15 75
2 95
26 3
2 84
3 99
17 57
6 11
9 36
22 8
29 97
7 70
20 85
20 39
10 15
13 4
21 12
2 93
26 36
28 90
27 59
12 12
16 70
11 1
8 81
28 42
21 54
9 96
10 56
9 40
25 18
2 21
8 44
10 17
29 41
30 29
14 49
21 88
4 16
0 82
24 57
29 25
1 35
0 99
14 37
21 76
5 17
7 65
20 37
3 15
19 81
12 52
22 81
3 44
22 100
28 82
27 21
3 11
19 61
22 41
19 8
0 39
11 39
7 97
7 82
13 34
30 36
0 59
8 85
9 84
18 3
29 67
18 43
24 12
7 2
10 91
6 96
25 21
26 46
