60
5 5
30 90
3 68
30 42
27 30
14 75
6 14
24 80
10 53
26 69
6 67
15 48
23 6
6 86
7 25
19 52
15 57
22 49
30 45
30 17
16 13
26 47
20 55
3 86
12 89
0 29
12 50
11 97
26 83
16 98
15 29
8 92
11 68
9 70
24 67
25 30
26 31
20 4
13 86
23 94
10 63
7 89
4 88
15 34
21 21
22 23
17 53
8 39
8 42
4 85
14 7
6 17
23 6
14 90
17 26
20 38
8 2
0 71
1 88
21 66
12 34
10 30
27 85
28 93
3 36
10 33
18 38
20 73
8 69
5 62
7 60
28 57
24 79
12 49
0 40
18 16
27 18
24 73
3 41
2 25
25 84
7 87
0 56
17 3
6 48
16 9
5 9
0 66
13 86
24 59
2 53
29 61
10 74
18 36
7 100
29 6
17 71
3 73
23 48
16 27
8 28
11 26
17 42
21 5
17 41
29 6
8 6
20 35
22 68
20 74
15 63
20 39
12 60
9 13
19 16
17 53
19 39
8 80
9 95
6 59
20 97
29 91
19 49
0 73
9 25
1 82
8 8
29 86
30 48
21 37
8 21
20 78
10 21
10 35
25 36
19 17
9 23
19 4
17 54
22 71
23 21
30 48
4 15
8 73
24 61
3 54
3 6
7 30
10 3
28 49
28 68
15 73
4 99
13 91
4 78
24 82
14 20
21 92
13 68
19 31
9 95
27 38
5 99
8 15
5 35
0 27
8 8
7 9
16 15
24 77
16 79
28 31
0 64
5 60
1 8
28 38
24 72
16 98
10 84
19 82
8 30
29 22
22 89
17 67
15 30
22 27
25 84
6 34
8 94
25 83
26 25
24 22
16 85
9 31
30 31
0 62
29 75
19 94
20 78
5 98
20 9
2 15
7 44
8 10
10 10
30 19
16 57
13 83
6 68
18 50
15 3
2 42
19 56
17 67
30 20
20 65
10 91
24 26
27 88
13 10
4 49
28 98
21 35
17 46
21 34
20 90
18 82
7 77
0 79
2 68
28 82
7 53
26 84
24 47
17 21
14 80
12 85
25 2
30 22
9 46
5 23
21 83
23 56
25 63
10 41
1 9
10 30
11 68
3 85
15 82
8 93
16 27
24 65
29 90
17 39
0 96
12 13
0 1
15 6
2 13
19 11
2 69
5 69
25 81
23 90
10 28
28 96
23 71
18 19
19 33
10 94
9 84
6 79
3 78
7 7
28 13
21 90
25 35
20 8
7 64
19 99
17 65
9 24
0 2
5 53
30 24
25 68
11 23
15 59
8 86
13 4
21 26
28 54
5 66
6 3
6 64
13 79
22 89
12 6
10 94
4 75
7 84
3 96
23 99
2 75
3 49
0 91
24 83
20 20
5 89
0 29
16 88
23 24
17 34
29 87
20 60
0 71
4 30
5 3
10 33
4 48
12 25
28 92
27 58
22 10
21 41
5 71
15 44
10 49
8 23
19 8
7 46
27 36
29 54
1 56
14 42
20 73
12 90
4 54
24 67
11 21
18 97
21 38
3 34
25 35
1 64
14 81
15 19
12 71
5 32
8 18
15 55
3 97
3 84
4 86
25 28
24 26
22 16
8 12
27 16
12 19
15 33
2 90
7 37
28 10
30 74
8 91
28 14
0 92
13 80
17 13
0 93
9 40
14 88
5 16
30 83
4 87
30 5
28 6
19 14
12 79
19 87
15 99
11 88
4 76
17 71
5 98
11 62
13 57
1 70
24 63
17 85
3 70
29 7
22 14
10 57
29 90
27 77
10 12
24 46
