60
10 91
21 41
3 97
29 41
23 50
4 42
3 93
28 47
17 91
17 44
13 82
14 74
23 56
9 73
5 29
18 98
15 49
9 12
6 35
29 29
16 24
8 49
15 22
16 77
12 68
23 10
8 58
25 27
18 7
8 28
15 75
27 33
20 64
11 83
28 22
9 11
1 96
29 70
13 81
17 80
23 89
20 57
11 93
4 88
20 35
0 91
25 14
30 44
8 25
3 84
17 12
10 71
14 75
17 42
5 44
12 80
17 39
23 73
20 82
11 31
20 20
18 75
8 94
11 77
8 7
27 46
15 35
22 14
4 65
4 12
8 82
29 95
19 79
6 72
21 72
1 43
4 63
1 97
25 21
3 72
6 23
25 80
16 75
26 19
15 4
8 52
0 58
3 32
7 34
16 52
27 23
26 92
29 90
8 84
2 6
25 18
14 63
10 12
1 67
24 84
18 29
22 58
22 19
12 76
15 17
11 58
5 12
25 66
5 92
9 85
18 81
11 44
22 70
29 4
9 9
16 76
30 51
2 70
12 7
20 73
11 71
30 66
24 20
6 77
28 72
22 99
8 5
10 76
10 4
1 81
28 88
9 65
25 28
11 18
19 41
19 84
19 10
26 38
29 64
11 81
4 84
24 94
25 48
27 49
4 81
17 60
21 23
7 70
21 37
21 82
17 3
30 73
16 54
30 88
1 17
4 68
4 94
10 12
3 24
28 75
30 17
25 51
30 42
16 2
0 27
30 76
16 10
23 92
9 47
6 42
30 72
13 82
9 71
2 17
14 62
17 50
26 29
18 62
28 47
22 3
1 33
25 78
26 16
2 68
26 25
10 98
9 10
30 81
13 94
1 67
19 16
26 57
19 85
20 38
15 9
23 19
17 100
28 80
15 34
11 71
24 79
20 51
12 86
20 8
2 74
26 22
29 13
14 61
17 78
9 24
29 83
10 82
28 11
26 51
30 57
6 4
4 97
10 18
7 33
16 1
5 72
18 28
19 41
18 31
13 43
24 46
0 20
23 10
5 81
9 33
26 65
27 60
1 82
19 20
1 27
29 86
5 78
12 80
1 11
30 25
10 73
8 36
25 51
19 95
19 86
0 83
19 47
18 60
18 1
8 92
20 82
23 60
19 64
20 69
14 34
8 62
24 36
28 81
11 14
26 71
19 41
5 11
24 20
26 21
30 57
8 39
20 47
26 10
11 9
14 68
28 65
4 74
17 70
30 85
13 91
23 26
3 83
22 6
13 52
25 69
10 33
7 32
12 78
8 65
12 71
14 1
0 83
14 21
5 11
28 15
29 2
8 100
21 55
17 7
1 33
4 12
16 95
24 2
28 42
5 67
15 89
3 59
28 19
22 48
5 8
8 29
28 30
12 54
25 63
11 28
27 44
29 23
7 26
24 1
6 1
15 12
7 81
21 54
6 70
25 51
17 3
15 25
16 99
7 8
27 91
27 30
22 19
6 71
22 88
26 100
10 49
22 21
21 84
7 44
30 99
12 95
11 66
21 75
27 9
11 53
9 9
1 61
7 12
5 12
16 63
20 10
8 59
25 56
18 11
28 30
19 92
14 5
27 5
7 67
3 50
13 22
30 66
19 47
10 20
25 21
28 62
12 35
19 63
19 69
14 98
17 98
13 33
8 67
24 13
7 99
0 23
16 26
7 52
27 28
1 43
2 49
14 26
10 14
30 81
24 27
23 96
24 44
30 84
21 23
13 9
29 64
28 68
10 56
7 61
0 85
7 86
18 2
9 58
22 61
15 77
30 49
9 39
30 98
10 63
28 86
