60
18 100
10 84
1 11
11 10
24 82
15 89
26 56
5 80
10 10
6 25
4 99
9 29
12 75
15 52
24 90
5 86
9 37
7 89
21 1
6 46
3 88
24 48
25 18
26 16
19 13
29 26
28 16
3 11
18 96
2 11
21 86
25 4
9 39
14 75
4 40
16 51
4 25
21 90
30 92
29 11
17 8
25 37
7 52
11 62
27 56
9 33
12 26
9 82
26 24
0 100
0 46
18 23
27 92
30 21
1 98
6 87
12 72
24 38
26 41
12 45
29 38
5 11
7 43
9 2
7 36
8 68
30 39
9 72
4 47
4 74
8 56
7 55
15 29
9 90
7 73
1 9
22 52
15 43
6 29
24 34
1 22
29 100
26 98
2 86
26 50
8 41
4 72
8 96
15 48
14 14
10 44
28 69
25 37
19 98
3 69
16 55
0 46
0 74
14 18
1 86
28 74
9 67
20 88
30 89
9 47
12 98
11 20
16 18
3 14
22 14
22 80
14 9
22 26
14 81
27 67
14 88
25 47
27 42
14 10
19 76
1 4
29 95
2 31
13 6
21 17
3 78
29 65
5 10
18 86
19 58
10 95
24 61
12 59
28 8
27 86
26 23
23 29
15 11
29 97
17 5
22 70
4 19
10 22
11 17
6 93
23 98
20 10
30 63
9 92
24 45
26 75
7 39
1 14
2 33
23 28
30 70
14 28
20 66
26 66
16 52
2 97
22 4
14 56
3 67
19 98
17 17
12 31
11 99
16 11
24 81
1 82
3 20
15 15
15 69
25 99
1 17
6 18
19 13
16 37
27 72
8 47
21 59
22 37
18 88
21 1
6 41
19 67
23 95
21 89
27 64
17 54
13 16
16 81
6 21
30 67
16 95
14 21
30 30
21 49
20 25
9 23
9 37
1 78
20 27
2 60
11 29
9 6
4 100
4 63
7 88
19 59
15 60
28 29
21 11
7 2
24 51
0 41
22 50
2 65
4 14
24 96
10 72
15 3
3 88
13 11
18 24
23 2
30 5
8 21
0 43
23 94
20 62
30 48
1 29
21 96
16 78
20 30
22 48
7 8
1 99
29 92
17 81
1 2
13 69
1 77
7 14
26 58
26 18
19 70
7 89
23 54
7 30
19 33
30 99
26 11
11 74
16 32
4 33
29 56
12 57
18 16
6 68
24 54
24 64
9 24
5 14
7 36
20 48
3 100
6 52
19 3
11 29
4 58
4 64
24 15
25 1
1 10
12 89
6 57
7 11
18 80
9 100
28 58
6 35
8 17
30 81
2 87
16 43
20 65
28 58
18 85
22 37
1 21
20 88
3 13
17 32
27 55
8 54
5 11
17 39
13 77
1 42
0 14
8 88
4 57
25 28
27 88
20 38
5 86
13 75
3 30
24 35
13 75
25 18
10 51
7 3
29 9
24 98
29 87
9 43
8 86
6 63
9 68
17 63
18 70
7 40
6 42
16 57
27 35
26 83
16 40
20 14
12 52
18 4
23 40
1 80
3 26
20 20
4 5
22 76
27 10
9 39
14 14
17 91
16 40
29 65
6 19
17 94
26 22
15 20
28 85
23 73
21 59
1 91
10 34
30 13
14 59
4 37
20 36
1 66
27 60
27 11
18 99
8 100
28 65
3 36
8 100
18 62
15 47
9 26
19 9
24 14
26 5
19 73
10 25
25 64
6 44
26 47
24 64
14 59
7 60
30 61
12 87
20 28
10 77
6 69
20 78
16 84
9 26
13 93
24 63
25 15
23 19
18 100
9 83
3 22
24 57
25 81
8 15
26 65
