60
7 97
22 9
30 15
1 50
23 77
16 20
1 96
29 98
22 40
19 33
12 47
2 24
17 10
1 68
1 1
18 13
24 65
18 84
27 19
15 42
13 33
28 3
8 3
27 87
23 73
1 35
10 2
2 29
26 40
0 28
11 90
1 11
27 4
22 72
25 100
16 22
11 93
30 45
0 55
7 40
12 67
4 44
11 86
3 21
5 59
18 74
18 80
9 76
29 59
6 46
22 11
25 20
5 74
21 54
16 55
26 35
26 12
14 61
11 98
22 34
14 14
4 58
1 13
22 1
0 36
18 54
3 96
5 4
6 79
6 93
20 64
28 45
11 51
26 13
6 96
28 8
6 83
15 100
13 38
0 52
10 39
13 75
23 33
3 49
3 34
0 85
4 34
13 63
5 63
26 26
25 68
28 15
23 53
8 88
18 68
30 20
28 94
28 26
1 41
17 89
2 48
24 77
9 25
29 64
3 12
30 11
25 45
3 72
14 47
8 41
6 12
20 88
0 30
25 32
29 38
23 73
12 37
14 76
6 27
1 50
25 59
2 67
29 88
26 36
2 59
0 32
30 33
23 74
20 55
6 17
14 37
14 83
10 86
27 80
21 59
30 12
30 23
3 60
18 43
3 98
23 71
9 44
18 80
8 23
17 35
30 59
21 8
12 37
1 31
27 18
19 63
2 39
19 10
19 75
30 5
26 90
25 28
10 93
20 95
6 62
13 5
16 36
26 73
18 98
2 8
26 54
24 84
3 20
8 99
14 71
4 24
22 73
8 39
16 61
25 68
11 49
9 8
18 84
24 5
12 19
18 1
15 91
28 98
0 56
3 57
13 17
17 32
16 30
5 45
14 43
11 30
6 96
24 14
16 59
12 35
15 24
10 58
23 82
19 25
2 2
0 53
7 61
16 91
7 21
12 58
2 71
5 96
25 27
11 31
4 18
23 19
23 39
27 62
17 15
24 13
24 69
11 11
2 85
25 85
30 37
22 4
19 17
14 43
8 22
14 60
11 100
18 60
15 87
29 48
16 47
14 49
13 6
30 52
26 96
0 21
3 92
8 5
4 88
29 93
6 17
23 100
13 75
26 82
12 94
14 26
12 90
7 37
14 30
11 62
29 27
25 88
26 77
1 11
9 78
18 32
0 90
22 42
17 77
21 4
30 13
25 62
22 58
5 57
18 4
5 77
1 14
29 84
9 25
15 62
30 66
19 58
6 87
1 89
24 69
29 32
13 81
30 61
20 13
16 32
21 20
2 96
14 6
16 51
5 26
16 52
7 85
18 47
15 68
15 33
3 50
19 61
23 51
5 89
17 62
20 36
19 70
21 69
2 20
14 7
12 67
5 40
16 78
8 12
0 97
25 45
11 80
3 68
13 58
8 60
29 49
19 6
23 41
4 46
20 67
7 4
19 94
1 54
20 99
29 8
9 62
5 26
16 33
15 48
29 40
27 28
4 68
23 33
14 80
11 62
29 79
24 24
7 58
15 36
4 97
24 59
17 96
19 36
12 77
21 50
1 58
18 58
9 72
17 3
14 5
23 76
10 91
24 67
20 95
16 78
21 89
15 69
24 52
30 19
3 62
24 98
12 35
29 96
29 22
17 28
19 76
2 21
25 35
2 38
10 50
21 56
28 52
7 33
26 60
25 30
13 48
22 76
20 67
27 51
25 64
22 42
19 81
11 4
0 80
23 47
0 60
15 21
21 50
4 47
18 91
23 35
2 53
30 95
23 73
30 8
20 100
4 54
21 27
15 13
17 55
20 71
3 51
4 47
12 63
4 70
18 26
