60
22 38
1 17
11 52
21 35
20 77
30 53
8 65
1 97
12 78
22 31
26 11
12 95
3 18
29 9
23 15
9 7
17 10
24 92
18 37
0 48
17 85
16 8
30 29
15 79
7 19
13 59
17 4
27 17
20 6
15 97
25 98
19 10
21 6
28 56
6 6
6 73
14 80
29 43
19 56
7 77
19 18
16 50
29 80
10 21
25 95
28 4
29 53
3 94
23 78
5 33
6 6
29 3
29 87
23 65
17 96
27 64
18 100
4 32
20 47
30 43
23 36
17 67
9 18
13 85
29 22
10 23
17 58
1 72
27 41
18 2
7 59
22 41
27 98
24 74
14 34
22 89
4 37
3 49
17 89
8 98
16 97
1 80
3 76
8 76
26 38
22 76
15 51
25 67
30 5
14 54
30 24
30 12
15 76
14 67
13 18
3 70
6 69
3 84
11 27
4 18
2 10
1 78
11 60
15 9
7 1
16 95
10 3
0 34
24 5
5 4
11 15
5 26
11 95
8 55
23 94
17 16
20 73
17 95
24 79
26 56
30 69
29 72
2 38
1 29
7 25
27 90
21 67
19 97
17 74
0 96
18 88
17 64
4 30
7 99
18 58
23 42
15 21
21 88
13 67
11 58
14 27
8 93
1 75
22 19
29 62
3 62
12 32
30 66
11 50
11 72
27 70
11 90
29 80
4 15
26 35
6 98
10 44
26 97
5 15
27 95
5 84
13 24
24 32
30 17
19 86
30 78
14 58
6 53
25 15
23 25
13 32
14 40
11 3
28 81
0 75
10 87
24 35
24 58
29 10
3 70
23 96
1 63
5 13
25 78
30 52
7 36
10 33
24 74
1 70
12 35
1 52
10 77
11 66
17 76
1 99
28 37
26 22
15 71
1 60
1 97
3 11
21 100
28 80
13 89
7 22
0 94
4 54
24 84
12 5
0 76
24 13
4 55
27 30
13 63
0 46
5 21
11 10
23 80
7 2
17 27
20 80
18 66
28 36
14 75
19 26
5 37
24 91
3 80
29 2
6 83
28 61
20 1
4 45
23 50
9 82
28 91
14 73
27 79
3 47
10 66
28 32
14 4
18 50
20 32
28 5
15 46
1 43
10 6
24 46
20 74
18 3
29 67
13 27
17 2
16 26
7 27
2 64
4 36
1 92
21 1
29 16
11 58
12 66
10 14
3 73
7 3
6 88
30 55
20 44
23 43
11 95
23 20
8 97
1 77
15 56
18 83
22 29
27 86
4 59
21 67
9 4
19 8
18 4
5 55
8 28
27 44
17 95
18 51
19 25
10 2
27 19
2 6
14 46
26 65
19 23
6 23
27 48
22 63
23 54
13 43
2 25
17 69
3 52
17 50
27 32
28 85
24 40
25 92
9 6
4 56
9 29
4 30
10 15
2 17
15 52
26 47
6 48
19 69
18 62
8 41
29 85
8 94
23 65
9 91
15 83
26 53
17 67
2 15
2 55
19 86
19 52
11 68
20 94
10 47
18 21
18 66
13 17
7 63
1 25
5 31
17 48
21 81
8 14
9 88
21 61
14 15
16 10
13 12
19 84
22 63
14 94
14 18
30 41
29 41
5 92
14 5
5 86
27 9
29 55
7 3
12 8
18 84
25 81
15 61
18 58
30 96
24 3
6 78
0 42
16 74
25 85
22 62
5 11
11 52
25 72
3 22
22 87
13 30
24 97
22 22
22 6
23 38
4 94
24 27
6 26
7 79
24 70
17 43
28 21
30 93
7 8
28 67
1 23
3 71
3 57
28 79
0 53
23 64
20 93
15 39
