60
22 20
1 13
26 26
8 86
0 99
15 100
23 56
0 11
4 63
8 41
2 62
24 19
23 81
23 44
0 38
6 21
14 34
27 53
28 86
12 8
30 71
29 98
13 70
9 58
19 64
18 22
29 99
24 97
29 57
18 62
20 16
4 75
17 28
30 29
19 98
29 43
27 7
29 76
28 53
3 58
16 80
19 77
23 63
15 31
30 23
9 10
16 5
25 6
16 59
3 67
1 41
12 94
2 65
13 71
28 5
10 63
13 63
12 24
1 6
4 78
22 66
23 90
11 7
9 35
12 74
8 70
14 21
26 48
25 95
13 1
27 91
25 28
9 91
0 17
17 66
30 41
28 54
21 2
15 49
10 44
24 81
24 19
13 76
26 95
0 11
12 36
21 100
27 94
0 22
5 5
6 83
1 67
19 64
22 51
29 74
15 19
6 9
18 34
17 48
18 83
24 53
15 77
0 42
25 75
11 43
10 10
10 51
30 26
29 8
6 47
7 40
29 17
14 44
8 89
0 18
14 91
12 57
6 60
18 53
27 35
22 47
1 98
9 62
10 13
29 30
26 31
11 72
18 62
26 2
2 91
19 46
14 30
2 42
9 57
27 68
17 72
7 37
2 85
23 41
23 93
23 93
15 36
13 3
3 64
13 26
27 80
14 16
0 14
27 35
12 65
24 5
14 32
17 79
28 46
17 12
9 43
19 99
20 67
14 42
11 81
17 75
6 95
15 47
14 81
30 73
21 5
14 79
21 47
11 58
23 25
28 66
1 42
1 26
3 26
18 41
13 96
17 96
13 55
25 68
15 96
0 62
9 74
30 55
12 33
18 86
10 21
13 35
4 6
25 79
16 40
28 42
3 2
22 80
20 49
7 72
15 76
3 22
6 85
14 59
8 19
25 56
11 93
8 79
24 60
5 51
29 93
29 73
10 48
7 77
20 72
9 76
16 80
19 17
2 94
28 93
23 90
11 90
0 70
22 39
20 10
27 27
8 28
22 98
20 20
17 22
20 92
12 37
24 55
30 89
8 14
1 59
30 85
17 82
26 9
17 41
15 9
0 11
21 3
25 98
18 22
25 24
7 74
20 30
23 86
23 20
27 68
12 23
24 7
14 10
1 13
29 78
3 19
7 62
28 6
12 54
15 25
15 25
16 17
7 100
24 27
13 56
12 93
14 71
21 68
29 33
27 20
24 50
11 66
15 70
6 43
8 85
14 55
26 69
4 11
18 100
0 14
13 2
1 77
7 72
28 37
6 26
13 95
20 45
27 42
13 75
13 80
14 71
30 18
8 63
23 33
5 6
4 66
22 92
15 39
10 10
18 39
7 48
21 53
25 90
1 24
1 7
0 13
3 88
10 64
0 84
13 63
29 5
7 27
0 50
30 74
9 6
22 60
21 25
25 77
12 48
22 15
10 67
8 18
7 48
5 51
11 43
29 29
22 33
30 84
10 38
23 65
4 28
14 82
6 4
9 94
14 59
13 21
23 48
16 85
25 17
17 89
5 16
22 39
14 41
18 69
28 3
14 82
27 69
11 31
14 14
15 71
24 16
13 79
14 61
8 30
16 70
16 32
15 68
3 21
10 66
8 21
12 53
5 5
27 94
6 81
24 85
19 27
12 8
0 78
1 42
11 24
21 55
23 98
4 56
1 74
18 74
13 39
24 95
25 2
15 16
14 21
24 2
16 22
11 69
6 91
6 27
30 46
10 69
5 20
29 30
16 16
30 54
19 62
16 10
1 46
26 99
3 86
25 48
1 68
13 13
24 8
14 46
24 75
28 7
12 41
