60
15 21
28 28
15 18
2 50
7 47
5 49
12 86
23 40
3 81
11 88
24 32
9 75
7 16
18 99
29 85
2 63
22 83
18 6
10 54
11 47
6 29
27 18
0 34
9 31
4 76
7 49
29 20
17 88
9 89
20 29
28 38
17 50
19 46
27 100
3 39
2 20
19 96
15 50
1 56
1 86
24 81
20 88
6 89
17 96
3 86
15 36
28 46
30 90
29 6
7 47
2 46
9 3
21 65
1 53
15 87
22 3
9 5
2 76
10 71
18 92
23 77
13 59
8 28
11 96
2 31
30 31
30 10
11 100
27 92
26 61
13 81
11 30
26 70
27 75
16 14
19 35
18 87
6 19
24 67
24 44
19 56
3 87
30 69
18 78
20 94
3 18
15 89
15 92
26 10
20 99
24 16
7 81
16 26
16 85
6 89
4 65
21 86
10 71
30 80
8 93
19 78
1 99
4 68
9 13
26 74
12 27
30 69
10 39
6 87
21 27
5 77
21 80
28 33
1 88
0 87
17 36
22 14
10 62
7 18
4 84
29 17
22 97
15 25
18 60
22 18
24 74
5 93
16 10
13 97
5 54
15 8
6 5
3 81
27 41
17 27
18 80
3 72
6 52
9 74
0 42
11 63
17 22
14 29
13 28
5 74
5 75
16 13
2 56
26 67
6 31
2 58
3 96
11 8
4 64
24 65
8 7
18 83
14 78
15 73
17 19
23 100
3 60
7 3
9 43
11 73
27 59
19 13
5 60
18 64
7 38
21 33
14 96
20 47
13 46
26 44
19 84
23 14
14 22
24 58
7 61
12 25
18 71
5 54
16 75
15 87
15 90
27 71
24 4
24 54
3 3
14 12
5 10
4 50
1 24
12 13
25 85
8 78
8 21
13 15
29 70
11 97
22 71
21 78
4 83
24 91
11 86
20 85
30 15
5 84
23 55
0 29
26 93
20 18
26 84
29 61
5 91
2 49
7 10
16 2
16 77
24 24
21 10
25 93
13 14
12 57
9 86
1 86
23 13
14 25
19 6
29 65
24 26
30 41
11 88
14 94
29 9
22 48
6 27
23 94
7 37
2 9
16 39
4 64
17 90
20 35
30 90
12 87
13 17
30 43
2 45
19 19
9 68
12 91
7 88
13 91
8 6
4 49
0 81
4 24
11 70
19 95
18 58
30 72
11 78
6 7
29 14
29 62
21 73
23 16
18 18
10 23
11 20
11 70
12 21
28 10
24 82
17 26
5 11
6 9
27 42
2 34
18 73
14 59
20 78
13 83
13 9
24 66
16 71
24 14
6 1
24 39
15 2
10 65
23 7
12 16
14 11
13 36
7 57
11 53
22 3
9 49
19 89
16 74
1 9
1 74
30 49
25 89
18 9
0 11
12 3
0 70
19 56
21 79
17 31
1 17
17 22
24 91
19 22
18 72
15 59
1 34
30 55
18 11
15 26
11 81
27 79
24 15
2 40
8 69
12 26
2 92
30 18
15 64
12 37
12 49
11 79
26 50
22 68
18 48
21 71
3 13
19 51
12 14
12 37
11 52
27 70
3 58
28 28
27 35
3 95
16 38
27 59
7 57
5 86
12 69
11 98
28 79
9 8
14 60
10 57
17 15
20 12
6 20
5 61
14 89
28 73
12 98
21 4
1 28
11 44
3 64
23 82
13 49
19 35
22 6
25 82
5 96
11 48
14 89
9 9
17 10
15 31
3 2
23 38
15 80
1 26
7 49
18 33
30 22
8 49
13 80
17 64
10 45
29 87
16 40
16 31
27 40
11 72
1 81
9 2
