60
26 10
13 87
9 67
30 74
11 36
3 38
30 72
18 54
2 91
4 24
18 81
29 47
18 99
18 50
30 39
24 32
0 3
25 11
18 19
21 82
9 16
11 1
26 86
5 85
18 39
23 64
7 3
11 45
10 26
18 23
20 95
23 23
4 75
13 11
11 54
3 74
11 70
7 76
28 23
23 33
26 73
7 59
20 8
21 35
8 30
4 19
6 61
11 99
12 57
20 32
1 75
24 95
28 84
17 93
0 94
18 6
7 71
28 50
14 30
12 7
29 23
1 91
7 18
30 33
2 76
29 28
5 88
5 67
1 41
28 58
6 61
4 67
1 100
12 79
1 23
10 25
25 5
22 39
1 71
16 17
8 97
19 74
7 83
7 77
30 87
14 13
24 67
6 99
1 70
6 72
11 18
6 67
26 44
14 56
14 9
10 66
2 72
26 52
14 61
12 92
5 56
9 40
10 1
10 87
2 35
28 13
9 34
3 11
12 90
19 39
25 25
22 26
13 18
26 4
1 92
16 1
29 50
3 99
14 37
30 58
28 48
17 95
19 26
7 18
19 64
26 54
4 34
24 78
4 83
17 76
11 64
11 24
20 77
2 70
30 6
24 97
12 44
19 61
1 66
23 53
7 32
12 73
5 39
4 8
4 54
27 59
17 30
1 29
11 41
0 22
16 74
14 55
7 82
27 33
26 36
2 48
28 4
22 93
27 99
2 54
12 33
9 31
18 76
5 18
28 99
19 4
11 44
2 6
4 100
29 73
23 91
17 96
2 46
16 21
9 33
15 61
29 14
25 34
28 61
3 92
4 60
16 69
3 36
16 10
7 45
30 70
29 29
1 11
10 17
22 62
27 4
13 69
5 81
3 41
15 71
0 35
30 16
19 11
29 47
6 43
0 12
0 86
29 53
26 42
3 97
14 66
15 78
19 85
11 75
2 8
24 99
15 91
17 3
14 40
14 52
12 74
21 33
19 34
12 64
30 46
20 1
2 26
26 84
14 47
10 92
5 80
14 49
24 4
23 74
26 22
21 95
29 25
19 67
21 52
6 49
11 95
6 95
11 87
28 45
25 75
25 39
10 10
16 15
12 26
27 74
19 42
1 47
8 88
15 34
21 77
1 40
29 40
6 61
6 74
14 60
25 81
22 92
14 67
20 22
1 39
23 57
3 31
9 25
11 6
18 8
25 75
30 22
15 28
9 87
29 39
16 63
22 37
29 29
13 51
5 98
9 63
2 85
26 82
11 26
13 71
27 71
26 4
2 44
3 80
9 43
21 49
2 36
2 23
21 14
23 71
21 9
30 58
14 96
29 18
23 65
11 25
9 82
11 32
17 70
3 46
15 32
19 71
4 78
25 4
17 89
14 14
21 12
9 8
26 36
22 10
28 58
27 34
13 84
24 82
13 49
5 28
27 24
2 51
6 52
15 27
9 98
12 26
8 76
3 17
9 72
8 89
6 50
8 86
13 67
1 28
27 19
26 75
0 58
27 70
1 90
30 58
26 79
13 48
14 60
11 62
7 1
8 14
15 95
15 88
15 39
30 36
12 78
14 85
8 65
28 9
9 66
18 11
12 17
20 52
25 19
0 35
15 30
28 17
28 3
27 25
26 15
9 75
10 64
8 70
11 54
14 88
22 21
30 12
1 97
4 71
17 15
7 80
8 19
5 82
13 50
2 24
12 15
7 65
1 16
0 57
2 72
17 82
5 90
15 31
13 97
4 88
19 15
7 38
24 52
25 48
14 63
23 26
7 37
20 34
0 42
1 32
4 36
28 25
17 66
27 84
