60
14 32
16 30
1 50
16 59
29 34
14 77
6 37
15 91
23 29
27 18
20 5
27 59
28 79
5 42
11 76
12 73
13 94
12 87
13 52
24 56
6 55
22 65
24 40
28 95
7 2
22 61
18 26
7 71
22 17
3 93
21 78
26 46
21 52
3 38
28 71
23 99
26 34
20 1
8 90
8 100
3 46
25 29
10 81
3 2
19 50
26 94
23 56
30 56
2 64
21 70
1 60
11 32
13 57
30 42
25 76
28 55
24 68
19 69
18 77
0 100
24 45
18 14
22 35
4 13
20 71
25 80
10 76
0 29
12 19
12 75
26 78
9 98
7 94
18 98
17 44
18 83
30 75
8 77
0 11
12 60
20 67
9 90
5 74
0 70
20 76
1 60
29 22
27 7
1 15
23 70
23 89
1 39
1 30
22 9
21 75
20 94
13 39
4 64
13 99
2 88
30 9
26 96
23 38
27 75
14 62
3 59
0 17
8 72
7 93
3 40
8 32
3 78
11 11
26 8
10 51
20 1
1 59
16 89
22 87
28 41
15 14
11 73
8 2
13 19
29 55
17 53
10 49
13 94
15 26
1 20
16 47
2 81
30 17
10 35
7 76
12 80
7 55
14 90
18 79
24 47
22 89
10 39
3 27
25 15
10 64
15 63
0 83
0 49
14 53
10 68
24 11
30 59
26 62
22 13
0 26
26 40
28 57
11 72
19 51
11 81
11 2
7 78
23 98
12 96
6 70
20 78
16 29
5 9
16 37
5 96
18 39
10 40
0 77
24 26
1 49
12 81
14 69
17 60
7 80
13 58
11 68
19 54
25 18
29 92
29 35
14 15
16 91
16 99
27 11
9 54
20 62
26 30
22 8
21 21
10 27
30 92
9 37
2 45
11 19
18 86
25 8
4 100
9 72
10 47
21 12
30 83
21 1
15 23
11 8
5 96
8 30
24 26
5 87
17 80
30 3
5 67
6 47
1 78
8 2
28 1
11 16
9 47
22 78
25 89
30 93
5 81
16 69
5 48
1 25
0 61
6 19
15 1
24 45
19 73
12 39
22 68
19 14
30 72
28 44
11 60
24 71
3 65
10 71
27 86
8 78
0 22
3 44
4 17
3 58
29 57
2 82
15 32
22 12
22 40
1 19
8 19
14 15
26 8
1 33
15 3
4 11
7 2
10 43
8 76
27 47
15 19
2 3
13 93
4 26
30 58
20 59
11 27
23 71
22 81
0 75
21 39
30 100
28 85
10 96
5 64
10 84
17 3
21 75
21 43
14 13
14 38
14 19
23 13
17 58
24 91
17 32
14 84
15 63
22 15
1 26
23 31
8 56
11 73
2 54
13 13
19 45
18 65
22 90
1 58
15 64
23 94
17 69
5 26
14 95
2 71
10 29
25 49
9 100
11 78
4 22
19 11
27 75
10 67
29 2
10 87
21 9
1 11
12 8
13 93
21 94
28 42
18 30
28 52
29 23
27 13
10 45
18 46
18 18
27 7
27 71
2 63
20 67
24 67
20 79
5 35
28 18
12 73
8 84
8 72
29 81
12 53
13 92
30 5
9 13
12 69
20 12
3 40
0 94
4 62
7 18
0 56
11 69
12 14
28 30
1 100
22 88
5 8
23 44
17 28
8 64
27 28
27 58
10 79
10 81
26 98
3 53
13 82
2 28
11 76
25 64
15 67
8 92
10 1
12 94
13 93
30 88
1 40
6 34
29 66
27 51
22 73
25 10
12 77
20 33
29 56
14 35
8 78
27 55
23 49
12 85
24 37
17 94
4 53
19 66
10 83
