60
26 62
12 15
24 93
28 68
16 54
27 12
2 93
0 87
22 20
20 20
12 35
16 41
13 65
0 72
26 82
13 1
3 58
23 87
23 94
6 29
30 68
13 73
3 52
17 58
12 41
10 5
8 14
0 67
13 66
24 47
14 82
19 5
30 77
18 37
12 52
9 82
18 42
28 93
4 55
1 51
5 100
5 51
10 21
6 11
29 47
8 10
21 26
2 57
20 36
13 5
26 87
25 97
10 37
20 81
30 49
26 68
2 1
2 60
16 51
25 10
10 42
4 100
18 95
7 8
11 1
28 8
30 18
6 36
4 22
21 36
2 82
13 4
10 19
20 38
4 32
26 15
26 85
9 1
20 72
7 88
16 47
15 88
19 99
24 80
10 92
15 75
4 37
10 43
25 38
22 33
27 30
16 8
22 91
28 80
7 10
6 88
4 37
4 47
17 96
10 61
9 14
8 75
15 61
25 78
9 4
29 29
4 91
3 25
4 85
12 43
9 9
16 99
29 35
13 28
0 95
3 70
0 49
14 29
9 14
13 43
21 64
9 7
15 44
5 13
22 2
30 97
5 27
30 88
27 63
25 89
0 77
14 27
29 19
10 49
28 90
18 8
3 1
28 59
26 24
7 59
18 74
16 61
25 19
6 34
27 67
29 28
7 16
15 43
24 76
17 10
11 97
25 27
23 24
13 47
5 19
19 28
11 71
24 26
17 72
11 47
5 83
25 26
18 23
14 87
25 1
24 37
10 63
25 46
8 17
1 86
26 54
11 68
15 23
13 77
23 81
10 37
11 28
5 67
7 76
1 71
9 5
3 67
11 66
18 70
0 84
13 90
22 43
16 53
20 23
7 37
25 8
9 71
1 63
8 45
9 4
26 74
18 6
6 74
8 67
11 87
16 45
8 28
28 5
25 31
21 75
28 16
27 99
0 99
21 32
1 17
28 53
30 61
23 44
17 10
29 75
10 86
1 8
7 82
6 99
5 77
9 28
27 25
26 17
16 93
8 57
5 2
23 47
21 53
10 90
1 46
13 86
29 57
15 29
10 47
21 88
18 47
4 75
20 20
16 47
21 31
15 67
27 6
5 17
21 42
12 100
1 5
18 81
27 55
18 13
18 21
4 2
17 81
8 55
10 14
6 41
15 33
13 98
2 93
11 1
23 20
6 62
22 94
7 98
5 3
0 4
15 74
12 21
2 30
6 14
0 58
20 79
29 14
26 39
17 27
12 33
9 41
14 58
5 71
16 27
30 33
24 13
15 39
25 68
14 91
23 17
30 58
30 76
4 53
13 23
9 48
6 75
24 79
22 20
5 57
7 15
14 43
17 18
4 44
4 41
29 77
21 12
0 37
22 2
1 100
7 78
9 87
29 3
25 34
16 20
13 38
26 70
18 77
16 26
11 25
15 89
18 68
2 10
29 32
7 78
10 45
29 62
11 12
10 46
6 57
22 49
16 99
9 4
17 32
0 13
12 65
6 70
3 40
26 36
10 50
25 86
8 73
13 36
23 5
21 8
7 76
19 69
23 15
11 61
3 69
1 4
19 33
2 6
7 90
28 88
7 38
6 77
25 53
23 32
16 11
13 58
3 52
18 98
7 92
20 54
21 7
25 6
1 27
17 23
19 24
27 93
0 17
27 46
5 4
28 85
23 15
15 74
29 23
18 60
12 39
18 32
17 40
24 45
25 29
6 13
20 7
24 54
20 13
15 75
5 52
25 46
4 6
3 49
18 45
2 34
27 36
22 37
13 64
24 65
1 15
2 65
1 81
2 75
6 55
7 15
14 17
