60
13 84
24 37
10 13
11 12
6 74
5 21
1 70
5 38
0 74
19 7
8 71
10 95
9 20
23 53
15 29
1 79
6 21
9 60
0 62
23 2
8 66
30 93
18 32
28 83
17 8
8 73
30 24
23 32
2 92
2 25
13 23
16 92
4 31
7 17
19 47
7 58
25 72
2 88
21 40
14 93
5 67
29 25
18 95
24 84
10 14
16 69
27 53
4 10
29 8
29 34
3 20
17 34
15 79
21 72
9 36
29 63
17 46
24 20
5 12
6 13
26 70
9 75
9 59
0 92
15 52
15 56
11 90
19 40
1 25
5 67
11 32
25 54
2 79
22 35
6 84
7 82
21 9
22 90
19 23
10 38
15 95
12 12
4 60
27 15
13 47
0 40
3 68
8 18
13 83
23 32
28 86
18 7
3 11
2 31
23 40
4 63
12 2
6 53
1 80
30 87
2 74
1 87
13 32
18 17
1 92
6 79
13 12
17 97
11 15
28 14
17 14
11 87
12 63
8 35
5 39
6 96
14 89
26 7
29 55
12 33
30 5
26 68
6 51
2 16
28 25
5 4
24 34
14 42
30 73
30 44
23 100
4 3
14 95
28 47
16 72
22 59
25 7
13 56
19 86
30 36
4 40
7 17
12 7
13 78
25 15
14 75
21 22
1 4
7 26
28 90
22 23
14 85
0 78
5 80
27 32
23 48
17 70
17 65
12 13
21 87
25 91
29 54
21 15
0 18
28 17
15 63
7 100
5 35
30 97
20 65
18 94
12 53
7 81
4 46
2 81
12 87
30 99
25 49
9 58
26 50
14 1
12 50
6 70
24 10
22 6
5 42
21 7
0 71
0 24
30 2
20 79
30 2
22 34
28 11
18 10
11 60
0 3
6 89
2 27
30 69
17 59
14 48
14 7
21 88
7 76
8 24
21 39
13 24
16 43
26 3
13 87
22 78
24 71
19 97
2 87
0 93
14 89
17 82
2 88
11 59
20 53
30 89
14 26
29 20
28 27
14 22
24 64
25 58
18 94
20 59
27 98
29 100
5 85
17 2
29 19
22 76
16 48
19 89
23 50
17 77
26 5
30 7
27 100
20 44
11 18
11 71
5 21
1 18
3 51
14 7
16 65
0 52
23 68
11 47
4 4
13 63
11 70
6 3
5 18
28 10
28 84
3 38
27 53
24 39
7 66
14 98
25 42
25 21
29 92
19 79
14 37
28 78
26 81
29 58
26 97
1 34
6 95
17 28
2 40
0 21
21 95
28 35
30 31
5 9
19 31
6 81
27 47
18 67
10 87
29 80
4 65
21 22
25 52
10 50
29 90
11 64
29 59
7 66
10 15
12 36
2 89
24 83
8 8
5 45
19 80
2 34
6 33
14 1
20 89
20 66
11 16
14 51
20 66
25 77
30 77
25 88
30 48
20 29
14 96
7 9
22 14
22 82
22 28
28 6
19 77
0 8
20 85
3 74
5 26
0 23
20 74
8 36
20 57
23 74
11 54
11 83
0 55
16 26
16 49
22 35
3 98
3 46
29 67
0 65
3 55
28 77
3 21
24 50
7 23
9 39
30 56
15 2
15 58
15 29
4 41
29 10
13 66
15 32
21 59
29 16
14 45
25 61
0 12
26 86
25 28
17 60
27 52
11 16
9 5
2 99
16 12
21 98
22 46
1 32
26 60
30 67
13 41
0 82
14 62
5 18
6 82
30 30
1 9
10 28
23 96
22 49
18 54
1 68
19 63
10 38
7 75
10 34
13 1
20 57
4 57
15 70
16 3
5 20
28 36
19 14
