60
12 60
29 88
23 16
16 60
18 30
6 31
19 100
9 52
13 39
29 14
3 16
22 10
30 18
25 86
7 3
20 98
11 19
7 62
8 68
5 70
10 4
17 81
5 33
3 66
21 6
14 66
24 43
16 40
25 93
29 66
0 16
25 47
22 43
30 90
24 86
7 2
1 83
2 52
20 58
1 81
27 75
14 30
7 14
23 60
17 57
27 18
6 75
27 38
13 27
20 74
17 32
17 71
29 24
17 68
28 93
15 64
18 60
22 29
2 10
12 32
0 7
12 90
3 55
10 59
15 22
9 20
12 32
0 27
23 42
3 21
3 84
0 81
21 97
15 44
17 8
24 14
12 51
11 26
25 60
12 46
2 28
25 53
9 40
11 33
4 14
4 41
11 42
12 13
24 13
16 83
13 99
4 87
10 94
20 54
30 35
27 82
30 82
21 88
4 54
14 1
25 64
23 9
6 83
2 68
23 72
21 78
21 11
20 56
30 30
23 82
15 27
4 14
30 61
27 93
4 99
22 81
12 64
24 83
6 51
2 13
14 87
5 38
30 65
0 3
21 69
6 26
17 8
25 71
15 68
19 92
21 70
27 94
18 35
11 77
2 20
19 45
24 49
10 58
29 26
3 89
1 70
26 78
12 85
1 87
24 69
27 13
14 87
29 73
15 30
26 27
22 96
30 11
25 49
3 41
17 62
12 94
0 87
0 80
1 84
16 44
29 17
12 93
11 44
19 21
5 41
0 77
4 50
0 54
26 2
22 77
29 22
30 12
2 77
2 21
13 81
28 85
26 23
25 74
8 10
1 29
28 48
11 41
12 95
10 83
15 14
14 1
21 62
13 67
1 39
1 87
1 80
18 70
18 80
21 65
18 99
0 43
12 23
4 33
29 46
16 1
23 48
16 60
29 50
0 90
2 31
6 80
5 56
16 97
19 35
12 79
25 19
5 35
2 70
4 20
29 12
13 44
23 78
29 2
23 75
6 54
12 53
16 48
0 49
26 1
8 33
1 30
13 47
26 1
3 12
15 50
24 86
5 8
21 9
17 91
28 87
3 25
8 68
24 79
14 14
27 65
2 2
4 49
14 63
22 45
22 13
20 78
17 32
9 20
13 76
30 87
30 97
14 89
19 87
5 66
3 10
22 44
11 55
10 62
23 27
13 31
29 21
25 67
7 80
17 22
16 90
27 25
15 31
21 46
21 92
10 79
20 73
24 80
28 80
2 22
9 68
12 48
21 36
2 27
27 69
3 3
4 82
23 83
3 38
19 81
11 44
25 7
17 21
29 16
10 86
6 27
4 26
26 10
29 53
22 61
0 44
1 55
10 42
18 85
4 61
21 75
27 90
30 18
12 53
29 71
8 18
16 43
17 5
20 93
13 55
30 76
24 10
21 80
22 57
10 75
16 56
29 93
19 90
6 17
27 73
28 86
29 79
12 24
0 76
29 85
0 6
17 30
0 57
6 39
21 2
24 9
29 50
12 17
4 14
13 57
19 79
7 92
1 49
29 54
10 29
4 85
0 82
17 65
2 23
28 89
8 99
14 45
20 85
22 69
10 73
5 84
29 33
6 55
30 87
30 98
9 99
12 82
22 39
10 39
11 79
28 51
8 12
27 25
25 49
7 50
17 30
12 8
14 61
28 95
25 46
29 32
6 82
24 61
13 33
29 36
9 17
5 40
8 50
9 23
14 58
7 88
9 55
23 70
2 31
20 26
28 25
13 26
18 32
15 68
23 8
28 9
0 89
27 18
26 9
26 36
13 68
12 6
17 45
18 76
4 92
20 43
