204800
19 93
22 98
23 2
13 60
30 57
17 81
26 99
23 96
6 53
27 40
27 15
6 54
12 3
27 49
4 68
4 98
4 26
23 72
23 47
13 55
14 30
30 38
1 100
1 67
1 17
6 69
12 18
12 71
30 80
27 68
8 77
24 79
2 70
11 71
18 41
15 21
4 100
3 78
28 57
14 86
27 22
0 61
5 38
18 90
1 86
16 50
2 58
15 80
1 1
17 71
30 69
20 19
9 59
26 95
27 84
20 91
6 87
21 27
22 15
8 7
17 13
1 21
17 35
25 40
18 51
1 55
15 83
0 86
3 88
10 86
28 37
4 85
25 15
21 57
4 62
29 96
10 69
1 11
29 30
4 95
7 29
26 5
30 43
15 75
22 6
26 32
13 99
7 88
0 69
25 19
9 52
7 84
8 76
8 26
0 43
28 95
6 85
10 95
7 5
21 21
11 48
13 73
25 13
4 20
10 28
14 39
14 90
13 100
30 29
23 16
25 36
6 65
6 13
24 23
9 81
4 95
3 64
20 55
18 27
16 93
23 50
11 84
20 74
28 99
12 90
6 69
30 66
13 17
23 83
0 12
8 39
25 84
18 48
23 2
15 92
20 28
6 39
7 98
20 44
17 98
15 38
8 11
1 46
24 97
0 16
6 44
29 12
8 66
26 97
2 26
22 36
3 19
25 3
2 34
21 11
4 20
16 21
26 64
8 83
7 63
12 83
17 27
18 54
4 11
22 33
10 2
23 84
12 74
19 100
14 59
19 41
19 91
11 69
26 5
21 29
12 73
22 73
11 39
7 82
4 58
15 69
24 38
28 14
20 92
15 99
8 86
28 39
25 43
24 31
5 49
24 80
26 6
26 65
30 49
19 89
17 12
8 13
24 70
10 30
0 59
0 84
23 5
4 67
21 55
11 59
6 97
0 38
12 77
25 57
7 83
17 34
30 2
8 34
1 28
20 29
19 23
8 59
21 21
23 84
29 59
13 59
12 5
25 3
16 9
22 71
5 77
15 59
8 83
10 54
19 22
3 96
16 82
12 63
23 64
18 25
6 96
20 72
28 18
8 16
19 94
12 7
16 68
1 53
2 37
9 51
15 55
13 56
24 89
19 67
27 78
30 76
1 3
11 30
12 45
7 1
30 78
8 33
13 86
4 50
13 25
25 45
12 46
8 17
20 78
5 92
17 9
20 21
20 91
29 10
27 42
2 34
19 91
16 39
1 21
13 68
26 93
13 11
14 96
8 68
2 64
11 74
20 78
16 43
12 53
28 3
26 55
9 47
26 67
14 38
14 4
14 54
3 56
13 5
29 2
7 22
30 42
26 83
16 29
24 37
11 96
30 74
23 26
19 34
20 1
9 14
27 4
28 34
29 60
2 41
11 75
21 29
1 61
13 13
12 49
10 71
19 71
30 86
10 60
8 93
11 86
1 7
30 17
22 31
1 47
3 52
0 22
29 35
2 87
26 21
16 34
9 91
29 54
10 72
3 62
20 22
20 38
24 96
3 100
28 16
19 77
2 70
25 48
6 1
17 20
7 20
20 98
7 78
18 53
17 7
27 97
29 57
5 51
1 39
7 62
6 56
24 73
8 21
9 36
2 81
21 7
4 59
28 23
19 2
7 3
5 96
17 81
12 97
19 92
8 67
28 6
20 13
19 30
21 93
19 73
6 3
13 63
29 21
15 43
4 24
18 47
19 21
12 1
23 43
2 76
16 11
27 1
0 89
26 31
29 79
17 54
0 54
11 53
10 24
4 20
21 68
7 56
14 54
25 85
18 11
13 61
