204800
10 39
27 50
19 33
4 48
22 4
30 36
12 61
7 37
20 94
29 35
12 21
9 78
13 6
22 18
26 54
30 42
21 50
28 92
5 44
14 97
16 34
18 75
25 60
24 47
19 40
18 68
20 70
12 49
10 88
10 40
19 22
8 89
22 59
17 84
1 94
14 25
7 17
16 25
28 47
21 83
11 41
10 56
20 36
26 10
2 76
13 8
2 21
23 22
20 86
14 3
21 66
7 12
6 35
27 35
4 23
27 67
27 37
9 12
15 13
9 85
10 25
7 50
15 28
21 59
28 80
12 6
30 12
1 25
8 13
27 67
16 85
4 91
15 22
30 36
14 27
10 32
12 72
22 53
18 35
1 100
11 11
9 88
4 72
16 63
24 78
3 10
17 82
8 93
26 23
26 79
1 48
16 34
2 82
18 20
20 40
29 21
14 71
26 37
11 9
23 55
20 53
27 20
17 25
6 27
29 87
2 57
12 94
23 62
22 76
5 12
28 32
0 72
24 52
4 96
14 74
11 68
27 100
25 12
10 4
14 9
18 9
17 36
6 36
3 10
13 80
20 13
6 44
7 18
20 64
13 25
16 64
15 43
6 92
24 80
11 86
30 25
18 13
14 19
7 3
6 26
28 19
8 92
21 65
6 34
29 2
19 16
29 4
12 65
18 53
17 78
19 43
26 40
21 10
5 56
30 36
21 19
8 5
15 44
26 50
1 20
25 19
1 19
30 23
2 11
21 96
0 94
2 58
25 47
24 80
27 21
16 10
3 98
18 57
27 40
26 88
10 92
0 83
21 47
6 89
21 24
11 13
17 83
24 31
15 97
27 89
12 67
7 16
3 9
4 1
6 71
26 97
2 87
12 86
27 51
11 65
6 88
13 68
12 62
17 77
27 23
22 13
12 3
7 69
11 41
10 9
0 39
8 41
7 11
20 41
19 55
16 18
22 44
21 25
25 20
14 21
12 20
20 93
25 6
5 72
30 94
2 8
16 51
30 10
8 29
21 82
0 85
0 2
27 75
23 69
20 42
1 29
18 5
22 97
25 17
20 12
14 19
11 54
2 100
23 12
11 36
17 33
15 63
22 3
8 6
17 31
29 71
24 30
29 79
9 97
8 59
29 44
26 7
20 43
20 78
3 94
23 54
21 89
30 52
16 40
23 90
18 67
8 26
23 32
22 98
3 28
22 62
28 3
16 94
9 13
13 76
2 86
0 82
5 62
26 32
9 41
4 41
0 51
8 100
19 26
22 92
26 9
6 73
12 23
0 38
30 51
20 54
28 93
27 78
0 59
3 69
25 100
7 56
30 97
12 91
11 97
0 7
2 62
15 27
9 100
23 73
19 85
7 95
10 54
20 42
20 80
8 67
28 60
5 97
29 36
25 68
14 98
19 3
3 58
20 64
21 18
29 39
2 73
2 30
4 70
22 51
24 99
4 100
14 58
18 85
9 53
17 32
0 27
6 44
18 60
16 95
2 47
11 28
9 34
13 58
9 40
11 62
19 12
17 71
8 7
7 18
23 57
5 54
29 84
18 55
14 93
4 33
7 42
17 42
29 73
18 14
3 9
13 37
25 5
22 87
17 86
14 55
21 50
20 90
28 48
10 17
24 33
17 24
12 77
29 55
6 91
8 95
16 25
26 68
3 71
20 83
12 81
16 17
27 98
18 48
8 82
0 20
13 56
4 76
2 44
14 29
19 30
3 86
10 23
22 76
5 76
7 4
15 95
15 28
8 14
26 24
11 85
5 13
7 53
0 13
21 100
7 62
0 76
23 77
20 56
3 47
