204800
8 94
7 18
9 62
0 100
4 81
13 50
9 89
22 13
23 35
20 18
23 20
3 40
14 30
25 91
9 84
26 79
29 19
8 29
25 56
27 79
27 39
1 5
24 95
12 68
26 78
7 26
19 6
25 94
8 7
21 80
18 44
6 52
28 23
3 53
14 62
8 37
3 72
27 98
10 8
7 71
6 95
27 60
27 89
5 61
5 42
15 53
10 95
21 12
0 90
12 22
19 100
2 98
25 28
7 5
21 98
18 51
18 95
30 16
26 39
27 88
18 72
3 70
28 87
4 20
30 2
11 1
19 18
16 18
6 67
2 63
11 10
11 28
15 30
17 90
7 21
19 43
7 84
26 72
8 17
5 75
0 25
11 73
19 53
15 12
20 98
23 88
27 86
8 51
17 43
10 9
20 1
21 67
14 87
14 88
8 4
30 29
4 87
19 50
7 72
22 84
2 79
11 30
2 34
4 83
3 32
1 61
21 49
14 6
26 79
20 80
19 3
8 38
14 65
4 45
27 2
10 1
9 79
29 84
18 42
12 15
2 39
11 97
24 77
12 34
30 2
8 79
28 62
28 96
13 58
8 77
1 68
22 10
4 82
13 96
18 29
15 63
6 70
17 78
23 98
12 1
30 1
25 43
24 37
12 37
9 33
2 74
10 41
16 22
0 96
17 1
16 9
16 37
7 23
19 52
20 26
9 71
15 30
10 58
27 26
6 24
13 15
4 65
27 58
14 11
21 86
19 8
12 40
28 34
9 52
1 14
20 79
20 46
6 14
5 55
27 68
28 42
13 96
5 77
29 26
28 36
3 35
0 69
19 4
30 35
21 56
24 81
21 42
4 20
21 90
17 22
11 3
16 88
28 58
1 56
4 88
27 2
12 71
26 51
23 24
9 66
13 5
29 2
14 1
30 27
27 47
2 49
29 14
19 20
27 57
10 85
29 25
2 59
2 19
23 60
24 15
7 46
4 82
23 8
26 6
5 33
13 75
27 66
23 68
16 100
21 10
29 76
19 26
24 42
20 17
25 48
29 99
14 95
10 12
11 52
3 10
14 79
18 25
15 40
20 91
9 31
8 63
10 15
9 77
23 90
26 78
2 63
10 44
7 11
23 50
15 90
2 62
14 69
12 18
9 35
7 54
3 77
23 20
0 41
28 83
0 53
8 51
4 63
24 8
15 14
29 20
20 45
8 74
5 10
29 25
21 75
8 42
15 35
4 22
3 31
3 26
15 88
0 62
5 84
26 77
10 85
12 50
29 67
18 17
14 47
3 55
22 48
7 32
18 64
21 15
24 38
28 16
15 29
4 46
16 97
12 62
2 36
19 91
16 38
28 39
16 48
13 32
22 50
1 44
30 1
10 20
30 94
15 5
21 9
14 9
23 62
1 10
2 44
6 3
23 1
17 89
25 2
3 28
29 74
26 27
17 50
22 78
18 53
24 60
1 82
9 84
20 2
5 80
16 81
11 86
15 25
3 29
23 56
18 36
14 28
25 45
9 13
19 46
18 54
12 23
6 37
6 48
17 26
5 40
26 49
2 73
20 80
28 71
6 37
12 84
26 50
24 75
25 5
10 46
9 86
26 57
21 94
1 62
2 90
28 39
22 65
15 59
16 43
1 59
12 35
4 93
4 85
27 9
17 82
8 74
11 94
16 38
24 67
20 86
6 8
15 5
21 23
23 42
14 4
22 68
16 84
17 81
0 78
12 8
15 66
11 71
19 30
23 82
28 16
3 30
15 10
10 58
9 46
13 53
25 65
4 55
18 20
27 41
0 10
5 50
13 19
