204800
19 92
0 18
4 79
6 84
30 23
10 70
16 49
13 91
3 32
15 57
9 70
20 28
10 65
29 9
21 21
15 46
0 64
7 28
23 58
19 27
27 56
28 49
2 22
4 68
19 99
17 48
26 14
23 61
18 41
22 33
30 36
10 9
17 35
21 96
17 27
7 62
27 52
13 59
11 100
21 72
22 83
1 11
22 89
15 4
16 31
9 24
18 31
18 38
25 44
22 43
6 36
23 28
30 30
22 79
28 54
17 65
27 36
7 99
28 17
30 17
0 66
3 94
29 65
19 4
14 95
18 71
30 28
0 61
9 67
0 33
30 89
26 30
18 74
11 12
5 55
22 65
20 94
23 39
23 89
14 27
26 26
27 6
12 9
25 28
18 22
9 39
5 51
14 87
13 14
15 57
20 12
15 32
13 26
27 21
14 27
19 59
3 90
23 62
7 48
3 76
22 95
24 94
1 34
22 14
2 23
6 70
17 70
23 45
2 62
13 30
22 55
30 91
21 5
28 28
22 81
10 29
13 100
1 49
28 66
10 13
7 10
11 27
2 57
29 80
16 98
3 35
20 30
26 25
29 21
23 70
19 83
13 5
11 42
8 37
11 100
28 93
4 68
2 64
26 59
14 83
3 77
17 4
29 43
6 60
28 85
21 14
5 36
12 57
6 63
12 79
30 12
9 59
4 50
22 27
14 34
28 83
8 71
8 67
1 82
20 31
28 20
26 53
4 79
4 73
0 79
6 56
9 90
15 56
23 58
23 56
29 71
6 84
28 28
27 22
1 54
18 33
19 10
5 33
13 9
12 31
13 4
11 2
26 100
13 77
23 35
11 14
19 51
16 78
23 92
21 63
4 11
10 7
10 20
25 77
19 88
26 18
15 71
29 69
24 92
22 87
2 79
10 2
19 56
3 15
9 100
21 24
24 14
10 39
20 38
13 30
29 47
7 54
17 51
12 42
0 97
6 35
17 64
30 73
8 33
18 11
21 55
8 24
12 92
27 91
18 92
25 10
14 69
25 76
18 10
11 46
11 43
9 76
23 65
14 44
14 96
10 28
30 47
29 50
14 11
17 71
13 26
28 72
12 71
14 9
23 29
30 62
13 87
24 10
22 41
30 56
6 79
27 59
29 36
17 75
28 54
30 43
18 5
30 69
8 96
16 98
22 84
5 18
1 38
15 88
5 61
0 72
18 28
20 14
25 28
8 61
10 23
15 8
4 44
16 96
22 61
4 86
17 49
27 28
21 49
0 15
4 97
19 51
1 86
16 41
8 52
16 88
25 2
21 88
1 10
7 25
15 68
9 49
19 11
29 98
30 10
24 8
10 87
12 83
30 21
16 74
27 79
30 64
29 21
12 87
4 44
18 74
9 26
20 11
20 74
4 56
14 39
17 4
12 77
25 44
25 46
10 16
26 1
14 67
24 6
0 19
8 42
22 9
19 81
1 91
13 99
6 23
23 67
2 20
25 69
20 99
20 60
25 91
8 63
3 49
4 62
28 3
23 13
24 25
23 78
27 12
6 78
22 64
3 27
6 58
23 87
3 48
29 69
23 17
12 77
22 24
1 94
17 58
4 15
20 80
14 6
7 69
19 18
19 73
18 92
27 52
7 83
12 86
12 16
22 97
10 67
26 65
27 51
13 25
20 60
9 70
5 74
6 54
19 95
0 84
22 91
25 33
30 1
27 62
2 22
9 79
15 45
7 3
17 91
29 52
3 66
25 50
20 35
17 15
30 24
10 17
29 42
26 62
17 1
22 91
4 55
3 43
10 62
23 68
13 93
18 6
