204800
27 58
30 95
4 67
15 47
2 92
20 37
5 44
15 58
0 64
18 21
15 9
17 84
14 63
1 34
5 3
30 94
21 70
1 33
5 92
12 11
26 9
2 57
20 44
11 69
9 70
29 53
9 29
15 100
0 39
25 7
25 3
1 75
17 54
26 34
4 44
18 83
20 42
8 84
24 60
19 73
29 33
23 23
25 60
11 54
26 87
8 33
24 34
24 91
29 11
19 76
5 86
9 51
10 97
28 62
12 15
0 76
9 81
24 29
5 44
2 75
30 95
3 22
18 24
12 48
11 92
17 50
27 57
17 10
4 85
18 10
30 45
0 10
25 91
16 6
3 38
30 81
13 41
5 58
24 71
13 68
3 53
26 40
30 41
2 7
20 6
20 64
23 80
3 81
15 44
5 46
16 41
27 17
18 61
3 93
10 57
25 9
8 3
13 81
21 83
12 77
23 18
28 11
8 13
6 36
15 53
10 10
25 42
14 20
20 73
26 62
29 70
29 42
16 15
10 41
8 50
21 1
0 10
27 16
6 8
16 82
12 90
25 74
2 3
27 100
9 42
16 94
8 74
28 8
21 41
7 42
7 20
14 50
25 63
9 27
28 91
1 13
25 29
25 70
9 15
24 35
24 67
15 49
8 46
7 95
14 48
15 71
10 11
6 86
16 78
5 63
3 56
11 5
6 50
29 27
16 83
29 14
22 21
5 97
25 40
14 89
27 57
11 9
26 86
24 37
18 16
17 83
14 75
16 50
4 70
6 18
28 61
13 71
0 22
10 36
1 25
9 29
17 79
5 92
9 35
21 67
30 83
26 30
10 80
2 22
28 24
30 82
12 28
26 50
18 76
19 16
29 98
4 100
10 74
27 84
26 95
23 46
14 85
11 72
25 98
30 11
20 79
5 21
1 33
6 83
25 96
20 9
22 67
10 75
22 95
10 73
24 16
19 54
24 58
4 62
23 47
25 13
19 71
29 53
10 7
8 15
3 94
20 37
18 43
25 6
30 94
14 99
8 54
1 49
1 5
29 85
24 80
28 64
28 49
2 61
14 21
29 22
10 7
21 54
13 23
23 42
13 42
25 12
4 44
21 97
5 10
5 25
16 46
28 35
18 94
8 3
10 79
7 77
14 41
21 19
12 97
19 27
20 87
24 26
6 75
28 32
15 46
22 45
24 24
15 43
23 64
16 44
29 2
24 38
7 89
25 29
13 86
27 19
30 43
22 48
3 29
24 95
11 9
10 56
11 93
0 60
23 87
17 30
26 10
7 92
27 6
6 39
18 59
4 7
11 17
8 26
16 90
0 26
9 98
0 31
25 53
13 22
18 49
18 42
21 7
0 41
28 100
15 1
1 74
11 95
22 58
17 19
21 5
30 50
30 93
16 78
6 9
1 55
16 67
21 89
11 72
5 68
1 65
27 40
21 36
1 43
25 7
7 70
22 92
18 43
3 62
3 95
27 69
5 55
11 62
28 56
9 58
26 50
2 58
26 76
6 48
30 69
29 42
11 97
0 79
11 58
10 46
10 22
8 67
13 6
8 75
13 66
29 37
30 87
21 18
14 12
5 29
22 1
14 90
9 60
16 93
25 96
14 88
24 17
27 39
7 44
9 66
7 34
30 28
20 58
26 19
5 79
22 62
30 80
16 57
25 57
18 37
21 10
15 85
11 88
30 21
18 75
26 64
9 70
28 49
26 39
18 34
19 13
9 25
20 100
2 37
22 81
20 98
28 56
12 43
3 95
18 1
7 32
26 4
11 25
16 81
6 14
13 75
18 40
1 84
23 42
