204800
4 75
15 76
4 28
24 58
21 27
25 96
23 44
2 70
29 4
22 47
9 34
28 64
29 74
21 11
16 57
17 34
22 93
26 34
19 4
24 10
7 51
30 86
15 25
23 89
12 88
4 36
8 38
13 8
14 7
4 56
16 15
14 5
26 28
29 4
1 95
24 92
21 13
16 84
23 23
5 17
15 98
7 47
7 43
6 5
20 89
7 43
4 91
3 68
24 22
11 62
27 49
9 89
30 48
23 16
25 27
8 52
16 81
28 26
24 94
8 95
0 49
11 85
13 76
27 24
0 44
27 35
7 84
3 98
1 73
17 66
14 32
25 8
9 4
16 50
29 94
24 50
11 11
13 86
9 63
1 29
6 81
22 44
30 75
9 70
22 67
13 58
29 27
2 90
28 42
5 49
11 27
22 51
11 28
24 93
24 18
19 30
18 25
18 13
20 31
8 4
27 73
15 43
2 66
1 72
25 100
19 42
2 75
9 1
14 69
0 4
20 76
6 76
30 18
22 12
26 85
21 85
9 61
17 54
30 100
26 97
6 57
9 85
3 15
4 70
19 48
27 34
3 71
0 58
21 72
14 88
18 12
29 46
13 11
19 90
1 60
18 88
29 23
15 75
18 86
15 50
11 71
30 37
3 73
22 8
6 13
9 12
30 89
30 69
18 100
4 33
7 87
24 74
11 59
10 73
9 36
21 78
14 25
27 35
7 4
23 33
14 51
12 4
10 70
27 43
0 32
16 23
17 100
22 26
19 66
4 77
18 72
12 45
23 11
18 54
28 93
28 19
13 11
7 13
25 76
29 75
4 88
9 35
22 55
23 27
5 70
30 33
26 2
15 54
21 20
9 85
29 36
14 16
23 16
8 27
17 89
30 79
14 23
16 86
26 72
5 35
4 42
14 42
4 58
22 80
11 69
21 77
28 14
12 14
4 81
22 9
11 91
29 49
19 43
1 17
30 11
19 31
1 83
2 20
22 98
9 24
17 98
30 64
0 89
3 5
18 64
19 23
17 96
30 43
6 99
27 33
13 7
16 57
10 87
30 45
13 66
25 58
21 17
14 85
2 52
6 12
12 37
12 73
8 81
29 61
2 52
12 2
20 49
25 60
5 94
5 89
27 8
11 8
2 96
29 49
15 65
6 55
23 52
25 77
10 49
15 77
14 81
18 27
5 33
20 35
14 9
19 93
29 29
9 91
24 42
25 82
2 96
19 1
19 26
17 42
5 78
18 83
12 57
30 98
13 74
9 63
12 81
13 83
25 52
22 29
14 61
16 55
1 57
11 82
25 81
25 67
10 77
13 95
28 9
9 67
23 43
17 86
0 9
14 48
8 20
13 21
11 99
8 60
26 9
14 49
6 39
16 63
27 56
21 83
27 72
12 30
13 90
26 71
15 51
26 56
15 94
7 86
2 19
28 88
14 12
20 70
13 14
24 1
19 83
10 88
5 24
17 65
24 77
19 99
16 66
15 46
4 93
28 32
15 21
26 61
8 70
7 61
22 10
24 29
9 84
9 27
1 74
5 38
24 53
18 93
0 91
7 46
22 17
3 12
21 3
4 46
2 8
29 81
25 4
29 56
5 27
12 11
0 98
7 32
24 43
15 46
28 11
30 52
27 51
22 88
13 72
10 62
29 48
29 22
27 51
29 72
22 56
28 76
2 64
18 22
1 70
17 8
18 96
15 94
16 10
10 19
28 85
25 40
20 13
5 48
18 85
12 24
7 20
15 30
8 84
5 95
10 6
27 23
1 58
13 55
27 11
21 95
19 85
21 29
2 35
4 37
