204800
2 5
2 83
3 88
22 12
19 26
23 50
16 90
26 2
27 62
6 11
14 97
29 36
18 13
24 18
21 6
22 85
1 90
30 91
28 51
26 29
15 61
18 5
7 69
0 20
19 10
26 75
27 50
1 44
7 69
25 50
21 56
14 40
27 46
10 25
6 95
7 66
14 16
14 21
19 28
19 70
18 49
3 54
24 91
19 40
12 60
21 93
5 37
1 7
26 88
11 32
2 10
18 94
8 25
10 41
21 52
23 49
23 93
5 94
6 81
10 70
5 34
28 50
6 42
21 66
8 11
21 69
29 64
29 24
8 56
5 12
21 79
10 57
18 1
25 59
17 87
6 2
25 50
0 51
24 84
21 83
16 11
16 12
14 53
10 60
23 66
10 24
25 19
29 79
16 42
20 39
2 77
25 71
22 1
19 48
23 89
17 75
11 35
26 88
7 16
12 37
30 20
21 69
21 58
13 93
29 43
26 96
19 49
1 29
20 87
21 87
19 1
13 29
25 3
13 26
4 78
15 6
23 29
6 12
5 59
20 18
16 23
20 77
15 45
29 28
30 67
11 77
17 95
25 31
27 78
15 67
24 16
7 57
2 97
20 92
7 60
26 81
0 45
14 34
8 88
22 42
14 6
14 93
13 32
6 83
23 42
19 86
30 80
19 74
3 40
3 64
10 67
14 97
0 1
11 90
16 60
11 17
11 25
4 67
8 21
29 28
30 40
5 31
15 47
14 92
1 90
5 2
19 28
15 66
8 74
3 47
7 18
30 42
14 39
12 97
19 59
0 18
1 39
10 78
20 97
7 11
30 18
22 14
5 54
25 4
11 35
21 49
9 40
11 76
27 97
23 10
29 45
19 20
20 14
16 41
4 77
20 97
1 77
30 7
1 93
5 47
1 14
20 92
7 19
24 70
1 14
0 14
9 68
16 6
9 2
30 93
21 37
1 32
29 21
25 46
8 9
10 70
21 48
21 21
22 10
15 72
5 91
3 40
26 60
25 47
17 87
13 99
10 71
13 53
15 84
17 10
19 6
4 28
24 93
21 2
14 85
10 41
2 84
29 86
21 71
26 45
1 63
20 24
8 35
10 31
19 59
24 24
17 47
19 14
6 68
4 60
20 16
22 24
17 3
26 15
6 66
10 6
29 83
19 57
27 86
10 90
2 68
4 30
1 59
10 95
15 69
21 2
16 66
22 35
0 96
29 81
16 35
9 98
7 96
9 47
29 12
24 14
20 84
15 97
28 15
29 5
22 23
10 97
28 56
3 5
25 49
3 84
19 88
10 30
9 96
12 41
0 85
26 49
29 33
21 61
12 6
8 59
25 18
26 57
0 83
14 34
9 53
15 8
3 41
3 89
7 44
24 69
19 61
24 58
1 14
29 17
12 94
20 97
22 66
10 92
11 23
5 18
24 18
16 26
21 40
9 86
28 50
23 59
26 35
22 10
21 10
7 68
19 43
10 61
25 16
5 90
19 29
29 48
9 25
5 12
28 18
16 60
18 15
30 85
10 90
29 73
24 48
19 49
26 10
16 33
2 67
12 86
8 3
18 2
4 75
19 23
13 87
24 95
20 11
8 51
15 25
10 21
28 56
16 30
17 47
16 21
8 48
19 30
7 52
29 87
10 52
26 45
11 25
22 49
30 2
24 96
13 88
21 30
24 43
14 68
19 80
12 29
4 98
8 2
18 57
18 80
27 90
25 100
26 51
17 87
3 43
5 73
8 51
11 32
27 43
15 71
4 42
3 4
27 11
4 74
28 33
4 32
29 53
5 82
9 92
26 57
