204800
4 24
10 95
24 5
4 67
6 49
19 32
22 18
13 89
17 49
8 32
28 63
16 64
3 56
28 46
6 51
18 29
22 71
18 71
27 38
10 41
1 45
26 9
20 22
24 59
25 19
6 93
29 70
24 9
7 63
16 95
17 31
23 89
22 69
19 83
20 79
20 42
3 26
17 59
8 27
26 15
22 73
29 4
23 28
3 69
29 43
20 55
27 48
13 87
30 48
17 53
12 65
10 14
29 41
12 66
2 18
3 25
13 86
10 16
21 31
19 84
11 36
20 55
1 1
27 37
18 65
8 18
29 77
24 89
24 32
8 65
4 6
7 60
9 21
13 70
23 46
5 5
0 39
4 33
20 61
16 50
25 72
27 74
27 40
0 1
27 27
20 67
23 18
21 18
24 18
12 46
30 31
19 64
26 11
29 33
24 20
18 29
30 30
26 82
23 15
6 2
23 96
23 28
29 37
30 40
10 34
21 62
8 94
14 65
15 82
19 73
0 27
3 32
29 63
29 17
25 45
9 13
0 62
23 63
13 4
7 33
12 60
11 35
27 10
17 26
6 29
0 21
19 23
0 62
5 40
2 73
14 89
1 19
3 68
13 26
7 5
17 38
11 9
16 64
22 75
22 51
3 20
0 96
4 84
10 89
22 59
18 72
16 93
3 22
22 19
17 27
11 15
11 36
15 21
7 28
17 34
15 78
23 70
13 24
20 20
17 60
22 40
29 56
19 18
27 32
20 36
0 25
19 73
29 11
2 84
16 86
6 53
10 71
22 76
27 33
8 34
17 11
20 97
11 40
1 99
22 58
18 85
28 76
10 80
24 20
27 17
19 37
29 74
6 22
29 90
12 3
9 40
15 77
7 15
2 16
24 14
13 29
11 27
6 29
23 71
27 3
0 94
28 24
2 75
13 89
2 91
10 63
12 58
7 23
4 64
12 98
30 44
17 97
14 92
10 37
29 53
22 96
24 9
1 71
23 38
24 50
11 35
18 62
27 13
5 48
13 56
3 25
30 69
1 5
6 72
5 72
13 72
25 85
16 95
30 56
20 88
28 9
21 52
23 79
20 55
9 99
12 95
6 51
5 46
12 38
29 8
18 81
5 61
8 1
5 73
16 30
3 18
0 68
15 62
17 54
0 79
6 25
23 57
3 13
28 88
15 59
4 58
8 78
18 69
11 86
19 21
3 89
5 9
12 85
14 15
4 94
21 68
3 95
25 16
23 97
15 52
29 69
2 69
5 3
1 65
11 40
20 42
3 12
17 58
7 59
14 57
14 66
30 66
27 17
13 34
25 77
15 81
4 12
8 71
24 91
3 60
17 26
27 85
11 42
13 6
15 73
16 71
13 68
7 45
8 79
0 69
25 89
26 39
21 22
22 89
17 73
2 5
5 17
23 29
28 75
0 52
12 60
13 9
15 29
16 18
11 2
8 44
2 50
6 81
6 87
16 14
6 16
21 4
27 80
30 46
17 3
11 43
26 32
8 71
18 23
4 14
14 18
25 89
22 98
11 8
24 94
27 48
2 91
10 34
15 31
23 43
5 51
19 14
10 80
5 91
12 4
26 86
0 79
22 79
5 12
14 45
26 90
10 42
12 96
9 97
3 32
26 45
5 90
21 31
5 70
28 32
22 46
12 12
17 6
24 56
23 53
20 26
23 11
30 65
1 100
6 8
8 29
6 54
28 78
8 16
19 64
24 32
18 15
23 24
10 18
10 85
30 64
0 24
25 72
16 77
12 63
21 12
30 25
24 10
11 93
3 81
10 57
9 98
9 3
0 55
14 73
