204800
25 60
29 56
10 21
19 49
27 63
6 49
9 51
11 80
11 72
30 92
6 49
10 54
16 71
26 31
6 86
3 96
21 19
28 62
28 36
23 70
0 74
20 82
3 12
14 56
20 9
19 94
14 20
27 2
14 19
11 21
14 33
3 17
28 19
11 17
1 27
12 55
28 51
2 1
20 51
28 9
13 53
28 82
12 50
1 77
14 77
5 64
19 40
5 3
24 47
30 83
17 100
16 71
26 71
1 11
13 20
23 86
28 30
21 38
15 16
9 26
6 75
0 39
18 96
21 47
29 93
7 21
9 9
22 30
11 2
26 87
25 63
30 76
7 45
15 40
6 73
20 24
30 1
5 85
14 50
15 12
26 50
17 88
28 66
8 21
19 55
6 16
18 27
19 94
27 59
12 55
2 13
8 67
13 55
18 64
8 5
7 13
27 27
2 84
16 41
11 22
12 6
3 32
21 91
29 74
8 15
10 22
12 72
27 72
27 61
26 74
12 16
12 87
20 36
23 8
29 62
27 71
25 1
0 38
6 2
12 95
7 55
7 98
8 95
0 94
3 82
21 11
7 58
18 32
14 75
23 12
30 67
2 9
0 60
23 72
9 51
25 90
18 58
18 16
4 30
11 11
10 88
14 67
21 9
22 25
22 33
18 88
1 5
17 18
27 3
1 43
27 31
1 5
12 52
5 90
9 98
23 67
11 55
19 23
1 55
29 64
25 63
20 27
1 70
15 27
29 38
4 34
11 48
15 83
19 62
10 87
21 35
24 69
19 48
10 10
23 82
9 79
27 31
22 65
29 83
17 100
16 36
26 75
15 89
4 14
19 86
15 22
0 16
13 97
20 94
17 14
19 90
11 90
8 96
19 13
22 51
12 61
20 26
2 10
17 54
30 78
5 82
11 54
16 10
3 37
15 69
27 100
2 85
20 69
1 35
28 25
27 72
2 99
18 47
17 59
22 25
10 76
9 23
23 81
10 58
8 57
17 16
23 68
8 44
30 67
9 7
16 90
28 77
3 94
21 37
21 100
8 13
2 16
17 73
16 99
1 50
22 98
13 54
30 80
5 47
26 56
0 52
29 37
8 49
30 36
18 7
20 71
6 52
19 67
0 25
3 70
12 87
24 100
21 62
8 15
15 60
6 83
8 98
30 14
26 17
27 26
12 12
13 53
10 35
26 34
18 69
6 18
16 43
10 74
6 57
6 44
19 67
5 70
13 79
23 43
16 6
19 93
25 22
28 31
30 6
1 64
27 89
22 45
0 45
12 97
0 22
9 10
26 79
21 77
20 87
19 11
17 97
17 71
22 56
11 78
3 55
27 86
13 98
22 83
3 26
16 60
28 79
5 30
8 13
14 21
20 79
28 44
1 63
28 35
30 63
5 81
7 44
7 32
19 25
15 36
20 69
25 50
0 6
17 10
19 38
8 14
13 25
18 11
18 15
8 85
3 81
18 18
4 12
0 44
5 95
11 10
16 73
16 88
23 3
20 94
29 42
21 50
26 100
13 25
21 93
7 54
10 10
1 66
3 16
4 73
1 81
22 49
18 93
3 89
6 66
16 17
8 70
3 85
29 36
21 55
29 85
22 67
23 12
25 16
24 80
9 43
8 87
24 93
20 39
8 38
2 20
7 23
19 100
30 86
14 1
21 11
7 100
1 69
7 36
12 26
15 24
8 59
16 53
30 12
11 68
7 50
13 98
28 29
15 74
13 99
2 88
0 59
16 59
4 2
20 51
30 31
26 86
23 13
5 7
18 66
5 83
21 12
30 93
27 56
25 63
30 43
