204800
11 29
25 75
1 70
15 48
4 95
0 90
5 89
4 90
2 62
16 78
30 83
25 58
11 62
1 47
28 100
9 85
24 84
19 80
2 7
17 59
26 11
20 37
15 47
26 84
3 85
15 41
15 41
27 35
19 56
14 11
4 96
5 96
29 88
3 62
14 74
0 77
14 55
29 5
24 51
21 49
9 57
13 81
17 9
12 25
16 100
3 51
17 92
22 77
21 62
27 56
29 61
2 6
23 36
16 17
15 41
10 35
24 75
6 12
3 100
24 53
12 92
1 28
17 43
27 69
1 97
9 22
21 91
3 92
7 28
9 21
21 75
6 55
14 37
3 38
18 83
25 30
1 45
0 33
5 36
19 10
28 35
1 40
1 9
17 73
21 95
13 73
27 7
7 43
10 77
0 66
9 71
16 37
27 61
26 98
22 10
22 44
14 13
14 23
6 97
21 94
23 49
27 78
19 77
18 81
20 73
6 27
27 33
19 92
23 19
7 45
25 46
18 21
5 84
6 94
0 52
0 33
29 88
24 2
17 29
23 59
26 61
4 69
10 78
5 17
14 75
15 81
4 51
2 37
6 20
12 43
24 7
13 35
30 92
10 68
0 42
9 40
0 8
2 35
16 1
8 71
27 57
27 54
17 31
23 56
6 97
7 14
27 88
20 75
20 13
1 99
30 4
8 89
8 23
29 65
24 37
13 80
28 37
9 80
19 27
8 36
1 35
10 19
1 57
28 29
24 57
9 24
23 60
22 27
0 89
26 97
1 89
7 30
26 19
26 93
25 51
27 55
28 74
27 54
5 38
24 68
29 49
10 44
7 53
10 42
10 64
5 20
25 5
27 85
16 47
17 22
19 41
16 39
13 37
19 47
23 43
26 20
2 91
25 28
12 66
7 91
26 84
22 49
27 84
7 63
10 56
5 91
15 14
16 60
7 17
9 19
14 78
29 30
2 8
0 96
2 62
13 68
24 62
4 98
0 73
4 76
4 41
8 10
25 56
20 28
6 9
28 99
5 21
8 56
4 58
20 57
6 98
21 75
6 84
17 79
12 5
6 35
17 61
28 38
24 69
8 88
8 68
17 22
5 32
29 79
14 29
6 44
13 89
25 83
26 30
5 57
16 62
3 6
26 28
8 24
30 1
0 75
16 6
11 76
4 88
7 70
26 22
18 100
27 22
15 13
0 68
28 71
4 90
16 70
10 80
24 35
4 80
27 60
4 10
18 54
24 65
12 40
29 83
2 33
19 65
3 28
13 21
6 84
8 96
16 25
29 75
15 63
30 47
26 48
27 76
1 1
26 64
2 97
15 96
10 83
14 83
16 82
14 37
15 68
26 66
8 51
5 76
9 45
13 42
29 78
8 56
21 25
23 90
19 54
8 33
15 79
12 58
8 87
21 67
19 63
16 47
6 74
22 44
22 5
9 13
3 39
15 36
0 87
27 79
15 90
1 58
20 50
3 81
14 32
28 79
8 21
8 98
2 22
27 44
4 10
2 45
23 21
27 59
24 77
0 100
4 2
18 55
14 50
1 41
8 37
27 39
2 49
9 83
23 84
5 77
3 29
18 4
8 39
15 50
11 26
25 70
18 56
0 55
28 17
20 32
18 92
13 94
2 80
16 13
1 10
30 76
19 78
2 76
11 95
0 28
29 98
24 86
19 42
17 59
4 99
14 99
12 98
4 15
14 29
24 69
20 61
12 16
19 25
2 45
5 49
20 39
28 24
25 13
23 58
17 74
3 47
7 46
4 45
11 80
15 49
14 95
7 94
10 60
16 43
7 9
13 20
