204800
0 44
2 69
25 67
29 2
26 45
1 46
12 66
14 46
5 1
24 59
11 83
1 12
9 95
11 7
18 45
15 36
8 84
9 83
3 2
22 87
18 17
24 71
12 51
2 82
2 74
19 23
6 20
24 90
4 9
19 21
9 89
14 1
30 79
26 14
10 89
0 52
4 1
0 63
28 82
29 94
30 67
18 69
1 64
8 38
26 67
16 61
19 33
21 7
29 5
15 12
30 5
21 88
14 77
12 82
0 95
20 49
5 9
15 31
15 52
4 81
15 53
19 41
18 21
12 59
21 40
12 58
20 25
18 1
1 26
29 86
5 54
27 32
30 43
26 11
13 96
27 32
16 62
17 48
4 44
19 5
28 4
26 10
12 69
2 77
22 95
25 75
22 52
16 47
23 27
18 94
19 23
17 26
15 77
29 36
25 99
17 28
15 30
10 5
15 19
28 86
28 58
3 17
15 48
29 24
0 76
27 46
30 41
29 89
2 93
30 67
2 49
2 42
7 28
14 25
13 1
17 95
15 61
2 70
6 35
14 94
6 1
27 65
28 30
1 23
30 99
3 32
9 31
12 96
25 76
2 51
18 79
27 10
22 41
11 39
21 84
0 89
4 15
6 67
30 60
18 58
26 37
17 42
25 57
16 34
19 22
30 74
9 44
23 4
25 84
19 53
26 32
17 51
0 63
23 28
27 70
15 51
13 55
13 98
17 16
16 24
5 12
4 29
19 48
5 34
19 79
0 6
26 84
16 30
23 59
1 12
30 31
0 51
3 32
10 2
6 15
30 69
20 4
15 25
19 11
7 99
1 54
7 7
24 60
2 54
23 49
3 39
21 62
13 45
26 62
20 94
28 56
19 6
28 99
14 43
4 54
11 50
9 88
15 31
17 21
18 18
22 37
7 96
21 54
29 84
1 82
14 82
9 20
0 1
4 77
12 31
10 38
2 8
2 69
1 25
26 58
8 65
25 35
19 66
25 99
3 72
19 56
24 5
23 51
13 95
1 33
17 57
5 66
20 99
10 77
28 52
5 42
5 48
21 51
13 47
21 48
28 27
5 13
26 22
0 75
10 82
25 7
23 8
4 25
15 37
28 64
25 46
15 80
19 98
28 40
2 3
9 91
6 54
25 22
23 82
10 84
23 30
7 39
10 72
21 34
15 56
12 8
29 17
14 46
4 7
18 64
1 100
12 5
4 36
30 69
14 72
15 50
26 1
18 40
26 16
27 6
29 18
5 34
13 65
11 36
10 58
4 45
6 61
27 55
10 82
13 83
3 66
28 91
21 97
25 74
23 82
23 70
7 7
27 88
26 34
17 76
21 97
12 39
11 50
10 98
13 44
22 27
19 54
6 92
17 85
12 50
22 81
14 59
11 22
2 63
18 78
0 45
10 73
9 8
4 97
3 63
30 78
16 29
10 65
25 18
22 52
0 78
25 99
26 73
9 26
6 85
19 47
1 51
12 95
14 20
21 35
1 98
12 92
11 20
15 2
11 2
14 19
19 53
14 77
4 24
14 29
4 51
30 9
21 78
12 100
8 17
26 63
14 67
8 6
19 35
5 94
3 27
14 39
9 100
25 22
4 19
23 18
27 50
8 78
23 31
10 18
11 39
2 40
16 99
25 79
24 50
28 95
17 6
15 2
6 19
14 30
15 94
23 21
14 80
17 58
2 55
9 91
23 3
19 45
25 48
30 78
18 16
0 59
7 84
1 59
2 46
5 24
22 80
5 87
14 14
24 86
30 28
3 70
0 85
24 15
26 73
10 19
30 45
4 51
4 99
24 30
