204800
13 32
20 27
26 61
18 20
14 64
17 87
3 99
26 89
24 9
27 16
20 94
6 95
7 57
15 98
16 81
12 1
4 15
4 20
6 67
16 44
30 9
25 24
11 79
24 22
24 37
28 69
13 32
10 5
9 29
24 58
13 51
29 5
27 85
5 65
9 13
0 93
3 34
13 9
17 60
23 39
15 76
1 54
16 77
13 50
12 78
28 73
0 85
19 27
5 37
7 13
27 76
27 9
25 50
4 47
10 65
2 65
3 47
17 74
2 56
23 94
29 41
24 15
18 54
14 92
28 37
30 22
13 2
23 44
18 82
10 43
18 45
19 13
7 23
11 58
30 94
7 62
24 27
29 66
12 38
20 20
24 16
2 59
1 92
26 59
17 80
14 66
30 91
17 46
10 16
15 95
11 21
12 5
27 94
23 40
13 52
19 9
16 90
5 34
11 60
14 7
13 27
17 83
0 58
18 63
8 74
3 19
18 50
9 55
15 88
13 97
14 42
29 9
5 1
28 90
9 72
27 60
8 66
25 37
20 83
25 95
15 74
23 21
11 61
27 11
8 68
20 3
17 54
17 20
22 59
2 58
17 75
20 89
16 99
16 82
12 25
23 81
1 4
22 30
22 12
8 19
5 68
20 94
24 65
28 54
20 14
4 32
15 49
24 49
3 35
29 47
23 25
0 78
8 98
4 30
21 22
11 93
4 23
8 89
0 7
16 9
29 99
21 15
2 66
30 47
29 23
22 40
2 43
4 41
4 40
0 9
30 73
5 57
26 95
18 84
17 12
27 54
21 98
22 50
10 38
7 31
16 4
14 10
29 27
30 5
21 77
6 33
23 71
19 51
7 78
18 44
10 79
15 83
22 75
5 59
29 31
5 99
18 46
5 66
0 6
28 3
17 9
8 14
6 6
4 52
15 51
1 78
14 2
20 65
15 17
16 40
4 37
5 6
21 32
28 19
14 87
26 99
2 56
26 44
28 89
5 68
15 3
23 30
15 95
8 11
8 37
20 67
4 90
11 100
29 5
21 16
17 27
21 15
25 4
4 77
21 51
19 61
28 71
13 49
0 19
10 21
23 45
15 54
30 67
29 97
13 35
8 96
24 57
26 97
28 54
14 28
16 93
2 9
11 67
25 88
17 59
7 38
24 43
8 92
13 92
9 83
7 54
8 39
1 87
30 100
4 60
20 68
20 34
2 48
9 21
26 89
6 55
1 55
29 38
30 6
22 69
13 84
23 76
1 24
7 82
15 39
18 13
3 12
24 81
14 18
23 98
3 90
12 50
9 25
17 26
17 33
22 30
18 9
3 72
25 64
21 28
14 45
17 82
1 57
9 70
22 82
13 71
29 80
11 30
29 55
4 37
11 22
14 62
7 84
1 92
5 80
9 75
6 2
11 46
21 98
0 20
26 93
15 7
11 82
20 57
10 98
9 85
6 72
3 55
16 55
30 98
19 2
2 62
8 60
25 62
21 3
10 90
11 81
12 44
25 95
2 46
13 95
13 74
2 47
3 5
28 79
14 38
26 60
11 36
11 25
22 89
4 93
3 95
3 17
23 86
5 4
28 26
18 72
22 50
5 68
27 38
28 24
3 53
2 28
16 73
23 40
0 26
12 96
4 57
28 87
23 33
17 100
10 82
24 61
19 43
0 8
7 27
26 49
14 5
0 10
19 20
15 23
20 42
18 87
23 15
25 69
27 68
4 83
13 81
29 83
22 44
3 2
2 99
23 59
30 72
6 43
13 19
9 9
16 1
3 47
1 91
12 50
15 56
0 32
30 36
19 10
