204800
1 31
0 78
25 16
21 19
14 48
26 5
14 76
17 42
9 61
16 89
22 90
26 65
29 68
28 96
30 22
28 68
29 37
7 69
8 97
3 73
4 51
1 13
30 26
22 89
4 38
30 48
23 7
19 32
2 82
28 84
8 19
6 21
5 21
25 34
19 2
13 27
28 12
15 61
22 27
30 35
1 47
26 7
21 2
19 98
25 55
20 23
22 54
2 23
4 71
16 38
14 42
30 80
9 69
13 86
17 50
17 52
27 90
21 82
16 78
14 92
28 27
0 4
25 63
22 28
26 77
15 27
28 5
9 22
26 22
19 62
14 74
13 6
5 37
4 57
3 59
28 75
4 71
26 29
23 92
14 63
19 61
1 78
1 25
11 5
26 52
11 67
17 21
17 62
7 22
8 33
12 2
30 69
19 40
14 99
22 49
23 36
5 45
21 14
15 20
21 88
30 15
23 35
5 7
19 17
3 93
2 94
30 67
8 49
7 85
24 40
18 79
6 69
9 71
19 60
15 53
16 88
30 90
12 85
30 31
6 87
9 45
17 67
7 88
27 11
26 71
10 38
8 53
22 88
29 94
24 55
1 22
19 88
29 2
14 50
21 62
18 17
27 78
5 12
8 71
27 72
2 73
5 49
12 91
24 22
4 12
11 48
23 61
14 92
0 92
15 36
28 48
27 6
2 100
23 1
22 76
11 13
27 6
20 58
15 89
19 51
30 69
2 61
10 75
2 80
11 27
17 99
19 22
26 30
3 69
2 94
8 83
25 29
23 10
17 61
30 7
26 18
28 77
10 25
15 13
10 21
30 45
7 48
26 28
18 87
21 94
14 27
16 79
27 91
19 94
4 30
26 78
5 8
13 34
11 20
3 37
6 96
17 5
23 23
13 23
16 22
18 21
1 7
26 9
20 55
3 56
14 100
21 32
4 60
11 16
5 40
13 33
8 13
29 33
17 79
4 11
3 76
27 65
1 81
5 99
6 49
3 71
10 44
5 12
4 6
19 23
12 89
27 98
23 52
30 74
11 74
6 56
5 10
9 90
4 27
19 94
14 72
0 88
17 38
18 38
27 6
16 64
21 2
29 65
28 94
6 16
11 64
15 55
25 24
22 23
2 100
27 88
10 21
2 1
6 28
21 40
18 45
11 45
7 86
0 68
29 22
0 75
18 55
1 11
8 19
8 38
19 92
13 81
21 25
25 73
13 49
27 45
7 15
30 78
1 70
27 53
24 83
30 20
18 99
4 72
27 7
18 12
15 31
15 35
17 24
28 78
29 75
18 14
14 19
22 86
30 11
10 20
23 10
11 24
0 72
22 82
17 94
23 97
6 24
10 69
13 87
30 76
20 94
11 87
27 5
2 32
16 17
4 31
4 78
2 41
23 65
13 86
8 57
27 15
19 90
26 69
15 17
4 97
10 49
29 34
15 83
2 9
6 87
23 83
2 28
27 16
0 28
22 50
28 25
28 41
4 14
20 85
11 97
11 25
13 34
5 32
19 27
9 100
9 74
25 18
30 99
13 42
13 31
28 74
29 62
30 23
7 79
24 45
30 6
0 10
27 28
8 87
0 21
23 53
18 39
9 74
26 46
27 75
18 80
21 8
11 94
12 43
7 41
28 74
27 94
21 30
21 75
19 94
5 18
17 39
5 94
8 53
10 87
28 69
29 38
12 97
5 34
12 57
27 96
7 64
23 99
2 91
17 52
10 3
26 99
19 72
8 89
14 57
26 48
4 78
9 49
25 10
1 62
6 6
4 94
28 27
23 29
7 94
3 77
23 93
20 26
