204800
14 84
20 21
13 46
26 80
13 61
1 13
20 74
3 3
11 46
19 43
5 21
5 80
1 92
17 40
25 41
25 29
16 52
6 39
27 10
9 66
1 75
2 89
24 54
23 62
14 76
29 87
16 82
8 40
3 99
1 13
30 53
16 40
19 49
11 28
20 76
8 63
21 30
10 23
29 52
9 50
1 53
11 5
0 82
8 52
26 99
1 65
24 83
0 64
4 65
7 80
28 4
13 54
10 52
26 50
20 11
6 7
23 72
20 6
11 56
19 93
15 95
21 86
20 64
11 96
27 68
26 7
7 28
4 61
17 45
23 41
22 26
8 95
30 76
10 4
29 10
18 58
13 84
20 100
0 2
29 76
5 39
9 57
3 82
7 13
29 62
8 95
27 59
16 15
11 13
17 54
19 97
6 98
13 30
22 94
27 65
1 76
18 46
11 29
29 93
30 8
17 16
15 11
1 22
20 40
24 5
26 34
6 57
1 32
18 44
28 22
10 64
2 17
9 10
25 13
10 88
0 43
23 48
8 83
21 75
18 5
24 74
20 1
28 4
30 52
6 51
0 82
23 89
0 61
8 64
13 52
0 42
27 28
7 98
8 31
14 18
24 35
27 20
19 83
18 100
10 22
30 86
7 73
18 74
29 19
8 24
22 70
1 60
1 2
13 76
1 100
5 45
25 41
27 21
10 4
12 18
18 19
14 16
9 68
27 57
17 60
30 55
1 72
19 28
4 22
26 6
10 74
0 14
7 32
19 36
22 85
5 71
4 57
13 53
16 36
29 55
16 21
15 47
25 45
17 46
20 87
6 83
6 24
2 20
16 76
21 37
0 98
16 57
21 75
10 44
10 43
25 51
26 81
29 86
9 20
13 25
21 33
11 52
0 43
8 57
17 2
18 54
13 47
16 34
23 18
30 91
25 53
18 45
25 96
24 81
15 51
19 93
9 9
23 22
23 17
2 33
20 80
6 59
26 87
15 54
2 83
15 49
17 45
16 43
3 88
3 85
24 14
27 54
1 51
18 61
30 44
8 81
20 9
0 96
1 49
9 42
9 7
3 94
26 7
3 14
15 35
6 37
7 21
5 55
30 96
12 51
6 53
4 15
10 92
27 36
6 97
23 52
14 95
14 88
17 5
27 70
8 17
16 2
25 80
26 33
27 84
3 62
9 91
12 46
7 33
3 31
16 45
1 71
16 12
21 43
24 88
25 41
27 60
13 67
18 86
25 82
28 32
11 90
15 20
2 27
29 36
14 31
15 22
9 60
29 64
4 22
14 38
15 48
6 98
23 79
19 83
17 7
29 1
22 26
4 37
10 33
19 10
11 95
15 91
19 16
26 77
2 16
20 91
21 49
14 33
3 74
24 35
15 96
3 33
10 13
20 1
18 69
24 76
19 56
18 90
2 92
9 37
1 27
3 39
16 43
22 14
17 89
16 19
29 59
14 57
27 62
14 65
2 90
13 42
7 56
11 98
19 59
10 49
1 80
29 2
19 25
23 18
21 60
20 60
9 71
12 62
26 58
29 70
10 61
13 55
28 33
23 46
12 70
30 47
28 79
28 91
3 99
25 71
30 33
12 99
13 54
23 11
27 92
11 41
26 10
15 57
2 68
30 6
9 10
22 5
18 73
15 20
15 63
6 12
0 91
14 90
21 69
13 44
13 21
27 31
0 19
27 4
15 73
26 4
12 16
22 73
18 38
4 11
15 26
12 64
0 45
12 51
4 56
10 98
16 44
0 30
17 47
15 100
11 77
21 55
10 86
9 74
10 11
15 95
1 65
6 1
