204800
12 19
20 89
21 61
16 90
24 17
14 11
9 9
9 60
1 94
20 95
5 20
9 79
20 61
0 83
13 1
16 93
17 37
29 14
19 66
16 79
12 80
7 3
28 69
10 84
17 59
5 28
18 97
1 27
29 97
11 16
3 17
4 45
8 46
29 8
13 30
21 12
27 85
24 79
25 18
0 43
16 39
24 82
23 52
11 85
22 86
7 79
14 60
26 40
21 89
30 79
9 47
11 61
26 50
19 23
23 83
26 56
24 98
2 19
7 1
20 15
1 68
30 45
17 81
30 64
7 91
9 27
5 58
5 2
24 97
24 64
28 44
13 49
1 22
11 35
18 94
17 1
29 56
0 56
16 58
6 58
25 54
26 96
21 11
22 10
13 4
28 42
29 42
19 91
9 50
29 86
21 75
13 43
9 13
15 9
21 33
11 23
9 74
4 37
18 81
24 93
11 16
7 98
18 85
29 75
13 60
10 32
2 74
2 83
5 64
20 16
12 88
29 35
3 50
22 16
11 55
22 3
5 14
3 31
22 67
18 75
14 68
20 8
10 89
16 82
14 36
11 31
4 77
23 78
6 94
30 65
6 85
13 72
17 56
21 69
11 92
26 20
24 51
30 60
27 89
17 94
14 22
27 22
28 61
7 58
12 78
21 31
2 6
0 14
6 29
9 45
29 17
20 72
0 92
14 67
17 82
6 41
25 7
6 13
10 6
15 77
30 50
24 44
6 38
4 60
26 44
0 30
30 63
3 83
7 47
21 80
8 38
12 93
0 31
23 88
22 56
14 85
21 52
6 25
21 62
14 37
28 71
6 59
24 93
7 77
21 26
28 69
8 63
21 42
21 68
22 18
11 77
27 6
14 3
9 25
10 51
8 48
26 34
26 36
27 54
13 28
18 25
22 90
22 81
14 37
17 66
16 96
9 28
11 43
26 92
22 66
23 60
24 86
5 86
10 83
17 17
29 64
1 35
11 82
22 32
12 47
12 25
27 19
30 72
5 71
15 49
3 42
16 7
17 11
19 65
15 79
18 18
29 82
10 23
2 92
3 20
16 84
27 83
15 38
13 32
10 97
7 8
27 5
8 75
20 31
14 19
16 73
29 42
10 6
28 81
1 43
25 94
22 94
0 29
8 8
15 52
29 77
1 87
17 95
28 95
3 60
4 36
1 7
26 62
22 17
15 78
22 47
20 12
24 2
19 91
27 26
16 9
26 13
18 3
28 29
6 80
7 67
26 61
29 80
8 66
11 70
8 39
1 3
5 58
30 25
14 89
4 2
4 59
20 70
26 4
21 16
27 50
1 81
27 63
12 2
4 45
21 97
14 79
13 34
23 60
5 65
13 92
15 31
21 86
22 14
16 90
0 16
21 14
24 76
8 99
11 74
0 7
10 15
6 18
29 39
24 42
26 65
11 29
25 12
24 81
17 96
25 14
25 30
15 53
10 13
15 1
5 27
26 38
3 80
24 37
29 55
14 18
19 30
26 47
1 56
8 4
30 96
22 52
2 36
6 29
22 60
1 17
0 18
11 14
15 15
24 93
23 58
3 62
22 45
6 30
30 48
3 88
22 55
23 39
27 95
30 76
8 37
2 37
11 65
17 64
5 51
4 23
4 54
20 18
6 33
3 38
21 57
23 81
2 66
20 72
7 96
12 19
22 6
29 75
30 91
26 100
26 68
14 24
27 17
15 41
8 74
3 2
17 3
19 90
25 55
22 75
7 95
28 18
8 19
9 30
27 56
1 23
23 67
26 62
9 16
8 59
13 67
17 100
24 68
28 82
6 86
