204800
24 3
28 68
11 34
24 61
15 10
24 28
3 28
8 20
5 9
6 54
30 94
16 52
24 73
16 32
26 99
16 95
21 9
25 24
10 45
21 21
12 43
28 64
26 3
19 74
3 24
29 31
18 100
2 38
9 60
18 79
12 30
18 39
4 75
3 52
1 28
5 94
17 90
16 15
27 10
6 92
25 69
14 60
15 37
6 60
9 90
27 7
30 21
27 56
18 71
17 13
29 66
16 16
3 91
12 32
14 96
17 76
6 19
17 48
7 4
17 54
5 68
23 12
8 31
4 73
5 16
23 20
6 65
14 69
3 57
15 18
7 4
7 43
6 59
4 74
8 24
21 20
2 77
4 77
18 94
12 47
16 86
2 79
18 36
19 50
15 32
20 58
24 15
9 42
22 56
2 20
22 6
27 5
8 37
16 9
8 71
0 84
12 3
24 77
23 9
5 92
5 76
7 49
5 12
19 20
26 49
30 44
30 46
7 74
6 87
16 36
30 73
1 38
20 12
17 73
6 54
20 60
2 31
19 46
29 63
24 80
5 10
23 97
2 38
26 20
6 99
28 97
19 35
17 26
22 74
0 48
28 96
1 3
23 38
5 33
15 98
29 95
27 43
22 77
26 57
16 97
19 97
7 81
5 91
12 72
29 77
9 24
11 38
8 23
19 48
23 93
23 45
22 16
10 62
27 47
1 21
21 16
18 91
0 92
18 52
6 69
9 64
30 38
17 90
25 74
7 51
6 50
19 20
8 46
4 76
25 76
28 59
8 10
30 68
3 100
19 6
21 40
21 95
30 39
23 94
11 46
22 99
11 13
7 42
7 54
24 21
6 32
0 19
16 90
12 35
14 19
23 15
25 45
18 42
8 24
28 13
6 7
16 65
22 11
30 76
26 50
24 69
25 22
12 85
26 33
5 94
2 51
4 40
18 64
22 86
5 78
17 28
22 25
15 26
3 35
23 69
17 32
16 96
14 84
10 95
26 26
10 64
5 74
18 5
15 55
7 100
27 53
13 65
27 69
16 76
3 89
18 30
13 21
7 80
22 15
9 62
13 83
19 85
23 7
10 8
11 4
30 49
13 28
1 84
30 49
15 13
22 82
11 11
29 80
21 77
30 69
4 77
8 37
12 37
25 8
13 39
9 85
11 80
14 2
15 37
19 36
12 87
28 4
7 36
18 10
15 91
23 54
9 48
5 34
12 68
26 54
1 53
1 82
20 65
25 83
12 72
2 84
16 4
25 90
26 97
14 66
27 10
15 41
24 74
1 2
7 60
10 64
17 21
18 86
6 16
5 3
4 83
24 4
13 33
19 94
18 32
25 6
12 34
12 36
4 30
15 81
24 46
17 54
8 71
5 97
11 20
9 40
16 26
29 85
11 69
0 69
6 97
19 18
29 70
28 89
23 88
28 30
6 72
14 93
22 3
22 49
7 74
25 41
14 83
14 74
23 58
1 51
14 62
20 22
13 45
6 25
8 95
30 30
0 69
10 32
1 40
23 92
10 64
27 8
28 93
10 40
8 100
15 1
12 48
27 23
26 59
13 39
10 37
23 88
16 75
18 40
11 53
6 48
25 5
15 18
9 87
15 61
11 31
7 80
13 14
29 1
26 45
11 23
18 36
8 10
2 99
6 56
30 92
17 84
7 46
13 20
21 42
29 67
20 75
23 91
28 56
8 6
21 16
10 2
15 62
29 22
15 82
10 63
25 58
3 32
9 9
19 88
7 99
11 62
1 73
6 86
21 10
16 57
3 95
20 89
30 61
29 98
12 4
11 54
1 81
26 68
