204800
20 6
1 52
7 90
6 45
10 9
14 45
17 100
26 9
5 72
19 25
24 31
23 38
28 99
25 78
24 2
18 93
21 71
29 91
21 87
27 13
27 28
19 89
14 23
12 13
5 21
20 48
25 66
22 41
25 30
7 85
13 32
17 42
19 70
14 96
20 74
14 77
28 32
16 40
13 26
26 88
11 97
8 58
7 74
16 93
18 39
13 56
30 15
25 52
13 8
13 57
26 1
6 58
8 85
2 25
1 38
25 60
21 33
3 3
18 35
26 31
30 52
27 45
10 75
10 87
13 56
21 71
7 99
6 49
21 2
12 35
14 97
4 57
12 63
22 20
27 38
26 71
24 16
21 70
14 63
23 54
17 97
17 87
3 94
3 47
26 64
10 62
17 33
10 56
28 37
18 13
7 9
23 38
6 77
13 76
14 76
1 97
4 42
10 51
11 96
27 99
19 88
29 8
26 60
20 53
10 2
15 52
23 12
25 80
4 87
3 98
14 56
16 57
9 31
30 13
30 52
14 9
11 68
16 71
30 3
9 24
24 74
21 5
11 32
25 63
6 55
3 81
15 8
23 42
12 71
9 81
10 37
30 43
0 61
20 65
9 64
17 45
9 33
7 49
24 94
10 45
4 69
7 25
4 69
25 24
13 8
26 25
6 33
7 27
15 6
20 71
29 82
22 56
28 85
18 64
17 13
12 26
5 77
6 47
21 29
24 75
5 32
12 36
1 41
26 63
25 48
9 7
2 24
20 5
11 99
8 19
26 74
14 56
2 43
2 33
0 38
21 8
1 94
21 62
14 7
22 89
25 75
23 9
21 25
23 40
8 28
22 61
4 35
6 34
3 50
25 36
24 21
11 87
6 22
13 60
0 57
3 93
2 13
22 30
15 58
24 6
30 2
16 72
30 58
15 73
23 29
0 98
28 6
13 88
5 96
26 61
29 91
1 69
8 68
8 72
24 87
21 49
2 31
20 14
29 99
22 45
7 90
22 21
14 50
1 20
22 53
10 7
30 35
6 20
25 32
20 28
23 76
19 95
6 21
22 75
26 48
22 52
16 47
19 20
18 34
16 89
3 91
11 87
13 82
11 78
30 12
1 69
17 3
4 51
8 27
0 14
12 97
6 49
19 56
2 25
29 55
28 24
2 97
9 31
13 32
4 41
15 83
30 19
28 27
17 81
24 50
24 31
21 95
17 53
1 45
15 100
21 41
30 31
22 50
7 89
17 89
21 84
12 41
5 55
22 36
11 31
21 37
8 29
20 42
23 61
23 25
30 44
6 71
26 86
20 57
20 86
11 8
23 35
21 38
3 11
19 63
16 22
20 31
11 18
21 44
23 86
21 49
22 54
14 16
1 1
27 23
2 43
28 78
5 59
23 19
22 34
29 44
15 46
13 52
23 56
16 33
12 49
30 38
25 15
20 28
1 39
17 32
5 82
2 92
28 76
11 27
11 43
2 11
3 72
9 76
20 6
19 51
11 59
15 86
8 8
6 44
11 75
16 79
8 66
2 46
13 30
5 33
12 46
3 78
20 97
2 44
12 59
4 63
6 64
22 98
30 79
30 62
27 29
30 60
19 35
10 86
2 86
19 14
17 20
7 24
16 74
30 87
8 42
30 52
24 6
25 12
26 99
19 11
6 66
10 10
8 86
19 28
14 6
30 62
29 65
3 45
29 72
30 90
6 45
9 30
2 85
25 100
5 31
22 38
9 47
3 32
29 28
28 93
3 23
30 60
2 28
8 61
18 56
1 12
27 58
28 61
12 42
1 30
19 46
11 50
4 11
