204800
22 42
1 61
13 14
27 89
18 68
18 30
10 70
14 74
17 68
2 97
18 99
15 10
30 94
15 39
26 87
2 4
5 43
24 73
30 44
16 11
5 27
3 95
25 55
9 97
10 93
22 11
27 91
16 11
30 17
10 18
13 33
17 98
7 9
17 5
15 62
8 51
1 92
3 34
13 69
23 75
4 66
18 95
6 46
13 20
13 33
18 65
7 5
1 72
9 16
29 43
25 22
0 16
15 62
16 75
13 23
30 83
6 52
26 50
17 42
9 56
21 33
12 26
20 99
17 92
12 60
10 45
15 8
6 32
27 3
8 62
26 49
15 42
0 28
9 14
24 90
12 87
6 56
9 86
2 22
1 48
12 13
25 44
19 31
4 87
28 40
18 32
5 81
0 62
18 49
20 61
15 39
24 15
24 21
9 23
12 91
25 33
19 31
12 9
3 15
17 39
13 33
5 27
16 30
13 93
18 3
15 27
22 17
13 82
19 11
18 13
21 17
1 77
12 61
4 72
28 65
26 4
22 88
2 8
22 13
28 18
8 13
16 7
10 53
13 51
14 72
30 12
18 72
28 69
20 1
11 7
21 21
0 10
11 19
21 35
26 32
8 51
10 31
29 38
9 43
17 93
14 69
20 54
15 40
5 38
11 93
12 1
23 2
29 55
27 72
11 88
14 41
15 28
28 75
8 15
11 56
13 55
30 81
2 83
25 1
0 38
9 76
2 64
8 12
18 57
22 23
29 75
8 76
1 82
18 30
17 75
7 97
19 88
21 5
19 53
4 45
3 63
22 64
21 36
2 39
10 66
1 70
25 13
5 78
5 54
30 100
29 71
10 9
28 24
5 66
20 52
16 76
18 62
28 57
9 76
3 13
12 46
5 100
18 69
2 8
25 89
7 85
20 53
11 95
2 88
11 1
26 99
17 91
2 45
5 82
17 26
11 22
8 59
28 64
20 40
19 86
20 70
29 10
0 86
5 65
8 93
2 29
15 73
19 99
15 50
22 81
28 23
26 12
13 89
28 3
2 12
12 93
12 96
9 10
8 20
28 12
21 34
29 50
10 93
22 82
27 73
12 75
28 34
16 4
8 37
7 47
30 92
23 12
23 17
12 46
4 44
9 63
9 67
25 82
13 48
0 81
2 72
7 62
12 29
26 65
14 92
10 96
10 100
2 34
10 85
6 79
11 63
7 59
24 66
10 17
20 28
12 18
5 60
10 24
11 36
7 22
8 39
9 7
17 55
29 56
26 49
2 65
3 14
5 39
5 51
27 85
28 94
17 39
13 54
7 48
28 34
2 6
27 5
28 35
25 84
1 8
22 71
4 92
16 72
16 86
2 89
25 27
4 31
25 51
0 78
17 61
7 26
26 86
1 21
20 52
2 50
19 8
3 90
6 67
18 4
11 22
21 89
28 66
27 91
0 14
8 51
6 26
10 12
13 46
16 75
27 87
27 89
10 76
15 39
21 5
21 96
2 17
14 59
10 34
30 92
9 13
14 77
14 86
17 99
20 50
3 61
11 7
25 18
0 11
8 31
11 43
18 88
21 72
23 81
5 14
26 27
29 76
19 72
26 3
20 13
16 51
21 62
7 1
6 45
25 97
7 15
24 100
28 44
26 7
11 33
13 32
30 15
26 59
6 93
30 49
4 26
19 41
12 53
11 67
19 99
24 36
4 38
22 54
22 67
22 90
23 23
27 82
14 2
0 65
20 21
29 5
8 12
15 12
2 43
12 24
12 40
16 14
0 52
25 9
9 70
18 66
13 78
3 18
23 16
5 72
9 73
