204800
8 95
11 38
11 79
18 16
0 30
2 8
13 4
4 73
4 33
0 74
7 7
25 34
7 95
25 70
2 27
2 92
15 21
30 36
16 33
20 16
26 35
4 76
2 21
30 6
26 56
7 75
9 55
6 21
29 4
9 87
12 6
21 85
7 62
11 14
20 52
14 50
30 45
27 65
0 50
10 90
26 30
24 85
0 46
5 5
28 66
9 12
14 51
30 66
7 32
26 5
6 61
26 74
25 21
21 77
18 44
9 12
24 45
25 21
8 50
3 51
28 44
8 77
15 23
18 78
18 28
8 76
18 69
26 83
10 50
18 94
11 90
19 2
19 30
1 71
8 63
29 86
0 15
7 5
14 8
5 63
8 72
22 51
26 51
7 6
15 74
19 13
11 15
20 81
28 91
2 29
27 13
16 79
20 100
18 46
21 26
24 31
5 56
6 83
4 22
27 38
6 20
8 33
13 41
29 9
2 46
17 3
11 84
27 91
26 41
10 56
11 61
5 67
2 31
21 42
22 6
13 58
17 64
12 21
14 10
16 89
9 99
27 43
9 31
10 74
20 8
17 72
9 48
9 73
13 87
11 44
23 22
27 10
20 27
7 37
11 42
30 55
16 18
30 21
3 8
0 70
7 44
15 98
9 99
6 59
10 16
30 36
28 91
10 56
26 12
8 39
30 58
19 88
6 60
16 13
2 44
19 77
5 68
14 85
24 45
7 94
22 90
3 63
7 76
29 29
0 52
6 68
15 79
19 68
7 25
5 83
2 51
5 21
24 10
15 63
23 44
30 68
7 82
5 75
23 19
4 54
8 48
6 90
8 82
9 77
16 84
11 29
11 19
18 20
14 13
30 5
3 69
0 79
28 44
11 51
2 13
0 62
23 32
14 67
5 48
5 86
27 21
17 30
22 94
23 66
2 11
20 36
13 94
6 59
12 92
24 15
13 16
24 52
8 80
6 23
7 70
3 2
25 39
10 92
8 28
0 97
22 53
25 42
23 87
23 68
15 43
20 65
6 87
14 76
6 67
29 51
8 49
19 94
12 87
4 23
0 54
20 19
10 72
8 35
12 22
25 84
9 86
23 7
4 7
26 72
3 9
7 10
6 81
10 66
3 54
7 88
9 60
28 77
24 47
11 11
13 20
3 90
11 7
23 36
9 18
3 89
18 86
19 75
12 36
23 13
24 35
25 91
25 32
11 65
0 90
20 47
28 26
18 48
2 70
18 64
7 26
3 73
25 38
27 27
28 51
21 78
0 8
11 35
6 67
15 63
15 59
10 84
13 4
26 18
16 64
28 94
7 62
11 36
4 62
3 76
1 16
20 26
10 62
3 67
17 25
8 33
26 62
28 97
11 40
27 50
18 89
29 100
17 69
10 55
14 94
26 8
7 83
9 33
6 58
8 87
30 69
29 57
22 25
28 18
9 25
19 71
27 86
26 86
15 14
14 99
21 46
19 45
6 6
13 33
11 59
17 97
4 25
21 16
1 80
26 12
0 8
0 67
7 41
7 5
26 84
13 3
9 44
29 16
11 85
17 14
30 64
5 92
29 73
15 17
21 95
22 64
26 72
17 70
24 17
6 54
18 41
19 81
16 72
26 55
8 97
0 36
6 98
25 37
4 80
15 81
15 48
28 29
13 14
10 94
1 60
28 4
30 94
6 6
11 82
3 76
25 60
18 10
13 37
8 13
17 48
16 76
10 90
17 29
30 71
12 4
8 10
25 84
3 42
27 77
18 90
10 17
1 71
7 26
9 88
6 27
27 74
28 64
8 88
22 77
14 30
6 64
