204800
20 98
8 7
24 48
18 42
29 20
11 92
18 80
12 26
7 82
25 98
7 65
28 48
27 100
26 8
5 55
19 33
17 98
17 9
26 7
0 20
2 61
11 95
30 71
20 39
7 1
6 26
6 87
15 33
28 83
16 26
6 80
11 54
28 18
8 15
7 1
27 37
27 96
7 29
11 53
9 72
2 81
1 69
16 91
15 31
19 11
10 60
22 42
29 16
13 28
16 78
17 45
10 3
15 33
25 89
19 7
6 65
27 60
21 44
7 95
6 70
22 84
5 30
12 21
15 50
9 55
18 18
8 89
29 72
27 70
23 42
15 43
17 22
25 23
5 16
6 37
9 91
2 87
5 15
10 30
12 44
27 73
0 48
15 81
6 45
25 1
7 25
3 3
22 40
22 58
29 50
4 84
27 4
21 34
30 83
16 56
16 89
16 5
17 67
6 61
28 79
11 78
21 7
4 87
14 96
11 24
8 84
19 8
18 84
5 23
22 89
4 88
7 25
1 28
9 58
29 52
28 88
20 48
16 66
2 61
30 22
4 5
11 73
19 3
21 58
26 35
18 82
29 22
1 95
12 26
7 47
27 8
20 65
17 2
13 79
12 62
5 68
16 47
7 25
3 11
3 34
13 39
3 41
4 74
14 18
28 73
6 98
22 83
19 78
11 55
29 55
10 62
0 54
12 39
21 79
0 37
7 96
6 78
27 70
7 75
29 67
9 82
14 38
22 79
6 20
4 12
23 21
1 1
3 6
24 21
3 43
17 76
10 12
6 13
15 48
23 16
28 42
26 87
24 36
19 75
25 90
0 47
14 92
1 95
12 25
8 89
0 66
21 75
10 43
1 40
24 5
4 80
20 98
24 86
21 48
10 48
13 61
28 91
30 94
25 99
6 92
12 31
5 65
8 66
4 89
21 25
1 68
26 66
9 1
6 61
23 24
17 54
21 4
5 10
6 50
17 55
18 88
5 65
10 77
19 71
1 68
21 72
22 89
14 20
29 40
1 95
13 7
6 77
8 47
14 74
21 28
25 59
7 43
10 49
22 20
11 66
28 20
14 100
6 91
11 52
14 15
28 65
3 17
15 90
6 71
17 6
1 50
25 23
11 96
2 73
4 80
19 49
16 82
25 2
6 3
12 40
2 54
7 6
24 55
10 94
23 49
24 60
26 8
3 89
18 43
0 83
18 8
1 39
21 11
2 79
21 26
5 59
29 21
22 68
10 46
7 80
30 36
25 42
21 75
8 95
3 90
10 12
9 28
17 35
25 56
10 42
4 73
4 62
28 11
12 95
12 13
10 44
6 3
18 36
29 77
8 79
27 99
27 43
5 35
1 27
1 96
8 86
5 97
18 33
24 40
13 60
1 10
28 28
11 50
4 12
17 13
19 62
13 31
19 11
30 99
24 31
20 80
23 30
30 45
12 63
13 64
2 39
22 93
17 63
2 4
12 89
26 78
30 27
12 79
28 74
7 57
6 56
14 48
23 92
15 87
9 71
27 28
5 64
30 40
25 53
3 86
22 2
22 33
25 37
3 52
30 19
26 9
5 37
23 60
22 48
16 54
8 82
0 32
21 30
1 76
26 24
24 19
29 14
13 81
6 49
6 69
25 45
2 27
27 75
12 14
13 23
10 18
23 31
19 12
20 56
16 73
6 79
18 64
6 6
18 96
13 84
26 15
13 68
3 92
23 74
6 32
14 95
7 56
9 97
14 97
23 61
26 42
15 67
30 99
22 14
1 20
20 41
19 62
23 65
12 51
20 29
14 32
4 47
27 17
14 18
4 46
