409600
26 27
15 27
24 71
26 87
2 69
18 5
12 86
1 70
4 96
13 79
23 78
24 22
28 89
7 77
3 53
1 3
16 52
18 58
20 20
5 43
0 8
15 87
27 55
7 90
8 30
0 83
11 52
12 55
14 55
26 59
4 53
27 70
7 30
13 34
25 54
29 40
21 72
1 63
1 17
0 9
10 80
17 35
24 34
1 40
4 34
20 57
19 49
21 70
23 70
29 11
28 54
3 64
2 82
24 67
10 66
20 25
24 21
23 1
27 29
10 18
23 29
5 79
8 95
30 32
14 92
6 85
20 48
6 51
0 90
9 14
3 10
22 21
27 11
1 23
18 85
3 30
25 23
30 46
30 55
29 84
19 68
6 40
15 82
18 49
4 49
3 74
6 45
0 84
21 91
20 23
21 21
21 59
30 67
14 15
12 78
23 8
8 52
9 92
26 67
20 35
10 53
18 71
24 49
11 4
5 36
4 25
8 91
10 8
30 13
24 72
15 59
23 26
25 62
13 67
14 28
17 71
11 36
1 33
28 36
23 28
9 30
7 9
1 88
18 44
21 25
3 55
9 50
9 81
0 39
0 57
3 27
5 5
6 71
24 82
1 82
6 22
11 48
27 33
18 44
13 52
2 7
25 4
17 27
22 36
15 61
4 80
6 80
9 17
27 51
0 78
10 1
12 29
7 67
30 54
27 89
13 17
21 43
13 9
9 15
19 45
7 96
25 58
8 100
15 57
21 45
13 100
2 84
15 38
1 61
12 92
30 68
16 4
24 11
29 29
2 84
0 81
28 94
4 83
26 30
1 6
10 72
2 48
18 63
6 40
22 27
9 3
7 83
30 8
12 91
20 31
19 39
22 19
23 80
10 86
3 76
25 84
28 37
17 6
27 30
1 56
26 25
14 58
3 63
11 50
5 9
4 84
7 81
23 55
23 75
1 30
20 22
12 33
11 38
30 80
21 64
28 20
16 43
5 54
2 85
10 19
29 31
8 40
18 15
10 33
1 74
9 17
17 32
24 14
25 6
22 100
23 63
3 93
22 49
5 81
24 60
21 34
13 86
9 64
2 6
22 84
3 5
13 98
3 23
19 94
9 80
7 5
18 83
25 51
8 4
26 74
1 88
27 30
15 12
9 46
9 89
10 22
21 52
1 6
0 37
10 30
6 6
0 28
12 23
22 96
20 65
19 26
14 66
5 22
28 34
3 43
27 20
14 68
10 11
19 36
10 6
11 2
29 69
0 19
18 8
21 54
5 97
2 78
24 57
4 88
5 50
29 71
20 86
12 26
19 2
27 66
28 88
7 31
6 16
23 6
20 44
11 27
16 36
5 92
18 77
28 17
16 78
23 76
4 50
14 80
20 95
20 86
25 72
1 64
12 57
19 50
0 77
13 29
28 85
5 6
15 18
0 48
0 63
25 73
12 74
14 78
27 94
23 26
11 81
4 96
26 28
16 72
25 12
11 31
23 19
1 65
0 42
13 64
30 98
10 8
5 3
27 2
2 86
29 27
28 29
1 70
0 15
0 90
12 100
22 41
16 2
11 36
10 87
13 84
19 17
28 27
27 62
18 39
3 9
19 21
17 79
12 26
11 45
20 47
16 22
14 17
9 97
21 25
18 71
27 60
17 48
19 98
5 99
14 81
3 23
30 68
3 97
5 30
11 66
20 47
11 64
13 68
5 97
11 44
16 39
2 24
7 56
18 36
17 6
2 3
20 91
21 25
24 8
1 30
11 48
21 80
13 99
13 25
28 46
12 34
28 88
14 62
27 75
26 14
17 11
19 52
