409600
21 49
30 95
19 88
6 40
16 65
14 86
27 32
4 40
26 54
17 10
28 8
17 85
26 44
16 35
6 90
29 80
0 21
20 92
30 55
6 58
10 77
29 54
22 33
18 46
19 67
24 48
13 82
20 50
4 70
6 14
2 9
6 61
7 16
15 84
1 31
12 10
14 56
16 32
14 31
13 25
30 33
4 64
15 75
7 53
22 25
6 66
12 27
22 3
17 34
17 31
28 1
4 77
30 10
13 66
10 63
17 38
25 70
21 5
5 50
9 100
22 71
20 45
8 37
18 15
29 71
0 37
10 37
24 29
18 44
25 19
10 6
28 2
2 84
25 17
9 52
17 94
2 44
15 94
13 43
23 57
24 90
13 79
29 64
15 15
29 1
21 26
16 62
24 2
28 87
25 60
22 75
0 84
4 57
26 2
15 76
17 5
6 96
2 77
8 65
23 33
29 35
21 2
26 26
28 80
4 11
30 69
13 78
22 4
19 37
19 100
15 7
15 4
21 92
27 68
13 30
5 58
29 79
15 86
29 22
27 42
0 72
13 2
24 31
13 55
15 79
25 18
28 17
29 55
0 57
2 10
5 21
11 50
27 46
2 17
4 9
27 65
5 69
7 54
2 74
1 97
13 39
4 64
2 93
14 97
21 39
27 79
27 94
30 82
13 14
30 9
18 38
7 12
27 72
20 18
17 19
23 49
1 84
25 43
5 90
15 93
10 86
27 86
27 1
27 94
26 8
21 9
6 67
22 65
21 20
12 17
22 44
0 99
5 66
25 41
4 47
21 62
16 21
13 53
18 9
27 41
8 30
6 21
1 14
23 46
30 69
19 59
5 83
2 33
22 81
13 57
22 22
21 52
0 21
5 16
11 66
8 29
13 57
24 2
26 67
2 12
11 37
20 20
5 33
19 40
20 81
7 74
15 5
10 41
15 56
4 55
27 42
30 55
7 71
21 53
21 21
12 84
12 98
28 95
9 12
27 13
27 79
6 45
30 86
12 74
24 69
14 16
4 49
4 7
29 80
14 58
20 39
29 72
21 57
12 40
13 25
1 27
6 44
10 39
0 7
24 16
8 29
4 42
24 25
29 26
8 61
8 41
8 12
2 58
28 38
19 89
22 72
25 1
17 9
14 82
0 52
1 56
25 6
15 99
11 70
8 81
12 3
30 80
16 75
6 26
8 45
29 47
27 43
16 3
13 49
9 69
9 55
15 51
1 96
10 60
10 83
7 96
12 35
6 2
5 88
17 12
8 86
26 28
21 33
21 67
24 1
2 20
26 19
26 46
14 77
16 49
16 79
29 36
11 72
26 43
26 17
1 69
14 44
18 66
5 40
6 47
29 7
14 64
10 69
2 58
20 40
3 81
3 34
13 76
1 42
6 93
29 29
2 60
22 93
12 25
1 22
1 16
6 12
0 34
29 100
13 42
12 50
29 38
30 70
14 38
30 39
14 31
29 75
2 31
21 89
8 83
18 84
28 6
4 55
19 77
0 40
20 24
16 63
0 2
9 59
22 48
28 26
19 83
20 66
15 72
30 84
19 39
18 77
16 97
27 36
27 37
23 51
18 59
10 54
15 7
24 12
20 11
16 1
5 16
26 22
2 64
15 86
25 70
8 60
21 63
11 97
9 17
29 56
3 29
29 1
22 15
5 31
28 63
13 29
18 50
10 49
24 59
7 74
5 21
14 81
22 44
2 51
8 73
29 58
7 46
30 85
8 75
19 39
18 71
28 3
14 47
30 43
10 4
17 55
5 97
20 61
4 75
1 84
13 19
23 3
10 64
