409600
28 78
20 58
5 55
22 20
23 95
12 7
1 68
2 85
2 25
23 88
15 14
18 85
19 59
23 69
25 56
6 86
27 17
4 29
8 38
23 52
9 1
21 51
15 93
17 20
5 94
28 45
1 42
22 75
26 40
2 100
3 95
12 92
10 10
1 19
0 95
21 50
18 32
11 25
0 30
17 28
8 71
30 3
26 26
4 90
24 28
9 64
9 14
18 60
11 8
4 20
12 35
15 56
25 11
5 91
30 3
5 93
1 35
24 43
3 50
11 16
2 45
19 23
25 12
13 84
10 41
26 10
7 89
23 24
28 60
14 95
6 89
1 26
18 5
26 73
10 32
19 14
0 57
24 33
28 36
1 43
28 71
16 2
15 94
3 72
15 27
23 75
12 22
22 51
24 2
23 42
23 42
30 94
22 26
19 24
9 43
25 3
11 85
22 5
5 99
29 69
23 52
1 65
16 75
12 27
5 100
5 31
3 48
21 71
22 52
9 45
7 84
12 45
12 46
16 10
2 54
14 77
9 32
16 6
13 10
4 48
2 1
7 2
10 71
4 12
24 44
2 62
10 29
27 85
28 26
24 23
8 48
18 100
15 6
18 95
6 78
21 47
24 9
7 18
10 42
19 75
17 65
25 59
18 1
29 35
26 61
24 70
1 61
24 11
0 8
11 22
16 40
11 80
7 58
12 79
26 16
11 43
18 77
30 29
27 45
24 57
30 100
21 22
1 84
20 52
4 81
27 18
17 91
5 94
28 67
2 5
28 71
30 49
29 85
10 55
18 88
9 34
4 65
18 1
22 6
16 54
3 7
8 95
1 76
8 64
13 89
8 26
25 35
15 52
21 77
3 73
29 41
2 7
25 49
1 59
21 71
29 3
7 23
16 66
10 25
30 7
13 29
9 4
30 40
9 90
16 37
25 68
2 81
30 16
30 91
30 55
18 7
8 3
18 89
10 57
28 63
2 13
9 34
17 14
28 89
17 64
17 37
22 34
6 73
17 40
25 5
17 71
23 93
29 67
11 35
5 88
21 7
7 94
5 23
6 38
29 99
13 82
25 5
21 94
7 11
18 20
29 45
21 34
9 67
25 58
1 39
3 17
12 25
19 15
24 7
17 1
27 60
20 90
30 65
4 80
8 37
8 83
19 35
3 61
17 87
17 37
22 39
18 66
17 95
17 87
3 93
27 31
22 53
4 48
25 12
1 23
19 85
20 3
8 85
6 98
4 18
26 32
20 85
28 13
18 30
17 17
18 28
16 94
7 16
15 92
7 11
4 59
21 2
18 55
29 33
6 79
4 70
12 79
1 77
0 57
30 6
15 67
18 83
14 98
9 34
24 19
27 62
9 24
5 60
3 98
14 83
21 74
25 51
8 16
8 5
8 60
6 20
19 24
18 87
15 20
20 89
10 71
8 52
6 98
30 74
29 10
21 24
7 59
12 64
26 45
6 21
23 7
17 56
22 32
3 37
6 72
8 27
9 98
1 32
28 40
1 37
6 51
27 93
17 89
13 62
2 99
16 86
15 36
6 20
16 65
0 92
7 28
12 56
6 42
28 34
21 72
7 96
12 82
5 81
16 18
23 42
1 54
28 89
22 84
17 74
29 58
1 93
15 42
0 88
29 48
1 8
22 14
22 70
29 64
5 100
23 11
21 36
25 47
10 39
15 89
12 26
8 37
10 56
8 82
14 34
10 16
25 69
9 29
25 25
17 26
26 58
10 66
24 90
23 22
27 27
5 68
9 92
19 10
17 88
0 66
15 23
15 30
10 49
10 45
1 46
30 63
