409600
19 95
17 22
24 39
9 10
0 4
11 40
3 73
24 32
0 3
12 34
2 50
14 68
11 33
19 13
1 96
10 9
23 17
26 70
30 69
11 56
13 53
12 14
17 90
9 16
23 44
9 65
19 12
22 79
22 100
0 79
29 89
25 86
12 10
3 43
4 41
21 46
27 98
14 5
4 16
9 60
24 49
6 86
21 59
3 78
18 10
6 5
24 61
0 81
10 41
6 31
4 43
27 40
22 41
16 91
21 78
22 46
6 41
6 14
10 48
8 46
29 60
5 76
26 86
15 15
18 77
24 90
13 27
26 52
21 69
22 37
0 59
25 98
0 47
0 18
4 13
13 28
17 6
3 56
22 9
4 55
20 62
8 69
30 97
23 38
1 73
19 3
12 34
13 48
28 10
25 39
18 99
16 3
29 58
5 95
3 3
29 58
30 30
30 29
24 59
15 22
17 57
22 37
17 9
27 30
10 53
19 62
0 56
0 14
1 81
16 88
30 19
10 32
22 88
10 26
23 71
14 60
29 69
1 99
14 4
19 25
11 59
16 34
10 68
20 10
9 68
11 9
29 37
14 2
29 48
1 49
1 38
16 73
26 76
0 41
4 84
18 59
9 67
8 35
9 16
19 40
17 86
3 87
27 27
28 59
26 8
5 54
3 16
5 95
6 44
27 72
21 37
14 48
27 12
29 39
12 44
20 4
1 36
6 41
30 87
11 80
6 24
23 23
24 79
5 38
22 83
2 84
20 20
1 31
13 92
30 22
25 25
30 31
0 38
14 92
12 13
14 54
28 30
3 54
17 80
16 79
17 42
23 74
30 90
26 17
23 25
25 54
24 15
15 39
7 7
19 40
1 81
18 91
2 45
16 46
1 31
13 26
28 24
11 20
25 14
26 68
5 61
4 53
9 14
3 2
6 6
29 86
26 28
1 62
0 36
24 100
14 100
26 86
13 14
4 2
14 43
26 87
11 52
7 71
22 98
13 92
28 30
12 82
22 24
1 47
19 70
5 54
4 97
15 90
2 81
0 49
15 99
1 18
23 12
12 43
26 30
27 28
17 13
15 87
11 69
18 59
19 24
21 93
13 28
27 37
8 61
25 43
9 38
6 73
27 60
0 85
16 13
23 99
6 47
10 35
24 8
2 67
11 63
29 9
1 86
29 31
19 14
13 79
15 40
1 25
12 7
25 26
9 99
9 49
13 97
11 7
26 84
7 50
16 73
16 20
21 22
7 98
0 85
29 88
5 96
23 46
13 90
28 87
26 30
17 45
12 68
27 98
9 92
13 97
1 18
10 89
30 3
8 63
2 23
6 39
22 98
9 85
3 2
15 17
16 46
3 11
24 50
10 6
21 89
15 51
22 35
9 99
12 10
30 67
20 35
27 21
17 32
10 81
29 96
1 66
21 58
16 44
12 87
3 82
9 92
17 64
4 89
9 36
6 30
5 58
19 71
8 79
15 47
3 58
3 78
14 70
0 50
6 11
11 85
27 30
1 51
7 77
29 16
27 57
12 13
7 71
6 43
16 79
25 4
3 4
25 73
14 70
1 14
4 1
29 95
13 15
3 85
17 1
6 65
4 2
24 7
16 35
23 19
28 56
5 3
17 34
13 79
16 61
30 18
1 42
1 63
25 19
16 44
28 48
7 56
5 44
16 58
23 19
20 6
3 62
11 10
21 40
3 94
29 28
16 42
26 74
0 83
4 60
11 73
13 59
26 6
11 23
17 54
1 9
10 52
22 5
15 63
27 40
0 56
29 25
21 21
1 80
11 53
25 68
2 56
15 9
