409600
13 47
13 92
6 16
10 30
25 50
29 10
20 54
15 97
20 71
13 18
4 15
27 82
27 22
4 26
18 16
10 20
12 6
0 100
10 87
6 83
0 16
6 15
27 64
0 4
14 63
2 18
17 5
6 91
13 35
0 92
6 88
24 3
4 8
17 43
20 14
28 7
17 67
23 12
1 41
3 49
29 22
5 1
21 18
23 52
29 51
17 6
15 24
19 94
9 8
24 3
28 95
12 64
6 39
25 98
1 57
22 45
13 48
29 11
22 52
18 44
3 86
10 63
29 44
15 56
24 48
8 72
30 35
2 75
24 43
25 67
10 34
19 9
10 37
10 28
25 52
25 65
19 66
28 38
23 6
16 97
14 74
29 38
3 20
19 48
15 49
17 58
1 73
28 4
9 61
19 72
6 24
23 68
1 52
28 92
3 91
3 98
23 61
29 18
3 59
5 74
4 65
23 34
5 77
21 34
15 82
2 41
16 88
1 18
22 46
0 93
8 98
0 92
26 63
13 7
13 69
13 27
4 4
16 94
15 26
28 18
3 7
1 17
22 49
16 55
3 33
9 35
9 99
7 14
14 24
26 71
30 1
13 36
23 92
15 27
13 33
22 95
27 12
4 92
16 39
23 31
13 23
24 89
20 62
9 56
11 95
20 93
26 57
12 83
26 35
3 63
2 69
17 9
12 11
26 26
5 11
18 7
21 11
17 89
26 81
29 34
26 72
15 71
26 43
11 72
24 29
25 31
23 4
28 33
12 5
26 17
20 32
15 99
23 35
2 27
21 24
3 74
23 98
5 3
9 77
19 80
30 32
13 4
26 69
9 63
4 6
17 5
7 18
25 6
20 88
23 10
21 14
27 90
23 32
1 100
4 70
17 8
11 69
29 7
9 56
23 81
8 77
9 97
24 41
15 80
8 9
28 53
5 39
8 66
24 83
4 30
4 100
27 54
21 1
0 22
3 42
0 36
3 64
11 45
1 22
30 89
29 44
21 67
26 44
26 83
24 36
22 41
2 9
11 60
30 61
26 48
2 49
5 16
21 83
27 80
6 15
3 34
9 94
27 48
29 73
24 56
16 75
1 98
13 15
16 49
9 59
8 23
6 73
10 78
16 60
7 56
7 21
14 9
17 44
21 62
28 37
12 57
10 96
3 33
0 62
27 37
9 31
7 26
1 65
15 31
26 31
29 77
30 84
2 17
25 30
19 81
15 99
8 6
1 1
30 32
11 77
14 98
13 77
14 60
12 73
14 66
20 14
20 80
26 25
12 37
14 38
7 24
2 45
11 63
14 37
0 47
27 56
22 93
24 84
18 70
22 85
28 97
0 36
29 100
27 66
16 72
8 39
1 61
0 96
28 31
11 24
15 11
27 66
10 63
20 42
0 24
28 69
3 12
28 37
24 36
13 40
16 80
23 71
5 59
15 56
9 34
17 96
17 73
10 63
2 41
10 50
7 3
22 56
21 96
12 18
2 55
29 8
4 55
26 38
19 66
26 11
23 17
5 76
12 1
17 27
14 4
7 85
17 72
16 28
5 61
23 70
22 56
27 22
20 68
24 47
27 97
3 64
8 55
12 17
21 28
29 72
12 55
5 21
25 36
1 23
3 90
19 22
15 69
3 39
12 76
15 76
24 25
24 79
3 100
16 8
21 77
17 96
19 68
9 26
27 84
17 77
22 59
5 89
0 9
29 58
1 71
11 46
25 24
13 80
0 62
10 75
6 58
6 13
5 88
3 27
30 12
25 89
15 6
29 16
2 26
24 2
24 45
8 52
16 26
17 8
29 94
