409600
10 44
5 4
2 55
3 51
22 70
11 2
5 13
1 98
26 15
12 86
27 87
21 57
23 17
22 24
16 23
10 2
13 18
1 16
10 66
0 7
4 10
17 78
27 27
9 14
28 88
22 99
27 41
9 61
17 39
5 6
28 13
28 73
17 59
28 11
8 77
17 62
5 43
11 90
10 30
28 95
10 13
29 79
0 60
15 99
28 10
8 40
17 3
29 35
15 16
2 11
30 91
14 33
21 53
15 53
5 67
29 58
9 95
10 65
16 21
2 64
26 2
23 89
10 33
18 64
5 98
1 35
28 60
4 72
28 72
30 6
1 66
24 27
21 74
6 78
9 68
7 91
10 90
18 73
5 2
28 67
23 42
10 22
25 17
4 16
29 16
15 47
25 28
21 54
11 37
23 1
29 84
26 37
17 58
14 96
15 61
27 39
6 90
29 100
21 61
23 39
25 88
28 91
5 42
28 2
17 47
28 26
10 43
2 82
25 97
23 71
4 94
0 94
22 70
5 4
3 72
3 8
4 42
22 43
29 11
27 98
19 90
25 46
14 21
16 57
24 60
29 21
23 9
16 57
7 25
29 71
27 93
18 48
21 96
15 95
10 73
5 60
23 25
3 74
18 78
26 47
10 71
28 16
27 44
1 98
28 71
1 40
22 44
7 20
24 30
23 78
26 97
13 96
28 56
0 13
15 28
14 51
22 93
5 31
20 23
1 11
24 42
1 27
28 71
18 72
1 41
10 78
21 66
5 46
3 7
27 27
2 86
14 94
9 25
28 55
6 83
19 98
26 76
9 97
17 24
4 97
7 26
23 50
0 30
7 89
24 18
9 2
28 32
3 93
24 28
8 94
8 87
13 66
28 92
17 31
11 21
29 17
23 68
3 73
14 65
1 21
29 62
12 49
5 58
20 57
11 60
8 41
21 82
25 92
20 18
7 87
5 49
2 45
9 26
3 3
14 94
17 63
20 96
2 56
5 93
15 27
3 34
16 62
17 61
16 56
20 27
5 43
29 13
3 51
25 49
14 85
10 78
19 99
12 16
29 56
29 98
28 80
16 29
5 28
7 37
22 32
25 16
15 40
30 28
23 92
26 69
13 40
21 84
13 87
27 10
17 28
29 7
24 59
18 77
27 82
14 22
20 50
4 34
0 36
5 68
26 17
2 33
29 17
4 90
10 30
0 49
11 31
13 17
2 75
17 27
9 18
9 72
25 57
18 93
23 60
8 28
30 70
17 16
13 93
4 28
9 39
14 43
14 19
5 14
30 23
30 85
2 66
25 39
5 48
23 20
25 33
15 56
14 79
25 90
13 78
1 93
14 54
8 28
23 40
4 86
16 4
0 28
8 68
9 64
7 35
24 71
12 7
24 88
4 86
12 66
13 82
16 26
26 16
16 45
26 40
5 2
27 85
12 66
14 50
5 92
4 64
3 38
1 100
12 47
11 89
28 9
24 84
29 25
22 97
12 54
25 7
9 15
24 10
25 45
11 15
9 91
0 47
13 53
29 41
18 85
23 71
5 25
28 94
19 96
14 31
2 45
20 56
2 64
2 42
23 3
30 84
30 78
1 56
1 74
22 1
18 66
26 94
5 60
24 29
3 2
11 47
27 90
17 2
10 87
18 73
12 69
5 59
29 99
13 94
13 13
6 44
16 22
22 89
9 29
11 26
25 17
12 46
16 73
23 18
7 98
6 28
13 14
22 80
22 78
9 85
21 23
25 86
14 39
4 24
24 66
26 46
16 77
23 80
18 39
5 57
26 87
28 23
2 88
8 60
0 49
14 69
