409600
2 91
17 67
5 49
15 17
27 82
20 74
7 94
16 80
10 88
26 6
16 58
17 53
21 4
15 78
29 46
12 85
21 33
14 13
27 55
3 17
8 65
15 11
10 60
4 47
13 64
28 26
14 45
30 84
26 6
6 49
7 79
28 28
4 33
1 31
2 65
24 19
27 43
21 7
9 8
17 83
1 43
16 1
22 8
20 23
25 84
13 78
14 8
14 17
20 43
26 8
30 39
14 44
28 9
23 46
24 96
24 13
20 24
3 21
26 26
26 9
8 41
29 76
3 5
26 7
27 84
4 21
0 24
15 35
5 12
8 91
3 64
1 95
2 99
1 41
19 95
25 83
10 1
30 53
9 31
21 8
12 61
29 81
2 66
14 29
0 92
24 39
21 25
5 96
21 15
2 1
16 51
0 8
30 23
1 59
0 54
25 61
15 27
21 14
5 77
10 56
26 90
18 21
30 15
22 45
10 77
28 67
25 51
2 4
7 82
27 60
11 94
26 41
3 96
7 45
10 28
2 99
16 10
12 64
24 13
9 23
22 19
4 79
26 19
0 96
7 23
23 47
15 56
0 61
1 36
4 5
14 7
4 61
29 92
5 95
3 72
19 2
25 85
24 85
16 5
25 98
18 57
21 71
24 33
7 2
13 57
24 1
2 49
8 66
21 86
24 97
16 91
7 22
10 65
19 98
12 19
15 38
27 66
18 88
13 44
22 3
2 63
7 2
19 10
24 47
13 51
27 50
9 67
0 81
22 30
19 83
21 28
24 3
7 14
14 93
7 74
8 33
5 13
24 36
13 58
1 85
4 87
29 55
3 61
8 42
24 59
8 26
26 35
13 37
17 96
12 91
15 20
9 76
22 1
27 67
12 51
17 19
26 12
18 19
16 98
11 92
8 12
19 86
4 20
19 77
24 25
26 9
26 44
26 100
17 40
4 21
29 56
6 43
19 100
20 81
20 21
16 28
18 68
28 65
4 62
17 28
5 74
26 19
26 55
0 70
16 89
18 20
7 44
14 88
12 85
4 7
16 2
4 49
14 9
10 65
18 50
23 53
22 83
6 94
20 65
23 91
15 79
10 54
26 46
6 29
13 76
6 13
20 53
11 100
28 68
0 15
3 63
1 65
5 11
27 100
29 76
19 21
28 81
21 21
19 45
21 28
6 30
27 38
18 41
13 54
21 66
13 5
22 74
6 8
27 21
30 5
3 97
12 59
12 48
9 59
2 80
17 52
11 87
9 96
27 41
10 100
27 23
25 53
6 67
16 32
18 84
28 84
19 7
20 67
18 16
21 41
21 88
16 90
15 26
8 38
14 92
25 97
28 25
3 9
17 12
24 45
3 65
16 96
4 58
12 15
13 41
10 57
12 85
24 11
11 66
23 84
25 71
17 14
19 89
6 11
1 96
14 78
14 97
0 59
30 52
7 79
19 100
9 29
4 8
26 95
20 63
18 32
6 100
14 46
20 40
6 25
10 35
20 27
15 34
1 50
11 18
30 55
14 11
29 36
25 31
10 79
29 67
14 6
23 62
20 29
8 36
10 21
23 97
17 15
24 51
14 9
29 25
2 45
16 77
5 30
7 74
14 3
30 61
14 46
9 60
11 36
20 44
8 10
10 83
6 18
26 58
18 17
1 98
28 50
9 3
19 18
29 80
1 36
1 29
9 80
1 50
30 10
12 43
21 93
22 78
15 40
10 50
22 30
23 52
3 56
22 91
18 9
3 79
4 52
1 57
28 94
25 35
8 70
14 6
27 90
25 10
25 2
18 93
16 49
29 84
26 27
