409600
20 90
16 13
0 5
7 39
11 32
5 89
14 2
22 96
25 23
7 61
25 68
24 70
25 43
25 82
18 52
11 78
3 94
7 13
4 26
13 61
22 29
10 28
4 95
16 18
5 30
13 8
12 68
13 13
22 65
11 43
12 10
8 77
17 91
30 25
21 63
23 93
23 4
6 77
28 45
23 87
12 72
2 31
12 89
26 31
16 13
6 79
21 5
30 11
29 76
7 23
25 7
12 18
10 58
3 7
28 75
16 94
24 91
23 70
24 48
20 68
9 64
8 78
6 46
15 100
18 9
11 82
5 14
19 82
27 93
1 61
29 95
5 11
9 74
12 13
6 60
8 47
29 19
28 87
7 56
25 87
19 62
11 83
22 19
14 56
30 41
21 26
28 57
30 74
12 36
21 79
13 94
20 19
26 6
5 3
8 8
12 65
6 11
5 54
5 36
9 79
18 56
17 61
19 16
17 40
14 71
8 47
10 39
26 55
11 28
8 2
27 27
26 14
7 73
2 39
19 56
27 3
5 70
22 12
14 3
27 58
25 60
7 40
7 82
1 49
17 19
3 64
9 84
4 43
22 46
8 52
9 56
8 63
9 56
28 71
24 69
9 89
26 96
7 97
1 13
9 98
0 75
2 77
7 12
26 93
30 44
0 57
20 55
25 14
2 35
25 52
2 52
20 22
16 54
26 94
18 74
5 47
1 56
24 31
14 67
17 66
12 56
21 49
23 16
9 95
7 31
3 38
3 34
12 81
7 75
19 15
11 48
15 26
13 66
9 14
28 12
20 91
0 7
12 79
5 18
21 71
25 98
12 10
1 16
18 89
30 63
9 16
23 19
6 45
27 91
29 37
20 73
18 18
30 68
29 38
5 68
11 17
0 42
4 94
24 13
27 34
29 90
30 32
10 44
16 28
30 17
17 73
1 33
18 1
6 36
1 23
9 5
1 21
20 71
21 73
30 100
4 29
13 35
28 83
0 76
27 10
25 50
7 11
22 70
14 41
12 92
28 87
11 95
23 73
10 70
2 25
7 66
4 73
30 48
17 37
23 90
11 54
25 46
25 7
6 18
3 24
2 69
18 76
17 95
4 68
28 30
22 55
14 38
6 33
24 63
21 15
10 83
8 52
27 83
23 59
28 33
23 88
0 91
15 82
13 96
28 54
19 55
21 43
15 73
22 3
6 79
28 29
24 90
8 82
11 23
7 12
6 67
15 78
22 47
1 98
14 46
20 56
28 32
23 14
13 52
2 44
8 75
28 14
21 84
3 11
18 4
26 9
22 71
3 50
16 3
3 13
5 19
24 58
5 76
27 28
18 89
29 10
24 86
23 96
4 61
1 9
2 47
16 67
20 17
17 100
5 96
20 48
13 42
7 94
0 88
21 78
14 46
2 98
29 99
24 19
7 44
30 37
26 97
6 91
9 84
30 52
26 76
30 48
14 66
22 65
14 72
0 38
3 41
12 75
18 72
1 44
9 17
28 86
17 36
18 32
24 98
21 81
6 92
4 38
22 8
27 84
8 46
18 12
16 10
17 48
30 62
3 2
22 38
9 83
14 4
6 57
28 3
4 51
28 2
15 2
4 26
27 55
0 69
2 23
10 50
28 31
17 85
20 61
21 28
13 56
10 26
15 2
14 52
13 25
8 45
4 90
28 41
1 89
1 64
16 58
30 92
25 62
7 38
16 2
29 91
29 37
20 5
26 86
3 36
16 19
12 79
22 5
18 98
13 51
6 39
7 90
2 16
12 55
26 23
16 70
3 30
10 7
0 89
23 89
5 67
25 70
