409600
28 91
23 76
21 8
18 57
10 22
3 82
22 21
20 35
30 7
7 1
26 47
21 13
11 48
8 43
8 32
22 7
7 97
15 61
20 44
3 100
4 20
20 44
30 95
26 8
27 60
25 86
4 33
29 16
17 95
27 94
10 43
4 58
9 23
30 92
18 23
17 30
15 82
18 48
16 22
15 6
26 72
13 80
9 63
11 48
26 3
22 53
18 54
25 3
5 75
10 96
22 51
11 18
5 36
12 83
23 96
2 83
28 51
9 72
19 73
16 52
5 32
28 8
14 94
21 46
0 40
30 68
5 76
15 29
28 80
6 27
21 78
21 31
24 65
4 12
28 24
10 33
11 32
18 8
5 14
20 63
28 97
4 5
18 8
26 35
7 31
8 79
21 18
10 61
4 83
24 67
20 25
23 50
14 100
15 35
5 61
30 83
1 59
28 49
26 23
8 13
0 72
16 12
17 35
26 2
23 44
5 85
8 97
4 71
27 10
2 69
5 71
11 77
30 86
7 63
26 44
23 12
4 30
10 53
27 83
21 37
26 99
25 54
6 26
24 95
24 35
14 64
3 85
17 42
19 18
23 91
7 74
4 11
27 43
2 100
12 94
16 15
0 53
26 67
24 6
9 38
0 36
11 24
4 6
2 61
9 7
7 3
2 74
0 12
1 36
30 54
29 84
17 22
12 1
19 46
4 47
13 98
26 48
29 66
18 87
27 96
26 56
3 13
12 69
21 70
24 100
8 70
4 18
0 33
17 53
11 14
16 21
8 37
9 87
26 54
18 65
18 56
20 76
23 32
16 91
8 91
2 45
25 36
2 32
4 75
18 98
11 23
25 33
26 41
13 74
8 69
1 68
17 83
6 50
28 23
4 60
12 93
12 41
27 29
28 3
3 61
6 31
27 89
9 25
26 56
30 67
0 77
15 35
10 85
10 78
26 99
24 48
0 14
8 46
7 34
4 54
15 9
4 50
4 36
18 62
13 30
21 48
22 86
3 47
17 52
20 97
28 61
21 98
13 28
0 42
29 90
9 90
29 52
29 27
14 26
19 21
29 38
30 34
11 18
3 53
11 71
1 93
11 93
1 94
13 44
2 81
9 80
16 77
12 41
7 70
11 99
4 60
9 66
15 31
25 96
8 24
13 25
20 91
18 65
10 16
6 72
22 93
2 99
11 96
23 35
13 86
4 75
2 69
11 49
24 79
5 71
21 64
17 24
5 45
14 19
1 61
10 19
14 7
29 99
11 7
9 29
15 34
19 59
28 50
11 16
13 95
16 34
25 60
24 49
0 92
8 9
3 69
11 36
12 47
8 45
24 41
30 67
20 62
13 53
24 7
26 66
0 48
7 16
17 56
29 31
2 16
5 7
16 100
0 33
18 69
22 72
29 54
9 9
0 68
9 9
0 98
24 24
26 40
1 15
4 50
1 14
4 20
1 83
10 46
30 13
27 44
0 28
21 79
3 39
0 85
6 47
17 93
7 59
29 24
14 4
14 11
10 45
6 15
15 60
11 4
17 28
27 100
26 5
16 52
9 91
8 32
4 16
22 43
1 15
22 49
23 79
2 3
3 48
8 24
28 48
8 51
12 75
9 53
27 66
26 18
18 92
3 51
11 60
17 17
20 31
5 14
14 4
30 78
15 24
20 18
14 59
9 66
6 75
14 85
28 82
28 2
24 94
10 64
23 4
0 95
27 57
14 99
11 94
29 37
8 67
16 65
17 71
5 69
23 94
8 40
3 84
24 19
9 100
21 100
17 62
25 5
21 57
25 64
23 46
28 53
0 8
