409600
9 64
29 1
4 3
23 24
0 64
25 91
20 86
22 53
24 32
8 70
8 78
12 98
19 45
13 62
21 8
7 31
30 98
2 12
17 89
9 74
30 10
2 96
23 45
2 49
20 48
23 95
9 15
20 31
8 68
3 76
9 100
24 71
26 29
9 83
4 99
21 13
3 77
29 8
15 60
16 18
4 44
29 92
27 43
30 94
1 96
22 95
6 23
26 16
18 18
15 52
14 25
1 26
17 65
22 60
29 35
10 49
26 78
29 95
14 71
23 60
23 50
21 66
4 55
10 55
5 19
23 57
3 44
19 67
25 61
29 7
5 22
0 83
5 86
12 92
15 45
24 27
21 94
12 49
13 47
7 70
26 21
4 100
29 21
17 97
0 3
29 34
6 12
29 11
21 6
27 18
14 9
8 98
22 92
11 36
23 60
0 32
23 64
11 15
12 72
4 82
28 42
20 32
19 91
11 32
4 80
14 67
5 16
4 27
12 1
6 53
10 2
19 97
27 14
27 22
23 44
21 24
26 21
20 50
13 62
18 3
7 84
5 75
21 89
5 80
9 96
1 8
10 86
21 59
5 40
12 21
0 82
11 25
12 54
28 40
27 64
17 1
23 72
20 76
7 29
18 73
0 29
7 73
4 36
16 80
0 68
10 12
21 15
7 94
17 80
18 35
4 78
29 15
3 60
14 58
19 96
24 48
14 78
22 98
2 93
5 38
29 70
9 53
12 62
14 81
12 60
11 96
21 92
9 39
20 48
12 43
26 64
4 2
22 3
25 31
10 95
19 90
11 42
21 46
11 41
3 46
17 84
22 74
30 15
23 30
27 56
20 80
27 97
18 99
13 57
20 56
15 84
23 40
2 88
3 29
19 17
8 76
0 8
23 39
17 85
8 6
18 78
22 98
29 74
18 92
29 10
2 71
16 96
21 70
12 49
29 78
21 18
4 50
11 44
3 41
15 63
14 96
29 9
18 15
12 83
2 74
26 90
30 13
27 89
4 100
24 100
18 29
19 79
15 87
5 5
19 56
20 75
18 61
26 4
15 61
26 70
19 6
28 22
25 95
20 87
0 71
19 58
20 24
5 35
6 69
10 62
12 46
1 90
12 11
23 97
14 78
13 77
11 6
12 37
13 96
2 10
4 69
27 47
2 75
30 21
14 91
26 25
7 23
6 52
25 54
8 28
15 85
29 38
12 41
18 92
28 19
15 99
8 77
24 6
1 18
21 52
5 38
4 57
3 66
16 52
4 1
0 100
26 59
6 55
23 56
26 95
26 98
3 58
27 3
11 92
3 15
10 59
10 38
6 79
30 59
25 44
0 32
3 1
28 66
19 60
29 87
29 91
20 29
8 98
6 85
12 57
29 14
2 65
9 33
27 64
27 91
25 94
17 36
20 43
12 4
21 69
16 5
30 74
22 27
29 9
24 96
29 34
3 67
9 71
10 46
27 47
5 86
25 64
17 70
28 82
5 9
29 83
20 31
15 49
19 61
23 32
11 71
7 78
30 78
11 61
21 95
4 78
14 98
18 34
29 11
30 41
30 2
21 30
29 48
7 74
1 82
0 61
20 68
7 5
17 59
25 31
17 38
29 30
11 51
12 81
24 79
5 54
29 98
11 66
17 92
1 7
11 39
25 90
0 90
10 77
27 5
16 94
7 72
0 93
3 22
30 85
28 81
29 83
3 71
2 85
5 17
4 26
18 67
12 92
23 74
6 52
1 2
25 85
2 57
8 19
18 72
9 37
6 26
15 53
10 30
14 16
2 29
29 82
6 78
29 4
14 90
