409600
30 82
25 72
28 26
28 77
17 88
28 60
15 36
25 77
23 92
5 88
24 15
28 31
18 94
11 19
3 48
3 44
7 61
27 8
11 89
17 79
0 74
18 28
26 95
18 32
13 9
17 74
18 41
27 93
9 99
4 21
10 57
21 49
4 48
14 53
11 42
0 40
29 82
11 44
18 78
23 59
10 56
23 25
21 90
13 47
27 99
19 76
13 61
18 11
18 64
8 48
30 86
18 28
13 98
14 100
5 35
25 49
22 69
11 26
30 2
17 93
16 93
18 59
2 34
1 85
7 6
6 96
27 20
10 86
30 8
10 81
30 11
19 97
4 70
13 42
15 2
26 27
26 52
28 36
17 12
6 12
13 81
7 50
30 24
13 62
6 24
17 28
27 41
16 26
6 84
19 67
20 40
13 22
11 75
19 49
27 52
14 12
30 82
29 8
7 26
8 83
7 92
9 95
2 94
30 18
14 25
20 8
4 97
29 19
4 27
3 52
30 31
14 9
17 64
3 24
4 44
19 18
23 51
29 70
10 44
16 34
6 46
10 22
7 46
2 47
29 46
30 51
23 43
19 29
23 51
26 52
14 22
17 38
4 59
12 59
27 72
18 5
9 85
3 34
25 86
0 65
17 62
23 12
23 95
21 56
25 54
20 50
28 89
17 76
3 62
12 62
0 94
30 100
4 97
8 87
25 2
21 76
27 58
16 87
17 36
22 86
5 79
13 61
15 58
12 63
16 13
22 35
29 46
14 27
19 43
12 46
25 58
12 35
25 56
11 51
28 29
27 85
17 91
11 14
21 57
27 78
7 91
28 50
21 64
9 46
15 15
18 17
10 5
23 58
7 58
28 97
7 52
23 61
10 100
29 90
21 84
29 81
6 44
3 17
17 100
27 35
29 73
9 22
9 81
29 56
29 35
0 72
9 46
6 15
13 22
4 26
10 77
1 71
21 100
13 56
7 97
7 87
24 37
1 32
4 16
23 73
23 52
3 18
26 12
26 60
24 37
8 5
17 20
6 92
21 63
3 47
8 68
14 33
1 12
8 19
20 12
29 62
25 51
19 44
13 30
4 34
12 62
7 5
28 79
9 47
17 85
19 19
18 70
8 6
0 69
4 51
28 85
3 43
0 80
28 85
22 70
28 18
21 58
13 16
24 55
19 57
11 50
7 34
21 78
30 45
0 35
29 53
29 63
8 67
25 58
2 68
8 64
1 10
14 1
21 69
13 5
6 29
14 54
27 63
20 99
5 85
13 65
13 11
29 5
9 49
14 4
7 36
27 36
1 43
9 82
23 74
21 65
13 79
9 51
29 12
23 72
21 25
13 79
1 88
19 64
2 34
21 25
21 53
10 61
8 62
26 47
16 62
13 68
21 82
10 19
8 58
14 94
15 50
15 30
30 64
2 91
1 28
2 21
19 94
12 60
27 45
26 21
0 71
2 84
12 20
16 44
4 33
13 72
23 39
15 40
6 84
7 52
0 9
27 10
2 10
14 53
5 83
8 56
26 60
8 48
0 24
8 61
30 100
24 4
11 12
13 54
3 20
18 21
24 30
29 1
13 67
3 40
19 92
23 73
27 37
18 12
21 32
17 7
25 95
4 33
7 33
30 82
9 43
21 10
6 88
0 74
4 18
5 49
24 51
13 11
21 52
3 75
12 59
17 31
29 62
3 61
7 96
27 43
11 88
12 16
1 76
14 82
30 71
18 19
27 34
30 5
21 72
25 78
24 44
15 12
12 36
21 70
10 44
19 25
12 21
30 6
13 83
23 60
8 58
12 42
20 62
