409600
4 56
27 17
10 81
6 92
23 6
8 48
5 82
27 72
9 87
5 1
2 52
21 64
2 84
22 56
9 41
15 94
27 49
11 64
11 38
6 36
6 9
8 100
7 82
24 42
8 83
29 72
6 72
15 29
23 23
20 64
16 57
18 77
24 46
11 43
9 34
14 1
28 78
5 77
0 17
22 49
15 19
11 24
8 46
9 39
4 67
24 17
6 53
25 90
29 28
24 59
26 95
29 69
9 55
28 85
1 76
26 83
28 71
15 38
13 87
10 40
0 51
4 65
27 28
19 48
24 76
3 5
28 29
1 68
6 46
1 27
26 57
7 27
6 62
14 89
10 66
5 32
21 55
5 71
0 25
29 71
4 10
19 82
19 87
28 43
28 29
6 30
29 96
7 86
12 57
11 19
26 11
7 92
18 71
23 95
20 9
9 20
3 71
17 26
12 87
22 22
21 32
5 22
21 83
25 98
26 61
5 78
19 99
1 27
13 49
1 16
0 85
13 92
8 9
22 34
15 81
14 88
12 4
11 75
25 81
27 62
24 77
12 23
26 34
20 5
16 83
26 45
15 81
3 72
5 33
29 35
14 37
21 67
13 78
6 76
22 15
1 25
21 90
17 69
15 31
14 86
17 79
8 18
22 26
14 8
7 47
19 46
29 53
15 71
7 56
2 60
6 29
3 76
15 81
14 28
8 40
21 79
13 100
21 91
29 88
22 33
17 5
25 86
28 91
20 34
16 45
20 15
4 34
7 49
1 65
22 76
14 81
9 90
14 93
12 74
13 16
17 10
6 71
1 42
30 14
28 95
27 82
29 63
4 50
29 20
6 88
5 33
29 87
24 17
16 90
7 4
11 72
7 12
18 20
7 52
24 50
0 44
8 19
11 9
22 94
23 25
28 39
21 58
19 76
25 68
18 55
14 14
3 43
12 79
2 62
26 55
11 86
11 35
30 1
16 23
20 75
2 6
25 17
7 76
19 11
1 7
3 47
16 46
25 80
4 67
3 39
18 79
21 7
16 83
22 67
4 35
28 27
5 52
16 86
28 75
4 66
27 36
17 46
13 28
5 26
7 50
27 54
30 27
30 81
3 51
12 67
21 27
10 99
12 54
16 68
6 42
22 40
6 85
18 84
15 29
20 72
14 34
21 26
16 82
2 14
6 23
2 100
17 28
21 60
19 79
3 56
4 18
26 38
12 42
7 36
14 79
10 42
30 69
29 36
17 11
3 1
16 35
10 45
8 21
22 99
28 75
19 36
9 92
28 69
2 87
1 63
12 97
27 35
28 83
19 16
20 53
16 45
2 40
23 84
27 13
3 46
11 28
0 89
12 98
19 34
3 28
8 40
20 2
9 29
27 91
28 77
2 12
21 19
17 100
22 82
20 96
27 15
16 34
30 13
26 58
5 11
10 21
10 94
0 96
22 78
5 57
1 11
30 61
11 74
12 53
14 62
0 57
22 10
9 5
25 55
27 86
24 82
8 3
29 75
4 94
0 79
22 33
26 32
8 95
9 76
10 36
24 25
1 39
0 24
20 63
19 55
29 16
20 48
1 11
29 28
20 96
4 79
26 63
2 76
19 46
10 93
23 34
28 72
23 77
16 54
14 74
25 59
7 80
9 43
22 88
24 45
12 91
13 100
17 4
4 80
17 69
17 100
2 53
30 19
23 78
30 27
21 80
28 93
19 25
7 51
8 73
11 79
21 34
12 12
16 53
9 90
1 46
24 81
14 40
20 96
30 41
20 8
28 33
7 71
25 63
0 7
20 61
3 27
29 79
8 71
8 93
