409600
23 100
17 2
2 19
28 17
28 36
10 13
2 76
20 60
5 24
5 48
12 13
13 5
6 76
3 67
17 41
17 89
4 77
15 88
15 51
28 30
17 23
7 99
18 65
28 56
1 12
0 12
14 58
29 39
24 33
25 12
11 80
15 47
26 50
13 8
17 4
1 85
0 9
25 75
29 15
21 53
5 28
11 3
7 56
5 53
6 86
25 78
17 18
19 83
10 7
17 3
15 20
4 55
16 8
8 22
13 97
7 87
14 53
18 18
20 95
15 91
26 60
22 73
6 77
25 67
2 82
25 92
18 41
23 40
10 36
19 75
25 74
15 21
12 71
15 20
21 2
10 60
2 69
19 65
1 98
19 34
16 48
0 19
28 98
19 56
29 8
30 59
27 34
10 14
7 94
3 80
28 25
6 82
8 87
3 12
14 33
15 86
24 54
17 15
3 61
14 41
29 95
14 78
0 19
3 100
24 75
2 66
16 19
1 60
29 51
18 17
3 44
28 21
11 30
11 59
5 48
4 26
30 42
29 4
30 74
29 89
3 7
4 59
4 73
12 26
18 50
6 100
19 61
5 52
17 90
23 40
10 21
21 97
25 40
11 35
4 3
1 1
19 39
13 51
20 1
27 96
21 26
16 17
30 37
8 75
7 35
8 14
23 31
7 67
3 2
1 94
25 83
24 79
25 80
29 7
25 43
28 42
6 18
12 14
6 47
19 29
27 33
4 60
23 75
19 9
29 24
28 95
12 81
18 46
22 80
24 93
6 22
0 98
28 97
14 18
11 24
12 86
30 94
16 77
20 97
25 55
28 67
7 20
8 22
21 85
1 57
12 21
4 30
6 10
15 97
25 37
2 100
8 1
6 77
18 36
24 35
30 53
3 59
10 44
22 48
28 8
15 72
19 31
13 48
25 30
14 27
4 92
15 83
9 9
12 89
16 3
7 72
5 54
25 30
20 35
27 15
11 50
11 52
27 68
16 96
1 99
20 89
7 44
7 23
29 36
21 73
5 83
12 9
12 26
1 80
20 2
7 33
26 61
26 80
24 2
10 58
18 94
30 29
27 12
2 61
29 10
2 33
22 82
10 98
5 42
2 72
27 44
28 32
21 56
22 63
25 83
30 28
10 67
20 44
11 78
3 17
13 25
9 21
27 70
23 31
18 44
26 54
0 95
7 4
11 71
16 21
19 68
8 80
5 95
18 21
13 68
9 40
7 46
5 21
17 48
20 17
23 80
5 54
3 81
28 61
10 80
23 48
4 51
16 47
3 39
25 31
21 96
29 19
19 52
14 99
13 10
26 7
2 56
30 22
19 88
1 23
27 50
22 24
3 1
15 9
6 32
9 59
20 54
22 22
0 87
10 49
11 46
21 66
18 31
21 13
24 16
20 88
26 37
23 28
10 51
23 20
17 4
18 87
29 46
18 98
6 58
13 26
27 82
1 95
2 89
29 23
2 60
19 100
29 98
26 99
1 73
13 27
30 47
29 6
9 45
19 2
18 45
5 22
4 64
22 57
15 17
10 13
7 17
3 99
22 88
7 32
14 42
8 66
0 42
1 51
19 85
27 74
15 68
19 96
27 82
21 39
5 42
30 49
3 79
7 74
20 65
26 34
28 12
21 47
8 92
21 57
29 11
21 60
4 47
22 99
19 72
4 19
20 34
25 28
7 85
22 9
15 7
14 96
30 74
11 5
16 59
15 50
19 49
18 38
12 86
10 9
29 6
16 57
22 6
2 17
2 13
1 70
27 71
15 53
9 6
12 8
21 67
22 40
9 64
23 94
26 26
