409600
3 48
13 20
27 68
23 95
27 64
10 5
8 45
28 20
28 87
10 44
24 69
30 37
10 37
17 54
11 83
21 18
11 40
1 43
22 29
24 19
8 12
29 94
5 71
7 67
4 99
27 12
12 77
25 58
5 23
24 68
28 3
2 71
13 2
2 29
23 64
8 43
21 18
20 85
26 21
0 82
7 100
5 34
29 96
27 85
11 87
9 63
27 45
0 90
5 3
11 98
4 77
9 73
25 31
24 30
15 14
25 94
3 86
1 6
7 6
19 60
30 26
29 23
22 80
20 62
5 52
0 34
27 6
16 98
10 60
22 12
6 1
6 26
15 18
21 40
7 43
15 49
15 94
12 9
29 6
10 36
6 8
29 83
26 21
2 12
30 19
28 93
26 53
0 59
30 24
24 79
23 83
1 53
18 56
4 36
9 74
19 71
7 46
11 84
25 60
22 38
21 27
18 54
5 87
26 94
16 52
8 85
2 37
21 26
15 11
3 58
0 64
21 60
26 41
15 51
0 49
25 22
1 33
27 84
27 69
25 27
25 76
23 67
14 34
28 92
16 47
27 27
3 65
20 20
24 17
16 42
4 75
16 98
12 62
0 72
9 59
14 42
14 52
21 93
10 3
9 33
26 59
3 13
2 40
0 70
8 2
9 100
18 21
18 25
19 91
14 45
18 27
26 84
2 32
12 64
8 25
13 23
5 79
13 26
10 68
15 86
27 51
3 21
19 10
6 71
14 38
30 67
8 46
29 70
2 6
29 96
10 60
6 77
1 80
5 95
19 37
5 69
7 22
12 47
7 39
20 91
8 44
6 58
3 68
6 5
17 23
21 43
8 37
19 36
18 68
12 12
11 50
5 32
21 12
16 39
10 32
15 40
24 43
2 88
29 75
16 8
17 92
26 5
26 19
15 82
28 88
23 69
8 9
22 57
10 22
7 87
0 91
4 13
11 53
29 40
0 51
9 59
29 87
3 82
21 26
21 25
20 5
24 81
19 61
26 5
1 97
0 7
17 25
22 84
6 27
2 21
23 15
8 48
15 31
8 33
25 50
13 46
7 65
25 58
11 71
19 91
0 78
28 20
7 9
24 19
10 94
20 57
20 71
24 66
6 21
25 62
16 10
29 98
10 2
26 14
30 66
28 60
26 80
23 48
0 98
5 6
30 57
30 35
11 60
5 72
28 48
5 15
23 22
0 21
1 52
29 94
15 98
30 77
19 100
9 56
22 46
12 88
16 28
17 70
23 94
29 71
12 21
3 69
26 99
25 11
30 76
7 77
7 17
8 40
25 36
14 11
14 27
29 17
13 2
8 1
22 67
20 98
15 72
22 8
18 49
15 49
13 93
22 41
3 42
11 53
25 45
4 14
27 29
9 12
1 61
7 91
20 22
28 26
2 92
21 13
25 69
29 85
0 54
27 82
18 27
4 21
11 87
18 15
13 98
20 38
18 88
10 69
25 93
23 26
7 28
3 51
21 91
10 60
21 86
27 79
19 94
11 70
26 81
27 31
25 49
4 31
17 64
4 72
13 33
12 89
11 34
17 33
27 13
13 68
16 2
16 82
9 53
27 2
20 86
4 78
12 83
7 54
19 72
9 84
23 28
27 67
2 33
1 64
16 7
3 4
19 41
0 44
19 100
3 86
23 95
5 35
22 82
23 46
14 87
3 19
2 83
23 67
16 42
11 2
9 38
3 23
8 29
29 45
1 98
25 55
16 67
3 80
6 66
14 86
25 26
3 18
6 4
28 65
25 27
13 11
4 16
0 38
20 19
16 59
23 2
23 93
