409600
25 64
9 89
17 99
30 55
22 70
24 100
9 17
4 91
30 81
26 19
20 90
24 22
23 90
13 93
1 70
4 80
27 36
3 64
6 85
21 26
0 35
8 39
26 70
23 66
0 17
8 70
30 49
18 13
7 83
11 48
30 56
21 4
17 61
11 82
19 43
21 37
22 64
26 3
5 97
13 34
13 96
24 99
0 6
7 79
26 79
28 16
2 96
20 14
22 95
15 79
20 33
8 1
12 57
26 33
26 12
3 99
29 84
5 75
17 67
1 57
15 29
25 28
13 93
7 39
14 31
16 80
24 42
18 86
11 71
22 59
10 36
23 7
24 95
21 40
23 25
24 79
16 35
14 72
24 59
26 50
10 20
22 99
22 49
12 1
28 67
8 33
9 9
17 27
17 43
13 48
20 59
23 35
16 67
26 31
12 30
3 48
24 76
8 41
15 74
3 93
14 83
4 99
30 83
0 47
30 53
4 30
19 96
20 37
26 57
11 85
13 4
13 62
17 23
11 5
6 14
7 49
14 46
24 53
10 75
2 47
15 35
11 68
10 71
13 28
1 4
8 43
5 64
24 38
11 44
16 65
14 61
21 30
23 34
17 61
16 69
16 35
11 60
24 29
12 56
8 52
12 52
2 42
3 71
20 13
21 23
16 20
9 40
21 24
21 40
3 32
15 49
23 33
8 22
23 93
3 4
7 36
1 53
7 17
6 96
26 8
14 94
5 72
25 91
14 47
22 15
12 67
4 57
6 12
10 65
11 11
22 65
23 94
9 39
15 10
10 75
19 18
16 96
25 60
1 52
28 84
1 29
10 57
16 92
20 50
17 11
11 89
28 21
20 41
16 63
18 68
10 61
1 77
22 18
18 65
20 86
0 22
23 84
7 4
16 15
13 1
29 74
20 2
4 69
8 54
18 1
14 89
18 1
10 47
28 72
19 53
14 38
20 98
11 35
26 11
23 17
4 68
11 85
23 1
5 6
21 20
12 18
5 70
21 92
5 30
29 24
12 57
14 65
24 65
20 16
15 82
19 21
16 36
11 88
23 22
18 85
5 47
25 37
13 36
3 1
1 2
25 8
25 28
26 13
26 53
6 87
29 35
7 96
27 44
27 69
1 86
12 66
0 59
21 50
1 98
16 33
13 32
19 33
25 61
1 97
0 48
7 36
13 6
14 32
10 80
21 77
5 85
1 84
2 84
11 70
18 60
22 68
3 79
13 94
18 1
15 48
3 94
19 69
29 85
5 60
25 2
1 51
11 33
28 74
23 5
14 18
30 15
25 78
12 35
6 30
3 44
12 36
10 16
0 49
2 8
17 94
1 85
9 16
23 4
16 80
28 58
3 82
22 92
3 4
6 88
9 36
23 53
13 12
18 39
11 44
3 85
20 97
27 43
2 52
27 87
24 88
6 70
4 48
19 4
11 46
24 54
23 2
0 21
10 21
1 45
16 23
9 2
29 25
14 24
10 99
26 78
7 62
4 79
7 87
28 9
4 22
6 70
0 16
24 85
13 64
28 61
8 46
1 31
0 67
25 12
24 91
21 47
21 62
7 64
16 8
3 83
27 6
18 28
21 64
13 42
10 53
11 15
15 72
26 90
3 86
14 83
3 29
25 67
20 14
4 8
25 68
1 81
3 10
26 15
23 9
25 11
7 70
6 80
9 62
28 73
23 10
28 52
14 44
26 98
15 75
2 95
7 78
15 100
3 61
19 67
13 73
0 11
0 3
27 16
9 26
16 38
4 62
12 24
23 24
12 22
3 75
5 52
12 4
2 42
14 47
6 19
