409600
18 65
18 87
14 37
2 22
1 21
10 29
24 9
6 36
24 79
29 97
8 39
29 99
19 30
20 70
2 67
28 32
28 17
6 2
26 3
25 56
13 25
24 7
15 87
6 3
17 42
18 67
4 19
2 94
26 83
20 42
14 90
11 38
19 23
1 26
10 9
19 43
26 46
2 55
5 28
0 9
12 24
17 71
18 83
3 88
15 83
0 90
12 17
9 43
19 68
5 1
30 45
23 39
15 57
5 42
25 39
11 81
18 81
21 47
23 13
22 47
30 30
14 5
25 64
13 20
3 82
20 91
12 22
15 19
8 83
11 27
16 44
2 95
30 63
24 59
8 32
17 92
28 29
29 30
13 55
13 3
8 13
18 27
18 80
16 28
13 57
28 96
24 46
9 96
6 10
6 25
22 48
26 55
12 23
26 48
0 13
19 83
18 6
18 83
20 55
21 20
16 7
20 49
28 41
16 13
7 89
26 33
6 45
10 34
27 29
16 19
28 100
30 11
1 54
12 11
13 83
6 97
9 52
10 66
16 17
2 72
14 27
8 30
18 2
28 96
9 41
5 2
21 58
0 84
2 99
26 92
22 24
13 1
7 8
8 78
12 75
15 76
10 42
25 70
9 65
30 96
26 46
23 7
21 53
13 32
27 2
20 42
24 21
8 100
13 76
13 38
26 44
21 71
25 32
12 97
30 33
29 33
17 62
19 24
20 98
28 63
7 92
19 14
7 53
2 55
2 84
14 10
12 76
24 35
9 12
12 40
23 81
21 85
7 24
8 91
19 37
3 15
23 35
18 88
13 59
20 96
8 32
12 41
20 82
29 88
30 28
13 3
16 11
24 52
7 75
0 2
9 35
15 54
26 42
16 13
23 24
24 63
14 90
23 66
15 54
25 9
26 16
12 33
17 68
27 88
21 44
20 77
27 43
29 61
12 50
21 17
8 83
11 90
8 88
8 87
16 69
24 45
23 77
27 77
19 3
11 81
30 76
10 30
8 22
21 32
7 94
22 47
9 54
13 23
11 29
5 27
14 87
21 9
27 77
27 31
27 24
18 47
25 7
17 72
25 50
17 14
20 64
13 31
26 68
27 67
20 55
21 86
10 92
2 40
20 59
16 60
24 39
11 82
9 81
1 19
29 70
23 44
11 20
6 63
15 78
9 26
20 55
1 32
22 47
17 8
21 92
11 5
6 52
25 37
30 34
22 83
25 33
27 34
28 39
9 82
22 66
22 58
0 55
3 2
16 96
11 37
2 32
25 50
20 67
6 56
25 37
21 30
26 85
12 86
24 24
5 24
6 55
17 71
25 37
2 54
9 18
30 41
13 56
15 89
28 23
23 40
6 78
6 80
13 4
12 55
14 25
3 2
28 86
6 68
20 55
28 3
24 86
18 36
4 75
15 26
29 94
0 49
14 88
2 62
28 77
23 36
10 11
2 77
23 99
12 90
30 56
19 57
9 44
30 16
26 92
1 38
26 94
11 96
10 3
16 35
19 38
6 79
23 70
4 7
8 17
0 52
8 68
16 19
24 54
11 86
22 30
1 11
28 83
19 2
4 35
3 38
3 98
15 65
27 6
20 19
6 37
25 69
17 9
7 35
15 81
15 72
14 72
14 93
15 84
2 88
26 25
21 77
7 44
26 88
21 25
20 27
5 62
18 15
18 76
26 47
29 4
13 31
24 80
26 71
13 22
14 7
4 9
3 16
2 37
24 45
29 85
26 47
9 12
28 2
13 13
18 73
22 61
6 81
16 71
23 59
0 35
9 42
11 16
28 45
27 40
10 30
