409600
18 63
26 73
5 75
23 55
14 16
0 19
9 43
6 76
22 20
7 51
24 72
26 92
26 96
12 40
24 97
13 43
17 40
17 35
22 1
18 100
14 86
3 47
30 17
24 47
18 48
30 49
0 16
4 93
12 5
15 12
21 10
12 10
7 79
29 12
28 89
2 65
9 54
9 66
14 3
26 8
24 91
8 63
29 46
2 62
29 86
24 56
25 34
21 72
23 73
5 97
6 1
8 23
8 19
7 85
24 7
0 56
24 93
13 87
15 43
11 87
9 51
15 85
13 60
8 51
2 75
16 54
6 52
18 99
2 15
7 64
3 3
15 44
5 7
22 92
8 45
1 44
17 80
0 95
10 56
13 23
0 29
12 43
25 67
0 82
26 64
18 4
13 8
28 37
5 43
30 80
21 42
5 98
6 58
25 17
14 100
12 48
5 47
17 61
19 22
18 40
9 71
25 41
4 58
16 96
23 58
22 89
16 54
20 97
13 31
7 92
25 8
22 23
14 29
2 80
19 87
25 25
18 10
16 80
24 80
3 52
24 85
19 53
8 12
7 74
29 10
20 67
1 58
7 88
19 96
14 23
6 81
12 11
7 74
1 72
3 44
18 18
19 46
27 46
23 68
14 7
22 6
10 48
13 46
27 4
13 90
21 50
5 47
28 34
26 70
0 99
3 97
14 16
6 33
24 25
21 100
25 45
7 8
2 90
26 22
1 28
25 30
9 19
6 44
13 22
6 81
3 83
4 69
24 83
26 37
11 8
9 53
27 32
25 89
13 90
3 79
17 25
29 94
25 74
18 64
29 32
29 100
26 27
27 19
8 78
10 62
29 36
5 58
9 45
14 64
1 33
1 97
29 74
11 26
10 75
2 75
0 95
16 76
27 26
5 98
4 42
22 76
20 49
19 53
9 14
15 86
13 37
19 37
4 58
23 22
9 23
8 78
9 75
29 65
28 94
23 48
26 52
16 18
20 45
21 74
12 22
8 80
10 64
29 43
26 5
14 93
6 99
10 57
7 29
0 55
17 90
28 26
6 95
14 3
29 44
3 9
15 25
0 18
21 2
26 35
11 43
0 51
8 71
14 22
6 92
22 39
11 64
11 78
6 52
17 1
23 76
28 49
17 93
13 81
24 31
0 93
23 80
25 94
0 30
10 92
27 25
5 76
17 17
12 13
1 80
23 1
30 94
27 19
27 83
15 25
9 8
21 5
13 98
20 59
9 35
0 72
24 30
30 36
11 38
8 10
17 4
14 66
25 12
13 90
21 29
19 93
20 34
17 94
4 71
19 85
30 89
27 41
26 65
29 100
1 35
19 73
12 8
10 75
26 31
10 2
18 60
8 81
11 50
29 39
19 8
21 6
10 100
26 19
13 30
19 51
23 41
17 92
26 69
4 95
28 28
10 96
25 17
0 92
13 57
0 76
17 8
12 50
25 11
9 28
18 9
14 75
28 40
15 42
14 11
5 14
26 1
24 55
5 42
6 76
19 53
28 12
4 65
24 96
20 90
12 61
8 11
24 75
11 88
2 82
19 51
1 41
29 65
6 21
24 17
30 92
10 1
15 59
21 73
13 40
3 12
21 38
6 22
11 53
3 82
11 18
14 76
19 20
5 13
18 71
22 6
8 5
23 57
26 47
28 14
26 52
5 53
22 62
8 13
13 78
1 45
0 74
6 44
10 6
1 15
14 89
5 18
27 83
10 98
5 71
16 15
28 93
6 50
15 85
28 24
19 92
20 63
28 68
8 68
12 87
16 48
29 43
29 95
5 66
18 60
21 92
19 78
