409600
8 89
11 19
20 29
17 94
24 1
2 40
28 97
16 67
6 84
1 70
19 67
1 96
11 21
15 28
9 2
13 74
21 53
3 15
25 20
12 37
22 87
11 31
29 56
22 60
8 62
28 20
6 11
30 68
28 72
25 50
12 40
7 1
10 37
15 35
23 31
4 94
15 82
3 81
17 93
19 25
12 86
12 45
23 45
20 38
8 36
11 71
23 71
16 93
30 16
8 88
13 44
17 46
23 43
9 88
23 67
1 56
0 71
15 72
11 12
8 35
25 59
5 91
11 46
20 71
28 95
2 74
21 81
1 45
30 18
30 23
27 57
14 65
1 43
7 96
20 56
11 15
13 22
24 79
2 5
1 79
12 14
3 30
19 22
2 71
5 29
6 44
0 31
5 32
3 86
25 58
11 21
10 79
17 3
14 82
25 26
8 48
10 60
30 99
21 77
6 97
26 25
14 18
20 39
27 46
22 66
23 96
27 21
18 90
5 95
17 61
28 90
26 76
20 2
29 93
14 79
0 83
16 86
14 44
3 5
7 1
3 74
26 27
11 48
13 46
14 18
24 82
19 14
8 15
9 4
9 8
5 40
28 94
23 43
6 3
6 47
2 87
25 89
20 91
19 75
1 64
23 44
15 74
3 38
8 94
8 17
29 10
25 2
1 63
9 53
26 34
13 54
15 80
6 26
29 43
11 37
15 90
7 97
18 83
8 61
2 98
27 70
9 70
29 77
10 92
27 46
14 81
4 74
24 23
0 98
9 89
5 17
23 37
19 39
6 19
12 47
16 22
27 78
6 20
12 91
9 5
0 72
22 8
19 28
26 57
7 21
3 55
24 92
22 8
19 22
2 5
2 37
2 17
16 44
27 87
1 12
21 24
8 69
21 38
27 39
16 15
0 74
22 9
11 41
1 29
15 91
8 51
12 88
1 84
22 15
5 70
24 91
2 78
30 75
1 90
1 17
1 5
22 29
30 47
25 13
0 68
6 72
19 38
26 95
28 23
19 73
20 76
19 1
15 63
20 6
24 79
23 1
27 78
28 27
30 85
25 13
4 8
24 17
12 27
7 68
1 75
20 58
27 57
1 92
9 3
15 59
17 7
9 3
27 84
3 24
23 75
30 65
2 75
11 88
13 97
12 38
15 35
25 53
14 10
14 63
21 61
25 49
10 63
12 76
3 38
30 17
30 33
12 50
22 69
28 85
10 89
26 17
16 89
6 34
19 70
6 42
30 86
17 88
0 6
22 66
4 13
5 96
26 73
16 25
20 60
5 86
14 64
18 49
14 99
5 33
16 45
1 16
13 60
21 80
18 1
21 51
22 96
28 35
25 52
9 22
4 91
13 13
20 43
21 77
16 22
8 12
11 46
30 45
4 46
2 14
17 85
24 27
10 79
23 39
13 25
16 84
0 21
16 12
29 49
29 95
15 21
30 48
14 98
4 60
3 3
12 55
16 59
25 52
27 84
0 63
20 24
11 91
27 8
27 90
17 94
28 57
23 76
21 66
13 71
2 61
20 37
14 38
3 92
30 61
3 6
9 37
4 51
16 13
28 20
23 73
18 29
10 82
3 64
1 76
19 46
3 48
13 45
6 39
15 89
18 4
21 48
27 44
20 28
26 8
12 67
16 87
16 71
21 99
25 88
25 91
3 34
19 16
24 83
22 23
27 81
21 68
7 98
26 27
17 69
20 81
4 86
6 3
7 43
19 99
30 40
1 11
10 38
4 3
12 66
3 38
10 17
13 15
7 49
25 14
30 50
9 65
30 36
24 48
26 68
21 24
8 46
