409600
18 78
4 38
29 65
29 65
26 70
8 13
15 47
0 27
15 57
12 31
22 71
26 46
8 11
21 88
20 73
5 8
1 8
9 30
3 16
0 91
26 15
16 74
21 71
26 45
9 64
11 86
28 83
17 52
5 6
27 60
27 19
11 78
25 40
6 42
2 6
10 62
28 73
28 17
0 30
29 93
26 31
20 25
19 14
14 45
17 15
13 67
0 50
11 72
23 100
25 96
15 35
7 63
20 56
14 48
11 72
16 88
0 81
10 55
17 46
18 36
17 22
12 2
1 78
19 85
15 15
22 15
9 22
3 20
2 29
3 65
29 43
7 88
24 93
27 11
25 77
23 8
7 24
30 56
20 81
22 20
28 51
7 84
8 49
0 6
18 77
29 83
28 12
21 22
26 44
11 91
7 86
20 50
18 35
8 63
9 6
22 65
22 97
29 6
26 15
1 94
21 32
18 25
6 87
21 20
20 52
20 96
19 33
18 57
18 28
21 67
7 60
11 28
7 12
2 28
28 19
0 98
21 89
7 78
19 5
12 3
0 72
7 47
4 15
6 91
26 66
14 42
11 26
13 56
24 78
21 13
26 29
9 88
28 50
7 61
2 62
23 74
21 42
5 77
29 16
25 82
5 33
11 32
29 72
1 20
11 69
29 86
21 18
26 20
27 92
9 25
25 49
9 88
8 81
19 38
28 4
10 77
24 94
9 93
15 16
19 97
19 9
7 68
28 9
15 83
10 93
4 91
25 16
23 57
28 82
28 78
20 67
8 75
15 93
17 40
2 80
13 69
7 10
1 24
21 67
10 67
1 94
6 95
18 46
27 33
29 30
9 77
30 41
23 98
26 73
6 28
6 20
23 67
6 94
10 24
27 55
3 25
25 91
30 75
0 11
13 44
19 84
15 39
24 74
26 45
20 45
7 46
2 24
20 50
13 80
29 74
23 39
0 48
17 54
21 34
8 60
2 44
5 75
14 97
0 21
9 59
15 43
8 49
22 27
20 30
17 15
24 57
23 14
22 19
6 11
6 14
5 11
6 64
3 40
11 95
25 92
25 48
6 6
11 88
23 3
22 96
1 92
27 94
27 19
21 50
13 42
13 95
21 44
1 89
21 17
9 31
23 26
7 17
17 47
20 89
25 74
30 55
6 76
10 85
4 4
1 53
11 88
26 43
12 85
28 45
15 22
5 82
20 56
3 55
18 26
12 44
0 44
29 12
21 25
6 86
17 97
24 12
28 73
26 19
4 75
1 80
7 33
9 19
5 13
4 80
10 99
28 95
5 68
11 97
16 78
25 73
23 14
15 81
9 13
7 1
19 46
8 36
13 9
6 36
24 42
5 36
18 8
13 65
20 59
8 85
4 2
28 31
11 95
24 27
30 21
24 90
6 18
18 30
0 100
18 52
5 78
17 67
17 27
28 33
18 48
3 20
17 48
14 27
2 48
22 93
22 92
23 82
19 14
5 99
13 43
9 55
30 85
6 75
5 15
20 58
19 48
6 52
4 54
30 55
1 96
2 63
10 46
26 7
30 50
2 78
29 84
17 26
12 81
24 91
8 60
21 61
28 25
27 25
7 84
8 90
5 98
23 47
0 7
12 44
1 26
14 65
28 14
20 14
30 27
7 71
2 28
20 77
6 21
23 50
5 50
3 95
22 92
8 64
23 4
8 2
5 9
24 43
18 27
0 38
4 86
21 65
23 62
9 18
3 46
15 40
13 97
20 46
20 10
17 69
21 43
6 75
17 33
4 50
19 85
18 28
27 92
13 47
16 46
29 53
1 42
23 10
