409600
19 1
16 31
25 34
7 11
25 34
20 79
26 99
27 70
19 76
7 9
22 70
5 79
26 52
12 94
8 98
9 38
4 83
18 39
3 80
12 78
18 41
10 43
17 69
29 35
28 2
8 3
13 51
14 24
0 38
6 79
9 11
20 88
22 62
15 52
21 73
15 44
30 24
18 50
10 70
25 88
18 40
27 52
30 80
8 79
26 4
20 38
7 14
26 59
22 36
21 32
10 32
11 5
11 28
30 80
17 39
9 65
17 50
17 46
19 25
17 23
17 19
19 10
22 90
9 87
1 85
7 35
6 22
28 90
10 45
15 49
27 34
13 5
18 79
7 71
15 6
17 16
9 69
20 94
20 61
2 55
2 99
26 35
2 85
10 51
0 69
2 37
25 30
16 32
7 63
13 45
2 40
12 61
8 56
10 76
13 77
4 92
30 41
22 15
0 65
6 47
26 2
12 96
26 50
0 22
24 92
21 78
23 99
25 46
25 54
15 66
5 24
19 19
29 82
12 71
27 71
14 85
8 87
10 91
29 53
13 60
12 33
28 100
18 90
1 2
2 33
17 28
26 14
26 30
13 43
7 38
22 15
2 71
10 3
8 74
23 7
18 90
29 87
12 96
0 57
17 74
18 81
14 27
6 77
9 69
24 89
5 5
2 5
10 87
6 79
5 59
21 15
2 69
2 81
19 2
9 98
27 33
25 75
28 84
15 45
22 40
22 3
21 76
2 13
15 15
16 58
24 15
22 14
16 60
20 25
5 22
17 10
26 27
13 41
27 44
3 84
12 36
16 99
7 12
22 85
19 68
9 91
4 36
26 60
2 50
0 99
6 1
27 66
2 44
13 3
18 26
11 6
11 49
17 36
7 45
22 100
19 73
18 12
6 12
30 18
1 90
16 4
11 50
1 75
27 49
30 76
19 86
18 94
26 47
8 23
4 71
10 88
29 94
22 40
22 15
17 48
0 22
28 3
25 35
9 42
24 23
6 73
9 69
30 100
2 23
23 10
5 97
10 71
23 77
21 50
13 31
23 15
17 84
27 79
11 75
16 40
7 90
19 77
6 65
2 76
14 39
23 36
15 46
2 41
27 55
28 61
2 70
17 66
22 9
22 66
12 74
21 6
20 81
3 42
10 64
30 91
27 69
0 29
28 37
6 81
30 3
9 63
10 54
5 22
27 83
23 73
16 24
27 28
11 34
15 12
18 48
6 96
2 90
11 77
24 84
22 78
1 67
23 32
22 49
16 97
3 88
14 8
11 47
7 84
2 10
1 2
8 6
4 25
13 20
26 90
14 89
5 71
29 13
18 65
18 41
20 76
21 28
2 56
25 87
13 23
9 79
6 97
27 47
5 17
0 43
25 60
18 5
6 53
24 16
27 15
24 23
0 50
6 2
26 24
11 24
12 76
6 74
16 3
23 44
23 13
0 18
29 27
24 23
24 66
0 29
12 97
21 7
7 74
5 46
10 42
16 14
21 84
14 97
19 90
28 8
14 81
14 68
14 7
8 58
17 17
19 55
16 10
29 46
29 48
21 63
9 59
28 61
16 26
1 18
17 19
26 48
0 7
21 45
22 77
14 51
16 43
19 90
14 86
30 6
6 33
0 71
19 6
25 61
14 33
23 34
29 52
4 52
3 43
27 57
17 6
13 54
21 5
5 97
21 29
12 31
24 82
12 26
20 63
22 79
11 43
11 12
5 80
11 34
30 42
27 69
19 52
25 35
13 14
3 51
30 20
8 96
30 1
10 44
27 38
25 10
25 62
25 49
9 62
17 34
19 70
9 96
