800
30 12
27 27
11 24
22 47
17 87
26 47
27 81
3 10
10 5
14 41
5 96
26 47
17 35
2 15
2 78
29 19
13 77
26 82
3 9
15 43
5 23
18 74
18 44
19 50
6 45
12 97
1 31
17 18
27 12
15 7
26 72
5 72
23 98
0 82
4 36
29 81
23 83
6 62
15 24
20 16
29 49
7 45
1 66
13 14
17 65
1 22
18 42
16 82
11 14
16 52
23 58
25 20
26 62
25 34
23 52
14 87
18 10
16 8
26 96
11 1
7 79
19 64
9 44
30 31
25 35
28 30
1 57
16 26
17 65
8 27
13 1
7 99
2 33
20 29
29 4
13 24
14 61
13 92
19 17
15 53
6 71
11 2
12 38
26 69
28 47
2 35
3 43
20 79
6 22
26 59
18 86
25 71
7 94
1 47
0 19
10 33
24 97
7 29
0 61
15 50
29 84
21 18
30 61
10 32
11 35
28 15
5 92
6 38
9 47
21 25
23 22
24 10
15 90
9 69
15 82
29 57
30 1
18 4
14 6
5 19
19 69
28 86
14 47
20 68
2 94
5 29
8 2
21 80
15 21
5 4
5 62
19 75
14 57
28 43
30 74
9 81
23 96
2 87
12 42
4 60
4 47
25 44
5 5
0 90
10 13
11 96
27 98
5 84
1 81
13 81
15 50
15 79
9 52
11 36
20 69
21 80
17 82
25 96
3 76
16 39
25 54
17 3
4 69
21 7
18 5
24 9
28 79
2 29
9 30
1 38
27 88
14 13
9 67
12 22
18 12
12 73
24 30
19 78
21 85
3 22
16 14
2 100
16 53
17 19
2 86
30 27
2 47
3 42
28 85
13 67
1 11
24 64
12 60
1 57
17 16
20 47
22 80
7 26
13 83
10 25
19 63
22 3
13 75
10 91
4 93
30 28
0 15
19 76
25 16
12 80
22 100
9 90
7 86
12 51
16 4
27 90
30 19
6 25
23 34
28 42
16 45
0 81
25 68
22 32
16 30
0 88
4 93
8 41
12 49
9 54
20 68
21 55
0 24
8 24
29 28
9 97
6 94
9 68
7 9
20 37
24 40
4 74
12 96
5 86
23 41
14 91
5 70
7 25
21 68
19 57
24 61
13 51
13 68
5 63
21 58
17 28
3 52
25 36
23 75
0 47
23 83
16 43
30 63
5 49
30 27
2 90
26 67
27 54
29 54
7 21
29 72
16 84
2 3
6 20
14 51
18 90
8 52
0 72
11 80
21 98
30 55
25 28
10 5
25 59
3 10
8 73
21 20
17 3
4 67
24 18
10 45
16 46
1 50
29 49
2 47
24 76
4 50
16 59
15 76
8 64
13 87
20 59
23 49
2 10
0 37
27 13
4 80
20 91
27 41
18 81
15 58
10 97
13 73
22 28
1 28
9 51
14 72
21 71
29 42
12 23
17 64
4 42
13 100
15 81
21 85
23 3
27 20
25 20
23 71
11 99
17 84
13 14
24 88
4 95
16 77
23 22
8 26
8 83
3 64
16 90
13 85
7 28
7 64
25 10
26 10
21 69
21 4
2 61
14 72
0 41
18 77
30 5
7 65
5 37
22 81
22 29
16 66
11 60
15 98
3 24
24 49
22 39
4 54
26 21
27 2
23 78
10 100
17 67
0 92
5 96
5 76
1 93
23 53
20 81
18 66
12 40
27 43
1 54
22 88
25 49
7 87
6 45
6 62
22 17
22 1
1 22
11 6
8 89
12 40
21 17
4 67
8 11
13 55
3 32
29 91
25 91
14 35
25 10
15 23
11 21
