800
6 44
7 65
6 79
9 54
4 50
22 21
9 31
18 79
11 89
15 95
2 34
16 75
12 89
23 64
28 54
30 99
15 89
3 86
30 41
5 85
30 9
29 94
4 24
2 14
5 6
25 69
22 95
13 14
6 25
5 49
28 42
28 82
9 24
27 72
1 8
24 69
16 1
20 69
20 37
7 60
27 8
26 69
0 71
1 11
6 100
13 77
18 15
6 54
29 73
13 7
2 7
12 99
8 87
18 78
2 61
24 74
22 95
12 14
26 63
29 100
2 27
15 3
18 76
11 13
3 67
20 81
16 33
2 63
18 12
15 90
6 33
23 93
28 65
9 2
20 23
23 80
10 7
7 10
21 83
1 14
15 81
8 19
4 84
22 29
0 81
25 75
11 34
1 50
18 87
8 22
25 13
6 61
9 9
13 67
21 13
21 95
2 68
1 5
1 21
8 20
6 35
8 88
21 93
8 27
13 76
11 22
27 59
25 56
13 52
17 80
18 98
15 57
19 33
18 31
17 55
20 25
15 12
24 46
16 20
6 62
4 12
13 2
5 96
3 19
26 34
23 43
30 94
15 3
15 37
4 92
19 48
20 71
18 4
27 39
7 22
15 72
22 83
15 18
27 22
9 4
26 12
5 66
15 47
2 90
12 56
11 9
11 84
4 34
24 39
17 66
8 66
29 59
18 71
14 11
6 21
17 81
24 31
4 36
27 93
2 20
10 3
20 97
29 54
20 16
4 14
0 90
18 16
16 54
9 65
12 52
17 79
30 88
20 19
4 27
9 69
10 12
19 7
25 72
16 100
20 100
13 37
1 23
5 34
6 25
5 6
3 19
11 16
21 48
27 83
19 88
0 22
21 12
1 95
5 84
29 48
5 57
23 60
19 17
25 62
12 29
18 25
29 99
30 57
30 17
24 30
24 80
20 7
21 77
25 91
17 88
5 70
5 32
24 34
1 21
7 67
8 63
22 67
24 17
7 80
20 55
2 8
4 1
16 61
6 93
28 74
24 14
27 73
29 9
26 84
4 36
6 17
6 37
1 37
19 36
10 34
27 66
19 46
16 60
0 66
26 53
4 98
27 62
20 15
13 91
0 31
7 62
6 16
6 97
21 14
28 80
9 20
28 71
4 85
6 53
6 70
2 79
3 90
4 39
15 84
2 18
25 12
0 17
6 14
1 29
6 97
13 50
9 62
4 6
19 75
17 19
5 63
18 83
29 8
27 61
1 39
15 10
0 58
14 66
9 11
3 59
6 8
10 31
16 92
20 21
10 44
17 35
4 73
1 91
11 26
5 67
5 13
28 4
8 37
15 62
27 93
20 53
3 88
3 97
28 99
14 87
28 43
1 34
16 78
20 33
25 36
6 58
14 64
19 36
15 96
27 83
23 89
5 82
5 67
6 85
10 75
11 65
25 62
26 69
8 76
25 64
2 47
13 35
20 30
3 29
15 5
1 81
6 78
2 100
15 3
15 78
18 84
24 75
7 20
1 50
10 84
20 5
3 54
20 29
11 41
23 46
21 62
7 13
15 84
9 82
10 23
10 22
25 36
23 28
8 63
16 99
22 76
10 100
24 3
12 56
14 64
19 45
8 92
8 54
18 84
29 96
12 42
6 61
7 71
23 5
16 80
8 3
11 98
20 32
0 37
20 61
21 57
9 97
9 32
16 7
1 51
11 35
3 63
3 89
24 66
28 3
20 5
17 32
27 7
11 48
25 80
17 91
16 99
20 57
7 99
29 87
25 39
11 39
30 87
25 49
24 48
5 15
22 55
19 28
23 22
10 34
