800
3 26
13 39
3 45
0 97
14 57
13 92
11 40
10 52
2 47
24 21
16 91
0 97
19 41
21 57
8 5
26 86
13 2
29 85
12 32
16 27
10 56
5 98
4 21
30 25
8 100
10 74
10 22
24 33
5 14
21 97
6 22
26 56
28 99
1 41
7 65
4 27
8 24
29 68
7 22
8 28
8 14
15 35
25 93
18 6
16 75
19 89
2 76
11 26
30 73
0 15
24 91
29 95
3 43
19 35
25 29
29 32
1 72
28 67
13 92
20 73
4 42
8 64
12 56
22 58
6 39
3 15
28 57
26 99
15 44
21 61
24 68
21 20
29 27
16 86
16 39
30 79
19 5
24 27
6 64
28 31
16 17
8 54
19 100
15 51
8 42
4 47
4 20
27 85
14 30
2 86
30 80
8 67
5 88
19 43
12 44
14 84
5 43
19 99
17 80
24 27
25 43
30 4
7 98
0 97
26 7
27 55
5 44
28 87
25 90
1 81
14 43
12 11
24 5
30 66
29 13
21 22
21 83
17 93
17 57
21 63
19 95
13 25
6 2
7 33
8 60
14 19
27 85
5 57
2 80
8 84
17 18
27 38
15 92
27 21
28 66
20 53
15 11
6 21
29 92
27 62
28 61
13 69
30 72
11 42
8 78
20 32
16 57
6 48
7 13
21 86
9 51
10 64
29 89
8 25
10 7
12 60
24 2
8 94
6 35
15 72
1 96
11 58
14 74
0 71
21 40
3 50
6 82
8 96
27 73
4 11
1 43
21 56
16 22
19 75
16 92
27 40
10 35
24 30
26 45
23 85
16 9
22 92
22 4
24 87
27 8
14 16
14 27
30 76
7 68
24 60
5 20
17 53
22 89
22 62
23 40
7 89
19 8
2 13
27 91
6 45
10 33
28 90
25 59
23 34
8 80
30 93
17 82
19 69
11 1
8 56
17 56
6 8
11 52
6 99
20 98
4 37
26 86
5 50
23 10
25 47
27 32
23 64
1 58
18 55
30 69
6 66
10 73
1 44
26 67
27 69
11 44
29 79
30 3
20 26
15 99
1 61
3 78
19 12
1 96
29 59
29 52
24 88
15 57
22 32
13 77
28 87
12 6
25 85
17 5
12 85
9 99
20 89
6 95
23 95
23 19
7 7
30 60
3 12
29 34
23 85
24 98
2 56
28 94
1 68
3 32
29 75
18 33
23 30
27 77
10 56
5 25
23 50
0 46
30 96
0 12
29 38
9 29
19 25
10 39
0 95
27 55
0 37
24 40
11 97
19 100
28 52
13 74
16 51
26 1
18 80
18 4
10 77
18 73
13 8
21 89
22 1
8 12
20 82
7 17
26 55
5 10
8 75
28 87
19 5
20 2
22 38
1 44
23 96
9 63
11 37
4 64
8 58
7 51
27 71
17 26
5 73
20 29
14 86
29 38
24 15
16 65
14 53
12 96
25 85
5 67
5 80
14 15
9 36
30 32
8 45
12 47
9 87
21 72
0 65
4 44
28 67
2 90
24 12
11 60
4 18
14 55
2 25
28 72
6 35
16 12
23 96
30 60
24 35
10 74
27 94
16 32
28 78
19 20
28 21
6 60
10 4
16 99
26 9
11 77
26 74
14 89
25 82
17 59
11 13
17 59
3 49
13 34
19 96
22 3
27 45
0 18
6 29
26 3
21 74
12 63
6 9
2 27
15 8
11 16
4 47
28 3
28 26
20 38
3 52
25 83
12 24
3 67
20 75
18 16
21 80
15 3
14 14
2 30
7 55
9 99
19 94
9 76
17 28
16 65
1 45
