800
20 18
19 8
26 10
27 80
20 99
11 6
3 61
27 35
26 20
30 10
27 88
8 3
12 78
15 99
2 75
13 20
17 87
24 54
6 44
0 52
27 49
12 26
22 15
19 62
12 62
4 67
0 97
30 67
1 29
5 23
4 13
26 46
9 94
15 11
6 61
16 56
22 52
7 88
23 76
15 30
24 68
24 10
24 97
11 66
29 17
29 88
7 77
4 78
26 43
30 94
21 44
25 76
28 51
7 95
17 44
29 62
29 60
19 41
9 1
9 13
19 9
23 96
20 35
6 88
7 17
20 89
10 62
19 3
5 36
2 58
23 3
27 49
18 12
4 60
26 30
28 56
18 15
5 27
10 52
27 63
14 37
8 4
28 6
6 100
5 65
3 42
11 69
17 57
18 58
16 62
27 57
18 49
27 28
21 1
29 18
4 62
0 15
16 22
14 77
5 91
28 26
18 7
13 10
16 34
28 31
12 42
24 4
28 2
17 64
11 14
23 5
2 40
10 2
13 85
9 79
21 64
11 61
3 29
8 93
25 53
5 24
9 95
14 40
21 4
12 60
25 44
17 83
30 76
18 44
2 88
2 52
5 62
22 70
2 56
21 12
25 96
0 85
7 28
30 26
8 80
27 5
9 34
30 69
0 24
10 2
13 16
9 57
28 71
12 25
13 61
0 28
27 77
10 15
0 60
22 82
9 38
11 11
4 15
14 52
28 34
29 87
17 100
15 24
17 4
23 34
18 34
27 32
16 61
17 55
26 82
10 35
5 86
19 6
8 28
10 27
17 14
28 9
3 8
27 83
6 11
24 16
13 47
10 36
12 91
27 79
11 1
23 26
21 85
5 16
6 48
21 16
15 49
12 45
3 12
24 41
16 90
27 43
19 14
4 11
11 30
8 35
25 17
9 21
16 23
16 88
9 66
8 13
8 11
15 72
4 81
0 83
19 41
19 12
20 53
18 97
1 97
7 19
29 16
8 97
0 29
25 18
11 24
20 66
21 70
12 12
14 50
27 61
12 75
29 11
21 99
4 60
13 82
25 85
8 5
29 78
26 69
17 89
4 5
10 11
22 73
17 93
3 84
11 31
16 77
28 51
23 4
19 65
25 58
7 18
19 74
5 11
30 5
5 83
13 59
5 62
18 98
11 37
4 24
23 61
8 34
29 50
12 25
3 13
25 89
9 58
21 21
1 49
17 26
18 68
29 2
9 55
10 74
20 56
12 35
14 59
24 93
9 21
0 3
0 60
11 47
3 99
3 38
6 36
8 56
9 31
2 84
6 13
3 9
11 13
6 28
9 89
22 24
12 53
5 96
30 54
29 87
18 49
13 90
16 20
29 61
27 68
14 64
27 68
9 42
0 51
26 54
4 91
9 31
18 41
8 38
30 4
10 51
1 19
26 85
11 46
17 50
14 34
2 58
23 63
22 33
7 43
4 6
0 77
10 33
26 74
16 27
17 28
4 25
28 49
9 97
23 77
8 54
7 64
19 2
4 2
0 52
13 61
19 33
4 58
16 9
23 80
8 97
22 75
24 8
4 41
10 43
29 62
10 24
1 59
6 93
7 21
28 100
19 70
0 14
24 83
6 23
13 37
14 53
25 89
12 30
22 75
4 18
21 96
4 2
5 90
12 78
23 16
12 48
4 41
27 76
29 78
14 58
27 24
10 98
4 80
28 19
6 75
18 73
5 61
19 97
30 76
5 47
15 72
9 44
7 72
13 70
22 9
9 20
1 11
6 78
14 28
7 98
23 70
7 90
10 49
21 9
2 14
15 15
29 67
16 80
