800
18 8
10 12
10 29
30 11
25 95
18 52
19 99
1 16
29 44
6 82
28 60
7 71
15 21
24 8
7 51
27 21
10 3
25 92
16 41
8 96
22 70
20 65
22 27
10 71
27 15
12 48
23 2
7 20
30 52
5 66
0 7
18 57
5 67
0 41
29 59
23 82
20 53
12 29
7 71
9 39
15 88
13 9
19 56
3 83
23 73
3 85
11 95
19 84
22 27
9 90
4 3
25 2
22 1
9 100
20 92
2 71
26 24
6 54
10 93
7 4
12 100
15 21
13 63
11 98
25 87
20 91
19 33
5 98
22 10
11 99
10 33
12 43
20 17
15 5
12 28
15 67
11 93
8 88
1 15
14 48
4 95
25 32
20 4
15 79
23 75
13 83
22 55
7 19
21 42
18 25
5 74
23 41
24 37
15 25
10 1
27 55
8 44
6 8
17 15
2 31
28 83
19 5
11 50
13 51
27 71
0 89
10 34
27 23
11 27
1 64
20 45
3 22
27 66
27 1
15 32
15 63
13 40
3 15
0 76
15 4
5 80
22 32
28 98
15 91
27 30
7 18
27 56
30 78
18 21
20 14
8 38
14 79
17 27
1 51
5 79
3 73
19 8
25 71
26 25
19 41
23 75
27 20
5 39
16 56
26 80
30 35
12 41
0 11
1 40
3 29
30 62
26 91
20 36
17 75
6 88
19 71
27 53
16 72
30 79
16 70
27 52
26 85
9 6
18 38
24 60
9 53
15 71
13 33
16 53
3 9
13 67
14 28
25 28
28 43
22 90
19 41
2 61
20 92
30 16
7 60
30 40
23 55
0 27
7 19
24 15
21 54
6 59
10 84
0 86
12 16
23 28
17 66
20 44
14 87
14 41
24 96
1 68
4 57
15 57
2 2
7 76
8 30
6 28
4 12
30 60
19 90
2 70
28 22
29 20
9 91
6 77
22 19
20 11
17 13
23 30
19 45
7 37
21 53
4 67
26 26
24 28
7 58
5 63
15 92
2 23
26 59
13 17
21 36
6 39
22 58
27 51
2 46
27 11
15 28
26 71
28 5
24 72
14 1
1 74
15 85
2 38
14 64
17 96
16 91
19 21
24 50
15 18
23 33
16 1
10 70
20 55
1 16
18 70
11 53
22 69
27 32
6 78
26 79
24 82
22 65
13 73
24 39
21 81
5 77
3 52
8 22
22 44
21 94
11 21
11 38
25 41
4 4
14 43
13 24
8 48
7 2
0 44
9 67
21 25
3 1
14 74
17 39
7 31
1 30
25 70
23 13
16 17
7 56
4 35
29 16
19 46
9 69
5 10
4 76
28 21
30 94
29 7
6 14
23 30
4 44
24 81
24 69
21 69
3 87
12 94
7 72
5 11
17 37
26 78
4 51
20 30
7 78
6 86
1 18
26 22
1 37
23 78
19 91
0 72
1 58
29 83
12 60
26 90
21 54
18 42
3 94
5 60
23 87
11 4
5 11
25 59
21 6
25 7
22 64
25 73
11 49
9 24
3 64
13 31
8 25
25 54
4 5
16 89
14 47
7 18
26 49
3 59
13 61
28 97
4 42
1 48
3 12
15 73
11 65
28 72
30 83
2 68
29 71
2 51
24 67
13 81
12 91
19 18
29 81
2 70
13 38
7 60
11 96
24 61
14 92
8 16
21 73
10 72
4 92
18 73
7 51
3 29
2 93
17 71
8 31
23 17
14 85
4 91
30 20
6 4
28 10
6 82
16 40
26 47
15 31
9 58
29 48
11 94
24 58
6 52
28 22
22 17
11 76
20 84
15 74
