800
19 9
28 55
3 2
0 71
12 39
7 51
19 62
13 58
18 8
28 4
14 19
21 13
3 7
1 24
27 31
1 72
8 35
12 84
21 51
5 43
9 98
25 68
20 52
4 96
14 40
9 12
22 100
30 37
13 34
28 17
25 21
19 34
9 81
29 78
14 74
13 17
28 94
1 28
15 10
16 70
7 34
7 85
5 46
12 40
22 13
9 18
2 30
12 23
1 91
2 71
23 63
25 92
7 74
15 57
13 32
7 89
25 63
21 47
10 35
17 76
24 65
10 3
20 42
20 28
14 26
28 93
12 80
26 98
15 72
19 75
25 48
25 21
5 62
13 21
23 89
15 26
19 40
15 35
3 39
27 35
9 22
5 100
0 21
9 39
3 21
7 67
15 42
16 63
15 26
27 65
4 78
27 94
30 39
26 41
18 34
17 7
15 42
5 78
12 89
28 58
18 29
18 21
26 82
21 77
0 26
5 82
16 16
29 37
19 6
27 96
19 22
3 52
14 42
29 21
7 7
2 9
1 70
16 83
21 88
11 45
30 1
10 63
6 2
29 49
13 99
20 98
1 55
16 8
27 74
30 99
23 15
23 55
19 42
14 67
28 16
20 44
29 81
28 30
16 74
29 81
13 74
6 89
5 75
19 2
17 74
12 27
25 50
4 97
28 53
5 79
24 57
15 20
4 14
19 32
28 59
13 33
13 24
23 29
1 32
24 53
29 31
23 41
27 39
6 48
9 42
0 62
15 62
15 96
29 48
30 72
15 71
13 47
10 9
10 85
30 83
2 93
19 25
4 3
23 98
10 95
7 97
3 65
26 11
15 19
25 36
3 36
10 25
27 18
24 59
27 76
5 34
10 27
23 13
2 16
21 34
0 45
21 1
29 54
7 2
2 68
4 84
14 92
19 11
18 65
27 63
8 65
19 83
29 57
2 28
30 36
10 3
18 43
29 26
10 50
18 13
15 27
12 15
30 91
9 46
16 78
28 65
12 57
16 14
24 78
26 89
8 92
16 68
24 56
24 54
3 32
0 60
26 60
28 32
28 29
16 100
26 94
26 58
11 4
15 45
5 14
14 78
12 67
10 36
19 70
9 53
28 8
1 10
27 71
13 19
27 11
20 20
4 48
14 34
18 17
10 93
1 1
15 81
0 29
1 8
25 18
26 11
14 1
20 38
4 63
17 92
18 74
20 76
8 44
4 80
25 52
7 7
18 68
14 98
29 20
13 37
24 22
29 56
30 19
21 43
20 58
2 65
0 48
21 25
11 49
17 98
7 80
9 21
30 62
12 85
12 76
7 81
25 69
25 23
16 82
30 42
11 86
2 92
20 5
24 75
29 34
26 10
22 8
9 65
23 51
4 10
12 74
14 86
6 77
13 27
25 70
18 17
11 49
29 54
18 2
10 32
8 50
9 75
27 35
4 66
14 17
30 56
2 49
12 36
12 44
5 80
1 94
3 53
9 91
11 50
25 84
1 29
24 67
21 65
20 6
26 53
7 83
18 31
12 12
25 12
9 54
9 72
14 36
22 83
29 92
28 23
13 13
28 11
24 32
9 19
16 44
26 85
16 48
25 50
14 95
8 77
2 100
6 78
24 19
10 30
7 30
20 86
10 82
11 44
20 51
1 76
28 92
14 28
3 52
19 66
21 91
8 14
24 75
0 58
22 46
10 96
25 78
5 77
12 53
22 17
24 51
4 39
29 2
22 87
3 22
3 24
14 51
12 2
11 33
0 64
12 45
14 76
20 38
22 61
8 58
0 54
15 36
24 28
17 46
13 1
20 74
