800
12 24
6 36
25 98
27 6
10 42
24 67
26 44
14 50
11 64
15 62
6 67
3 72
21 51
16 67
2 44
4 39
23 46
0 88
4 9
5 78
6 28
14 21
7 19
25 42
18 15
2 17
5 89
19 62
17 45
14 99
26 53
30 66
4 93
28 23
7 1
4 6
4 42
8 28
19 18
29 27
25 77
22 70
26 20
12 10
11 98
12 89
0 59
29 19
10 61
9 36
6 82
10 96
7 20
1 79
17 21
27 100
14 92
10 73
13 42
9 16
2 21
13 94
27 75
19 19
15 10
0 95
11 52
19 94
25 92
22 34
20 38
3 99
19 28
14 4
19 62
5 8
18 77
20 66
8 22
23 1
9 35
9 15
3 15
15 25
4 39
7 10
28 82
5 17
0 6
27 17
6 14
23 34
7 68
10 84
17 49
16 27
8 18
19 4
8 60
12 45
23 55
9 40
3 32
7 94
4 83
22 18
7 8
1 61
1 75
10 91
28 38
28 59
11 87
6 39
9 47
13 6
16 55
2 70
12 43
26 42
12 11
9 13
7 74
22 47
29 62
21 51
11 32
9 30
0 29
15 79
24 32
2 88
13 92
25 80
17 8
15 61
0 10
15 55
24 89
14 26
7 93
19 45
2 23
5 43
2 94
6 49
25 79
14 40
3 3
24 28
12 50
4 65
14 47
28 90
21 59
4 68
1 11
2 11
17 5
30 83
19 53
30 88
25 16
23 72
27 97
17 55
11 57
23 42
7 87
29 87
25 63
10 6
21 90
7 64
0 49
3 34
13 34
22 73
11 74
15 52
10 55
1 85
29 92
0 86
13 53
16 67
1 94
19 9
13 79
26 64
25 28
16 69
6 15
16 61
18 69
10 69
12 2
7 98
26 22
29 17
27 4
17 46
21 20
12 54
5 79
14 89
21 45
11 58
15 8
21 52
25 78
10 20
25 26
4 71
15 63
24 67
20 47
11 70
21 81
29 77
21 8
23 76
21 23
22 23
8 92
22 94
27 66
7 34
13 25
30 43
27 14
27 91
1 57
30 3
29 31
22 100
28 44
20 77
14 29
27 61
19 62
25 85
21 95
0 66
24 8
21 68
22 93
16 85
22 29
1 63
3 100
2 16
7 50
3 89
12 60
14 12
9 49
17 26
22 63
9 68
0 7
8 86
23 57
21 3
6 45
27 44
5 59
30 86
20 85
4 14
16 62
15 86
11 90
27 43
18 67
8 50
20 97
11 66
24 48
24 75
15 49
20 5
13 68
26 57
12 39
0 50
30 13
9 20
12 12
27 46
27 63
22 40
4 96
9 22
3 38
11 54
2 34
6 64
20 59
27 69
17 89
21 63
24 25
11 80
23 78
19 88
16 90
19 57
20 90
16 67
9 86
22 96
18 89
30 57
29 10
3 50
26 32
21 25
27 77
20 8
29 5
11 45
9 97
27 54
13 34
27 41
0 37
15 84
30 16
8 2
10 65
29 14
9 22
17 85
24 100
23 32
2 68
21 42
22 80
14 34
18 92
2 89
26 72
22 1
6 93
9 7
17 44
28 59
22 25
20 38
12 33
29 23
5 46
13 64
22 2
22 34
19 64
11 89
10 17
5 53
7 73
22 33
26 93
9 91
1 18
11 30
1 88
29 96
1 37
30 22
0 23
29 22
0 27
6 74
15 99
14 40
20 13
6 63
28 51
9 57
8 96
20 48
0 60
0 87
15 16
25 8
12 95
19 31
25 91
6 75
13 98
8 21
7 11
25 50
29 30
22 12
8 98
3 8
11 4
14 97
