800
28 59
17 20
1 33
14 5
13 79
9 30
29 82
9 1
9 82
29 28
2 75
5 90
8 39
29 78
3 28
23 76
17 81
1 11
25 13
25 2
27 82
29 89
23 55
11 67
16 23
15 59
16 59
8 69
15 59
2 24
0 23
28 92
8 56
30 30
19 6
16 30
23 61
1 58
20 20
12 78
10 7
29 31
11 43
4 12
16 84
3 56
14 52
17 34
13 70
16 13
4 53
26 74
13 32
25 88
16 69
15 5
20 89
3 46
15 37
10 43
14 52
0 61
10 67
29 71
4 17
29 72
12 2
24 89
2 34
13 94
23 70
24 87
14 47
6 57
30 97
17 40
19 54
6 88
16 27
16 27
21 75
1 40
23 12
7 46
18 5
22 64
27 73
18 15
23 77
14 63
27 78
22 36
19 27
22 35
15 21
2 14
29 83
1 29
12 48
3 14
19 88
11 49
24 38
19 81
0 42
30 15
28 13
24 92
19 81
8 95
7 3
26 13
29 99
0 83
2 51
26 15
25 31
19 8
3 46
4 53
10 74
18 54
30 7
9 46
13 4
29 38
27 23
7 74
27 65
12 43
20 63
5 35
1 27
14 88
9 68
15 66
13 3
14 13
7 52
0 52
5 72
16 20
5 50
20 84
26 99
21 35
3 92
25 1
5 15
18 2
17 3
3 34
4 53
14 58
22 42
13 97
25 39
0 65
1 60
2 54
26 3
5 38
17 24
17 16
23 35
2 100
3 83
22 56
9 26
1 52
9 6
14 63
11 74
9 4
12 8
24 45
15 91
8 2
7 84
4 64
4 98
15 33
14 55
4 82
9 62
21 4
11 32
18 10
30 95
26 72
29 69
19 79
7 65
24 45
15 81
15 9
28 83
21 28
10 7
5 17
9 79
25 11
0 13
27 21
4 11
20 74
2 78
11 96
21 3
19 52
30 22
8 92
25 87
28 9
4 93
10 12
4 95
6 44
17 18
24 30
29 83
3 23
20 98
26 48
20 70
8 97
3 8
6 63
0 86
28 52
18 15
27 100
9 39
18 82
0 95
1 47
25 21
22 76
25 85
27 44
8 4
8 92
26 50
11 72
0 83
6 78
7 53
11 81
25 26
24 52
20 40
25 86
28 94
1 26
2 37
16 49
15 21
28 36
23 37
17 87
1 44
12 44
15 10
9 38
13 77
7 81
6 10
27 20
3 72
21 91
12 47
13 65
24 78
7 20
1 54
6 77
15 42
2 14
8 15
1 73
9 34
30 51
16 17
7 66
0 99
22 82
9 21
12 64
8 93
3 46
13 11
8 86
4 27
7 16
16 49
13 53
22 46
0 45
5 17
17 61
8 72
17 85
20 57
0 69
13 87
13 29
24 71
12 84
12 2
22 28
11 51
2 2
21 33
3 10
12 3
22 92
23 48
6 32
17 71
9 100
12 10
17 93
28 67
2 33
16 66
14 35
29 48
20 55
25 33
4 76
7 49
23 63
29 97
30 26
3 11
12 19
24 9
28 70
7 33
18 15
6 69
20 13
16 30
30 26
12 16
14 46
23 28
26 50
28 6
28 67
24 56
7 76
29 75
13 11
14 66
3 58
20 21
13 24
15 57
30 100
7 100
26 5
29 16
13 29
27 25
8 71
29 22
24 45
19 74
9 23
30 4
30 25
26 13
6 77
8 38
24 3
28 73
20 39
30 91
22 92
5 20
19 62
25 61
13 79
15 2
27 9
3 33
25 27
22 22
3 50
25 38
22 56
25 87
19 6
24 85
6 88
28 14
1 71
3 88
18 76
