800
14 78
11 12
29 60
2 85
19 58
9 31
25 12
28 81
10 86
12 76
0 62
0 7
11 25
20 7
11 53
15 46
14 63
5 59
13 24
20 10
15 56
20 33
27 21
16 69
25 98
25 94
14 67
21 39
7 10
30 56
25 29
29 55
3 24
24 83
27 21
18 84
7 14
20 95
30 65
5 63
26 35
14 29
7 14
15 22
13 55
21 92
27 26
6 90
18 69
10 30
26 56
1 44
13 47
11 78
28 56
5 37
7 88
19 1
27 71
21 69
28 8
22 9
28 40
10 27
3 34
5 75
1 82
24 52
9 17
13 95
10 58
23 63
1 96
29 91
23 12
21 89
13 64
29 4
18 24
17 18
18 96
23 11
6 50
27 92
25 24
9 37
27 13
1 91
4 83
20 66
1 87
20 67
13 67
12 67
18 40
30 62
9 67
23 12
13 75
12 72
12 87
19 65
13 3
17 31
1 18
8 51
15 35
7 57
19 72
5 75
17 45
29 33
4 13
25 80
1 54
4 12
2 57
26 5
6 78
3 72
20 52
10 58
19 12
0 52
11 100
4 72
6 90
19 76
14 44
17 8
10 16
3 75
17 90
17 31
30 12
0 36
22 96
26 48
3 68
3 26
27 39
9 91
29 90
17 94
8 95
27 38
15 7
5 59
2 47
9 84
5 44
26 65
15 81
3 85
0 99
13 22
21 20
26 14
11 91
15 75
12 48
18 57
16 28
11 15
1 41
2 89
29 98
10 10
27 91
23 40
18 45
24 58
6 70
14 34
28 22
24 88
22 20
19 97
23 89
2 21
22 33
29 93
0 65
26 51
15 56
4 52
17 97
14 65
23 19
10 86
13 1
8 44
21 59
19 10
29 80
30 91
30 91
16 83
2 14
22 81
17 98
25 38
29 100
17 8
18 76
22 65
11 58
28 31
10 93
25 69
11 94
16 58
14 39
19 18
1 23
2 20
25 97
16 3
12 30
7 86
1 76
3 76
17 9
6 84
18 14
6 85
0 80
22 84
29 64
21 54
18 25
25 81
3 52
25 88
15 32
21 40
7 33
20 28
8 31
24 24
8 54
11 42
6 68
15 9
11 21
26 72
11 33
24 63
10 85
2 66
0 86
4 7
16 26
30 86
8 12
29 49
0 25
21 99
8 96
20 84
30 53
8 94
18 13
4 5
25 28
23 6
3 22
29 22
3 97
0 85
23 100
17 43
30 98
16 4
13 8
8 14
3 44
22 24
14 44
5 33
25 44
22 72
29 3
21 77
13 32
2 46
16 93
3 16
19 3
12 11
21 89
3 52
20 53
25 61
7 76
17 76
22 56
29 60
26 65
22 21
7 42
3 80
16 42
17 46
30 41
8 65
21 60
24 43
23 49
1 75
3 41
16 38
10 23
14 2
26 64
24 51
3 28
13 92
24 29
21 46
30 28
4 32
11 17
14 82
8 84
2 44
7 89
8 17
20 52
1 66
10 41
29 99
10 92
0 77
24 96
6 47
15 81
10 67
11 36
1 22
5 63
20 44
12 49
30 42
15 39
0 93
15 7
5 42
27 95
22 67
7 96
22 42
14 72
4 4
4 51
4 11
17 44
4 14
21 96
13 19
22 69
14 63
20 25
9 99
16 79
14 73
30 73
10 4
9 31
18 88
26 89
7 32
12 8
16 89
1 13
28 69
2 96
26 97
20 97
29 95
17 33
1 17
30 86
12 58
19 8
29 25
25 85
0 42
22 9
24 58
23 92
14 82
9 22
13 36
6 36
27 16
1 39
0 100
28 81
8 12
