800
4 5
19 33
18 96
21 84
5 91
3 94
30 32
7 16
27 30
13 42
29 65
0 45
25 78
10 31
23 40
21 64
29 29
12 57
7 18
25 71
0 96
5 89
1 10
15 50
27 66
14 63
4 23
4 66
18 52
27 25
26 76
1 94
15 77
25 4
8 72
1 89
3 15
2 51
24 53
23 71
14 55
22 97
1 31
23 82
22 93
29 25
9 1
2 82
10 53
3 50
30 50
29 23
14 30
27 2
27 54
22 85
21 58
0 59
7 75
12 60
18 27
20 91
1 53
24 52
24 58
3 9
18 65
25 53
21 28
21 27
30 90
1 16
0 81
9 17
16 45
21 49
12 99
11 51
0 51
1 59
10 55
10 77
20 20
10 4
24 14
18 84
20 9
6 69
8 29
0 43
11 77
13 38
7 43
28 74
27 22
15 92
20 97
0 47
3 38
22 40
11 27
9 32
0 18
29 85
7 49
9 57
29 88
11 75
12 92
10 79
11 16
6 99
18 95
18 58
27 97
26 11
26 15
22 90
5 78
28 67
12 53
10 87
3 38
18 7
21 77
13 44
9 1
16 37
12 89
22 73
2 11
14 2
18 40
18 3
11 38
17 53
15 69
3 53
11 62
7 78
25 38
17 98
24 18
17 50
24 83
30 79
15 8
10 52
25 60
1 11
28 91
6 94
22 89
18 35
14 63
20 69
21 94
6 76
0 41
20 84
0 16
22 87
1 39
29 51
29 74
13 73
2 40
3 35
19 71
19 95
29 6
10 18
28 2
7 17
25 61
22 67
15 90
1 7
30 87
10 5
18 7
27 98
27 89
18 29
23 64
24 81
6 44
24 63
0 60
5 100
18 37
27 74
9 57
24 50
26 87
15 3
12 71
14 37
4 43
0 75
20 58
12 78
28 16
5 61
21 20
13 16
14 88
15 15
18 7
30 65
18 35
29 70
29 26
23 100
14 92
7 81
22 30
22 29
3 63
12 10
12 70
4 25
10 98
16 8
28 23
19 18
5 10
19 45
5 3
27 97
27 44
14 100
20 57
25 11
14 85
22 32
17 17
11 61
29 61
7 90
20 19
13 47
24 43
25 10
27 96
11 32
20 89
20 54
16 40
19 44
30 77
5 17
27 18
10 8
29 90
15 71
16 27
14 61
26 1
28 37
23 36
21 27
16 6
3 17
25 50
10 32
17 50
26 7
22 15
18 29
25 78
30 47
30 87
5 78
24 3
28 54
12 15
11 45
15 62
22 27
16 6
30 89
4 66
29 14
28 96
15 33
10 70
2 81
22 3
4 20
9 18
14 5
13 96
19 85
18 90
20 23
18 23
27 59
3 60
10 93
14 55
27 38
13 28
6 5
3 27
20 37
5 67
24 30
1 7
29 64
16 48
30 48
1 9
2 51
9 68
20 46
5 49
27 5
6 38
3 71
1 26
19 76
5 12
24 76
14 59
18 75
1 26
17 30
26 12
7 95
14 26
27 22
28 48
15 12
19 78
20 41
30 50
26 92
29 24
16 16
24 23
29 69
1 90
7 53
4 9
0 59
5 67
0 41
1 32
23 68
23 50
12 88
12 91
12 66
0 74
30 82
22 95
26 6
13 3
26 100
21 98
9 49
17 79
14 77
0 81
5 72
2 71
28 43
2 10
5 32
18 68
2 18
4 25
5 49
18 23
0 40
18 94
20 69
5 28
19 81
14 99
4 36
10 31
8 64
13 13
21 19
23 4
8 99
13 39
8 43
27 95
28 33
30 45
2 62
28 64
3 77
30 89
7 56
7 44
28 88
