800
30 74
10 29
3 7
11 82
9 75
9 69
6 76
30 12
27 25
12 2
11 15
23 66
16 85
12 52
12 23
19 54
16 87
19 74
17 44
7 100
11 1
20 97
22 76
26 31
14 22
29 57
19 62
19 37
7 36
13 27
2 27
8 1
25 28
15 61
30 48
6 83
15 15
8 26
20 25
5 20
11 50
18 84
11 68
0 26
15 36
1 8
0 95
15 16
19 75
3 26
27 96
4 19
4 63
4 6
24 22
2 34
7 30
26 24
14 83
24 85
14 24
1 44
27 82
22 63
22 54
1 69
29 49
24 1
18 91
4 71
25 49
3 51
21 20
23 6
4 48
28 9
11 93
19 25
2 60
24 48
3 89
11 76
17 13
1 22
12 94
23 17
5 3
9 43
17 36
27 85
7 24
18 68
23 12
0 73
1 89
28 50
27 6
19 87
2 30
23 8
28 9
28 48
0 29
8 56
27 50
0 93
9 81
23 87
18 43
5 81
20 100
3 14
29 17
25 8
11 1
14 56
24 63
22 49
23 79
4 83
3 44
0 10
26 82
22 44
11 75
11 3
6 8
12 8
3 49
12 11
15 46
7 4
15 44
15 6
25 93
14 60
14 12
20 97
2 63
17 65
29 4
18 29
20 51
16 61
4 14
9 14
13 64
20 5
16 48
12 7
14 82
3 20
1 81
4 85
24 34
15 5
18 68
25 39
0 60
2 87
12 60
0 73
17 29
27 76
1 86
6 74
28 22
2 14
22 76
10 4
19 45
3 88
24 24
11 22
14 13
2 77
15 22
8 90
21 56
16 4
23 85
16 46
26 19
10 63
11 69
16 46
2 14
5 97
24 35
8 65
21 68
11 53
26 55
0 32
5 37
0 72
18 52
27 10
12 70
12 90
6 78
9 62
6 83
19 77
12 95
26 67
15 19
25 99
29 26
19 14
2 43
16 84
2 32
13 95
14 10
17 49
25 13
23 83
3 71
8 20
24 20
1 83
29 65
30 100
5 41
30 3
15 79
28 1
15 36
16 56
20 78
15 47
15 50
11 77
25 85
3 76
20 56
15 71
1 85
12 75
18 43
17 63
19 29
4 90
20 38
9 86
1 38
15 46
5 19
15 49
9 53
15 89
12 77
6 6
17 43
10 70
17 86
19 89
19 52
20 9
4 37
27 2
11 10
4 79
29 16
10 28
27 100
27 24
17 83
5 65
24 24
17 27
29 63
4 92
1 43
4 47
9 90
1 76
21 21
3 83
27 54
26 59
23 54
2 50
17 45
12 58
12 42
8 63
8 44
4 58
10 46
22 80
22 28
10 62
23 60
11 55
17 90
15 94
20 98
26 61
2 77
25 48
5 76
16 20
12 63
20 59
20 69
13 30
0 96
26 65
20 67
14 55
21 31
8 49
25 57
4 83
3 85
18 5
2 3
28 58
5 73
0 41
25 27
18 40
22 38
17 70
27 9
5 26
1 61
27 79
4 52
7 80
21 45
1 22
24 17
19 47
5 14
15 61
8 67
8 67
10 24
2 8
12 58
14 85
13 52
23 95
1 33
13 7
6 64
10 37
8 17
0 18
25 10
24 70
12 69
19 46
18 97
2 84
6 87
4 1
7 94
23 14
24 10
14 26
29 56
0 27
0 58
5 62
2 74
0 52
27 80
23 84
21 88
29 36
11 75
12 69
29 71
2 60
19 39
23 39
14 7
24 90
25 66
1 41
22 43
13 75
24 31
20 56
13 19
4 69
27 80
6 80
7 63
4 24
10 87
17 81
4 80
30 79
24 86
6 53
