800
22 96
16 89
3 92
3 13
9 90
18 91
3 79
23 39
23 94
26 39
17 84
4 74
1 93
1 30
16 74
8 54
2 42
0 75
0 43
17 71
9 25
9 20
4 6
1 8
8 62
25 25
6 68
22 86
25 19
29 78
19 23
8 82
27 24
6 4
16 83
3 23
30 82
18 12
29 36
22 81
21 55
19 7
6 1
28 60
29 38
8 79
1 37
12 71
0 58
9 58
10 10
30 72
10 39
14 58
25 1
5 81
2 68
29 85
21 33
2 41
24 11
26 98
14 23
20 68
3 6
9 1
19 61
19 35
6 59
10 40
21 9
27 51
2 52
20 23
1 66
11 98
2 50
10 58
25 96
9 94
19 40
19 22
28 78
8 95
5 36
15 2
6 64
19 46
7 40
10 28
15 8
28 6
10 96
9 91
17 90
21 81
7 11
20 32
25 69
3 95
7 20
5 81
24 77
18 93
3 20
11 10
17 87
24 76
3 1
12 66
10 1
22 63
30 3
18 63
9 45
27 33
17 23
13 66
25 77
22 80
10 1
16 79
11 20
0 23
10 81
15 2
1 70
30 95
7 31
17 36
25 37
13 19
16 76
8 79
16 12
20 69
29 97
14 47
14 59
21 46
29 72
2 24
22 1
13 72
19 71
5 49
14 44
21 69
3 88
2 31
5 74
8 28
8 59
29 80
19 34
10 18
17 52
8 36
28 39
18 86
29 42
7 22
17 21
7 25
4 58
5 87
1 14
20 37
17 75
9 99
6 23
19 31
8 89
3 62
30 40
11 3
0 54
25 86
10 87
30 79
16 75
0 94
30 55
20 13
25 28
24 89
0 30
17 89
10 74
10 4
22 56
22 34
22 96
20 95
10 48
19 28
14 4
27 7
5 93
29 68
8 79
25 47
23 81
5 31
22 36
22 57
7 86
10 96
26 30
2 10
22 55
4 38
20 32
21 80
18 64
5 72
22 95
16 49
2 37
23 77
21 86
3 3
13 96
18 60
18 94
26 33
16 32
4 25
29 4
0 62
1 78
21 35
21 2
15 40
22 78
4 100
22 95
7 49
10 16
28 94
2 83
0 69
0 55
12 96
9 98
4 35
19 26
0 96
15 43
19 17
30 77
20 16
6 50
29 69
18 28
28 70
29 84
29 20
2 91
4 73
17 40
28 94
1 95
4 18
7 86
20 80
25 96
20 8
18 99
16 80
18 41
22 87
29 43
3 11
19 65
13 59
5 35
8 99
28 34
16 49
11 19
0 86
30 50
17 76
28 93
8 17
19 71
24 71
22 94
29 94
24 55
22 25
7 56
30 88
6 49
8 57
0 85
8 10
6 39
20 90
7 24
15 21
24 40
22 4
5 18
0 80
29 56
12 22
13 91
22 97
10 32
24 30
0 87
22 11
15 13
14 13
16 82
13 18
23 31
26 66
18 1
15 100
10 80
27 56
23 71
9 12
16 55
5 10
1 70
2 73
24 84
13 72
28 22
21 89
11 46
29 76
23 6
10 5
9 52
9 36
21 98
21 100
27 9
2 84
6 21
17 35
3 99
9 60
23 91
5 73
29 90
3 25
17 66
17 78
5 81
24 96
16 25
7 24
25 84
27 2
7 56
3 18
9 93
6 3
26 60
7 84
19 4
17 49
4 87
15 35
5 43
3 28
12 41
20 33
9 53
30 65
27 9
12 28
14 65
16 97
28 80
0 99
28 39
24 53
30 10
1 34
6 61
7 35
30 34
7 96
0 25
24 79
19 38
1 6
2 12
26 53
22 7
25 78
2 92
3 25
