800
19 37
17 54
25 43
10 13
4 98
29 42
21 49
19 84
7 98
3 2
18 17
21 52
10 47
1 25
3 13
13 95
3 73
11 28
25 36
5 83
16 15
28 47
8 75
27 28
19 19
13 43
23 73
1 30
4 15
5 5
11 84
0 76
29 91
8 85
12 16
14 25
23 97
18 22
10 49
17 54
23 39
9 39
12 45
10 39
14 54
12 76
3 77
27 17
24 33
13 22
24 41
22 98
18 47
10 84
28 76
27 80
2 78
4 94
25 61
11 98
30 4
13 60
18 28
30 26
13 68
30 11
8 39
14 79
12 69
14 40
23 66
29 72
26 29
7 52
2 66
1 86
27 9
5 42
27 27
13 17
1 13
5 74
2 2
0 70
11 15
6 77
18 49
17 11
2 14
8 28
23 64
3 98
4 37
19 94
25 54
14 77
28 40
10 27
29 65
14 1
4 6
29 9
2 100
26 99
3 14
0 37
9 70
26 9
3 73
8 21
23 77
3 80
23 17
2 80
21 31
4 10
26 84
24 26
29 52
11 5
9 15
6 18
22 93
18 68
11 38
25 75
22 56
14 72
15 23
10 6
28 28
12 52
6 80
10 48
12 58
28 55
21 84
17 88
17 32
9 87
4 69
14 47
18 20
30 10
9 37
3 15
28 81
5 65
2 12
5 45
2 71
12 35
6 53
6 46
5 22
17 2
25 79
1 64
4 56
21 42
13 11
0 62
0 70
30 97
2 50
27 42
27 88
11 86
28 38
13 28
25 93
18 90
17 2
27 32
12 86
14 73
11 58
19 32
7 64
19 57
0 15
18 35
30 22
22 42
17 48
12 73
23 83
5 50
6 75
29 72
15 71
21 25
28 66
8 86
13 34
6 93
6 52
24 34
11 88
21 59
15 3
16 88
29 47
19 79
25 1
11 41
28 27
14 13
9 90
21 75
9 47
16 13
5 65
8 35
4 75
17 23
19 63
2 64
20 79
1 19
20 68
14 57
20 88
17 59
4 82
21 48
8 70
0 71
22 86
11 67
27 85
12 92
5 2
27 67
30 92
7 31
30 84
6 5
20 31
23 27
27 47
20 73
12 18
11 43
25 92
6 2
26 20
20 76
2 78
14 87
28 19
4 87
27 8
4 49
8 32
10 7
22 18
24 23
2 14
29 65
26 96
0 17
28 22
11 2
1 36
11 95
26 46
16 17
8 54
1 34
13 22
18 93
23 39
25 55
16 61
10 18
30 53
11 75
21 58
1 94
11 40
3 78
13 88
10 86
19 48
13 9
19 1
4 98
14 7
27 88
28 34
20 17
29 77
3 18
24 50
11 91
7 46
25 5
19 57
4 79
18 80
9 71
12 51
22 71
7 54
27 34
13 10
5 60
25 44
6 10
25 16
13 38
19 71
10 2
19 82
28 35
19 70
22 88
25 51
15 86
24 97
11 11
25 47
1 69
29 100
0 14
23 88
8 48
7 24
5 3
28 100
29 86
23 81
0 51
2 84
19 12
13 97
29 93
12 7
26 58
5 46
29 24
11 96
0 78
27 5
6 93
9 64
8 5
25 87
14 93
22 82
24 47
8 97
6 21
3 84
19 5
18 91
7 31
27 14
3 92
29 60
6 4
21 77
19 36
12 53
11 29
20 46
22 64
4 94
20 100
29 25
28 80
12 49
20 43
10 11
20 8
25 58
14 63
27 14
10 49
5 51
4 18
20 14
18 51
4 86
21 5
25 26
20 82
15 52
8 17
13 88
9 36
30 11
17 99
12 31
6 70
2 69
4 63
9 36
13 22
