800
30 49
25 91
7 56
16 93
30 6
26 52
13 85
30 30
11 66
30 49
25 61
9 67
23 32
3 59
30 61
19 45
9 25
30 49
11 38
27 75
9 68
20 12
19 94
14 55
11 4
10 100
11 30
28 66
6 91
15 84
16 27
4 72
23 74
19 76
25 41
10 98
4 27
19 28
18 8
28 76
18 49
12 27
3 63
0 59
24 17
13 54
9 43
28 90
8 45
15 42
15 36
19 44
2 71
27 81
18 81
29 85
0 83
12 91
15 64
27 95
25 65
12 77
14 16
3 50
0 13
16 25
29 40
5 64
4 21
16 25
12 74
1 41
12 62
6 8
22 42
16 48
24 88
19 88
12 86
9 97
9 74
25 9
19 60
19 16
12 100
18 41
5 87
8 65
21 76
24 56
2 64
5 60
22 95
28 49
6 51
13 56
19 45
23 51
11 69
10 61
3 45
24 18
15 69
15 50
1 37
1 86
0 93
1 37
7 10
5 98
24 80
21 32
26 62
28 61
0 86
20 33
22 72
7 67
30 21
21 49
15 71
14 3
14 3
25 15
16 84
24 3
14 20
23 37
0 41
14 83
28 88
12 68
21 29
16 18
11 8
29 64
24 22
25 15
21 82
11 80
7 99
30 52
11 18
22 59
1 94
6 92
27 36
26 13
3 14
5 13
0 83
11 64
28 21
7 67
25 64
6 52
9 40
7 5
29 46
11 86
23 60
26 41
28 60
26 79
6 3
17 40
21 64
16 51
14 78
17 46
10 14
18 59
22 91
22 100
3 92
5 55
10 86
21 6
16 39
29 33
15 7
6 67
7 9
13 18
21 44
8 39
20 26
2 7
0 42
28 54
8 16
1 17
29 49
13 92
4 94
6 8
21 100
10 38
22 1
1 99
21 52
30 98
6 15
8 9
20 22
3 97
8 97
6 76
14 10
11 44
5 69
12 93
23 96
0 26
7 53
12 99
19 23
6 95
19 24
25 39
0 11
30 97
15 2
24 91
10 89
15 21
30 49
13 76
18 85
7 63
11 1
20 52
4 35
3 8
4 85
12 65
23 35
18 49
16 18
10 65
20 13
26 81
29 6
20 69
6 69
17 46
24 39
0 52
25 91
7 46
13 34
23 24
10 96
23 25
7 4
19 98
29 85
20 97
7 74
4 88
15 46
1 27
18 47
6 47
19 44
23 61
19 68
5 18
20 26
29 91
9 7
4 81
16 40
23 52
2 25
6 58
2 3
8 77
7 91
27 32
23 14
16 72
7 37
3 49
13 22
11 38
14 44
29 86
13 71
26 11
27 26
13 78
17 53
22 87
30 3
21 82
29 30
13 44
27 50
11 76
23 85
15 46
23 48
23 45
27 44
12 90
29 81
30 47
11 99
28 69
15 20
3 95
10 59
17 85
11 16
21 75
24 10
2 14
9 1
11 64
29 98
27 47
0 31
6 88
27 14
5 23
21 56
16 85
17 35
12 66
19 39
4 90
8 87
12 55
28 95
14 21
29 71
9 20
20 90
10 34
6 69
23 99
23 46
28 5
4 16
21 18
9 67
5 42
22 48
5 10
20 93
28 9
29 37
9 98
6 19
26 96
2 1
4 35
29 3
2 79
25 77
16 63
26 48
4 22
2 88
2 14
8 15
18 91
16 64
23 64
1 89
6 20
26 48
27 54
23 31
14 48
9 45
13 33
20 3
18 50
14 12
27 72
15 73
8 1
24 85
11 31
20 2
26 65
28 47
7 71
21 71
14 78
25 54
1 76
2 40
18 63
3 9
2 55
15 92
7 1
