800
30 46
0 66
12 48
28 26
20 40
14 15
18 86
19 10
30 65
11 24
29 62
14 88
25 14
29 67
24 68
8 73
28 58
11 61
4 40
4 16
9 17
26 74
8 77
22 38
17 38
20 37
26 20
28 77
4 44
26 69
23 2
6 74
0 3
6 98
22 95
11 43
22 75
23 49
28 29
25 18
3 39
28 93
9 18
30 65
30 83
12 48
30 12
9 63
26 1
17 7
11 81
15 34
21 100
3 43
9 14
25 61
20 66
0 53
30 92
16 61
8 57
9 69
9 94
27 48
21 9
5 83
5 92
15 4
0 15
5 72
15 77
1 5
11 48
24 15
27 76
11 40
16 49
17 30
13 68
4 87
1 59
10 28
0 50
24 34
30 31
22 40
8 78
6 64
23 2
11 40
1 3
26 27
4 32
9 74
16 11
16 72
10 19
30 44
25 44
24 32
13 65
10 44
13 14
2 30
13 99
25 85
25 89
26 14
12 64
23 2
11 66
22 51
1 90
21 30
21 75
17 6
21 44
14 99
26 84
8 3
10 5
6 40
8 21
11 48
4 25
16 54
24 24
0 63
21 72
4 42
21 1
24 74
20 71
30 37
0 45
19 86
18 92
9 47
1 43
22 56
6 15
14 75
10 87
15 92
12 48
5 75
19 6
14 11
3 95
6 54
26 58
6 38
19 77
12 36
12 11
15 38
23 15
9 35
10 94
30 7
23 11
19 18
30 44
17 78
24 31
5 80
30 35
8 4
30 100
18 3
12 79
16 88
13 76
27 16
9 79
6 71
30 32
23 49
21 45
4 75
22 76
15 92
18 57
30 95
13 71
12 47
14 77
6 2
6 43
22 35
5 69
9 58
30 38
20 98
12 58
9 39
21 31
15 71
13 98
20 73
8 81
28 43
21 41
2 62
4 38
7 87
28 94
20 92
22 3
21 65
21 95
7 10
17 28
23 6
16 80
12 64
13 87
9 74
11 61
13 84
10 10
9 50
29 72
12 15
22 5
2 12
27 46
6 38
2 55
13 31
28 90
28 44
22 77
19 46
23 77
12 64
0 66
25 47
27 91
26 60
2 18
3 31
24 71
24 94
18 12
24 69
24 94
10 84
23 73
0 58
18 38
15 50
30 21
30 23
3 9
8 39
22 92
3 83
6 86
7 29
18 66
18 99
15 93
28 77
24 26
22 88
15 27
15 37
4 21
20 64
26 32
18 96
27 88
3 43
7 42
23 48
8 30
23 14
22 98
0 15
27 38
24 46
16 20
26 46
22 45
30 66
26 31
25 48
6 55
15 41
6 41
22 3
9 51
3 32
28 64
5 60
6 33
7 76
10 100
4 71
16 13
27 61
16 33
10 19
11 12
0 34
2 88
7 32
12 12
9 22
6 88
10 25
24 37
2 7
8 93
7 9
13 86
5 35
9 71
8 52
19 84
29 96
10 76
7 20
0 3
14 52
22 17
20 20
24 12
8 24
27 88
2 96
5 38
2 71
30 80
25 16
5 70
24 12
11 84
23 92
24 25
14 19
12 25
4 8
24 24
21 30
5 95
9 94
26 31
15 47
18 17
28 55
7 81
14 51
15 66
30 18
12 56
20 79
12 3
30 29
2 6
28 72
10 18
30 77
6 2
7 19
0 16
29 69
19 17
18 88
21 89
18 51
11 67
5 10
14 36
10 67
11 6
19 99
23 48
15 44
22 92
25 63
28 46
3 41
16 1
20 13
11 13
4 100
16 93
3 54
6 72
4 23
15 46
11 61
1 42
19 58
26 44
3 12
9 32
20 9
