800
12 51
16 39
26 27
13 61
25 25
3 67
15 30
29 97
29 75
3 91
25 16
24 15
20 66
26 35
14 36
18 100
24 6
19 71
8 66
10 62
4 59
8 33
25 30
11 41
2 76
18 50
22 21
9 76
19 48
6 63
4 94
14 82
23 33
14 82
10 5
29 8
13 28
26 90
17 14
3 77
2 71
18 13
21 79
8 87
22 40
19 87
3 13
16 74
8 55
17 94
10 2
7 54
6 24
30 76
19 39
22 6
22 55
29 39
1 59
15 61
21 15
0 92
11 87
15 54
9 26
30 55
11 77
1 89
25 38
5 86
15 66
4 96
28 26
25 33
27 10
17 47
9 43
12 96
17 59
25 93
12 56
17 74
23 31
16 39
9 28
16 91
22 49
19 51
13 79
3 95
14 65
20 85
30 6
25 72
22 88
1 30
7 84
21 31
2 33
17 86
6 39
2 2
26 50
20 43
8 69
21 23
30 93
29 9
13 38
19 24
17 75
7 93
14 81
23 81
10 51
13 79
15 87
27 21
25 58
10 75
1 55
8 50
24 91
13 46
13 99
28 66
21 90
21 37
21 18
0 31
18 70
1 20
18 41
0 14
12 18
23 14
22 6
29 26
21 73
22 46
9 7
18 83
5 46
13 14
26 37
22 6
11 63
20 50
12 51
28 78
6 5
28 98
1 97
5 58
30 91
26 62
6 68
2 36
13 90
25 79
9 55
22 87
15 70
18 30
5 46
16 49
7 59
15 20
7 69
12 12
2 86
13 57
4 11
29 98
5 76
3 52
4 32
13 41
5 38
2 75
12 74
12 34
20 84
29 4
27 97
1 78
0 34
4 36
25 5
28 91
22 22
26 26
15 80
10 90
29 79
1 67
29 32
24 40
3 73
15 62
22 98
5 70
26 49
25 100
25 64
13 16
30 99
13 61
13 28
17 3
6 40
6 96
16 67
16 91
21 71
7 44
26 97
30 29
27 23
3 18
1 29
28 20
6 81
15 10
7 24
8 96
4 77
22 83
21 42
23 9
25 77
0 57
4 96
30 9
24 14
1 100
29 100
10 61
11 9
7 18
28 41
2 9
16 1
0 14
15 92
4 80
28 82
14 53
24 89
23 68
4 94
15 19
15 26
20 81
1 66
17 94
16 84
27 77
18 9
24 4
8 100
3 27
1 85
16 3
12 85
24 76
20 92
22 71
28 31
5 93
17 16
29 49
10 40
5 23
21 59
23 100
28 82
27 75
4 29
22 8
22 60
5 73
8 92
9 15
29 29
6 34
19 12
1 3
2 84
27 79
27 6
28 90
21 39
22 72
23 88
3 42
16 14
10 91
9 46
7 15
28 94
10 18
24 91
17 85
16 56
1 25
4 49
7 5
4 70
8 73
30 20
13 72
12 100
11 5
4 57
0 80
24 48
22 5
9 57
20 67
12 49
11 32
20 78
0 38
3 40
26 22
17 85
14 73
13 69
15 10
17 19
23 35
30 69
0 81
30 61
27 38
24 26
25 73
12 59
22 99
25 26
2 31
27 17
0 3
21 57
15 48
20 77
25 62
17 11
5 31
12 70
17 8
24 90
21 8
6 30
11 31
8 3
10 54
13 60
16 58
30 62
15 56
16 68
28 41
14 75
9 3
12 19
10 74
2 74
20 11
2 54
13 28
29 55
8 21
24 71
6 94
12 49
23 41
26 48
15 89
15 60
24 51
12 11
21 96
7 78
18 71
29 72
4 76
19 60
20 100
1 52
18 87
11 24
25 84
29 4
6 8
21 69
6 39
1 96
11 95
