800
24 5
4 46
30 85
10 59
3 63
17 77
4 15
20 42
7 69
8 16
25 29
23 26
24 86
4 80
24 33
15 71
18 58
4 84
9 60
30 7
11 30
21 6
26 43
9 50
25 94
11 34
18 13
1 79
17 94
3 73
2 62
23 27
22 5
9 19
8 66
15 41
23 94
16 7
30 34
20 12
29 87
9 98
14 88
8 36
26 15
5 61
10 9
26 58
13 73
5 16
23 73
7 43
10 90
13 93
10 59
22 84
8 77
8 7
1 90
15 39
27 67
10 93
1 67
9 4
10 6
21 40
27 12
0 24
7 90
0 49
22 19
23 19
5 72
23 27
17 58
15 10
10 61
3 71
25 60
2 35
3 65
16 55
12 55
16 63
25 93
24 55
14 2
15 14
22 28
2 95
9 57
5 28
9 100
21 99
25 78
26 19
26 64
26 49
19 56
29 6
29 59
18 43
3 65
24 47
6 51
4 61
19 75
28 10
8 31
3 40
5 16
22 69
17 74
10 35
3 10
10 9
24 74
28 47
29 92
13 92
16 93
30 63
14 70
9 24
12 92
26 32
14 52
1 15
9 63
11 87
28 86
29 100
7 71
18 24
7 79
29 95
21 1
19 99
16 17
18 2
15 35
29 89
18 38
29 38
0 14
4 95
19 42
19 29
12 40
5 95
6 56
29 47
7 25
1 39
19 77
8 44
28 18
9 1
3 57
24 9
30 61
13 26
21 49
2 26
24 94
3 37
2 2
20 96
24 37
7 37
13 9
18 55
7 69
30 70
14 28
4 72
22 58
6 12
12 35
18 11
26 66
30 8
4 84
25 29
13 41
4 74
12 53
30 52
26 77
0 83
10 12
21 5
26 47
12 78
22 62
10 25
7 19
1 34
20 54
24 98
20 25
30 4
19 8
13 40
11 96
17 21
12 13
5 95
20 80
24 61
23 1
12 44
16 80
24 94
26 3
12 56
9 29
24 42
18 63
19 30
26 26
22 65
22 65
15 76
4 18
4 87
27 29
18 78
18 35
23 95
2 11
13 77
1 2
6 30
21 18
30 63
18 75
8 7
21 18
10 32
7 30
17 31
26 52
29 94
0 36
18 91
15 54
0 33
13 3
28 51
30 9
19 14
29 68
19 30
4 51
15 2
23 36
13 2
10 81
24 32
13 35
30 77
12 68
2 58
4 58
8 92
13 15
22 77
22 30
14 1
12 3
17 5
26 61
30 20
16 33
28 83
19 28
6 22
12 65
20 30
22 43
15 27
1 59
2 38
17 13
21 92
19 14
5 9
12 53
24 6
9 41
17 24
22 93
11 80
6 83
12 100
27 35
19 34
13 62
13 9
28 39
10 35
2 46
19 15
14 93
26 44
2 78
1 83
15 86
7 14
19 99
3 66
5 68
30 90
30 34
5 86
18 27
0 45
0 5
8 97
25 46
16 27
20 90
29 92
8 82
21 98
18 32
27 35
4 91
20 25
24 78
11 75
25 91
6 83
5 60
30 93
20 8
20 23
12 72
20 62
12 94
29 79
7 80
6 39
7 58
23 40
9 24
8 38
23 54
0 93
14 67
9 28
9 20
18 15
13 66
1 22
12 89
10 91
11 30
8 13
10 86
8 99
22 34
0 88
26 50
10 90
28 50
12 48
19 13
29 93
12 87
30 61
18 53
26 74
3 5
2 67
13 90
16 87
7 46
8 86
11 82
28 87
25 98
0 31
17 84
0 55
11 50
25 66
14 52
16 17
15 47
17 70
17 8
10 42
21 78
11 65
2 52
6 42
8 66
12 74
