800
25 53
14 60
15 1
9 8
4 38
22 14
24 60
18 99
16 64
28 78
2 53
12 12
14 61
28 10
8 28
18 58
6 73
7 32
7 85
3 6
25 34
6 9
21 99
0 13
12 75
18 8
24 85
23 44
1 82
1 85
29 24
23 42
30 29
12 75
23 5
27 53
20 93
9 10
21 84
18 90
12 9
9 19
28 95
6 24
5 16
7 26
1 53
23 62
28 33
20 60
7 11
17 80
10 27
11 37
10 27
6 89
24 2
2 89
23 91
4 11
19 1
16 58
1 14
8 85
7 15
18 28
25 36
18 72
26 46
20 72
27 92
22 20
1 77
17 36
25 28
21 52
6 78
10 19
7 8
18 48
13 18
5 31
11 25
14 81
27 60
18 98
19 73
19 18
26 35
1 58
10 9
8 5
14 35
16 13
23 23
22 51
1 50
1 6
16 33
9 48
0 72
25 6
18 61
2 98
10 63
21 59
3 96
21 92
23 61
12 10
19 54
16 1
25 24
0 86
25 68
25 64
0 68
6 61
18 96
21 20
12 51
12 54
3 34
22 9
30 5
16 66
23 43
5 77
27 96
19 4
30 91
20 99
27 34
9 49
20 81
19 17
0 76
15 46
15 16
5 64
26 31
19 99
8 58
22 88
7 14
12 75
9 74
9 58
20 35
18 94
1 22
22 41
8 79
3 8
2 67
24 74
27 10
25 23
9 60
14 40
26 40
15 4
5 62
9 49
18 38
16 82
6 56
8 84
8 58
25 95
18 44
10 76
13 12
2 48
27 15
22 14
12 68
9 13
5 66
30 26
26 12
5 100
2 73
26 4
10 80
28 15
20 96
16 24
29 38
5 16
30 62
8 63
12 3
4 22
17 76
14 10
5 39
8 57
21 87
30 91
16 43
22 12
24 29
16 5
21 50
1 79
27 28
28 24
22 99
19 60
24 38
2 55
17 39
3 44
21 3
24 94
3 97
16 56
19 30
18 9
22 34
17 29
10 48
29 66
3 1
22 99
5 42
25 54
13 30
17 92
16 46
21 61
30 71
17 79
7 51
1 14
8 54
1 88
22 94
29 80
28 66
17 50
6 30
10 41
20 89
26 93
12 18
19 75
12 59
7 6
10 9
7 51
26 58
28 50
28 7
30 54
24 14
7 54
10 38
23 39
13 100
1 90
7 44
0 48
21 28
19 95
0 75
19 23
26 74
30 34
12 46
29 90
9 56
7 43
26 52
24 43
29 98
21 20
3 72
30 95
3 42
15 57
5 19
25 55
27 31
0 33
27 78
3 96
19 61
4 51
28 30
5 6
13 5
11 23
3 73
24 71
2 97
21 85
30 46
19 32
10 85
3 7
22 77
3 96
12 33
28 77
2 6
1 77
4 14
12 17
15 18
22 42
15 61
17 13
23 6
23 67
6 66
18 16
5 100
24 89
24 99
0 76
30 35
30 83
2 84
20 93
23 18
25 65
9 93
5 91
10 24
2 44
22 83
14 6
26 62
26 5
3 23
9 62
2 30
5 81
8 91
22 61
24 42
18 59
20 12
11 78
20 76
22 23
27 2
7 21
14 87
26 72
21 12
23 83
29 20
8 18
25 6
25 49
3 77
8 85
20 46
9 27
13 54
19 89
5 70
23 38
14 91
14 16
0 25
26 99
3 24
21 29
14 66
6 46
4 89
3 28
25 92
0 65
15 9
23 80
13 80
6 37
25 1
1 23
14 63
17 17
2 86
1 25
20 92
19 30
23 70
12 3
15 42
24 92
29 2
18 22
30 27
23 71
9 78
3 69
