800
11 25
27 100
16 73
22 89
23 94
12 23
22 9
14 78
19 86
28 92
2 67
28 83
21 71
1 70
10 77
23 76
17 44
15 52
7 29
16 79
14 58
18 6
28 48
25 76
22 63
15 22
14 45
19 21
11 88
27 53
15 100
5 46
15 63
6 41
15 23
30 1
0 51
20 77
13 83
16 97
0 17
24 34
6 23
29 87
14 76
0 4
25 28
10 15
4 3
28 30
24 7
2 42
3 60
20 42
14 30
12 61
30 54
3 65
5 33
23 58
23 13
6 40
10 95
4 3
15 17
11 31
13 100
12 69
27 23
16 38
21 50
24 73
23 29
22 11
7 81
21 19
10 29
16 31
21 50
17 1
12 100
13 79
19 50
11 49
18 59
8 82
25 27
9 95
29 99
12 1
7 91
10 62
10 16
25 92
3 10
4 61
1 75
5 20
10 53
20 72
22 44
17 25
30 29
2 71
28 23
7 16
5 98
20 81
4 85
14 84
16 57
9 83
17 41
28 19
15 75
7 23
21 40
1 23
12 38
16 94
16 11
10 70
30 87
7 36
5 29
18 73
29 79
9 78
10 12
12 17
25 94
10 33
10 10
14 100
1 1
10 96
10 52
15 32
18 29
13 89
14 4
14 9
2 99
29 2
8 96
20 58
5 92
6 10
30 93
12 58
17 65
21 91
5 3
2 17
28 65
7 27
8 82
9 48
7 77
13 85
14 14
24 13
30 42
17 88
3 19
6 3
11 75
4 50
22 74
11 70
7 27
23 54
14 46
28 6
26 91
15 44
8 49
17 64
27 4
12 2
12 45
4 77
14 19
11 75
7 55
21 58
30 92
22 87
11 58
1 4
3 56
1 100
7 52
29 27
18 68
29 59
8 31
15 76
11 57
8 50
16 19
8 39
29 36
21 76
2 88
11 60
23 51
5 6
5 95
1 91
20 80
9 8
9 3
12 37
29 12
21 49
5 13
1 28
9 17
16 38
28 84
16 14
13 15
9 22
0 32
12 25
22 51
28 13
21 33
12 9
3 28
3 88
12 51
14 62
28 94
22 53
13 80
16 36
10 79
20 23
24 99
5 62
15 96
17 92
20 43
4 88
16 96
0 59
9 13
16 40
29 84
24 14
22 69
14 94
10 82
29 47
13 30
14 62
23 19
24 14
20 5
21 20
30 37
30 21
2 18
16 4
26 3
17 92
15 22
21 55
25 19
17 51
30 23
22 42
14 66
2 2
15 2
16 35
23 43
20 17
20 84
18 19
5 57
27 49
28 28
11 4
25 62
28 12
9 8
0 33
6 26
1 39
27 68
27 96
12 26
22 58
16 22
11 69
28 58
24 7
30 74
23 79
3 19
6 94
3 52
14 81
30 47
18 39
10 64
12 20
17 15
21 64
27 59
15 43
25 28
1 48
24 58
14 42
25 45
1 12
20 94
2 85
6 41
6 7
25 22
2 27
17 39
12 51
25 98
28 39
7 27
4 23
5 39
14 53
22 18
25 40
18 7
4 28
8 88
7 63
1 7
25 69
2 15
11 71
19 84
0 20
1 42
18 91
29 37
11 56
0 97
2 31
23 53
17 89
13 35
8 22
18 27
1 34
9 82
5 20
4 89
4 44
15 34
17 1
18 23
19 38
19 16
15 50
12 12
10 86
23 53
18 44
18 95
28 23
9 28
12 8
20 100
30 6
5 32
7 33
30 20
20 86
29 60
21 66
21 54
20 22
4 91
27 100
10 92
3 55
24 80
29 79
13 18
17 30
10 21
24 84
27 10
3 21
5 87
16 58
