800
20 74
26 100
29 43
19 97
30 95
9 69
26 70
9 1
26 86
18 20
5 57
12 40
20 36
20 12
21 37
2 29
26 3
15 54
30 58
5 9
22 70
24 11
5 9
28 44
12 27
30 25
7 2
5 22
24 70
4 71
22 25
13 85
22 75
26 26
19 80
26 64
23 3
21 96
20 9
30 40
25 3
9 17
10 81
5 91
19 2
7 83
24 28
25 100
28 25
15 98
10 47
13 78
2 88
26 34
29 31
7 57
16 61
2 70
3 6
5 27
14 20
4 63
13 17
11 92
7 89
8 39
14 12
14 46
2 6
26 78
25 56
30 6
5 46
27 83
3 4
30 10
2 62
26 74
30 75
5 46
28 76
10 43
21 37
0 75
9 56
6 50
28 67
11 40
29 91
9 98
24 71
17 43
0 7
24 23
20 61
27 50
29 24
14 59
15 2
0 22
18 86
11 90
9 2
12 87
8 84
24 53
2 33
7 6
22 57
16 27
6 46
26 66
4 16
0 61
0 81
18 7
4 88
17 32
5 63
0 79
10 100
2 90
4 56
5 18
27 57
25 80
20 41
14 26
5 26
23 59
18 10
19 17
9 19
12 72
0 44
27 47
9 36
18 26
30 71
14 58
11 16
17 28
24 15
4 17
1 11
14 49
5 91
21 19
1 86
11 91
15 83
16 94
24 39
27 58
26 36
23 26
21 82
23 64
22 2
8 39
16 76
9 15
2 4
0 53
21 68
3 40
13 28
24 36
23 59
8 78
13 63
7 54
29 82
16 24
20 40
18 89
20 96
2 30
24 93
3 39
2 23
11 43
11 21
9 69
3 35
8 59
15 69
29 22
3 94
16 59
16 26
9 52
12 88
11 17
10 33
2 48
17 54
5 3
17 23
18 75
14 88
15 25
7 79
20 68
25 20
19 2
12 5
1 60
15 70
13 91
10 40
21 18
28 42
0 69
0 76
2 22
14 52
21 31
15 37
17 9
9 87
17 45
27 61
5 84
16 77
0 13
1 37
13 94
13 27
29 31
8 92
30 63
10 28
26 23
12 94
11 96
19 39
25 21
22 53
23 64
10 22
9 100
26 45
22 55
19 44
27 65
6 31
19 67
13 86
11 17
15 3
16 50
10 37
30 25
6 14
13 23
6 68
7 59
5 78
12 65
30 37
3 37
29 5
18 20
15 18
26 15
3 2
15 64
18 27
6 64
5 46
0 70
2 82
0 37
23 14
18 63
13 13
7 86
13 15
29 34
1 71
20 45
18 41
13 42
12 83
6 54
28 72
7 40
27 97
23 97
17 32
26 41
29 66
18 34
12 7
3 63
12 84
30 94
4 95
13 6
13 86
7 93
13 58
7 19
23 34
20 88
21 10
30 99
7 44
25 34
4 47
4 65
4 42
30 80
26 64
5 98
5 8
26 66
0 55
22 3
16 41
10 23
27 87
0 60
9 21
22 43
5 46
8 9
23 63
8 60
30 85
25 78
27 30
25 53
3 26
28 36
8 61
10 10
0 80
28 69
13 71
1 44
25 79
30 14
3 93
28 100
11 16
21 3
24 16
7 59
24 92
13 27
21 87
10 58
18 43
28 21
13 78
23 16
14 20
24 70
8 69
19 69
28 29
30 47
7 100
29 90
13 80
25 2
28 27
20 83
26 93
18 27
11 53
3 30
10 13
5 68
26 83
5 64
13 87
5 78
1 83
13 17
10 31
18 36
30 90
23 29
20 58
28 95
2 45
26 79
4 58
6 82
18 60
4 55
21 82
21 9
14 68
13 25
15 78
26 69
