25600
25 18
17 18
9 32
4 64
2 88
14 63
21 68
9 88
1 62
15 73
11 83
18 35
11 1
12 77
27 56
23 39
22 41
16 40
9 99
25 81
19 61
8 69
5 95
13 75
13 39
6 100
9 47
30 90
25 91
16 41
16 96
30 53
4 2
14 61
8 71
13 22
29 36
19 19
24 91
9 20
1 72
1 39
20 40
29 59
1 20
6 6
17 19
27 2
20 15
0 4
25 79
3 15
30 85
0 38
24 63
23 67
16 78
21 100
5 15
21 18
1 22
28 71
27 42
13 43
8 77
1 9
27 90
0 93
16 90
30 13
12 17
26 3
8 31
8 53
20 30
8 38
24 30
18 95
2 76
16 96
3 72
6 68
12 72
4 95
6 44
29 24
19 71
8 27
11 80
27 65
30 37
24 61
4 95
23 31
13 91
28 6
29 91
13 43
23 42
8 12
4 41
13 5
6 63
10 34
2 71
29 68
5 9
20 14
18 24
22 69
20 95
3 10
2 23
7 31
12 27
24 75
20 6
26 61
0 67
26 40
23 13
25 40
13 46
2 63
10 26
30 15
14 37
16 97
18 71
1 67
8 24
17 12
7 98
14 83
25 49
10 13
22 43
12 96
7 43
12 7
26 34
11 7
30 49
18 36
7 69
8 95
21 54
14 89
17 8
29 26
10 53
19 16
29 54
27 53
9 31
23 36
17 97
19 68
1 82
17 62
25 94
4 17
14 80
28 19
8 100
21 63
26 75
12 74
24 30
11 79
1 24
25 87
13 4
19 26
9 9
21 57
30 31
2 9
23 49
7 46
18 61
4 61
25 64
18 87
21 73
8 83
12 8
24 75
22 77
23 12
15 15
13 57
6 61
18 1
29 1
9 71
18 88
7 100
26 83
19 93
1 1
1 6
20 6
11 73
20 8
29 5
19 44
11 28
22 100
14 53
17 44
30 33
18 76
3 70
28 27
1 53
7 97
10 94
23 61
24 71
11 70
2 13
22 3
19 24
15 74
19 16
21 34
9 34
19 79
20 97
25 100
17 79
30 65
12 10
9 15
0 48
22 43
27 54
22 6
19 53
26 25
8 56
28 77
22 98
8 54
17 44
1 5
14 71
14 66
29 82
11 97
29 84
29 57
10 81
6 23
2 69
28 37
10 17
5 7
1 9
27 75
18 9
9 69
18 75
7 43
22 39
21 41
18 87
15 15
20 79
20 80
13 53
22 8
5 84
9 74
16 5
26 36
12 99
22 90
27 9
17 72
8 87
29 86
0 62
15 24
25 12
20 38
15 26
18 53
5 91
9 86
13 89
24 16
19 28
19 97
13 95
20 56
16 68
4 16
26 77
19 18
28 37
3 2
11 45
24 79
1 77
25 84
28 63
9 23
14 53
29 35
7 96
8 36
27 87
8 12
23 23
5 58
8 97
2 89
4 23
0 77
11 50
30 46
1 42
5 38
21 74
16 58
20 10
22 11
29 85
2 96
18 11
25 49
1 3
27 5
24 85
1 65
7 42
28 76
10 47
25 27
24 50
23 20
20 27
27 69
16 89
27 60
2 65
11 90
13 69
7 6
7 25
16 86
23 89
14 57
6 89
12 78
29 10
7 47
11 42
13 65
1 10
4 52
4 25
21 15
29 87
8 33
22 19
29 75
0 34
12 100
23 45
11 79
3 60
26 44
3 44
9 40
4 53
15 59
30 93
18 40
11 73
29 57
25 8
7 93
10 14
3 77
14 86
8 67
12 81
0 59
3 9
16 16
4 49
22 58
3 69
17 71
20 51
30 45
16 8
