25600
20 79
7 22
18 86
3 40
10 29
17 44
17 48
12 39
18 99
21 82
7 17
3 32
18 4
6 67
10 87
21 58
1 97
19 97
4 62
19 10
24 81
28 36
19 14
5 5
12 19
10 44
17 34
13 71
15 85
9 14
24 45
11 3
8 19
21 14
4 50
29 28
23 50
7 31
21 74
21 62
27 43
9 42
18 1
0 92
15 14
7 53
12 87
24 96
0 77
0 95
27 79
1 7
5 6
8 84
21 96
15 56
22 57
24 38
28 78
23 31
3 38
20 44
26 19
21 84
24 81
19 96
9 78
5 34
28 76
18 29
21 23
20 8
5 58
7 69
28 47
23 31
22 85
12 24
17 100
23 95
13 33
2 18
9 85
9 83
24 43
8 81
20 70
29 30
9 94
11 25
17 7
18 43
25 60
22 9
6 30
20 49
8 54
29 89
1 39
16 47
6 32
17 99
17 10
8 49
1 6
23 44
2 2
22 95
17 78
20 82
22 5
2 1
16 98
19 12
1 96
17 35
16 50
1 77
13 85
8 76
10 86
14 66
16 91
24 28
28 65
13 29
9 4
7 22
16 5
6 51
28 29
14 35
2 77
30 56
25 56
3 94
5 99
11 23
25 25
21 87
18 83
13 68
28 8
13 63
7 86
26 7
10 82
14 23
20 26
4 28
12 70
23 82
27 43
0 79
5 3
22 93
0 82
1 54
4 32
30 62
3 67
16 63
2 2
22 25
21 34
23 35
29 94
1 81
18 96
5 29
19 6
17 84
16 29
0 87
17 22
11 84
7 85
30 26
18 3
2 25
17 77
28 47
4 35
21 68
21 34
9 80
7 86
6 16
23 86
28 13
13 15
18 87
5 64
6 57
12 64
9 21
23 62
10 55
21 69
15 88
0 35
13 94
13 82
20 14
5 88
17 91
25 9
4 18
20 94
14 76
24 26
7 9
18 58
1 40
9 21
23 90
30 45
3 71
9 26
17 31
25 94
14 24
23 18
0 65
23 87
25 8
29 20
13 21
9 6
15 29
26 25
23 33
27 37
13 5
3 7
13 75
25 70
26 37
29 28
22 50
20 57
5 72
20 40
0 30
21 92
16 36
30 51
21 50
28 86
19 11
30 71
2 2
26 2
21 42
13 55
16 49
14 20
26 61
30 27
29 21
13 90
6 11
23 76
23 5
18 41
9 91
21 17
13 12
21 74
30 51
23 26
28 31
12 31
23 46
26 4
24 88
29 95
25 4
16 11
4 45
21 35
6 88
24 41
17 32
4 10
3 90
13 7
6 15
19 87
21 66
25 48
1 25
22 35
16 25
30 24
30 1
2 63
18 83
15 32
25 82
16 15
1 38
3 44
25 1
4 27
16 26
9 44
17 24
12 44
18 74
13 51
21 89
18 10
11 96
25 43
2 90
1 49
27 50
23 21
13 82
22 93
20 1
11 30
20 79
14 100
19 70
3 80
14 98
8 34
26 93
7 44
16 6
3 1
28 29
24 42
24 73
12 14
22 91
5 34
5 82
28 24
15 35
14 15
13 46
6 61
18 95
6 95
16 19
1 12
27 41
18 59
7 22
21 83
18 9
0 96
18 83
14 15
8 70
11 88
23 32
28 10
25 11
30 30
0 38
18 13
3 51
16 59
8 100
18 41
0 38
3 47
26 21
4 93
3 83
8 13
30 63
25 46
4 48
1 50
19 2
20 31
28 39
23 86
16 59
2 81
18 39
0 72
13 34
21 47
1 78
5 53
0 73
6 29
21 16
28 20
17 51
8 73
15 23
2 17
19 12
