25600
18 17
12 50
8 32
19 55
7 2
27 82
7 33
17 61
7 20
6 89
30 76
1 49
26 97
10 72
6 5
29 8
23 76
11 23
21 7
8 78
5 97
10 35
15 82
30 55
21 96
22 6
28 80
8 80
10 81
11 67
11 21
29 34
4 30
19 92
21 70
17 98
24 92
8 99
15 94
9 17
4 85
1 16
4 65
26 30
12 56
1 56
9 7
12 98
0 86
23 40
0 60
4 80
1 87
2 54
15 30
15 72
0 28
23 40
4 90
16 96
13 31
27 45
28 74
0 36
22 88
1 41
20 17
21 45
10 46
24 55
17 43
0 66
13 74
19 28
11 13
0 75
0 80
3 54
6 67
8 96
15 23
26 28
2 42
30 34
18 37
29 23
13 70
14 51
13 52
26 67
18 53
6 37
16 32
24 64
10 49
23 15
1 52
25 78
22 92
18 71
18 25
11 87
17 75
10 55
9 33
27 18
22 36
14 35
26 18
10 30
4 90
4 97
21 50
1 47
5 82
29 1
30 9
16 63
13 96
13 46
18 6
2 68
0 4
1 73
27 23
23 21
0 14
17 78
1 53
20 50
11 95
7 85
14 10
5 89
19 1
10 25
27 22
16 13
5 92
28 66
19 30
25 59
18 97
11 96
18 88
29 32
10 75
21 69
3 38
11 73
30 75
13 62
16 70
27 32
2 66
27 10
19 13
28 21
2 58
27 10
3 41
18 94
12 85
3 38
4 4
13 1
28 22
2 64
16 67
5 64
16 74
20 47
2 65
0 55
0 94
21 54
18 2
23 79
21 42
0 46
7 8
3 17
1 60
4 9
8 86
12 98
21 73
21 73
23 98
14 67
20 58
26 16
20 50
30 17
29 27
8 10
12 24
5 8
28 71
23 100
10 41
1 88
26 1
18 63
5 71
7 62
0 11
14 61
9 85
7 32
0 55
8 15
9 72
3 44
22 56
1 23
13 24
26 37
10 17
23 85
11 20
5 81
24 41
22 24
17 3
28 12
5 97
8 70
24 80
17 32
21 37
21 32
11 74
9 64
8 21
18 100
7 86
21 8
7 97
8 35
10 97
25 2
26 18
27 14
5 75
26 31
5 96
27 3
12 64
16 62
27 52
10 52
19 35
7 21
6 56
8 1
18 1
21 30
19 19
23 65
8 36
16 10
4 26
4 81
9 71
29 21
30 5
27 91
15 61
10 10
7 51
0 98
1 43
11 46
18 30
20 81
28 94
11 94
9 71
11 32
7 91
13 38
10 1
20 45
9 28
26 79
7 99
14 37
4 20
23 50
12 28
2 95
4 59
1 84
26 29
17 66
15 49
16 74
16 47
25 1
20 87
29 74
13 6
6 74
24 16
5 64
15 19
12 23
15 73
30 58
20 31
13 61
23 83
13 5
6 99
6 2
3 98
21 12
30 35
13 5
3 1
20 77
13 85
13 82
10 94
19 66
10 17
4 81
2 78
18 53
4 24
12 30
17 85
26 36
24 70
9 19
19 18
28 7
27 3
16 62
14 39
27 5
9 66
6 36
6 49
2 6
13 50
4 52
19 73
0 37
7 81
21 16
17 10
11 75
30 65
4 44
2 1
1 57
19 50
30 95
17 9
16 8
28 77
6 35
6 50
4 36
23 78
8 57
10 28
0 88
11 92
18 55
17 80
25 30
7 26
29 69
24 70
24 34
26 19
19 30
1 82
13 89
4 74
15 69
13 48
8 60
28 68
21 80
13 20
15 89
29 69
22 1
3 99
9 82
5 36
18 54
1 93
11 44
15 56
23 90
