25600
26 84
4 59
17 95
15 54
14 60
22 2
18 39
5 98
9 36
2 80
16 90
25 11
8 33
18 31
25 89
0 84
14 50
2 34
18 95
24 11
13 58
23 100
7 7
5 33
19 65
22 26
8 2
19 7
18 64
10 23
26 59
11 15
29 42
20 91
16 8
13 20
2 29
18 68
19 22
23 39
25 36
29 69
23 67
26 42
16 31
27 88
24 15
26 16
0 23
16 96
15 14
12 59
0 24
14 58
16 37
14 50
23 90
9 53
9 79
0 72
10 86
25 49
4 24
0 80
11 92
4 19
0 2
28 46
11 8
3 42
8 98
6 54
17 49
29 6
8 38
17 99
28 84
13 14
10 48
16 91
21 36
9 76
23 99
18 95
24 59
0 34
25 21
8 91
21 86
21 60
21 60
18 30
16 38
18 32
28 4
24 28
4 47
3 47
16 33
1 20
16 44
28 70
18 32
9 47
17 21
6 67
10 4
26 43
23 50
1 70
2 43
15 75
16 20
27 50
19 29
17 70
30 36
22 13
2 11
17 11
4 82
24 96
26 41
3 6
23 13
11 83
0 12
26 55
9 15
9 4
8 81
19 92
21 31
21 55
4 47
30 83
22 29
0 40
16 91
16 87
17 43
0 88
23 25
9 5
22 42
30 54
9 87
15 94
27 86
16 40
13 85
17 52
12 86
6 90
12 83
12 16
20 43
27 9
12 19
14 39
10 2
10 94
14 90
4 9
12 50
7 21
6 20
23 79
20 53
29 100
18 5
9 16
24 14
17 99
28 66
10 4
30 74
11 24
22 17
14 22
23 70
29 91
11 77
3 64
15 17
0 11
30 59
8 61
27 96
5 58
26 73
13 48
6 82
28 74
30 94
7 49
25 76
11 99
13 90
23 99
19 66
21 98
11 75
4 58
17 37
20 67
27 98
26 8
26 63
10 1
12 9
1 96
16 62
23 14
12 53
30 77
22 15
2 79
18 87
4 61
16 8
8 28
16 88
27 86
5 62
27 22
10 46
17 55
13 33
14 92
11 19
4 56
29 62
0 14
7 28
23 70
12 86
27 29
14 6
27 27
21 45
10 84
3 80
25 27
26 84
25 3
9 99
18 30
7 14
23 64
12 38
17 42
28 52
20 78
13 57
3 95
10 93
7 62
25 81
0 40
29 29
20 58
16 26
13 79
21 26
20 78
15 79
17 30
17 80
23 25
18 61
17 53
26 50
12 92
4 45
1 20
17 63
7 69
17 94
21 86
30 86
10 69
28 76
24 54
23 74
12 23
14 67
28 1
23 47
7 92
2 63
19 63
25 79
8 75
15 52
11 76
9 94
5 36
5 10
30 39
24 12
29 47
7 93
16 84
20 21
10 2
27 38
17 85
25 25
8 90
14 34
17 75
5 52
29 11
16 78
1 25
6 7
0 78
2 39
23 19
4 7
24 9
19 56
20 1
24 93
26 81
0 71
0 95
24 15
22 8
12 33
11 14
9 39
15 33
24 74
16 43
12 15
20 74
9 48
10 82
26 44
20 69
29 89
3 52
21 3
3 11
0 27
11 88
15 64
5 5
1 21
19 66
30 74
19 23
9 11
27 30
1 78
28 8
21 95
14 21
6 59
8 93
26 31
12 47
22 98
30 34
13 22
22 79
21 39
8 8
24 86
22 61
9 81
18 63
2 29
19 3
5 81
18 19
18 90
19 99
29 59
20 28
30 43
15 57
1 42
9 55
11 62
4 32
8 44
1 88
19 65
8 91
4 83
6 71
6 50
12 31
2 86
13 19
2 48
4 25
