25600
17 42
26 5
30 35
8 42
12 98
16 70
20 76
9 38
9 47
30 81
2 38
21 45
0 5
18 74
15 37
19 69
20 62
26 31
7 5
9 45
24 77
9 11
22 81
20 91
9 47
6 4
15 23
1 40
9 91
8 76
26 67
21 33
12 92
15 46
9 10
8 69
13 76
19 60
10 75
10 90
8 44
5 89
10 55
23 15
29 50
22 57
11 17
13 68
16 79
27 18
12 43
30 50
4 65
10 87
12 97
21 48
29 27
10 23
8 54
22 75
10 92
17 67
17 96
16 11
15 5
23 82
4 6
23 67
4 53
16 39
29 28
9 66
12 71
20 14
19 92
27 81
11 28
30 74
17 81
27 95
15 4
14 62
21 15
9 90
23 66
11 56
22 79
2 57
27 45
10 31
18 51
3 70
8 10
8 68
14 64
9 5
3 39
27 80
14 41
8 16
6 80
13 64
5 99
12 19
22 28
26 91
23 54
20 79
8 70
26 77
8 29
18 88
10 81
1 40
11 40
14 39
21 89
29 29
0 18
14 32
21 10
1 97
23 72
25 71
9 14
2 45
10 54
7 85
17 70
0 74
3 14
29 29
9 78
5 4
2 74
14 3
21 65
11 87
20 25
0 16
24 24
3 56
8 17
14 18
11 9
28 83
11 78
2 41
24 34
1 46
24 23
28 51
4 73
30 72
4 88
30 59
5 11
19 84
10 13
19 39
4 54
21 16
0 93
21 87
15 27
12 40
24 9
2 61
21 39
4 81
24 6
16 42
9 40
18 56
2 7
7 36
21 71
0 89
8 51
12 27
5 48
29 3
10 59
16 34
20 7
23 88
1 66
27 59
12 55
20 80
3 73
29 84
30 2
9 90
1 37
16 30
23 100
4 6
8 46
30 84
1 70
8 78
2 63
14 32
7 50
14 47
12 42
2 35
12 70
6 89
29 29
21 50
30 24
19 71
26 91
0 59
9 52
29 93
20 21
17 1
8 26
1 32
22 26
30 66
0 30
11 99
29 47
23 70
26 16
24 69
1 86
26 48
3 46
19 83
15 83
5 48
12 48
23 17
25 55
2 68
2 22
0 79
23 35
12 62
16 29
10 25
14 38
16 26
9 47
7 39
27 83
10 64
5 32
6 10
5 15
12 33
19 75
19 82
19 83
25 53
24 44
24 52
25 21
16 88
5 40
12 62
20 94
28 85
25 40
14 16
27 3
30 11
10 25
22 68
12 65
16 11
29 7
15 4
23 32
6 52
24 23
5 89
30 20
15 69
20 62
1 100
13 68
5 66
9 30
9 53
11 96
14 37
6 72
3 71
5 4
7 84
28 92
12 90
28 37
13 48
16 99
23 84
9 34
17 13
11 43
21 36
7 91
30 68
21 87
1 84
5 55
22 68
28 40
24 61
26 23
30 17
8 16
13 57
13 96
4 26
0 54
12 12
23 68
26 15
19 19
22 17
13 48
21 71
1 4
29 72
20 93
4 91
19 47
30 67
5 31
23 21
6 87
20 19
11 53
18 82
17 96
17 43
30 5
21 62
5 86
21 59
19 49
24 83
3 71
17 67
7 92
0 50
27 97
20 79
19 28
9 35
12 8
0 57
18 52
7 34
11 75
0 86
12 23
2 2
0 92
29 93
24 90
14 28
3 27
14 91
11 74
24 99
12 66
3 96
11 46
9 26
3 76
20 46
14 29
2 74
21 99
13 87
11 93
22 50
29 6
6 20
17 8
17 71
18 39
19 55
26 89
16 65
8 56
0 27
8 19
18 27
12 38
18 67
22 37
15 4
