25600
20 22
12 77
22 74
23 69
27 87
23 70
10 57
27 19
8 69
26 55
2 44
22 35
19 49
12 29
25 27
13 28
14 32
5 46
5 9
15 29
8 50
28 25
13 43
18 27
27 77
10 82
15 40
13 6
21 26
2 31
25 28
24 89
4 47
0 28
26 57
2 13
17 70
6 70
11 98
3 57
11 15
6 35
11 75
30 72
13 27
19 23
11 80
27 38
29 45
14 74
17 12
11 15
7 62
30 10
28 87
12 68
25 95
16 51
7 69
5 78
24 77
12 7
14 74
3 2
5 55
11 2
2 81
15 68
28 64
28 83
21 52
7 59
7 80
17 68
17 1
9 59
29 1
25 50
28 34
22 84
10 54
21 88
12 70
14 42
17 34
14 54
23 17
12 5
23 99
8 87
8 40
11 65
17 2
17 23
20 97
16 18
28 18
20 68
7 48
1 76
21 80
15 28
12 82
27 66
28 21
29 87
25 59
26 62
27 80
14 71
28 71
8 88
23 20
5 2
3 78
0 32
6 14
11 53
18 55
5 48
30 17
23 27
22 99
4 82
20 56
19 40
0 58
8 40
3 23
20 82
0 84
25 20
17 14
15 39
25 99
30 38
20 39
26 76
15 96
25 59
29 8
14 44
3 12
13 9
3 2
28 27
16 32
8 64
16 41
23 47
5 51
3 28
22 74
22 38
17 32
0 59
8 63
9 18
17 71
24 70
12 35
6 23
11 2
24 38
9 47
2 31
30 35
0 46
5 71
22 79
17 69
18 68
1 48
24 8
30 20
0 60
22 75
6 82
29 85
13 77
14 85
28 23
20 61
17 87
6 59
19 2
18 63
7 57
1 33
5 11
21 38
13 66
19 42
29 51
19 17
19 70
23 56
29 57
21 38
22 56
22 20
17 4
29 86
0 3
0 58
7 66
14 10
28 57
8 61
7 21
8 95
26 75
15 65
22 27
20 65
6 88
9 97
13 2
21 99
5 53
9 44
12 36
5 62
18 60
27 57
15 35
28 2
11 100
20 89
3 96
2 93
15 67
18 21
3 70
17 92
30 33
10 62
25 22
22 24
23 39
17 4
26 15
3 40
29 48
9 78
2 10
5 92
1 30
22 77
25 73
18 84
18 94
8 5
1 46
13 95
29 99
0 47
10 5
22 83
7 71
6 66
0 16
20 85
6 74
0 47
25 25
25 2
15 94
13 2
10 24
5 100
23 81
23 38
24 6
1 69
0 42
2 16
1 7
29 57
4 36
2 76
23 81
22 85
3 99
3 42
13 15
14 93
11 67
9 79
21 46
19 76
27 38
6 64
22 28
8 12
4 68
6 18
13 79
22 71
9 5
17 64
30 56
0 26
26 84
28 6
29 87
4 91
2 38
22 9
27 69
25 51
17 78
7 22
17 23
0 20
26 33
5 60
1 10
4 38
1 52
20 39
9 27
18 61
28 32
1 92
16 87
1 29
14 61
25 24
22 35
24 73
6 69
3 90
14 62
1 34
1 68
12 60
17 7
13 98
12 16
4 16
17 93
0 37
1 38
0 64
24 77
11 18
5 97
15 21
1 19
9 19
24 81
25 36
6 87
5 28
4 6
9 73
19 75
1 26
29 53
16 84
1 52
8 48
27 2
10 24
8 37
11 97
4 94
4 92
10 83
11 75
10 60
14 56
14 43
11 43
3 2
2 3
28 80
27 43
6 21
14 6
11 51
4 2
21 25
9 28
22 82
26 98
3 87
24 17
9 21
11 57
5 99
15 65
29 26
8 83
27 36
3 80
22 99
0 21
19 77
