25600
5 70
8 26
10 45
11 56
27 80
10 83
11 43
27 19
18 100
14 76
11 36
24 11
3 94
18 71
6 16
2 46
26 16
7 83
18 17
5 93
26 26
27 6
29 60
2 6
19 65
2 88
17 70
0 3
14 76
27 7
0 42
21 26
30 43
25 23
4 30
17 5
12 89
28 20
19 32
10 25
5 43
2 12
25 54
15 84
4 89
29 46
21 11
11 83
13 10
10 47
25 32
0 6
26 32
8 4
4 45
28 89
25 68
18 57
19 27
23 97
2 22
29 53
27 80
10 58
30 51
18 82
8 6
1 40
7 90
17 1
1 83
7 2
28 28
7 38
3 47
2 45
13 3
5 44
12 9
10 53
10 16
27 68
25 84
24 66
24 25
22 19
20 44
28 71
6 86
4 4
12 37
13 94
11 42
21 56
14 54
29 13
20 84
8 3
18 34
27 60
10 40
20 96
29 70
16 62
13 55
16 73
3 5
1 63
22 54
17 93
12 43
10 51
30 11
2 18
21 48
28 92
9 5
13 90
27 79
20 83
1 60
29 36
18 80
14 93
30 86
26 44
26 29
24 57
12 97
9 69
30 9
0 81
13 36
19 28
19 50
14 3
26 94
30 84
2 20
19 53
18 77
10 15
26 59
19 23
4 53
0 97
4 87
3 16
28 9
20 16
0 31
2 36
4 45
20 90
14 37
20 32
28 16
9 90
12 9
2 92
10 67
19 15
5 90
12 36
19 30
2 45
14 84
14 44
4 45
14 1
9 51
22 28
23 43
6 39
3 1
2 55
0 30
19 67
17 32
14 36
6 62
24 32
13 44
3 50
18 33
16 5
9 87
15 64
18 27
13 66
23 74
16 5
24 81
16 79
17 68
7 28
25 64
5 45
18 60
19 16
20 91
20 55
6 27
2 71
3 60
26 8
1 92
21 49
22 67
8 51
8 61
26 55
15 52
7 52
5 28
13 13
22 51
28 70
6 39
25 31
25 39
22 26
7 80
29 20
23 17
5 34
26 74
5 50
12 79
16 71
4 63
16 49
27 72
17 63
12 9
5 94
29 89
5 35
18 75
25 93
18 42
28 5
24 8
11 89
27 88
23 87
29 63
29 90
29 37
25 76
7 96
9 1
26 79
16 33
10 8
6 37
23 36
11 27
3 20
10 8
1 77
30 64
27 16
3 88
3 71
11 69
8 37
10 28
14 91
2 92
4 36
25 65
0 98
16 26
24 30
21 54
20 59
4 33
27 55
13 74
20 31
19 59
13 33
9 5
25 15
19 98
20 39
5 47
5 32
17 77
6 95
18 75
16 27
9 8
1 43
2 59
17 6
23 49
18 85
20 29
20 37
12 45
15 47
27 35
13 9
22 31
18 6
25 26
10 25
1 26
11 9
24 72
21 2
21 63
26 79
18 56
30 92
6 23
22 96
24 20
2 16
9 79
5 76
15 14
22 83
7 66
17 12
5 90
8 10
10 56
17 78
10 16
24 99
26 76
13 88
5 57
20 3
3 58
12 68
2 3
21 56
17 10
8 51
27 40
25 4
26 91
20 20
14 88
13 94
19 65
12 3
18 50
30 30
26 41
27 15
27 17
16 81
13 46
30 65
17 95
3 73
18 49
18 31
23 11
1 15
25 67
17 68
7 91
29 48
13 78
24 53
30 27
3 77
10 52
12 61
19 25
0 19
6 76
14 45
19 65
26 19
23 46
24 45
18 45
26 63
8 92
22 59
23 92
25 76
30 79
11 69
30 49
0 92
17 100
10 22
21 94
5 74
9 96
2 97
8 92
