25600
12 63
8 38
29 56
30 88
8 46
6 60
13 77
8 29
6 99
10 46
3 26
29 4
22 100
13 60
28 98
25 90
9 78
9 62
27 84
18 24
18 34
10 67
1 23
12 35
23 83
2 74
4 34
16 14
17 10
16 90
26 78
29 12
9 56
28 42
0 78
0 63
22 87
26 87
21 3
5 83
1 34
6 20
20 68
14 47
21 18
20 11
7 21
17 26
25 74
26 4
1 56
9 69
24 92
0 21
22 26
19 94
22 59
9 47
15 77
30 80
23 59
1 50
26 17
3 76
8 28
3 62
6 92
15 73
3 3
1 43
24 60
8 87
3 100
13 3
8 66
11 77
11 31
26 31
30 16
10 97
16 41
6 76
20 90
2 44
13 51
30 23
3 18
25 34
7 84
16 55
19 25
19 56
3 91
23 77
26 57
20 41
15 29
29 73
13 61
14 71
22 67
10 85
25 23
9 24
17 9
18 33
2 58
19 39
9 85
1 88
17 28
27 86
22 96
29 22
16 58
1 20
26 55
20 80
7 84
21 19
7 71
1 33
12 88
25 11
20 40
17 58
9 72
25 97
6 12
15 87
10 98
23 16
3 10
15 49
15 44
26 98
9 78
18 1
11 50
17 92
16 33
16 2
30 31
2 14
5 7
28 14
19 49
21 4
29 15
18 49
11 7
20 33
21 84
2 46
22 90
18 9
11 75
1 23
15 58
0 51
10 4
21 35
4 12
23 65
16 11
25 9
14 68
20 35
6 35
17 95
4 25
22 9
5 87
9 96
13 57
21 17
25 50
26 36
15 36
0 96
22 90
26 46
12 3
1 93
10 63
28 33
28 98
29 21
10 32
13 89
10 30
1 83
7 19
14 85
14 100
4 26
22 58
25 18
28 80
21 32
7 50
15 98
12 68
15 66
30 45
30 100
14 36
30 9
19 28
7 79
6 52
3 67
1 66
10 32
4 44
5 12
24 85
0 86
0 63
2 53
29 74
24 86
28 82
4 49
22 86
0 11
25 43
16 80
11 7
20 20
26 15
1 42
18 59
18 65
4 70
20 26
25 60
3 24
25 31
7 98
28 16
9 48
17 62
17 11
13 16
9 12
12 66
4 100
25 76
0 65
19 94
8 82
0 45
3 7
26 50
10 45
30 93
15 42
15 88
10 43
2 3
19 96
30 33
26 14
22 88
21 33
22 65
18 83
26 96
20 42
3 71
26 6
0 50
12 50
0 55
2 11
4 52
7 92
4 54
22 10
20 8
7 20
0 100
3 78
9 80
29 78
15 12
11 94
20 12
28 97
30 93
22 9
24 56
18 48
21 36
28 89
17 86
26 75
16 52
30 14
26 95
30 12
22 46
28 91
24 54
29 69
17 10
8 96
26 89
16 47
23 51
11 9
13 7
10 87
9 87
28 80
0 55
24 60
24 83
16 56
4 66
18 51
25 82
2 40
5 30
14 85
22 88
21 28
1 8
26 12
17 80
13 78
7 30
22 50
23 42
1 16
23 51
29 61
17 45
28 67
18 94
10 31
2 92
29 68
15 19
10 90
7 89
22 42
2 22
27 74
12 3
4 87
20 86
1 8
23 98
22 63
4 89
2 48
10 1
29 38
3 81
3 82
0 12
2 60
30 81
16 38
20 71
24 17
28 23
25 42
7 98
18 85
7 82
22 16
29 28
28 76
0 56
13 68
3 1
2 51
20 63
5 50
17 10
19 61
1 2
12 99
21 30
0 50
12 39
25 70
17 42
26 18
15 17
30 81
13 7
12 43
13 41
1 69
1 23
25 84
