25600
19 66
7 82
14 92
29 12
22 36
16 16
17 54
29 29
27 14
27 46
29 19
12 53
18 2
17 94
18 99
18 73
18 80
24 75
2 50
4 28
29 31
12 19
27 33
28 16
19 65
20 23
22 41
27 31
6 1
26 23
12 40
23 2
11 68
1 97
16 15
1 96
1 26
30 28
25 60
0 43
1 100
29 42
2 60
8 71
2 52
21 63
30 41
25 51
5 16
10 31
23 75
0 75
4 78
23 75
20 44
28 18
20 100
16 44
25 98
6 39
7 31
17 30
8 57
22 73
28 95
9 56
5 3
10 8
9 85
27 1
18 35
6 47
17 17
23 3
11 47
18 10
26 44
1 33
13 100
27 54
16 47
30 22
12 35
4 59
5 10
13 2
25 18
10 89
7 46
0 70
12 41
24 55
17 58
3 5
16 5
15 75
23 20
10 25
12 63
25 92
6 69
15 17
3 66
16 13
7 12
3 69
9 79
4 76
15 41
29 30
8 17
3 25
7 75
26 66
15 77
22 72
22 3
0 39
13 91
23 85
17 81
19 3
14 60
4 4
22 64
28 55
17 85
11 59
0 53
20 67
4 2
26 15
29 60
6 18
15 67
3 31
7 74
3 28
19 11
6 63
6 34
13 29
15 31
2 70
29 37
27 42
20 81
15 26
17 65
4 96
10 6
22 2
18 76
2 57
26 79
20 12
17 42
12 81
5 48
17 50
10 17
18 66
2 27
16 39
6 29
17 38
28 54
27 13
0 69
19 94
25 65
4 4
25 22
26 43
25 35
13 45
0 53
29 63
1 84
7 17
16 14
19 61
11 59
2 100
2 84
3 73
21 11
14 54
1 97
24 31
25 97
3 17
25 47
23 27
26 82
2 20
29 80
22 59
7 25
16 75
27 44
25 84
4 57
23 81
19 56
27 82
27 94
1 74
2 7
6 9
21 6
6 33
24 39
29 12
6 20
8 33
9 26
22 40
28 77
29 65
11 46
14 81
15 5
23 45
25 96
16 62
4 20
3 52
2 63
29 30
7 48
21 36
22 100
22 93
9 25
12 55
28 65
13 77
27 27
15 28
5 20
11 25
17 59
18 75
12 99
19 82
2 57
2 88
22 1
6 71
23 28
25 7
19 18
6 32
12 10
15 67
1 24
30 83
19 55
17 61
5 47
11 100
30 31
25 72
26 24
14 74
15 96
27 41
8 35
15 48
21 56
18 84
7 78
21 59
20 99
9 21
3 24
29 51
20 90
29 89
6 6
2 35
25 35
17 95
15 43
8 68
3 64
27 54
26 72
27 16
19 86
22 50
14 83
29 54
3 35
30 42
3 72
7 49
25 93
18 23
10 57
4 13
15 54
5 17
1 14
26 23
1 31
5 69
13 39
9 65
5 5
8 29
8 67
30 93
0 3
1 46
22 84
18 66
8 53
9 13
12 12
27 86
12 30
3 14
14 84
28 76
19 80
2 38
28 96
13 84
9 96
4 75
13 91
30 20
17 51
15 39
3 28
12 25
23 1
9 72
23 79
2 41
15 32
27 31
20 98
22 57
27 69
3 10
20 74
28 73
0 98
11 89
12 82
30 2
5 85
5 43
8 41
10 58
7 26
5 70
8 11
30 33
28 50
15 12
22 80
30 93
19 60
9 2
4 42
7 97
18 39
15 87
1 13
30 60
30 90
11 81
23 97
25 77
9 71
1 62
20 41
22 49
14 72
14 53
1 100
20 3
17 28
14 62
3 56
19 84
17 30
21 62
17 58
16 86
3 64
9 55
15 99
28 36
25 27
15 74
