25600
10 99
5 42
8 35
24 26
27 28
29 3
3 21
11 52
1 78
8 46
6 18
3 71
17 65
23 47
15 45
6 35
23 29
5 53
9 81
15 7
18 19
26 31
17 54
7 21
10 35
19 88
6 34
17 38
26 58
24 76
21 85
5 57
4 16
29 79
10 77
28 99
26 7
25 28
21 62
0 20
26 42
29 80
23 72
13 7
29 29
29 31
7 36
7 18
5 16
21 10
23 17
17 1
2 2
22 11
17 68
25 62
25 14
0 97
28 49
30 44
10 85
28 16
20 83
16 45
16 82
11 55
0 92
10 79
10 94
27 72
13 76
5 1
6 17
13 85
18 28
13 43
27 28
23 35
2 1
24 99
11 44
10 55
29 18
19 30
10 39
19 100
25 95
5 71
27 32
19 86
16 65
9 21
1 3
22 37
27 61
22 91
8 37
2 11
0 82
12 48
21 60
28 35
14 23
29 83
25 59
13 52
29 56
9 33
29 78
9 9
29 69
21 33
17 26
21 43
23 93
15 72
18 4
21 97
2 80
16 9
24 56
12 75
16 100
14 22
13 66
26 29
22 63
0 59
8 94
4 71
19 85
22 58
14 74
1 42
14 81
16 27
29 3
22 2
28 56
10 63
11 84
1 32
8 16
6 44
10 3
2 85
25 35
7 88
28 34
21 94
15 82
22 26
26 32
16 30
8 50
28 90
20 46
18 11
19 26
14 56
2 70
4 9
19 63
12 80
4 8
17 86
9 32
8 77
10 83
30 27
22 66
14 61
3 50
15 37
2 20
16 27
7 73
21 92
10 16
12 91
13 61
3 38
22 76
17 39
15 93
21 43
19 85
24 1
19 77
0 21
9 9
27 95
5 36
5 66
9 20
19 6
11 25
10 58
9 23
23 1
5 29
5 89
15 65
17 12
13 52
9 3
15 40
9 71
11 73
14 73
1 88
10 26
9 7
26 3
13 78
30 39
30 99
26 83
28 28
15 25
11 4
27 57
9 22
25 71
18 5
1 74
27 76
18 33
6 34
3 75
22 58
10 69
15 49
29 19
24 87
15 53
19 17
24 47
18 10
26 47
14 71
2 35
0 19
29 73
17 96
21 51
16 51
18 29
7 91
27 91
1 86
2 72
18 40
19 47
8 75
12 43
7 70
1 54
10 38
9 88
19 93
21 83
27 37
17 12
13 84
29 68
15 29
27 28
14 87
28 11
22 77
5 64
6 84
10 32
15 92
10 43
9 96
28 43
14 46
1 20
28 86
27 58
22 94
0 11
29 96
29 63
27 87
17 26
22 75
20 11
20 5
23 98
3 46
0 67
30 25
2 93
24 73
3 53
19 32
0 81
10 65
8 2
21 29
20 88
24 46
19 7
18 53
9 59
6 34
20 52
12 98
19 37
1 73
28 44
21 9
4 32
1 20
21 75
23 49
6 31
21 61
23 49
8 34
29 67
21 81
6 76
29 36
21 43
27 85
22 8
15 91
29 90
21 98
25 93
1 97
6 46
21 55
18 79
27 50
2 58
4 8
28 84
21 60
27 5
13 48
25 91
2 58
8 59
17 15
20 74
6 52
1 15
16 59
6 64
9 62
26 21
28 68
14 96
23 23
28 19
25 22
4 77
14 38
6 21
1 56
28 89
30 51
24 51
8 87
19 35
8 38
8 77
11 62
2 31
12 15
5 28
10 40
5 51
19 55
25 87
7 57
6 94
13 30
25 64
10 86
8 9
21 50
28 44
30 92
14 40
14 90
17 73
27 67
1 34
13 61
14 65
6 30
15 36
7 15
29 88
