25600
20 32
14 25
9 48
0 95
11 88
10 51
23 6
20 78
19 51
19 65
2 60
3 51
20 89
30 27
15 43
1 73
28 14
2 24
27 4
27 70
13 47
23 99
22 89
25 7
27 9
25 92
12 7
14 11
25 21
24 86
11 28
6 88
28 20
8 99
25 15
6 20
29 51
0 57
21 32
22 96
28 51
9 60
19 70
7 22
21 82
9 89
19 11
23 89
21 15
28 13
15 36
1 46
19 100
8 88
18 62
15 74
12 28
12 96
29 17
21 65
23 90
1 26
1 25
2 62
9 77
5 17
12 17
13 31
30 97
3 6
0 41
8 42
26 31
21 4
29 39
26 27
4 14
21 51
20 1
6 65
8 55
6 20
12 10
7 69
18 79
23 66
19 56
7 24
16 72
7 17
3 67
15 34
29 96
13 18
25 49
14 85
3 29
7 54
30 10
9 95
24 17
16 44
10 20
27 76
4 59
20 56
11 95
20 45
17 1
13 65
1 22
0 22
22 86
21 38
0 59
17 12
1 62
0 78
26 84
2 13
10 31
22 20
10 26
28 98
27 54
25 94
8 98
26 97
17 7
5 2
5 3
14 98
4 73
23 39
11 60
18 78
10 40
25 48
15 90
24 49
20 77
22 82
14 20
24 100
23 4
12 67
10 67
6 64
25 48
13 92
5 86
21 98
6 96
20 13
14 35
6 17
30 28
28 64
1 10
29 76
30 80
15 16
0 52
14 31
11 10
5 61
26 84
11 28
26 12
30 74
13 30
9 60
21 61
7 35
20 36
29 100
3 75
16 36
30 26
3 13
24 54
27 33
8 46
20 65
21 67
4 5
26 14
19 65
7 47
13 90
12 51
27 98
9 77
23 43
5 83
21 26
30 73
28 49
19 7
23 59
29 97
21 27
0 89
19 10
27 38
13 10
17 64
16 41
13 93
17 100
29 32
6 79
25 73
6 65
14 77
18 34
0 10
9 12
3 32
16 8
26 90
18 100
6 89
4 85
9 45
11 21
10 36
6 22
3 18
19 98
16 17
17 56
8 61
17 62
14 84
2 92
22 73
10 98
14 10
5 68
18 99
12 12
4 66
10 64
17 71
3 14
0 49
17 85
29 73
21 77
0 59
20 94
0 48
16 57
7 43
8 64
10 8
9 99
5 91
17 14
26 39
9 29
17 96
27 80
11 51
17 2
30 16
1 2
14 65
2 15
6 12
6 74
16 54
8 71
9 98
5 54
1 15
10 62
27 81
1 66
27 36
18 35
1 22
7 9
19 84
6 51
17 1
22 100
18 4
20 13
24 79
13 86
13 41
12 13
14 5
30 29
12 37
2 36
26 27
28 53
3 96
12 38
23 85
5 54
4 80
16 8
21 66
3 61
13 13
29 49
27 32
16 19
11 78
0 43
8 77
15 36
14 33
27 28
21 57
23 85
14 96
29 66
23 34
0 39
11 31
30 38
5 88
30 28
30 91
10 15
28 61
24 9
18 77
19 48
24 85
16 57
6 32
20 68
23 62
13 97
28 91
20 24
24 54
13 81
22 1
4 89
2 23
3 94
11 82
8 16
27 83
9 68
22 6
28 43
10 67
8 3
24 88
24 14
0 98
8 28
19 63
10 12
26 9
15 31
4 54
27 83
11 64
5 25
9 46
4 29
10 59
15 1
4 50
12 83
4 59
17 64
26 66
13 87
16 16
10 10
15 78
22 68
14 55
8 75
27 7
29 65
20 31
14 60
20 69
21 66
24 40
14 71
20 54
30 78
27 46
0 34
24 23
4 68
21 10
7 91
