25600
17 24
12 51
9 74
21 27
30 57
25 4
16 44
6 66
9 53
8 57
19 65
2 81
19 88
30 39
30 25
3 76
21 8
15 44
20 59
25 77
12 18
21 5
11 15
2 28
0 14
12 15
22 18
24 94
24 68
5 19
25 25
12 35
17 39
15 4
25 49
18 26
1 23
23 17
10 93
5 72
2 27
6 42
11 32
23 91
2 68
4 48
20 79
30 7
11 22
12 24
16 81
6 77
21 58
10 47
9 95
28 76
5 100
3 90
0 73
14 8
29 52
15 35
14 15
9 75
19 23
17 56
0 5
25 89
25 58
13 96
8 43
0 17
18 73
0 37
16 63
7 87
17 91
22 94
12 35
10 72
27 4
20 89
4 60
8 15
3 48
12 44
30 69
15 98
15 15
24 49
10 8
25 69
9 34
6 7
7 13
1 47
16 66
20 92
17 76
20 29
16 46
30 24
13 32
14 86
23 57
30 99
20 64
11 1
1 11
3 11
7 41
9 30
26 67
1 59
0 32
23 47
1 49
16 30
9 73
24 42
18 16
7 70
9 54
10 23
29 65
17 41
6 57
14 41
24 23
27 33
6 32
7 44
7 32
21 12
6 89
21 76
8 62
22 24
2 40
2 37
22 34
1 19
13 69
21 25
28 86
13 28
1 22
15 82
14 55
10 40
14 1
26 12
26 5
10 57
8 8
2 83
2 23
3 54
25 54
4 17
12 88
19 30
29 9
19 11
18 74
29 78
23 55
29 56
26 40
21 97
30 57
12 84
18 96
14 64
18 65
1 67
24 80
20 44
28 10
10 60
4 13
13 58
23 67
8 40
24 81
29 57
0 99
15 60
12 78
16 30
15 19
3 73
20 100
9 47
3 84
14 1
18 24
9 21
4 6
12 66
28 49
8 25
26 39
24 28
30 26
27 86
28 42
16 21
10 12
11 10
24 85
12 50
17 78
14 53
6 57
21 12
0 77
3 97
6 99
22 6
9 88
3 33
15 30
27 61
0 64
24 91
26 37
22 19
12 17
12 45
20 15
30 34
12 63
12 37
25 33
1 80
1 82
26 70
12 90
2 97
14 50
16 57
14 23
12 7
29 39
22 61
6 59
2 20
11 48
24 39
29 61
21 59
12 21
14 57
14 70
25 55
9 63
13 38
14 56
21 94
14 98
4 74
28 47
19 3
30 63
22 55
7 15
24 12
4 14
12 88
29 51
0 48
26 39
11 15
8 17
19 30
10 87
6 39
28 80
27 30
11 66
5 55
8 49
1 86
17 74
19 17
14 79
19 53
28 77
28 15
9 44
4 15
27 18
21 71
13 66
3 1
2 7
26 58
5 81
10 16
11 79
10 67
18 3
28 47
25 63
19 10
27 36
0 76
8 44
23 59
2 72
17 17
17 17
8 17
30 90
12 12
17 36
24 70
0 36
15 72
11 62
4 38
11 29
9 10
23 23
7 54
1 64
30 17
28 82
1 65
8 30
3 7
7 80
1 80
2 54
15 83
15 87
19 51
13 10
12 51
6 55
10 33
11 54
0 54
17 9
16 2
29 45
17 32
18 60
16 59
3 46
13 9
2 65
24 23
11 88
0 55
2 86
28 9
3 46
5 36
30 59
22 15
27 50
6 98
2 55
30 9
14 52
13 28
3 48
15 60
17 46
16 6
13 68
12 91
8 42
8 83
24 42
0 33
18 52
29 1
7 52
21 53
8 70
1 4
7 8
21 54
11 30
4 76
26 28
28 8
29 86
13 95
2 70
23 65
6 74
12 31
10 82
20 15
1 54
13 78
