25600
2 6
23 27
1 48
20 41
10 51
19 97
29 54
4 91
15 14
17 71
27 39
10 43
21 64
19 59
2 36
7 64
24 70
13 87
9 68
4 4
26 47
18 47
15 33
20 70
20 17
14 97
23 33
7 5
16 58
19 8
3 33
6 13
30 49
17 48
28 78
4 75
3 31
6 34
22 46
29 60
7 6
7 24
21 80
16 57
28 87
0 97
27 63
12 64
27 88
27 70
16 65
7 47
26 37
8 49
10 18
28 86
30 96
3 40
28 52
22 76
15 4
14 59
23 96
0 19
28 72
3 92
20 34
0 14
24 90
3 96
16 82
19 50
6 16
16 25
3 95
27 83
14 26
6 17
0 67
18 84
20 60
0 47
13 79
17 54
4 54
17 6
1 50
19 51
21 35
16 78
30 41
8 7
27 55
20 66
18 39
4 39
16 80
21 41
10 61
12 63
16 52
12 72
17 15
17 29
9 21
26 22
20 45
18 53
10 88
1 23
3 38
20 86
23 51
12 57
8 56
16 44
22 60
1 24
3 79
26 27
26 90
14 88
30 20
9 74
7 8
13 43
26 73
26 35
26 23
7 62
5 74
6 29
0 14
13 80
27 18
12 39
13 61
28 44
6 45
6 25
9 67
11 28
6 92
21 64
16 94
25 8
20 71
17 92
16 69
24 7
4 40
7 5
23 34
24 32
17 90
0 50
12 80
6 34
24 44
21 64
6 49
22 99
14 42
14 3
0 58
27 6
11 65
2 28
22 68
7 12
23 22
5 45
27 47
8 84
26 86
1 58
17 14
23 68
6 18
10 53
2 40
3 92
26 90
28 18
11 23
20 73
23 64
12 5
15 36
19 5
3 79
18 79
25 84
18 88
30 75
9 27
8 70
2 35
18 62
9 94
7 87
6 95
19 20
24 45
24 59
0 32
9 26
23 53
25 92
12 21
19 51
23 97
23 81
7 18
21 91
7 39
1 72
22 45
15 14
9 36
11 12
14 38
8 66
6 41
1 82
16 31
14 41
25 84
1 5
0 95
7 86
27 1
21 80
6 92
27 63
20 11
0 8
3 37
9 83
6 38
14 29
17 51
24 89
28 99
4 63
5 23
18 7
27 72
0 97
16 9
26 57
14 19
30 59
6 29
24 71
24 4
28 29
22 2
8 47
0 18
5 70
14 94
27 37
17 85
27 38
6 9
23 22
28 38
20 88
6 57
29 3
18 29
21 23
25 95
13 66
0 68
17 49
18 66
4 9
26 55
4 97
11 73
12 15
14 83
21 2
11 46
9 72
25 56
14 15
5 17
10 78
3 61
25 96
28 63
12 4
25 33
12 69
11 16
7 1
21 32
12 58
8 31
28 69
13 16
17 53
2 47
30 65
22 11
20 84
1 41
14 99
5 66
21 50
27 8
18 69
6 11
7 86
28 48
25 31
17 100
13 40
26 55
29 98
26 52
10 5
4 91
16 23
11 87
16 21
20 39
28 33
25 86
29 94
4 64
30 76
24 35
7 65
17 59
1 29
28 62
13 69
8 52
17 60
8 31
5 40
28 28
2 98
20 29
18 80
16 1
26 86
14 90
22 33
27 95
4 64
6 23
17 4
10 29
7 46
24 4
23 38
25 10
25 59
24 90
26 90
23 95
27 63
18 5
5 100
30 18
25 45
24 24
6 17
12 100
30 87
11 20
14 58
22 13
14 57
14 44
2 9
14 74
26 24
7 44
24 26
22 87
20 68
0 79
15 98
17 12
26 76
3 72
9 62
7 69
0 12
6 91
30 97
10 81
26 67
1 85
