25600
13 4
9 5
0 93
0 46
22 62
22 30
8 86
14 57
4 77
9 48
12 65
13 19
5 80
3 71
2 56
15 43
10 46
27 12
3 68
25 72
9 91
23 19
23 99
9 27
24 28
30 27
3 73
29 36
8 40
22 19
16 7
3 52
13 50
30 95
23 36
16 54
8 78
19 69
23 88
21 34
29 3
29 2
7 42
13 12
3 11
20 12
7 89
13 46
1 16
14 80
29 21
11 13
30 6
6 32
26 12
19 86
19 51
10 16
19 69
19 20
3 1
25 74
16 42
30 28
30 81
1 45
26 1
1 25
6 33
17 89
21 52
27 81
26 15
4 60
12 40
12 52
17 30
2 33
5 40
27 2
28 8
21 12
4 26
0 62
12 3
26 56
18 54
13 87
10 75
30 73
28 12
5 31
29 37
5 77
11 60
7 41
27 66
4 11
13 76
13 14
17 14
22 33
27 25
22 7
9 39
0 58
10 58
24 87
15 94
17 99
18 100
8 94
15 35
9 25
0 22
23 70
19 97
6 5
20 3
17 43
23 81
23 80
5 69
9 82
2 70
9 47
17 35
11 39
13 71
14 3
13 16
0 85
9 37
21 66
29 58
20 97
30 16
23 20
16 71
1 24
14 62
29 76
3 92
25 7
28 76
30 67
7 95
23 15
1 94
0 81
14 82
7 82
15 36
24 29
12 57
16 69
12 98
11 15
4 98
21 85
2 59
11 72
9 7
28 99
17 53
7 37
20 26
15 19
11 47
5 80
19 29
5 58
5 41
12 23
14 28
25 68
3 80
30 52
0 24
17 74
1 92
22 79
7 12
22 1
26 15
16 100
23 43
10 26
2 61
10 66
27 55
25 44
3 88
2 62
0 37
29 46
28 18
13 70
2 12
14 3
4 42
0 29
14 30
15 50
23 22
2 29
5 63
3 63
27 60
2 35
1 92
26 29
16 85
30 94
11 58
7 26
2 42
0 66
26 25
8 77
28 56
23 76
9 1
28 8
3 1
13 86
11 18
22 1
29 84
8 11
29 20
16 83
17 77
14 36
17 40
2 66
10 87
24 46
30 82
16 79
28 76
5 44
2 39
1 79
12 30
15 71
28 85
25 48
23 76
8 48
26 44
8 55
1 37
9 61
14 69
25 56
26 97
25 14
16 50
26 54
14 94
2 18
16 24
19 35
6 54
15 79
22 78
5 41
7 86
29 90
15 79
19 94
3 45
22 11
6 6
15 15
22 56
9 52
8 18
25 74
16 53
29 79
12 52
17 28
5 36
7 48
19 72
26 87
0 8
8 61
26 28
11 88
8 28
2 36
15 16
23 20
10 82
1 23
8 65
6 49
4 6
10 82
12 73
23 73
9 61
4 67
30 41
29 48
4 83
22 10
2 33
20 73
12 62
3 69
29 66
4 56
13 15
14 19
9 34
9 60
28 71
29 80
19 71
3 63
5 73
19 24
21 58
15 68
15 52
5 64
28 88
2 16
24 92
23 43
11 45
30 55
10 6
11 49
24 67
3 31
12 34
4 57
9 54
5 27
11 44
15 37
27 53
20 32
14 49
10 49
13 60
22 89
29 32
14 48
6 77
19 25
15 27
3 12
21 46
2 18
21 17
22 70
27 66
7 91
18 15
30 5
23 37
28 50
28 21
11 100
2 94
5 14
11 55
13 86
9 22
21 59
27 17
6 32
23 93
7 97
18 79
23 32
23 81
10 29
29 22
5 38
7 1
5 16
10 54
0 88
26 72
11 9
19 11
29 79
9 67
11 11
16 98
20 14
13 10
11 50
