25600
21 38
20 100
10 35
22 21
4 58
4 69
24 29
0 59
21 68
16 23
8 14
6 94
23 84
20 18
21 43
28 100
10 10
4 1
25 7
9 93
12 38
12 10
4 70
13 19
7 81
12 32
3 74
19 7
18 26
4 49
7 24
24 97
24 8
1 11
8 81
6 27
0 61
13 70
6 56
9 21
23 49
20 33
14 42
10 88
0 66
15 8
29 70
9 41
27 7
25 12
5 16
22 29
10 12
4 68
29 64
3 57
17 93
26 21
14 30
5 29
22 91
4 67
6 74
1 88
17 45
1 11
18 45
16 27
3 54
3 11
24 76
24 22
19 76
20 5
11 40
10 75
30 2
5 97
27 25
3 73
5 79
29 69
16 12
7 97
12 64
9 89
24 61
14 44
0 26
25 78
1 73
13 28
16 54
7 88
30 33
24 59
13 81
28 51
18 64
14 27
22 94
12 40
4 62
27 44
16 25
24 64
22 45
28 18
17 35
27 77
16 23
0 77
4 39
2 69
30 86
26 77
26 31
6 48
20 5
24 79
0 3
21 98
3 100
21 40
23 68
27 57
13 53
9 21
2 46
26 14
18 32
9 85
12 15
5 45
20 40
29 86
14 45
26 31
27 23
10 28
22 18
6 78
20 63
7 55
11 59
14 79
0 31
8 23
27 33
4 8
21 99
25 100
18 8
24 75
29 92
6 55
19 93
3 55
11 44
29 100
23 22
13 5
23 56
10 77
8 67
14 2
30 88
25 80
30 44
28 41
8 69
16 30
0 90
22 95
7 25
11 41
10 52
2 38
13 9
14 21
26 85
22 81
10 77
23 44
4 91
13 33
15 33
9 68
12 69
22 11
5 17
27 6
24 12
6 13
20 38
18 63
25 77
29 94
16 28
19 30
30 4
0 55
24 77
10 39
28 86
6 17
29 26
14 11
2 33
29 60
6 26
18 24
19 29
13 66
10 99
30 54
9 25
5 35
16 95
10 67
3 34
5 75
12 32
1 83
4 55
9 69
26 77
27 57
23 62
2 1
16 67
5 18
26 49
11 85
26 7
30 19
28 87
26 37
29 93
13 92
23 17
20 64
27 83
1 20
23 30
24 89
26 79
29 67
6 96
27 80
16 63
2 21
5 75
30 87
7 98
20 99
14 56
13 10
26 12
0 12
22 21
11 71
6 60
18 6
27 81
18 36
4 74
15 91
30 29
13 58
22 76
19 57
19 3
27 59
14 91
1 74
8 44
8 64
29 18
6 55
25 85
19 17
8 99
8 22
14 88
4 45
1 48
0 96
14 13
12 68
21 18
21 2
23 5
23 46
9 53
1 90
5 38
10 69
14 75
1 18
21 53
1 28
16 5
1 40
26 28
26 59
20 30
22 41
0 81
2 9
19 62
24 57
28 83
2 68
5 49
13 16
16 9
7 72
11 84
30 35
4 14
26 97
20 52
20 93
16 46
14 58
27 92
11 79
24 37
23 13
14 42
23 24
27 69
7 92
11 86
13 33
27 75
2 44
7 33
16 41
29 94
25 88
28 69
20 21
12 87
25 85
25 27
7 32
20 30
1 25
7 19
13 56
0 82
5 79
26 82
20 67
17 19
12 97
3 22
4 90
30 89
27 64
30 15
23 99
29 21
7 73
3 44
22 61
26 24
12 45
29 86
0 100
3 18
16 86
17 93
30 66
0 11
0 92
29 91
8 83
15 64
30 16
2 6
18 68
3 33
21 76
20 88
10 95
25 90
28 82
11 43
15 26
1 74
28 87
27 35
6 62
29 51
10 58
15 100
29 53
