25600
10 21
25 6
22 94
29 40
18 63
0 52
4 24
27 32
15 8
23 7
0 82
7 35
26 52
2 40
28 53
24 94
27 44
23 98
22 55
14 49
1 6
0 39
5 49
11 92
13 79
18 67
30 77
26 66
26 46
1 25
2 76
20 38
6 32
12 13
4 57
3 63
26 94
9 56
22 73
29 48
0 98
12 11
29 1
1 40
3 63
23 38
14 78
30 16
8 14
0 41
23 69
13 75
13 79
8 42
27 31
0 60
21 12
27 19
26 98
6 90
29 46
12 98
8 21
13 82
12 36
13 10
11 16
20 22
11 50
2 62
13 62
18 32
20 41
24 1
27 30
4 4
2 2
4 62
29 35
10 5
7 80
9 59
17 100
9 4
12 80
5 96
4 10
15 18
28 78
8 83
4 14
8 65
2 2
27 81
1 11
28 51
4 66
22 29
29 87
17 93
3 11
29 4
3 1
17 85
0 49
24 40
9 29
21 68
22 53
21 5
6 17
18 73
0 22
2 21
8 20
20 48
25 94
1 54
20 33
30 53
16 13
7 13
18 89
1 79
19 73
25 45
20 74
1 77
4 51
21 89
27 43
20 24
20 59
0 95
20 53
16 16
11 21
19 70
1 5
28 17
16 61
3 99
3 77
25 37
28 61
28 52
27 18
12 33
19 57
8 65
26 64
26 27
18 89
10 38
18 88
29 5
28 43
21 31
10 13
2 27
26 34
6 63
27 100
8 83
25 83
7 85
2 21
26 50
9 4
1 13
12 48
26 39
7 68
18 39
0 76
6 43
12 64
19 65
5 33
12 49
21 37
4 78
28 56
15 61
3 52
0 20
7 57
26 14
18 9
13 73
26 50
18 35
9 29
8 6
9 58
30 7
16 31
27 80
28 97
4 55
9 67
25 30
6 48
4 68
30 73
8 18
28 79
8 58
10 92
7 71
9 56
29 96
9 35
24 24
9 20
18 83
11 66
7 64
2 57
11 89
11 85
1 33
26 53
3 92
23 76
19 52
15 98
14 22
0 59
29 79
15 62
4 46
18 76
30 37
12 71
17 31
23 19
27 76
10 40
11 12
8 37
27 21
5 94
8 23
25 34
23 50
28 73
26 25
21 24
13 22
28 79
2 52
20 34
16 60
0 83
7 23
7 59
12 51
25 79
25 19
18 85
1 67
24 51
22 28
24 28
7 71
11 38
16 76
13 40
23 50
6 54
14 47
5 96
27 100
28 31
28 69
21 34
16 97
12 19
3 7
25 12
12 40
7 61
13 77
20 82
22 60
16 3
30 34
12 71
29 13
13 77
25 7
2 78
13 80
11 30
19 22
18 14
0 15
11 77
23 11
10 30
3 35
7 40
21 91
3 95
5 26
1 30
30 86
17 62
28 42
1 40
11 33
0 53
28 26
21 33
7 30
8 32
19 16
27 53
25 80
8 85
21 11
19 70
9 34
19 62
9 94
9 37
16 54
15 9
7 80
13 53
7 39
7 35
26 33
11 68
28 46
2 26
2 68
23 75
26 78
1 17
4 83
26 1
20 44
16 88
2 69
27 57
5 70
12 52
4 62
26 36
30 77
8 57
9 98
14 70
5 75
5 67
13 39
7 45
21 81
30 47
0 55
26 26
20 62
6 74
23 21
3 10
4 88
28 25
8 68
29 37
8 18
7 46
26 8
30 86
24 14
17 24
22 1
4 94
17 26
28 55
18 82
18 45
29 77
20 54
3 5
14 88
15 42
0 49
0 29
17 71
5 84
7 57
13 54
20 11
3 42
8 63
15 3
29 99
26 18
