25600
14 7
3 9
20 78
1 29
12 7
1 55
7 28
5 36
17 10
28 100
30 98
0 39
1 50
2 36
1 50
11 99
13 32
14 11
20 15
29 82
7 80
14 18
4 26
5 67
29 8
19 51
24 31
13 77
5 66
30 49
0 25
17 44
2 4
21 97
18 90
30 94
20 81
8 95
6 23
13 45
21 73
0 7
14 21
23 44
10 49
20 93
8 45
12 99
9 2
30 69
1 49
26 72
2 75
19 61
27 67
25 52
29 36
27 45
2 38
23 99
29 79
8 84
14 46
10 57
16 95
30 70
20 73
2 82
21 41
24 37
21 89
30 22
11 55
14 15
2 64
5 34
3 44
12 62
21 58
21 64
17 33
10 17
28 37
11 11
4 69
5 84
30 99
12 29
6 14
23 40
7 50
0 29
21 20
21 81
24 29
21 13
12 41
26 52
22 55
21 86
18 69
3 38
14 65
24 44
1 11
29 37
7 45
2 97
11 16
25 67
0 49
28 6
3 80
12 91
14 41
14 62
6 90
24 40
22 36
11 20
6 67
30 37
7 78
0 48
9 45
26 23
26 69
29 54
15 58
19 33
17 19
20 36
27 23
8 20
3 74
19 52
17 42
24 74
1 35
4 59
21 56
17 60
12 46
12 65
14 83
19 72
25 67
5 62
15 91
3 54
12 61
3 83
7 34
13 62
6 77
23 68
17 33
1 85
5 82
8 99
0 26
22 30
27 57
3 32
18 64
11 4
27 55
13 80
23 57
29 15
23 64
25 63
28 64
12 78
23 54
4 43
22 87
27 58
26 34
2 29
22 95
3 53
10 6
17 83
27 41
25 11
2 44
19 73
0 14
11 60
3 48
29 52
18 44
28 68
20 9
18 70
20 2
16 14
13 51
8 4
5 25
10 19
0 46
2 3
29 91
2 74
26 7
28 23
25 61
11 47
26 47
30 86
3 8
8 45
8 22
12 23
20 51
14 100
14 50
7 25
19 12
16 92
17 88
3 69
16 19
21 14
25 40
18 27
2 35
11 44
20 56
15 19
8 12
29 96
16 70
8 54
27 27
25 93
27 59
20 30
29 60
15 20
4 26
17 42
17 19
24 85
22 17
9 6
26 53
25 21
3 56
30 77
21 100
12 55
26 97
10 52
25 87
29 38
27 45
15 94
30 81
11 37
23 94
21 73
15 36
5 37
10 54
5 91
11 66
10 84
10 32
29 56
26 55
11 15
3 47
26 43
18 42
28 56
9 22
26 84
29 71
1 25
13 53
28 3
0 65
16 61
7 86
19 59
28 89
18 24
3 87
0 57
16 11
16 45
25 90
28 2
11 57
6 98
12 3
27 51
26 47
28 58
29 39
25 83
0 94
19 35
29 15
27 20
12 98
22 6
22 16
29 29
8 5
3 95
1 85
27 45
22 4
30 30
8 22
15 18
5 55
13 68
27 25
6 34
17 16
8 81
15 66
3 50
13 30
13 31
14 81
19 78
5 60
26 75
14 33
21 86
9 40
25 49
10 99
25 73
27 30
26 96
18 10
0 45
16 76
10 80
22 100
28 90
28 41
0 45
7 21
0 71
28 76
10 39
3 65
30 55
16 43
27 36
25 98
25 37
9 44
27 90
2 24
18 57
28 3
30 8
3 46
25 11
21 63
7 11
5 86
27 16
7 47
24 36
9 39
7 39
16 20
12 68
3 80
2 80
11 49
2 52
10 48
11 22
6 68
0 36
1 21
18 10
6 32
24 12
0 3
17 51
9 67
25 19
30 39
15 68
18 92
22 30
7 13
20 87
