25600
30 24
19 83
3 71
22 46
19 59
21 44
7 16
7 94
3 7
3 86
30 95
30 42
19 13
30 29
27 58
1 82
10 15
7 99
12 99
6 54
2 83
12 69
13 7
3 96
2 100
8 1
10 95
0 96
20 40
27 74
13 15
8 99
27 53
22 53
27 52
23 19
16 40
2 35
12 77
27 46
30 13
16 23
12 43
18 15
6 12
22 55
21 4
7 58
2 56
11 60
8 76
23 97
15 29
6 22
17 8
0 53
14 40
18 1
15 11
19 74
28 26
5 57
19 38
10 29
8 98
10 33
2 29
30 68
13 63
27 31
9 14
3 14
24 89
6 23
24 81
25 24
11 74
26 37
26 99
11 41
6 38
29 30
19 47
26 57
24 19
6 86
6 5
21 75
23 20
27 89
13 96
12 13
22 71
5 32
14 89
12 17
5 94
24 29
1 97
1 100
4 48
17 94
5 77
5 79
29 77
27 37
24 26
15 58
20 61
19 10
11 75
28 82
6 45
15 58
0 61
5 38
1 33
8 40
30 20
22 94
12 33
28 72
16 92
13 31
20 36
17 29
25 90
29 79
11 73
2 68
7 63
21 54
9 5
20 83
4 45
26 32
19 83
18 23
7 95
3 14
17 45
28 26
14 21
19 65
16 87
8 13
17 19
6 90
4 55
19 25
18 61
21 90
13 15
4 91
22 33
18 53
7 71
10 93
5 98
5 24
16 34
4 15
4 10
29 59
28 75
25 15
12 84
30 16
8 45
16 87
26 70
25 79
6 25
16 92
11 73
7 83
20 60
28 14
18 44
10 44
25 6
11 82
0 50
2 45
0 26
4 72
12 59
9 62
2 78
21 16
9 59
9 37
13 66
9 2
11 90
10 86
27 15
2 94
8 70
2 49
29 65
0 97
7 71
7 81
12 13
20 42
29 85
17 49
30 70
28 20
29 5
30 91
19 43
4 11
0 58
9 62
0 16
4 52
27 49
12 78
15 49
10 24
6 45
6 4
3 63
18 34
22 64
16 96
5 57
1 15
21 54
10 82
2 62
27 94
3 93
10 29
20 86
10 95
20 70
12 45
29 96
14 39
18 62
17 51
5 77
4 91
16 96
24 41
1 61
2 63
13 73
16 92
5 89
13 31
5 79
25 15
3 46
29 19
8 74
11 77
8 71
5 85
19 99
19 39
2 49
13 41
28 2
25 65
19 19
16 52
18 4
9 30
27 20
13 47
12 29
8 21
18 35
26 49
21 43
19 20
29 80
5 53
21 83
30 87
15 71
4 8
25 2
18 87
0 71
24 86
6 29
5 85
3 39
4 22
27 8
30 100
10 48
29 82
0 67
3 22
18 3
21 75
3 18
8 78
16 61
28 27
0 95
10 93
30 63
9 7
19 66
6 73
21 84
12 84
12 33
5 45
24 40
2 89
13 7
27 100
8 71
11 43
4 31
16 1
7 75
12 69
16 65
8 32
27 30
30 44
6 28
4 71
6 16
19 60
30 62
17 33
11 98
1 50
22 24
22 1
15 83
15 21
29 15
26 85
16 84
28 46
3 63
29 66
4 49
17 34
12 21
25 83
14 72
30 98
25 2
29 10
5 46
6 4
28 17
5 19
4 8
11 51
30 74
21 39
5 55
27 48
30 20
0 72
18 44
11 87
10 47
29 66
12 100
7 36
8 84
15 43
29 31
2 80
26 71
10 58
10 26
1 98
13 100
1 24
4 8
15 40
15 97
28 100
20 11
28 34
24 89
6 19
21 10
24 6
4 18
27 83
4 75
27 12
2 36
25 70
