25600
8 41
14 57
14 93
10 61
9 6
20 71
0 87
13 30
6 85
29 10
25 41
18 74
22 83
12 29
17 44
15 50
25 54
25 17
9 7
7 76
6 96
25 48
17 33
24 1
2 20
18 45
23 63
4 59
0 74
3 66
7 49
8 83
12 31
16 63
15 55
2 4
27 13
24 21
13 54
29 35
25 24
11 11
7 10
19 32
8 83
18 77
10 66
11 85
20 59
2 91
2 46
8 46
26 83
10 46
6 77
12 34
23 98
21 72
28 20
3 54
21 83
25 51
18 78
8 88
20 54
22 94
13 47
15 16
16 91
16 12
11 51
6 76
5 57
24 88
7 42
3 19
15 86
17 8
26 58
7 88
5 73
30 10
23 24
14 32
24 61
19 60
17 44
13 26
13 83
17 51
2 64
13 13
27 100
20 100
25 57
0 86
16 47
20 95
2 17
18 40
14 18
4 16
20 33
0 64
6 80
17 36
13 2
24 20
7 59
17 18
19 48
11 24
23 56
20 33
22 62
13 51
27 61
0 94
18 78
10 8
10 30
11 84
29 47
10 61
5 1
29 9
11 76
11 35
29 41
1 28
0 9
1 2
28 40
24 79
8 91
25 97
28 74
19 37
29 50
17 4
10 46
1 95
27 49
6 51
18 63
9 78
1 61
30 84
26 89
7 72
17 53
23 56
4 42
16 15
25 49
30 32
28 29
27 58
11 12
9 12
0 36
22 29
5 82
2 66
24 48
13 40
15 75
18 11
18 100
30 32
6 78
19 46
27 74
5 46
18 8
11 71
28 37
10 53
17 63
14 79
30 92
2 85
13 77
20 9
16 96
10 40
13 16
21 10
0 100
21 31
15 35
4 53
16 89
3 27
0 82
20 25
14 7
17 93
9 40
15 34
0 83
15 99
8 38
1 59
16 75
25 61
8 46
25 42
8 11
10 96
13 15
19 6
25 34
27 75
26 58
29 11
1 60
6 38
5 99
8 38
28 56
18 41
14 71
16 7
15 92
14 91
15 68
9 33
6 70
19 53
11 59
10 33
22 84
1 28
26 72
1 88
4 21
15 74
21 19
19 63
0 69
23 44
8 79
23 83
18 70
16 16
14 16
13 33
27 54
28 99
12 2
20 99
18 41
22 28
23 58
0 73
0 19
18 1
17 96
20 65
27 64
17 40
8 66
7 53
28 11
29 74
15 7
27 62
28 6
14 32
23 25
13 15
8 56
7 65
3 61
30 85
18 33
0 32
0 90
0 81
30 95
15 95
6 94
25 36
20 41
20 27
11 31
26 40
22 98
1 81
19 78
26 7
1 97
29 92
0 13
19 14
25 27
18 54
1 57
27 8
8 55
16 69
16 33
26 30
21 28
12 43
0 87
19 24
25 21
8 62
18 59
30 63
27 74
4 11
13 73
19 62
2 44
9 29
19 97
2 82
16 11
1 92
6 81
9 17
0 14
19 97
1 46
12 46
3 17
2 96
17 76
5 16
12 90
4 19
9 36
2 96
30 47
19 28
28 37
30 91
5 32
25 88
2 47
2 49
15 18
23 37
26 61
6 5
8 18
5 26
11 6
23 91
25 62
17 97
23 30
11 81
9 80
18 59
14 59
28 94
7 4
13 41
3 14
12 78
26 63
2 45
13 1
29 78
17 59
2 18
25 20
6 64
6 20
11 94
7 2
19 26
13 14
10 62
27 40
3 65
8 72
5 67
28 93
22 96
2 81
0 39
14 34
4 39
4 46
8 86
0 100
15 75
3 92
11 16
0 70
12 14
5 10
26 28
22 5
25 69
