25600
12 78
19 70
17 32
18 100
23 50
25 100
30 64
27 86
8 60
2 13
15 22
13 27
15 62
1 27
15 70
21 8
30 94
26 58
3 57
6 100
24 17
18 97
11 95
6 65
12 32
8 87
14 21
14 75
27 63
17 17
27 63
2 52
26 83
6 37
20 22
3 62
16 90
13 18
9 22
22 95
30 16
1 82
0 56
24 44
23 94
8 30
18 25
19 84
26 43
21 98
22 44
28 78
24 61
21 86
12 100
2 93
18 89
4 42
25 90
28 63
12 93
3 5
1 10
19 32
15 3
10 93
28 28
7 75
14 89
16 24
15 66
2 30
12 76
7 97
27 92
28 2
3 99
30 53
21 18
20 97
28 31
26 7
23 36
29 67
26 81
30 29
24 75
15 83
24 91
25 55
3 28
18 49
26 33
28 41
19 32
0 30
26 82
11 23
13 41
16 90
13 86
17 81
5 98
21 32
23 29
6 84
11 66
2 55
3 70
2 76
0 6
10 99
27 68
2 21
22 79
10 97
17 60
16 60
14 72
21 55
22 35
2 65
28 3
19 51
23 73
13 21
23 45
19 34
20 32
2 26
22 26
30 39
26 69
6 69
22 73
3 59
18 23
2 40
13 68
2 75
2 45
2 40
1 43
6 1
20 60
8 95
1 67
25 63
8 65
16 29
3 84
18 85
20 46
6 8
26 72
0 83
0 15
9 41
14 33
19 60
12 84
15 92
3 2
11 92
20 77
12 85
24 62
19 22
14 78
23 16
1 81
15 71
14 76
0 68
2 71
19 65
26 29
10 35
21 2
24 59
14 27
5 46
8 55
9 63
28 17
13 21
6 51
20 97
23 9
7 70
27 34
8 23
18 13
19 24
18 84
17 92
11 57
11 18
26 48
20 48
8 31
0 69
18 37
6 4
6 64
13 32
5 86
21 17
1 28
4 9
30 30
12 8
12 88
28 32
18 56
7 15
2 2
9 45
19 34
6 38
9 96
24 9
9 38
3 65
8 34
28 54
26 37
23 74
3 53
22 5
26 11
5 90
20 3
19 32
12 1
27 79
0 5
8 49
4 25
15 78
23 45
17 10
15 81
27 38
22 76
4 78
14 16
6 86
16 63
19 45
7 64
15 4
29 17
8 32
10 27
13 1
4 65
3 80
23 11
2 32
11 99
28 51
8 100
28 1
1 79
12 29
30 27
21 94
13 62
13 50
12 84
6 50
26 93
27 57
29 99
29 80
30 80
30 8
2 73
7 54
3 57
20 85
8 66
23 94
3 52
2 69
12 2
29 2
8 58
29 54
17 10
27 56
12 48
16 78
22 7
12 36
13 83
29 80
0 92
25 12
14 24
29 48
9 21
5 65
21 40
9 74
5 6
6 11
24 95
1 79
14 67
13 91
24 95
20 69
19 25
6 41
17 83
22 22
13 47
25 40
18 33
30 95
23 67
17 52
7 17
18 21
2 54
22 49
24 60
25 37
25 82
28 27
7 96
21 44
7 67
17 49
22 16
3 38
6 57
25 40
14 3
6 32
2 94
2 58
6 64
24 12
0 79
26 24
9 20
30 34
20 59
25 57
17 96
11 78
9 75
14 4
20 64
27 42
18 73
28 19
0 99
7 46
2 3
15 17
22 12
10 52
5 58
28 80
5 32
16 41
9 41
1 10
12 38
24 30
23 36
26 2
26 23
6 41
20 54
1 97
23 96
28 96
16 95
10 86
28 7
16 16
5 74
17 48
20 38
5 44
16 95
14 63
9 34
27 90
26 93
9 40
12 25
19 14
10 74
16 29
