6400
4 43
23 96
11 15
5 38
11 90
20 78
12 62
17 100
16 31
20 81
28 83
9 20
8 11
1 65
30 30
28 68
27 67
4 53
18 38
5 89
29 1
11 7
10 15
28 71
28 99
18 71
21 91
14 23
12 83
25 89
16 53
27 69
28 18
29 42
15 40
25 85
10 35
4 32
17 67
24 55
28 7
11 57
20 97
16 13
9 74
29 23
16 93
3 36
12 47
29 96
24 69
15 47
1 55
24 68
22 22
9 25
6 15
30 75
24 100
10 68
12 78
28 50
8 43
25 97
21 85
29 4
17 72
24 65
17 53
11 23
16 8
18 39
28 17
5 34
14 73
2 79
14 58
2 53
18 26
2 37
30 34
21 11
28 32
0 58
23 67
18 43
10 68
23 43
5 76
14 9
5 18
1 85
17 79
1 67
23 33
21 54
5 82
10 57
28 21
28 68
16 29
23 59
18 93
18 8
17 50
10 71
25 51
27 38
3 14
26 48
10 85
22 38
12 28
17 46
9 87
0 71
22 99
5 6
5 11
11 46
17 15
7 10
24 74
16 38
30 27
18 16
3 3
11 4
27 24
23 72
30 90
29 61
13 11
0 80
8 41
4 42
2 20
11 7
27 81
14 30
26 53
10 17
11 2
21 23
22 63
11 78
18 55
17 93
6 84
7 17
5 100
18 29
1 83
17 35
27 87
0 78
13 100
15 54
0 43
14 48
15 92
16 49
0 6
26 44
2 63
11 51
20 21
21 69
14 34
3 35
27 88
21 90
27 21
2 13
28 89
1 59
30 2
17 67
11 85
24 32
21 19
4 56
12 13
2 47
26 16
25 44
13 86
24 18
9 53
16 68
8 2
19 62
20 57
4 44
1 91
7 87
9 27
24 22
23 75
26 64
24 13
24 44
19 37
2 54
23 47
25 45
25 29
26 13
6 54
18 12
29 98
7 65
18 80
17 92
27 49
9 43
14 27
15 76
2 47
4 88
14 38
11 62
6 25
25 59
0 48
22 62
23 51
21 34
0 98
12 22
18 32
11 63
27 25
13 84
12 47
14 50
18 88
18 64
4 2
18 33
7 5
5 59
11 67
2 11
28 65
30 32
7 97
15 100
3 19
22 53
0 2
15 38
19 28
20 51
20 71
5 30
17 96
0 73
22 88
27 43
17 24
20 83
15 25
12 47
23 35
15 9
17 20
6 61
1 87
19 55
28 14
26 1
28 9
14 17
2 22
8 31
27 89
1 89
6 36
25 96
4 40
21 78
28 56
21 18
30 43
24 46
2 88
14 37
1 67
1 76
21 41
10 86
13 100
13 93
5 56
23 52
17 18
18 84
6 36
5 24
22 46
14 46
10 83
9 99
7 40
26 15
9 84
24 56
9 68
28 97
12 1
27 10
24 18
8 43
26 100
5 59
7 22
30 2
13 41
11 84
10 81
17 23
19 83
5 48
3 83
2 38
3 35
30 32
18 70
22 77
0 92
30 86
22 14
16 84
15 4
13 52
30 63
7 100
21 85
19 14
11 72
8 54
3 45
5 91
24 83
29 74
25 81
5 23
30 12
14 62
15 96
29 96
5 74
17 66
15 22
24 17
24 6
27 89
20 25
20 7
21 69
8 96
25 26
19 76
8 73
6 33
19 53
29 25
12 44
18 55
2 82
29 25
18 58
27 38
8 74
16 53
9 94
11 71
4 58
1 70
12 39
3 7
18 44
5 70
30 74
14 68
16 13
3 39
28 2
17 49
17 60
22 67
20 80
24 10
16 6
18 72
27 86
28 2
5 16
27 13
