6400
26 28
28 2
0 77
6 71
26 81
10 67
28 24
1 89
20 88
7 3
24 20
26 52
9 12
15 75
25 29
19 100
25 14
8 63
29 98
6 71
18 60
29 30
20 88
28 18
17 95
21 53
29 79
22 34
24 6
13 31
7 49
17 19
28 81
28 38
2 50
19 85
20 28
25 50
11 87
10 44
9 10
28 77
19 7
23 36
1 77
21 31
7 80
4 89
11 40
28 38
1 11
5 100
15 13
21 9
20 89
28 93
26 5
16 77
5 37
3 70
29 64
5 68
23 74
1 20
13 69
11 2
3 53
2 89
14 92
23 33
28 72
13 77
4 17
2 14
27 28
29 31
28 67
16 9
27 95
24 52
12 27
0 36
5 67
24 84
24 30
18 47
7 79
30 88
12 90
6 95
22 99
24 85
23 9
11 40
25 46
22 41
21 49
15 24
26 59
18 25
23 86
6 35
30 95
12 91
2 100
5 52
5 87
13 38
11 84
2 36
24 15
16 24
17 59
5 13
24 42
21 44
22 99
20 89
5 69
27 67
30 13
28 100
4 69
28 46
17 33
0 58
20 82
14 11
8 81
26 3
26 40
12 42
27 98
13 85
29 70
8 50
26 47
27 6
2 44
27 24
22 52
2 53
22 67
15 63
5 81
13 44
23 1
14 34
28 20
30 71
14 51
24 14
19 66
22 63
16 80
4 64
24 93
1 86
6 19
27 95
13 81
24 34
29 80
15 73
29 74
22 46
14 50
17 24
9 8
26 74
22 37
26 85
12 82
18 64
30 65
15 62
29 23
19 8
2 91
11 62
25 49
25 46
24 42
18 92
28 30
10 41
14 50
1 87
16 16
18 26
8 85
13 76
1 34
26 70
15 28
28 60
15 23
16 54
4 56
13 16
5 82
21 30
20 91
17 90
30 86
17 65
10 49
28 88
16 84
24 84
25 66
28 1
28 8
21 5
9 99
22 17
24 16
4 71
20 27
3 13
16 53
13 60
13 10
5 40
30 28
8 28
23 16
5 18
13 48
25 47
25 3
30 38
19 4
30 9
26 19
14 10
9 94
27 58
16 22
21 54
18 7
10 82
0 6
17 14
21 44
16 74
0 8
6 70
5 11
7 59
2 52
8 44
30 94
11 71
10 65
29 41
29 5
22 8
6 17
24 35
7 79
19 93
14 24
4 21
15 33
0 94
17 59
16 91
27 23
23 68
27 62
25 24
11 99
9 3
30 97
16 69
12 25
28 40
2 20
0 72
19 62
15 87
27 28
18 96
3 16
19 95
9 12
12 80
30 24
4 67
21 3
19 9
2 55
27 47
1 13
28 10
20 82
5 63
6 84
22 11
4 24
27 51
18 77
19 67
10 16
19 50
4 12
20 73
5 62
22 51
22 71
23 25
19 65
13 88
13 95
18 95
6 48
25 74
14 18
21 91
29 28
13 25
4 27
23 13
8 15
0 13
20 7
29 1
5 1
20 75
15 36
29 52
19 15
26 9
3 84
30 91
30 77
30 50
29 68
25 87
29 2
7 95
30 26
7 83
28 92
0 3
19 38
11 36
11 47
7 3
26 89
6 18
10 7
19 26
19 20
0 28
30 99
11 18
3 18
8 81
9 66
29 3
9 86
0 71
25 46
30 3
29 57
19 93
26 39
22 82
20 84
3 26
6 12
13 69
10 50
25 51
13 76
19 48
20 8
4 36
16 84
3 16
20 68
25 96
27 23
17 15
30 2
24 70
22 46
16 40
9 98
24 53
22 69
2 44
4 69
1 60
7 1
25 34
7 81
14 93
