6400
24 16
26 92
10 45
6 30
24 62
11 41
21 75
2 65
9 63
12 93
25 14
26 52
5 91
26 56
6 14
29 81
26 77
15 20
25 15
17 24
14 48
3 98
8 58
8 98
4 29
10 68
25 18
28 72
8 84
23 6
24 26
27 85
15 70
21 87
12 4
14 32
2 83
12 17
11 89
15 97
19 22
14 76
30 4
11 73
29 64
16 38
8 36
9 1
6 7
17 58
22 19
3 50
2 55
21 34
1 98
9 85
18 17
22 86
5 91
8 60
10 28
10 15
25 20
13 33
7 77
29 4
26 100
2 40
25 30
15 51
26 96
24 37
25 77
23 54
22 83
17 5
5 25
4 82
20 58
20 12
22 43
10 27
30 84
12 35
16 87
7 79
22 90
30 59
15 20
5 68
11 29
27 9
27 59
15 76
2 89
23 35
6 94
0 73
7 75
0 25
30 75
22 51
23 53
20 77
15 87
23 19
4 2
16 4
18 71
11 48
13 66
7 57
2 39
27 35
12 56
24 25
25 23
20 73
1 64
1 70
7 55
26 81
19 5
14 9
3 13
29 16
8 90
6 93
27 12
8 94
14 16
1 83
10 74
18 61
13 65
13 21
20 56
13 76
29 40
29 15
26 22
30 64
7 4
12 88
1 5
15 4
13 26
1 71
22 80
1 96
11 14
16 60
2 95
12 81
5 9
0 63
10 15
14 91
2 25
18 97
6 93
9 29
26 43
17 47
20 89
6 53
11 8
4 1
24 29
7 71
8 50
29 37
16 33
1 56
5 38
17 49
13 24
21 57
15 81
13 60
22 14
29 44
29 88
22 92
21 57
23 53
13 23
26 2
29 80
23 93
23 18
24 46
5 66
0 87
17 10
21 2
3 10
9 100
25 4
1 78
16 21
6 53
25 31
20 22
27 10
13 99
1 76
19 20
2 98
2 51
15 6
11 1
9 84
24 33
24 97
8 97
7 74
20 83
25 23
3 94
14 94
16 14
8 33
15 59
16 20
2 27
10 14
25 28
18 62
9 14
0 16
8 36
13 42
19 27
8 30
6 76
22 64
5 13
29 42
25 33
30 75
18 70
1 34
26 56
25 1
28 30
23 20
6 98
6 82
10 100
6 76
29 80
25 39
14 14
11 31
20 8
0 83
27 73
0 30
25 46
7 47
8 58
11 31
8 70
21 28
15 13
20 67
26 61
20 29
21 13
12 84
21 39
24 70
12 36
22 93
13 35
4 77
30 43
0 65
20 49
28 13
0 55
4 57
8 62
12 5
21 55
17 16
4 98
4 79
8 34
23 6
14 34
18 94
25 8
18 85
28 23
11 12
5 15
6 16
22 20
14 72
3 6
20 89
23 9
16 54
9 29
13 17
3 68
9 89
15 86
16 69
26 48
29 31
24 47
23 53
28 28
18 98
17 73
19 97
10 26
3 36
3 18
28 53
2 22
9 38
30 22
20 9
19 96
29 86
8 48
18 100
2 36
2 14
6 98
21 33
15 53
5 5
30 74
1 5
9 12
19 49
5 77
5 21
3 15
25 92
3 46
13 26
10 87
30 6
4 82
0 41
21 46
7 77
10 36
0 32
15 74
14 74
19 82
30 31
17 60
3 83
18 53
21 74
14 39
2 39
10 49
10 87
2 76
21 86
24 66
3 71
11 77
14 87
20 2
20 29
29 96
26 77
25 46
5 99
5 48
17 96
20 65
2 97
14 82
6 58
5 12
13 88
26 4
3 8
16 71
22 89
20 56
8 7
21 20
27 24
14 21
6 90
20 82
19 98
6 41
