6400
15 20
28 79
9 13
14 85
24 6
7 5
28 52
3 71
29 98
13 15
24 53
12 78
23 60
18 30
20 99
3 41
18 9
7 16
20 69
18 81
17 36
10 52
12 24
18 33
28 19
24 86
14 55
8 24
25 93
28 86
28 49
16 42
30 39
30 76
25 4
21 84
6 67
29 14
16 77
30 55
27 37
11 55
5 54
2 67
14 48
9 33
15 17
10 16
4 36
11 42
5 85
18 53
8 80
26 28
21 18
2 27
4 99
4 47
18 66
14 78
13 40
0 57
26 40
25 61
10 79
14 8
19 49
4 18
6 64
10 49
2 33
10 84
0 54
30 18
17 19
6 20
0 76
28 53
23 73
29 11
6 99
4 61
8 64
10 24
27 11
24 74
20 36
26 68
28 67
28 64
29 39
12 40
8 19
30 91
10 58
6 2
3 75
10 51
23 7
22 68
0 17
15 28
11 99
14 58
30 22
20 58
6 37
20 70
27 1
5 68
15 36
17 89
28 25
6 11
17 86
4 66
23 68
19 95
17 100
28 84
4 41
23 77
26 20
11 39
14 36
13 67
0 10
13 67
25 5
3 42
5 8
28 23
25 56
16 39
14 28
18 40
13 53
8 21
14 30
17 52
8 87
15 89
19 20
1 25
11 8
19 32
29 93
4 21
12 23
29 10
19 80
0 22
22 22
1 71
4 48
2 51
14 17
4 23
26 61
9 87
26 60
27 14
20 16
18 71
3 22
26 48
8 18
28 18
18 38
0 90
1 22
6 65
11 70
22 62
28 85
16 83
6 5
11 30
19 73
25 35
26 87
13 54
15 1
10 32
19 62
5 85
1 22
18 18
13 92
0 53
16 35
14 38
14 93
10 41
15 17
30 45
25 75
0 38
29 96
22 59
25 95
19 81
27 65
14 96
18 6
8 29
20 14
0 14
7 18
19 52
29 50
3 77
15 22
21 33
14 45
18 19
0 77
16 48
21 9
12 94
27 78
14 69
21 34
11 14
20 16
4 63
6 71
21 48
19 24
1 82
13 31
28 94
16 57
29 42
30 1
22 28
3 25
9 26
22 16
18 43
21 76
8 73
30 45
23 10
30 7
22 5
0 15
9 67
14 14
23 99
15 70
30 20
13 83
29 95
3 82
27 44
7 87
12 76
29 88
15 7
14 4
13 60
4 8
28 71
9 15
10 52
26 87
8 26
29 56
16 14
11 91
19 20
13 2
4 30
7 65
27 87
20 34
11 70
29 81
5 22
27 34
1 10
3 68
12 58
22 59
1 30
0 68
17 23
4 72
14 41
0 96
28 91
16 11
12 33
30 95
16 97
22 67
30 6
7 65
29 44
15 53
29 50
8 52
5 1
15 57
10 5
26 96
5 21
4 48
3 23
23 6
0 78
26 4
14 64
5 67
23 80
4 44
6 84
9 30
0 74
6 87
18 35
11 57
24 99
18 46
6 88
16 56
8 31
23 60
5 59
29 16
30 60
18 93
13 28
21 12
24 73
11 31
9 84
8 15
1 18
27 62
26 54
26 10
1 63
17 29
4 41
30 7
24 72
20 20
26 83
4 51
13 89
25 38
11 31
18 63
16 95
14 81
15 87
15 60
16 24
29 72
26 28
15 52
15 23
3 74
15 26
9 52
6 40
23 56
17 66
5 17
3 91
16 31
28 66
4 14
11 6
17 20
10 91
16 94
15 72
13 95
27 92
8 91
30 92
28 65
17 52
15 17
5 99
27 16
14 77
24 47
18 96
24 36
4 28
12 65
15 59
25 74
3 3
1 16
9 96
