6400
13 61
27 62
21 43
17 29
20 95
6 39
27 45
6 90
13 8
23 71
28 94
29 9
4 27
9 12
8 81
0 50
2 77
4 30
26 56
22 94
9 70
14 24
30 83
27 95
1 15
22 88
9 32
28 6
30 51
15 21
24 59
28 45
16 26
29 51
28 36
11 6
20 83
11 73
11 41
16 56
5 31
5 74
11 83
11 95
3 1
30 60
2 55
14 73
13 97
24 53
25 87
11 67
30 83
8 59
1 46
12 37
7 9
3 56
4 72
28 67
9 36
8 88
3 33
18 48
13 71
23 8
7 78
14 76
0 40
28 55
29 41
16 20
23 71
27 91
17 14
16 8
21 59
10 46
18 16
5 63
18 37
18 82
2 31
15 31
26 86
27 73
26 58
7 63
15 91
10 76
18 90
8 90
24 33
6 89
12 59
10 50
18 75
17 72
0 85
6 36
6 76
6 24
13 98
3 18
21 80
28 36
10 52
11 26
30 28
2 42
14 26
16 86
22 9
28 86
27 73
4 79
3 69
6 38
27 44
1 80
20 93
24 38
19 66
25 73
25 70
11 31
5 10
13 39
12 65
11 38
27 26
24 90
27 69
19 95
18 26
3 77
5 56
19 99
19 74
17 82
20 2
21 8
12 86
11 13
7 14
0 17
1 17
4 24
1 75
5 11
27 21
8 75
4 8
3 99
23 6
22 84
21 37
13 19
9 49
9 89
18 53
15 6
17 79
0 28
5 37
4 38
30 80
12 10
30 16
19 13
18 5
1 68
26 72
25 44
9 20
7 81
21 91
16 38
23 40
14 58
17 87
17 22
15 8
18 13
27 5
12 75
15 93
21 37
29 26
17 22
15 94
25 94
4 42
27 74
13 39
5 96
30 52
7 27
29 31
8 90
18 51
17 77
23 16
25 11
24 32
11 10
27 51
30 57
21 74
22 45
25 39
0 22
2 22
18 98
0 50
1 94
27 88
12 62
8 64
0 29
12 58
15 42
17 10
19 72
20 68
13 8
30 34
22 62
12 55
17 85
17 66
21 94
12 69
3 17
23 88
6 89
20 43
27 68
1 9
2 47
17 52
25 64
3 46
7 79
25 74
13 68
28 87
16 53
6 2
29 80
12 84
12 49
6 20
22 29
29 8
5 75
25 49
12 44
11 73
9 75
8 16
9 61
29 21
8 63
1 48
13 51
12 68
23 73
7 98
11 27
25 62
21 22
3 96
29 50
9 23
5 30
29 72
8 55
1 18
12 23
25 12
17 47
22 86
15 36
14 21
27 52
18 39
3 3
28 71
19 45
16 47
15 9
7 94
17 87
18 54
5 73
30 68
7 39
22 44
9 16
30 4
17 56
21 39
18 40
6 9
14 82
6 50
8 44
3 26
16 91
17 17
20 74
20 51
8 8
9 44
17 72
15 24
18 48
24 48
22 49
25 23
15 50
14 33
26 62
22 66
25 7
26 53
4 26
21 63
21 82
1 62
22 81
1 31
15 23
13 62
8 24
16 71
21 69
18 5
22 11
11 46
27 55
5 64
28 52
0 54
1 96
17 99
0 24
20 76
8 8
20 55
13 55
22 59
27 43
18 8
11 83
13 33
18 38
8 25
14 79
26 31
10 17
9 2
15 53
11 59
0 65
10 69
10 87
8 19
22 12
21 73
6 82
9 60
28 32
25 99
1 13
21 25
14 86
12 63
12 14
3 18
20 36
10 74
18 76
29 14
1 89
1 31
6 29
16 84
28 50
15 95
20 9
28 84
11 98
25 22
7 45
8 91
21 92
10 77
21 98
