6400
0 72
5 7
17 58
0 50
13 36
3 17
0 83
5 16
7 3
24 25
22 7
3 96
14 85
29 3
16 32
29 7
22 80
26 48
16 76
20 96
12 59
17 71
18 51
21 35
11 53
21 75
9 90
11 30
25 70
24 55
4 64
18 61
3 34
24 46
11 25
26 68
4 42
12 24
29 11
23 56
20 48
24 73
7 57
26 2
2 100
7 47
22 51
2 67
2 14
21 12
2 37
24 10
10 5
22 85
9 36
18 91
29 8
27 24
30 84
15 11
13 47
18 26
30 97
22 66
4 42
6 94
18 72
30 96
1 1
24 53
28 77
27 94
0 39
10 35
7 7
16 20
26 53
21 80
26 37
11 41
8 25
20 12
5 48
3 28
3 86
19 89
18 88
5 29
21 53
1 99
22 47
3 78
30 56
11 70
4 22
2 96
11 85
19 61
5 57
2 38
3 23
8 63
3 72
8 43
21 39
6 43
21 29
22 2
10 45
7 68
3 2
21 43
10 69
18 17
18 33
26 99
6 33
8 52
11 98
7 17
26 38
17 21
21 67
16 12
24 83
18 71
24 17
26 95
4 91
28 90
1 72
24 23
12 24
15 60
11 31
28 23
6 11
27 32
21 77
27 24
13 14
1 77
20 95
0 38
9 63
19 75
11 80
28 94
14 99
21 45
10 67
13 69
13 4
29 82
21 36
15 49
29 21
6 42
0 22
14 52
7 93
27 95
7 36
1 50
20 99
12 59
29 63
6 39
26 64
15 22
28 72
11 94
16 44
4 75
7 37
19 89
25 56
14 76
17 7
9 20
30 73
18 43
7 13
18 95
27 4
17 83
24 77
9 9
15 48
0 46
17 6
26 61
5 70
23 53
20 18
24 48
29 97
16 68
23 80
2 86
4 48
4 69
12 2
26 35
6 43
9 55
3 44
4 77
21 37
29 35
1 98
26 61
22 56
18 86
29 83
18 12
10 83
24 83
24 69
20 93
11 54
20 45
19 98
11 38
13 75
18 49
16 63
5 45
10 86
30 31
0 10
27 59
30 21
12 19
22 17
27 15
4 24
21 37
28 23
24 10
13 5
15 26
11 84
16 59
11 53
1 99
10 93
13 29
19 22
21 23
7 2
2 13
29 55
3 75
14 67
0 41
13 39
30 81
27 18
1 46
26 29
28 75
7 23
12 36
25 33
27 30
2 31
15 4
16 61
8 65
22 27
6 83
30 56
0 23
0 62
25 14
16 66
3 56
4 22
24 34
10 30
12 65
22 85
16 20
13 35
25 76
15 41
0 74
22 73
5 65
9 16
23 78
27 99
23 27
13 82
18 65
13 14
7 85
3 36
10 16
26 22
17 18
25 88
25 28
3 84
8 2
14 78
6 77
15 20
26 88
12 33
3 23
21 97
10 8
13 91
22 23
10 53
23 53
30 37
17 69
10 88
25 36
23 59
27 30
6 100
18 2
4 84
3 31
17 7
2 9
18 26
11 99
5 39
25 57
22 72
1 22
9 78
18 80
15 36
3 68
25 71
14 27
16 62
5 65
22 39
11 60
2 62
18 27
26 9
14 32
17 7
1 26
1 83
18 89
28 47
25 47
20 42
12 8
25 43
24 37
12 49
0 43
20 68
0 100
12 20
12 91
6 86
0 22
4 48
9 47
5 83
9 33
5 56
17 52
12 76
8 64
5 28
20 32
27 95
8 24
29 85
1 37
8 98
26 60
26 44
17 5
8 98
5 69
21 38
20 13
19 5
24 20
4 17
19 84
6 81
7 77
29 63
23 38
26 94
12 93
