6400
25 94
8 34
9 41
30 8
2 16
17 51
14 23
23 43
30 1
29 97
7 33
26 31
29 83
11 71
10 92
9 12
26 75
3 9
17 71
30 15
5 30
9 29
30 32
27 15
4 40
16 36
26 30
15 55
10 77
9 54
28 52
6 32
13 67
14 91
13 23
4 51
19 77
7 87
10 54
15 13
17 11
16 36
0 18
5 33
3 13
28 73
17 34
28 12
27 70
26 16
3 3
30 1
17 85
8 40
14 6
5 63
1 83
11 90
4 75
23 64
25 98
30 97
22 26
5 59
2 67
27 84
22 65
2 48
17 69
20 1
11 50
9 79
3 41
12 25
18 31
10 90
13 52
10 33
7 43
27 7
28 51
7 14
3 8
17 86
16 11
8 20
26 97
29 53
18 88
18 91
15 71
9 90
14 68
23 1
19 7
5 98
29 97
25 45
14 92
5 94
28 26
26 92
11 45
19 87
29 6
28 43
23 75
29 28
24 15
5 25
3 66
16 81
19 37
3 100
23 83
23 18
27 15
15 36
19 48
22 7
18 78
23 31
20 78
22 80
26 29
4 52
24 52
28 25
7 52
14 44
19 87
22 50
11 1
9 98
11 89
7 6
10 10
1 51
2 51
22 60
16 75
13 59
16 85
18 67
15 99
30 1
26 15
1 85
2 75
29 54
16 64
2 30
28 80
4 91
17 14
14 26
21 29
11 7
2 1
19 63
13 81
5 89
14 11
29 60
17 69
26 29
16 40
19 55
13 17
19 40
10 80
25 74
12 64
7 71
16 91
15 96
7 91
14 74
7 25
27 72
10 49
3 100
22 70
17 28
14 6
20 66
17 84
23 22
9 38
12 82
10 48
0 97
5 98
27 16
17 49
30 61
20 72
11 87
1 24
5 2
29 12
25 91
28 32
14 43
12 74
10 2
19 50
2 98
10 100
14 53
5 94
10 55
26 60
20 17
6 63
28 87
25 83
3 75
1 58
12 82
30 19
24 63
2 73
24 23
29 31
17 48
29 95
3 19
13 64
17 29
2 34
5 48
29 81
15 68
19 98
24 18
23 72
28 29
19 41
19 43
10 61
11 67
19 63
26 83
18 11
22 39
18 62
1 39
9 98
1 55
8 53
3 3
27 24
1 4
24 25
16 56
12 59
22 56
9 90
30 78
0 16
12 95
21 19
24 24
25 86
10 45
17 16
14 60
21 66
13 18
29 39
7 42
25 47
9 92
20 39
22 73
25 3
26 48
10 66
27 92
23 39
5 82
20 28
4 80
19 56
5 33
0 16
1 36
23 20
7 77
24 13
17 29
24 15
11 83
18 3
5 94
18 13
27 46
9 87
27 70
9 8
9 43
19 59
0 90
19 68
22 75
1 55
10 98
11 95
4 62
0 78
7 53
19 71
11 10
18 3
21 60
18 78
3 49
9 6
4 100
7 88
16 84
10 49
25 21
29 73
23 28
4 69
1 97
6 85
20 48
30 15
0 25
11 85
9 100
8 27
25 54
4 84
30 66
7 46
26 10
24 99
30 7
9 30
29 73
20 95
3 14
7 94
23 1
2 3
21 95
17 98
7 21
3 59
16 13
8 75
15 77
24 81
3 84
26 14
7 8
3 90
11 39
2 46
30 48
3 20
30 12
19 70
11 28
17 90
27 80
7 87
17 35
1 14
23 8
26 37
7 54
21 89
10 69
15 13
17 66
20 49
7 81
2 91
17 41
29 40
3 7
23 38
19 15
16 55
29 35
3 38
21 22
20 74
27 6
22 68
14 82
17 49
25 10
11 6
9 74
