6400
5 94
17 40
10 47
9 55
15 54
9 30
16 58
30 49
25 65
3 25
12 98
30 35
29 83
25 93
27 21
3 34
24 73
22 94
28 58
24 16
11 24
26 50
25 19
6 12
15 29
19 2
8 50
19 99
1 78
0 68
8 16
23 11
13 46
10 32
28 40
30 86
22 47
25 62
15 27
14 86
6 59
23 30
4 79
17 78
21 37
24 80
7 60
22 41
15 46
8 2
5 65
27 100
2 58
4 19
26 72
24 50
30 60
29 17
1 47
0 1
21 9
1 45
9 71
5 99
9 31
8 76
24 1
3 79
1 51
25 77
8 71
6 83
4 24
14 52
11 28
23 84
20 13
12 99
17 69
13 69
6 1
7 40
24 72
5 55
30 23
20 30
5 59
29 28
20 43
30 69
24 33
11 59
6 12
4 69
12 38
26 55
13 85
5 89
24 53
13 53
21 21
4 67
1 100
16 16
12 33
12 5
25 19
24 90
25 63
18 77
2 5
14 55
0 92
6 26
15 67
12 52
5 42
11 31
26 22
29 52
27 59
22 16
30 36
29 51
5 91
8 42
18 35
27 35
8 45
8 38
10 93
28 48
27 15
5 25
27 38
22 48
29 51
3 69
18 7
23 54
16 93
0 57
13 93
5 69
15 85
6 46
24 10
11 40
13 93
24 49
27 10
14 9
2 39
1 11
22 35
8 88
27 78
22 22
0 83
6 55
19 20
24 49
12 92
16 23
14 24
28 3
0 48
11 11
4 48
8 86
0 3
5 25
13 37
2 35
1 29
21 43
8 13
18 81
5 37
2 41
8 13
25 85
26 37
23 38
3 99
19 35
7 99
21 45
25 30
24 33
25 23
10 67
22 87
9 17
20 17
27 75
20 91
20 19
3 89
21 33
24 2
22 77
22 98
4 58
20 46
28 63
23 97
13 30
13 37
3 17
23 80
27 49
15 9
14 67
0 78
29 14
4 37
15 49
11 87
8 84
14 73
24 23
16 81
28 30
2 1
12 92
22 30
2 43
11 80
4 85
1 10
15 73
14 36
12 87
4 21
8 58
10 92
5 55
3 47
5 10
23 7
21 72
18 90
18 91
27 34
16 36
13 2
19 6
22 40
27 59
1 53
29 95
18 84
2 66
22 41
1 96
14 24
27 76
16 60
0 67
29 97
16 9
13 43
19 10
9 8
18 55
22 69
5 87
27 62
9 64
9 59
19 49
13 5
8 2
21 61
9 47
17 11
10 18
18 35
8 9
0 65
20 36
23 70
3 27
29 78
22 67
3 83
5 8
11 71
7 49
16 60
9 68
21 72
28 98
2 44
11 59
22 82
19 52
21 84
27 29
26 69
22 26
13 34
13 70
23 3
26 46
16 17
2 43
0 6
5 65
14 80
13 13
23 54
19 70
25 20
2 9
11 81
16 85
8 6
20 75
8 10
7 35
5 66
19 72
28 83
4 48
8 7
17 69
25 90
17 83
22 25
17 69
11 33
29 17
19 83
28 27
5 54
7 80
23 60
18 5
22 36
5 79
15 86
11 33
13 15
16 10
28 10
2 11
2 38
7 34
27 48
5 33
15 76
18 69
23 4
17 55
20 5
8 75
2 92
7 50
12 73
24 16
2 46
5 41
18 4
10 11
25 16
5 31
28 5
27 2
8 67
7 68
29 77
19 76
25 44
30 24
23 28
0 63
16 86
24 100
1 20
26 37
9 14
20 37
10 67
3 67
2 22
16 96
21 79
30 1
30 18
18 76
24 2
2 47
16 8
5 47
11 8
4 30
6 78
2 30
