6400
26 67
21 33
23 19
5 52
8 34
28 35
10 79
10 17
3 83
9 96
28 24
13 70
18 85
28 99
21 79
14 57
14 69
29 86
24 10
18 89
21 31
26 4
30 51
29 13
26 87
30 20
20 64
0 48
2 60
26 27
11 62
23 33
10 27
23 71
16 17
30 54
14 20
17 82
8 72
13 32
10 56
1 99
30 44
13 71
24 60
24 22
9 20
29 72
9 59
12 33
8 34
21 60
19 71
17 11
14 7
17 64
2 21
24 86
21 85
19 47
22 12
9 8
0 29
24 9
9 29
4 55
18 6
6 25
7 24
3 53
3 81
10 17
20 8
29 72
21 50
9 95
9 58
16 78
6 83
5 52
21 6
27 97
18 30
21 54
18 16
25 18
1 93
19 27
23 91
17 47
24 92
6 72
22 71
17 3
18 40
19 90
30 69
30 28
29 48
12 79
0 95
13 5
21 94
10 81
11 20
24 6
27 79
30 26
17 12
28 53
14 93
27 54
21 1
16 78
15 27
25 22
2 77
26 40
12 92
29 11
14 38
16 23
7 10
28 22
22 75
21 15
0 97
8 99
18 1
29 17
25 48
18 30
23 76
29 18
11 65
30 8
9 64
14 50
16 58
16 57
27 99
27 41
6 33
23 90
16 76
12 24
5 42
11 85
10 73
19 43
9 100
9 7
20 16
13 3
13 22
12 13
23 12
14 14
2 26
16 38
20 21
28 38
5 100
25 33
30 29
28 47
3 98
11 49
7 92
13 51
11 44
19 89
12 82
29 64
9 12
0 76
21 24
1 43
20 81
8 41
26 100
27 75
9 52
14 86
25 97
14 42
28 58
23 11
20 58
7 54
29 3
11 41
11 41
28 27
8 90
10 88
14 60
20 64
20 18
28 23
14 77
14 81
30 30
6 4
13 86
18 16
4 69
9 19
17 38
29 24
18 54
9 95
4 84
22 62
7 51
22 87
10 53
6 35
15 17
23 71
13 87
1 79
12 76
15 11
12 73
30 2
17 19
4 15
24 97
28 97
4 46
19 57
10 73
25 95
27 41
11 22
11 24
3 48
21 37
30 29
25 12
10 39
3 48
15 46
16 3
1 7
26 57
29 33
27 19
9 50
10 81
16 23
20 75
30 73
30 100
2 36
22 97
16 62
2 91
5 10
4 1
23 7
6 70
18 23
27 63
9 100
19 20
9 91
5 25
14 7
4 60
15 32
16 16
28 88
16 28
14 44
26 25
19 34
26 44
17 10
1 8
7 48
2 58
9 9
15 38
24 81
13 42
11 49
26 94
29 54
21 46
1 16
6 87
12 4
5 40
0 17
6 12
16 1
20 26
8 78
30 43
7 64
23 49
19 8
26 96
24 95
16 31
9 5
9 72
7 73
30 62
13 24
4 23
19 27
10 5
22 25
30 39
19 15
9 61
18 9
15 48
12 58
15 87
8 70
24 17
0 33
26 53
19 6
11 60
15 11
13 100
21 86
28 28
0 75
25 1
18 65
3 46
18 44
1 60
11 46
16 48
1 59
30 26
6 33
24 8
26 50
13 93
9 69
17 34
30 83
1 53
3 91
25 29
2 64
26 35
11 33
23 27
25 63
27 13
15 91
30 71
4 23
7 45
19 4
10 15
26 81
10 55
25 52
21 59
15 8
0 70
2 51
17 23
16 37
22 44
13 56
17 11
22 63
12 43
7 15
15 10
27 96
28 80
20 49
25 99
28 42
10 54
11 80
27 93
23 75
8 9
10 65
18 60
1 27
19 24
10 95
1 24
25 76
19 49
27 4
