6400
6 36
2 57
15 38
2 91
17 39
12 45
23 63
7 66
25 85
0 78
28 31
2 35
13 88
14 33
11 61
17 57
2 13
24 8
24 16
27 85
1 18
6 14
25 33
8 4
11 68
2 32
13 45
30 77
27 87
26 45
26 12
10 81
4 24
4 12
16 11
10 79
28 62
14 25
22 92
23 88
28 89
22 88
21 58
8 63
8 79
28 61
12 64
5 92
2 59
30 20
0 65
6 78
27 89
14 62
23 87
13 97
26 20
12 5
24 9
29 31
1 33
1 66
25 60
17 95
25 1
17 74
8 8
12 26
3 41
17 38
22 90
27 96
13 66
9 92
9 94
24 20
5 1
15 84
30 30
26 90
1 10
20 61
15 30
25 18
23 17
22 65
29 65
27 47
25 25
11 63
4 57
4 81
14 33
23 85
11 10
14 20
15 40
29 20
26 59
25 78
8 82
13 24
22 62
18 60
9 70
21 93
12 51
9 75
16 73
6 72
11 61
25 54
9 58
10 45
23 81
6 16
5 14
28 16
10 43
8 1
19 62
3 51
11 15
17 53
25 10
16 1
24 85
28 56
14 20
19 69
30 34
27 82
12 2
7 94
28 5
13 25
22 91
30 56
13 10
2 42
29 74
0 81
19 83
12 41
5 72
14 34
0 9
16 21
2 76
11 29
1 87
15 4
5 93
6 43
20 85
14 41
5 53
3 11
26 35
0 52
20 65
20 29
14 24
12 32
0 10
13 98
10 62
5 93
24 4
6 4
15 45
16 91
27 92
18 60
20 19
8 14
29 68
25 93
2 92
13 83
17 89
1 15
1 75
27 60
5 17
8 80
0 44
1 89
26 53
15 98
5 66
10 46
20 45
24 43
0 62
19 61
11 64
17 17
1 62
9 72
4 33
26 64
25 94
15 62
0 23
30 48
0 58
12 89
23 96
4 6
20 86
26 98
19 75
19 94
11 87
8 78
20 52
28 25
21 23
19 90
26 86
16 71
26 84
15 12
28 27
16 13
17 68
12 90
10 36
7 73
23 28
18 37
22 11
5 93
8 97
2 41
12 37
8 19
27 52
2 61
27 12
16 16
13 18
27 94
11 51
3 7
23 88
29 91
0 62
28 19
26 100
4 87
29 8
14 70
14 88
22 36
26 95
12 68
1 97
5 77
0 27
26 72
17 51
11 14
19 68
18 36
1 85
29 73
2 95
6 98
8 58
19 81
20 58
19 54
4 73
30 95
22 43
21 94
16 14
17 2
3 80
21 36
23 91
15 96
8 6
22 94
0 73
27 34
1 56
13 84
27 61
6 75
9 80
8 54
8 3
1 35
11 28
19 33
18 77
1 15
13 68
15 93
12 98
18 38
25 83
13 30
29 16
4 87
13 42
13 41
16 9
2 53
14 3
24 1
17 77
19 9
25 64
14 2
20 83
20 64
19 85
3 31
13 59
18 72
25 57
7 94
28 73
7 7
25 25
5 9
2 27
30 13
28 84
11 62
2 14
21 14
11 55
16 65
21 82
21 45
20 89
14 96
12 46
10 48
24 85
19 11
14 96
5 84
14 13
4 70
25 13
15 9
1 84
28 97
30 31
20 13
16 16
0 14
15 87
20 8
8 51
20 67
16 67
10 28
9 17
24 59
9 88
22 37
7 3
8 74
14 36
13 33
25 78
10 51
7 20
5 42
23 65
26 20
17 82
14 83
13 8
23 38
21 18
7 81
4 16
13 44
13 16
27 46
9 34
16 42
11 73
8 100
20 36
22 25
15 72
16 31
5 58
11 47
15 96
10 22
