6400
2 14
2 17
18 96
3 11
20 44
3 72
21 2
20 24
19 13
17 92
21 90
27 45
0 56
1 44
6 67
20 89
1 66
8 30
6 29
15 73
24 41
17 86
8 73
28 71
4 12
27 29
13 94
22 31
6 53
21 99
8 57
7 46
22 30
25 15
12 52
28 67
29 70
27 2
30 84
15 47
2 73
3 83
2 61
29 59
29 75
10 90
12 45
29 80
10 33
11 15
5 81
13 88
14 27
7 44
3 40
16 29
28 22
9 12
24 71
6 85
30 98
2 38
11 63
18 68
4 25
25 29
14 55
29 82
4 56
25 60
27 75
18 58
11 32
25 98
24 68
0 30
1 47
18 17
30 16
1 49
9 49
7 56
23 35
8 69
2 6
28 81
7 65
28 6
15 11
16 91
22 1
5 69
0 22
3 30
25 43
23 45
4 57
24 54
17 5
2 12
25 48
29 1
18 94
0 14
10 75
23 79
14 41
22 81
21 62
21 7
28 33
25 29
7 18
18 96
20 60
26 53
20 67
18 95
25 47
16 21
27 47
18 18
30 46
26 51
22 81
21 50
22 8
24 42
25 87
4 26
21 47
25 26
21 21
29 40
12 86
15 79
24 66
13 74
11 81
5 32
11 81
6 5
28 73
27 65
21 73
10 14
7 90
28 12
11 24
15 67
21 100
7 19
3 2
26 44
15 30
19 46
10 73
17 15
3 11
23 83
22 75
2 29
8 77
22 67
17 51
14 5
26 34
15 8
0 63
10 11
2 36
18 11
26 49
24 56
22 23
13 38
18 61
13 62
17 79
15 3
11 30
11 34
14 37
3 83
12 23
26 70
13 42
14 51
30 5
24 92
10 27
14 72
17 5
10 94
6 7
8 28
17 27
19 51
17 32
10 69
21 94
25 85
23 4
3 57
25 94
2 68
13 10
20 91
7 1
18 22
24 76
25 52
24 84
9 46
13 15
3 15
19 78
5 11
0 21
12 30
11 34
28 73
1 11
29 25
15 7
25 23
4 19
20 47
11 87
13 91
18 26
25 85
8 60
17 30
0 74
22 9
9 3
12 17
22 95
14 14
21 51
30 95
15 44
25 21
4 81
10 57
4 27
2 60
3 35
14 91
27 28
27 27
3 63
22 26
29 56
16 28
2 54
7 55
17 43
20 19
21 2
12 95
26 67
18 61
5 66
28 93
30 39
20 88
5 80
4 57
2 32
22 48
3 79
9 12
30 49
19 42
27 61
24 79
22 31
2 50
26 25
4 34
20 61
4 28
7 13
20 79
9 65
10 45
4 32
25 60
19 21
3 30
25 91
10 72
26 81
14 41
0 78
25 79
2 50
12 87
11 87
15 9
22 8
24 68
4 9
28 53
5 50
5 4
26 94
1 74
16 47
0 6
18 81
4 73
20 56
9 10
30 59
6 73
11 19
22 91
0 60
0 71
12 92
1 2
8 57
7 7
2 56
27 44
20 59
18 20
15 55
12 29
30 52
1 51
10 73
26 49
5 56
13 25
19 14
21 12
21 69
30 16
12 66
25 98
0 70
28 77
23 65
10 19
27 63
28 40
3 83
13 74
21 55
7 27
27 49
9 15
19 77
12 45
2 7
10 50
8 6
9 27
2 24
6 75
26 48
1 57
14 5
9 69
11 49
28 6
7 65
30 81
6 96
17 87
3 17
17 82
8 22
17 45
7 1
9 40
3 74
21 74
16 48
7 19
30 11
10 45
25 18
11 88
29 30
19 78
26 37
17 24
24 78
12 63
22 24
23 9
24 27
12 32
27 80
4 52
