6400
10 64
19 32
13 23
13 92
28 96
23 50
18 24
20 64
28 30
28 79
16 76
6 69
20 10
9 23
15 52
23 49
0 57
29 93
20 36
22 33
8 88
26 1
22 52
1 71
29 18
1 57
1 36
26 51
10 15
27 68
25 19
18 24
3 54
29 19
24 65
10 90
18 4
0 85
14 11
5 89
18 85
13 78
8 7
1 80
23 43
18 22
15 7
17 84
19 43
9 55
9 95
30 10
1 10
1 74
8 9
28 57
15 86
22 89
1 48
14 10
27 23
21 70
10 95
18 26
27 14
14 62
23 54
20 81
29 81
11 86
17 96
11 8
19 23
14 46
11 58
13 78
30 50
15 33
15 1
14 31
20 20
24 42
19 31
6 26
2 45
29 57
22 8
21 70
11 63
16 23
17 1
7 5
12 54
5 48
4 55
13 2
2 4
4 27
0 75
24 57
26 70
15 67
6 33
12 31
6 24
24 33
14 46
10 49
20 65
15 88
24 11
10 100
13 3
7 45
13 100
13 8
5 36
30 75
26 83
29 86
19 2
27 75
24 43
14 100
7 65
10 17
3 54
6 69
27 42
17 16
16 66
19 3
2 57
3 3
3 62
0 74
17 7
29 45
30 95
1 27
3 77
17 87
26 58
7 54
9 75
27 37
6 18
10 48
30 42
5 26
14 72
9 65
14 1
4 82
24 76
25 15
2 2
4 51
25 94
22 100
0 4
17 66
7 50
11 53
3 68
26 83
20 58
12 24
7 13
17 89
16 50
1 13
18 18
7 64
7 50
21 33
30 36
3 21
21 48
12 32
21 85
12 37
12 93
22 20
6 74
30 40
17 12
18 37
2 70
28 25
26 49
11 56
6 25
3 72
27 44
25 43
2 53
5 55
9 32
30 41
13 1
27 28
16 79
12 26
30 10
26 72
0 70
1 51
21 92
5 41
14 96
3 82
26 58
9 12
17 30
5 25
21 96
14 93
12 81
13 26
2 37
5 70
4 61
21 1
19 32
13 37
18 100
30 36
9 65
16 32
0 59
28 14
26 24
4 89
30 4
2 22
9 28
9 76
18 34
27 35
5 75
12 61
15 90
25 95
6 26
25 62
22 37
14 70
7 23
1 53
13 20
16 4
25 68
26 13
0 56
14 33
29 1
17 2
8 54
28 56
17 82
28 47
16 80
5 40
28 66
3 96
28 23
12 7
13 43
30 73
16 17
23 68
19 58
0 44
11 30
16 20
28 39
1 84
19 3
13 55
25 55
13 50
20 41
18 50
1 96
0 66
21 41
10 55
27 97
16 27
24 95
0 83
6 78
16 35
23 59
4 93
0 34
10 67
15 38
0 92
10 57
0 20
9 99
30 8
17 70
14 100
0 85
0 32
2 80
4 41
24 16
27 4
13 86
28 36
5 40
21 4
6 3
19 41
18 78
1 20
11 1
30 85
18 17
15 54
28 22
24 52
10 2
26 23
2 49
18 75
21 21
28 71
20 73
7 52
13 64
27 2
16 74
2 34
17 77
20 92
25 90
21 82
12 30
19 63
26 99
13 8
14 25
17 71
13 60
5 61
18 93
0 27
15 23
11 36
29 40
14 27
28 72
24 88
2 46
1 63
1 79
0 38
0 32
23 40
6 14
0 11
24 34
26 84
17 96
23 15
12 57
28 69
24 15
30 40
24 31
13 14
14 14
26 71
29 87
4 77
11 82
25 86
8 12
18 92
2 20
29 59
11 75
24 8
16 56
1 98
25 41
29 37
11 57
0 29
27 7
16 76
29 9
14 53
23 65
2 48
