6400
13 15
11 68
13 34
0 81
15 39
8 82
18 55
0 16
23 52
17 73
10 57
5 76
9 95
9 25
29 65
9 76
12 2
29 43
3 76
11 29
2 75
5 93
13 29
16 65
29 6
22 32
11 4
23 63
18 79
10 30
3 65
8 77
9 47
14 81
12 15
20 48
12 21
2 98
17 63
2 55
10 5
20 6
5 23
13 14
9 85
30 25
13 83
22 57
7 39
0 61
24 95
30 10
2 61
22 27
6 87
19 12
21 3
28 91
20 2
7 42
13 71
14 98
23 6
11 7
14 44
24 95
22 8
6 74
21 21
14 37
20 64
28 80
17 64
2 37
23 79
3 30
29 51
3 83
26 58
15 43
10 21
14 89
8 2
3 86
6 86
0 66
11 71
13 74
24 3
13 89
13 69
25 63
2 47
3 74
28 69
9 1
11 31
8 27
9 17
23 83
0 15
27 92
19 23
22 3
16 98
17 26
0 27
29 39
30 70
6 87
2 12
20 100
20 83
12 18
27 87
3 94
9 5
19 44
22 51
16 36
5 15
24 41
26 68
15 93
13 61
9 11
0 94
1 14
20 2
13 100
15 33
12 9
19 3
15 17
17 20
15 87
24 42
26 80
17 12
15 85
27 80
4 45
28 44
25 87
13 27
11 87
16 13
29 90
18 97
5 64
3 9
12 10
11 39
12 45
19 24
23 94
16 49
21 77
4 66
8 7
28 59
21 2
24 61
11 21
8 3
25 82
17 69
13 94
1 80
12 41
20 74
5 66
3 99
13 52
27 43
14 86
1 54
29 46
11 79
1 90
20 55
0 5
2 20
28 6
30 42
26 78
30 50
23 24
13 64
19 9
3 73
29 50
27 98
3 88
19 52
24 63
21 67
21 83
21 8
28 74
28 84
6 68
6 53
30 79
1 49
25 17
13 9
24 86
2 8
2 100
9 54
4 9
3 73
16 6
20 3
3 60
2 86
10 65
6 15
9 46
13 60
8 51
28 67
5 27
8 76
12 64
2 65
21 54
0 34
4 75
0 91
27 60
22 84
26 40
6 27
5 54
21 47
9 67
9 93
19 38
7 51
3 9
1 1
3 84
7 26
7 3
8 89
24 91
16 77
15 91
13 15
19 19
0 50
25 11
13 72
15 40
13 9
22 39
29 89
18 97
17 31
24 31
12 99
21 90
18 38
19 71
19 63
3 25
18 64
5 52
30 26
24 80
8 16
0 34
3 28
11 41
1 12
1 55
20 92
15 28
13 61
7 57
11 75
7 20
28 88
29 20
22 20
13 67
14 20
11 77
29 34
7 1
12 90
8 28
6 16
14 30
6 54
26 66
19 59
6 87
15 10
7 9
7 6
27 24
28 38
29 83
30 7
9 96
7 49
5 82
26 30
17 28
1 23
6 50
30 91
30 2
4 55
4 71
5 57
17 59
15 70
11 28
28 74
4 6
18 47
3 88
8 67
7 66
3 48
1 16
19 89
27 13
30 50
18 46
21 54
0 62
26 58
24 85
6 25
2 7
7 49
5 56
14 85
20 18
29 30
27 29
14 44
28 85
26 17
15 57
2 9
23 8
27 16
8 47
1 7
29 86
23 26
7 24
27 52
24 12
3 22
5 44
24 23
12 18
24 52
0 45
2 53
10 89
9 63
19 1
2 25
10 63
6 76
4 56
13 41
19 71
15 76
7 47
17 51
22 21
3 23
14 98
12 34
0 92
1 2
25 10
1 2
1 16
30 85
28 87
5 68
16 63
4 47
8 86
6 91
10 41
5 53
29 68
5 31
7 49
