6400
29 33
25 26
3 49
30 41
22 75
18 90
14 7
13 8
14 33
13 61
11 6
23 68
25 92
14 30
6 45
3 6
22 46
11 39
12 67
16 25
5 14
10 90
13 92
24 66
7 11
29 15
4 50
2 39
9 85
22 72
21 38
7 58
22 93
9 100
15 6
23 94
1 57
2 88
29 35
22 66
23 46
25 5
14 94
2 87
3 20
0 29
29 1
20 74
15 46
27 99
5 13
9 12
15 56
10 31
5 67
29 23
25 88
18 90
1 70
25 19
16 43
22 46
23 41
20 3
27 71
13 43
15 26
10 36
30 72
11 52
14 80
28 85
0 34
27 48
13 56
6 17
30 4
10 2
15 26
12 64
15 41
29 68
15 34
29 35
11 45
11 45
29 34
0 73
15 78
30 70
4 27
26 7
14 7
3 83
21 49
8 10
20 33
0 58
2 93
30 2
6 69
19 13
28 31
30 78
27 37
18 65
22 27
9 95
30 4
27 78
16 11
24 42
10 14
17 22
22 33
21 42
15 50
10 62
0 45
27 31
16 81
1 68
27 67
17 49
26 37
23 85
0 51
24 7
2 12
14 58
25 23
19 53
24 31
16 27
10 77
12 29
10 64
11 26
12 48
11 33
6 23
28 49
0 72
19 28
18 62
5 55
17 71
6 72
30 28
8 81
1 32
9 8
10 83
3 27
28 3
5 17
12 26
29 96
2 1
14 34
22 49
1 82
15 79
29 17
1 37
11 67
28 39
23 83
4 85
12 94
9 84
27 74
25 80
21 60
8 20
6 52
13 14
15 25
13 60
6 89
16 39
21 40
28 74
28 23
7 92
8 38
6 29
4 37
3 35
0 59
18 64
29 97
8 24
25 42
2 75
29 80
7 12
13 40
30 51
30 90
14 28
11 50
23 82
13 54
29 61
7 63
28 62
6 56
11 96
27 35
26 64
19 17
9 55
0 38
23 7
30 11
24 19
28 30
23 15
10 59
26 2
18 83
12 83
13 29
26 82
9 50
12 77
14 20
30 39
8 22
21 50
24 84
30 36
6 21
16 2
15 6
6 9
19 16
8 28
8 34
18 16
9 92
10 80
21 39
3 99
11 4
25 25
16 67
0 43
29 59
23 78
12 34
2 93
25 15
18 73
1 10
20 65
20 61
12 94
25 29
19 63
29 27
16 64
4 25
16 20
28 22
21 21
19 16
7 50
21 48
3 81
28 29
5 87
5 96
29 66
9 76
10 45
29 16
18 47
30 74
25 30
12 16
2 35
8 51
13 45
25 70
17 54
21 81
21 46
17 75
19 81
8 29
10 51
18 51
18 66
19 24
5 1
8 49
30 17
10 80
3 25
29 79
4 75
16 93
3 84
14 98
24 99
17 36
30 54
30 55
12 24
18 16
14 76
29 87
28 74
9 95
28 44
9 72
17 44
3 17
8 55
26 42
9 61
23 64
0 76
3 11
20 17
13 42
27 35
17 5
20 47
20 50
17 11
19 31
28 6
7 84
4 99
23 45
17 67
6 26
9 64
0 43
21 11
4 38
20 8
8 13
7 18
14 20
17 28
28 74
3 24
29 85
7 75
3 63
17 15
23 41
16 39
29 63
20 74
13 55
12 45
21 97
6 54
8 18
29 44
21 63
1 10
10 65
17 22
18 25
14 32
17 80
23 93
11 56
4 47
19 24
3 79
26 8
17 84
20 79
3 7
1 59
1 12
15 95
14 36
16 80
9 5
20 35
11 95
7 54
9 71
20 87
29 21
20 90
8 68
9 81
4 81
29 64
24 73
29 18
