6400
23 84
23 44
16 45
26 35
9 82
13 73
17 32
17 12
3 65
3 37
11 54
27 71
20 12
18 96
17 17
17 41
22 2
17 37
11 28
22 21
15 59
25 47
0 37
26 10
18 83
6 3
8 73
3 62
7 21
18 15
11 63
8 69
5 39
13 54
12 100
19 56
21 4
24 8
16 21
8 51
1 51
16 84
23 63
15 71
30 10
25 86
7 59
5 65
30 71
12 81
7 6
23 62
25 56
0 55
2 18
30 38
3 100
14 75
16 28
16 83
5 10
0 63
23 51
12 17
10 59
6 14
13 84
1 96
4 10
29 14
17 55
14 41
7 48
24 35
27 95
12 42
5 78
30 54
19 56
20 95
4 98
19 81
1 59
12 51
13 64
10 99
19 32
1 85
12 21
18 8
8 82
19 25
24 77
28 20
11 41
9 29
1 62
6 63
3 60
11 76
6 82
25 35
12 49
29 99
1 41
30 34
22 42
13 61
14 47
14 34
18 28
27 3
13 36
0 76
22 41
19 54
8 35
25 33
6 40
17 95
27 68
5 27
18 82
18 48
12 90
6 61
1 64
13 9
3 4
20 64
29 2
26 60
23 11
22 40
19 9
5 16
19 91
22 23
8 46
11 6
1 28
20 59
3 25
14 56
21 82
15 11
0 85
25 33
11 13
18 44
19 20
3 85
8 14
18 9
5 9
24 97
19 61
13 4
13 13
16 24
7 83
5 82
3 65
29 21
23 42
24 75
30 73
26 13
8 75
13 54
6 47
22 30
12 12
27 76
13 59
16 10
15 85
4 14
29 85
12 46
3 81
20 43
3 87
5 14
30 7
16 65
15 75
11 79
13 21
29 59
0 97
22 57
16 44
3 58
5 84
7 20
19 13
22 15
20 49
14 64
13 21
9 58
3 47
16 87
21 67
7 36
22 67
13 48
22 70
18 8
6 80
8 21
29 26
10 40
28 73
14 96
29 65
24 90
0 78
28 74
22 52
10 92
24 20
10 82
6 45
17 64
14 19
1 21
28 91
12 12
19 78
29 68
25 44
11 17
1 65
13 30
30 35
27 80
24 76
29 21
9 11
14 96
27 77
0 71
15 42
9 100
24 47
5 91
13 62
0 72
6 54
23 15
1 45
23 86
17 53
6 25
12 98
5 31
13 8
1 41
1 28
19 6
27 80
7 27
26 96
27 93
24 76
26 19
22 17
5 63
30 59
25 90
10 44
12 96
5 53
23 73
9 42
12 40
29 15
14 76
26 12
29 46
17 9
22 24
19 89
18 97
3 89
10 91
2 20
12 29
25 30
10 67
19 35
4 35
28 62
28 100
13 50
15 44
29 69
6 69
20 8
4 21
4 85
18 23
30 9
11 59
22 20
1 92
21 64
23 10
5 45
17 86
0 78
10 18
0 63
6 16
8 64
4 60
2 30
19 24
21 35
28 22
20 21
24 88
28 72
22 69
20 59
29 82
12 4
24 37
1 49
18 62
8 20
22 9
3 45
13 95
5 45
2 96
16 80
11 36
30 47
4 2
10 49
18 59
7 52
10 17
5 58
11 75
16 27
18 61
9 2
18 28
2 92
18 77
23 52
2 24
13 19
18 81
12 91
15 88
14 11
9 34
13 31
29 59
13 28
21 92
6 94
30 66
7 40
30 47
19 48
27 31
2 53
14 86
6 9
2 33
1 36
17 1
20 28
18 91
21 38
24 11
24 3
12 56
15 70
24 67
3 40
24 43
26 3
20 98
1 69
9 92
29 54
7 97
30 45
10 31
7 58
13 67
30 80
30 37
