6400
26 72
0 47
6 17
0 11
14 87
13 97
16 40
23 87
10 29
14 99
3 60
3 27
18 11
13 1
11 19
6 58
6 55
3 11
12 69
2 31
26 74
13 58
4 55
21 29
0 32
28 78
1 91
30 49
26 21
9 24
12 47
28 33
22 78
22 74
0 75
12 68
9 15
7 39
19 79
2 27
12 99
21 1
27 25
15 81
19 68
8 17
11 90
9 34
14 68
12 96
17 66
18 46
22 75
7 28
24 57
12 6
2 54
17 35
30 60
22 7
3 89
2 94
8 24
15 45
18 54
12 14
10 47
8 84
18 12
13 3
22 6
27 5
15 5
17 100
22 37
25 7
16 66
26 90
17 5
6 30
20 63
10 38
3 29
27 10
16 22
21 57
18 1
24 97
2 46
7 68
27 78
27 77
13 37
13 60
17 53
20 15
1 51
10 50
6 19
23 5
26 96
7 37
24 55
9 3
3 27
1 74
20 92
2 88
10 21
0 97
27 42
5 91
14 31
21 48
29 15
26 20
20 48
24 36
25 37
30 71
1 22
20 91
2 82
7 13
5 66
5 18
27 61
3 36
7 41
21 32
24 4
23 66
19 36
3 88
16 46
30 26
27 52
17 64
7 77
9 77
28 32
8 57
15 35
17 72
3 52
15 30
2 32
24 1
15 81
23 28
22 11
16 23
8 67
15 83
18 56
13 3
0 21
18 19
25 3
8 82
12 60
17 88
12 24
11 19
6 39
27 78
21 84
8 30
26 72
17 52
7 80
22 38
8 54
15 82
7 32
18 69
18 75
14 70
22 6
23 14
15 36
12 5
6 20
15 44
18 38
16 32
23 63
5 76
30 4
0 8
11 38
18 9
16 90
6 39
0 95
3 50
27 30
8 9
21 81
6 26
4 100
21 62
25 100
30 98
17 5
1 8
27 82
4 80
28 63
27 66
25 69
16 45
17 53
15 23
9 58
25 65
6 85
6 58
29 75
28 76
25 82
4 100
21 27
25 24
15 20
1 34
23 20
27 80
20 79
20 17
29 39
30 10
13 24
24 72
11 2
26 61
20 24
26 5
12 19
4 35
27 42
11 7
0 81
5 18
0 32
3 82
10 92
5 21
2 38
0 7
18 47
23 77
0 14
19 40
20 82
22 96
26 64
11 87
12 46
26 28
4 42
26 4
13 36
22 32
28 18
14 65
25 20
11 71
16 99
0 55
17 31
26 14
9 50
1 74
12 55
12 53
6 29
28 50
26 30
5 96
8 76
2 58
14 59
16 51
15 42
11 28
13 48
18 42
9 92
16 40
24 39
20 62
12 65
12 87
20 19
25 63
3 66
13 10
26 30
6 66
9 1
25 58
28 63
14 88
30 93
8 95
8 18
14 18
11 74
26 74
14 47
23 20
30 67
6 40
10 50
27 5
21 68
28 46
23 54
21 50
23 31
7 69
13 96
24 25
15 59
29 19
6 26
28 88
13 55
3 49
25 91
8 84
10 38
15 34
26 19
8 42
1 68
7 26
29 40
0 41
22 96
13 52
14 28
9 42
26 74
3 17
30 45
28 54
13 23
24 71
2 25
13 52
18 3
11 87
30 45
10 16
18 78
9 54
18 50
17 84
22 30
2 43
29 47
7 8
1 53
18 25
28 41
28 31
18 98
13 45
27 27
8 70
30 77
10 58
9 38
15 33
28 51
8 11
28 26
24 89
23 30
21 83
18 53
22 96
4 49
0 75
12 45
12 66
26 19
10 77
0 66
27 23
20 100
28 54
20 54
11 98
5 94
6 85
30 45
11 50
