6400
20 34
7 96
6 80
19 10
8 52
30 42
29 30
1 3
19 36
1 68
13 86
19 99
8 32
30 29
26 22
4 20
17 55
15 5
15 82
17 70
17 33
3 98
12 87
27 14
8 73
27 14
4 25
22 42
23 33
5 9
28 51
18 50
27 83
14 30
14 45
7 73
8 84
1 45
26 75
4 92
4 41
30 31
1 98
26 69
12 46
8 30
9 44
29 28
8 75
5 15
19 39
21 18
26 48
23 1
24 4
21 98
3 1
10 81
7 32
9 17
9 45
18 5
2 86
6 87
30 8
30 11
6 64
21 98
26 82
7 87
22 69
6 21
23 3
27 76
5 27
2 70
28 59
25 82
6 68
6 2
13 61
25 67
28 4
20 29
19 59
10 26
13 48
0 53
2 38
13 25
25 80
9 9
20 41
30 39
8 25
27 40
20 65
13 99
11 20
14 47
2 25
25 44
19 57
24 88
23 36
4 9
20 45
29 39
5 31
18 64
11 41
1 11
8 48
7 38
27 15
26 87
21 8
3 91
4 43
28 43
17 66
7 8
28 20
17 60
21 84
17 81
20 96
30 39
21 42
18 13
21 15
25 11
6 8
11 9
13 94
29 62
10 88
18 75
27 70
23 8
2 99
12 88
15 81
10 25
21 50
7 35
5 78
8 90
30 18
2 34
18 97
13 61
22 72
26 40
24 42
29 89
25 22
19 85
7 16
5 33
13 79
19 9
25 68
27 10
27 17
6 24
14 56
5 83
27 23
27 86
12 85
17 98
27 53
10 71
6 58
4 55
9 64
9 45
24 59
9 97
28 43
18 45
20 13
27 79
3 69
9 71
20 23
28 70
0 42
24 68
8 84
27 74
29 98
8 65
7 70
12 17
1 32
26 1
26 53
9 75
21 74
27 69
19 43
7 72
12 45
25 81
27 63
24 73
21 71
4 39
3 26
5 76
11 63
1 42
0 79
24 82
19 96
23 55
17 35
22 69
20 45
26 62
10 100
6 69
30 55
9 93
20 48
22 36
1 27
10 55
28 52
0 73
12 86
7 30
28 10
15 36
8 61
8 21
4 57
12 96
12 34
2 63
2 86
20 33
0 62
6 44
24 8
7 3
8 57
22 22
23 82
9 46
10 89
6 73
16 24
18 43
27 18
5 73
0 17
15 45
16 86
10 35
3 55
16 28
13 96
28 13
16 33
3 100
15 16
20 46
19 9
10 97
5 24
11 31
1 74
18 40
16 60
0 92
11 25
28 13
0 16
29 62
25 90
2 26
16 56
1 6
2 1
23 96
16 72
8 89
17 42
20 44
28 61
25 83
14 68
20 2
30 41
5 80
26 73
0 63
20 39
30 31
11 18
25 35
14 70
13 65
20 80
27 51
30 96
5 41
19 19
26 34
11 33
11 72
19 70
23 27
0 81
19 41
17 46
16 35
27 91
25 45
6 89
15 76
17 82
4 87
14 8
25 82
27 61
5 9
14 86
0 49
4 6
27 85
27 87
3 82
4 9
28 46
16 88
28 58
23 45
1 82
6 38
27 19
10 43
2 30
13 62
22 75
24 37
23 59
15 41
22 87
12 96
5 31
28 39
28 4
0 22
0 8
15 29
18 52
4 26
21 97
14 28
26 86
11 35
9 24
6 46
28 32
8 65
29 77
28 18
24 53
2 25
5 22
6 30
6 23
20 59
22 68
19 75
16 63
22 3
6 93
15 65
27 30
4 53
12 38
10 31
16 33
14 90
7 33
8 80
15 4
7 4
18 78
20 7
8 2
21 98
11 88
24 11
23 36
