6400
27 25
13 59
14 94
11 57
8 42
8 12
30 5
7 28
26 83
8 66
7 76
27 42
21 15
4 11
10 96
25 24
10 75
13 20
7 21
27 73
9 75
30 23
3 86
16 25
21 9
26 7
2 79
2 6
17 45
2 64
13 65
25 44
6 41
7 42
15 93
4 97
22 81
14 59
21 45
25 57
22 76
16 52
24 11
3 3
3 50
11 55
17 66
1 55
16 76
16 6
21 86
22 22
19 15
11 26
13 94
15 5
1 90
17 20
9 93
5 74
12 52
22 18
7 63
26 27
11 67
22 22
13 89
28 97
26 80
17 3
21 32
4 11
29 21
5 14
7 77
22 63
4 55
25 22
11 29
15 6
30 15
7 42
26 80
19 33
3 74
27 13
12 84
13 28
23 47
15 4
17 9
23 72
26 71
26 37
3 78
21 45
24 16
5 24
10 24
17 76
17 42
26 19
7 27
19 54
18 13
16 69
20 28
15 38
26 89
28 26
10 32
24 77
7 8
10 93
20 43
14 35
22 27
26 79
17 66
13 42
4 3
0 90
13 6
16 91
10 62
21 11
7 79
17 41
2 52
28 54
1 53
18 28
21 18
28 64
4 51
0 86
6 3
8 27
7 36
26 41
26 26
25 42
5 96
15 52
0 26
25 61
11 46
24 74
12 12
28 100
18 41
26 2
30 46
7 90
26 29
18 68
3 13
1 69
11 3
23 82
4 86
18 87
13 10
7 26
28 81
15 56
3 67
3 79
22 5
24 12
15 47
21 71
5 87
20 64
14 38
4 8
23 93
8 18
11 22
3 30
18 79
12 24
7 16
0 35
1 44
20 99
22 94
1 12
18 15
16 100
9 81
2 13
9 22
15 4
11 92
22 69
30 92
23 97
2 5
30 23
10 89
29 16
14 18
0 46
21 33
9 14
6 59
2 20
0 27
0 75
16 18
5 5
10 12
8 83
0 76
23 52
5 88
18 4
1 53
23 20
9 64
22 55
13 90
25 94
8 100
8 19
12 28
25 75
8 19
29 55
11 56
23 24
14 87
13 90
19 40
18 64
30 27
23 48
7 65
11 7
12 39
27 20
29 33
20 17
20 99
26 86
19 90
4 76
3 17
10 35
6 66
22 5
7 58
30 15
9 36
11 83
11 62
8 11
2 40
9 21
16 56
22 70
12 7
21 44
27 25
9 33
23 96
8 19
30 6
17 89
1 97
5 42
9 27
0 100
28 18
13 78
28 84
30 33
13 3
20 63
9 6
11 20
14 32
8 30
8 26
15 16
28 81
29 93
26 11
30 99
5 63
25 86
23 84
29 31
4 51
10 56
21 57
6 43
0 95
4 24
11 94
15 81
5 49
28 27
26 80
23 62
20 59
9 73
13 56
13 77
17 68
22 41
19 2
12 100
26 98
13 36
14 83
20 54
4 37
14 77
16 45
10 46
1 73
22 30
23 58
12 6
16 24
21 29
2 92
12 43
18 66
14 12
20 61
8 30
5 2
6 19
12 95
23 70
11 71
18 58
24 8
4 36
21 72
28 64
6 98
6 52
15 84
1 27
13 92
16 79
23 74
2 30
17 23
2 74
10 65
11 99
0 16
21 28
15 83
28 36
23 13
12 48
23 66
28 50
23 58
11 19
30 3
22 58
14 68
7 27
7 67
2 50
19 82
19 26
21 60
19 37
21 3
0 32
8 53
19 5
12 38
4 92
14 56
26 63
24 13
13 19
0 62
1 4
28 28
16 95
24 9
15 40
20 54
12 44
4 50
15 25
22 10
17 76
27 45
23 35
