6400
18 40
24 52
20 94
0 88
22 13
5 9
24 54
29 68
12 22
4 88
23 85
26 27
10 86
13 2
4 22
23 77
20 85
17 24
23 1
23 34
12 29
7 51
3 35
1 71
14 19
4 30
14 46
20 54
14 15
19 81
15 84
28 39
22 72
29 60
8 11
6 93
30 41
15 34
12 9
25 46
21 55
12 99
12 78
6 51
8 38
26 73
27 32
18 12
16 15
12 52
14 58
27 87
11 30
15 75
8 50
8 96
29 18
3 57
7 1
22 34
2 4
22 28
23 42
23 94
20 64
10 87
30 2
10 87
17 71
15 82
28 21
3 44
27 58
6 2
19 88
16 74
21 15
20 32
29 40
14 79
26 29
9 57
26 23
15 63
21 36
28 85
8 23
11 95
22 31
14 93
27 87
19 64
15 40
12 56
27 29
6 47
22 65
12 67
6 74
18 100
13 40
0 35
13 9
13 13
18 35
24 31
9 73
21 96
26 90
3 77
3 15
28 94
2 1
9 92
22 89
5 49
10 89
8 97
4 63
21 14
27 30
13 60
14 83
28 4
8 75
10 21
15 54
14 6
1 29
4 40
1 18
24 81
29 35
5 14
3 69
21 54
14 54
27 100
12 33
5 95
18 26
24 41
30 81
12 49
14 54
6 18
29 18
0 83
20 29
9 74
12 38
20 65
4 62
17 57
18 51
11 16
24 29
15 42
12 41
26 1
8 28
25 76
14 42
19 38
11 6
11 3
7 34
4 5
15 53
11 31
19 61
13 10
8 76
20 39
26 48
20 93
26 69
8 66
29 42
29 58
2 61
19 43
10 32
28 70
0 85
28 73
7 14
4 32
16 13
7 81
23 82
5 7
6 89
3 57
22 42
0 58
7 37
8 4
12 19
10 68
6 54
20 98
12 23
9 74
10 18
18 59
23 76
9 48
25 85
10 22
22 27
28 48
15 16
16 90
2 65
29 80
23 14
10 13
16 75
24 64
14 88
11 54
26 6
11 11
29 42
14 100
30 34
2 18
26 85
30 51
29 14
14 15
2 8
22 14
13 28
18 43
17 95
30 35
23 9
8 62
14 21
9 32
13 91
4 45
6 62
5 62
25 50
30 81
25 29
23 38
22 5
18 1
20 61
4 32
30 60
1 23
13 64
10 91
0 20
15 19
22 53
28 59
0 52
15 33
7 51
4 56
28 53
9 40
9 1
0 11
30 41
0 70
4 21
18 74
5 21
26 85
25 14
17 14
12 5
9 88
0 100
10 59
14 35
5 36
9 25
15 47
26 97
10 75
17 47
12 57
29 61
11 6
9 48
9 69
2 5
16 2
20 88
7 61
29 100
24 84
13 74
24 31
26 81
9 9
30 18
11 34
13 35
10 33
23 96
29 76
5 41
23 36
25 31
17 4
10 80
21 1
25 74
0 97
16 81
13 64
3 28
2 34
26 88
11 89
9 21
28 60
8 64
2 12
11 68
21 99
21 35
7 100
4 12
18 9
10 64
7 4
15 97
11 68
18 64
3 55
1 18
6 46
21 82
18 80
24 63
3 43
16 74
27 71
9 65
0 74
4 23
14 52
28 6
14 81
12 39
22 16
20 22
22 9
14 72
25 74
4 60
18 68
11 32
29 67
9 27
25 2
28 16
14 48
15 94
16 65
27 33
15 81
12 92
13 39
28 84
18 49
19 32
9 1
0 70
22 66
10 13
12 12
15 4
0 13
23 64
11 18
4 38
19 71
25 19
4 3
0 91
4 46
17 57
18 5
15 100
0 23
24 13
27 22
1 1
15 10
