6400
14 96
13 10
0 36
12 74
30 18
2 67
10 93
14 83
15 55
29 10
10 82
25 3
9 87
8 82
21 42
21 89
8 35
16 17
6 42
10 74
28 99
19 51
18 76
20 20
4 58
24 100
8 80
9 5
13 55
22 48
14 79
17 81
5 63
12 2
28 15
26 97
15 94
13 7
12 82
22 76
8 70
21 28
5 83
15 65
8 72
19 56
16 38
19 25
11 33
14 84
29 33
15 28
2 71
11 25
19 43
3 41
26 87
27 31
14 14
29 62
26 23
26 81
6 89
20 19
28 94
2 12
3 48
23 81
4 5
29 61
2 36
26 84
16 70
7 11
9 8
22 2
0 5
24 92
4 68
1 30
4 60
28 39
22 24
17 10
20 15
18 79
30 9
25 71
4 9
28 88
18 6
6 73
15 16
17 88
28 2
3 99
10 100
29 44
28 88
21 48
14 84
9 33
28 91
6 43
8 27
30 87
9 12
6 93
1 78
23 18
1 67
29 20
0 16
2 75
2 59
10 76
30 70
2 52
5 67
30 71
7 94
5 66
23 3
18 29
22 10
7 68
16 10
30 35
26 100
20 26
16 76
17 74
29 31
23 51
12 6
18 98
15 9
20 68
18 86
5 70
11 1
1 98
27 97
26 68
3 23
20 71
6 97
24 13
15 34
26 25
25 47
12 89
0 42
15 34
17 85
5 84
17 9
19 41
9 43
17 74
8 25
28 96
4 44
17 39
9 78
17 46
11 63
21 65
10 81
28 45
4 51
18 70
6 95
13 78
4 47
10 76
18 47
4 1
7 1
12 32
24 71
18 84
28 91
14 8
29 82
22 51
28 78
20 58
24 53
5 93
13 53
15 38
5 12
3 67
13 36
2 11
12 90
16 85
12 22
5 97
4 81
11 32
5 52
17 90
5 83
16 53
9 18
23 48
5 71
18 54
25 32
17 33
3 91
20 65
7 42
27 81
0 70
7 17
25 28
7 68
12 36
7 38
20 54
18 79
21 75
15 23
13 29
12 19
3 61
0 58
10 67
24 89
3 97
11 14
12 98
29 86
10 47
29 47
18 40
14 15
9 48
28 86
23 16
8 68
8 89
1 44
12 52
25 19
12 20
20 80
30 87
25 26
28 91
5 79
25 95
26 92
3 45
8 84
27 85
16 21
30 19
3 17
22 99
1 93
14 61
9 34
26 46
3 72
27 12
23 43
28 2
4 70
0 70
1 9
0 79
8 70
4 33
11 18
19 87
3 46
11 74
26 8
12 65
17 45
12 32
16 86
5 40
21 82
0 27
23 86
18 82
7 28
7 97
30 88
25 46
19 69
30 98
15 14
16 78
22 29
10 97
14 86
14 53
27 44
0 32
23 72
25 24
15 96
30 88
21 95
0 35
26 92
1 10
0 41
20 69
12 1
29 58
8 16
12 59
1 88
20 88
25 19
19 9
29 4
12 83
29 68
23 78
12 72
13 8
0 31
10 82
22 4
5 13
10 78
9 2
18 6
13 50
19 4
3 35
13 13
3 10
23 49
8 32
17 34
6 78
26 67
19 90
7 59
13 71
1 97
2 9
8 10
19 70
27 57
10 31
12 53
24 41
19 29
5 45
3 5
17 16
28 96
28 71
5 64
29 78
1 73
20 23
15 58
26 4
30 74
5 91
8 43
16 52
5 49
20 27
21 77
7 2
13 25
28 27
9 24
27 27
28 39
3 50
28 81
17 53
2 74
28 39
3 43
8 33
29 91
3 6
28 90
29 17
24 72
11 31
4 39
19 9
30 28
11 29
12 7
