100
8 23
2 24
22 6
4 92
22 11
9 21
25 30
11 12
4 32
11 94
19 79
24 46
6 22
0 76
29 5
23 18
14 78
4 18
12 85
10 39
23 95
13 54
22 59
3 100
6 52
6 65
18 90
20 4
20 75
10 10
11 38
28 1
27 36
7 5
19 42
25 70
14 4
2 51
27 15
8 1
11 44
20 64
1 18
20 49
30 54
26 39
1 55
22 59
11 67
25 67
28 14
13 21
29 81
6 95
5 70
8 75
12 56
2 1
21 38
30 63
12 61
12 81
19 28
2 83
19 64
16 31
11 75
25 87
22 17
26 18
17 27
12 70
7 17
26 89
15 40
30 87
7 50
10 53
7 74
15 52
10 42
2 29
1 49
19 76
16 26
21 71
11 36
25 97
6 84
2 54
12 60
22 14
12 74
7 59
18 41
21 13
29 12
7 56
27 63
6 40
24 41
2 65
6 55
10 74
10 66
24 1
7 36
12 21
2 63
22 85
12 44
26 63
22 11
16 39
25 84
5 17
29 52
19 62
27 46
19 11
25 26
5 93
29 61
22 48
4 21
26 53
3 87
17 1
12 90
0 51
16 79
2 51
24 51
23 59
14 51
21 9
28 50
13 62
17 54
21 33
16 62
16 63
11 91
7 46
14 67
27 33
4 69
18 4
27 45
9 13
0 67
7 89
16 57
22 92
9 23
15 36
28 27
19 82
2 46
22 59
14 35
10 59
14 93
20 49
21 35
0 27
0 28
2 22
18 13
16 47
16 15
24 60
22 28
14 6
9 64
28 100
29 5
7 50
13 55
19 24
29 77
8 9
17 76
1 13
10 25
1 100
2 86
22 12
26 71
7 77
8 74
9 53
7 66
3 3
12 64
11 4
7 2
25 47
14 2
10 47
26 82
22 19
27 43
15 59
4 29
17 9
4 66
3 16
30 82
26 72
6 25
17 22
3 15
4 50
15 65
14 100
21 96
10 55
3 65
12 77
7 62
20 46
29 16
18 54
28 88
3 65
5 61
0 50
17 52
2 36
29 85
16 12
23 2
19 37
29 77
22 85
25 29
24 22
18 18
20 13
15 53
17 85
9 73
8 40
3 4
30 46
2 44
2 38
7 87
7 96
15 71
14 26
22 20
19 50
15 83
13 49
7 6
12 73
4 52
26 51
26 60
22 21
4 99
14 60
6 42
16 59
27 71
18 37
9 89
10 1
25 30
0 60
10 97
19 39
15 76
12 44
22 40
22 89
8 100
12 1
2 31
2 90
15 10
6 13
12 90
19 2
1 48
29 99
24 37
14 81
30 100
16 78
10 70
29 67
14 70
3 29
21 2
11 27
3 95
22 16
14 8
9 85
13 11
12 5
9 91
20 65
19 80
2 89
6 20
27 97
2 13
24 95
0 76
20 13
9 34
15 78
20 24
8 14
1 55
0 21
9 59
29 50
13 10
27 27
7 23
23 4
24 49
3 44
0 71
24 65
8 53
6 13
15 82
25 16
23 87
19 55
24 1
17 11
29 70
20 18
0 44
22 52
22 11
16 72
20 87
15 36
6 22
21 37
13 29
8 27
17 47
21 33
14 95
18 63
10 34
4 82
19 67
12 91
10 62
24 74
29 84
28 30
22 2
24 75
12 79
0 60
16 24
12 87
22 22
14 58
15 65
27 57
0 89
9 9
13 10
2 54
23 25
22 28
10 44
24 15
16 50
27 23
13 50
21 49
27 44
16 83
6 58
16 33
21 71
26 24
8 82
7 54
14 97
29 63
3 47
18 48
10 81
5 16
11 27
22 86
7 81
1 50
15 67
7 43
1 50
21 86
7 15
25 42
6 92
19 50
25 92
18 95
14 75
29 85
12 70
28 88
19 81
11 19
10 83
19 24
15 34
22 54
6 39
12 72
3 94
2 19
16 18
0 74
12 86
26 71
22 13
9 98
20 21
16 47
2 32
20 85
11 67
6 85
28 84
7 88
7 39
12 19
29 38
19 49
30 32
26 23
1 44
28 30
16 74
3 41
13 10
19 68
24 53
14 55
19 80
30 65
30 84
23 69
19 55
7 76
3 39
8 8
20 9
10 79
5 29
27 77
10 17
30 88
24 93
9 22
7 56
12 1
12 20
17 52
14 39
22 72
9 83
6 81
9 18
20 18
8 48
10 22
4 19
4 79
23 84
21 57
14 6
6 73
16 54
8 1
10 14
9 79
25 30
20 56
1 88
5 90
28 61
3 47
3 13
30 35
11 31
18 14
6 21
14 27
1 97
20 31
15 28
1 26
10 91
7 95
11 23
6 67
3 33
13 37
4 62
25 45
13 72
17 90
10 85
8 58
18 18
3 51
15 44
21 67
27 65
9 67
2 43
26 89
0 20
8 53
3 13
14 83
17 23
1 55
7 92
19 26
18 92
28 64
23 22
8 72
29 40
7 25
12 57
1 82
13 23
11 81
27 67
0 34
2 65
12 65
20 52
1 16
27 17
16 86
18 77
15 53
0 59
22 17
10 18
9 50
8 54
17 17
2 26
10 1
13 50
3 76
7 86
28 84
16 11
17 28
20 54
28 2
30 57
5 52
23 11
1 13
13 83
7 80
16 33
20 31
23 78
24 71
22 47
27 52
14 89
1 93
17 97
23 14
29 33
1 42
21 49
16 22
27 98
15 40
29 95
13 53
24 44
4 53
9 84
30 94
4 23
24 71
27 13
5 72
16 7
13 21
30 3
29 20
4 58
6 88
26 62
3 42
4 62
25 91
11 13
15 76
25 55
13 14
28 41
23 55
16 78
1 61
24 15
10 81
25 52
20 41
11 33
29 56
27 97
24 100
23 45
29 69
4 49
19 86
0 96
7 5
5 85
24 49
19 57
15 98
16 85
25 55
4 1
0 96
0 9
11 20
25 66
5 8
10 35
22 6
28 17
13 5
27 95
1 91
27 83
30 10
29 89
28 54
22 89
3 37
16 56
10 73
19 29
25 29
11 58
27 66
23 88
27 21
14 70
21 77
15 62
13 88
28 57
29 13
8 81
5 33
26 22
15 21
21 7
26 27
24 1
0 10
9 64
29 3
16 83
19 18
26 35
22 7
13 45
14 27
28 73
24 40
10 38
20 32
0 16
2 18
12 87
5 11
27 20
19 81
17 60
8 85
27 19
17 55
14 24
22 65
26 15
17 4
8 66
6 26
10 84
0 99
12 89
29 8
20 31
9 17
10 2
4 91
6 85
21 93
26 91
5 49
9 38
1 85
2 20
2 71
3 81
30 77
26 15
12 48
25 4
26 48
5 67
29 85
14 50
20 75
23 39
7 48
10 97
20 83
21 79
0 28
25 20
28 33
25 97
18 78
24 68
26 92
21 44
29 76
2 1
6 67
29 30
22 12
9 81
18 48
29 29
4 48
19 39
14 2
28 45
1 49
11 28
27 36
11 11
3 54
12 11
0 58
10 100
14 8
11 90
17 91
12 63
29 47
13 15
11 33
29 87
27 27
8 56
21 45
19 14
14 49
10 87
17 87
1 36
26 25
25 3
28 91
20 37
19 97
2 71
25 68
11 21
14 48
4 4
16 40
5 96
1 95
0 15
17 59
27 25
25 74
17 11
19 88
27 41
30 37
6 55
25 17
27 78
14 80
28 41
27 66
5 68
12 50
0 63
15 52
18 24
5 47
24 91
23 95
1 10
21 46
14 49
30 75
3 80
1 1
3 40
0 58
19 47
2 14
30 62
11 60
24 73
5 74
12 21
22 39
14 79
11 82
28 51
3 47
29 27
10 21
17 94
14 5
14 28
24 65
12 84
17 17
17 48
28 54
26 10
3 67
21 97
6 44
18 95
11 2
15 13
28 50
8 37
10 96
10 70
27 4
4 96
15 31
19 55
1 86
20 21
13 57
20 29
15 19
8 93
16 95
16 10
25 9
5 65
22 27
1 5
29 10
12 49
25 76
8 18
29 90
27 65
0 49
28 17
17 46
10 87
3 82
25 33
14 84
20 22
7 18
15 53
4 51
23 33
15 44
10 45
24 86
29 23
23 97
0 90
10 97
7 22
26 69
22 74
21 27
18 67
15 59
14 28
13 47
5 93
0 73
1 43
0 86
18 70
14 36
19 94
22 49
4 18
8 44
29 69
30 46
22 73
22 82
28 23
14 33
17 64
12 79
8 54
8 41
14 16
5 79
24 94
15 11
9 17
19 23
10 1
29 67
24 96
19 58
5 33
8 15
4 93
18 83
17 4
28 53
28 83
17 22
28 73
15 5
16 14
21 86
9 60
15 67
26 54
29 67
29 36
27 2
21 26
3 11
7 6
1 34
24 50
0 25
15 76
27 73
19 80
19 28
15 46
13 54
8 52
10 78
19 23
8 60
16 7
14 76
9 39
15 10
7 38
9 34
17 71
21 67
9 83
12 12
6 1
28 24
21 8
12 13
4 97
14 34
30 8
19 1
0 86
1 25
28 55
30 86
7 73
2 55
20 55
9 41
12 43
17 67
28 54
21 46
2 97
8 66
26 50
24 71
8 73
8 92
12 45
4 35
30 79
14 2
26 38
12 94
24 54
7 73
21 23
11 58
16 92
13 95
17 46
10 68
14 97
29 80
9 58
17 60
0 21
29 30
20 27
11 82
3 41
20 58
0 36
22 94
10 98
9 5
14 43
23 24
4 52
16 17
11 6
14 43
1 65
26 93
2 26
9 5
27 14
24 21
6 10
21 59
13 30
5 5
21 28
20 89
0 100
28 49
28 88
6 88
2 17
16 6
2 9
10 74
10 61
15 72
2 39
11 56
7 78
23 64
9 38
5 93
3 5
12 21
15 55
8 67
24 68
25 15
6 88
20 48
9 27
2 73
20 26
28 100
19 29
10 4
4 46
1 50
18 57
29 14
9 29
15 55
27 30
29 15
12 26
22 90
23 91
8 41
9 44
18 27
20 65
9 65
27 45
0 86
19 53
6 64
2 49
3 34
2 45
25 32
8 91
14 28
3 85
28 16
2 27
8 15
15 15
24 64
23 1
26 33
3 61
15 89
3 18
27 27
1 29
21 77
12 39
29 44
19 40
6 32
9 52
11 1
25 16
12 3
9 37
23 35
5 82
17 53
25 74
16 52
18 24
24 94
7 33
11 29
5 51
3 23
14 53
18 68
25 69
21 90
17 8
3 87
7 23
9 10
25 29
4 43
15 63
4 96
23 6
17 89
20 35
4 6
27 23
10 43
20 96
5 51
25 90
11 98
17 1
17 39
13 44
2 37
6 20
17 78
24 55
28 100
26 15
23 70
23 75
9 4
20 17
21 84
22 92
14 11
25 12
10 59
5 58
30 7
7 4
2 92
18 75
10 56
29 19
10 11
11 44
16 98
1 84
18 76
27 63
6 6
21 39
22 67
24 63
17 2
29 83
9 5
0 11
25 79
20 82
5 1
12 38
0 96
30 56
25 32
21 58
3 95
28 72
24 12
26 63
15 87
17 85
16 40
22 5
29 11
12 11
5 72
17 30
15 6
28 24
28 33
3 58
24 7
1 43
28 35
17 5
5 23
25 22
30 34
27 44
16 2
10 3
26 63
14 18
5 75
6 13
9 82
18 2
22 14
22 64
13 94
16 85
18 48
27 25
13 13
25 55
3 60
4 13
30 27
12 12
10 11
5 51
1 29
12 31
8 98
11 66
23 14
14 66
6 39
22 67
24 64
9 36
19 29
17 60
18 8
8 73
1 1
21 48
4 13
1 27
2 19
10 45
23 94
3 50
1 64
27 38
2 86
30 41
25 51
26 9
14 42
29 56
22 61
9 39
28 21
30 77
5 5
3 8
16 2
6 66
30 25
8 58
26 91
26 63
26 19
19 31
7 68
17 9
29 13
15 88
27 68
24 40
3 1
18 6
6 29
24 35
16 33
23 46
27 57
4 35
4 69
0 21
26 26
23 18
29 54
23 9
21 54
9 1
15 20
16 89
1 45
20 20
14 65
30 46
14 80
4 4
20 28
29 95
24 9
5 100
24 94
2 3
28 2
3 19
5 48
18 11
29 57
11 48
2 6
28 26
8 43
4 23
15 43
12 98
16 55
25 5
24 99
29 95
5 15
19 26
26 85
18 81
27 55
0 32
27 81
16 30
22 61
12 70
9 14
11 64
5 18
15 92
10 11
25 71
25 68
25 73
13 45
8 27
5 74
5 17
8 86
26 64
13 27
26 55
29 69
28 62
23 16
10 21
18 92
17 9
3 36
20 79
16 30
27 56
23 60
9 22
29 51
5 37
20 43
2 2
25 27
11 82
30 95
18 73
25 49
15 18
27 2
13 9
20 20
5 50
3 84
16 52
22 38
28 13
10 46
7 66
18 79
0 4
5 88
2 6
26 72
14 23
15 75
14 32
16 19
19 19
30 54
26 62
27 84
21 76
18 60
15 54
18 36
2 80
20 44
30 97
8 47
7 15
28 77
15 64
21 72
6 60
21 1
2 92
30 28
7 89
11 94
16 84
7 64
21 11
0 19
15 2
12 17
29 59
3 25
19 19
10 75
2 36
0 36
6 29
12 43
10 81
10 61
3 70
22 85
29 1
13 74
27 13
20 81
23 78
6 73
5 89
18 21
5 42
28 11
28 22
5 8
23 90
27 52
26 88
11 75
27 91
21 7
26 63
29 29
26 53
18 11
10 49
12 50
0 69
27 31
20 9
10 23
24 37
1 67
12 27
7 10
6 25
11 42
3 69
7 50
24 100
9 37
6 72
14 38
28 45
21 81
7 17
8 32
1 74
3 44
17 25
14 82
0 91
19 31
7 49
18 77
26 15
26 73
16 23
14 47
8 67
18 21
15 72
29 99
30 90
9 25
6 23
11 19
17 13
1 36
2 12
26 88
14 76
24 54
19 91
16 86
7 16
14 81
22 83
18 76
21 26
19 56
17 14
14 6
0 69
14 93
2 90
7 8
7 52
13 46
26 90
12 4
20 95
13 83
13 85
6 38
14 76
17 86
17 45
27 97
12 59
11 45
1 88
26 67
11 44
24 58
24 39
28 38
2 20
24 10
4 62
16 61
22 3
12 78
16 64
1 82
18 58
17 38
20 85
17 65
22 89
4 96
22 19
23 31
1 86
23 79
19 3
17 33
3 57
28 68
25 50
27 65
13 23
25 48
20 76
1 74
18 34
9 93
2 32
30 17
7 97
26 75
19 1
29 11
17 72
21 22
18 15
14 40
7 76
1 89
1 8
3 58
27 56
29 14
19 69
10 99
22 27
12 7
16 84
24 41
26 20
26 39
20 50
6 3
13 71
7 46
6 96
30 80
1 53
29 51
7 99
4 28
26 6
30 63
30 79
4 19
19 74
23 67
3 68
25 55
5 88
0 92
27 34
14 35
16 22
14 36
18 75
22 9
29 85
12 67
10 80
25 35
27 83
10 87
30 43
25 54
1 50
20 81
7 72
2 29
11 95
2 27
5 38
1 23
20 49
12 92
11 87
24 70
25 89
4 78
13 54
9 88
28 47
4 81
18 12
29 69
16 69
2 9
24 86
13 97
12 85
8 69
22 21
6 3
14 32
8 13
18 56
17 36
18 73
0 90
7 95
20 70
23 48
19 75
2 68
21 9
26 7
30 34
1 11
25 80
11 82
7 65
8 20
26 89
22 52
15 31
24 66
21 40
1 49
9 60
25 26
5 42
4 5
24 67
0 90
10 40
28 18
2 21
17 17
8 25
19 6
27 92
11 50
20 67
18 32
18 42
15 29
5 96
29 48
8 56
2 70
24 87
20 9
22 47
22 63
2 53
10 84
7 75
15 93
2 17
5 71
26 32
10 72
21 22
28 95
1 92
26 94
12 51
15 46
25 71
13 13
2 52
13 63
9 55
2 26
22 70
10 42
17 27
29 10
7 60
12 38
27 48
1 83
8 32
1 89
3 59
20 74
27 7
21 12
15 48
24 38
28 22
2 45
15 49
2 12
5 85
12 68
22 33
6 81
17 50
4 13
0 35
24 63
10 36
27 19
27 11
24 45
28 21
25 57
12 71
6 54
11 21
29 99
23 96
29 68
0 15
20 9
6 78
24 94
9 8
25 95
10 31
0 27
23 6
12 63
30 12
25 7
29 48
25 83
14 80
27 20
18 36
5 100
26 8
4 22
17 32
7 8
17 19
18 29
21 73
29 14
13 26
5 100
19 67
26 80
21 30
28 36
14 18
27 72
11 28
8 87
24 71
28 33
0 22
14 30
17 16
30 98
14 69
21 71
24 7
28 69
28 1
22 72
28 59
20 15
7 18
3 39
18 58
0 75
8 10
3 10
24 9
25 88
28 41
8 86
26 71
23 2
7 55
0 5
28 83
23 89
19 54
25 22
16 41
7 60
0 55
9 56
26 71
26 95
21 30
24 84
16 95
22 71
8 32
16 93
1 94
29 50
11 34
11 65
0 19
0 79
20 44
5 33
3 57
27 36
11 15
25 36
22 76
20 67
0 58
26 58
15 12
10 40
11 46
23 40
4 91
23 41
27 64
17 48
1 34
1 11
4 69
28 14
19 42
16 11
22 88
25 50
18 62
5 65
2 91
17 17
26 37
21 20
9 84
26 10
8 56
14 93
1 62
19 5
6 72
28 93
15 47
19 88
20 82
5 21
6 82
25 73
30 24
1 42
18 9
0 45
8 33
4 45
26 67
13 86
5 41
1 10
23 10
14 61
22 45
27 1
0 40
10 49
24 54
5 12
5 79
25 28
0 68
29 37
22 48
14 10
29 7
12 92
7 76
5 34
15 41
11 80
28 48
9 91
5 57
24 35
0 47
2 12
2 4
29 58
11 41
29 63
3 95
22 95
1 87
7 2
12 70
22 30
3 82
7 38
13 25
7 22
0 68
0 23
19 97
1 81
16 36
20 28
19 28
11 76
13 36
19 99
12 20
18 42
16 54
25 5
18 44
22 64
27 96
8 86
23 2
11 47
18 16
12 74
7 1
16 83
19 93
5 54
22 5
27 23
23 98
17 4
17 78
6 26
26 48
19 45
20 52
28 85
20 44
24 38
2 9
4 67
21 62
12 67
26 70
6 22
11 43
26 76
20 66
11 61
6 36
19 18
12 97
23 75
28 41
27 19
17 48
1 41
5 57
18 69
18 18
16 22
0 90
22 44
4 54
23 85
3 54
3 85
15 53
0 52
5 41
14 69
9 67
24 36
11 22
29 9
17 76
0 91
14 89
6 19
19 41
19 40
22 16
5 55
1 33
10 87
26 26
25 15
27 81
16 56
18 53
28 64
3 79
7 72
30 22
17 91
3 11
26 73
14 32
3 16
1 19
21 38
27 51
5 49
6 54
16 44
13 45
2 53
21 34
1 67
18 37
23 72
9 11
12 16
13 66
25 30
6 86
23 15
10 30
15 45
21 77
6 9
11 41
22 24
25 6
24 98
8 35
3 40
19 47
7 73
1 58
10 22
29 74
3 8
22 81
12 99
17 59
1 40
14 24
25 57
14 21
17 84
15 94
11 62
12 84
12 39
13 64
17 61
30 77
4 50
12 57
17 32
13 54
9 80
10 43
17 7
4 7
19 67
18 67
18 52
9 37
14 72
10 67
16 45
11 40
17 19
22 26
8 88
15 2
14 1
7 36
2 6
23 59
21 67
26 31
3 87
13 88
8 100
9 57
5 11
14 96
0 14
5 63
24 2
6 55
27 60
4 28
27 72
27 68
11 12
21 98
21 75
4 92
16 75
24 48
28 82
9 15
26 92
6 56
11 92
27 58
9 41
20 68
0 62
15 33
7 81
17 96
18 58
24 16
12 79
9 63
25 45
10 71
12 90
16 39
12 57
22 71
3 87
15 98
0 67
27 69
0 21
22 64
6 54
24 79
10 70
19 56
9 84
7 96
18 94
12 10
20 43
21 18
15 31
28 80
19 55
21 30
30 92
3 63
27 53
20 70
18 17
2 82
10 68
12 47
24 81
18 41
28 16
11 29
26 14
18 56
21 29
29 74
9 54
24 23
8 17
13 87
5 73
19 66
7 29
23 28
7 47
19 44
6 84
13 51
3 21
12 12
9 70
14 84
19 14
25 15
0 94
6 94
0 36
18 6
11 50
20 14
8 15
19 42
21 25
30 71
29 82
22 85
9 44
11 23
10 13
11 92
6 66
21 60
21 100
0 75
24 69
17 7
23 82
11 57
22 46
10 33
17 53
0 34
4 49
26 27
18 14
26 62
30 100
6 47
1 100
27 86
22 22
3 31
11 47
3 25
2 83
6 26
30 12
24 87
0 55
20 90
25 54
10 36
30 11
17 59
29 85
3 57
26 96
4 46
30 40
8 11
30 52
15 5
28 90
27 25
26 20
26 55
16 39
5 13
4 18
4 28
16 79
9 99
24 57
18 78
13 73
19 63
20 68
25 86
27 80
4 6
28 12
17 40
0 97
29 42
14 52
21 77
30 96
15 95
18 35
18 58
22 76
24 100
13 20
23 71
3 65
10 41
13 4
18 85
3 13
4 89
5 49
28 8
29 77
18 37
5 18
17 95
22 69
21 29
16 66
30 44
12 90
17 18
6 26
15 6
4 66
13 80
15 64
20 24
26 98
30 5
30 68
13 89
0 90
30 96
0 100
4 53
21 57
22 69
19 13
16 55
5 32
5 25
12 8
1 82
24 25
28 22
9 8
16 40
3 60
27 80
14 70
15 76
3 8
18 92
3 40
8 38
8 28
24 48
5 22
8 4
25 80
1 69
19 4
9 20
5 53
24 51
23 70
23 85
10 97
14 78
29 44
5 94
11 76
1 42
17 16
28 83
5 100
22 88
17 85
24 48
26 17
3 8
18 20
30 33
0 48
0 72
11 47
14 14
10 74
30 81
6 17
30 37
13 9
21 7
26 13
30 70
26 38
15 65
25 32
12 78
20 58
21 53
21 57
16 6
6 22
24 87
21 70
12 63
12 8
14 22
8 25
6 72
19 72
7 69
4 71
25 33
9 48
18 24
16 72
13 17
16 68
11 96
17 97
24 82
5 33
1 57
13 28
23 3
8 62
21 43
3 4
12 59
20 24
2 53
26 96
4 35
18 60
13 5
14 12
25 11
14 73
4 57
10 84
3 63
26 66
5 64
24 28
15 74
20 63
24 11
23 1
1 63
14 23
18 64
27 37
25 50
11 85
20 68
21 74
21 14
2 22
18 70
20 22
5 40
30 81
7 4
4 20
3 78
29 68
3 3
1 28
28 40
0 65
4 83
5 14
25 78
3 71
25 29
29 64
14 40
20 81
23 89
9 65
21 13
7 87
20 3
12 11
23 52
28 80
17 26
3 29
13 92
10 42
6 48
2 16
23 23
25 79
16 80
8 19
9 91
3 15
24 42
17 91
15 40
29 83
1 7
6 54
28 19
0 30
23 46
11 96
24 63
10 75
8 77
11 23
25 76
12 23
7 99
16 54
16 13
1 23
13 30
5 23
23 65
12 31
24 24
20 2
30 61
5 85
1 65
30 57
24 43
3 78
17 94
4 22
30 96
20 69
12 63
6 66
2 20
27 88
15 15
24 41
15 19
2 14
18 53
14 35
11 50
30 22
13 88
21 59
6 36
26 27
0 97
3 38
20 22
11 77
13 71
6 39
12 17
21 27
27 44
17 37
28 4
8 95
1 47
16 32
2 81
2 96
25 91
27 60
5 39
17 19
18 12
24 47
9 20
20 97
12 76
6 29
6 8
29 50
9 75
5 12
1 24
6 63
7 86
11 66
24 19
8 9
19 75
18 96
13 56
19 86
10 94
11 5
7 92
3 86
4 76
26 91
11 58
26 13
5 56
22 54
26 23
30 3
2 60
15 66
8 52
16 98
17 74
23 11
11 63
16 22
29 53
24 77
6 41
21 34
28 8
9 58
19 13
6 99
12 12
17 83
11 87
9 8
19 73
14 71
12 45
26 59
29 22
27 16
16 37
8 31
6 39
23 30
17 60
28 14
30 81
0 23
2 80
25 94
2 49
26 22
8 32
20 12
24 61
30 62
19 60
7 5
1 31
5 58
27 96
21 65
17 12
30 58
8 49
7 85
11 29
12 24
5 41
30 40
16 25
28 59
9 35
11 63
16 45
2 59
26 31
2 91
7 63
15 78
17 75
27 25
7 12
19 8
11 2
17 30
5 80
25 79
27 15
15 53
11 92
14 5
22 16
2 35
21 15
14 84
5 10
30 40
7 88
30 28
15 20
16 80
9 56
24 71
0 71
11 50
20 19
6 2
2 37
13 4
12 86
7 72
19 20
19 64
29 72
1 73
11 55
9 35
14 88
2 66
30 64
5 11
17 92
13 92
0 4
28 9
7 29
21 35
7 22
4 26
16 37
10 11
7 56
7 55
6 30
16 63
29 50
24 78
15 39
29 19
2 17
26 90
25 87
26 97
29 72
20 44
15 53
22 39
18 82
26 25
9 44
27 19
6 7
10 12
17 66
15 11
2 9
15 38
25 63
25 9
2 3
20 69
0 29
4 32
19 86
29 21
15 74
29 69
16 62
15 24
8 15
8 70
23 18
8 18
15 54
12 56
29 10
14 87
21 8
18 84
10 84
1 53
0 9
16 42
8 56
30 73
11 51
16 93
29 32
1 85
9 76
23 93
23 100
13 99
21 32
7 91
26 58
12 15
5 65
12 50
30 42
10 17
2 70
1 97
1 86
25 42
30 12
17 58
3 98
29 83
19 97
26 12
0 57
6 37
7 40
18 15
16 79
11 27
2 35
17 79
3 59
23 22
0 7
27 54
7 66
5 61
29 86
18 31
15 21
22 22
13 17
25 58
12 9
23 57
25 59
6 74
13 32
13 85
5 91
6 82
30 44
30 67
16 38
4 95
18 7
5 31
2 62
30 95
30 80
2 62
26 35
15 7
10 20
20 47
25 48
18 78
26 23
20 22
14 22
30 27
16 20
12 37
15 33
8 99
14 38
22 53
30 39
6 10
23 77
18 18
28 9
25 29
22 49
0 58
11 66
22 60
25 39
13 10
11 96
5 45
10 11
9 87
25 73
13 41
3 3
11 50
0 99
4 5
3 70
9 71
0 73
8 14
23 21
29 39
30 14
23 17
17 42
29 43
1 74
16 2
16 94
29 9
3 35
7 42
13 9
7 39
15 85
21 44
14 52
3 11
29 51
8 51
8 56
29 97
17 47
29 43
7 70
23 28
8 15
9 64
11 26
24 28
30 75
13 77
4 89
6 34
9 69
19 44
13 45
7 82
21 45
17 20
7 33
21 19
28 18
15 28
6 87
29 92
12 38
10 69
9 1
22 30
10 45
10 45
3 18
13 27
25 60
30 52
2 6
20 44
3 60
30 70
12 74
30 70
24 3
12 35
7 11
13 9
21 30
12 25
24 91
0 73
18 47
6 53
24 22
3 95
23 58
3 68
2 79
29 65
7 85
6 69
4 30
24 66
22 84
30 35
23 69
2 66
28 36
21 33
14 26
25 80
28 38
29 25
30 94
22 84
21 89
27 56
11 28
4 31
15 50
14 27
14 91
23 44
22 92
20 5
4 59
11 14
9 69
1 51
16 80
26 5
16 30
12 27
21 10
20 32
26 85
20 76
19 31
28 24
21 52
9 13
15 79
23 86
21 22
26 45
14 83
25 35
15 38
6 16
5 96
13 69
15 53
23 40
26 28
8 57
22 23
26 23
22 37
20 37
10 7
2 7
24 28
23 47
9 62
6 9
17 46
13 60
7 99
23 99
17 68
26 5
2 19
14 37
10 50
18 76
22 80
3 88
29 10
29 28
19 58
2 2
19 59
30 10
14 21
23 54
10 75
25 50
8 11
9 81
19 33
12 29
20 60
9 33
30 32
0 62
24 60
21 77
19 72
25 77
26 32
8 70
27 32
11 8
12 2
1 84
8 58
0 81
26 67
24 55
25 29
17 60
30 84
19 80
29 44
19 80
30 40
27 3
15 31
0 90
25 85
9 43
29 41
3 66
11 95
28 93
8 48
4 38
1 19
8 21
1 4
14 28
29 85
24 75
5 39
9 65
29 85
7 90
14 21
11 9
18 63
17 29
28 36
19 31
19 88
9 16
2 78
24 87
11 54
2 6
5 75
25 74
5 29
11 94
18 62
14 67
9 80
9 33
24 59
27 94
10 99
16 3
7 4
9 85
8 65
14 45
3 33
4 35
10 59
30 51
12 72
27 1
28 1
2 34
2 49
7 33
18 10
1 86
9 84
24 98
7 48
6 4
27 30
21 11
23 10
12 65
24 69
29 9
22 93
29 6
0 67
26 65
28 38
21 34
28 68
20 73
6 71
23 57
23 58
2 63
24 65
4 77
18 45
24 61
3 39
20 81
1 91
