100
27 59
25 35
30 67
20 14
17 38
17 14
11 46
4 70
1 72
3 48
3 60
20 53
4 83
0 2
21 73
13 100
23 12
30 53
15 62
2 19
9 19
12 42
9 21
5 88
13 82
21 76
0 66
22 99
8 75
4 23
10 73
28 63
3 32
22 78
23 83
4 57
29 90
7 87
2 76
23 29
11 58
18 64
1 17
28 81
27 95
18 99
8 30
8 58
11 6
28 40
14 89
5 28
19 67
9 11
4 61
30 67
4 81
15 95
13 51
6 63
15 62
4 97
11 77
9 51
12 2
5 24
29 48
27 57
20 100
28 43
0 12
12 65
11 26
2 62
26 36
6 15
2 94
2 65
22 6
1 11
25 63
0 37
24 83
6 98
23 56
19 68
27 40
24 86
27 49
17 91
26 72
23 86
1 96
13 38
13 10
20 35
1 5
30 49
16 34
2 3
19 10
10 2
9 76
9 82
28 7
17 18
5 44
3 31
6 1
17 86
12 88
0 90
22 56
15 20
1 85
6 91
28 53
2 73
12 47
6 64
21 77
29 37
4 4
15 72
28 77
18 89
30 26
17 49
27 11
15 39
0 33
9 44
28 66
1 12
18 33
13 20
0 65
11 68
10 22
2 96
26 42
29 28
28 73
14 93
9 22
10 92
5 98
16 87
29 93
19 89
10 91
16 11
15 28
19 29
14 49
5 73
19 96
0 61
14 15
30 49
22 22
19 90
18 5
20 1
5 47
14 68
18 84
1 48
23 5
20 49
10 87
26 31
30 14
29 57
20 100
9 14
3 10
0 48
16 83
13 100
15 15
19 27
30 69
16 100
20 7
14 92
11 54
19 93
16 1
1 39
25 25
27 88
30 13
21 99
17 72
19 41
23 42
2 73
26 92
26 79
4 49
21 6
4 32
17 41
30 80
1 33
5 83
14 99
11 46
0 42
21 40
9 43
23 69
21 53
25 90
27 34
15 20
19 83
11 41
2 74
29 56
5 4
14 77
10 7
11 60
20 97
25 3
29 3
19 23
7 72
20 68
11 12
27 73
19 79
28 32
1 39
27 21
20 94
24 5
17 55
14 90
29 91
13 31
14 95
0 60
28 17
30 91
26 16
27 49
10 53
28 74
24 24
16 68
23 44
14 29
20 98
20 89
14 85
11 29
8 3
18 85
13 40
22 2
27 16
22 9
19 36
13 93
1 48
8 17
28 54
30 77
3 45
15 78
22 16
27 45
16 30
9 90
27 67
30 76
19 20
16 53
25 21
7 42
4 10
2 23
7 63
21 91
4 64
24 38
13 46
24 52
5 2
10 27
3 64
3 42
6 5
22 21
19 57
11 34
26 46
20 92
9 100
24 27
13 42
10 67
21 95
22 40
10 31
21 6
5 98
4 5
5 83
19 30
7 62
20 94
13 87
15 44
24 37
3 76
8 90
4 51
11 30
14 98
10 94
10 97
0 60
25 27
0 92
26 43
6 77
24 7
13 98
20 55
19 68
2 97
8 37
18 50
2 86
12 86
28 47
17 37
17 72
28 49
22 20
5 3
26 23
13 32
13 48
8 85
3 78
2 8
24 39
7 11
13 1
25 89
14 33
0 37
19 53
5 56
9 97
15 63
23 43
4 84
15 3
17 7
25 36
23 78
12 35
4 79
26 49
21 40
16 46
8 4
5 4
19 91
3 87
30 92
12 93
6 8
11 31
26 44
16 91
7 15
26 30
8 79
2 5
26 74
0 32
22 91
4 91
21 60
19 46
8 53
14 60
22 88
22 37
17 93
0 17
26 87
5 51
11 64
5 86
5 93
6 79
21 43
28 96
29 37
11 12
6 82
21 73
17 38
12 12
25 62
18 91
25 74
12 68
21 90
12 4
12 79
8 58
21 69
5 50
5 33
30 29
4 96
30 48
3 36
3 8
16 68
24 68
1 90
24 52
22 65
22 19
5 90
26 46
8 50
16 22
26 62
18 44
1 22
5 89
11 8
26 62
16 13
26 66
17 65
28 21
25 31
10 81
21 86
17 56
14 64
6 90
25 85
21 51
27 4
28 86
8 9
29 83
10 45
24 3
4 64
24 48
3 29
18 31
6 14
18 14
16 73
9 24
3 24
21 88
16 81
12 79
16 34
1 34
12 62
2 45
9 98
5 64
17 27
15 96
3 53
7 4
15 53
5 69
9 79
3 53
17 69
10 43
7 5
17 78
11 77
2 56
12 24
16 50
0 56
21 69
18 64
7 95
15 34
21 3
14 68
18 31
30 8
2 68
18 50
12 22
21 82
15 10
25 54
13 48
4 82
13 56
6 81
13 36
5 65
12 95
14 65
21 55
6 60
15 39
12 16
7 83
30 89
12 73
10 88
27 35
1 97
21 52
19 27
14 7
25 42
8 45
14 68
24 1
19 21
3 73
21 97
13 41
14 14
22 44
23 60
14 75
30 98
10 12
11 58
8 87
13 40
8 13
3 60
28 20
7 76
12 7
20 41
10 55
25 57
26 1
23 19
9 19
28 59
1 40
28 84
23 29
3 98
25 5
25 77
3 77
10 90
0 81
1 66
13 53
5 93
6 71
7 71
13 44
29 11
25 76
21 17
5 57
19 45
13 46
19 94
26 51
12 4
29 83
1 10
13 88
10 58
21 3
3 46
25 55
24 47
4 77
10 32
21 20
17 99
8 56
22 10
27 46
29 75
12 76
19 59
29 40
22 72
27 20
22 14
21 69
14 18
11 50
13 22
1 51
24 27
5 70
3 35
28 67
12 56
20 40
13 32
1 39
17 38
0 42
3 73
15 78
25 8
8 98
2 23
27 16
24 42
29 47
25 98
17 45
2 14
7 22
30 83
6 96
20 62
13 30
11 92
15 72
9 28
6 88
28 81
11 70
10 92
25 98
8 40
8 64
9 86
9 7
27 97
6 63
15 56
9 27
22 34
19 48
19 51
20 51
25 41
2 30
22 80
24 33
28 8
1 60
18 12
20 97
30 64
21 53
10 91
22 27
26 92
4 4
3 71
14 36
22 65
5 30
1 87
11 62
25 86
1 44
30 12
26 85
17 80
1 44
17 35
3 38
16 56
19 12
29 66
8 72
29 97
6 99
13 50
18 25
23 57
14 48
25 67
21 92
30 28
4 58
8 85
1 72
2 91
4 62
0 12
27 28
25 94
20 27
9 14
16 91
5 28
2 35
25 47
9 100
22 52
30 23
24 33
5 26
27 13
0 96
16 69
30 97
27 64
25 83
26 49
14 87
23 32
2 21
18 59
12 7
22 66
16 79
5 61
9 65
6 97
5 62
1 99
19 32
0 16
22 68
27 89
18 28
2 39
28 83
7 13
21 64
4 46
22 82
30 61
16 48
7 20
13 18
23 53
0 44
18 18
15 2
22 59
27 97
1 53
10 4
19 40
13 61
21 56
29 70
21 44
28 71
9 23
29 85
4 18
1 78
22 89
14 49
24 23
19 22
9 33
12 64
26 49
15 2
11 51
25 77
18 72
23 45
4 52
29 18
1 80
28 19
20 96
30 29
26 16
20 81
6 48
22 8
14 56
3 3
30 30
11 10
23 87
28 15
13 39
9 43
5 55
12 6
28 98
18 59
8 45
27 76
0 12
19 12
2 10
29 80
19 34
5 93
14 11
1 55
4 34
2 41
13 7
25 35
24 57
29 30
2 71
0 2
0 25
18 96
5 16
8 36
16 97
5 88
27 6
5 76
7 93
4 61
3 40
17 3
29 15
6 11
9 79
12 15
21 51
10 13
27 34
23 32
25 48
16 81
26 81
21 48
5 37
0 82
13 92
10 39
22 43
9 10
20 33
7 86
0 15
20 85
2 25
2 41
2 7
7 54
0 24
15 66
20 31
22 2
9 85
16 21
1 9
6 5
27 32
22 47
23 67
2 8
1 5
9 39
9 83
24 46
3 48
5 75
3 55
13 58
3 10
7 36
23 74
2 71
2 41
25 22
23 17
4 94
3 74
19 36
23 89
20 7
25 18
1 5
17 69
30 79
6 61
0 42
21 56
30 100
14 72
30 77
18 7
26 41
20 40
17 14
9 59
0 66
20 60
22 17
2 70
12 62
10 14
11 49
21 23
10 15
26 42
18 69
9 100
0 50
28 100
0 99
8 19
17 30
16 45
9 20
28 14
4 62
4 100
15 96
25 91
19 33
1 32
7 75
9 13
22 78
28 100
17 1
13 10
9 36
8 29
26 28
8 67
11 50
14 17
12 96
0 10
13 22
19 49
20 7
28 61
13 38
8 15
29 53
9 44
19 99
14 47
5 12
10 5
28 28
4 62
9 12
24 17
17 48
4 92
8 12
20 33
13 50
14 58
24 26
26 36
15 6
8 78
16 83
12 95
25 19
5 12
10 78
8 35
17 30
14 77
27 100
8 53
15 35
23 83
29 74
22 84
29 46
27 9
28 35
26 57
24 26
5 43
22 92
24 30
10 95
3 17
29 68
12 63
7 58
19 44
10 12
18 9
4 78
6 49
30 22
17 75
13 75
5 56
23 39
23 33
1 27
22 84
20 90
9 20
6 20
30 57
20 37
20 4
19 43
18 22
17 49
14 94
16 30
20 78
10 6
12 20
29 60
24 74
5 11
17 99
2 45
26 4
30 89
22 19
25 80
14 48
16 29
10 23
18 44
6 81
12 18
15 100
26 19
14 72
27 33
25 17
20 61
24 11
2 73
25 7
27 95
22 45
22 36
14 78
27 26
4 34
7 9
1 25
25 87
15 6
24 80
10 74
6 93
5 44
9 9
5 3
30 17
11 99
5 32
18 95
15 21
7 59
13 51
30 41
12 26
17 34
11 41
4 48
25 65
6 92
24 51
20 89
19 31
12 15
17 76
20 98
21 1
19 98
17 68
1 11
11 16
30 33
13 61
29 27
15 65
17 59
4 50
14 89
8 64
18 9
9 25
6 5
18 49
9 30
20 36
10 98
28 27
20 35
24 43
15 57
25 36
9 8
5 35
14 45
28 46
28 61
14 69
24 89
8 83
6 24
17 38
3 46
25 31
24 96
21 76
14 32
23 96
21 75
27 3
7 16
2 40
30 65
27 55
24 47
30 76
1 38
16 21
25 20
28 26
16 41
13 8
3 86
21 97
8 13
17 68
11 75
21 30
21 53
23 9
19 34
19 93
21 29
23 11
6 16
25 1
6 77
25 27
13 78
13 1
25 18
30 10
6 12
16 32
20 53
2 88
24 74
19 20
26 82
12 69
20 31
24 97
23 31
24 82
14 100
15 99
25 51
6 18
17 21
4 72
16 55
29 99
27 53
7 12
12 19
17 68
24 18
0 37
17 31
6 28
21 21
7 28
21 18
1 39
6 74
29 54
30 2
22 81
20 82
29 72
1 65
18 31
10 71
24 54
2 86
0 77
29 20
23 4
19 36
8 37
15 90
9 85
19 49
8 29
8 28
20 24
11 84
30 19
25 89
25 98
3 7
7 72
24 74
20 76
13 72
0 59
17 61
22 16
2 86
12 53
8 84
21 25
19 49
19 57
30 33
11 44
2 66
25 19
16 43
6 28
13 35
29 33
6 6
28 73
1 99
30 11
27 64
28 49
29 90
30 16
29 36
28 68
20 33
30 18
7 18
22 33
17 61
16 29
7 9
4 97
18 65
29 76
22 54
20 6
2 19
7 31
11 38
16 91
9 22
20 51
21 48
2 85
23 90
27 75
23 47
12 67
11 29
8 67
15 71
26 30
12 61
25 55
30 84
29 43
24 82
4 7
4 78
19 27
16 99
29 60
6 11
20 50
28 57
23 81
1 47
1 18
0 11
25 81
17 4
30 11
19 95
25 64
10 98
30 85
15 58
10 25
27 99
18 57
19 98
25 7
12 92
23 90
4 10
14 75
11 19
18 70
5 57
21 64
3 13
18 20
15 41
0 12
12 43
10 7
1 11
0 66
18 28
16 70
8 93
3 56
13 63
4 54
16 56
23 85
26 75
1 62
20 44
30 83
30 27
13 48
30 42
5 52
19 91
30 28
29 84
28 67
22 95
25 40
18 79
17 77
9 23
17 73
12 67
14 40
14 49
25 35
16 74
0 15
8 19
7 49
30 77
0 56
7 78
7 88
11 46
18 98
27 13
13 68
19 32
30 28
29 3
28 20
16 35
19 44
15 85
26 88
20 86
23 79
25 25
4 74
27 57
10 40
13 96
21 79
27 68
17 3
15 99
1 57
19 75
26 71
3 58
9 8
28 23
17 35
8 52
2 23
14 34
30 97
5 74
8 74
28 97
12 23
6 78
23 68
5 98
7 45
3 67
16 80
2 100
7 21
29 75
18 8
13 14
8 51
1 59
27 65
18 30
25 40
14 41
18 56
10 47
30 38
2 77
19 71
28 39
15 21
21 42
1 76
29 36
26 70
27 41
16 22
24 93
15 1
6 9
4 12
22 95
12 10
21 84
10 18
2 48
2 71
16 15
28 8
16 47
2 5
10 57
3 5
17 80
29 9
2 46
23 56
2 27
28 72
11 11
4 43
17 72
13 12
15 32
2 61
13 88
25 15
12 97
26 72
24 73
1 27
29 93
30 98
25 41
25 50
10 66
2 36
27 54
6 39
24 28
12 45
14 32
4 21
22 25
7 13
18 19
24 88
20 28
23 7
27 13
17 10
17 25
5 48
25 26
12 1
12 12
15 6
30 96
11 66
9 62
29 1
9 29
2 86
27 8
7 96
10 67
11 17
27 98
22 97
14 60
27 1
10 3
29 39
5 81
18 60
24 52
15 87
30 45
26 2
30 81
9 45
6 4
16 26
30 54
22 53
9 31
17 74
10 47
0 95
15 86
20 91
22 31
10 61
2 75
6 12
24 13
13 31
23 60
10 19
25 14
15 92
13 47
1 9
27 8
18 98
26 66
9 72
20 39
10 47
0 15
20 28
9 27
24 50
30 18
0 85
17 3
21 12
12 70
5 90
16 70
4 67
10 17
28 72
13 67
24 22
29 37
18 58
10 55
10 8
15 87
13 51
28 68
22 66
0 98
21 42
1 21
3 59
2 85
4 79
28 36
24 41
26 79
15 41
13 21
23 14
8 59
0 90
28 7
9 19
23 66
1 95
9 81
14 65
4 57
24 6
15 88
29 95
29 68
7 97
18 59
25 98
24 38
20 49
11 9
3 89
6 14
22 50
26 58
24 73
18 83
11 54
22 3
17 46
0 64
19 27
5 46
28 99
9 30
28 4
12 49
28 38
15 70
23 15
21 19
22 1
28 14
18 48
18 65
17 9
11 44
20 83
20 89
10 46
28 61
25 87
28 99
26 61
21 1
5 22
14 70
27 58
18 16
24 20
20 36
28 6
27 39
18 100
10 9
26 80
26 96
7 51
28 9
19 57
14 49
9 89
29 65
21 81
9 34
19 37
28 72
7 68
28 98
14 48
12 94
22 23
24 26
22 64
9 26
8 65
29 55
3 97
2 60
11 99
22 83
29 82
19 76
14 48
17 77
6 91
1 48
1 10
23 34
8 22
7 13
23 86
5 62
23 53
7 83
13 37
7 4
15 58
7 34
13 70
10 67
14 7
1 72
14 29
5 69
12 11
15 68
2 50
9 45
13 6
29 64
17 17
16 83
18 45
21 62
13 42
6 49
15 70
22 86
7 39
30 69
23 25
20 6
21 64
19 37
22 82
23 2
5 55
18 1
13 9
18 33
0 97
15 54
1 82
18 44
17 97
3 32
26 8
20 53
11 99
14 19
25 80
10 100
4 56
14 34
7 19
5 16
15 75
19 13
20 80
9 1
13 5
22 94
6 57
25 5
1 82
7 44
23 48
23 54
2 60
2 61
29 44
29 78
4 53
15 61
10 5
15 30
1 49
5 53
0 54
2 50
0 10
14 20
24 91
13 52
15 35
5 58
5 82
19 28
26 34
7 85
25 20
24 81
1 35
6 78
19 25
13 15
11 19
5 2
30 85
16 83
12 67
28 13
29 40
15 76
25 45
14 53
4 89
6 23
23 84
20 17
11 18
2 55
28 4
26 29
11 41
17 24
19 27
2 49
26 30
22 30
29 50
10 34
5 83
27 96
6 11
6 25
9 48
11 98
5 32
4 100
11 78
8 67
26 43
19 54
11 3
17 80
22 7
14 16
29 68
28 32
17 44
6 31
25 85
21 29
12 67
5 35
24 13
16 72
11 57
26 42
18 8
4 13
29 80
22 93
3 34
5 79
13 16
16 24
29 62
0 93
10 45
19 72
30 3
1 86
18 69
30 59
17 11
20 50
28 62
28 63
6 16
30 55
1 65
13 19
27 57
0 45
25 89
25 1
9 60
23 52
21 49
25 30
12 61
27 3
5 65
0 85
6 91
12 13
9 90
26 34
14 92
22 58
29 1
10 49
28 47
25 20
12 94
2 15
28 47
5 16
1 81
9 16
5 10
17 80
29 27
10 40
21 48
23 39
4 25
8 79
9 51
16 76
19 15
19 16
20 21
9 21
2 63
12 67
8 27
18 52
24 98
25 55
16 87
28 62
9 18
11 9
15 58
18 97
20 11
23 79
22 96
18 5
1 11
27 31
19 77
2 32
2 45
2 84
24 79
29 25
25 34
10 98
2 59
15 24
0 11
1 91
23 39
19 7
5 87
17 33
13 96
1 87
11 17
11 83
29 45
14 58
6 34
17 94
25 52
24 52
23 3
7 8
8 16
18 56
20 89
12 97
12 2
28 84
22 25
17 32
0 11
7 91
22 55
30 14
14 73
21 52
19 62
0 61
16 59
2 29
28 81
9 9
6 45
26 50
4 36
5 62
7 9
4 11
30 17
3 58
2 93
1 27
4 52
24 12
8 99
18 93
30 38
10 5
11 21
0 59
3 67
26 90
28 62
24 94
5 50
7 38
29 74
11 16
27 60
26 86
20 53
28 97
0 14
23 49
28 14
13 2
16 26
5 88
3 41
29 86
5 25
25 40
7 37
5 82
28 41
23 35
26 34
13 61
13 54
9 47
11 9
29 47
25 22
23 33
23 62
29 90
1 96
17 36
30 83
12 40
8 81
10 51
9 60
18 42
19 21
27 79
11 76
25 29
24 19
26 76
23 84
0 38
29 17
21 80
4 57
20 100
30 25
1 42
19 79
22 44
15 1
3 40
4 52
7 69
29 26
29 50
9 71
13 3
9 71
2 73
25 80
19 99
28 48
0 21
12 68
16 14
11 47
18 51
21 85
16 72
1 57
14 94
6 38
25 64
24 33
6 97
1 93
30 42
5 76
30 73
16 51
29 14
7 8
10 66
7 30
9 40
18 27
15 28
19 12
4 78
13 17
1 37
17 68
6 74
2 21
7 35
29 59
9 3
25 52
19 90
6 45
22 10
10 81
20 9
13 3
7 57
16 6
14 72
16 5
3 49
28 86
27 87
3 6
2 29
27 13
3 81
24 12
10 50
30 19
30 31
19 93
18 65
6 17
15 62
4 85
14 73
4 72
8 71
28 91
26 87
25 91
6 7
17 58
27 69
7 98
30 88
26 89
11 94
3 2
18 98
10 29
10 3
13 30
30 76
0 56
15 56
30 89
11 43
7 93
20 60
2 95
9 1
3 63
1 21
9 15
12 38
18 76
15 78
14 29
6 34
13 94
27 100
3 32
17 68
23 59
26 25
30 37
21 38
30 96
13 59
0 82
0 65
12 38
17 62
0 97
11 71
11 61
27 60
25 16
12 86
20 80
19 52
11 37
16 36
24 15
26 54
0 63
16 3
23 87
22 37
15 54
11 49
19 45
29 93
8 56
14 68
10 97
10 100
5 44
13 32
19 6
4 39
30 66
12 52
0 83
26 6
1 60
4 79
27 70
18 59
15 12
15 90
2 33
18 87
30 63
16 98
1 23
5 32
14 48
5 49
5 85
27 9
9 62
9 31
2 23
14 24
27 95
24 79
9 42
20 77
27 89
18 55
20 51
11 14
11 27
0 43
5 10
0 89
17 76
6 56
7 68
14 94
26 54
7 63
30 15
17 38
5 21
18 89
15 87
29 76
14 43
4 4
4 87
22 47
16 62
29 10
30 99
26 21
24 55
21 3
5 41
15 80
5 26
22 67
6 72
11 59
16 45
11 20
21 85
26 26
21 34
8 41
3 60
28 55
7 76
27 43
17 91
4 97
24 18
16 49
13 77
12 83
25 29
9 16
5 56
19 29
23 9
15 100
25 42
20 62
20 44
25 5
25 63
15 74
7 41
9 46
13 80
24 71
3 42
28 49
24 59
27 21
15 70
5 37
28 29
7 84
13 40
3 16
3 55
7 51
23 29
24 18
2 52
20 91
12 82
3 64
2 36
6 39
26 27
30 39
7 83
19 94
4 93
20 3
15 34
20 65
0 27
9 96
29 26
3 44
21 18
28 91
11 41
14 61
24 18
23 53
17 4
13 2
8 48
10 34
13 58
27 70
5 96
5 70
21 9
1 75
17 97
2 50
19 71
29 63
15 3
25 74
22 64
24 1
13 95
14 86
13 42
24 54
22 50
7 89
14 55
18 28
3 49
30 67
20 20
12 8
3 75
20 40
18 64
2 12
21 1
19 75
22 93
24 33
24 92
1 85
6 1
24 84
1 66
18 31
29 3
22 2
27 25
25 82
0 65
8 88
26 13
22 81
26 69
17 84
28 38
4 41
22 40
28 39
13 48
21 50
13 83
0 70
4 40
6 41
22 81
25 4
16 89
8 84
0 68
26 81
23 63
25 57
6 22
19 15
9 55
19 70
13 28
4 100
6 77
13 32
27 16
9 43
6 4
26 99
21 19
13 10
17 31
13 70
16 96
18 75
29 95
4 19
13 12
26 6
0 76
30 84
17 34
4 86
21 40
15 44
13 5
16 64
22 21
17 81
21 42
11 3
22 41
8 41
21 96
6 84
16 17
6 13
26 57
13 65
14 40
9 32
15 96
28 21
30 56
17 68
1 86
30 4
5 48
26 69
22 46
7 34
10 56
11 99
0 58
21 58
13 83
10 40
8 98
7 70
5 65
8 99
1 9
7 95
20 90
10 34
24 96
20 85
12 100
9 36
3 54
10 58
21 15
18 62
29 90
24 27
24 96
22 9
26 39
19 16
21 22
16 86
19 43
14 34
4 72
27 21
2 34
5 10
6 97
14 61
29 83
11 3
24 72
17 65
16 67
15 7
30 51
5 47
27 83
16 3
2 74
17 53
29 87
27 41
30 41
3 90
29 39
25 82
28 62
26 21
16 2
11 2
17 16
25 87
4 9
4 2
25 44
6 87
21 63
13 16
14 27
19 8
4 94
28 21
5 14
25 22
20 79
9 59
11 73
1 74
5 3
15 93
7 6
15 32
12 95
30 29
11 31
4 73
1 82
18 13
0 39
18 37
22 54
1 18
30 33
27 24
0 15
30 73
0 10
14 86
9 37
12 51
20 100
1 1
9 55
24 31
9 85
5 94
2 3
13 1
0 67
16 14
30 93
9 41
13 90
12 60
16 96
1 48
8 69
5 1
24 26
3 25
4 59
14 46
15 34
18 12
30 35
29 15
1 35
22 91
6 41
12 43
30 18
24 88
3 7
8 10
3 44
6 89
30 68
11 7
25 99
15 57
25 43
14 68
25 42
15 11
2 33
28 51
8 89
19 97
20 8
6 52
30 69
0 37
13 42
28 29
10 94
29 34
24 16
4 11
9 36
14 61
27 25
0 32
10 7
16 60
11 97
0 30
29 43
3 50
23 39
3 79
1 85
25 1
5 87
16 38
14 12
15 94
5 33
23 69
4 18
4 45
12 94
8 70
15 52
13 66
27 29
29 17
1 97
11 75
11 27
27 8
16 88
30 92
29 34
10 78
18 46
28 33
17 71
10 18
9 99
27 54
18 26
26 49
27 8
12 84
3 88
11 40
7 7
10 15
2 93
24 53
3 72
30 88
14 12
30 19
8 15
16 13
7 94
1 95
6 9
15 3
23 91
8 77
21 10
4 91
22 50
11 4
17 90
0 23
16 76
3 85
8 98
23 28
20 36
15 93
28 2
15 69
18 83
1 77
18 85
18 2
23 20
7 94
25 10
9 90
11 65
16 88
21 42
29 38
5 58
29 36
2 85
18 33
7 52
29 47
30 42
4 34
9 80
22 91
25 80
9 80
4 40
6 56
1 27
13 73
0 77
5 40
11 41
4 2
1 82
21 6
3 65
22 40
2 100
27 48
11 54
4 69
25 30
23 35
11 10
16 73
15 32
25 56
21 31
21 5
7 73
10 74
22 60
14 33
21 73
19 13
24 33
26 64
18 7
27 69
25 51
10 71
7 29
11 15
28 70
11 85
2 72
6 45
22 16
26 75
19 38
25 65
15 59
30 80
11 71
14 85
5 100
30 33
6 90
19 1
16 35
26 60
15 10
5 13
28 29
30 95
15 92
28 30
13 24
13 79
19 45
15 54
0 96
26 25
8 29
19 63
11 93
28 74
27 37
9 37
22 19
11 6
3 90
0 56
18 90
18 89
4 50
23 37
21 53
2 24
29 37
8 58
7 44
14 28
6 74
14 38
0 15
18 3
6 62
18 82
7 26
22 13
4 23
18 53
7 53
1 92
28 47
29 50
5 79
28 20
29 3
29 50
8 41
16 71
23 56
18 80
26 23
5 33
20 84
17 10
23 50
22 60
28 1
12 57
25 28
6 49
14 47
20 85
14 53
21 58
17 49
0 69
15 34
7 8
1 58
14 40
9 4
7 78
29 13
6 55
19 81
8 89
3 62
27 54
1 98
28 37
10 93
19 68
0 14
12 35
1 24
2 24
7 90
28 24
11 13
21 42
15 52
10 32
21 58
4 97
5 18
29 73
17 99
10 76
14 36
12 69
1 32
9 84
16 93
12 13
11 30
2 84
30 69
29 76
19 49
1 81
13 3
26 4
11 35
12 100
16 55
25 83
12 42
3 45
25 19
19 21
27 73
29 65
20 71
2 17
16 88
2 31
27 90
17 29
19 63
25 21
7 63
25 6
18 76
20 53
25 32
15 6
16 96
30 20
10 34
12 54
14 97
26 60
30 40
11 16
0 34
2 12
1 79
7 44
6 16
29 64
3 100
8 8
22 22
21 80
4 39
18 91
25 53
10 18
21 90
0 27
14 12
29 100
19 24
20 1
15 19
24 6
8 97
10 10
18 49
4 27
20 39
30 31
8 61
26 53
27 66
21 17
4 21
19 69
30 54
26 31
9 4
14 56
28 51
29 57
26 92
17 1
27 68
2 40
14 28
23 14
10 86
1 60
26 52
23 44
12 70
0 52
6 48
2 19
21 11
11 63
16 61
16 53
22 17
19 23
11 16
7 49
21 53
29 55
8 91
11 41
17 21
3 35
2 2
21 13
2 4
12 54
16 100
5 21
20 21
15 14
17 67
10 73
18 49
15 88
16 100
17 92
20 8
22 66
28 91
28 14
27 93
4 50
17 52
18 40
12 77
15 99
7 59
4 24
6 49
18 77
24 29
26 89
22 38
29 4
9 7
9 41
27 18
16 95
17 26
24 20
21 27
17 24
20 90
8 76
5 33
4 7
4 25
25 47
19 77
23 80
26 39
29 83
17 69
25 74
0 12
8 65
21 73
0 22
28 13
7 76
17 61
16 66
23 85
3 14
0 90
19 42
29 27
13 41
7 91
0 80
7 42
29 56
20 63
15 13
8 11
11 58
6 11
16 90
20 91
18 90
3 30
18 51
0 8
30 36
5 37
8 83
17 37
2 41
15 39
3 56
27 13
1 52
22 48
18 99
14 32
17 26
28 76
24 100
27 36
30 82
25 96
16 20
2 50
23 7
9 64
17 69
29 95
18 90
12 28
9 62
28 14
17 91
5 90
11 92
20 50
2 100
29 33
9 84
8 73
25 93
1 46
16 68
2 70
17 9
18 54
12 72
21 12
11 94
12 57
0 73
28 93
12 33
20 89
10 6
26 53
27 18
11 81
18 25
11 45
27 79
1 33
25 10
19 24
29 6
4 80
5 70
24 45
17 33
19 88
7 31
14 65
30 86
16 14
14 19
19 27
27 35
3 16
0 34
23 74
13 69
18 18
6 67
14 73
1 84
28 58
26 74
0 33
6 40
17 94
26 77
11 90
20 71
29 87
6 91
5 71
10 75
12 88
7 48
2 18
30 35
9 53
3 38
24 26
25 47
17 71
3 23
20 23
29 12
14 20
2 76
23 99
29 100
1 61
17 78
25 57
13 55
7 22
18 74
21 30
13 69
29 2
25 58
0 14
15 2
19 1
2 94
23 94
21 79
23 57
16 94
11 9
4 13
3 78
27 16
22 36
8 18
9 77
17 23
18 90
