100
27 42
25 16
19 25
28 81
12 87
5 5
15 4
19 4
28 90
7 61
6 96
19 69
2 19
6 7
7 54
17 57
13 69
12 94
18 91
20 89
26 19
10 27
22 58
7 71
9 72
26 43
16 77
1 17
6 13
18 5
14 67
10 57
19 56
21 69
30 76
14 73
28 17
23 45
9 65
12 84
26 8
12 88
10 84
24 98
4 1
25 24
10 6
22 98
0 26
18 100
21 17
13 55
4 92
28 69
27 68
22 80
17 83
0 9
2 47
0 77
21 15
6 37
19 96
28 41
30 27
9 85
14 35
22 61
1 41
26 38
30 10
15 66
24 45
26 59
19 66
1 12
11 87
25 25
23 89
28 75
22 91
21 6
22 34
18 64
17 15
24 91
12 97
18 45
15 60
24 69
22 97
17 80
3 51
27 85
5 79
0 36
2 83
15 97
28 65
29 44
10 72
1 51
28 40
21 20
21 50
22 66
20 63
4 74
28 57
14 49
20 13
24 42
27 95
27 72
19 46
12 25
2 1
15 28
2 45
13 47
27 70
0 43
18 49
26 57
19 19
29 67
14 63
8 79
18 79
4 91
24 96
4 62
25 7
6 23
11 32
9 59
30 60
8 6
14 91
16 12
3 68
24 63
14 69
30 84
19 1
28 28
0 22
10 39
28 1
4 75
15 66
25 50
12 18
12 5
23 72
29 43
12 42
26 38
25 24
0 43
3 91
23 28
30 23
27 29
19 29
17 21
8 5
1 18
25 76
1 41
6 7
2 78
0 100
7 21
15 32
10 40
10 7
1 23
23 9
30 52
12 16
13 33
30 42
30 27
0 13
17 22
29 32
10 18
14 69
2 9
10 95
26 29
18 73
9 33
27 34
12 76
24 87
17 37
14 38
11 14
22 16
3 67
7 86
13 69
30 85
14 25
21 91
8 91
6 36
9 17
27 8
29 59
23 75
27 49
18 91
18 9
17 24
1 46
1 14
27 9
19 7
21 93
20 46
30 50
22 1
7 94
16 69
11 60
15 23
10 13
12 29
17 50
27 66
26 99
4 88
21 65
14 35
18 72
11 58
19 14
3 86
12 3
22 84
2 13
5 93
23 75
5 55
14 67
23 1
26 26
0 34
10 61
23 17
20 44
1 31
16 31
4 60
17 76
12 32
19 52
10 52
9 96
17 53
17 95
9 49
10 23
27 23
21 65
25 52
10 57
7 54
6 18
16 90
18 21
16 59
4 84
18 87
17 26
9 84
10 87
14 64
22 57
20 1
27 70
0 62
13 58
6 79
5 66
17 7
21 97
10 42
10 2
22 67
18 66
3 37
9 13
21 49
27 98
13 13
20 94
18 94
11 61
1 78
0 29
21 89
17 19
24 2
25 35
23 92
0 26
25 42
13 10
22 82
15 97
23 52
6 12
17 81
30 98
0 1
17 31
20 86
6 74
25 4
11 97
17 12
22 54
30 40
19 49
25 57
2 86
3 6
13 98
8 39
1 85
15 77
2 87
16 58
1 46
16 40
27 95
7 67
23 99
3 1
0 54
17 62
29 12
11 9
2 78
27 45
14 14
23 52
20 33
6 39
1 13
5 43
15 27
13 61
10 97
25 81
10 86
27 76
10 8
11 34
11 53
4 4
30 36
28 1
4 39
30 20
2 64
18 95
1 54
5 51
23 68
18 21
18 98
12 45
25 87
14 72
24 41
6 91
22 61
23 11
0 3
1 59
19 8
9 16
12 20
30 58
5 96
1 4
2 12
2 74
2 61
5 46
3 33
24 89
29 93
7 52
29 4
2 85
29 3
6 11
15 51
23 88
7 44
14 4
29 64
6 12
8 96
30 6
15 96
6 12
5 72
10 94
12 51
21 96
7 36
6 71
25 46
11 70
7 56
6 27
25 22
4 62
10 65
10 62
17 95
21 80
9 85
8 71
23 40
29 17
11 72
27 49
13 44
26 95
9 50
3 82
21 9
25 99
24 90
6 72
9 60
14 50
8 67
14 55
3 69
3 60
11 60
20 85
17 52
24 25
21 61
17 56
10 1
29 85
30 87
27 35
7 75
13 63
3 92
21 77
11 26
3 20
7 29
28 5
0 55
11 96
21 95
11 90
14 78
10 10
1 51
8 50
4 99
26 47
10 80
8 95
28 19
29 19
12 84
9 26
15 17
15 57
17 23
12 57
18 50
13 1
4 2
5 93
13 33
13 22
25 8
30 14
25 60
11 67
11 90
14 8
28 79
22 84
21 56
13 20
7 87
18 95
30 85
24 34
28 38
3 3
7 78
19 51
24 9
0 87
9 16
15 31
13 15
1 7
23 35
3 62
11 20
14 51
6 66
19 94
5 16
13 24
13 50
28 68
27 4
30 48
26 94
21 65
11 43
18 36
12 59
13 96
11 85
6 89
12 17
27 59
24 11
13 72
4 9
3 53
22 51
28 16
9 18
1 22
3 52
3 73
20 38
28 82
10 32
6 33
0 67
29 72
24 42
5 7
14 45
26 23
11 89
12 41
30 91
6 30
8 48
16 14
17 85
21 85
7 45
11 82
21 88
4 41
29 54
8 64
6 21
21 55
10 33
2 84
15 61
26 96
20 68
24 19
5 34
28 46
4 93
26 19
24 32
2 82
15 20
29 82
19 77
14 97
25 88
1 38
20 74
10 75
20 22
12 83
26 11
15 25
4 56
1 50
22 44
14 57
6 70
17 66
3 61
11 63
1 10
9 66
8 83
27 90
1 58
11 98
10 8
8 97
27 39
0 17
24 68
8 92
2 26
22 47
14 57
7 12
23 33
11 58
4 13
29 34
27 11
18 65
5 80
24 41
22 78
15 76
26 4
23 82
14 63
1 83
2 1
0 80
27 24
24 53
19 7
25 52
9 18
7 84
25 22
9 81
7 48
25 78
26 90
12 75
1 98
27 85
26 14
25 75
6 30
21 60
28 34
29 2
7 86
20 86
26 99
29 36
29 46
10 54
25 19
28 50
6 24
8 4
24 97
29 90
7 38
28 86
16 68
20 25
10 35
3 82
20 36
23 57
13 37
27 76
28 19
21 31
17 98
10 3
15 50
22 3
8 72
20 48
16 52
11 98
19 20
26 20
29 43
10 81
9 25
29 96
25 21
16 74
25 39
8 90
3 50
30 3
30 37
6 65
6 89
23 65
7 63
4 89
6 40
30 6
2 30
11 6
16 72
18 43
13 3
30 93
9 3
7 33
7 11
9 62
30 82
1 65
7 81
25 3
1 3
14 36
19 67
23 5
21 100
16 10
1 72
14 94
29 85
21 100
14 63
27 1
15 31
14 1
27 57
29 77
25 63
6 23
5 63
5 93
7 7
22 67
20 56
29 81
4 82
2 93
29 83
6 66
28 24
2 52
5 46
2 85
1 55
29 48
22 88
15 22
20 31
17 48
3 84
5 44
0 89
20 90
15 56
29 11
26 34
3 44
8 41
8 24
4 65
21 52
11 50
23 87
21 65
2 56
11 63
30 85
3 95
4 97
14 68
10 27
0 72
8 11
22 74
18 47
25 71
18 35
8 52
10 48
17 92
16 94
13 44
26 91
3 44
24 65
3 51
4 10
3 57
10 18
13 52
25 69
16 47
11 7
18 30
26 61
30 49
21 30
7 72
27 61
26 56
25 66
6 38
13 3
2 18
10 33
6 36
16 51
25 85
12 73
3 91
30 63
30 6
14 63
13 7
9 20
1 52
1 19
23 15
12 4
28 33
3 41
19 43
7 85
7 43
12 92
20 27
21 18
3 1
16 47
29 31
10 50
18 69
8 39
10 80
1 68
21 62
21 74
18 79
1 56
13 19
27 35
24 4
16 74
8 97
30 18
23 76
22 44
6 51
24 7
16 36
2 48
7 17
6 87
3 62
1 80
17 49
4 97
11 72
19 33
20 90
27 47
22 2
29 79
7 92
28 85
18 32
3 71
3 63
28 52
11 21
6 64
18 96
15 21
26 51
10 50
21 85
13 89
30 42
13 87
14 65
4 31
17 6
9 37
20 57
15 61
4 92
8 58
1 92
19 100
22 37
6 51
15 89
20 72
30 83
12 97
6 7
1 4
8 74
3 76
13 31
8 73
30 46
7 36
6 94
14 76
20 75
25 71
12 81
23 45
25 62
29 90
14 30
16 4
22 13
9 38
12 86
24 34
27 34
16 77
30 31
24 34
0 7
3 18
21 48
21 95
25 36
18 5
11 80
26 74
16 49
5 64
5 78
24 69
11 31
16 93
28 13
12 31
9 41
26 49
26 37
26 71
19 21
9 29
6 66
12 76
27 95
24 89
18 1
11 8
18 1
23 87
13 67
14 14
20 66
26 10
26 33
9 59
19 45
10 72
23 53
17 40
27 57
16 68
21 81
14 38
23 42
24 95
14 44
8 61
13 95
0 81
8 78
7 88
28 40
10 40
4 36
8 83
9 18
16 2
25 21
4 77
0 29
26 5
14 42
8 86
4 24
27 69
6 51
22 35
9 16
8 42
16 64
25 84
10 14
20 99
11 95
18 28
1 98
27 31
13 8
26 12
28 45
16 15
4 28
16 22
25 60
12 35
17 50
10 14
13 86
10 42
13 76
5 72
2 67
14 54
12 31
25 53
0 49
25 12
27 96
12 78
4 58
14 46
10 89
24 67
8 19
11 80
26 77
20 60
18 33
6 63
22 76
26 10
17 32
7 14
17 26
25 38
20 53
12 91
9 65
3 72
25 70
7 87
0 20
16 84
22 42
16 84
6 66
1 81
20 15
4 88
8 45
30 96
25 11
19 89
28 26
12 96
1 23
28 7
20 20
0 87
0 37
16 87
17 28
8 99
2 65
28 13
4 22
14 65
28 2
21 33
1 13
8 27
11 78
13 30
9 16
8 68
24 95
0 67
8 51
8 67
29 16
25 67
30 53
10 67
24 15
8 29
0 45
11 24
12 94
10 48
5 23
27 13
15 72
7 89
22 36
18 62
12 17
2 13
19 2
6 67
0 83
13 30
21 11
8 84
21 42
20 53
11 79
23 26
24 55
7 63
18 77
21 34
16 75
21 59
12 86
16 37
0 56
11 98
18 56
10 8
4 32
18 13
24 82
24 99
9 74
0 6
24 79
23 89
30 92
17 56
12 57
21 54
15 77
2 57
25 88
29 98
11 97
30 30
27 99
10 22
13 20
12 22
3 80
27 3
6 99
7 24
30 64
25 17
14 68
18 98
16 25
27 78
16 42
5 34
27 87
29 40
11 15
13 18
20 77
23 11
12 64
28 74
25 28
19 42
0 65
29 9
21 54
19 68
14 6
28 82
22 43
9 4
6 57
27 52
17 16
0 35
15 52
10 18
12 51
10 20
26 73
23 12
30 57
23 96
26 62
17 98
18 86
15 59
6 55
18 12
24 20
7 65
5 87
26 80
15 44
8 1
14 24
9 24
6 64
20 63
29 10
22 5
26 99
15 71
3 60
6 50
9 23
25 90
15 31
25 97
8 20
29 44
22 13
3 2
3 4
2 98
21 5
25 72
15 83
5 3
24 77
20 1
22 26
0 54
4 91
13 49
10 65
14 28
3 42
1 78
8 14
20 33
26 88
25 91
19 16
20 55
30 15
1 22
9 17
2 32
12 39
2 79
8 33
2 40
7 86
9 47
11 29
25 53
14 86
20 73
17 38
9 68
21 5
29 17
24 23
24 84
15 95
16 30
30 16
1 48
30 14
1 96
23 46
25 2
12 84
4 38
4 96
30 80
13 39
0 48
14 73
28 30
24 12
7 36
17 89
15 24
4 76
1 36
25 67
0 40
22 20
0 30
6 5
3 77
25 5
2 8
27 69
7 89
3 36
21 23
26 88
13 26
26 47
21 35
15 16
24 50
25 18
2 100
9 56
11 81
28 90
29 65
14 23
6 1
15 86
2 19
2 11
25 51
5 53
20 26
3 53
18 14
28 30
15 10
28 14
3 31
12 11
29 81
29 41
22 13
21 1
19 79
16 57
11 36
4 92
9 19
21 99
27 38
6 74
28 4
24 55
10 50
20 39
14 28
30 76
10 44
10 7
13 18
18 24
15 11
25 66
6 79
25 8
0 47
24 29
28 4
25 75
19 94
10 36
27 8
6 91
28 69
25 27
3 31
25 17
29 28
21 23
14 37
28 38
8 22
11 44
19 9
28 59
23 84
22 22
3 61
19 94
14 27
26 51
5 11
24 14
9 99
3 85
25 42
14 92
25 3
1 65
8 6
19 43
0 86
27 35
27 76
8 76
11 79
5 93
4 32
30 74
8 27
9 8
18 20
5 24
14 55
11 92
1 45
3 50
20 98
3 6
16 64
2 40
16 91
23 16
26 42
6 53
4 87
13 96
30 86
30 29
10 2
1 14
28 40
7 56
25 19
8 70
20 96
18 42
5 93
9 93
17 46
3 69
7 53
29 65
1 2
0 41
15 39
23 50
1 20
14 78
6 5
1 13
29 48
29 51
20 12
10 19
8 13
12 30
8 85
27 14
26 51
19 44
9 81
13 30
22 29
21 67
7 57
28 29
0 48
6 20
14 57
21 30
26 41
2 36
29 78
25 6
0 74
3 92
19 58
8 56
26 18
3 7
7 93
20 49
23 17
7 66
6 72
16 24
30 84
22 37
13 80
15 26
30 95
11 52
13 1
21 71
11 42
7 13
7 70
23 14
14 26
29 72
18 28
5 94
29 53
20 72
7 97
2 7
3 61
29 39
0 52
21 66
20 96
9 5
8 41
23 24
19 58
3 72
21 10
8 35
21 14
18 65
8 60
27 57
1 1
11 15
6 87
25 54
6 62
17 70
25 33
25 63
4 14
25 62
4 86
13 28
9 47
24 96
27 45
18 81
30 17
2 43
24 44
6 32
6 35
15 15
25 70
22 68
2 12
13 70
18 31
1 25
14 9
25 90
24 77
23 12
11 92
18 25
4 48
15 78
9 65
12 34
25 8
16 45
7 51
22 38
21 36
1 8
14 78
2 21
13 73
11 82
30 82
23 41
6 53
3 94
18 15
24 17
29 77
28 13
15 1
3 14
12 19
0 37
6 3
27 35
8 65
21 95
25 7
21 90
28 65
28 91
0 58
4 35
11 1
24 92
23 11
5 26
7 68
9 36
1 9
20 23
20 28
26 52
17 69
3 3
30 18
3 6
1 96
4 35
4 90
10 74
0 48
26 80
11 32
20 42
29 55
15 23
20 1
5 98
3 4
20 56
20 84
22 48
14 61
17 46
30 51
28 39
16 4
5 53
17 56
18 54
26 85
5 37
14 8
12 59
5 11
5 8
26 62
14 51
7 93
6 9
1 44
2 66
15 49
27 33
15 2
1 12
24 56
1 19
11 72
10 51
6 29
6 4
15 5
13 89
29 41
22 41
13 13
2 1
11 85
8 52
1 69
17 88
15 94
9 77
1 67
11 55
9 40
19 33
13 64
5 15
16 89
2 17
18 92
7 30
12 28
26 4
10 26
2 67
28 83
27 8
12 55
8 91
23 19
20 60
16 79
13 44
13 64
19 68
30 90
29 38
17 71
3 15
11 46
14 34
21 1
14 5
30 16
23 59
9 89
15 68
19 67
3 33
8 26
20 50
15 76
16 5
18 39
1 87
15 14
30 90
9 9
2 70
8 38
24 73
9 51
25 81
27 28
19 58
13 100
28 8
27 64
11 66
2 33
0 85
3 45
15 31
2 69
29 7
10 29
29 18
8 45
22 19
1 29
24 37
18 94
12 56
2 100
14 51
30 26
13 1
23 45
5 24
22 8
19 1
1 33
9 92
11 79
15 8
6 9
21 37
6 39
15 71
3 72
13 43
9 39
16 58
0 56
10 95
26 75
20 98
25 47
10 55
1 74
19 8
26 23
23 6
19 54
18 81
0 35
18 19
20 78
18 28
22 17
6 48
23 52
15 94
8 85
4 11
7 1
6 42
11 100
10 72
8 72
29 26
11 64
19 32
21 28
19 53
12 94
21 46
26 44
21 57
20 51
15 80
1 21
16 27
0 2
13 3
8 80
0 18
1 57
14 91
1 60
30 1
18 85
12 32
25 15
0 30
27 32
24 5
19 61
26 72
22 33
1 66
0 46
8 72
17 91
27 97
6 75
4 51
28 94
15 37
24 82
28 76
12 79
18 83
4 30
17 51
8 57
4 42
3 19
15 96
16 21
6 77
18 89
13 9
7 23
24 78
10 49
19 4
4 49
7 52
21 27
12 38
11 21
20 75
3 84
22 100
8 17
13 39
13 28
27 19
20 35
1 5
7 12
11 5
4 31
24 99
5 46
21 64
16 41
20 25
23 91
19 4
25 90
2 95
15 55
19 99
26 29
26 66
27 66
28 22
27 31
29 40
8 21
14 59
7 24
14 76
15 94
5 44
10 74
26 49
6 77
30 66
4 33
18 15
3 5
20 33
3 31
1 87
23 34
27 9
0 4
21 30
14 12
5 33
18 3
19 60
28 19
24 42
12 1
29 52
1 66
30 75
28 62
5 21
14 45
4 80
19 73
3 75
7 28
7 62
3 20
17 55
23 71
14 59
12 70
17 37
11 15
4 86
16 62
11 33
26 68
25 36
10 94
22 87
17 48
7 61
27 94
10 78
23 27
1 18
24 24
29 58
20 12
8 44
27 27
27 65
20 4
23 95
1 70
20 88
13 42
28 16
23 71
5 40
6 47
29 30
23 61
15 56
7 67
0 47
11 26
25 66
0 61
3 33
14 22
6 14
6 69
12 67
29 21
4 22
16 81
21 29
29 10
8 70
20 95
19 57
0 24
23 8
5 15
1 5
16 75
25 71
19 57
13 39
14 69
9 52
18 1
3 48
26 76
28 46
19 88
30 27
4 79
21 57
15 31
27 92
21 99
12 68
16 9
9 14
14 42
5 36
12 25
3 19
8 62
13 47
23 13
18 83
6 51
12 29
29 31
2 26
15 9
21 2
3 55
1 80
3 48
17 98
6 32
9 96
0 36
23 26
1 61
14 76
11 10
9 33
4 20
7 22
25 74
8 54
5 8
16 38
2 68
9 34
27 37
21 67
12 47
27 33
18 9
9 88
10 59
27 36
9 91
11 76
0 40
27 28
1 44
27 89
4 82
28 27
10 87
27 98
6 91
29 76
11 45
4 33
19 96
12 28
7 63
10 83
12 94
15 45
10 46
24 38
1 19
10 87
23 40
10 4
18 5
24 40
19 76
18 54
28 55
20 50
21 1
7 71
23 1
28 39
10 84
21 78
1 16
9 70
9 11
25 67
17 80
16 51
17 97
14 23
15 42
23 66
24 14
16 99
25 39
30 49
6 25
8 82
23 21
11 29
27 12
1 38
9 33
4 97
23 53
10 76
4 28
5 40
12 58
22 66
7 38
27 55
19 71
18 42
8 88
15 86
24 31
22 36
25 10
4 46
11 100
21 40
19 23
30 73
3 91
22 7
7 92
11 70
15 2
7 100
10 46
28 3
12 51
17 87
2 19
0 30
26 80
8 68
5 41
0 90
12 33
0 50
25 82
1 9
29 91
9 5
29 3
10 20
13 63
0 85
22 31
11 86
30 92
27 56
27 68
15 47
16 54
23 17
4 62
19 67
3 80
28 14
15 50
23 22
1 90
11 9
3 39
16 41
27 86
29 82
7 49
17 17
22 78
23 15
22 8
21 88
1 66
11 89
18 99
1 77
25 30
21 99
25 1
0 95
28 49
21 99
23 53
24 95
23 11
20 71
7 80
6 49
0 2
4 75
11 43
29 57
8 78
19 93
30 57
21 82
4 100
27 16
4 7
12 73
14 51
0 67
0 16
29 9
18 79
11 4
27 50
17 29
11 98
19 40
22 45
0 32
19 77
4 8
19 78
20 5
27 88
23 81
11 64
6 4
1 17
18 29
16 65
3 8
30 70
7 19
3 15
5 39
13 29
3 58
13 2
13 92
19 84
9 69
25 82
7 73
28 10
14 57
25 9
16 8
17 67
14 91
3 52
9 16
6 72
27 22
12 41
16 72
10 98
17 40
3 32
10 84
7 77
14 53
18 75
18 100
17 10
27 96
30 6
10 26
14 18
29 33
10 71
18 13
9 92
24 57
30 97
11 46
26 1
5 8
26 66
15 66
5 19
4 79
28 68
1 56
26 74
8 21
17 95
3 45
12 12
9 4
20 100
24 40
26 57
2 6
11 4
26 84
0 92
23 1
19 2
13 63
3 15
5 91
4 77
11 61
15 15
0 67
15 85
0 16
24 67
21 15
7 3
30 9
27 62
10 60
20 77
23 6
30 66
17 100
15 66
1 2
20 44
25 38
0 76
0 24
10 3
10 16
22 38
22 46
7 2
0 33
26 26
21 64
9 87
13 53
23 52
24 62
1 77
13 30
13 33
15 67
19 86
6 47
24 31
30 17
18 18
2 43
3 29
28 28
13 53
7 61
16 17
19 66
22 88
3 13
27 8
5 38
14 96
6 11
19 64
1 3
15 72
30 4
1 56
18 94
18 87
2 65
11 40
24 58
14 92
12 24
29 94
0 29
22 87
30 47
7 100
23 42
30 68
5 91
3 71
24 20
4 39
29 90
30 23
17 21
12 33
27 7
1 80
5 32
2 87
27 31
16 53
18 81
27 47
30 98
7 24
2 10
5 28
23 36
7 44
3 75
2 95
28 25
1 88
29 2
14 38
20 95
3 82
9 5
30 3
1 44
22 90
22 85
18 96
9 61
30 7
16 93
24 98
5 75
11 91
12 39
28 86
9 44
6 13
13 44
5 21
19 62
17 7
8 36
14 95
1 2
8 58
5 6
6 80
30 2
28 10
20 76
4 70
30 79
5 94
8 11
2 21
21 75
13 14
27 96
17 43
10 21
26 38
13 22
22 56
3 26
10 38
7 95
14 35
22 46
23 4
25 88
10 32
19 7
18 67
9 99
6 44
13 81
5 3
21 5
5 10
7 97
23 71
5 74
10 70
14 46
7 22
28 70
5 8
25 83
12 67
7 71
25 69
21 71
2 63
30 50
7 97
12 58
0 19
10 65
6 72
13 12
21 3
6 31
21 84
9 30
20 74
19 50
11 46
20 47
6 81
8 22
9 33
23 22
13 79
3 70
20 85
10 43
0 12
19 10
13 17
30 71
23 25
19 89
30 36
1 66
5 86
18 10
27 77
14 7
2 54
28 66
28 30
8 47
16 99
16 18
18 35
1 46
23 88
20 61
0 48
26 97
4 84
9 25
26 3
27 33
1 69
14 49
18 97
27 69
27 1
12 53
22 26
8 48
23 10
17 10
23 24
6 77
12 98
23 20
30 49
21 56
24 17
14 38
25 48
7 53
22 51
9 63
1 67
27 52
7 64
4 41
4 21
0 4
7 85
28 4
22 16
20 24
10 90
15 34
23 54
13 83
1 40
11 80
7 80
15 75
25 43
3 48
19 59
13 87
20 62
20 96
29 22
23 56
8 18
16 1
2 83
29 47
11 93
8 55
11 20
16 14
29 87
3 57
11 47
1 69
16 87
25 14
8 20
9 100
5 68
6 90
30 39
1 22
16 7
9 64
1 58
19 7
13 45
30 68
18 66
18 83
7 61
13 68
27 20
28 40
7 20
8 84
27 97
29 29
0 69
28 25
19 94
12 24
27 14
1 30
10 92
24 52
10 24
12 56
7 54
30 93
15 27
20 7
24 97
4 16
25 12
21 46
21 57
19 86
29 82
4 79
23 51
30 63
2 51
0 9
7 43
15 65
10 51
8 37
8 74
25 45
0 74
25 27
10 51
23 40
5 91
15 9
29 100
11 68
9 26
4 29
17 55
24 15
28 91
23 45
11 4
3 63
24 51
7 13
29 88
2 33
13 17
15 50
27 10
29 99
16 91
14 86
9 61
7 12
20 85
26 17
25 54
13 23
4 82
27 64
3 1
15 24
22 86
20 6
24 18
21 7
27 39
14 90
30 82
2 1
17 29
29 51
22 39
24 76
29 79
24 82
19 37
3 87
18 24
25 28
9 58
29 6
10 89
24 88
21 73
29 84
17 75
23 47
3 50
9 95
5 31
9 11
1 1
11 4
7 46
8 53
17 57
10 44
12 82
10 35
9 75
13 4
25 59
2 55
18 18
24 43
27 22
22 100
8 4
24 75
16 72
19 51
7 35
22 70
28 32
0 60
13 87
1 99
4 43
25 10
6 6
8 46
6 16
5 37
28 19
21 47
9 44
30 38
12 97
4 86
20 35
11 1
1 42
21 83
21 89
18 4
4 64
30 87
21 9
29 66
28 57
7 9
14 80
7 93
17 7
3 95
2 92
4 30
9 65
1 40
0 29
27 43
6 33
9 51
13 58
22 58
16 5
24 24
25 58
15 44
26 74
26 34
24 47
14 17
25 100
24 56
21 39
28 21
14 30
12 55
17 19
28 48
18 52
25 65
22 54
26 42
18 25
18 96
16 49
19 29
11 83
18 31
27 92
17 66
18 31
18 17
25 25
11 11
22 57
24 43
3 31
27 97
11 58
0 25
0 54
24 57
10 6
22 59
10 64
16 1
22 96
5 92
5 11
23 78
13 49
18 57
5 69
24 42
1 74
26 83
0 56
11 30
2 27
12 31
9 14
26 81
27 90
8 41
1 38
9 54
11 28
16 53
10 56
11 86
25 3
26 60
19 48
20 26
30 75
27 18
21 52
5 100
5 70
3 31
4 78
4 99
5 97
16 27
6 23
8 25
13 12
18 67
28 1
19 69
30 91
16 70
22 66
21 48
10 54
20 31
6 83
7 21
23 51
30 18
5 96
16 36
8 46
30 42
12 32
19 23
22 75
21 77
15 33
16 61
8 95
21 13
27 62
7 99
8 73
6 56
19 36
29 72
15 86
17 52
11 16
5 8
19 77
1 62
18 68
18 46
6 17
9 49
12 8
27 81
25 57
16 43
11 49
19 97
22 31
29 7
1 94
4 63
18 38
15 52
29 88
21 37
12 32
14 74
3 16
20 47
2 52
29 99
30 35
26 9
4 35
12 13
0 15
29 25
21 81
8 32
17 77
17 35
6 10
7 24
25 8
15 41
12 46
6 55
20 53
6 22
28 62
17 76
17 69
0 14
27 49
4 90
12 59
12 7
9 74
27 78
14 93
15 83
26 11
23 12
17 25
24 78
21 26
5 50
8 75
24 36
25 85
9 40
1 94
3 64
21 27
30 35
29 93
25 24
12 38
19 86
8 87
17 89
9 8
25 41
6 19
17 83
4 73
30 48
24 20
21 72
17 74
1 42
7 46
11 31
29 68
5 68
21 31
10 47
17 20
30 2
12 76
28 57
15 46
26 17
28 38
28 75
25 86
16 11
26 81
25 45
17 51
16 90
3 53
13 100
26 27
5 88
23 66
3 86
7 89
16 46
13 92
8 100
14 44
8 13
4 45
28 13
17 9
9 29
0 67
15 82
2 10
18 57
9 76
26 41
24 98
11 94
13 56
23 65
4 25
20 97
26 97
30 10
4 52
24 31
10 49
8 81
3 22
27 39
14 22
20 71
12 35
25 51
25 28
7 5
9 70
16 7
0 74
19 23
1 68
22 46
11 50
23 32
19 76
30 70
5 71
11 3
21 65
28 99
21 40
12 46
23 57
5 72
18 28
9 53
23 36
11 65
14 42
14 76
10 19
4 71
11 24
22 72
25 70
1 10
25 18
22 30
18 13
6 18
12 56
0 73
10 51
26 27
16 97
7 53
22 48
16 95
4 12
19 95
29 32
25 26
12 12
19 69
5 24
0 81
13 66
5 56
12 44
8 51
16 21
28 53
5 63
2 54
7 94
13 30
27 69
26 19
18 68
14 23
13 82
3 53
8 97
26 87
9 97
0 37
27 36
22 57
21 3
18 1
17 71
16 50
30 73
10 47
2 50
10 45
30 42
16 79
13 30
13 39
21 70
27 36
12 72
13 27
15 30
9 68
3 35
28 10
29 41
18 85
7 48
27 39
26 23
20 70
21 30
17 37
30 65
29 7
6 74
4 77
8 75
8 42
4 67
17 42
21 74
21 32
23 35
6 65
5 2
15 76
0 93
9 18
29 94
18 11
7 91
6 30
14 7
7 57
30 22
26 30
6 1
24 17
24 92
11 90
2 15
5 11
23 52
25 66
30 32
1 51
3 21
29 58
30 20
26 95
7 69
26 98
21 1
3 16
28 27
7 38
2 99
16 31
17 19
10 83
27 4
23 49
27 60
0 66
5 1
1 47
22 28
30 44
15 30
23 4
20 79
27 90
19 65
7 22
13 74
20 23
18 73
24 73
21 90
10 32
10 59
23 99
10 93
7 7
10 53
18 2
10 97
30 76
