100
7 85
8 3
9 34
4 74
18 57
1 55
5 81
16 60
10 42
15 44
0 29
14 22
17 75
23 75
26 55
5 25
21 35
14 46
23 9
13 20
14 77
28 70
18 48
5 89
1 40
20 15
5 44
23 51
0 48
5 4
5 14
30 15
15 60
17 8
2 39
19 20
0 90
9 81
7 62
18 46
10 50
24 22
30 13
2 96
3 22
30 58
21 14
16 86
5 2
6 65
15 15
27 34
23 50
26 49
24 27
14 21
24 53
29 15
3 78
1 25
1 35
3 47
22 42
19 45
22 3
9 55
27 3
16 42
14 55
17 81
17 63
26 45
19 8
15 95
8 65
8 86
1 95
11 51
10 57
16 61
1 46
0 50
26 69
16 40
25 32
7 56
4 74
20 22
3 98
0 3
4 36
28 14
13 89
25 2
28 2
16 11
21 71
4 55
21 75
20 49
21 59
13 72
13 13
4 8
14 100
27 5
21 6
26 30
27 22
15 45
21 48
14 47
14 94
30 48
0 72
1 17
19 8
14 80
1 49
16 68
5 56
12 56
24 92
5 96
20 80
27 51
10 45
18 44
30 50
30 58
29 44
10 25
7 12
1 37
10 69
0 86
0 70
7 26
10 37
16 65
29 83
10 79
12 23
15 30
21 37
28 16
23 46
17 60
8 53
26 19
4 97
6 96
15 82
12 41
5 8
5 50
23 9
30 42
9 95
29 99
3 14
11 75
19 19
22 45
16 70
16 24
0 48
15 4
5 49
4 35
29 44
20 90
14 28
26 36
0 26
6 18
17 37
5 75
5 41
8 65
12 90
7 97
10 53
27 5
20 9
18 84
24 91
23 21
1 25
30 64
3 72
22 63
5 52
16 41
15 8
5 95
24 53
28 12
4 40
0 26
22 20
9 15
11 60
11 57
23 18
19 6
26 12
2 95
20 50
9 62
25 52
18 3
23 95
2 89
27 35
5 71
3 58
12 33
9 39
28 79
20 31
16 14
26 16
24 51
27 9
8 31
13 97
1 64
13 94
16 96
2 5
17 33
14 25
1 44
22 17
14 51
25 56
7 10
15 67
14 97
10 74
30 35
18 18
5 14
24 61
29 18
19 60
20 77
11 42
2 72
14 91
30 37
22 87
17 15
12 80
24 16
17 67
22 19
10 16
1 78
23 15
7 67
24 72
13 89
18 2
23 100
0 35
11 14
0 31
30 66
19 1
1 92
30 70
22 66
19 43
19 62
7 100
6 91
10 69
9 18
6 27
19 53
27 19
8 8
2 39
6 66
17 20
22 90
14 53
18 37
15 52
4 5
6 66
4 52
23 6
25 65
1 17
22 26
29 8
1 61
17 75
27 36
2 6
11 98
14 59
3 1
19 88
20 72
18 47
28 75
12 20
7 56
2 55
2 77
16 51
15 18
7 56
26 94
0 22
20 96
10 47
23 79
17 17
18 96
11 13
6 67
7 93
22 26
9 13
13 83
26 99
22 20
20 17
9 90
29 32
0 17
13 65
21 1
16 35
30 56
8 83
20 96
23 58
2 76
4 57
0 26
4 93
28 76
6 81
2 41
28 58
28 31
17 61
22 93
11 85
9 55
9 50
20 33
28 61
16 71
19 79
15 71
25 92
7 40
11 74
18 32
13 27
28 58
10 46
7 31
22 50
24 78
13 84
6 69
16 31
6 66
3 61
25 88
27 40
13 84
26 78
27 64
2 43
8 22
8 25
27 21
11 80
1 19
4 59
13 89
11 66
21 42
8 37
14 69
10 43
18 21
7 41
11 44
30 8
10 26
7 3
23 48
1 6
24 53
14 19
9 37
25 86
11 44
11 14
11 17
1 77
22 12
7 29
20 93
0 79
9 69
15 6
25 63
12 32
14 57
13 1
0 2
15 70
14 62
29 97
1 29
27 6
25 63
0 18
22 66
19 57
20 8
28 46
18 7
23 8
30 42
11 17
7 1
5 9
30 66
2 79
13 88
28 75
23 26
18 82
30 40
1 24
10 47
9 31
23 99
13 90
9 13
13 68
1 9
20 84
19 73
10 90
2 24
9 86
11 5
15 12
28 4
9 78
15 35
1 1
16 51
29 59
22 71
18 82
24 90
11 96
26 73
0 22
25 91
4 48
9 76
6 19
8 28
1 43
28 59
28 12
15 21
20 2
8 50
19 65
13 27
13 78
28 42
9 60
29 57
12 48
15 26
16 32
18 7
29 34
14 56
25 56
8 51
10 85
7 81
22 88
12 58
6 21
0 40
3 21
0 30
6 57
25 57
19 59
3 47
21 42
17 41
8 84
9 62
14 89
4 51
13 30
24 56
22 53
24 95
10 23
9 94
6 74
2 73
15 60
27 70
23 95
27 34
14 21
6 90
14 95
7 61
26 93
17 28
29 1
14 30
13 36
17 89
10 66
3 3
27 73
5 83
1 58
21 54
16 5
6 20
14 35
1 5
9 79
4 37
10 38
20 22
6 9
9 79
16 5
18 21
21 27
6 68
1 45
1 23
9 50
24 82
19 5
5 37
0 47
8 44
11 50
29 61
27 72
30 94
23 30
6 19
30 41
8 42
30 67
30 35
27 37
16 41
0 85
16 99
26 12
15 57
26 44
7 75
16 85
17 46
4 18
1 72
4 68
30 20
27 4
17 73
1 16
11 1
23 87
7 77
18 33
27 47
30 26
5 96
9 65
26 54
5 10
5 29
12 27
11 73
8 89
25 82
23 79
21 49
0 80
5 1
15 45
6 80
12 33
3 74
17 30
1 72
28 80
11 88
9 62
1 58
2 71
29 45
2 68
30 11
11 37
27 14
28 72
30 78
21 25
6 53
13 48
17 27
11 10
18 65
23 88
19 81
23 22
20 97
18 84
2 38
10 1
17 36
9 100
5 12
30 51
26 47
13 89
18 63
18 33
13 33
25 42
13 93
28 64
0 12
14 56
17 43
28 85
26 3
8 3
18 48
9 28
29 59
6 11
8 36
27 42
3 11
19 63
29 82
17 29
29 7
7 47
17 82
3 29
5 13
16 50
21 84
22 71
24 35
4 35
6 81
15 64
28 36
28 74
13 63
22 74
21 28
15 69
7 74
0 11
20 95
5 58
9 59
29 61
14 77
2 34
12 61
12 66
4 21
7 58
3 6
9 55
30 20
2 74
29 48
0 56
26 13
14 87
21 72
20 37
15 54
28 100
26 69
20 51
29 5
6 12
28 5
5 39
24 14
4 81
24 45
29 25
16 33
19 94
8 39
27 81
28 13
18 84
6 52
13 64
20 53
18 4
10 32
28 29
16 65
8 41
4 57
1 79
6 26
23 95
21 12
25 11
21 87
30 48
30 34
28 3
15 93
11 11
9 59
20 33
5 97
2 71
24 52
30 48
16 3
6 43
1 62
20 22
9 52
11 52
28 18
6 4
29 27
18 55
8 7
23 54
23 57
12 92
5 97
2 36
22 91
9 95
3 7
7 24
0 16
1 49
15 86
5 98
17 1
13 87
26 43
17 84
15 22
13 84
9 84
11 62
3 51
10 22
13 6
22 53
2 62
3 28
19 70
9 63
7 63
9 44
13 67
29 27
19 83
4 25
25 95
10 99
14 49
19 54
17 99
26 54
18 39
3 90
9 47
3 47
3 83
30 63
29 84
22 66
16 24
24 65
29 38
18 52
23 52
2 32
14 33
27 41
15 24
22 27
4 79
15 1
26 1
13 47
12 70
23 5
17 25
29 43
25 32
15 17
11 39
16 4
21 32
4 1
11 73
8 47
2 3
10 52
7 95
11 33
29 22
5 51
30 14
25 1
4 40
19 89
27 4
13 93
14 81
27 29
1 81
28 6
26 45
12 76
6 46
26 59
12 56
9 42
0 37
10 32
1 79
27 32
7 73
22 52
20 15
29 4
28 15
10 79
8 35
22 99
15 14
28 39
6 98
15 61
25 51
4 92
12 99
15 44
27 8
11 62
1 52
12 26
9 34
3 11
20 20
10 48
21 57
6 41
28 25
16 58
2 40
8 33
8 53
16 69
4 1
22 82
2 74
17 100
25 10
11 65
20 38
14 20
11 65
17 46
2 74
0 3
23 68
29 92
7 80
19 45
11 49
4 98
27 100
4 2
26 63
10 55
24 93
17 16
0 23
2 52
11 46
2 100
21 64
28 84
1 59
9 81
20 48
20 78
26 50
6 100
28 17
15 76
1 3
20 83
21 49
14 22
18 45
3 90
25 99
14 97
27 35
4 94
18 57
28 42
7 90
3 6
14 93
4 51
7 37
10 84
2 48
16 99
4 62
5 53
0 94
17 24
16 49
23 95
8 86
27 82
1 26
24 59
28 69
20 63
3 41
23 97
1 26
17 11
23 71
13 79
0 99
19 78
1 22
21 62
26 80
8 6
2 28
3 50
4 12
3 32
5 52
0 7
3 39
24 16
18 66
21 97
4 42
9 86
28 72
4 88
27 83
5 64
30 23
0 77
11 95
3 15
5 97
18 91
17 14
24 90
6 19
12 62
24 100
10 18
21 75
30 64
6 28
11 64
25 96
18 91
3 47
22 22
29 64
8 81
22 49
13 53
26 71
9 82
7 57
1 33
29 1
15 42
9 49
28 46
30 92
25 35
15 86
2 63
21 31
20 31
24 21
12 76
12 67
4 6
27 18
23 78
8 11
19 64
14 13
7 12
22 99
26 55
3 9
5 73
19 23
2 84
0 95
9 41
4 98
14 54
2 92
5 67
14 21
26 10
14 45
21 93
5 18
5 88
29 13
30 7
23 58
24 83
23 1
7 74
29 87
29 100
24 88
13 75
8 64
21 58
29 72
9 16
5 64
0 42
16 60
12 64
8 99
21 74
21 30
13 69
28 76
16 80
22 11
20 2
3 22
15 1
7 85
6 7
22 31
13 38
17 70
26 26
1 76
26 56
6 21
14 20
22 87
20 53
0 95
22 21
9 13
11 63
21 2
1 92
24 55
25 74
8 87
13 15
18 92
15 74
10 18
24 61
5 25
10 82
11 72
23 33
1 28
16 11
25 21
12 93
11 31
16 77
29 71
17 93
2 88
0 53
24 44
17 67
3 67
7 65
4 40
25 87
25 83
11 83
23 92
26 7
8 87
17 59
10 71
21 51
6 3
3 46
9 4
18 81
8 68
7 30
13 22
6 27
1 68
3 43
8 35
10 59
30 45
13 75
27 64
19 39
5 75
18 92
0 72
8 38
13 92
7 75
18 83
20 7
23 54
12 30
4 78
21 95
30 73
0 50
19 12
20 75
19 59
1 79
22 7
22 79
23 12
24 31
13 29
1 29
20 7
23 26
1 52
25 26
23 67
2 81
5 59
12 96
12 66
7 7
10 94
11 55
6 15
8 67
23 46
14 5
8 81
14 47
21 31
20 51
25 14
5 61
15 71
16 68
3 57
12 43
6 76
1 58
24 19
24 89
17 72
20 93
13 44
16 68
28 43
12 25
5 27
21 55
25 32
5 71
21 6
8 47
25 25
17 77
9 19
15 24
15 87
21 68
25 93
18 67
29 19
30 56
13 62
12 71
7 57
27 48
15 48
11 65
13 45
22 53
7 30
6 84
14 30
19 22
29 71
21 65
26 77
6 90
11 55
20 66
21 81
9 3
12 63
9 100
2 73
18 64
20 86
20 46
8 30
8 67
4 38
12 54
13 94
16 9
25 73
10 18
28 74
14 84
19 99
4 94
22 66
8 76
21 95
6 70
20 74
23 29
15 15
17 71
11 15
16 49
10 25
9 10
2 19
22 82
5 36
30 42
25 95
29 79
30 15
12 6
4 25
14 83
26 53
21 77
0 65
10 29
17 83
27 66
23 16
28 78
3 59
14 53
23 9
10 67
22 29
17 55
13 95
20 99
21 61
8 75
0 49
12 76
0 61
25 44
20 40
0 79
14 27
5 77
28 85
10 97
23 64
30 94
6 34
9 61
0 75
6 84
5 45
28 82
30 97
29 24
2 54
24 9
19 66
15 32
22 10
9 36
3 39
22 100
21 34
15 69
22 23
19 84
22 69
7 3
21 58
1 63
8 69
6 76
30 100
26 99
10 12
18 36
22 26
7 65
4 37
12 100
16 51
22 68
17 54
8 61
1 100
17 25
2 56
11 17
19 8
23 2
4 17
11 21
27 7
4 81
23 41
7 13
24 56
4 38
15 23
8 76
23 73
8 12
10 85
13 4
25 4
3 90
20 14
25 82
18 26
13 32
24 67
6 29
2 19
30 54
29 78
6 32
12 6
9 76
25 6
1 82
11 33
7 43
15 44
4 75
14 89
3 19
28 39
20 97
14 100
7 82
16 15
11 21
29 22
23 12
25 43
15 3
2 5
10 9
16 65
30 52
14 47
14 71
30 63
6 63
18 14
18 26
23 19
16 86
30 16
6 6
5 82
20 55
17 27
30 10
21 23
27 55
29 94
19 8
1 31
21 4
13 24
1 56
8 66
20 78
18 7
7 54
17 70
9 48
17 71
3 16
25 3
21 23
6 13
3 40
29 36
17 73
17 100
23 96
7 8
16 55
9 31
25 45
9 38
19 84
15 81
3 100
28 88
14 39
11 57
2 58
20 37
7 39
30 91
30 19
4 24
30 42
12 23
15 39
16 23
18 78
23 94
9 44
28 30
18 58
19 75
9 86
10 4
0 12
2 75
12 35
0 52
30 6
26 90
21 71
23 50
18 72
13 73
12 43
25 72
15 79
25 24
16 97
28 68
20 12
15 14
20 15
13 11
4 9
22 2
19 9
7 12
19 7
22 30
6 24
16 65
2 61
21 84
13 48
10 22
7 47
23 4
8 84
14 8
10 76
19 11
26 41
12 78
13 90
27 38
30 23
30 22
8 27
5 49
26 41
7 5
18 99
30 62
29 82
18 3
1 54
20 76
28 65
14 70
5 19
17 97
2 83
3 57
1 45
19 72
13 13
29 11
6 39
7 71
14 17
22 98
17 1
4 18
15 93
16 93
29 19
28 16
6 95
20 82
27 91
23 12
17 19
18 66
20 90
5 16
5 25
16 86
21 31
10 27
14 57
22 80
2 30
7 39
19 28
23 80
19 89
28 11
24 61
9 90
5 53
4 15
3 53
5 9
4 79
11 89
28 92
11 70
21 61
5 20
25 74
0 67
1 90
19 99
22 12
1 82
16 71
30 39
25 56
1 80
5 71
2 2
2 96
4 28
29 59
26 32
15 10
20 73
16 63
18 89
4 20
2 54
16 28
22 63
0 56
8 78
16 34
16 65
3 8
0 91
16 9
12 30
29 71
4 18
25 62
13 83
9 91
25 48
20 81
14 60
10 84
9 61
7 87
10 50
2 67
25 10
21 4
7 23
22 94
27 75
10 87
16 79
9 4
16 73
6 42
7 90
16 57
0 23
18 84
7 56
25 49
28 5
25 6
13 35
21 38
6 95
29 19
11 48
21 66
0 44
26 89
16 8
26 22
30 4
7 88
7 60
0 47
14 45
23 73
28 13
14 88
23 40
0 35
13 49
0 88
7 27
12 81
9 52
20 81
5 36
23 25
2 50
7 96
18 60
15 52
22 51
22 47
7 42
20 88
0 99
11 34
8 84
27 71
29 2
17 9
20 92
7 26
15 11
6 88
11 47
7 70
11 7
29 25
19 77
6 31
7 68
29 13
28 31
2 59
13 69
14 95
12 23
27 47
1 19
9 98
14 44
6 52
27 64
20 16
19 50
26 86
14 68
4 98
16 7
28 30
8 78
16 53
30 79
7 74
27 92
3 18
14 2
21 86
13 54
9 95
9 93
29 45
15 58
5 9
19 76
18 80
30 83
16 24
22 67
11 2
17 77
16 47
18 93
26 5
0 49
11 86
23 96
9 98
0 8
0 14
8 66
3 10
29 72
2 2
14 22
7 12
25 15
0 22
2 6
15 22
27 35
8 46
28 48
15 23
11 87
14 7
23 100
16 57
5 90
13 68
7 98
1 25
12 65
3 40
6 74
2 37
21 28
16 1
6 12
24 71
17 55
12 31
17 92
17 45
13 89
11 15
19 53
16 56
3 43
0 6
18 94
28 8
13 40
21 99
20 48
16 24
16 88
8 49
21 70
15 17
16 30
18 78
6 30
5 19
20 87
17 38
5 49
22 81
18 36
23 99
17 1
0 24
15 34
12 26
17 28
12 3
25 62
13 23
12 37
4 49
29 38
13 28
1 79
15 11
23 63
24 55
25 28
1 91
8 36
11 33
6 80
30 33
27 100
4 57
1 19
3 95
12 93
16 94
10 22
18 57
15 80
13 46
5 78
17 35
0 68
24 19
27 81
17 12
30 60
26 68
23 16
24 30
13 90
26 48
25 54
16 21
22 82
20 17
9 89
27 38
0 5
22 50
29 41
0 32
7 67
30 66
19 47
21 95
22 56
1 10
21 7
18 13
23 46
29 44
4 7
2 92
29 19
7 73
16 100
23 47
30 99
13 80
23 15
10 53
22 32
24 37
22 40
12 33
14 46
29 11
28 20
9 67
17 98
5 45
29 15
20 47
5 97
13 82
0 18
11 83
1 59
2 54
9 40
20 44
9 13
22 16
2 75
10 49
25 93
14 14
5 78
3 1
7 84
2 13
13 91
1 48
4 100
19 23
11 86
8 16
23 65
27 67
28 1
23 70
3 29
25 58
21 23
27 47
29 16
5 91
20 99
26 71
13 89
7 28
19 59
15 63
9 86
4 69
26 37
2 79
29 80
13 28
29 45
8 21
23 65
3 44
23 18
1 79
15 99
16 76
8 9
4 42
18 79
26 61
0 29
12 20
11 15
2 5
2 52
14 84
2 6
28 44
7 16
4 32
13 61
27 18
3 64
30 42
14 21
18 93
20 46
21 57
11 3
22 75
0 45
24 39
24 54
26 31
21 24
14 54
18 53
4 1
25 76
5 36
18 96
25 92
3 46
8 51
18 80
28 84
11 46
23 6
17 54
23 7
30 61
30 55
25 94
5 35
15 69
19 13
0 52
21 4
13 37
21 28
23 41
22 87
20 58
28 66
16 6
23 1
2 24
25 41
3 88
2 26
3 24
29 50
7 61
16 91
28 60
7 84
15 81
16 87
6 50
22 60
25 75
4 74
23 24
0 86
26 8
26 46
30 60
4 86
27 68
26 86
27 19
22 10
9 21
28 50
27 87
27 13
7 89
11 17
29 19
27 31
16 48
28 52
29 48
20 88
17 70
7 72
21 87
26 17
5 71
20 4
3 49
24 90
25 53
30 59
10 75
8 80
16 35
30 91
20 85
29 49
12 33
6 97
11 51
29 57
3 19
0 20
26 98
16 1
19 3
22 49
22 54
17 77
0 97
12 4
14 19
23 75
8 83
25 61
10 14
15 78
2 1
7 63
27 13
18 8
11 17
2 57
10 63
2 16
28 84
10 91
0 68
21 93
24 31
27 65
25 56
8 15
7 17
23 42
30 98
29 45
30 57
27 84
21 85
25 54
20 27
10 28
4 19
9 55
15 10
27 28
10 98
13 35
29 28
1 66
22 80
25 74
28 75
8 28
28 60
25 62
17 9
0 29
23 43
4 53
4 68
12 65
19 55
23 70
10 17
28 94
20 7
23 4
3 37
27 86
5 62
24 72
10 96
22 15
10 97
14 86
0 6
6 98
1 88
16 23
5 4
25 73
8 34
19 9
6 42
6 17
17 78
10 66
20 41
27 88
25 92
28 54
14 84
6 53
25 78
5 44
14 45
20 64
8 42
7 64
29 84
30 42
7 98
28 66
6 68
4 19
13 57
29 53
27 26
15 48
21 21
0 95
29 50
17 14
26 11
12 80
15 36
4 52
4 29
27 38
16 88
19 45
1 45
21 39
15 34
15 67
15 2
28 67
4 4
4 12
23 62
10 28
14 69
6 71
22 57
7 61
25 63
27 93
23 60
4 7
1 98
21 54
23 52
1 35
13 54
19 90
1 31
24 54
13 46
20 4
29 41
25 21
9 43
5 7
1 24
25 62
10 89
23 85
25 82
19 94
6 4
8 16
28 9
21 29
0 83
7 88
23 31
17 39
20 16
2 60
30 41
4 41
30 49
20 32
24 42
25 25
16 47
18 60
26 59
25 42
0 2
4 79
14 93
20 27
19 21
4 38
23 28
30 36
18 73
29 70
13 55
2 34
28 88
6 64
28 90
2 47
24 91
20 36
0 66
2 2
10 68
7 43
12 35
21 94
28 5
26 45
10 19
18 21
30 23
13 69
17 70
28 23
27 41
15 65
2 45
10 66
14 6
10 16
10 89
6 91
27 80
12 53
17 88
3 14
18 25
10 73
5 60
29 60
19 93
28 69
11 25
0 32
5 9
14 24
4 69
16 84
14 50
28 43
15 59
21 59
25 11
28 2
22 19
18 77
10 28
18 69
19 51
23 2
24 8
14 14
7 18
29 60
13 3
17 82
17 57
14 60
18 83
0 57
25 18
27 46
16 20
21 63
0 70
17 92
0 44
3 49
27 12
3 47
6 44
28 56
15 83
3 86
19 71
3 82
8 63
16 25
8 13
27 51
30 33
6 67
20 64
20 13
21 55
11 23
29 90
13 27
11 20
3 98
1 46
30 4
21 12
6 49
7 10
13 99
11 45
3 55
5 73
22 62
26 90
5 42
5 64
27 13
18 90
10 92
29 2
19 44
7 94
15 96
5 37
6 26
26 81
21 60
29 61
5 64
25 33
30 70
0 12
24 69
18 18
17 69
20 64
3 87
15 77
9 2
9 91
19 26
10 55
12 17
13 96
13 88
20 54
7 50
25 71
3 5
7 88
30 95
12 46
25 92
11 99
10 33
25 85
6 10
18 43
29 42
4 26
8 71
3 45
9 24
7 32
11 9
23 48
21 13
22 21
30 53
2 91
20 31
20 57
9 89
26 40
26 16
3 52
13 39
19 17
4 38
9 96
16 34
3 91
11 86
16 3
17 27
21 33
7 88
25 36
18 37
24 6
23 29
25 64
20 80
9 33
7 78
27 57
0 44
28 18
19 47
26 64
14 80
28 69
1 43
4 24
8 37
15 63
24 99
6 20
4 39
19 62
22 74
4 27
13 20
29 16
15 17
17 20
27 26
17 8
9 69
0 86
1 59
10 25
2 30
5 26
2 45
14 35
24 33
7 85
3 79
15 99
0 42
19 37
30 85
10 66
26 77
14 43
19 57
20 13
2 44
6 12
21 40
20 60
7 5
14 100
9 7
17 30
27 79
3 74
19 92
10 32
11 13
14 83
23 51
6 99
9 3
19 59
1 80
25 43
29 28
23 30
29 31
6 68
4 34
25 11
22 40
14 50
9 52
9 11
30 66
19 71
3 62
2 5
1 58
29 17
28 42
30 32
9 31
21 48
12 13
14 41
26 96
28 23
18 47
5 8
6 85
1 50
9 59
28 96
15 88
10 17
27 55
28 28
17 17
5 70
1 75
7 2
12 60
10 21
18 54
10 82
6 79
30 85
6 57
14 65
3 70
28 55
6 100
6 49
3 26
23 47
27 50
0 72
7 94
9 22
30 6
27 96
11 34
16 33
2 23
18 67
9 5
27 24
22 10
10 66
26 21
8 72
14 64
4 93
3 83
22 72
13 75
6 23
6 51
7 16
2 30
10 66
2 27
22 68
14 39
20 85
5 100
21 6
16 49
6 53
5 73
16 84
23 63
13 23
11 2
1 94
14 50
7 37
6 92
6 52
11 34
11 9
30 89
18 79
10 39
15 66
8 67
13 67
18 91
13 45
26 56
2 23
28 52
14 47
20 72
8 94
15 78
16 40
29 54
14 73
12 44
16 20
20 87
24 52
9 1
30 16
28 41
15 86
18 34
11 69
28 19
7 87
16 26
29 97
12 58
16 82
29 18
13 77
13 32
9 68
24 20
15 83
15 23
17 30
6 49
27 49
8 19
21 93
7 3
8 68
26 40
3 65
27 26
21 94
22 51
29 30
0 41
21 75
16 17
18 44
22 74
14 95
20 67
5 68
19 32
0 51
4 72
15 49
13 88
28 66
9 90
21 11
14 46
10 72
20 60
23 61
24 41
14 82
2 26
15 44
25 51
26 33
7 1
24 16
7 39
20 87
4 29
5 20
13 57
8 18
0 76
0 47
4 97
9 92
3 84
11 64
16 12
7 94
26 11
0 2
29 23
16 61
9 26
23 87
6 77
15 55
18 47
2 7
2 84
26 94
21 14
1 69
14 68
22 87
11 27
30 23
23 77
11 40
4 86
19 38
27 99
13 63
0 17
6 12
15 42
21 10
25 44
21 23
26 92
4 72
20 33
24 59
11 24
10 6
0 33
10 3
6 48
5 34
2 79
1 36
30 72
24 10
9 29
15 73
22 79
18 13
26 14
27 77
16 83
30 1
22 62
28 72
14 92
8 85
22 41
16 21
3 91
23 2
14 70
6 87
6 37
1 3
24 23
13 21
7 69
12 83
19 50
16 8
2 92
30 16
18 16
13 60
14 9
27 58
2 47
11 56
5 92
13 66
24 46
16 55
30 21
26 40
4 82
16 94
1 13
18 18
21 59
30 56
18 8
13 19
9 58
10 18
16 33
15 1
2 72
17 53
10 46
30 50
17 5
18 14
2 52
6 35
19 96
1 37
11 80
5 60
4 14
30 29
28 42
18 1
3 80
25 80
29 66
17 37
29 11
1 86
9 26
29 4
12 62
16 41
20 98
27 50
24 91
6 85
6 75
23 19
10 84
18 94
8 6
9 92
24 31
27 40
21 13
19 69
16 2
15 77
24 56
13 24
9 51
23 72
9 29
10 63
20 84
26 72
17 38
2 43
24 10
22 29
4 32
27 4
15 17
20 11
0 14
2 73
14 65
25 20
8 72
28 79
7 71
25 99
21 86
4 56
3 94
22 85
21 80
26 61
3 82
12 75
19 49
11 18
20 86
5 28
8 99
10 18
28 96
21 53
23 91
14 71
29 1
28 41
1 37
15 48
18 43
14 75
4 22
16 5
6 66
26 52
7 7
20 3
23 12
3 69
23 100
10 38
8 40
26 68
23 89
18 15
23 75
16 79
19 54
12 17
5 99
19 12
1 1
17 51
26 60
22 42
22 46
21 71
16 46
19 88
6 89
4 81
20 39
11 50
7 62
27 77
4 13
12 42
16 95
7 52
12 7
10 74
24 85
6 71
0 83
2 45
19 57
8 80
16 53
22 43
11 27
24 32
17 44
21 55
29 49
0 65
29 74
19 99
9 4
6 62
20 26
4 66
13 5
1 30
1 10
0 74
14 98
27 65
25 55
8 31
26 58
27 17
22 16
16 1
16 15
25 37
17 61
20 75
23 46
13 88
18 31
5 94
18 28
26 27
19 70
14 14
4 35
14 10
28 55
2 39
16 51
2 11
25 32
18 63
25 55
13 57
20 30
11 12
9 28
10 94
17 45
26 53
2 34
1 29
7 18
27 42
0 50
28 34
27 18
12 54
29 37
23 67
27 54
2 8
9 69
30 38
27 39
2 83
23 30
23 89
4 96
6 71
17 69
30 80
6 79
27 50
24 68
6 43
0 38
21 96
0 31
24 7
11 96
30 72
16 30
12 88
27 42
16 23
14 47
14 96
9 81
0 16
24 86
6 28
22 10
12 38
16 11
5 54
24 80
10 97
12 40
19 70
2 44
4 49
10 53
21 36
2 94
11 30
15 84
18 14
2 60
9 37
30 74
12 69
2 14
14 61
4 91
9 32
22 66
26 18
14 6
14 37
23 85
19 15
9 68
3 31
12 13
0 35
11 26
0 5
6 60
13 91
7 10
17 95
28 70
3 26
14 41
26 23
1 45
19 36
23 22
11 85
19 86
24 74
1 88
26 11
30 45
17 22
28 15
15 12
22 27
2 72
11 14
7 37
1 79
18 98
0 57
18 90
28 1
24 79
24 6
12 39
21 47
13 3
2 11
0 83
9 66
22 58
13 37
29 48
1 18
29 50
10 34
0 17
29 38
6 92
22 45
20 42
18 8
21 66
2 22
24 37
1 13
5 41
2 27
24 66
12 62
29 55
2 24
26 71
17 96
12 61
12 31
14 65
26 34
13 74
7 76
11 99
23 35
1 73
15 71
8 4
13 32
22 92
25 3
24 28
9 81
2 87
12 73
27 23
21 17
5 73
11 36
13 76
22 59
11 4
7 17
30 39
23 9
21 23
27 95
4 57
23 57
23 80
8 54
28 69
4 83
1 90
30 72
25 97
12 19
17 36
29 8
4 41
27 9
2 6
11 33
4 47
17 58
15 66
11 35
9 21
11 44
3 74
8 59
14 21
28 77
6 22
27 55
14 58
13 69
0 1
