100
15 46
11 84
11 29
15 60
0 4
10 18
29 53
21 38
1 85
15 12
18 27
26 38
12 62
12 9
27 81
23 69
22 61
6 37
6 84
13 40
29 91
21 11
23 27
6 56
13 84
1 7
17 70
28 5
6 70
21 80
18 58
5 8
30 8
15 67
29 5
28 83
30 78
1 81
17 22
28 60
15 1
19 61
27 60
19 4
4 38
9 10
3 9
25 24
6 21
16 24
30 12
5 23
19 96
15 40
4 60
1 21
10 61
21 60
1 90
3 26
9 85
30 40
8 62
18 56
26 43
27 74
12 32
30 42
30 82
6 15
22 28
21 31
5 9
7 11
28 99
15 82
20 90
15 33
3 20
10 16
1 56
28 47
7 5
18 78
29 61
29 26
13 97
27 8
21 28
0 50
27 8
1 85
24 88
30 62
12 97
5 99
14 21
17 10
17 24
8 57
23 74
28 63
10 67
9 30
14 17
25 69
11 28
20 17
29 59
8 97
6 93
12 61
13 15
25 88
22 60
0 40
30 76
30 96
8 4
27 57
1 38
6 98
23 78
29 34
20 76
21 48
16 14
7 82
27 28
25 94
25 42
12 53
29 81
10 13
23 12
3 52
1 23
26 17
28 38
16 19
21 75
2 87
15 48
11 57
14 44
23 75
15 92
22 50
5 25
23 56
16 90
20 27
27 61
15 65
0 72
17 57
9 74
11 56
11 98
28 71
16 84
1 41
16 27
7 85
8 1
17 74
16 9
3 30
7 22
7 29
13 41
21 66
30 98
10 36
13 90
10 33
30 22
30 68
30 25
2 37
16 10
9 56
0 69
4 24
14 27
0 56
10 81
24 57
24 89
12 57
4 47
17 37
21 33
7 12
29 22
4 52
5 51
22 32
0 6
26 18
23 95
30 93
10 41
29 60
19 98
27 21
8 40
12 53
3 44
8 6
29 7
21 54
12 15
25 19
25 12
14 63
21 2
20 16
28 11
20 82
12 99
2 94
14 100
14 31
28 16
26 62
14 22
26 61
15 94
26 3
13 33
17 82
26 21
20 13
17 19
23 10
7 72
4 63
2 96
8 22
2 41
2 54
6 20
19 56
2 100
9 3
17 14
28 21
19 31
2 12
15 15
18 70
15 52
20 43
17 35
22 37
4 89
15 33
4 66
19 89
11 5
0 63
29 15
5 28
3 69
16 60
3 16
30 43
12 80
4 8
26 40
13 5
0 18
7 38
29 31
27 41
8 34
20 57
5 2
21 53
6 47
5 84
30 33
23 83
25 3
18 50
24 61
11 50
30 41
25 6
0 80
22 23
29 72
27 11
5 18
13 12
30 94
12 95
18 86
14 27
5 81
29 32
24 38
10 80
26 98
14 77
11 9
30 2
27 61
25 41
10 91
13 11
7 68
3 48
1 77
8 63
24 75
3 98
22 68
5 83
29 29
16 59
15 27
9 8
15 76
20 9
23 13
14 89
5 71
30 32
10 49
23 6
23 100
17 16
7 80
15 29
10 1
23 77
7 36
24 61
17 35
20 49
3 24
23 53
20 82
26 47
13 41
28 45
6 6
5 87
7 68
25 94
21 62
15 78
17 75
20 24
7 58
20 5
6 16
6 80
19 73
11 67
29 84
16 13
4 88
29 30
1 30
14 48
14 66
10 16
8 11
26 96
19 85
26 55
30 72
10 98
28 24
5 63
5 66
28 60
14 33
16 60
1 91
28 88
20 87
0 51
11 50
3 78
1 32
12 83
11 77
20 89
13 62
12 87
4 57
30 84
4 16
16 28
10 55
30 49
7 12
14 72
7 91
2 41
26 62
7 64
28 9
7 76
12 41
10 89
11 96
1 63
7 33
1 50
28 64
25 41
30 53
30 4
20 56
4 73
10 35
2 26
0 77
1 5
6 91
4 4
23 50
15 86
28 72
29 59
16 52
13 10
17 43
0 13
22 9
0 77
8 85
4 13
28 32
12 18
10 81
0 72
21 56
25 68
25 35
25 1
20 99
2 7
0 73
13 57
29 75
30 63
10 39
14 1
23 41
5 64
20 88
5 94
17 17
2 73
19 52
6 78
21 93
17 41
1 37
13 34
2 68
9 28
27 2
18 21
9 33
1 87
19 97
13 70
22 37
1 45
9 46
18 85
19 34
20 44
16 25
3 58
26 31
28 88
14 34
29 62
19 92
6 60
28 13
1 29
28 37
2 86
0 7
5 64
11 80
3 77
9 28
24 3
4 45
5 91
14 62
29 72
5 40
3 8
11 96
12 77
28 80
7 53
20 39
11 80
27 91
29 39
22 84
20 77
0 23
28 100
7 43
23 98
27 7
11 98
15 15
22 94
6 86
30 90
24 35
23 21
21 18
6 15
6 57
29 66
5 8
0 65
17 73
20 95
17 2
19 98
9 49
25 14
16 62
29 91
29 64
26 74
25 20
25 51
2 23
27 83
5 36
24 37
6 63
27 92
5 83
2 41
1 92
18 47
17 93
8 92
23 38
7 57
13 27
21 89
18 4
12 24
2 23
29 80
10 54
18 20
26 85
6 96
18 70
24 61
22 85
22 72
5 92
1 66
9 53
14 57
12 69
12 63
24 8
24 92
11 6
1 52
3 1
2 38
23 60
24 7
9 17
21 35
16 31
28 64
25 37
16 62
2 50
9 69
23 20
3 69
29 96
1 40
14 52
29 37
25 74
23 100
2 57
10 11
16 19
18 42
22 52
11 69
19 44
10 72
27 34
14 42
7 11
2 71
3 32
18 19
8 80
26 77
3 54
10 86
20 88
19 37
26 18
19 85
11 94
27 4
27 45
29 69
19 73
20 80
5 43
19 23
25 86
29 1
25 62
13 79
1 96
19 82
0 89
9 21
30 76
23 71
10 5
16 7
25 87
29 94
16 22
0 28
10 100
11 81
10 9
11 94
10 87
25 19
11 32
23 72
11 56
3 71
5 10
27 2
14 65
20 64
16 96
21 41
29 73
28 91
24 3
17 81
23 26
25 71
14 80
5 42
15 63
9 50
5 46
29 33
0 89
19 85
9 61
5 73
21 28
12 17
23 61
29 13
28 35
10 25
28 11
12 50
6 70
30 38
0 66
15 1
19 88
10 25
18 87
18 1
15 95
14 4
6 24
0 16
20 49
15 95
11 96
21 3
27 73
3 100
27 97
17 13
22 78
28 47
20 51
3 52
15 70
21 28
24 91
14 32
9 36
17 97
26 50
4 37
27 57
1 44
10 1
24 36
6 63
4 77
28 28
6 12
29 59
30 34
16 27
30 41
10 16
22 5
5 41
28 13
3 12
26 71
9 95
15 21
17 39
5 85
10 10
7 77
22 62
3 55
25 91
24 34
4 6
25 90
26 69
8 87
21 80
7 97
21 30
0 61
28 78
5 11
23 98
23 39
3 24
13 16
20 58
13 79
21 14
15 6
30 8
20 87
15 31
30 26
22 93
20 79
23 49
12 20
1 76
20 69
9 25
13 10
21 69
4 41
0 90
5 82
17 96
12 8
20 36
24 30
22 18
29 71
24 36
18 10
13 23
12 74
24 27
24 22
20 17
23 74
11 99
8 92
0 71
5 99
15 18
28 39
7 21
24 87
3 63
5 13
19 90
6 37
6 24
4 23
23 2
29 87
20 92
13 98
15 65
11 26
17 54
26 14
17 25
4 72
23 94
26 6
27 11
12 34
1 33
28 41
27 24
17 42
7 18
9 3
18 6
25 36
6 73
26 36
13 13
27 26
2 28
28 65
11 22
17 81
26 66
20 13
2 71
10 25
11 11
29 98
22 89
8 22
24 36
25 23
9 10
9 91
15 20
4 93
22 11
3 69
22 34
27 48
19 61
23 32
25 17
14 30
25 70
12 86
3 63
12 66
29 74
3 83
25 71
27 4
17 53
1 38
24 4
13 57
8 42
9 89
10 34
2 97
28 48
20 76
17 32
11 28
8 98
9 20
22 30
8 61
24 41
1 97
14 7
4 1
14 31
22 76
1 63
26 87
1 85
22 4
29 79
5 36
16 18
20 41
2 97
21 32
24 48
4 2
19 61
26 15
3 24
27 13
9 36
22 52
9 32
1 43
20 8
7 22
6 21
25 20
20 55
22 65
8 37
12 78
16 75
19 51
22 69
0 60
4 72
14 23
1 52
28 68
9 94
23 35
4 75
26 68
20 94
23 61
21 29
2 5
26 41
20 62
0 43
24 39
3 4
30 11
9 20
28 10
13 3
1 48
30 19
8 54
8 17
19 67
0 48
21 78
2 97
6 57
24 53
0 14
15 22
20 47
15 27
1 77
2 94
0 55
23 40
16 14
27 48
20 85
8 87
2 24
18 38
2 41
19 30
6 23
9 18
22 62
23 80
21 91
18 12
29 17
11 23
21 49
28 18
6 6
19 25
4 40
20 38
10 18
6 96
0 57
16 18
25 21
30 73
20 72
7 67
29 91
10 98
0 95
14 22
19 14
27 55
21 87
7 83
3 28
25 3
15 14
13 53
5 1
15 53
7 36
22 71
9 63
3 98
12 78
19 82
13 2
15 25
28 48
15 57
22 72
6 55
3 59
25 84
24 79
3 69
13 25
13 24
4 64
1 45
23 77
1 76
28 55
30 57
10 14
0 8
11 95
16 96
6 22
4 90
1 2
2 32
6 100
7 26
7 28
24 94
29 48
18 34
25 99
10 49
7 67
1 97
12 46
6 30
8 21
15 25
13 76
13 31
10 76
23 89
5 88
29 63
22 95
8 78
1 73
17 42
2 84
26 20
9 68
1 30
9 30
7 95
7 44
1 10
29 32
28 44
14 64
3 28
10 8
29 2
13 58
16 48
12 83
5 51
11 52
22 67
1 20
26 85
13 96
13 11
22 42
3 12
10 100
23 72
7 36
21 92
8 11
19 13
23 8
20 17
19 25
4 71
21 71
30 6
17 94
19 8
29 70
13 63
0 40
27 38
6 22
7 93
11 66
12 93
5 62
16 71
12 19
18 79
6 77
26 35
13 38
27 77
6 18
16 90
11 69
7 47
30 15
2 93
30 66
0 64
30 33
19 60
21 7
5 5
6 28
5 87
28 45
5 49
7 50
1 55
28 3
3 82
11 76
4 96
8 18
11 16
0 4
24 68
5 9
15 43
19 11
25 48
25 63
17 73
12 93
18 28
27 41
30 49
13 66
14 35
24 83
10 25
6 98
20 48
4 45
19 15
11 58
26 60
30 54
2 2
26 46
6 67
29 83
9 92
3 93
3 97
8 86
30 7
21 28
0 35
21 59
28 61
14 23
25 9
15 22
21 63
30 49
6 44
13 65
11 2
8 48
1 2
14 27
16 73
14 63
21 34
3 27
30 87
4 55
17 98
17 4
26 72
24 66
3 16
20 6
11 84
9 38
6 100
3 47
24 91
16 19
25 75
22 77
17 61
6 33
3 90
27 90
8 51
28 32
26 45
10 95
10 46
9 32
27 66
16 43
1 74
27 1
7 8
23 5
0 72
13 12
21 15
27 28
28 69
4 96
14 79
16 97
24 68
16 32
7 46
16 98
11 91
14 89
14 5
9 7
1 71
1 52
11 27
9 62
13 85
2 93
15 6
25 30
29 46
18 98
4 63
22 34
27 87
15 52
25 26
22 3
7 84
25 25
6 24
26 93
29 63
8 62
4 71
3 62
10 89
7 73
19 99
16 37
24 96
26 3
4 6
8 19
6 3
10 97
8 53
1 17
26 78
25 74
21 6
26 61
6 63
20 49
7 89
7 74
12 30
13 36
7 19
13 96
9 77
30 33
9 50
25 15
15 79
24 84
3 95
2 55
25 62
24 83
21 37
22 11
17 39
10 9
17 82
16 38
14 84
30 72
6 99
16 50
20 59
9 6
2 59
25 93
20 23
10 73
10 72
13 49
1 1
5 77
12 3
20 88
25 21
4 88
14 72
23 35
21 54
3 99
2 58
21 94
0 72
1 78
11 36
13 5
24 17
20 44
30 22
0 84
3 81
6 69
27 19
24 93
20 85
17 97
12 1
4 4
30 13
16 94
25 85
22 96
19 72
19 75
3 20
16 24
22 51
22 78
8 81
15 5
0 14
0 88
12 62
29 30
20 74
24 82
10 61
17 90
26 41
2 45
20 74
13 20
18 67
4 91
14 44
25 77
25 89
19 6
3 68
26 5
26 29
14 15
23 94
15 78
30 4
28 16
10 85
6 36
26 92
23 23
8 7
21 93
23 1
24 52
13 23
10 74
26 85
16 61
5 44
2 11
0 6
8 58
16 45
10 22
5 4
15 3
25 40
4 11
17 94
27 87
22 64
14 32
2 73
13 32
29 72
15 85
12 88
13 48
2 58
5 77
23 76
10 70
27 78
16 85
1 1
29 89
21 12
3 16
23 66
5 32
12 9
1 60
2 50
28 12
1 36
22 71
26 59
0 52
6 17
1 54
29 16
20 95
23 73
24 53
6 15
11 3
24 13
21 63
4 3
23 61
12 92
18 69
17 22
30 54
11 67
23 80
10 79
27 29
9 2
18 68
17 86
24 89
8 2
7 1
19 26
6 22
22 29
2 100
14 76
18 70
14 57
2 91
20 34
2 97
3 12
19 58
0 74
20 2
21 1
1 42
25 37
5 81
9 62
4 63
2 17
1 72
9 37
16 45
23 11
9 9
6 99
16 24
11 55
24 17
6 41
12 8
19 4
4 89
17 81
29 82
23 88
11 94
17 31
19 95
13 83
18 69
22 24
2 70
4 59
11 98
17 98
18 47
9 73
10 66
17 19
22 49
30 54
24 14
18 7
2 36
20 90
24 5
25 73
29 19
26 73
21 33
14 71
12 66
23 62
27 44
9 13
27 96
18 32
12 56
1 64
22 75
26 98
2 18
12 19
12 36
11 99
7 1
1 78
16 28
23 99
27 25
21 21
1 44
23 65
11 31
23 23
22 2
12 25
17 90
2 86
4 27
3 3
24 71
12 70
30 45
9 67
20 25
27 53
16 67
0 37
8 46
2 29
30 35
16 48
1 67
3 34
9 25
27 49
24 20
23 96
5 37
27 54
6 72
4 64
0 19
17 43
28 44
17 12
22 78
22 74
0 15
1 51
10 59
15 47
8 56
26 90
13 73
25 68
18 61
6 81
21 24
29 7
11 45
24 21
11 58
16 80
16 36
10 6
15 9
11 79
30 18
17 73
23 12
25 3
24 14
28 57
1 60
22 9
22 57
14 17
7 89
15 73
16 90
23 86
5 97
6 6
2 20
25 45
13 85
28 12
27 56
29 78
11 46
18 82
20 26
0 49
10 40
0 65
17 12
12 99
9 56
29 18
13 15
8 92
27 19
30 22
2 73
0 93
9 28
17 73
6 31
9 68
10 77
15 54
3 11
19 37
9 24
11 67
16 100
26 85
27 37
3 92
22 53
9 24
23 46
0 27
10 18
15 33
6 31
25 79
11 62
6 42
25 36
12 19
24 45
20 13
6 24
14 9
19 8
7 17
19 68
15 63
19 60
5 63
14 87
27 100
25 18
14 50
6 100
2 23
12 82
29 4
19 79
24 94
21 14
1 68
13 72
27 89
6 44
9 8
1 1
20 80
30 75
19 40
20 21
11 45
10 30
18 48
17 50
6 63
21 62
20 98
8 45
6 75
26 94
2 61
25 9
30 62
27 7
19 28
19 27
13 82
1 80
27 62
30 84
29 13
11 84
0 5
8 67
21 53
1 40
13 60
7 51
13 73
10 75
1 14
2 50
7 26
29 25
30 96
28 69
23 17
12 74
14 30
20 70
1 34
5 47
21 74
29 6
12 78
12 16
25 16
19 69
0 44
17 34
17 21
15 77
1 8
2 56
3 95
23 19
17 76
9 77
9 39
29 93
3 21
27 43
16 28
4 1
14 57
0 23
19 56
22 10
29 51
23 64
10 71
17 63
21 38
28 50
27 78
16 73
12 67
6 25
14 82
27 31
20 42
20 73
29 26
7 3
24 46
18 98
30 65
21 28
19 18
23 13
16 53
12 34
7 21
9 9
26 45
4 26
26 54
3 95
26 17
2 69
1 91
17 41
17 62
8 26
2 49
15 47
18 42
3 92
14 68
7 52
5 79
21 52
2 73
29 68
8 26
14 94
11 39
28 6
25 72
22 33
1 87
13 42
9 27
9 39
27 45
25 26
27 27
5 50
19 74
13 63
5 76
28 33
2 39
0 20
7 86
17 85
19 57
30 28
27 65
21 30
29 27
9 71
4 97
18 86
14 59
8 42
4 1
20 81
16 48
17 98
20 53
24 10
3 67
18 71
2 6
10 17
5 45
17 94
13 35
10 46
23 35
7 66
22 21
24 82
23 33
7 99
5 83
9 10
2 90
28 9
9 67
5 66
28 97
23 14
22 97
21 69
21 34
1 100
11 87
28 31
3 86
16 13
2 47
9 93
5 40
19 33
29 97
17 76
6 25
21 76
3 96
3 69
30 18
6 100
0 38
8 77
7 40
28 57
13 73
21 35
16 65
4 97
6 71
25 85
4 22
17 9
6 76
16 91
23 54
8 36
26 18
12 69
16 43
30 8
9 85
20 88
17 14
21 9
29 91
23 81
27 73
3 80
20 38
11 78
15 48
10 49
23 60
9 1
11 80
23 78
22 64
5 78
11 49
17 18
6 77
17 46
17 25
21 43
1 67
8 4
22 33
1 90
29 4
30 6
25 68
10 54
10 93
23 11
18 17
23 65
11 53
9 52
12 55
13 66
25 86
16 24
9 43
2 64
12 6
26 83
6 41
21 25
22 28
24 47
25 97
24 27
6 37
27 28
28 92
14 5
14 3
29 94
13 15
5 31
15 46
10 63
6 33
27 15
12 49
30 93
12 39
24 79
30 5
16 16
11 69
28 47
26 70
23 86
14 29
18 89
24 95
28 48
23 27
13 69
18 95
3 26
2 99
0 33
11 37
6 99
20 80
26 35
3 40
12 12
7 48
29 85
17 64
14 30
21 24
19 10
27 71
22 56
6 22
25 17
22 77
29 53
12 48
28 98
1 2
20 33
28 40
2 15
12 69
9 76
22 11
5 34
16 35
9 11
18 2
10 99
23 40
2 30
16 46
22 14
15 52
10 70
4 31
6 7
27 84
8 44
25 10
11 1
0 33
0 38
13 62
3 74
14 89
25 89
18 95
4 75
28 7
14 73
15 49
0 53
17 29
22 76
9 10
24 97
14 54
18 1
17 6
22 35
19 38
22 19
4 86
26 67
21 90
8 27
19 59
16 47
13 84
3 70
5 52
19 23
11 100
20 96
16 33
11 61
24 7
3 94
2 36
23 12
20 71
14 83
2 74
1 87
13 56
5 69
3 15
19 76
19 92
12 35
20 89
12 70
26 60
28 56
5 12
5 88
19 70
15 7
13 76
22 61
11 76
23 4
15 14
27 90
1 60
28 54
30 17
12 42
0 85
25 88
5 76
27 41
12 89
10 29
20 88
1 99
11 55
20 44
11 55
23 24
16 18
16 18
13 64
12 42
14 23
18 53
0 98
15 98
13 28
29 15
0 67
12 25
3 19
29 9
25 89
9 72
0 17
29 42
26 34
28 53
26 10
10 26
30 37
11 35
29 64
24 17
0 41
18 13
8 92
13 11
4 45
26 15
29 38
12 98
13 8
25 34
6 33
10 13
12 58
28 43
15 32
22 90
20 73
27 35
13 53
19 80
22 79
18 96
24 47
0 40
10 16
24 5
24 71
30 64
7 54
9 8
4 36
18 81
22 89
0 34
28 12
17 46
16 87
24 7
20 93
7 92
14 33
24 68
14 65
8 35
30 38
16 74
12 12
12 53
30 62
13 25
25 73
10 41
21 78
18 93
10 90
2 36
15 20
23 42
6 6
15 26
14 16
12 79
14 55
12 14
6 20
26 72
19 25
6 91
24 54
0 27
27 28
25 13
11 81
26 53
26 59
30 39
29 87
7 30
12 58
5 20
19 57
29 99
24 44
29 3
17 99
1 1
18 63
23 95
19 78
25 4
18 46
3 21
19 94
28 95
9 60
13 92
11 9
8 48
15 42
26 83
13 36
16 34
30 29
4 18
13 95
14 75
14 98
15 5
1 32
5 20
26 93
23 89
12 11
9 63
21 99
27 76
4 59
11 36
20 24
19 62
6 1
17 97
27 16
10 63
27 42
13 74
26 3
8 22
21 38
18 7
1 8
7 34
21 99
28 98
6 74
0 97
16 6
17 12
11 97
9 76
8 53
26 99
2 52
13 87
17 28
15 88
19 24
25 42
10 17
16 35
25 97
6 5
3 59
12 35
26 95
9 86
14 85
25 21
17 71
7 49
9 32
17 93
2 78
0 27
6 44
10 40
9 58
27 74
9 51
26 85
25 93
11 50
3 57
0 87
20 83
25 42
8 38
13 26
10 53
14 92
21 95
2 43
13 41
24 65
0 97
20 79
7 96
8 39
11 87
9 94
27 56
25 87
4 94
24 4
19 42
10 76
22 24
10 56
8 46
19 65
27 29
24 85
13 77
21 45
19 32
12 14
19 17
0 66
24 63
14 6
25 49
24 55
1 50
17 16
29 60
1 1
21 93
5 58
3 78
28 3
8 71
25 5
15 88
17 36
9 45
23 81
17 68
8 94
10 50
28 31
26 9
7 2
26 41
24 66
19 9
1 82
13 12
13 41
6 20
16 56
8 99
28 3
4 55
11 84
24 23
11 67
20 50
28 94
5 92
9 35
22 20
26 39
8 96
18 85
24 34
22 13
21 33
9 53
19 23
6 35
19 44
6 54
22 8
10 3
21 50
23 59
10 70
20 66
3 64
11 84
8 14
15 20
2 48
1 17
11 34
10 5
18 2
5 72
13 70
12 56
7 16
20 88
12 93
23 23
26 43
17 9
2 41
2 58
20 67
27 33
1 75
18 64
28 48
6 63
29 82
19 99
10 29
14 36
3 4
21 55
8 21
3 52
21 17
17 29
25 23
5 81
15 89
15 58
2 19
28 94
18 30
10 71
16 46
8 92
9 39
27 95
23 59
10 33
12 69
13 76
17 39
25 28
11 94
20 20
3 84
15 64
21 71
20 99
0 55
16 92
23 44
20 49
29 32
30 95
4 16
5 5
7 28
12 71
25 96
9 23
6 33
29 76
29 27
8 48
5 25
27 73
22 28
21 73
30 13
1 93
22 27
7 44
2 90
30 86
27 22
28 100
15 94
27 51
9 15
21 16
28 100
29 63
20 63
28 81
30 59
12 75
13 40
12 13
10 84
6 80
3 67
16 64
12 17
21 4
15 28
23 7
19 3
17 78
16 59
21 67
19 34
20 49
9 48
2 70
22 63
5 37
28 89
29 79
27 91
10 32
18 72
26 71
16 61
27 43
8 84
20 23
12 18
30 11
19 72
7 21
0 89
23 63
7 45
27 96
18 62
26 11
29 50
22 52
13 44
7 97
18 89
4 10
3 39
1 57
4 2
1 89
19 6
9 81
27 25
3 96
22 53
16 15
24 46
26 48
5 78
3 68
2 86
20 16
8 30
25 82
6 73
21 47
11 29
19 71
7 42
7 45
18 53
18 52
27 96
16 89
14 71
6 20
22 14
20 48
24 14
16 96
28 23
4 74
2 13
19 45
7 34
25 48
6 58
19 53
8 59
23 88
1 53
15 69
13 61
4 99
1 83
1 63
20 32
16 52
24 53
16 77
13 48
20 66
11 54
22 76
14 64
14 27
20 83
23 40
30 89
25 16
0 29
23 99
20 81
14 33
0 97
27 29
21 25
20 4
10 58
6 8
4 62
6 100
9 93
22 31
0 86
11 10
21 56
4 33
5 48
12 79
30 70
8 66
1 59
4 92
6 58
20 74
10 83
30 1
25 70
23 88
11 95
13 86
29 34
21 80
18 9
21 61
27 48
24 27
23 72
21 41
15 79
26 30
2 57
30 60
18 11
15 42
5 46
23 57
15 62
8 68
11 38
27 18
14 80
4 76
6 66
9 95
27 9
15 45
4 30
18 88
8 22
5 13
30 81
26 29
15 90
18 46
6 26
21 81
13 64
22 31
26 27
21 34
18 29
16 15
7 78
2 48
30 17
12 52
8 100
30 14
17 57
21 18
27 44
28 45
13 72
2 23
21 20
9 92
3 30
26 55
23 55
25 8
29 99
3 49
4 73
10 74
23 83
17 37
8 64
15 61
20 69
14 100
26 81
13 14
5 42
9 37
9 3
9 77
10 77
29 67
18 52
0 73
6 21
20 59
24 40
28 52
3 17
21 40
22 12
26 18
6 38
18 87
9 92
10 13
22 81
21 86
0 4
27 42
10 96
0 88
10 95
7 53
6 42
7 94
6 13
9 58
9 88
13 39
1 74
13 19
9 94
23 47
1 99
15 68
18 20
30 74
20 16
6 51
12 93
8 81
10 27
13 97
2 35
27 15
24 52
7 26
5 33
8 56
2 91
13 26
10 90
4 10
0 12
23 60
12 60
3 83
19 26
9 59
9 71
11 80
24 83
3 37
10 100
23 51
10 51
3 7
24 64
10 44
7 35
23 8
27 74
19 71
3 28
14 24
30 30
18 83
16 24
24 34
27 36
18 14
6 81
15 86
10 93
14 46
12 79
27 51
6 46
8 47
20 69
28 25
30 62
30 94
23 80
15 72
11 47
17 18
30 51
18 84
11 8
8 31
19 14
14 60
29 11
6 84
10 34
15 93
5 30
0 52
16 89
9 84
0 70
15 81
18 54
27 1
29 79
29 13
4 52
28 41
9 95
8 95
13 90
27 91
4 78
22 1
28 19
28 26
28 11
28 9
23 1
11 45
24 82
27 74
30 83
19 39
1 76
0 2
10 80
13 21
0 49
13 31
2 59
27 89
13 6
2 59
12 73
29 93
14 19
14 35
7 47
17 11
6 87
11 24
20 18
4 55
27 72
2 89
7 90
10 64
11 16
15 37
20 20
28 15
15 73
29 15
25 30
27 33
8 67
8 24
8 47
22 59
7 49
6 70
18 50
15 36
10 96
8 74
20 53
17 55
17 35
9 81
20 34
20 51
8 34
18 55
7 72
15 87
18 58
17 95
18 27
16 14
12 100
5 59
4 31
28 74
21 7
4 31
11 36
27 40
17 11
9 1
28 2
22 62
19 74
17 49
19 71
21 55
18 31
20 16
17 80
8 10
16 76
15 49
25 10
28 93
10 90
29 59
18 69
10 77
24 26
22 54
13 52
8 36
16 92
7 29
26 33
17 2
19 19
12 40
4 33
20 1
24 7
21 69
25 32
28 9
22 75
21 4
10 98
14 47
23 23
16 31
22 80
9 64
23 41
26 58
11 57
15 59
28 61
15 10
13 22
26 15
5 52
6 62
12 25
27 11
23 38
18 29
29 55
0 50
22 14
15 41
9 97
10 45
4 9
24 39
23 67
0 34
4 59
26 89
16 99
2 49
6 66
13 88
21 95
27 51
15 92
16 18
17 53
14 17
23 9
1 17
21 36
21 15
26 8
26 89
15 20
8 58
7 26
24 25
17 6
22 10
7 86
28 96
24 20
6 22
22 10
21 14
17 51
5 44
2 94
28 88
9 100
18 9
2 26
27 99
21 92
20 31
11 32
7 25
0 77
18 42
20 3
21 25
1 63
10 92
2 24
15 57
7 52
13 56
9 70
18 2
23 5
29 89
28 51
7 54
24 79
21 11
28 63
3 94
20 45
16 21
23 38
11 51
28 95
24 33
7 54
15 54
4 17
29 67
15 2
8 94
28 70
0 90
19 80
21 43
10 16
1 52
13 91
2 16
1 58
12 76
7 23
22 90
30 82
29 10
9 31
24 74
27 77
23 63
5 95
18 36
22 52
20 5
25 56
18 27
25 96
21 60
18 44
11 94
0 1
18 73
29 27
1 75
27 38
12 63
14 62
26 53
27 56
26 17
29 45
0 61
25 82
30 16
19 45
2 62
4 41
11 44
8 15
3 69
29 43
0 6
30 28
19 52
17 69
6 65
1 92
7 29
5 57
8 53
17 56
15 46
6 2
24 76
24 6
15 22
14 83
12 1
25 5
25 49
12 59
5 85
23 85
21 50
19 89
27 35
10 16
2 21
6 24
27 60
3 43
28 92
23 30
14 43
4 1
20 14
1 13
12 14
28 17
25 74
2 53
9 91
2 73
14 54
1 19
16 21
18 97
21 16
12 97
24 92
18 41
26 35
27 65
8 76
25 33
19 11
21 78
23 37
0 88
2 58
11 83
9 55
8 82
24 65
23 50
2 18
11 29
13 93
5 22
5 28
20 24
7 66
9 60
12 75
27 4
13 66
21 99
22 94
22 69
20 98
