100
13 16
20 64
5 4
18 55
12 83
13 94
4 67
29 21
4 40
17 99
16 85
7 39
9 61
25 78
8 71
23 25
30 12
1 35
27 10
7 69
19 30
2 58
22 6
30 9
5 82
30 93
13 13
3 83
10 61
28 43
2 13
0 66
22 31
6 97
19 25
9 41
30 98
21 100
9 52
22 23
23 5
5 19
15 97
17 78
26 86
20 77
28 75
18 17
20 60
30 91
28 3
6 97
19 82
2 84
12 71
8 18
19 88
15 19
5 38
23 23
29 91
8 18
30 21
12 39
4 47
20 13
29 26
22 13
30 1
25 99
22 3
21 57
9 98
19 31
16 33
2 51
29 9
28 96
21 71
12 57
20 6
26 35
30 1
26 75
7 96
29 72
15 43
5 28
23 100
2 100
18 15
11 64
26 74
13 54
3 63
6 88
19 29
30 14
18 57
27 70
2 82
24 33
4 10
22 9
25 28
21 5
29 61
23 74
18 82
4 90
15 94
23 20
4 21
17 80
21 50
13 79
20 12
7 63
1 16
21 52
11 89
10 44
11 8
10 55
16 23
2 27
9 65
21 44
28 84
12 87
4 28
13 10
7 76
9 19
28 89
14 68
19 28
7 43
29 64
3 96
27 88
30 58
18 51
11 89
11 93
2 41
11 30
10 88
27 57
25 59
19 1
22 14
13 96
21 63
28 16
23 98
27 51
24 100
26 35
2 92
9 11
3 43
6 59
24 66
23 41
16 51
16 5
1 23
25 36
0 14
29 89
11 3
29 14
17 45
4 58
23 69
21 76
11 26
25 71
22 30
16 37
28 2
25 67
19 80
28 66
26 26
25 64
19 47
28 31
0 16
19 54
26 73
0 47
8 60
13 88
24 89
22 51
4 81
3 10
19 57
27 92
26 19
21 42
17 71
30 43
27 7
25 44
0 78
27 39
25 1
8 86
11 85
29 59
1 7
15 88
10 63
0 74
11 64
2 44
12 52
0 85
28 80
29 59
5 34
26 19
1 75
19 76
2 76
19 36
24 11
5 99
14 37
7 81
0 14
5 33
1 25
3 44
8 86
13 88
14 85
10 65
16 98
23 27
16 6
0 28
0 23
13 5
15 6
3 97
11 96
5 68
26 79
3 16
7 55
28 9
13 40
19 23
22 18
15 46
11 72
5 23
10 48
3 2
23 3
24 77
18 79
26 67
30 79
26 68
17 47
10 49
8 79
24 91
0 63
14 25
30 16
13 35
0 82
9 91
23 97
9 97
9 64
20 1
7 96
11 69
28 63
19 11
5 92
16 73
19 56
26 39
1 59
6 34
19 66
22 29
29 15
15 65
11 93
15 64
18 5
20 64
11 72
1 89
24 7
30 22
15 66
18 24
16 53
12 31
21 36
27 27
7 62
8 81
7 8
6 28
14 47
9 64
1 3
29 35
11 25
2 58
14 78
14 85
24 67
8 7
6 65
12 9
5 23
2 72
23 32
0 31
30 28
15 48
4 67
19 48
6 17
14 41
6 9
2 57
7 11
29 62
1 13
6 16
13 99
13 86
1 61
26 96
9 38
2 67
21 55
8 32
12 78
14 44
18 82
20 11
1 63
4 82
26 68
15 1
12 27
30 91
11 55
3 46
30 19
5 4
23 23
1 20
27 61
30 81
13 42
3 34
3 14
21 77
21 10
26 22
9 6
22 99
19 95
14 68
19 3
2 13
5 66
5 24
11 31
10 23
6 31
28 59
21 32
22 21
0 71
20 1
22 8
20 1
26 32
5 29
19 55
3 76
2 58
26 78
11 84
26 90
5 68
10 3
5 81
26 94
30 27
24 4
13 58
19 67
16 57
13 78
13 14
4 15
27 27
6 91
6 69
11 76
12 42
22 1
28 97
1 53
14 52
22 81
28 79
22 75
20 95
28 57
13 20
12 48
29 81
17 75
15 64
10 46
28 41
4 57
21 72
23 36
8 28
12 28
9 82
6 23
5 13
12 42
6 27
11 23
26 65
15 98
18 26
0 54
2 95
13 25
2 94
14 19
22 31
7 80
12 99
24 18
3 2
15 65
30 63
2 37
2 26
0 53
17 89
6 47
10 96
16 81
30 30
3 28
0 75
1 43
14 64
17 54
23 92
12 19
13 39
28 28
23 93
3 19
29 7
28 4
11 89
1 83
18 76
4 35
29 62
26 47
15 44
6 20
19 63
24 98
26 64
11 18
10 17
16 92
25 63
3 98
22 27
7 98
12 86
15 99
19 32
8 89
0 47
20 78
26 17
15 32
30 1
21 77
2 3
25 47
13 1
21 52
27 39
6 15
2 97
1 38
0 61
23 6
24 33
28 38
3 65
2 5
4 43
3 9
11 86
21 36
13 92
14 5
28 31
12 94
22 82
19 60
1 12
10 42
27 22
19 73
24 76
13 48
20 24
3 66
18 53
23 16
8 75
11 68
24 68
8 3
4 11
25 15
4 5
1 29
19 55
13 14
14 76
6 84
27 77
3 67
15 30
20 19
9 32
7 85
10 77
23 6
5 35
3 46
16 5
2 5
20 52
13 98
4 19
14 49
15 33
24 13
8 43
27 92
28 87
10 88
14 79
15 28
5 98
19 91
6 98
25 56
13 63
23 22
26 88
6 58
5 46
21 4
25 29
28 60
17 82
21 97
13 47
9 74
9 31
25 24
16 51
25 9
10 88
22 79
18 99
20 73
1 38
24 69
29 16
16 52
7 16
6 54
6 15
9 20
26 58
11 86
0 65
30 55
28 16
15 14
22 53
16 45
20 49
30 80
1 60
24 43
20 87
6 66
4 4
15 84
0 65
21 58
8 54
24 16
15 61
7 16
11 31
6 60
14 81
9 26
23 24
14 25
15 77
2 56
20 84
13 21
1 31
19 50
2 88
17 46
7 99
29 61
26 50
2 28
5 43
25 38
26 54
10 93
14 6
22 55
8 59
11 34
8 27
29 45
8 89
28 69
8 100
5 20
15 58
6 91
0 39
25 75
12 77
25 29
11 95
2 77
15 58
3 92
11 80
15 93
2 8
1 79
16 55
7 50
11 68
7 56
14 54
30 27
30 10
19 36
17 64
30 35
7 88
6 67
10 18
8 70
12 7
28 1
26 30
10 46
7 31
18 26
27 42
13 86
3 78
27 99
23 11
1 39
22 35
2 88
13 84
28 67
8 87
9 28
3 78
13 98
15 3
17 76
20 73
15 1
26 84
22 43
6 64
18 68
25 69
3 1
30 29
25 50
11 100
9 62
3 59
17 85
19 43
17 71
5 98
30 94
11 69
17 68
16 58
9 88
10 40
17 92
24 13
4 14
26 17
24 18
30 74
15 1
27 29
17 48
9 50
28 100
29 82
1 15
25 55
14 34
24 80
17 44
13 15
18 88
7 97
0 75
22 76
17 45
0 42
22 82
14 8
6 66
0 34
26 17
6 25
27 76
2 30
26 57
1 83
16 43
15 53
22 60
2 49
14 39
0 40
11 48
24 4
11 46
5 22
13 100
30 58
19 78
11 15
15 22
3 17
28 72
5 18
4 14
5 80
22 24
20 39
12 1
30 41
5 77
3 7
8 21
25 22
10 82
13 63
14 98
24 54
23 83
29 55
30 65
20 76
17 89
10 40
3 99
13 71
0 15
2 76
28 82
23 16
20 4
10 77
29 58
21 30
7 33
18 33
19 36
4 66
1 86
1 9
29 28
15 44
12 27
13 6
28 14
29 20
24 19
9 51
11 38
8 47
26 58
14 16
4 8
5 21
27 92
29 76
22 70
18 35
13 27
1 10
3 68
8 7
14 55
9 62
14 9
16 78
27 69
26 87
27 46
27 71
26 73
30 71
6 77
13 46
25 70
8 99
15 2
11 74
6 33
6 65
1 61
16 59
7 54
20 5
6 28
2 38
14 95
19 49
8 33
10 63
0 6
14 56
3 21
17 45
19 8
25 32
3 76
12 23
2 96
25 95
19 60
4 63
22 69
22 70
16 20
12 89
0 12
5 41
1 71
27 92
1 42
14 12
27 95
16 50
10 48
13 80
15 61
30 50
10 72
16 16
14 88
17 8
20 77
0 82
2 33
21 51
8 32
9 6
12 51
22 60
9 42
20 16
27 10
26 33
22 86
25 87
10 15
27 27
13 53
13 71
21 65
19 54
29 79
30 69
2 30
11 3
19 6
24 66
15 77
11 58
23 85
6 39
1 29
27 28
22 96
25 79
18 57
26 27
26 48
13 75
27 85
5 25
10 22
27 15
30 76
12 16
1 76
4 69
14 1
29 98
30 16
2 9
28 24
20 49
28 57
5 29
5 97
8 50
4 1
7 6
7 30
5 58
30 1
25 2
21 75
23 82
3 32
29 21
9 40
27 24
0 51
25 82
1 33
11 21
20 15
26 71
11 100
20 9
19 62
10 6
6 98
1 59
11 37
11 36
5 18
20 74
10 12
17 41
15 49
11 72
20 89
2 22
8 82
17 64
27 75
20 51
1 84
3 52
7 19
24 69
12 80
14 27
12 49
0 6
2 23
22 26
30 13
30 42
9 27
21 33
8 65
17 13
11 36
11 49
11 4
1 66
19 23
22 43
9 38
18 88
18 21
15 66
10 26
22 36
20 38
17 52
9 77
26 61
9 71
23 27
26 100
19 23
7 96
25 34
16 38
11 30
23 85
8 87
15 34
2 12
2 27
11 91
21 47
14 25
14 66
4 17
15 70
23 12
10 48
5 78
19 79
29 84
11 89
26 56
28 26
1 4
16 82
26 19
30 66
20 7
3 88
20 90
12 56
27 37
17 29
18 98
10 58
29 96
3 33
6 54
19 13
22 23
6 21
15 51
19 38
10 94
18 100
15 34
22 22
3 39
5 87
26 64
7 50
0 35
6 20
30 52
1 97
17 69
22 6
15 40
4 91
15 41
29 54
30 26
29 64
30 81
22 59
9 74
30 13
19 41
11 19
28 31
5 20
22 92
1 1
24 18
17 63
15 86
7 29
23 95
4 32
0 5
21 72
27 54
10 47
22 100
2 68
13 94
10 10
19 5
24 13
27 98
10 86
13 46
6 37
4 2
22 1
30 53
24 98
15 21
10 42
5 85
7 7
30 65
14 89
25 12
0 22
5 9
10 19
22 69
19 17
24 28
18 67
13 60
28 96
17 17
15 36
21 32
26 46
0 7
1 38
9 95
26 97
2 10
7 22
10 95
24 23
30 19
20 9
17 74
0 83
2 65
6 89
24 97
0 4
2 35
18 28
12 51
28 53
9 50
18 11
2 32
12 99
28 65
4 97
7 69
17 22
15 52
29 62
25 98
5 58
28 25
13 46
12 35
6 71
25 94
10 59
5 52
9 87
3 62
10 65
0 81
16 15
22 25
27 1
5 96
9 86
5 18
7 6
20 10
3 21
15 94
28 51
3 78
9 34
1 13
9 93
16 14
3 53
14 47
12 63
20 12
25 88
23 52
22 94
27 13
28 93
26 48
0 51
15 24
18 32
13 61
23 62
7 43
4 39
21 39
27 82
15 36
22 20
8 72
3 74
16 3
29 40
21 75
12 50
2 7
16 41
12 43
23 96
19 4
16 72
23 45
6 75
4 25
2 66
10 36
20 20
3 18
11 12
8 27
6 78
1 61
23 67
17 60
24 56
18 56
30 13
3 46
23 58
18 39
26 9
20 62
14 85
17 74
17 20
27 98
22 32
14 5
17 59
24 64
30 97
23 22
9 26
24 4
10 16
12 68
9 15
14 42
16 36
13 53
8 66
1 32
2 37
25 94
27 36
19 99
24 44
13 98
30 69
4 100
5 52
26 100
11 19
4 89
8 63
11 33
16 90
1 73
7 9
25 72
14 45
10 20
29 69
21 82
28 23
26 53
26 32
2 57
5 52
18 82
21 69
29 11
12 30
12 42
11 51
27 47
15 15
10 76
15 60
3 95
22 60
21 92
10 78
30 81
23 79
19 72
7 13
15 60
24 54
30 92
10 79
13 96
8 37
4 77
8 22
6 87
29 42
6 67
14 63
22 100
3 52
2 62
4 38
29 11
14 92
20 79
3 86
23 14
26 1
9 25
0 63
30 45
12 20
13 62
23 96
21 7
29 57
23 88
18 27
5 72
23 42
1 41
0 2
23 50
18 88
11 66
17 27
16 66
22 37
12 80
0 41
7 94
24 73
7 70
22 64
2 89
21 5
1 94
27 54
2 10
1 78
11 57
21 93
17 45
17 69
30 59
17 65
22 95
18 88
26 83
3 21
9 49
30 47
5 15
11 12
30 40
23 63
21 89
3 4
12 41
28 90
28 47
21 68
17 7
8 44
12 76
28 72
6 66
0 99
18 17
30 95
20 72
25 50
4 28
4 22
14 64
2 79
0 54
22 90
5 44
18 45
8 21
1 61
2 63
27 98
30 3
16 23
14 77
29 38
22 44
20 83
28 47
0 19
11 5
13 45
12 19
2 66
2 20
1 16
2 85
12 13
22 50
18 33
24 52
27 12
18 22
18 83
9 42
1 44
18 2
6 43
26 19
29 24
25 7
3 36
7 17
6 38
14 6
17 28
27 39
26 48
7 57
10 11
5 72
5 52
20 90
3 85
19 52
1 80
24 67
2 22
26 3
30 40
6 55
18 82
30 46
21 47
29 84
6 12
7 46
14 26
1 32
5 68
15 15
25 95
8 7
14 13
7 45
14 41
7 21
1 100
15 43
19 57
13 45
0 34
15 49
0 88
21 26
22 53
22 42
24 3
25 22
7 13
17 71
10 9
13 7
0 32
23 29
18 47
26 2
19 59
26 99
28 29
19 12
30 26
14 52
13 51
12 27
11 67
13 24
30 24
4 8
14 26
26 2
8 7
27 66
23 51
18 38
11 23
4 53
14 9
29 44
9 70
30 82
4 12
20 61
6 96
11 77
20 95
1 8
14 96
24 41
14 2
16 62
12 21
16 92
2 69
13 37
27 96
2 60
2 23
14 76
12 94
7 23
8 55
28 98
23 33
24 39
19 78
0 88
4 20
9 19
24 13
24 52
12 59
18 98
25 18
6 52
14 32
18 64
10 38
1 75
17 37
18 10
28 28
24 49
15 72
30 55
28 17
21 26
23 79
17 52
24 66
11 25
12 34
7 10
20 21
22 36
14 57
21 64
12 15
15 40
12 67
16 52
17 65
6 25
5 86
24 74
3 70
21 91
15 3
12 75
26 95
1 28
30 73
8 81
29 53
5 66
17 59
8 20
17 22
22 87
28 43
7 33
2 47
11 96
15 70
23 7
10 48
20 40
21 96
26 4
11 60
21 82
24 17
14 96
22 6
27 59
8 78
8 17
2 100
17 6
29 56
12 75
16 87
6 91
13 88
20 64
6 68
5 57
25 73
24 69
27 83
13 50
8 23
7 93
0 94
13 47
3 45
16 29
9 61
27 26
17 54
24 65
4 59
14 58
18 74
13 82
4 73
26 62
25 42
3 49
2 14
4 81
28 98
7 59
16 31
28 57
30 55
12 17
12 20
6 42
13 36
1 100
22 8
8 82
30 51
17 9
18 41
27 58
12 71
10 66
13 46
28 17
21 8
5 52
4 97
13 1
20 38
8 84
30 92
3 57
14 38
3 5
13 64
7 1
0 51
12 46
29 20
25 28
6 84
16 58
10 61
27 34
8 75
6 58
27 21
21 56
16 26
25 37
24 19
7 81
18 6
5 52
15 31
0 45
14 60
1 80
26 58
8 11
6 31
7 15
15 51
3 4
6 6
7 79
2 79
5 80
24 20
19 85
0 63
12 39
5 55
15 43
11 94
14 3
0 53
14 52
30 9
22 75
21 69
21 47
2 67
30 10
4 68
11 3
11 45
18 52
9 78
26 17
14 97
20 61
3 23
24 95
16 13
26 92
8 90
15 7
18 58
4 43
2 72
19 2
27 71
17 100
27 21
16 11
6 69
1 62
1 83
10 87
24 49
25 15
17 95
6 23
1 54
7 95
14 74
21 2
1 48
27 95
0 60
29 81
6 38
27 76
19 86
2 49
19 71
23 30
4 72
9 2
19 24
19 100
11 36
13 24
27 91
3 99
17 72
14 6
18 71
17 48
6 2
14 81
28 94
12 22
16 94
6 46
14 61
13 63
7 56
22 58
6 40
11 35
17 16
27 57
5 36
24 89
8 41
15 94
11 4
16 50
30 21
19 40
27 20
15 6
16 98
18 96
25 13
14 86
11 42
4 49
0 90
7 89
16 19
20 79
3 9
2 96
23 10
4 71
6 13
28 12
16 75
28 49
4 60
13 31
3 97
3 59
6 95
13 78
18 27
1 67
23 19
28 10
6 58
11 34
29 73
18 80
5 85
25 66
4 17
29 53
19 37
8 33
14 42
26 24
22 60
19 84
13 64
14 64
23 11
23 32
14 80
17 3
8 85
30 44
1 50
6 77
1 36
1 30
19 37
0 38
9 60
4 21
25 85
26 27
0 97
23 85
15 15
12 60
8 68
18 69
30 66
0 26
17 61
17 21
0 88
11 14
22 38
3 56
7 12
28 47
30 40
21 62
19 100
6 2
13 86
11 14
19 15
6 67
30 48
0 70
8 67
17 74
24 34
1 73
25 95
23 33
14 15
2 58
27 22
12 36
17 1
9 15
5 65
11 6
12 80
19 67
8 88
20 51
11 42
13 44
17 14
4 32
11 59
30 4
20 30
1 84
10 13
20 80
4 55
0 39
11 65
7 51
9 46
11 61
9 86
25 85
14 70
29 22
11 83
7 37
15 90
3 11
20 12
18 56
4 70
15 86
15 73
30 42
23 91
23 87
3 97
8 90
25 49
29 97
30 28
3 22
7 77
24 22
14 53
7 44
5 17
23 95
10 97
3 80
27 61
28 93
16 11
29 85
2 66
10 45
30 89
1 37
7 60
23 82
26 68
13 22
3 42
18 6
25 76
0 24
27 25
11 66
10 81
0 29
16 53
26 43
6 58
14 61
16 66
14 17
8 47
25 7
28 28
8 44
19 17
10 47
16 96
20 21
2 18
25 31
14 50
22 64
10 95
20 57
19 96
15 13
11 97
18 32
12 70
23 77
0 30
16 13
18 80
14 1
22 100
1 43
9 97
20 83
14 51
26 9
11 27
1 39
9 10
4 34
8 31
12 94
21 46
9 54
17 82
7 86
22 67
6 68
26 72
3 29
8 45
18 100
4 87
6 12
8 22
12 19
27 1
5 11
14 88
21 6
9 60
25 16
26 13
15 70
5 92
16 37
10 21
19 81
15 55
22 26
11 98
14 41
26 89
17 8
25 45
16 93
20 86
2 97
5 66
7 74
15 17
19 90
0 27
19 32
28 71
19 50
13 91
3 83
15 40
14 94
19 52
13 38
13 46
1 59
11 80
5 83
19 56
2 48
11 11
15 53
13 5
16 59
27 27
19 51
7 62
20 93
26 73
19 86
14 32
30 98
4 18
16 29
1 19
4 69
4 4
15 4
4 78
12 78
7 63
8 92
24 17
17 46
8 74
29 23
23 25
14 14
30 52
9 94
18 45
3 42
8 5
27 45
21 49
16 24
4 99
18 64
22 96
1 24
6 79
25 87
25 5
27 54
28 11
29 75
20 60
4 75
12 27
22 90
18 81
17 56
23 10
11 43
9 22
22 66
4 39
4 8
30 61
14 48
2 53
7 96
3 39
1 75
14 11
7 42
12 45
0 29
14 32
18 39
4 87
7 47
27 33
20 62
5 73
0 88
1 62
14 93
20 88
14 18
21 76
19 39
17 60
0 61
28 49
21 32
7 7
15 99
27 28
23 46
23 60
3 38
12 47
11 91
10 8
23 38
0 73
18 15
12 28
9 35
30 54
20 17
25 9
28 49
8 11
12 86
3 84
29 3
15 16
1 51
24 70
5 83
4 29
7 86
18 93
15 26
26 18
16 34
3 83
18 44
5 90
0 37
5 7
11 67
21 86
20 17
29 12
9 97
21 77
7 56
18 40
18 62
16 91
29 57
6 49
10 74
28 34
17 78
15 53
23 1
9 59
25 84
15 46
12 63
29 49
12 38
9 60
23 1
22 96
5 74
23 82
26 27
25 26
27 60
7 31
30 93
7 42
4 87
4 25
21 25
22 7
14 60
22 33
10 87
30 87
3 81
15 59
9 98
15 61
4 2
30 99
15 3
7 75
20 99
5 62
15 95
24 59
17 63
14 41
10 47
7 38
1 56
26 6
11 89
26 31
27 65
10 24
22 64
27 67
24 94
27 13
13 35
18 33
20 36
4 57
26 61
30 96
17 74
16 41
17 32
6 76
7 12
25 52
5 33
5 5
29 64
23 27
6 86
15 44
11 51
3 7
22 67
5 30
1 65
24 40
3 100
13 10
5 49
5 44
19 33
18 88
4 22
15 83
27 26
6 5
22 42
23 17
10 36
18 52
20 2
29 66
16 91
21 58
8 14
17 6
30 93
0 86
6 55
11 93
5 77
18 43
12 17
27 35
19 36
22 30
0 74
7 28
10 79
28 48
12 99
21 15
6 12
22 70
7 99
2 37
5 35
12 26
1 99
4 6
6 25
19 90
11 46
20 23
7 20
10 82
18 93
29 64
19 16
9 100
26 6
12 92
15 62
9 97
4 44
3 53
28 26
1 7
14 19
19 51
30 24
7 73
15 93
4 53
9 16
14 83
18 75
17 71
10 64
6 78
29 90
14 98
8 19
30 57
18 22
30 95
27 57
28 5
24 22
22 14
12 87
1 19
5 94
2 32
18 70
24 15
17 92
23 76
24 13
20 82
3 34
23 88
23 73
15 97
2 38
21 68
24 3
22 19
20 32
4 39
18 40
10 4
10 87
18 69
1 37
29 32
12 83
15 18
14 93
10 47
1 96
22 47
27 20
30 87
18 59
0 88
4 73
7 13
23 21
6 11
0 74
24 31
15 32
0 36
26 90
18 2
10 47
0 89
22 63
27 94
20 78
19 61
29 70
21 69
14 17
0 91
5 74
12 30
5 51
15 84
18 54
9 93
10 69
22 91
14 37
1 43
25 86
15 86
28 69
26 8
0 75
23 40
15 31
3 26
6 68
7 8
2 74
11 64
16 31
18 23
20 32
5 12
2 31
20 65
13 27
29 42
14 27
3 69
9 12
7 81
20 46
25 61
0 13
20 86
8 56
11 61
28 99
19 17
0 34
7 83
9 64
22 97
1 20
27 89
17 85
28 53
0 76
27 47
12 44
4 98
7 55
10 19
29 100
17 13
11 68
18 70
8 90
11 47
28 5
1 57
7 87
24 70
29 1
28 41
9 87
29 62
18 76
25 53
22 88
20 90
21 35
18 66
7 36
14 1
6 40
20 100
7 97
17 19
1 24
22 83
16 91
22 68
11 7
10 37
5 12
12 57
11 89
28 31
27 42
28 88
8 76
11 54
24 39
22 33
9 9
1 95
7 90
21 42
7 16
15 1
17 84
5 49
11 95
8 76
11 16
9 47
25 77
17 19
24 73
29 12
25 28
18 8
13 19
0 98
0 55
29 27
11 95
27 68
19 50
17 35
14 21
29 3
7 80
5 27
28 44
17 47
25 68
25 67
24 79
17 40
20 94
22 45
0 8
7 67
6 83
16 42
3 23
0 68
8 91
1 47
27 31
22 12
13 34
29 35
12 92
3 9
14 88
17 81
2 1
21 14
23 60
4 100
26 97
8 13
10 70
0 77
2 70
12 57
5 72
19 8
1 76
11 87
1 6
25 25
6 5
23 26
27 32
19 76
26 67
3 60
18 59
13 2
0 94
6 66
4 14
12 37
12 96
17 58
3 20
10 37
18 2
29 82
27 98
23 59
10 8
15 50
23 65
18 29
30 73
10 81
0 88
26 58
11 95
11 32
21 15
12 15
2 4
29 7
22 52
20 10
26 76
26 60
16 53
19 52
2 7
13 32
18 70
5 66
16 65
29 93
12 26
6 57
29 20
22 56
26 98
20 42
28 70
8 66
24 47
23 1
18 79
29 36
29 48
12 92
5 30
28 29
24 84
1 40
16 83
1 99
24 94
12 72
2 45
9 2
4 79
5 9
25 46
0 46
30 41
30 85
9 7
28 1
8 38
19 90
3 9
8 90
0 57
0 14
10 33
4 72
21 26
9 30
18 24
23 96
10 2
11 12
10 19
19 89
26 8
2 39
23 60
0 75
22 71
9 99
10 73
1 28
10 81
4 73
19 40
17 65
30 64
2 47
9 55
17 34
6 17
17 7
29 34
0 8
20 43
9 100
16 67
1 34
18 60
7 88
13 15
2 24
22 3
25 39
16 25
19 23
22 51
2 48
1 67
20 76
25 91
22 47
18 62
0 32
22 66
16 78
18 65
17 11
20 59
23 74
12 83
15 33
25 56
28 73
10 5
4 8
0 25
17 34
15 86
21 15
23 21
15 22
16 9
19 56
2 18
7 45
0 13
19 39
21 63
10 79
16 57
14 4
10 76
1 15
6 60
14 55
13 4
6 38
7 14
15 13
22 39
18 18
9 69
26 42
7 79
2 22
3 94
12 25
0 10
19 51
23 96
22 81
24 30
4 22
22 45
15 27
2 95
2 34
17 46
7 19
26 23
3 9
15 7
20 4
20 85
5 96
9 52
13 7
26 24
14 58
15 80
23 58
28 35
18 91
8 91
0 88
1 67
11 11
3 90
16 52
15 76
23 91
24 51
12 23
15 4
22 31
4 84
15 14
18 82
3 74
5 22
10 58
6 6
26 98
8 10
3 90
30 86
22 46
25 99
0 12
23 82
30 13
21 85
20 22
9 29
21 29
14 16
0 23
8 60
24 73
20 36
18 62
29 86
18 54
16 25
3 14
15 29
27 67
29 99
18 20
13 25
30 58
8 8
27 52
17 7
9 43
22 48
22 6
23 88
29 58
18 99
20 23
25 73
24 52
0 20
26 26
3 6
10 84
2 63
5 91
13 47
5 69
1 23
30 61
11 45
13 82
7 100
6 99
6 69
25 25
3 59
21 94
6 30
21 10
11 57
10 31
22 3
9 83
22 39
1 70
28 99
21 20
15 29
13 19
12 1
13 17
6 55
27 91
12 99
24 63
18 50
24 21
18 47
22 39
0 51
8 100
18 75
3 48
27 8
7 98
7 50
28 22
1 64
12 58
10 74
2 64
18 80
17 12
8 97
12 76
14 52
17 40
11 75
10 23
11 61
28 31
26 76
14 66
28 17
12 96
22 37
7 75
4 34
21 46
14 57
30 11
24 64
5 74
7 79
5 30
15 32
5 90
17 95
11 7
23 19
18 47
8 38
18 77
14 45
12 98
26 10
24 33
8 84
28 21
11 80
17 40
14 33
29 21
29 13
13 99
27 68
28 41
30 53
8 68
20 61
5 42
27 41
14 91
11 74
1 53
30 6
27 98
30 51
2 3
16 49
20 54
0 48
6 96
8 82
21 56
8 25
28 26
29 9
4 1
24 46
23 92
7 39
20 94
28 17
30 91
14 44
19 79
29 18
17 77
12 55
19 67
7 44
1 48
18 52
21 68
9 22
9 13
25 4
15 35
18 24
26 60
12 79
16 2
25 51
27 85
24 28
1 18
19 24
27 94
22 71
24 97
9 9
16 52
10 1
24 13
16 31
9 83
8 68
23 82
1 65
23 11
8 70
20 5
21 75
25 8
9 35
2 58
5 5
9 83
3 2
28 74
21 70
8 83
14 36
2 2
16 64
13 69
17 44
17 15
15 27
1 94
1 93
1 74
5 84
4 24
14 37
0 65
14 2
16 66
11 45
4 9
13 10
26 46
23 36
24 23
8 8
4 41
0 25
9 26
23 37
21 29
30 92
9 28
28 60
20 95
5 83
25 16
10 75
25 84
14 89
0 81
30 15
29 26
30 42
0 95
9 4
7 92
4 8
23 9
12 15
10 24
5 60
27 29
10 61
11 21
6 22
27 39
29 67
0 16
29 33
18 62
20 82
30 36
10 75
28 56
2 57
2 77
22 49
28 81
5 5
27 11
14 7
27 54
22 6
17 64
9 31
20 54
4 8
11 82
7 44
9 53
10 82
2 40
7 2
4 47
8 95
12 83
11 82
1 47
3 69
7 67
22 17
3 8
23 29
14 94
14 24
22 55
10 12
24 43
20 70
10 83
10 12
7 36
1 20
30 7
19 35
0 84
18 74
19 48
22 3
2 5
8 39
1 52
3 77
27 18
3 71
28 1
28 16
9 95
10 92
27 3
30 56
17 85
18 38
23 62
16 2
5 87
13 53
25 82
7 54
8 48
9 99
24 46
0 21
11 100
3 35
22 22
11 16
21 33
13 75
5 63
9 78
1 29
16 4
