100
5 3
25 95
14 6
6 60
5 79
8 94
24 67
5 65
8 36
7 50
21 9
4 71
26 3
24 20
8 33
20 94
18 26
26 74
13 51
9 57
6 19
24 78
29 9
6 80
26 52
8 9
2 1
19 49
6 30
14 26
20 68
24 46
4 13
23 34
14 3
21 18
9 73
19 94
9 33
27 95
28 18
26 26
9 14
26 26
11 2
0 91
5 30
4 87
6 13
22 100
22 6
18 41
8 4
27 24
15 65
6 6
22 51
29 51
21 42
15 37
2 76
15 49
3 43
2 63
19 36
23 17
16 93
25 22
3 44
18 32
3 91
14 55
12 6
8 40
23 70
14 97
29 55
6 61
24 31
16 32
22 52
26 12
12 37
21 11
9 3
19 35
3 77
27 83
0 4
4 78
23 60
2 33
3 23
30 64
20 37
17 5
5 4
26 23
30 32
13 85
10 94
29 52
25 59
1 51
17 29
0 98
8 9
1 67
18 81
21 13
26 69
20 56
3 60
1 84
14 100
19 83
1 10
21 15
5 95
0 67
4 23
21 40
7 74
15 70
30 74
30 60
25 21
25 96
6 86
0 67
14 90
29 77
28 72
29 52
16 83
14 10
22 74
17 62
25 16
2 48
27 53
22 67
8 87
5 17
2 25
16 100
3 80
17 25
3 92
10 36
1 91
9 41
27 21
26 100
19 69
4 38
12 3
15 84
15 10
0 45
30 9
9 74
6 76
29 79
25 89
15 34
2 73
24 19
9 39
19 96
28 35
17 40
25 11
13 40
14 92
26 61
24 34
4 65
6 63
13 96
30 67
28 39
4 58
3 29
27 51
27 6
5 55
13 23
18 16
11 58
9 27
13 38
23 90
0 56
6 1
29 32
14 59
26 97
9 34
3 86
20 98
28 8
9 74
27 97
13 31
18 48
1 24
27 93
28 33
7 12
20 30
13 92
22 40
6 96
10 77
19 10
22 79
10 7
12 67
11 50
28 74
6 33
24 29
24 17
26 19
3 92
9 69
30 54
30 79
25 30
28 7
15 30
21 61
14 56
28 85
24 37
27 65
1 61
24 74
6 31
25 16
14 79
5 65
5 28
1 90
18 65
10 14
1 21
24 52
7 83
7 26
21 33
5 16
14 37
10 77
29 88
10 49
30 11
28 16
21 93
0 44
21 54
23 39
0 18
3 41
3 14
29 69
26 39
10 10
27 48
8 39
9 98
5 82
13 34
5 75
14 19
26 16
17 38
26 78
7 53
26 91
12 19
21 1
0 68
1 86
8 66
26 73
9 71
30 57
8 13
28 14
0 18
24 70
22 14
8 49
20 3
24 13
26 40
11 66
6 17
24 47
2 11
22 45
24 15
11 24
13 74
8 95
22 6
1 36
5 7
1 90
25 53
13 21
30 48
3 27
27 39
6 81
30 92
30 7
22 30
9 89
16 64
24 98
29 58
28 16
8 15
5 52
14 82
20 94
1 9
8 87
22 24
27 96
8 56
24 75
13 89
9 11
19 2
13 98
26 9
5 74
19 48
5 95
10 74
28 56
11 46
23 70
20 89
2 10
25 56
1 65
28 10
17 1
1 23
3 8
9 69
28 57
26 27
14 37
6 26
11 14
27 74
15 36
6 82
7 98
3 75
6 83
9 77
30 75
25 18
6 31
11 98
2 1
8 17
8 54
7 32
5 36
3 85
26 81
19 70
4 19
16 99
24 59
30 39
4 28
20 31
11 80
1 90
12 13
3 86
25 14
27 22
18 6
9 68
1 85
8 89
25 84
30 49
21 5
23 35
1 7
12 40
29 99
17 23
14 62
11 39
26 93
0 98
27 9
26 60
19 94
22 1
6 82
12 24
3 57
30 23
13 19
11 27
14 79
16 94
3 98
28 77
16 17
2 87
12 9
28 8
29 50
9 5
3 7
12 13
5 46
22 24
23 21
6 50
8 47
10 96
30 6
7 79
1 20
5 26
4 91
23 97
12 100
2 9
1 98
22 37
29 6
10 48
18 90
12 65
22 21
6 66
25 45
10 20
30 97
29 40
10 94
19 100
3 13
2 44
13 69
15 99
25 62
21 82
12 20
22 80
19 80
5 3
29 72
27 15
8 62
11 56
7 27
16 40
26 94
16 84
28 30
16 7
26 74
11 82
21 79
29 84
17 9
9 64
26 33
14 21
15 2
21 4
23 12
3 25
18 23
19 88
5 90
26 91
14 90
0 45
26 81
29 47
16 99
6 47
30 66
17 80
1 70
18 31
19 42
13 41
23 65
30 9
14 86
14 55
17 75
20 46
4 50
26 43
1 29
15 83
28 20
18 15
23 77
29 31
13 85
12 3
7 6
8 20
30 30
2 53
12 43
0 89
7 56
2 30
27 36
7 82
9 21
28 3
6 100
21 93
29 93
22 94
26 75
9 13
22 97
30 44
17 6
0 68
15 68
25 25
8 37
26 82
14 77
16 44
2 60
10 66
8 57
14 58
2 24
6 53
0 65
15 54
30 36
28 71
21 23
13 87
4 58
21 43
1 65
14 13
12 59
28 40
27 98
4 45
20 38
17 70
20 57
24 83
22 46
14 12
27 45
17 45
6 99
25 72
12 72
2 4
1 26
7 66
28 37
24 92
25 47
3 24
1 87
16 77
24 48
0 90
27 35
12 56
3 23
23 36
6 79
13 97
17 63
15 86
8 34
27 5
28 38
2 8
21 11
29 68
13 45
20 11
3 39
26 24
27 5
26 33
19 74
10 9
13 93
0 56
26 19
16 44
23 38
22 14
6 39
29 59
1 38
15 31
24 7
0 97
16 46
16 90
30 73
29 41
16 16
21 61
4 76
7 35
12 66
13 20
24 29
11 42
23 43
18 67
2 67
2 23
12 20
5 79
22 11
4 98
1 26
30 7
7 4
20 65
6 7
25 71
2 59
6 67
30 48
11 45
3 48
1 1
29 65
30 83
4 34
9 34
16 55
2 8
21 22
22 50
28 9
26 5
6 72
13 73
3 44
15 64
0 9
12 88
17 85
2 30
25 71
29 79
4 88
14 69
24 34
12 100
10 37
18 45
7 2
24 93
16 4
6 38
13 91
15 85
30 98
4 12
20 72
17 92
23 98
4 82
10 9
14 62
5 95
6 71
19 65
6 79
27 75
7 67
20 21
25 40
19 81
4 11
26 33
23 70
15 1
1 34
20 2
1 92
27 41
8 24
11 15
20 86
9 98
26 84
17 26
29 8
21 61
15 82
19 39
5 19
28 70
28 70
30 68
12 78
20 76
16 68
24 13
1 63
0 62
19 57
10 63
20 26
28 27
11 28
8 87
2 85
19 2
11 47
6 56
6 59
10 73
23 95
4 10
28 83
1 52
9 84
24 64
24 42
5 61
3 37
15 97
26 89
24 60
30 48
29 42
24 35
14 34
23 93
26 5
24 23
7 69
18 39
22 65
4 77
23 96
11 35
8 41
22 34
7 59
16 55
0 41
17 74
23 3
29 56
30 48
11 51
18 11
5 61
3 63
26 67
19 44
18 91
23 85
30 37
5 43
26 66
14 91
3 18
11 40
27 65
6 85
19 57
7 75
3 83
2 34
13 23
3 26
2 31
9 50
21 76
0 91
3 57
29 50
3 20
1 24
8 35
19 32
22 3
7 64
5 32
28 46
8 65
17 8
30 40
29 93
8 46
22 93
30 63
15 7
6 31
22 91
1 66
26 35
29 72
24 88
7 62
4 4
10 74
10 19
3 66
21 21
13 27
21 99
25 61
7 3
14 34
16 46
15 91
2 43
23 53
30 28
24 4
21 97
23 75
7 65
4 35
2 51
12 82
17 34
4 60
5 82
11 34
16 30
22 92
20 73
2 65
16 19
4 4
2 97
0 79
7 70
6 96
18 4
28 41
16 76
14 75
9 95
28 89
4 7
11 97
15 86
26 87
11 89
28 26
20 61
29 14
19 54
2 62
15 39
17 99
12 28
0 83
29 6
13 43
28 86
18 86
9 48
21 62
21 67
7 26
11 7
9 77
2 64
20 21
28 97
7 20
28 66
10 50
23 41
25 68
6 14
11 26
19 42
23 54
29 69
18 42
21 70
24 63
30 72
7 100
27 6
16 99
12 97
6 95
22 62
22 75
17 61
4 60
19 5
23 28
12 83
26 13
22 33
12 12
5 46
11 5
16 38
11 7
17 99
15 99
17 49
22 95
2 69
9 97
2 72
11 9
15 66
6 23
16 72
3 67
7 20
15 90
9 79
17 63
11 28
19 28
11 52
9 80
4 38
9 86
22 8
21 8
13 93
2 18
5 55
4 63
3 15
12 89
1 95
19 73
22 80
13 1
1 13
5 14
16 84
12 13
15 21
26 89
22 69
7 63
6 100
11 94
10 100
3 58
20 37
9 44
8 38
26 11
8 49
4 18
3 13
4 39
2 65
7 38
0 77
27 89
27 22
29 56
22 92
26 87
16 59
3 35
8 47
18 5
16 95
20 22
16 48
9 22
18 96
20 24
7 62
14 1
13 8
19 41
10 3
15 32
4 41
6 40
10 33
1 83
23 39
13 35
5 75
1 97
10 69
24 73
30 44
27 57
24 41
24 96
27 89
4 21
27 25
20 41
5 99
23 59
6 27
7 29
13 63
8 88
9 35
12 81
26 27
16 76
19 90
25 50
24 42
20 76
0 25
24 52
23 7
6 16
22 19
29 84
27 86
13 8
15 78
17 61
16 87
20 6
4 62
17 90
9 4
9 29
17 24
8 13
16 22
16 84
10 85
5 92
29 6
15 11
12 32
27 74
8 88
0 38
12 96
16 85
28 17
7 29
10 7
24 36
2 58
17 90
18 7
4 60
18 16
4 99
16 57
14 72
29 54
28 77
16 14
4 10
20 63
11 45
22 5
29 40
23 54
23 10
2 51
11 88
13 7
5 54
16 61
13 26
14 53
17 15
9 87
22 5
10 29
7 1
25 17
3 59
5 14
28 69
13 69
15 2
25 63
3 85
6 41
2 31
24 26
20 41
29 62
13 63
24 54
10 73
24 26
16 4
3 88
5 14
26 42
16 81
13 88
22 100
22 36
24 45
7 70
9 58
4 82
0 44
15 87
17 12
29 69
12 71
23 51
6 33
14 19
4 23
25 29
19 100
10 91
18 32
0 27
7 49
0 13
17 94
18 67
7 79
7 63
12 66
11 87
12 40
27 98
1 93
12 59
19 54
13 59
28 87
19 69
4 74
13 94
4 38
28 90
13 76
8 79
28 54
16 39
29 77
10 15
19 39
15 9
4 60
21 94
4 47
12 51
22 82
29 87
14 22
5 54
22 4
2 5
0 12
22 64
6 38
24 88
15 67
26 77
26 52
27 96
18 44
24 72
17 72
21 88
12 61
20 60
27 96
8 12
21 67
19 59
9 58
1 52
23 29
17 40
9 8
29 90
22 64
22 74
10 4
7 18
11 27
2 54
4 13
23 44
28 80
17 13
13 90
23 34
18 13
16 74
8 49
1 81
30 16
11 45
0 76
2 8
28 86
11 4
13 30
1 3
14 45
30 64
23 23
3 1
24 49
24 78
4 70
8 59
17 15
1 42
0 93
11 17
23 5
18 57
0 48
9 41
26 98
0 47
0 21
0 83
28 45
9 12
1 82
8 17
23 94
28 17
13 54
29 41
22 7
28 65
7 65
10 50
5 66
3 42
8 19
8 97
10 55
19 66
7 76
24 89
7 81
8 45
8 77
8 40
28 42
23 99
25 53
17 59
5 98
1 45
20 51
2 45
25 53
28 45
29 42
21 95
2 94
23 90
22 44
0 18
25 61
23 89
23 35
28 45
8 55
5 26
11 98
17 81
28 34
13 19
15 96
15 95
17 7
20 81
10 34
4 46
15 60
23 15
12 73
29 58
9 10
12 58
4 50
18 90
29 97
2 100
19 11
6 1
10 3
14 57
29 75
4 55
6 58
3 85
17 80
28 74
15 26
30 67
2 17
27 74
2 89
8 95
29 30
6 74
18 78
5 25
9 64
28 56
16 54
23 97
6 86
24 99
2 15
0 45
19 73
24 60
0 28
24 86
8 73
13 47
20 78
19 33
27 13
24 34
7 52
20 63
22 99
2 33
4 49
14 18
19 88
11 88
30 34
29 94
10 62
11 3
24 43
12 34
11 40
4 32
29 68
27 51
21 5
28 88
11 98
15 53
16 74
7 82
10 91
3 32
28 63
29 34
14 67
13 39
10 30
27 86
7 21
30 8
4 28
11 50
28 54
11 65
7 32
26 97
21 30
5 97
23 40
15 91
14 65
16 56
17 53
12 22
2 96
20 54
2 95
1 91
6 19
27 50
19 36
27 17
6 30
11 64
22 18
26 14
23 65
27 41
3 10
23 67
11 15
10 1
3 68
29 14
4 88
2 14
3 90
17 72
0 83
1 100
23 58
12 20
28 89
0 48
12 27
21 37
17 20
7 14
7 78
10 75
12 45
4 12
8 50
28 15
9 56
28 79
3 33
4 41
12 77
8 64
18 51
20 27
13 27
13 19
29 1
28 5
15 50
0 13
7 41
7 61
20 9
22 5
18 26
1 88
10 73
13 26
7 64
25 31
29 52
19 29
28 53
6 93
22 92
14 31
0 16
12 83
18 68
12 95
1 7
30 99
21 51
17 1
14 49
2 15
17 59
26 61
21 42
17 13
27 7
0 12
12 76
29 43
15 34
1 17
13 98
3 74
27 97
8 42
13 29
14 19
21 51
0 86
4 66
22 3
23 1
29 87
23 76
8 17
0 52
11 49
21 21
17 45
27 56
2 23
19 88
20 94
6 54
30 6
12 100
12 30
13 14
9 93
6 40
1 57
9 55
9 85
10 76
11 7
8 94
29 69
19 75
1 34
11 59
3 92
25 46
23 76
15 91
20 90
26 97
3 59
2 81
16 72
30 67
19 76
19 20
30 68
17 84
18 47
5 93
26 84
12 75
21 8
0 15
29 61
4 12
6 56
1 77
1 31
2 79
12 13
25 64
1 18
3 43
25 43
14 39
20 51
19 10
26 48
4 64
5 11
30 52
3 56
19 93
12 98
29 31
21 91
16 66
19 90
25 38
0 98
21 79
30 55
14 7
7 91
11 88
24 66
13 1
21 87
15 17
3 41
13 42
23 80
22 80
7 63
20 8
9 64
6 54
18 55
17 74
10 20
9 70
8 53
28 74
3 25
2 99
19 26
17 54
16 87
19 20
8 53
30 14
20 95
4 52
8 55
0 4
22 96
30 95
8 46
19 83
27 36
25 89
29 72
7 56
11 53
29 81
30 18
12 77
24 73
25 63
30 4
27 12
3 20
9 75
28 8
11 5
1 86
22 40
10 48
18 35
15 35
14 19
6 43
2 77
26 76
9 51
17 53
21 11
23 73
27 17
30 55
7 79
14 4
26 15
1 11
12 72
19 89
14 44
27 35
28 26
12 53
21 87
22 38
19 67
10 91
29 66
29 94
29 77
4 62
13 85
20 95
27 35
27 66
23 69
22 94
17 36
11 34
28 5
16 13
28 32
4 47
6 69
3 37
27 87
2 84
12 36
20 53
19 18
16 12
12 66
30 26
4 3
8 99
7 41
18 92
3 86
5 12
18 36
11 94
11 6
2 31
23 99
22 24
18 93
5 37
28 36
11 43
8 47
19 48
1 20
14 19
15 73
30 7
22 17
4 51
21 89
6 61
27 21
0 90
30 73
19 20
20 84
0 81
4 99
11 28
25 17
11 72
30 68
3 47
26 71
18 54
15 13
19 95
15 33
19 81
29 8
1 69
0 33
19 100
12 68
21 3
22 8
18 13
5 10
28 53
10 63
22 14
27 72
26 48
23 65
13 56
13 18
16 17
1 13
26 42
9 41
19 87
20 53
9 43
6 16
9 81
5 95
5 84
21 20
16 4
9 7
21 42
28 79
30 11
14 15
1 87
27 16
15 19
28 12
6 54
19 37
24 29
5 40
14 11
28 16
18 76
28 86
30 76
24 42
25 100
4 78
30 10
14 91
6 30
9 49
0 41
23 9
14 2
27 12
5 84
28 30
27 20
26 49
30 28
17 61
3 54
16 58
0 54
7 65
20 60
26 14
1 82
17 1
8 36
17 14
19 5
13 58
2 39
17 7
11 16
9 61
17 68
10 92
9 23
28 71
13 86
3 14
13 6
20 22
0 17
4 31
26 95
7 48
10 74
29 23
2 21
9 17
30 73
24 8
14 75
4 24
14 99
23 96
5 72
14 60
0 45
13 35
22 7
20 79
19 52
20 77
1 84
18 70
6 5
19 76
15 56
25 68
0 11
27 32
2 10
14 58
10 90
0 33
29 14
19 80
9 29
6 9
6 78
25 60
26 68
16 91
17 90
28 96
25 85
8 14
26 24
24 71
14 44
28 22
2 2
19 13
29 61
4 58
4 42
15 5
13 55
20 10
6 78
30 88
2 77
0 74
11 27
1 63
20 64
8 70
14 33
6 15
6 59
23 27
8 60
11 88
23 75
24 53
26 88
30 89
16 84
1 43
18 69
3 20
8 16
25 27
14 43
15 12
19 49
30 92
17 98
19 82
19 50
15 43
6 90
21 29
6 28
6 50
17 65
27 47
29 22
17 1
8 5
27 75
12 14
30 65
13 29
29 56
13 62
27 34
4 8
27 78
11 48
2 61
3 82
30 28
24 1
7 32
5 37
24 87
1 42
14 29
27 35
30 7
28 91
1 28
28 93
18 28
11 69
0 72
19 58
20 5
1 88
28 80
26 28
5 83
23 13
23 20
2 84
11 1
14 79
8 11
29 82
11 37
11 3
26 59
20 65
28 29
2 55
1 14
26 65
7 31
18 5
3 58
15 83
24 73
3 87
9 94
22 21
21 76
19 54
17 68
4 73
15 36
16 74
27 86
24 57
30 21
18 71
3 58
27 75
6 75
9 66
12 30
5 36
24 70
29 80
17 75
16 60
4 56
27 52
11 63
26 7
29 64
17 96
22 69
0 87
0 63
29 95
11 27
13 81
16 89
8 46
2 28
14 45
8 62
25 17
2 30
26 53
25 68
14 56
28 54
1 61
0 60
19 69
8 3
3 14
7 55
26 73
15 70
22 82
6 17
21 69
12 79
9 58
22 16
3 40
20 83
26 91
23 61
7 60
19 40
9 51
8 12
30 23
17 39
26 8
29 67
9 74
27 1
9 22
14 36
14 42
25 88
25 40
25 88
9 17
15 87
8 18
28 44
20 3
11 70
23 1
30 34
23 35
4 8
13 16
1 26
8 44
0 36
6 7
18 6
23 59
20 34
16 8
13 19
21 32
25 5
14 88
21 94
9 11
18 69
17 65
0 67
2 26
13 63
23 60
30 49
9 32
29 30
12 83
10 84
11 54
28 17
24 61
23 59
15 24
19 82
21 32
29 40
16 45
26 80
16 44
8 27
13 89
7 66
19 73
12 47
22 100
7 71
2 63
22 88
5 40
15 93
8 55
4 72
15 6
8 4
23 59
30 31
29 85
12 24
27 81
29 79
10 75
10 89
24 61
27 29
1 86
1 78
16 74
8 65
19 73
17 26
5 10
12 77
28 35
30 26
27 78
29 78
27 65
1 30
28 19
29 60
19 96
9 42
12 24
25 32
6 59
24 54
26 7
15 51
13 99
15 4
24 27
21 98
9 68
6 4
9 73
19 67
5 54
23 9
25 38
8 18
20 48
11 82
4 86
17 4
15 12
19 87
2 69
16 12
30 28
16 49
18 87
14 55
20 98
25 97
20 9
26 6
27 37
27 100
18 98
5 76
11 91
10 69
2 90
9 2
7 99
3 44
8 71
14 80
13 64
5 81
12 56
29 32
15 49
21 60
18 51
20 67
30 77
15 99
15 87
18 12
7 55
12 85
4 11
29 4
26 83
2 13
2 70
7 2
0 72
28 66
28 70
23 15
28 19
20 49
16 98
12 67
23 69
7 39
18 22
8 92
1 11
3 71
25 3
28 95
16 14
26 50
13 2
11 2
27 39
10 88
11 77
18 79
9 82
14 30
13 11
14 40
22 57
17 83
24 99
28 37
8 14
12 92
18 22
18 79
29 26
21 34
13 81
19 71
17 49
7 44
12 58
25 36
5 26
30 78
23 13
6 63
2 83
28 35
17 54
8 72
12 21
1 30
14 14
0 43
20 25
28 9
30 9
5 18
5 55
1 24
12 71
5 86
3 70
16 5
26 64
7 44
9 58
23 85
4 37
6 12
20 81
2 79
19 62
28 47
3 92
12 69
4 59
6 20
15 83
14 90
26 57
22 13
27 34
25 45
14 16
12 14
29 69
0 26
29 34
17 1
18 21
13 80
24 77
1 61
29 92
17 79
29 23
2 79
16 30
11 27
0 82
27 62
1 38
6 100
29 28
17 30
17 28
29 55
29 78
3 25
30 79
1 22
13 21
4 88
29 66
20 6
7 57
10 58
9 60
25 32
16 35
0 70
5 22
8 37
30 47
20 42
17 75
21 14
22 5
14 37
0 100
24 25
19 65
16 66
20 12
20 6
8 45
14 70
12 63
9 92
25 60
3 95
13 25
9 44
26 71
17 98
29 39
25 92
20 45
29 86
28 14
9 4
26 11
13 66
1 72
8 12
23 61
19 77
5 47
9 77
6 75
22 20
29 47
27 45
4 12
7 56
16 26
25 64
14 26
30 69
12 46
9 89
10 55
8 95
12 6
12 44
20 62
26 75
1 33
7 91
7 49
23 91
7 99
14 30
6 91
21 64
17 41
15 38
13 61
15 42
20 95
1 56
30 88
26 52
6 20
11 15
13 9
20 79
28 97
2 20
30 9
16 32
14 23
0 31
2 61
22 74
18 95
4 57
25 6
6 3
20 77
8 81
17 68
20 60
12 76
16 89
8 20
4 57
19 92
8 14
21 47
7 4
13 38
20 86
24 24
2 2
4 60
14 92
27 64
1 89
25 92
28 18
21 21
2 18
18 49
23 14
29 3
19 57
14 64
5 24
13 13
27 90
5 2
30 47
13 55
12 86
2 66
9 50
1 19
5 29
5 9
30 34
8 6
1 97
10 18
12 54
2 55
9 21
10 54
0 29
8 43
25 67
4 57
8 98
30 9
7 39
25 81
2 11
5 27
18 62
29 13
18 50
17 51
0 67
27 92
7 46
24 72
25 87
21 47
21 22
17 20
12 51
5 67
3 90
11 94
27 60
4 87
18 88
12 66
5 92
27 8
4 68
29 36
27 37
14 5
14 41
19 62
6 4
12 25
26 43
25 94
7 63
8 50
3 69
5 97
26 39
8 12
25 82
5 46
18 5
3 65
7 63
9 38
28 36
10 23
4 86
17 84
5 23
3 27
28 5
14 12
3 9
6 13
20 77
9 59
28 48
19 85
23 81
23 30
27 34
5 62
19 6
23 10
13 41
4 100
30 52
5 91
7 24
20 76
13 12
4 18
12 19
0 24
19 59
5 23
14 6
8 55
1 12
2 86
12 84
19 71
27 1
23 57
22 16
17 4
21 28
23 85
2 36
30 2
1 77
12 84
17 54
28 13
13 37
17 99
21 34
21 97
18 43
14 6
12 68
4 83
0 96
9 94
21 50
18 81
4 60
13 1
19 94
21 85
26 75
24 66
15 20
12 2
20 28
11 61
14 54
1 67
0 55
17 50
8 88
26 82
19 51
8 82
7 12
17 59
27 53
12 59
20 74
3 83
20 13
0 4
29 34
25 41
26 50
27 7
20 65
20 2
27 62
4 4
17 98
4 61
29 33
19 57
5 47
0 41
16 39
4 91
4 52
30 63
15 97
19 80
2 38
28 64
3 83
29 94
26 7
8 81
17 18
18 33
4 33
2 28
4 87
20 38
25 29
12 97
29 68
11 30
10 41
2 52
7 61
14 85
20 18
30 27
27 49
26 32
16 26
21 30
11 71
27 38
10 69
16 90
17 78
28 78
22 95
18 36
11 7
18 51
2 61
8 94
2 80
11 74
20 17
12 12
2 74
18 69
26 1
28 39
8 35
23 68
3 39
25 12
9 45
17 72
26 19
15 87
9 88
28 23
13 63
30 44
4 100
1 71
26 30
10 48
4 86
2 13
22 28
5 91
5 84
12 59
0 71
10 76
29 94
14 50
8 40
18 55
25 94
2 50
5 7
2 53
14 40
4 74
19 20
25 85
1 59
26 88
8 99
25 20
2 73
8 73
21 34
17 39
16 49
30 46
26 91
7 72
10 35
5 36
8 82
1 55
30 51
0 11
23 38
7 67
19 80
19 90
17 3
4 48
15 93
3 64
5 62
3 76
19 57
17 23
4 65
19 46
23 98
21 28
23 21
27 8
29 70
7 77
7 3
20 12
3 97
10 83
9 14
9 84
26 70
6 61
24 88
22 46
7 99
15 35
18 12
1 77
2 26
12 7
3 86
2 26
2 1
18 8
29 83
2 97
22 13
18 91
30 62
27 29
11 85
20 11
26 11
1 34
27 85
10 29
10 75
20 77
28 59
15 100
4 6
14 61
2 7
15 34
12 82
2 87
8 25
18 80
1 75
4 11
19 57
14 23
23 98
26 4
16 76
22 12
21 65
8 81
0 41
1 95
23 98
1 91
17 22
26 32
25 41
8 23
3 7
23 71
12 55
1 85
26 16
5 32
24 3
15 76
9 47
14 79
24 68
11 5
29 33
9 100
19 70
3 82
17 75
15 46
29 81
8 1
25 66
9 24
7 33
15 57
1 72
18 6
29 46
14 66
17 60
25 85
3 23
25 55
11 49
0 18
30 8
23 48
27 44
28 92
9 46
15 49
13 22
28 49
19 27
6 64
18 89
19 94
24 90
27 4
10 12
21 30
0 8
3 49
4 99
10 62
5 83
17 79
22 77
20 85
12 16
27 4
27 94
12 81
5 83
21 19
29 84
12 98
21 65
11 55
19 68
1 82
19 62
7 36
14 95
1 85
16 65
8 16
13 32
17 32
26 4
30 18
3 5
12 66
15 12
22 64
7 29
30 94
7 90
6 15
24 36
9 58
21 44
2 86
26 58
10 32
28 26
21 10
24 16
30 90
21 11
25 61
3 25
16 45
14 9
19 95
1 68
20 19
0 68
30 11
29 75
5 64
14 25
6 12
22 58
13 89
12 55
4 13
20 78
12 89
22 96
24 52
25 61
11 6
9 97
30 38
29 9
1 89
23 73
5 27
13 63
17 76
12 86
10 10
1 28
19 5
2 50
22 73
18 77
1 44
8 62
2 18
25 23
28 33
3 51
3 77
3 92
14 89
2 30
17 30
3 55
1 39
21 11
14 70
23 45
21 19
2 100
13 41
0 58
1 72
13 22
3 17
2 77
10 43
15 90
28 12
10 91
22 97
25 25
13 60
25 39
16 16
14 36
0 83
5 50
20 19
13 13
23 31
16 26
3 13
11 28
2 47
11 57
13 56
18 29
4 84
12 73
22 19
19 26
3 87
23 13
19 64
18 74
21 19
25 2
23 19
21 78
6 17
23 38
28 87
25 57
1 36
5 40
6 69
2 67
10 25
18 60
30 85
14 86
2 2
26 10
8 7
14 6
26 83
1 20
28 95
20 46
2 19
2 79
10 8
17 77
24 84
6 51
9 87
13 41
5 4
9 74
27 87
5 86
7 30
26 34
19 38
23 1
26 33
19 28
10 28
2 53
15 37
4 14
14 61
4 85
12 63
7 1
10 23
26 85
7 58
19 53
21 32
18 56
23 89
24 88
21 42
17 64
13 41
29 46
9 39
5 35
20 32
27 33
3 46
22 53
24 1
20 99
22 34
5 39
2 94
19 100
9 34
6 77
25 21
10 93
4 88
3 52
30 29
13 87
14 39
28 76
8 68
8 69
17 4
14 22
10 60
25 83
10 28
9 46
6 6
27 23
30 27
23 10
18 27
2 89
27 55
23 42
12 33
22 10
16 85
7 34
26 9
19 89
28 61
0 32
19 6
19 48
11 6
14 59
3 13
15 91
12 23
4 92
3 87
1 24
26 13
0 44
12 62
30 71
15 92
23 59
28 6
14 68
12 77
30 13
22 100
17 26
2 6
0 6
29 89
14 84
30 85
20 71
14 52
22 94
0 17
29 57
24 82
18 29
21 60
7 68
9 75
0 39
24 69
20 95
4 63
27 13
17 53
7 70
27 13
10 63
22 94
19 97
7 52
14 82
17 100
20 99
7 24
12 51
9 5
1 100
13 4
12 91
15 42
25 94
24 35
14 98
3 70
0 13
15 82
9 71
15 29
30 33
18 84
4 83
1 49
11 78
20 77
22 79
12 48
30 18
8 30
14 24
6 23
14 70
