100
13 21
4 18
3 77
1 42
4 36
23 36
22 99
0 60
26 15
0 75
4 66
20 29
27 42
23 54
18 68
13 74
20 6
11 3
10 85
10 91
0 16
8 69
15 24
8 81
24 23
4 6
21 41
17 91
29 68
12 84
16 23
16 31
0 92
26 14
14 53
30 85
9 14
8 90
9 3
15 76
26 76
16 76
4 10
7 41
22 79
2 20
23 53
15 95
3 56
11 76
1 42
28 46
14 78
13 71
16 23
14 39
10 93
5 43
8 40
9 27
14 19
1 32
12 44
18 54
13 24
30 37
0 72
16 34
22 87
22 70
16 16
12 33
11 95
19 86
3 17
16 82
27 24
26 94
11 70
29 1
8 61
27 78
10 60
14 85
26 2
0 62
22 97
28 1
29 24
21 19
1 28
3 38
1 44
6 8
22 83
7 40
24 89
10 56
12 5
2 37
5 57
18 95
13 92
20 90
5 55
2 100
28 61
19 10
26 51
11 22
25 93
12 60
16 1
7 19
22 87
17 92
20 2
9 47
27 64
9 37
24 74
21 72
27 39
13 96
24 29
6 78
3 58
11 14
28 85
14 80
0 31
20 81
18 87
17 41
12 88
13 95
15 69
0 53
9 1
24 24
23 95
23 73
3 20
8 25
10 31
8 51
13 4
12 100
17 23
2 39
30 20
29 4
21 58
5 79
24 7
30 53
15 19
27 29
9 82
25 32
15 50
19 99
1 38
16 22
28 15
17 66
25 90
12 3
29 80
22 94
13 5
10 46
24 29
21 46
28 18
28 52
28 6
20 68
12 6
6 7
17 47
22 74
25 75
23 91
7 100
16 80
0 2
5 38
15 7
26 58
27 15
5 4
13 39
2 100
1 10
28 48
28 94
3 26
0 58
9 47
9 77
9 53
4 77
30 92
23 16
2 31
10 88
17 81
8 46
5 31
21 91
16 31
26 12
8 69
5 7
25 48
17 98
0 79
12 60
7 18
23 12
2 92
8 41
12 16
23 85
9 16
26 49
21 63
1 30
27 69
14 10
1 7
4 27
3 90
29 88
9 32
7 100
29 8
14 40
5 73
20 100
27 29
28 87
9 54
20 93
12 43
1 73
30 56
7 42
1 46
20 2
29 37
30 2
17 23
28 91
25 72
9 46
10 46
16 83
4 64
16 64
2 86
4 28
9 85
26 70
14 66
11 3
12 74
14 96
1 66
2 4
25 35
5 45
1 32
25 86
14 34
29 40
16 80
24 61
0 48
6 51
12 31
8 4
7 16
7 67
22 17
14 77
17 96
22 35
4 49
20 87
0 2
30 10
29 91
3 67
30 1
8 83
11 77
0 10
16 97
18 83
16 26
10 52
14 47
7 77
17 6
10 47
3 39
15 18
24 99
14 81
1 79
24 25
2 98
15 48
24 47
14 31
1 6
6 9
9 36
22 36
3 89
17 77
19 71
15 90
15 7
7 7
29 8
9 89
0 61
18 3
14 6
13 31
21 4
12 54
0 25
28 63
17 87
21 77
12 87
13 34
4 93
29 72
4 11
26 19
25 85
11 14
1 58
14 56
11 62
27 30
28 21
20 46
2 36
29 26
5 73
6 10
20 31
5 23
13 15
11 64
1 1
28 9
0 15
25 16
20 19
26 13
0 69
11 79
18 99
13 41
4 97
6 77
9 75
16 94
28 13
9 54
24 26
3 100
23 82
22 85
28 28
16 96
19 78
3 49
24 63
17 9
17 91
1 45
5 47
23 13
8 96
5 86
6 98
21 33
6 36
3 10
9 85
21 40
7 58
7 87
22 99
8 49
7 46
21 6
1 52
27 87
20 35
21 43
3 89
14 29
9 73
0 9
22 6
13 37
12 42
2 29
4 56
25 29
18 81
0 43
5 5
27 10
25 83
1 15
8 76
11 11
8 66
27 91
21 56
25 91
23 18
13 92
20 81
4 93
2 8
30 87
12 31
4 72
2 19
9 80
12 80
5 94
22 7
6 4
26 31
21 100
21 25
24 12
26 25
7 45
25 80
22 58
6 16
29 34
15 53
4 77
12 83
17 42
27 31
13 94
28 50
26 35
15 66
29 36
27 90
30 1
29 64
29 36
13 13
13 2
15 3
14 21
23 18
28 94
14 48
13 44
2 14
4 32
0 53
25 43
18 86
23 23
24 3
2 35
10 90
1 11
3 53
29 98
19 23
9 66
26 39
5 85
4 35
18 94
28 45
19 52
8 16
5 54
8 16
21 34
20 4
17 40
23 66
2 41
29 26
15 54
1 37
3 93
25 71
8 23
3 69
4 76
10 36
16 30
14 83
15 27
3 75
4 34
19 6
19 42
8 11
5 97
12 83
5 72
23 96
29 44
12 37
23 78
23 15
7 28
0 59
30 18
23 2
11 95
19 94
15 9
12 57
29 1
18 31
23 10
5 25
14 92
23 45
7 99
29 50
28 97
19 46
27 76
0 99
7 74
22 56
12 74
19 97
16 10
13 32
13 56
11 8
22 96
13 37
17 28
22 5
14 2
18 65
25 82
29 92
26 87
27 78
22 2
15 67
21 78
27 20
9 32
10 7
28 53
26 71
7 38
19 25
25 75
12 18
28 38
5 10
18 13
7 76
23 2
23 1
23 100
6 97
17 18
16 64
13 44
2 5
0 87
26 84
20 19
9 50
2 40
25 9
7 88
2 41
28 25
23 43
17 73
16 77
1 50
25 48
11 91
4 87
19 1
30 33
8 81
26 82
3 8
3 60
22 83
29 62
17 38
25 58
23 58
23 35
3 46
5 91
18 64
7 9
5 62
20 10
26 20
6 34
22 67
21 41
3 5
11 5
14 40
19 65
28 38
6 98
12 1
19 65
23 5
17 30
9 19
1 31
22 96
4 25
30 89
25 95
16 41
9 71
16 57
11 45
8 69
7 14
30 28
1 68
5 43
25 92
24 96
3 28
2 71
29 97
30 30
28 75
0 24
26 59
9 36
11 43
14 28
1 55
9 58
8 89
0 44
9 14
22 20
1 40
17 59
28 14
8 78
20 34
8 32
20 74
14 19
4 99
1 40
27 42
9 60
13 13
16 7
21 98
23 6
9 8
8 32
17 84
5 55
11 27
10 84
2 91
14 7
25 45
13 81
12 59
18 93
16 23
27 20
16 3
18 21
11 83
2 82
22 58
29 26
18 81
6 64
5 3
16 81
6 16
2 72
29 14
0 100
4 67
11 72
30 17
15 57
15 21
12 70
12 52
16 21
1 14
10 5
5 82
15 95
5 5
15 15
26 18
8 82
21 99
3 95
0 40
5 99
5 17
15 55
30 66
4 29
0 13
10 24
0 52
19 50
0 4
30 47
27 57
12 39
22 3
16 42
21 60
16 21
20 59
28 88
21 84
1 9
19 88
25 98
10 100
17 35
30 79
10 100
24 45
1 26
13 71
2 39
19 17
7 68
21 58
6 76
0 90
20 69
10 25
29 51
5 55
9 91
26 63
24 63
18 68
18 23
25 36
7 64
17 25
10 42
24 56
4 67
2 42
25 98
27 14
22 1
11 73
13 71
30 59
1 49
6 31
12 76
5 55
4 31
16 38
29 70
1 20
20 31
0 98
20 76
15 97
18 47
29 27
10 64
8 33
16 96
20 39
12 93
27 55
6 43
2 98
5 49
8 56
8 55
24 36
10 13
4 39
2 13
4 52
0 34
24 13
17 10
2 58
21 36
8 28
30 43
9 38
21 46
20 74
22 20
24 14
17 33
25 53
18 9
8 96
24 26
19 46
24 22
15 20
30 69
9 52
28 96
22 82
27 28
18 52
3 30
9 90
10 57
12 23
10 40
15 16
23 20
23 13
8 43
7 55
4 56
14 44
13 80
15 32
13 47
26 3
20 88
21 86
11 54
13 13
18 42
7 53
1 26
19 99
6 37
27 26
16 63
12 54
8 21
17 25
11 52
20 86
3 83
27 37
24 36
26 57
3 84
20 36
2 84
25 56
24 62
21 11
1 36
12 30
25 21
18 81
21 60
20 97
28 17
17 60
2 20
11 64
5 49
10 77
9 64
11 49
21 29
23 89
0 19
1 32
14 84
24 28
18 2
18 58
26 37
11 17
16 83
16 48
0 92
21 40
17 21
0 40
3 71
16 4
28 8
24 32
22 25
22 38
18 15
11 12
21 32
19 85
29 50
12 5
26 2
30 13
27 19
25 90
8 59
4 50
14 12
2 34
2 91
16 84
9 89
4 76
3 59
26 80
9 22
3 19
8 48
8 42
15 38
6 1
17 82
7 81
2 100
6 20
27 43
29 24
19 24
28 42
3 25
18 78
0 67
27 73
4 31
21 97
15 44
6 71
4 31
18 66
17 54
22 67
13 95
22 81
0 46
24 53
6 31
14 73
8 100
22 2
2 34
26 85
22 95
24 47
2 67
26 21
17 44
19 79
23 90
6 9
13 52
23 31
27 86
17 6
11 38
4 67
0 43
21 48
13 61
29 25
21 23
27 49
4 53
7 44
1 57
17 73
25 11
7 73
11 29
13 67
29 72
17 59
17 6
29 16
20 89
15 21
29 77
1 92
8 88
5 23
28 96
3 64
20 22
24 89
6 69
15 94
10 48
19 19
20 33
26 41
28 92
30 86
30 72
24 20
29 12
22 74
30 99
16 81
15 79
24 15
4 90
13 82
5 28
7 86
14 80
12 89
14 92
7 19
21 91
22 54
1 59
28 79
0 10
17 67
3 89
3 70
19 49
1 11
29 70
8 25
14 72
9 70
17 85
28 1
20 67
26 42
4 91
23 24
29 86
7 69
0 81
17 62
1 50
19 53
7 4
29 97
4 52
10 54
15 61
11 87
14 14
27 90
15 62
7 45
1 5
6 94
2 32
29 80
6 88
25 79
21 44
29 53
5 25
20 4
28 36
0 29
20 19
10 57
7 44
8 73
8 33
14 6
24 85
17 81
8 64
5 96
24 90
18 93
8 18
0 81
29 73
28 41
6 53
28 60
10 92
16 94
9 97
22 1
20 7
8 71
17 18
26 47
10 14
24 44
5 71
30 10
16 45
25 1
8 53
3 49
9 7
14 26
13 18
14 26
9 30
7 86
30 30
21 60
2 99
23 42
23 63
30 42
15 30
6 72
16 92
12 59
8 55
13 59
26 3
29 65
16 58
3 57
26 13
13 20
14 60
28 97
19 20
25 61
24 22
2 23
29 45
13 6
15 56
11 42
28 48
3 41
10 61
7 72
29 80
29 34
17 54
20 78
14 67
7 81
11 69
11 44
28 9
17 64
12 71
4 94
30 10
23 64
16 29
16 23
5 51
29 87
15 51
27 84
10 28
15 17
26 37
21 77
23 46
6 21
4 70
6 60
8 60
14 27
26 90
12 96
24 13
10 18
18 90
17 22
6 36
22 81
12 49
12 51
10 81
1 13
21 75
24 74
16 52
25 22
9 50
7 3
21 35
7 84
4 14
13 60
5 81
23 65
17 93
28 65
9 11
26 45
15 96
25 77
14 37
15 20
22 45
9 80
17 11
10 58
24 34
3 71
2 64
12 9
17 78
24 6
17 48
12 49
23 66
17 38
29 24
28 73
25 11
0 72
1 12
0 85
4 34
28 69
25 76
19 9
19 93
6 8
30 50
9 82
5 17
21 69
30 59
28 83
13 80
12 100
17 86
11 44
3 34
25 89
18 27
4 78
18 49
0 95
6 13
18 26
17 100
19 12
13 99
16 86
15 49
9 50
5 13
24 88
24 55
26 86
8 79
12 32
10 68
20 56
19 62
10 21
3 93
7 74
25 83
14 8
9 23
5 66
5 51
22 74
20 67
13 92
20 21
1 72
12 17
27 59
24 2
8 54
22 32
16 19
7 60
23 17
0 70
27 21
30 63
30 41
9 45
26 62
20 86
21 45
3 13
20 53
4 69
14 48
11 2
9 99
1 45
18 32
13 16
4 67
21 9
28 66
27 74
2 76
23 70
17 35
25 59
24 58
14 15
19 5
26 38
9 89
18 61
13 25
24 16
24 94
28 83
19 52
23 43
26 24
25 20
6 83
14 65
1 53
20 47
3 43
20 79
30 37
18 19
27 17
27 70
13 46
4 46
7 43
21 65
14 52
10 75
26 100
23 75
26 6
10 14
30 73
26 34
11 4
8 50
4 55
24 77
9 38
29 69
22 27
18 35
17 44
18 53
28 1
29 19
22 43
17 26
3 7
1 81
13 36
0 17
30 68
23 99
15 15
5 18
20 26
14 27
10 98
17 68
26 51
18 68
2 20
20 27
3 61
6 46
2 2
1 98
26 39
13 75
20 61
29 98
8 71
0 5
12 17
16 87
27 40
24 4
11 10
15 45
14 80
14 77
10 51
22 52
12 61
28 68
27 54
13 64
12 37
13 6
15 13
28 69
14 63
18 34
12 12
28 42
24 59
30 54
16 21
9 9
28 89
26 37
16 68
14 14
6 35
29 41
15 41
7 32
19 4
16 33
23 35
8 56
28 64
5 6
15 31
3 88
7 82
22 86
3 28
26 54
19 61
22 41
1 47
3 59
26 6
17 11
14 83
7 55
21 68
8 85
15 85
16 30
2 78
23 13
6 84
14 29
13 77
9 47
26 51
24 77
2 35
15 56
7 44
20 85
11 1
12 74
4 85
23 25
14 72
11 66
24 40
4 90
11 51
0 22
9 85
25 96
6 38
4 14
24 49
12 45
6 98
15 11
6 20
3 86
0 59
25 51
23 69
8 90
29 44
27 73
19 100
7 95
5 35
7 88
11 49
30 65
24 41
23 63
11 49
6 22
12 34
0 53
26 56
1 29
0 53
12 47
18 43
22 21
13 27
10 96
24 72
15 90
24 89
10 86
8 79
13 61
19 76
20 67
22 55
15 5
18 93
18 40
14 29
6 69
18 57
22 10
11 61
21 32
14 5
3 45
3 14
26 58
14 35
13 24
11 51
27 51
9 24
28 61
12 35
30 76
9 90
19 26
17 91
2 53
14 41
25 77
20 51
1 60
29 94
9 84
16 16
3 57
10 94
29 58
4 60
2 98
20 12
12 25
28 85
29 82
10 28
22 50
16 53
10 10
24 47
13 42
12 52
7 49
2 29
12 3
7 21
30 98
10 45
11 84
18 1
23 77
1 10
9 76
23 3
16 61
20 46
15 64
20 19
23 6
30 34
7 12
17 27
19 36
24 91
5 85
12 28
16 80
9 54
10 2
24 91
14 92
1 93
21 29
11 10
6 5
11 28
10 78
26 63
15 99
4 34
27 12
0 94
23 13
23 54
29 16
10 44
8 37
6 54
17 99
22 65
0 1
12 11
28 33
11 84
0 14
8 39
14 12
22 17
11 23
4 90
19 96
28 28
30 71
8 72
16 18
22 67
18 87
10 51
29 79
1 4
17 20
7 27
9 43
8 68
1 98
21 85
15 72
21 45
22 39
1 69
5 38
29 97
9 99
23 91
24 99
14 65
0 83
19 18
15 85
28 85
23 98
23 4
19 12
13 35
21 81
17 65
15 73
28 6
27 88
18 12
0 8
13 49
1 31
6 96
0 96
29 33
30 17
9 39
2 6
28 28
30 21
30 91
8 82
17 64
0 66
16 28
17 28
1 88
8 68
23 87
19 9
20 77
8 54
17 71
15 7
2 44
23 97
8 10
15 84
28 82
22 19
16 96
19 17
8 62
30 51
22 44
12 74
30 30
0 47
13 68
11 67
2 62
8 59
9 14
7 61
0 37
10 51
21 76
30 6
8 2
27 77
9 63
5 72
17 68
22 57
9 78
8 96
22 97
1 98
5 68
20 72
28 21
28 46
30 15
2 21
13 74
11 94
12 33
1 40
23 34
28 78
28 97
28 52
24 89
28 92
6 30
26 43
0 54
7 55
28 2
19 53
18 39
22 76
18 68
5 91
19 91
24 22
21 44
18 52
13 23
15 83
9 1
1 56
27 73
9 33
12 75
5 93
0 9
29 96
14 98
28 8
4 87
29 100
4 5
19 74
19 64
12 44
21 25
13 71
15 73
14 55
21 23
11 92
30 35
21 21
17 98
17 40
4 24
9 97
3 28
4 53
2 76
20 35
5 66
0 94
7 21
0 87
19 24
5 18
17 40
14 26
24 6
19 67
14 81
22 54
15 10
24 61
15 95
26 49
19 100
9 95
24 25
25 79
1 37
24 88
12 20
6 94
3 79
19 23
8 8
29 12
15 39
30 11
12 10
9 90
23 21
27 52
30 64
5 87
15 9
24 30
5 96
7 33
28 60
14 21
2 37
23 20
26 58
26 43
24 20
20 58
21 33
22 68
13 84
7 26
17 44
18 59
13 55
9 57
6 46
8 66
18 55
19 9
23 96
24 33
17 23
12 84
28 30
18 70
0 61
9 1
28 59
12 39
19 70
24 63
18 19
16 16
13 3
6 34
19 86
17 18
21 44
20 20
7 80
28 65
5 92
12 40
7 89
3 27
11 11
12 96
25 17
6 51
11 80
28 69
30 42
0 51
1 16
21 85
6 6
15 31
23 38
6 24
2 48
2 16
30 53
25 72
22 10
6 18
9 100
12 26
3 67
19 91
30 9
16 77
26 84
15 77
11 57
23 56
14 26
6 30
7 96
11 43
1 72
27 42
3 97
24 10
11 7
27 100
14 66
23 77
25 42
18 7
13 43
5 26
2 55
8 80
25 89
21 1
14 98
3 44
25 95
20 84
23 34
22 42
13 48
26 11
22 16
3 58
13 34
4 25
6 25
5 5
11 1
0 67
28 13
14 59
29 43
26 36
30 36
25 43
2 63
4 89
6 60
22 17
18 100
6 98
20 75
22 31
4 83
14 7
26 79
17 92
12 57
0 89
12 16
9 62
6 55
25 13
23 60
25 10
21 35
23 19
10 69
8 41
14 36
19 62
10 54
14 46
29 72
4 66
10 54
4 45
25 65
3 53
24 41
5 20
8 90
15 74
9 91
6 49
0 64
30 58
19 92
8 36
3 78
17 94
29 2
19 58
5 97
22 72
4 38
25 53
25 67
21 82
8 49
2 18
28 20
13 85
6 14
2 18
29 54
9 73
19 38
30 75
0 74
9 75
13 44
10 20
19 81
28 10
6 67
6 38
11 32
18 3
12 42
27 90
20 87
28 65
24 30
14 82
22 17
19 84
5 37
22 14
29 5
3 95
4 25
20 61
10 7
23 97
25 62
25 55
3 78
7 88
24 94
8 3
5 27
1 46
25 75
11 82
10 68
16 27
16 83
3 50
13 20
9 30
8 81
11 88
29 91
2 98
25 12
13 5
2 52
18 45
12 64
19 58
2 91
24 97
16 55
15 27
4 73
9 84
15 60
1 31
20 81
5 78
24 35
23 84
20 44
24 45
16 62
16 1
21 40
6 47
23 69
17 34
18 79
22 82
11 14
0 76
19 7
3 10
6 100
24 23
7 1
4 12
25 59
29 68
4 76
16 51
2 91
5 27
5 96
30 25
26 67
24 39
2 34
11 73
25 65
19 29
9 28
17 35
14 3
27 94
12 72
1 18
1 51
27 53
17 86
9 62
19 54
25 77
17 53
30 13
7 33
7 56
28 99
6 44
11 9
15 4
0 78
6 77
12 28
25 50
14 56
24 49
13 7
25 66
25 43
1 100
14 28
30 87
13 11
11 50
13 81
20 19
16 31
23 36
16 32
13 56
22 74
29 61
26 10
19 13
25 24
26 42
28 84
23 55
11 33
14 7
9 7
1 87
1 13
22 16
8 73
22 81
20 31
14 90
1 34
16 75
25 83
2 86
20 84
22 96
12 12
5 3
26 84
1 79
1 11
18 45
15 86
10 6
22 40
24 12
20 2
18 7
21 8
23 85
21 97
19 83
17 76
29 73
5 10
27 30
7 77
3 37
2 8
7 17
30 74
22 37
0 59
0 4
20 82
9 29
2 84
0 82
13 53
8 13
6 16
9 13
3 13
11 64
29 12
3 30
10 94
10 53
25 81
9 85
29 57
18 73
7 65
15 84
11 43
21 64
3 77
26 16
20 14
8 12
28 24
29 27
23 13
15 39
6 18
23 77
18 94
18 78
6 42
8 99
22 94
26 25
30 22
21 6
18 13
12 49
29 10
27 19
15 42
25 52
13 94
29 27
20 52
21 82
16 88
3 77
30 90
23 74
10 94
0 14
2 17
22 93
7 23
20 80
5 96
16 45
9 59
17 20
0 32
19 24
6 16
5 14
1 2
27 76
23 94
17 75
6 33
27 44
3 94
29 87
11 8
4 83
7 52
15 93
27 35
30 27
9 65
18 21
7 41
19 74
14 4
10 2
8 7
5 29
9 8
18 61
26 96
20 85
30 48
28 14
1 77
19 1
11 27
13 45
5 97
5 21
21 97
6 89
6 35
24 65
17 33
28 24
20 10
10 14
28 77
6 7
22 98
7 72
8 35
4 43
28 44
11 34
4 75
4 87
16 83
7 51
27 6
19 66
25 49
10 42
14 28
6 67
22 53
16 87
27 6
20 37
27 19
23 89
19 100
13 11
10 66
29 22
14 38
14 2
10 10
17 82
17 83
15 94
22 26
1 77
27 40
12 90
8 19
15 81
2 22
30 88
19 83
18 67
17 93
5 81
12 15
29 76
16 12
19 49
22 78
26 21
23 73
26 15
4 98
16 7
1 22
15 46
12 61
29 11
17 68
19 64
8 67
18 23
25 15
13 54
13 90
15 38
0 69
12 99
2 70
6 48
28 49
18 99
18 54
6 57
20 25
15 68
7 62
23 66
21 20
24 81
24 36
12 98
26 79
21 47
0 6
9 52
12 21
29 61
24 9
20 88
20 66
7 75
18 21
15 15
7 41
22 60
16 8
14 88
19 87
7 65
18 73
20 20
13 11
15 72
22 40
3 5
17 39
18 20
12 91
28 60
28 65
24 62
7 39
25 40
8 62
25 49
24 29
25 54
20 16
3 75
3 4
21 93
14 91
18 98
0 61
25 88
1 11
18 73
22 50
29 13
14 64
2 57
29 84
25 4
14 79
3 33
25 2
0 11
13 89
21 91
14 31
8 10
19 62
13 81
22 73
17 95
11 32
25 8
22 32
14 38
28 16
14 38
26 62
29 90
22 4
5 35
23 34
1 75
9 69
14 36
11 95
24 38
10 7
15 98
12 45
19 48
29 31
15 69
24 9
2 92
12 65
20 58
21 73
1 31
15 73
25 70
6 46
5 33
0 27
5 82
12 32
25 96
18 16
8 35
2 65
17 3
11 6
5 76
6 27
9 27
0 33
22 3
30 43
11 62
30 70
7 100
17 95
4 15
24 1
24 83
19 53
18 87
5 93
23 2
20 31
11 82
5 23
16 32
14 85
13 51
25 95
22 81
7 25
11 27
20 20
22 5
5 7
1 20
7 81
21 39
24 28
16 21
14 74
23 62
20 70
15 45
5 85
14 4
7 2
17 7
28 57
26 19
18 15
9 34
30 82
22 1
23 68
19 22
7 51
0 97
21 73
21 35
15 77
22 4
5 35
3 94
26 9
2 60
17 43
12 77
14 24
6 12
17 24
12 100
24 28
0 98
2 95
21 97
25 65
22 84
19 81
13 5
30 67
27 83
7 71
10 42
12 33
3 53
25 81
12 22
24 78
26 6
6 81
20 22
18 20
20 3
7 16
29 21
9 34
8 99
1 18
24 49
0 63
0 71
21 90
4 17
19 84
29 35
19 19
3 24
7 31
25 87
1 60
14 25
24 47
17 59
8 10
16 45
29 50
1 26
29 1
25 33
28 69
9 21
3 76
18 6
21 26
21 10
1 60
20 50
25 89
11 7
7 88
24 49
17 4
21 77
9 70
21 96
22 66
24 78
11 32
2 61
28 60
26 4
3 8
14 94
30 36
17 88
12 90
9 62
17 84
16 92
15 85
3 31
14 40
24 11
18 99
30 81
3 96
25 54
10 16
27 65
11 66
24 16
27 53
10 88
19 8
0 48
2 61
7 96
5 34
28 34
25 18
28 44
2 57
8 85
27 43
11 3
12 1
3 48
22 24
24 64
28 29
17 17
23 82
13 36
3 54
2 50
22 21
18 65
25 80
20 89
15 54
6 87
2 37
19 30
16 51
2 51
6 11
7 88
25 9
7 41
11 20
10 90
2 21
1 78
20 29
15 95
18 58
17 57
0 27
22 2
0 21
19 20
17 11
9 22
19 66
17 50
1 40
14 80
0 25
20 48
28 4
8 82
8 22
22 89
19 84
8 23
7 13
12 85
16 53
30 91
3 59
11 50
1 82
12 20
21 16
24 85
19 55
2 77
11 19
20 79
27 92
28 2
17 30
28 55
22 41
13 47
22 46
19 92
20 12
3 36
10 85
9 81
9 79
14 75
22 11
30 38
24 74
6 97
21 82
25 72
2 85
22 61
14 28
25 2
5 64
27 91
18 50
29 28
5 40
24 68
27 10
2 44
14 17
27 90
2 100
0 22
14 86
0 32
1 97
18 38
22 44
14 90
0 20
22 96
20 4
27 28
29 29
3 14
14 32
8 100
10 66
2 38
24 38
26 21
6 4
15 70
16 63
0 54
7 10
24 66
13 12
28 17
19 12
16 95
10 82
0 12
7 91
10 85
2 4
15 59
1 30
9 40
6 94
26 87
17 68
12 49
28 74
2 88
21 46
27 67
4 95
16 52
21 95
27 29
4 67
25 26
18 80
3 65
3 5
14 46
29 4
8 25
12 29
16 88
25 85
30 10
25 66
8 33
9 40
21 81
6 86
7 1
15 36
16 69
18 48
14 43
19 45
7 71
19 52
12 72
22 66
6 93
30 43
24 49
8 65
4 57
12 94
22 65
10 56
19 32
29 31
27 84
16 20
5 68
5 45
27 21
26 2
15 43
7 74
18 4
3 12
19 71
10 20
19 95
9 21
19 7
0 42
8 63
5 18
27 37
4 44
18 57
5 99
30 59
30 73
0 48
0 15
24 53
11 42
1 52
8 73
27 22
2 6
6 81
3 79
26 66
21 7
1 14
18 81
9 6
28 37
24 15
10 50
3 49
30 52
25 30
21 58
13 75
25 3
17 98
0 73
27 68
17 5
18 76
28 73
18 16
4 31
7 35
5 35
9 88
8 37
13 28
0 63
10 87
5 3
18 88
16 66
15 51
12 71
26 47
2 27
30 63
19 43
4 40
14 20
14 17
24 84
2 60
13 90
24 77
7 71
0 26
28 7
1 40
18 85
11 8
20 97
26 84
26 23
23 100
6 74
23 56
20 20
6 91
10 69
11 29
6 81
23 48
19 65
8 99
26 51
28 1
24 65
7 44
3 25
16 6
10 33
29 26
16 2
28 52
26 73
28 73
18 36
16 81
21 78
26 51
7 100
5 73
24 52
11 47
23 79
4 7
10 9
24 63
21 14
30 88
26 42
4 60
14 91
3 43
11 60
17 85
26 19
21 23
22 25
25 79
2 22
3 89
5 88
20 77
20 4
29 63
21 22
0 8
4 48
23 28
12 50
23 18
20 58
2 69
28 8
23 56
2 45
6 67
16 44
23 15
15 24
14 58
14 42
8 63
28 2
29 84
0 39
13 4
0 85
24 55
9 68
8 90
15 97
30 84
16 55
6 63
14 35
14 48
25 40
23 44
21 29
8 3
29 43
2 67
16 27
30 30
28 9
11 63
18 52
26 15
2 74
26 54
17 2
2 94
4 81
7 34
14 79
11 26
20 49
18 91
24 63
4 54
8 98
7 48
7 79
3 86
27 54
8 37
2 88
6 20
12 95
15 99
19 7
0 75
25 69
29 39
0 96
17 78
28 83
25 6
29 11
11 33
8 65
8 37
8 85
3 75
11 87
23 64
15 64
24 32
4 84
27 17
19 67
20 24
20 74
1 81
5 16
4 48
19 63
21 6
26 43
1 22
30 20
24 47
6 61
29 85
17 69
10 51
10 66
10 91
30 54
27 99
11 89
8 56
18 1
1 73
16 32
22 25
0 11
20 81
13 63
22 63
7 83
12 20
17 88
13 19
2 73
23 1
4 42
4 3
5 37
17 49
6 68
16 76
29 92
25 72
30 65
16 91
23 73
30 95
1 92
30 10
16 68
3 78
30 97
7 37
18 68
18 12
24 89
17 75
6 36
18 59
18 39
6 18
16 75
1 79
15 66
4 25
17 17
9 37
7 38
13 58
4 23
21 19
25 72
15 59
22 19
14 46
28 100
20 46
6 93
19 26
4 74
18 40
2 46
9 71
17 55
15 92
24 81
3 82
24 100
30 66
24 18
6 82
11 50
17 65
3 35
17 46
22 17
5 46
16 47
17 84
15 96
