100
21 41
16 44
9 40
9 51
7 77
6 56
8 81
13 41
1 97
21 95
2 30
21 58
0 14
3 46
26 10
16 97
13 90
18 54
26 65
20 3
3 31
26 57
7 64
4 34
6 38
12 18
0 97
7 83
2 1
28 15
18 69
12 21
16 85
29 61
10 38
5 64
13 52
17 99
22 36
18 46
0 40
10 52
10 26
10 66
20 53
14 62
4 62
21 52
24 87
5 44
30 62
0 21
16 69
23 4
2 19
15 19
28 9
28 48
8 54
24 27
21 25
14 40
17 78
5 35
22 58
13 67
25 22
10 12
3 79
6 3
23 81
5 3
9 63
19 2
22 60
18 98
0 74
19 12
20 36
18 59
3 13
12 34
30 85
13 69
16 18
6 49
15 52
18 32
18 18
15 96
21 76
16 58
21 65
9 57
12 43
18 18
22 16
18 29
24 93
26 91
2 36
13 74
29 33
17 53
1 82
0 45
21 15
25 55
17 52
26 27
0 14
27 26
25 46
22 2
25 66
19 71
8 81
19 59
7 22
4 30
10 78
25 34
30 72
17 78
0 8
9 38
22 36
22 82
30 31
8 27
28 42
3 49
8 89
8 92
20 90
19 82
14 9
2 28
19 57
2 48
29 88
10 31
0 3
19 89
6 99
20 41
8 59
20 60
28 72
26 46
26 56
9 2
2 3
27 26
16 87
9 96
4 75
11 45
18 63
15 88
18 72
29 61
21 46
22 90
21 23
3 23
16 11
1 61
3 77
24 13
22 95
15 44
1 100
1 98
20 50
3 49
22 97
3 41
2 92
26 91
2 91
19 6
11 77
24 55
24 56
14 10
5 85
10 66
6 30
1 27
12 33
16 66
7 70
4 30
1 59
5 29
29 29
10 18
15 33
7 83
22 65
30 18
1 44
16 3
25 81
1 34
9 95
19 29
18 90
4 96
4 73
4 76
28 22
14 34
10 67
17 1
8 23
18 27
20 91
28 96
11 55
24 94
20 71
10 63
21 34
21 24
28 40
26 42
14 82
19 72
23 90
8 61
1 53
4 62
7 31
16 67
27 96
24 88
24 88
29 20
0 60
21 8
15 27
17 51
29 71
1 43
29 46
26 41
26 84
24 58
10 57
1 47
22 47
5 68
25 82
1 5
1 70
15 23
8 49
0 35
30 33
1 65
27 26
7 2
9 49
22 54
26 87
3 54
8 63
6 8
22 68
15 17
0 100
21 41
9 33
12 69
27 12
26 84
22 20
15 74
21 49
20 54
30 19
0 57
19 75
5 57
27 12
24 98
21 3
24 56
15 41
20 58
6 62
24 53
27 28
15 23
8 86
8 79
7 85
24 8
8 73
16 82
11 47
13 44
23 45
15 36
11 42
29 40
25 92
28 17
10 24
0 11
20 27
3 23
30 81
5 68
18 32
30 4
22 18
15 10
0 21
15 82
20 43
28 49
22 27
10 49
17 29
4 73
8 15
13 6
9 50
13 59
12 82
25 80
22 22
18 86
20 3
1 60
14 22
22 73
23 6
9 35
8 10
5 28
8 73
22 95
27 75
23 1
13 34
14 31
21 22
22 51
18 56
11 95
22 16
4 19
25 43
12 52
18 89
11 28
9 18
26 43
29 84
27 65
7 55
12 64
17 26
27 67
5 20
21 97
7 83
15 41
4 22
5 43
23 54
21 6
24 52
12 1
27 71
25 17
10 50
28 83
13 95
4 72
17 63
8 3
30 59
6 59
7 89
18 7
4 90
27 41
17 15
4 15
14 1
16 41
14 3
26 45
22 37
12 26
30 40
10 56
26 45
1 56
6 98
6 83
27 22
28 98
17 19
16 66
3 28
20 64
2 49
8 55
17 40
21 16
8 63
12 72
20 31
3 49
26 62
18 19
11 52
19 20
18 54
5 65
14 73
23 35
28 15
18 18
15 59
1 54
11 26
18 60
6 36
25 69
21 17
17 75
5 67
0 22
18 17
3 13
8 92
23 14
8 19
28 62
9 26
25 61
4 55
24 47
27 11
30 84
16 82
7 59
13 20
30 24
23 12
23 89
3 38
12 89
16 78
23 84
30 73
19 41
23 76
21 56
10 19
21 8
11 54
28 100
24 24
23 13
17 100
18 71
5 26
30 44
20 24
11 38
6 72
1 78
13 20
27 30
25 60
1 72
27 54
17 32
13 59
23 71
17 19
4 51
7 48
27 67
4 5
20 79
29 6
11 20
15 41
29 12
12 61
21 34
2 24
13 58
12 61
15 33
4 25
20 100
25 3
29 15
12 37
30 65
14 41
27 83
18 72
28 37
25 90
19 90
9 14
19 46
27 17
19 14
20 71
5 53
24 20
11 12
27 57
19 81
22 86
18 11
18 33
16 25
20 86
28 40
3 86
19 70
1 44
22 33
24 40
24 37
0 68
11 64
16 63
3 24
23 91
11 42
18 96
23 16
1 80
11 3
1 49
11 92
10 42
25 74
8 86
27 28
2 77
20 90
7 6
11 32
27 63
10 26
0 28
18 81
18 83
21 8
11 8
19 30
15 33
17 59
18 86
10 54
29 92
30 80
1 51
21 66
29 34
13 32
7 18
2 53
11 91
14 39
29 32
12 94
29 61
2 65
28 35
16 68
0 30
5 1
0 81
5 63
21 2
11 10
30 74
4 61
12 28
5 13
20 16
5 77
16 65
29 54
2 19
11 30
9 77
5 33
15 45
30 88
15 51
17 54
2 77
28 27
30 93
28 62
11 40
30 44
19 49
3 97
30 76
26 11
21 43
5 68
29 68
18 45
24 44
11 50
10 76
3 12
5 33
8 57
15 48
23 91
15 48
9 15
0 80
5 64
7 47
26 6
5 67
1 54
0 46
12 66
30 1
11 27
18 23
0 5
2 37
6 87
10 63
26 56
9 64
14 46
7 8
4 93
18 77
28 28
29 43
11 51
17 85
23 93
27 67
12 54
27 61
8 51
4 35
21 74
3 34
5 25
18 89
5 8
0 87
28 90
3 86
26 20
10 44
26 4
18 13
25 70
26 13
7 72
25 5
21 97
15 95
28 2
18 15
11 15
27 83
2 87
21 85
5 69
8 37
2 4
1 53
23 66
15 24
21 99
22 12
15 15
16 22
3 80
8 59
24 44
9 48
17 54
7 75
27 29
12 100
13 96
16 93
5 7
23 82
15 21
0 18
24 59
20 40
1 63
8 91
10 71
17 70
15 34
2 86
30 47
29 58
21 2
22 6
13 48
16 50
5 50
2 69
18 69
6 51
10 76
30 93
8 66
18 41
10 80
4 60
9 27
21 42
12 49
7 43
1 99
19 84
27 43
28 29
1 80
25 37
15 37
16 62
5 99
10 13
16 57
16 30
6 55
5 13
28 31
17 46
11 11
3 41
25 83
5 6
6 40
9 30
1 27
16 68
12 91
24 25
8 70
28 70
10 25
25 75
23 14
6 27
15 74
21 49
17 62
3 18
2 21
18 49
28 4
20 56
6 94
30 99
28 85
10 93
21 79
1 62
19 30
3 99
15 26
15 100
15 27
11 27
3 5
24 97
6 72
21 29
15 51
5 3
6 52
1 52
8 83
11 18
8 41
14 70
4 32
17 33
7 90
19 80
7 95
2 89
6 64
11 46
11 87
28 13
14 72
26 2
13 12
2 89
13 60
25 79
28 83
4 57
19 97
12 64
15 100
7 50
2 6
9 46
0 72
25 72
22 12
17 3
28 15
11 39
21 20
22 73
6 88
2 97
14 16
12 27
9 63
19 17
23 28
21 14
10 87
0 100
20 33
7 52
28 87
25 93
22 73
9 66
2 83
1 38
29 96
15 76
17 28
10 75
6 70
17 1
1 43
29 3
22 64
25 50
10 32
0 5
17 51
7 47
19 98
17 88
8 100
11 2
1 11
29 65
0 90
27 100
29 13
17 22
12 19
3 57
29 60
11 7
14 89
1 63
15 94
6 24
23 50
11 76
30 79
12 73
26 9
23 28
2 46
0 31
13 50
30 4
11 66
1 82
22 61
28 44
10 39
6 13
25 74
4 31
28 60
14 71
11 2
3 48
27 85
16 67
4 46
6 91
29 15
11 48
2 71
5 86
16 37
9 39
18 7
8 80
28 59
6 28
0 90
0 11
1 1
12 72
8 71
12 21
7 78
30 1
13 3
23 35
12 52
8 31
1 41
6 28
17 39
11 65
15 40
22 20
12 93
8 50
13 22
1 51
5 8
24 54
7 82
22 41
16 94
14 2
30 81
2 64
9 59
25 9
27 56
1 22
13 78
4 90
23 77
13 6
6 53
7 69
5 31
30 1
3 50
5 96
2 40
16 41
10 85
25 39
2 77
9 1
11 7
23 83
4 96
11 36
27 60
20 87
2 6
23 35
16 85
28 6
28 9
0 56
17 40
30 50
10 16
22 95
1 51
14 63
18 76
17 41
6 52
17 92
8 73
2 33
7 77
7 96
18 75
8 77
9 48
11 84
14 89
28 79
19 6
3 81
20 24
20 32
17 32
30 90
12 65
2 48
7 86
1 57
10 87
30 11
29 55
26 47
4 85
4 4
22 94
9 38
29 13
22 74
16 37
28 62
6 16
9 37
3 1
16 64
1 39
23 49
7 25
20 36
4 90
21 93
6 69
6 14
20 7
5 85
2 91
17 44
11 96
18 82
28 50
25 2
23 53
19 15
5 63
18 87
28 77
4 6
17 25
17 23
13 39
27 58
9 4
23 97
18 22
12 22
30 47
20 86
13 66
29 13
2 22
12 54
5 58
11 68
25 78
6 44
11 26
3 37
22 52
23 44
7 67
10 15
9 27
12 37
28 85
14 92
2 85
4 10
29 11
1 53
6 17
10 47
17 97
25 12
18 33
25 29
4 93
4 54
21 42
27 89
20 85
8 76
15 12
12 54
5 16
8 20
22 67
28 31
29 52
5 71
30 1
22 64
11 65
30 23
20 71
11 64
22 41
10 86
7 88
18 43
14 3
17 63
23 86
26 50
15 18
10 13
15 45
6 100
29 49
16 78
12 88
23 84
10 18
8 62
30 49
20 29
23 36
21 93
26 88
0 21
27 39
15 50
27 36
1 66
30 13
15 88
14 6
19 54
21 90
14 40
4 66
10 33
21 34
13 72
4 90
23 95
20 33
28 67
18 41
30 1
30 27
5 25
0 45
24 12
16 99
15 24
18 68
12 71
28 35
12 86
0 74
15 69
1 12
5 14
12 71
0 84
26 16
21 74
29 70
18 74
17 60
6 41
14 92
11 74
22 63
11 15
18 26
16 43
20 35
7 96
24 27
15 10
19 19
10 83
26 97
2 42
11 16
14 30
10 60
5 47
14 90
6 83
2 41
9 33
0 8
16 45
23 81
13 88
9 18
29 79
21 80
23 77
1 39
0 67
21 33
19 18
21 28
9 90
11 37
2 98
26 74
21 33
5 56
6 8
21 96
7 46
16 66
30 57
13 90
17 43
24 48
10 84
12 48
9 8
25 64
22 71
20 53
17 80
13 43
5 50
13 92
18 61
29 96
11 44
26 9
22 38
9 81
10 59
28 1
10 42
0 15
12 66
3 30
17 98
16 99
12 87
14 5
24 32
30 60
18 97
1 11
28 79
16 21
4 89
0 79
7 21
5 86
15 1
12 24
26 34
20 74
28 11
27 47
16 85
6 29
20 47
29 78
14 53
19 3
7 50
28 76
18 15
26 86
1 74
20 47
18 38
30 33
5 73
18 35
12 41
4 84
18 24
11 80
23 47
13 28
25 68
11 89
22 80
25 42
6 4
28 91
5 73
29 32
27 93
30 61
3 74
22 76
25 92
14 16
27 86
30 12
5 58
17 13
5 36
19 76
16 55
30 58
13 85
15 89
8 77
9 47
11 2
11 93
20 49
23 100
6 66
30 87
21 49
19 70
12 92
1 82
10 62
25 30
29 63
25 31
4 96
24 94
15 46
13 25
21 29
14 32
5 54
9 48
1 64
30 80
16 18
16 46
10 92
12 94
19 20
12 91
6 47
22 79
14 44
12 32
10 73
7 85
10 20
6 95
19 13
14 44
20 55
30 35
4 50
18 89
21 20
23 54
18 37
5 62
4 45
7 5
15 17
18 43
11 6
23 86
29 77
27 81
3 7
1 43
16 40
12 82
17 14
27 64
23 23
14 74
21 4
15 46
28 67
11 43
27 4
25 49
3 28
13 34
30 91
5 35
17 48
21 20
24 56
28 59
14 29
28 67
25 59
8 92
24 27
29 92
6 70
8 80
26 89
1 92
25 55
19 11
2 47
28 2
28 36
0 59
20 30
8 61
29 47
4 63
26 62
17 49
17 34
15 65
17 78
17 95
9 70
26 9
13 51
25 59
25 49
6 69
23 5
27 7
12 37
12 78
22 63
28 5
25 6
26 45
30 53
3 74
16 56
27 10
3 67
26 11
26 41
12 69
6 98
19 4
29 52
10 60
10 78
7 7
7 95
22 34
0 93
30 81
1 40
17 27
20 67
28 12
13 26
14 69
21 33
1 2
27 54
2 39
2 74
4 52
15 84
18 38
25 27
11 76
30 52
7 92
22 52
17 76
10 44
19 36
11 57
12 2
30 82
6 44
6 53
2 68
7 69
20 60
17 12
1 61
18 59
4 86
14 20
15 61
4 79
23 47
4 89
9 93
3 66
29 27
16 96
4 4
19 85
29 53
10 55
7 80
17 32
24 38
15 9
30 27
25 99
28 16
25 54
4 34
1 34
8 74
18 91
11 26
9 37
15 30
1 84
5 44
25 24
1 44
7 68
15 32
2 50
11 81
5 30
13 26
23 46
4 49
12 32
20 68
15 68
10 45
24 83
2 13
21 33
9 29
11 67
14 10
30 21
11 97
13 24
6 58
22 80
29 21
4 80
0 8
17 7
25 4
1 78
10 40
23 55
4 73
20 75
7 93
3 73
27 53
25 51
26 45
27 87
10 16
15 58
8 43
12 29
17 45
15 10
24 22
24 36
4 18
25 33
5 81
10 60
7 19
18 5
16 77
24 80
22 50
27 98
30 67
20 18
1 59
1 69
3 40
9 80
21 36
16 20
15 48
1 35
23 47
2 31
9 50
26 90
6 94
11 81
21 3
9 7
6 65
5 63
13 71
5 37
3 19
22 40
22 74
6 91
27 92
17 94
11 41
12 86
17 54
1 93
1 36
12 15
29 28
18 77
3 56
17 66
11 66
27 55
13 22
28 74
3 47
28 77
14 43
28 49
12 27
0 40
16 32
11 18
13 67
30 65
14 36
15 59
13 97
23 21
10 78
24 94
16 2
1 96
5 78
0 65
3 76
15 66
14 44
6 30
2 49
14 93
4 88
22 64
19 50
29 77
29 24
8 80
8 5
21 85
23 61
21 75
8 15
5 18
21 8
17 68
16 10
16 43
7 6
15 17
23 94
15 28
18 18
16 98
13 1
5 13
18 73
25 98
15 62
22 24
12 28
15 79
22 45
17 59
2 65
3 78
13 85
2 64
23 39
19 13
19 10
23 80
5 13
29 34
9 1
4 18
10 68
19 88
27 9
17 61
17 34
8 12
18 92
9 38
12 68
27 3
3 14
30 64
2 45
25 31
8 39
9 67
28 49
9 83
28 43
11 34
1 85
17 15
12 3
15 77
22 75
19 60
12 13
4 15
30 46
20 32
8 4
23 72
13 90
16 68
0 65
11 34
23 39
13 33
0 40
21 20
20 48
7 23
10 70
4 55
22 20
18 42
21 54
4 3
19 92
28 27
19 33
22 14
6 5
15 69
12 1
28 56
14 44
12 43
24 79
8 90
0 17
16 85
1 100
22 56
22 4
6 69
29 66
19 57
30 64
23 25
29 70
24 67
18 50
5 7
26 37
6 39
21 35
11 12
21 100
0 9
23 75
19 53
22 5
30 47
24 74
13 98
2 91
16 65
26 98
30 98
2 10
23 36
10 31
14 10
20 9
12 75
26 57
28 10
14 5
22 79
18 39
22 67
16 67
26 3
14 72
14 3
8 5
29 73
8 79
26 9
0 5
12 9
10 43
5 77
20 85
6 43
12 52
20 29
25 40
24 44
11 8
13 50
8 91
0 42
3 45
12 23
4 63
28 80
13 91
17 24
15 73
21 61
16 30
0 30
26 39
20 30
15 46
28 70
0 1
30 8
12 31
2 28
28 68
0 75
5 27
14 34
1 26
4 46
26 86
7 97
20 48
0 84
29 24
1 28
29 21
30 90
5 24
10 4
19 37
2 59
25 53
21 29
22 55
14 97
29 42
28 34
29 34
11 91
4 69
2 9
10 83
21 63
12 26
11 88
11 67
7 59
26 68
5 82
20 82
8 79
8 22
22 4
20 80
11 92
23 7
7 10
16 60
4 49
11 63
17 53
2 47
26 90
21 58
14 98
19 40
6 42
29 48
20 78
10 52
30 71
1 45
14 80
14 65
11 79
27 78
16 47
25 15
8 68
11 65
17 6
9 90
28 97
24 72
26 34
3 67
19 81
27 11
25 53
8 4
14 84
16 97
26 42
23 50
5 18
27 73
11 85
28 44
2 68
3 42
26 76
27 33
13 91
5 15
16 78
21 95
22 69
21 64
22 42
3 60
29 52
29 75
13 21
15 43
11 17
30 92
19 76
6 17
29 35
3 42
13 62
30 36
7 64
29 38
12 82
9 13
27 54
29 99
7 50
1 94
18 77
12 58
4 85
8 91
12 20
29 74
22 79
6 79
19 81
24 86
7 21
12 12
1 35
8 86
17 10
12 60
23 82
30 81
6 52
10 16
1 77
24 76
3 83
12 100
25 41
2 1
9 86
15 28
26 12
3 85
14 37
3 41
4 48
23 99
12 59
12 79
21 63
14 99
18 65
8 4
1 15
27 55
4 59
7 26
20 59
23 93
2 79
8 60
20 76
26 44
17 65
23 13
9 33
12 58
0 37
27 51
21 63
12 66
1 73
2 37
17 87
24 23
13 98
23 47
6 52
2 84
27 70
8 39
7 66
0 38
8 72
21 83
4 92
22 53
9 68
15 85
3 78
29 52
18 74
4 26
24 3
22 26
8 41
15 72
5 71
15 43
18 3
9 35
17 83
3 72
12 41
25 60
19 75
29 70
19 19
9 37
13 86
30 16
2 94
18 85
23 48
11 98
20 38
16 7
14 17
11 92
10 69
19 10
4 17
1 81
20 38
4 16
30 57
14 90
30 34
24 81
5 85
14 44
5 15
23 48
30 91
23 66
3 96
8 28
11 72
18 4
6 63
19 80
16 46
30 33
9 57
25 63
27 43
8 93
8 87
19 85
29 86
17 69
21 54
6 85
13 37
28 68
17 93
29 44
18 70
29 16
29 44
6 39
18 68
21 96
1 54
18 35
5 90
20 46
12 38
9 39
27 35
13 12
14 19
5 63
25 53
27 59
0 69
20 24
0 34
9 66
9 34
24 96
24 96
8 83
4 32
26 82
12 72
26 27
23 94
3 38
4 37
3 77
6 83
25 4
10 74
28 96
13 22
16 14
7 78
3 9
17 4
7 86
29 93
23 23
6 70
19 86
29 8
11 6
20 19
12 43
8 5
13 28
22 60
22 17
12 61
2 73
10 58
19 50
11 11
9 27
14 58
12 55
29 39
12 41
23 15
21 38
19 33
16 52
30 48
27 42
13 82
26 11
5 49
28 41
10 69
1 18
12 47
17 43
15 7
19 92
24 91
2 75
0 91
26 9
28 11
14 12
18 99
21 16
10 52
6 37
3 95
8 97
28 100
8 87
7 89
3 75
28 38
21 20
2 70
15 9
13 38
11 100
13 5
19 34
2 49
19 24
6 89
23 51
24 75
4 39
21 80
19 39
15 81
29 18
23 92
5 82
19 32
9 32
11 92
13 27
28 72
29 94
8 28
26 77
11 47
9 83
20 90
4 40
25 95
8 74
17 82
5 10
16 66
26 18
7 33
0 1
4 19
17 12
18 97
15 34
1 100
3 52
26 29
29 25
2 8
20 38
1 59
6 26
23 66
15 21
15 21
12 52
27 73
20 100
30 92
23 69
22 61
30 81
15 60
5 68
23 23
12 22
24 12
8 96
24 83
1 19
12 84
11 30
0 96
21 73
29 8
21 62
12 69
18 42
19 79
9 61
1 30
4 50
26 81
22 10
9 7
1 78
23 84
14 91
12 40
20 88
14 88
9 11
23 63
16 99
11 99
23 59
8 77
20 36
5 55
27 86
15 52
11 57
6 42
1 75
6 30
26 24
22 66
11 68
9 27
19 13
3 23
29 47
28 30
17 27
3 19
9 37
14 31
18 7
0 56
14 74
6 52
24 53
27 32
0 40
22 37
10 80
26 82
2 61
8 14
29 70
19 11
10 15
15 59
26 29
12 57
14 2
18 15
25 86
7 59
9 51
10 80
2 52
26 94
1 13
13 20
25 77
30 100
7 86
14 25
23 33
15 100
13 56
17 68
1 63
29 45
8 21
0 65
5 81
0 43
22 31
6 6
27 13
5 8
18 1
16 77
3 48
16 94
9 6
29 51
18 49
7 51
16 93
10 36
22 59
12 65
29 2
28 36
5 53
14 30
11 94
18 6
29 76
4 95
1 93
4 65
20 40
9 80
2 87
0 91
28 54
14 13
2 53
11 18
30 87
8 1
22 5
22 4
15 93
24 4
4 42
20 99
20 18
7 20
20 37
20 73
4 76
6 74
30 27
16 33
9 18
17 99
11 13
1 89
1 72
24 72
9 25
3 85
9 68
15 60
7 15
23 45
26 13
6 89
4 22
5 31
21 51
2 90
12 30
3 64
6 17
16 66
8 41
15 54
2 9
28 31
11 99
29 13
26 92
11 8
22 3
30 72
13 12
21 79
29 31
30 56
11 65
19 6
3 22
20 17
14 85
23 89
30 66
17 9
18 67
4 7
18 31
26 96
5 44
10 8
24 52
4 78
15 61
11 33
17 2
15 61
12 53
0 19
20 43
11 3
24 83
9 19
16 69
23 44
27 52
26 40
19 35
9 32
6 53
25 27
22 59
25 15
10 62
0 67
24 98
19 45
6 3
24 42
0 85
25 66
28 85
15 26
21 53
9 81
29 65
15 22
1 77
29 43
11 12
21 96
17 95
10 55
3 43
0 48
15 94
9 19
16 43
22 54
2 77
20 10
29 28
7 22
24 24
24 55
12 96
17 96
0 8
3 70
29 33
11 86
1 28
15 91
7 6
24 59
0 45
7 28
21 13
3 39
5 23
9 39
10 6
4 97
18 21
26 59
20 51
1 89
19 8
30 17
4 91
30 43
27 56
2 76
11 4
2 58
1 11
28 25
7 24
24 90
16 76
13 22
21 21
1 60
14 38
15 28
28 51
12 98
18 60
3 52
0 69
22 10
0 20
4 46
30 36
17 44
14 37
4 8
0 68
2 61
23 59
30 12
7 38
21 77
17 40
26 16
2 12
6 92
12 32
17 61
22 42
6 68
26 46
20 17
18 86
27 9
21 11
0 10
20 36
18 16
17 65
3 39
12 80
3 55
30 13
9 30
18 4
24 6
28 23
26 27
21 75
12 28
13 1
8 47
18 61
30 31
11 51
17 15
8 39
28 5
24 36
21 25
27 65
26 52
12 73
11 61
29 31
20 100
18 99
3 78
8 72
29 22
20 43
27 56
26 71
20 56
14 58
25 38
10 65
20 42
0 77
26 93
28 85
22 32
18 5
13 2
11 2
27 20
24 87
23 91
26 97
21 39
27 49
7 45
4 3
29 52
15 62
26 78
10 24
27 49
21 11
28 73
19 69
3 18
2 96
9 46
28 54
11 100
17 93
19 15
16 60
1 65
15 91
18 57
18 44
11 12
21 41
15 27
28 94
3 46
30 63
8 41
0 95
22 33
2 48
22 65
25 40
6 29
20 58
5 36
22 54
10 16
2 3
30 87
16 67
9 46
27 62
15 57
23 79
28 61
2 44
18 42
16 18
11 46
23 44
21 22
26 63
21 44
10 16
1 41
13 60
30 6
1 31
17 1
20 56
26 66
16 31
27 60
0 85
3 45
0 95
12 29
3 99
2 29
15 30
5 44
5 77
26 71
11 93
20 38
19 25
5 50
7 86
22 62
12 57
4 66
13 45
7 75
6 55
14 24
8 4
26 52
11 39
8 84
0 28
23 23
24 68
21 42
30 59
23 87
22 15
21 46
22 17
16 59
21 75
15 84
1 77
22 92
15 52
15 4
12 33
15 28
19 63
14 80
17 92
2 63
17 62
13 49
16 33
13 51
12 24
26 48
11 88
13 15
30 100
6 65
16 53
13 35
3 91
30 75
26 14
0 14
29 94
30 78
30 26
5 60
13 15
14 37
24 50
14 80
30 72
12 25
18 70
15 73
3 69
24 33
5 77
17 26
9 18
1 8
6 35
26 64
13 99
20 97
27 97
23 1
11 58
21 24
8 45
0 36
11 76
0 95
23 18
1 89
29 3
21 88
14 55
10 3
18 70
26 68
13 48
4 31
21 73
26 48
1 68
21 60
20 31
0 6
29 12
0 93
11 57
12 71
22 2
13 71
25 13
0 11
15 81
1 92
23 6
9 94
12 100
26 91
29 94
9 89
28 86
16 44
13 30
18 42
29 51
28 61
23 70
30 38
7 63
15 78
30 75
25 55
23 39
23 33
21 25
9 52
5 39
15 14
9 49
27 40
11 3
23 98
12 4
29 28
21 29
16 61
2 56
6 11
8 82
4 1
16 15
30 66
14 4
22 17
17 40
10 76
13 21
11 89
4 98
24 62
3 94
17 10
7 9
29 68
26 61
26 52
17 1
24 25
10 75
17 31
24 3
1 75
22 60
21 17
22 18
28 81
16 30
3 11
25 82
29 78
6 39
23 80
5 21
14 34
3 39
13 15
13 50
3 78
4 61
17 29
12 92
27 99
28 37
16 45
19 96
9 38
23 43
30 85
10 96
1 4
27 94
3 73
11 81
19 77
25 100
23 16
29 91
9 94
8 28
10 27
0 67
2 18
14 64
5 80
4 56
23 48
23 56
24 94
23 96
20 37
21 14
17 85
27 68
25 18
4 76
17 57
21 38
4 69
7 93
1 53
28 55
2 77
11 35
10 47
11 65
27 93
14 62
7 44
9 57
9 47
26 16
14 70
12 61
18 35
11 24
1 74
25 82
4 29
17 13
1 13
23 39
12 41
28 18
21 68
9 5
9 70
10 39
8 99
28 76
4 22
5 18
2 6
13 3
0 60
23 54
18 54
8 97
23 41
16 69
16 24
13 43
30 25
17 69
24 28
21 21
2 13
29 51
25 72
12 84
20 92
21 18
13 94
6 86
3 75
8 48
4 24
6 59
5 69
15 7
6 43
27 53
10 59
9 71
27 82
10 52
2 14
30 89
25 23
20 99
22 79
24 40
2 92
20 4
16 25
10 30
10 23
7 35
13 56
26 79
29 19
11 12
21 17
22 2
29 24
26 18
0 6
29 88
12 69
10 97
12 56
0 85
23 44
6 37
21 29
1 38
13 12
16 40
30 63
26 7
13 54
18 50
9 79
15 56
30 3
6 10
23 63
9 8
1 31
18 63
23 62
3 39
20 65
27 77
29 35
30 13
26 91
1 1
15 71
27 67
13 97
14 22
10 88
17 57
6 59
8 24
18 2
11 16
7 77
0 57
29 38
12 30
2 37
25 41
19 31
5 59
10 53
7 39
28 45
1 79
25 68
13 90
8 20
24 34
1 34
14 71
0 48
8 48
6 38
14 10
12 12
16 92
5 32
12 67
10 93
1 47
7 14
8 18
5 78
22 19
2 17
16 100
20 19
1 56
20 70
24 87
19 29
20 32
9 100
16 90
24 73
15 52
3 91
13 55
25 30
20 10
29 26
2 40
2 71
1 87
2 38
22 49
13 77
4 97
30 92
12 17
14 100
16 85
13 73
25 54
12 74
24 44
8 48
20 68
27 22
19 4
12 65
19 77
7 89
4 12
24 67
18 4
1 97
7 80
28 80
20 22
25 81
1 47
0 54
9 1
23 98
24 19
12 29
10 28
30 25
3 38
14 25
4 57
7 42
27 49
3 19
12 8
23 96
22 93
29 51
1 71
27 5
9 62
4 35
25 22
3 43
30 41
22 94
13 6
0 83
24 60
18 41
21 92
24 54
2 44
23 40
29 25
24 96
1 95
23 77
23 93
2 28
22 93
28 43
6 57
10 33
11 3
11 87
20 83
9 77
26 22
21 37
0 4
13 86
2 81
2 56
0 63
23 47
16 66
30 5
19 96
10 19
28 22
28 74
4 35
7 24
10 56
0 59
21 81
