100
7 72
27 42
18 83
8 56
30 22
17 37
13 28
11 91
0 83
20 44
28 56
20 79
15 11
12 92
6 33
8 98
15 37
3 80
7 44
3 73
16 35
11 57
12 15
6 86
25 3
10 55
26 55
0 76
5 49
25 82
0 43
7 70
13 49
23 45
26 86
24 65
23 93
5 30
21 18
26 27
12 88
15 98
17 11
18 38
10 14
8 2
24 42
4 96
25 99
13 18
24 70
1 85
11 56
25 66
20 93
15 63
5 82
18 90
1 48
11 67
26 71
15 71
11 85
14 87
22 62
5 64
22 67
23 39
8 43
5 84
17 47
1 38
15 9
19 22
6 78
2 36
24 88
20 71
15 32
9 13
15 49
21 35
25 59
16 90
10 77
1 81
6 17
1 38
5 15
22 51
12 2
5 45
1 51
17 56
27 58
30 99
14 61
7 64
11 100
15 10
18 14
16 54
27 14
21 58
13 79
3 61
11 82
12 52
15 70
28 85
20 8
1 37
15 67
9 36
13 71
19 100
14 49
23 26
8 84
25 14
1 83
26 99
25 83
22 42
16 19
22 87
20 80
13 85
23 79
19 93
25 100
27 78
15 92
24 15
16 1
3 36
21 71
6 83
2 84
9 60
23 78
6 52
10 83
18 3
22 11
30 42
28 34
25 64
14 53
17 68
9 60
25 33
11 37
1 33
26 39
27 92
20 24
23 70
6 93
28 4
18 86
24 57
5 24
3 92
24 82
17 11
11 41
14 47
10 38
14 29
21 69
25 72
4 21
29 82
11 46
11 13
14 71
25 39
16 31
18 85
19 22
2 31
14 84
18 30
14 6
2 83
27 19
11 11
1 42
23 67
20 28
19 73
26 11
0 38
27 60
26 26
26 46
20 94
18 64
9 82
5 12
24 75
30 16
28 50
0 82
24 58
24 75
18 86
6 92
30 26
11 60
26 94
5 26
3 78
20 89
8 63
25 97
1 57
21 89
2 68
7 70
20 80
5 100
5 62
17 89
28 31
14 37
5 53
9 15
15 95
17 47
8 10
19 38
10 12
8 26
18 62
9 35
9 51
16 22
7 38
19 88
22 48
29 66
9 20
9 7
15 2
27 58
10 94
14 6
29 52
26 14
11 56
4 42
28 64
26 8
17 63
17 64
8 100
23 65
0 6
12 96
1 22
23 54
30 57
8 32
25 14
3 80
29 74
16 92
19 84
20 84
26 71
18 34
25 13
26 87
2 38
3 73
19 31
4 63
11 87
26 92
26 95
10 21
17 44
9 19
17 20
0 19
28 25
1 51
10 50
26 29
0 82
6 56
17 96
21 2
24 27
22 69
6 60
12 25
25 13
22 25
17 46
0 10
1 80
26 100
0 58
22 72
16 72
4 51
29 41
11 91
0 78
24 20
29 90
29 20
24 99
17 29
7 50
13 42
15 74
0 41
18 91
14 19
22 74
27 28
1 50
27 95
1 23
20 92
4 8
2 33
27 91
4 37
1 11
22 38
23 60
26 7
4 47
9 59
26 32
2 90
5 43
30 97
15 5
14 24
29 64
1 84
15 69
28 22
20 69
11 30
14 8
12 56
30 95
22 100
25 36
9 81
1 85
29 85
16 4
24 20
14 13
27 70
12 34
25 88
1 40
29 57
16 91
13 88
29 78
29 95
18 25
24 29
25 90
10 2
17 53
29 76
16 86
30 67
2 79
5 85
24 96
27 79
8 33
0 80
17 7
1 91
29 73
5 57
16 51
25 96
26 8
0 35
30 71
10 10
24 70
5 34
22 40
1 11
17 78
12 5
12 72
11 100
11 98
19 51
9 3
25 89
23 92
23 76
26 22
24 44
18 84
24 91
16 99
21 24
25 87
0 4
29 52
2 88
21 21
16 80
15 72
20 30
3 70
19 6
0 93
20 28
9 3
24 15
1 97
2 83
17 34
28 63
27 12
30 79
10 14
29 91
0 71
29 72
25 31
16 18
5 47
3 66
3 53
1 2
22 71
25 61
18 34
23 36
8 87
3 19
6 78
16 69
11 83
16 51
13 69
19 40
29 31
21 65
29 43
17 65
3 80
6 6
7 92
28 66
9 15
5 73
10 9
21 87
30 26
8 94
12 52
7 62
12 34
27 74
3 17
2 33
22 13
14 74
17 54
9 71
24 23
21 41
22 70
1 88
5 75
8 5
16 22
6 17
20 82
6 21
7 80
17 38
19 32
25 10
30 86
29 68
10 96
6 74
18 49
16 37
11 5
3 33
21 65
25 23
22 15
27 33
7 31
23 45
0 42
14 7
14 19
17 19
4 74
17 44
29 58
27 96
7 62
8 24
3 89
18 41
22 64
5 92
10 59
16 29
15 41
6 47
30 63
16 34
25 47
20 26
14 11
15 58
8 63
20 85
15 19
1 38
13 95
17 43
15 71
6 4
30 63
23 61
2 85
22 27
12 23
25 41
28 16
25 60
13 32
16 21
24 92
11 98
15 55
5 66
1 3
7 53
5 88
2 95
27 72
6 88
8 97
15 15
12 39
12 7
25 43
27 23
11 59
9 100
3 33
6 28
6 61
13 80
19 59
3 50
24 59
6 21
22 52
24 21
4 61
24 46
7 85
13 9
21 55
2 95
25 31
30 73
16 45
30 6
4 88
20 4
20 73
26 80
16 43
19 60
8 49
14 24
25 97
30 52
18 51
19 82
22 95
22 94
26 18
1 85
15 68
10 1
24 1
21 15
23 77
14 50
16 12
27 91
7 95
9 21
25 99
2 35
24 22
22 55
11 85
9 57
16 66
30 42
1 43
11 91
15 61
13 69
19 26
21 37
4 17
27 59
15 84
26 69
16 67
25 34
16 49
13 19
28 86
15 43
3 78
4 87
17 39
5 92
1 87
8 85
21 20
16 95
0 57
9 9
1 73
0 87
19 31
19 31
1 63
3 4
19 79
12 80
0 76
19 80
10 82
30 70
27 59
6 45
26 26
12 15
3 5
11 2
29 56
14 99
6 4
2 78
20 97
9 43
17 66
10 51
21 19
5 44
17 82
4 4
11 98
15 58
13 52
19 20
25 5
21 46
21 77
10 76
2 87
20 96
13 89
29 83
10 91
9 76
18 13
8 19
10 38
20 8
19 64
22 35
26 39
12 90
5 68
8 67
5 31
20 57
13 29
3 76
19 43
13 51
22 22
18 1
12 73
5 95
30 81
29 55
5 58
20 34
10 33
12 78
3 64
20 94
28 68
15 51
10 63
4 64
4 37
15 73
12 100
17 97
5 17
17 17
22 16
8 35
8 23
15 56
26 52
11 100
1 84
10 82
17 25
9 72
1 84
28 10
21 64
18 24
3 49
10 76
10 55
7 30
19 45
9 87
11 25
25 43
18 45
17 64
13 100
19 54
0 74
20 38
12 81
17 6
23 47
10 2
19 30
8 95
16 64
29 79
17 73
4 89
18 21
8 11
13 96
25 26
24 16
2 3
23 56
28 81
22 81
12 44
15 44
20 13
27 94
13 92
15 63
17 94
8 64
9 38
27 36
14 85
12 5
25 43
24 12
11 22
7 44
17 78
20 77
2 32
1 73
26 94
26 23
5 70
27 6
13 57
20 91
1 100
29 36
30 95
24 53
9 20
29 9
20 84
15 3
11 62
8 3
9 32
1 60
25 44
1 35
13 69
3 55
5 40
20 75
25 65
2 38
27 20
4 75
12 13
4 92
21 80
0 86
22 48
14 74
26 42
1 58
19 71
15 4
6 73
21 8
10 75
25 59
21 48
0 60
19 38
28 11
30 37
18 74
13 29
10 62
18 68
7 100
18 3
9 60
26 74
4 95
2 55
28 80
15 88
21 15
10 28
0 45
5 20
27 45
11 51
18 39
6 38
21 18
7 81
9 13
10 38
19 29
14 8
5 91
6 70
14 4
4 71
21 71
7 36
8 67
20 71
12 65
1 10
13 37
24 76
15 61
13 49
1 58
14 38
16 7
0 46
30 62
0 48
28 54
1 88
12 18
5 95
17 19
9 10
19 33
6 84
27 4
12 49
22 66
3 96
15 79
12 33
13 65
8 65
0 72
25 80
14 18
26 7
14 90
27 83
17 77
13 1
4 80
16 97
27 83
18 27
24 95
19 66
2 98
16 19
30 12
28 5
6 17
19 56
1 93
12 13
1 44
22 1
11 98
29 72
12 95
5 10
25 39
19 41
23 48
2 22
16 36
28 99
19 84
18 100
24 83
12 40
0 88
25 81
4 100
29 67
22 26
0 99
15 91
5 82
0 4
30 14
16 33
19 73
8 95
11 96
27 30
12 63
3 82
22 63
3 32
22 20
12 58
5 73
24 18
21 31
1 19
0 6
16 26
23 4
2 62
12 22
22 99
19 17
6 88
21 78
5 5
15 46
10 4
28 62
29 95
19 65
22 16
16 93
21 15
7 3
27 87
0 14
6 37
17 45
30 65
21 3
25 95
14 4
30 46
21 15
22 24
20 53
5 30
15 50
24 8
1 48
3 13
20 48
14 97
21 17
24 65
21 71
10 50
13 19
19 10
15 9
4 96
13 22
15 63
21 31
22 10
23 15
28 93
19 81
1 12
2 13
14 94
9 4
0 11
16 68
30 51
10 45
6 91
10 10
23 57
11 16
2 82
23 45
14 95
11 87
18 30
7 53
3 97
14 59
19 62
14 82
16 47
18 28
21 60
16 78
16 1
16 83
29 3
14 20
5 80
29 61
3 31
24 86
2 22
5 98
20 33
3 15
21 80
9 58
12 72
10 62
11 48
18 30
18 36
9 41
16 62
23 100
7 15
25 50
13 54
26 42
16 54
15 51
30 79
15 9
19 72
9 75
30 22
11 59
4 38
16 1
9 48
15 40
14 50
15 60
29 71
6 32
10 97
17 48
11 41
7 12
20 25
8 56
4 47
25 33
19 87
17 82
24 9
27 65
30 89
10 52
12 31
19 64
0 40
17 39
30 81
17 19
10 46
28 95
10 63
21 77
13 93
21 16
23 69
28 39
18 46
29 36
14 70
19 20
2 43
9 98
14 9
20 83
29 13
27 71
26 43
30 1
0 6
11 87
11 85
28 56
17 85
1 7
8 63
15 30
19 90
13 48
22 35
1 40
25 98
7 43
19 12
8 99
17 100
29 45
26 89
24 67
4 18
8 27
5 44
13 86
10 13
8 29
27 25
2 57
5 20
4 47
10 78
25 49
9 98
5 42
23 47
18 30
2 47
26 37
16 44
24 90
24 4
5 28
22 90
30 35
13 97
12 55
21 66
6 35
12 60
27 70
20 95
18 83
18 42
4 90
1 48
23 88
26 28
9 82
6 75
18 11
17 77
25 55
1 58
2 25
4 12
1 25
0 65
27 95
14 29
26 88
29 46
1 95
20 49
0 96
1 81
30 14
26 33
10 5
18 38
20 1
25 15
22 59
16 27
1 14
14 32
21 3
25 43
3 98
19 18
12 36
18 54
18 40
24 92
20 79
25 75
14 36
10 3
25 33
8 5
2 88
24 64
17 49
7 33
5 11
9 96
1 71
9 66
22 97
23 19
18 14
15 62
6 35
28 88
14 11
23 9
22 63
18 91
9 60
11 5
9 45
23 68
5 22
20 82
2 82
30 10
28 14
3 7
9 55
1 1
8 18
11 38
8 53
28 42
19 63
26 42
15 31
26 5
30 44
17 15
3 47
19 81
27 23
0 40
9 49
22 62
24 84
29 44
8 68
12 64
8 9
3 16
20 6
16 9
23 54
13 5
12 66
12 72
27 44
10 9
3 94
30 85
7 80
14 42
22 60
26 74
3 93
12 25
23 86
4 25
7 17
22 42
6 87
7 58
29 98
2 96
15 98
29 28
20 75
29 60
20 62
22 31
16 83
25 7
5 65
23 41
10 18
26 69
9 93
21 52
10 39
17 92
7 58
4 87
11 94
28 100
25 42
22 48
14 50
1 48
3 3
13 57
27 55
30 89
11 63
27 25
4 65
27 54
21 98
0 77
0 44
4 18
20 48
1 71
6 29
27 60
14 85
19 58
6 66
21 72
15 11
8 38
0 99
27 45
13 65
20 60
26 49
30 32
19 99
4 35
20 70
7 9
19 98
4 80
3 45
21 59
15 96
3 43
12 21
23 85
29 74
30 82
24 90
8 89
10 63
18 7
26 50
20 68
14 77
15 22
22 76
13 61
8 72
1 71
8 3
13 97
15 90
7 1
14 29
12 2
7 83
15 98
12 42
6 79
22 93
5 88
23 18
28 34
22 3
12 89
5 27
12 78
10 40
8 31
1 41
21 10
0 37
8 10
27 17
13 37
25 67
0 11
6 96
13 87
11 3
16 9
22 73
7 94
14 81
17 25
0 45
1 38
5 10
19 30
2 81
3 37
25 45
30 62
22 79
20 16
12 54
8 77
13 35
30 38
10 88
8 63
19 9
21 36
13 7
4 95
26 3
30 24
15 58
11 92
28 47
14 21
3 63
23 5
13 91
20 75
1 45
18 32
2 39
3 28
2 58
10 65
12 51
0 27
22 33
10 71
4 38
4 22
7 82
5 26
3 57
22 36
20 8
6 66
28 95
3 94
22 98
24 78
25 93
11 27
25 92
21 23
12 70
28 52
11 1
21 23
15 64
26 9
15 13
3 85
2 16
25 22
3 18
17 90
9 83
3 85
17 67
13 47
5 60
20 43
26 95
23 51
26 16
4 4
5 15
6 16
3 67
28 99
21 57
12 29
13 45
12 54
7 84
5 80
12 53
3 23
18 42
22 55
28 36
27 70
29 26
1 10
28 76
18 78
26 6
11 85
1 22
6 84
23 15
22 46
28 81
1 93
6 21
13 39
5 4
28 21
21 66
6 95
27 69
15 70
27 7
14 27
13 94
26 56
22 58
10 12
26 84
2 93
20 46
13 3
24 36
0 13
22 60
17 54
2 83
18 61
5 27
12 8
29 95
16 11
1 45
13 87
4 28
1 37
2 83
18 93
19 77
29 25
10 21
17 100
30 51
27 50
0 9
14 66
25 94
16 84
23 80
18 86
21 15
19 82
5 4
10 100
10 27
18 22
9 77
26 25
8 80
17 42
24 6
14 32
27 12
0 21
22 62
7 71
15 64
7 37
26 5
23 81
21 57
11 41
30 81
23 72
9 7
21 41
21 12
15 31
12 95
26 46
16 45
29 84
14 32
24 15
23 55
17 34
23 100
23 78
2 24
24 80
22 77
26 58
20 28
12 53
2 60
12 18
17 43
21 46
0 83
2 35
17 83
0 72
6 66
0 16
12 59
16 9
30 100
20 9
25 3
0 86
6 91
14 6
1 87
9 66
1 21
3 84
23 94
16 91
26 61
27 60
5 67
20 30
29 92
27 55
30 31
25 14
30 85
17 87
1 87
14 69
1 83
11 27
6 60
9 45
7 87
8 76
11 76
29 4
28 36
25 5
10 54
26 96
30 42
26 68
5 54
5 44
24 36
18 82
28 42
16 62
3 21
2 16
19 30
17 20
24 9
6 33
30 30
18 86
30 94
14 86
17 63
14 77
19 23
17 6
0 96
14 76
25 70
17 41
9 96
10 15
29 20
0 93
6 24
28 7
23 86
13 4
8 48
2 36
15 89
8 31
9 30
18 39
29 55
5 48
0 58
5 72
9 7
0 42
16 9
25 8
23 88
8 3
12 81
15 57
17 73
9 55
26 93
18 94
0 61
23 93
30 4
0 68
22 89
9 89
29 24
11 55
5 14
27 89
29 13
11 44
7 3
18 78
18 88
9 21
22 52
9 94
18 15
1 32
0 11
20 18
8 11
0 58
14 34
12 99
4 46
16 17
8 95
10 22
10 56
13 52
11 35
16 39
3 81
9 58
10 82
15 78
2 71
21 58
19 1
10 27
27 65
23 56
9 7
0 43
10 45
25 34
1 28
29 75
8 20
5 83
1 31
17 64
2 53
14 11
9 20
0 95
28 24
15 37
9 15
29 89
17 39
20 64
19 88
29 87
9 60
0 89
1 35
27 25
23 11
7 13
5 49
30 93
11 93
19 88
12 96
9 64
5 71
28 12
10 68
8 80
30 44
18 88
2 10
18 23
1 73
3 52
6 55
25 15
29 57
15 44
18 27
4 89
28 83
10 8
12 76
21 23
28 88
13 33
23 53
0 29
7 29
28 42
15 13
0 62
29 92
22 68
11 25
12 6
17 23
9 54
0 100
0 98
22 43
26 53
30 69
27 18
21 46
15 48
26 34
24 58
11 70
29 6
7 39
16 90
1 93
9 38
1 1
26 28
4 89
22 36
18 34
18 74
13 64
30 15
8 72
9 42
1 30
24 27
19 88
27 26
23 17
20 67
2 78
6 49
27 36
8 7
4 5
22 51
16 54
27 14
16 52
12 25
6 29
16 36
17 34
1 20
12 39
5 80
8 83
4 96
25 98
22 73
10 65
22 78
30 51
1 5
1 51
11 62
3 9
23 55
28 8
28 98
30 63
28 88
5 59
29 3
16 3
28 3
18 4
25 23
4 41
17 43
15 47
8 30
26 94
29 60
28 21
0 16
8 60
3 66
24 22
28 86
12 25
16 22
16 45
20 97
9 52
18 50
12 87
24 46
23 1
19 77
0 9
9 46
15 82
28 35
29 70
20 39
22 84
10 61
27 59
14 67
23 65
9 19
29 98
23 35
16 34
11 40
28 3
20 85
6 91
2 15
21 60
19 48
30 79
16 2
1 98
8 77
3 91
28 49
22 23
23 86
9 41
18 96
6 18
6 4
2 98
29 73
21 6
28 29
0 86
18 95
13 28
13 78
28 81
24 90
7 40
16 90
15 96
11 1
9 49
7 32
16 7
18 100
0 55
26 8
1 41
7 23
30 51
13 59
27 4
26 61
2 71
12 6
0 8
8 13
27 15
21 8
18 74
7 78
6 21
30 64
10 5
27 73
11 87
14 43
22 70
25 21
8 87
7 79
11 60
15 51
13 7
15 62
18 66
24 13
19 49
0 25
30 19
30 87
23 94
9 55
0 82
15 91
21 92
1 53
8 98
2 47
12 8
29 89
9 100
11 72
22 81
24 64
4 46
18 28
7 22
29 56
25 16
8 18
6 15
19 52
30 94
7 18
7 53
3 29
20 94
9 89
22 37
26 99
22 28
12 25
30 85
1 87
12 48
19 13
9 72
4 15
14 90
17 21
3 44
11 90
23 62
1 85
0 77
1 88
15 67
28 64
14 90
27 78
7 24
4 31
17 19
4 33
15 29
30 30
14 59
21 21
9 55
0 77
8 2
28 2
7 22
2 99
7 80
11 6
8 60
5 56
22 81
29 58
15 61
24 96
29 77
8 40
16 82
6 34
9 9
30 25
5 57
15 24
20 98
4 52
4 26
17 46
3 59
24 17
12 5
21 44
14 59
29 39
30 8
5 58
16 43
29 20
16 88
10 66
24 3
5 42
8 7
4 92
13 17
25 98
10 12
4 37
11 97
6 30
26 57
16 53
26 51
6 10
14 84
10 74
16 45
17 50
13 84
3 24
6 33
13 18
12 5
13 30
23 38
10 3
14 100
19 54
18 64
8 72
6 68
26 20
14 62
15 10
11 62
15 79
21 25
14 52
15 52
11 87
23 12
22 92
9 26
26 74
29 91
4 14
21 100
1 6
8 69
22 97
15 82
4 55
27 38
19 49
20 43
0 12
20 19
25 42
26 18
6 27
3 85
13 44
30 97
16 87
2 57
24 29
17 44
24 67
0 79
25 1
23 28
10 40
24 53
8 33
19 58
24 47
28 99
9 82
25 40
14 36
24 38
10 28
3 93
25 52
11 87
21 99
10 95
5 41
30 81
16 15
6 51
20 55
13 45
22 41
8 93
14 24
8 89
1 56
25 17
5 55
23 47
11 45
7 12
6 95
15 20
11 22
24 24
17 51
20 72
23 98
30 1
30 98
2 58
13 1
13 76
13 63
13 46
6 58
28 73
10 84
25 77
19 77
19 67
18 33
18 99
29 74
8 52
8 26
13 57
6 93
0 14
23 26
20 32
28 96
7 95
16 89
22 38
16 24
8 98
28 34
0 97
5 2
30 51
7 75
11 100
13 2
28 22
15 82
22 17
23 3
6 84
26 52
11 10
20 92
17 16
12 48
21 60
9 45
15 62
9 77
7 41
14 50
6 41
21 17
29 1
19 40
5 82
9 64
17 74
29 35
13 21
4 64
22 70
12 8
3 23
23 8
19 26
5 40
11 28
21 2
19 69
12 53
27 78
10 59
4 49
25 68
11 55
30 23
2 79
25 42
18 45
30 67
0 99
21 64
25 59
8 99
3 35
28 31
1 96
1 52
25 1
14 26
7 26
9 22
9 46
2 53
21 65
7 39
22 26
18 2
11 52
21 37
3 36
15 74
6 19
15 77
20 80
0 25
24 58
27 6
1 60
30 43
26 25
29 59
6 44
12 79
25 2
21 75
19 91
12 31
23 97
5 77
19 100
17 45
19 69
7 49
10 82
17 93
28 94
26 30
24 14
22 79
0 36
6 70
28 30
13 71
3 78
22 36
9 9
12 98
1 3
18 32
27 8
30 55
12 71
21 68
8 29
26 18
24 88
22 95
1 56
2 29
1 43
25 54
8 4
18 58
16 75
1 18
18 72
20 39
24 30
29 96
23 64
24 60
20 21
8 20
4 91
6 36
25 66
24 57
22 5
3 100
16 62
16 34
2 93
22 5
17 69
24 46
13 2
11 18
20 14
5 24
29 19
9 10
15 36
1 48
18 30
13 59
22 43
29 92
29 1
4 59
11 46
25 90
25 43
17 20
8 64
10 12
29 7
22 41
20 38
0 97
5 65
27 35
27 14
10 48
15 76
18 48
4 96
4 88
8 51
1 77
11 85
26 77
4 17
7 26
29 61
14 16
29 41
8 70
26 66
18 34
26 100
16 41
12 88
8 10
26 84
23 50
20 8
8 98
28 64
1 27
8 65
18 42
30 45
4 30
17 34
18 75
19 67
3 2
18 94
2 39
4 82
4 18
20 82
2 64
2 100
8 1
5 46
18 3
9 22
2 66
5 27
30 35
14 28
3 57
14 4
28 41
26 22
29 87
8 15
17 86
13 87
17 40
9 84
18 59
27 34
25 79
25 49
11 47
2 47
15 90
21 47
16 8
1 80
16 39
19 41
3 90
22 94
25 4
25 79
15 6
22 1
23 69
8 92
25 48
8 78
24 80
9 40
11 9
12 84
11 5
14 27
12 78
18 19
20 98
8 48
22 82
5 94
14 53
13 18
7 70
14 36
11 32
16 51
6 52
8 65
6 51
10 46
3 43
23 36
4 18
16 44
17 100
21 47
29 32
30 7
10 84
7 73
28 47
22 34
23 50
23 12
28 92
5 28
16 30
18 91
8 52
29 54
21 99
27 72
30 40
15 9
14 16
24 38
17 89
26 74
16 19
13 4
2 86
22 90
4 47
23 30
15 68
0 14
20 72
2 12
3 69
16 94
6 26
22 12
7 72
15 43
3 34
10 44
5 73
18 55
12 3
23 7
5 6
27 82
15 53
25 11
24 11
15 60
10 41
29 98
4 61
13 2
11 52
8 96
26 92
24 33
8 21
28 19
5 69
9 21
4 94
17 8
12 89
21 1
8 86
18 67
21 49
5 59
15 44
14 71
17 26
17 14
22 93
29 4
12 36
25 77
4 77
29 46
3 93
26 60
17 23
14 88
16 26
3 88
4 59
9 23
7 30
10 10
14 30
8 23
16 92
9 63
21 47
29 4
7 31
27 29
25 70
19 62
18 62
20 4
26 90
17 29
26 11
29 54
4 8
21 80
5 50
5 65
21 5
25 43
21 86
5 70
21 82
7 9
3 98
30 52
22 58
1 63
25 71
26 87
22 97
16 27
24 63
12 36
29 69
14 82
0 91
15 91
27 74
15 87
8 91
15 29
15 20
10 42
20 7
6 43
12 2
26 40
30 84
21 41
15 58
18 16
29 63
22 51
13 40
6 27
5 70
26 49
0 84
25 11
2 31
20 8
25 47
19 81
15 53
5 36
24 82
6 85
26 75
19 79
7 94
10 27
30 80
15 55
17 39
12 98
28 88
1 53
3 61
11 82
7 46
2 66
13 68
13 67
24 79
6 53
9 22
21 90
12 2
12 71
20 61
15 82
11 33
18 97
17 30
19 51
12 62
0 31
20 96
4 38
0 25
27 37
8 56
25 94
2 13
17 87
6 96
30 82
9 54
25 93
12 54
2 55
26 95
9 88
20 51
27 44
2 52
12 86
30 35
16 19
14 10
25 40
10 5
20 8
10 5
14 77
23 28
27 47
13 74
28 12
10 72
29 9
20 69
30 93
19 48
30 14
19 30
6 95
25 85
22 43
3 79
27 76
16 40
0 39
17 93
26 94
18 39
9 24
18 98
16 36
29 26
13 71
24 68
4 70
16 54
25 93
24 44
18 27
3 51
26 42
7 13
16 82
24 59
6 59
13 72
25 37
22 17
12 85
9 53
24 23
24 67
12 37
11 83
20 12
8 79
9 71
14 14
13 45
24 69
0 48
20 45
9 97
18 56
28 34
25 43
0 84
1 24
26 41
2 83
22 96
12 87
3 41
2 51
23 21
16 74
2 16
13 44
17 67
0 70
12 28
13 71
0 38
7 46
30 47
14 94
11 72
13 81
3 78
17 34
10 2
11 65
23 77
28 19
19 36
9 26
21 75
15 53
29 78
16 54
17 96
15 91
17 46
0 35
0 55
29 8
17 52
25 83
26 91
27 45
20 56
1 63
14 28
3 97
22 54
24 60
11 81
27 19
19 13
24 84
9 98
7 14
9 54
6 62
7 73
22 79
25 84
23 40
1 7
18 25
4 99
25 34
22 80
2 70
11 61
26 1
3 82
2 7
17 76
24 38
23 69
1 94
25 98
10 17
1 9
0 98
6 74
30 47
23 59
4 6
7 57
24 7
9 38
28 31
5 4
8 23
22 7
17 83
30 54
3 76
3 44
15 93
7 89
1 84
19 52
25 93
24 8
21 52
3 45
19 50
2 90
4 68
18 55
30 79
5 31
16 49
11 70
11 60
21 19
24 10
22 2
29 25
10 53
22 65
28 53
16 1
6 6
16 83
4 10
27 24
4 3
18 23
5 52
1 95
22 66
25 35
3 45
22 93
16 71
4 88
30 49
17 93
20 9
28 81
23 18
23 85
19 54
10 9
9 38
13 57
27 49
0 83
15 88
0 39
24 73
7 63
6 62
2 24
21 97
13 48
2 86
13 35
5 91
8 25
16 51
22 53
20 23
29 94
29 49
28 55
7 42
7 77
10 80
13 72
2 15
6 29
10 31
26 55
13 82
7 58
20 19
29 7
22 8
22 51
15 69
3 87
29 12
27 70
27 71
15 100
29 59
3 48
4 73
19 94
16 91
24 38
28 32
9 62
25 18
28 77
24 100
23 48
1 32
2 45
18 47
1 43
7 43
16 13
22 86
21 42
11 75
21 34
8 41
26 20
9 69
25 92
5 93
12 86
16 12
18 41
14 12
21 12
10 33
7 76
21 51
25 56
25 45
22 91
7 49
1 63
23 98
18 71
24 60
12 11
21 71
24 25
28 35
19 74
0 25
2 69
20 66
6 41
30 92
21 48
22 79
19 97
25 2
10 74
4 85
27 59
19 86
1 77
11 68
25 25
9 90
28 49
15 29
25 11
3 21
7 61
18 23
29 96
4 27
22 51
0 75
16 100
6 99
21 8
21 14
17 40
30 81
8 60
0 21
30 70
17 36
16 79
1 77
9 28
18 100
14 48
0 94
0 39
26 86
17 43
25 49
22 42
5 27
27 36
6 26
4 33
29 53
3 51
23 97
20 38
7 74
19 81
26 50
6 79
16 81
12 5
8 86
22 79
2 81
1 16
7 97
23 6
27 90
6 53
2 6
5 18
6 65
12 100
17 66
22 48
13 17
1 86
22 88
2 61
12 95
10 37
5 55
12 44
7 61
29 76
23 58
13 67
0 12
18 49
21 69
7 34
9 12
14 45
15 31
30 3
4 22
22 5
19 18
30 88
13 67
3 50
10 41
30 35
3 29
0 13
28 2
27 83
24 33
30 54
10 75
16 40
2 18
7 99
19 47
17 47
11 50
11 12
11 58
7 42
18 12
4 64
14 51
17 15
13 30
17 100
5 45
8 43
14 49
14 76
2 70
22 89
26 38
28 22
5 84
21 40
26 62
6 41
1 28
18 84
3 53
27 13
4 67
30 56
3 86
7 16
19 89
1 35
1 15
13 45
28 27
0 44
22 78
6 2
17 97
0 14
8 72
2 3
