100
30 5
18 22
23 90
4 66
3 78
7 60
14 40
22 2
22 25
18 27
0 69
8 48
17 89
6 76
30 32
5 16
27 46
1 6
8 13
5 99
15 79
28 16
2 98
27 88
7 67
8 64
14 70
18 16
5 3
27 35
22 67
26 80
29 13
25 62
25 100
13 99
26 33
2 35
28 11
25 35
1 31
30 5
0 55
28 2
1 91
10 40
4 6
23 75
9 77
29 54
25 68
0 31
1 46
17 38
28 2
23 47
19 17
17 68
18 62
26 24
16 62
25 86
15 19
20 51
9 70
3 52
10 59
12 13
3 69
19 16
22 55
26 44
15 31
0 25
23 58
28 1
19 67
26 36
3 85
21 47
11 66
11 10
28 46
28 58
7 19
2 68
14 54
0 71
24 75
9 100
30 87
24 16
22 6
6 84
0 23
1 90
23 89
10 48
16 74
30 32
15 12
9 99
17 30
0 44
24 11
15 78
19 51
22 81
1 92
22 80
0 77
22 91
18 75
12 31
27 59
21 91
14 70
28 50
8 2
8 50
28 15
13 66
9 98
21 73
14 86
21 59
9 58
9 22
20 95
18 38
18 86
8 34
30 53
4 91
11 100
11 5
26 82
0 71
8 70
16 69
21 84
25 76
26 10
18 50
17 91
8 43
13 94
21 78
13 30
3 59
14 99
12 7
17 45
24 19
1 53
4 65
9 84
18 50
19 10
8 98
30 82
23 14
4 58
2 53
30 58
20 33
7 12
6 4
5 94
1 17
6 77
29 68
1 6
1 67
23 1
26 51
3 18
8 57
5 52
6 67
15 49
24 4
27 57
8 48
0 30
9 3
17 58
23 64
26 18
25 22
5 51
8 54
21 21
4 21
2 32
18 9
19 23
2 29
4 90
4 37
26 56
7 77
17 53
19 61
11 3
23 40
1 98
12 30
1 37
28 63
19 84
20 59
14 52
24 39
22 87
0 2
18 59
26 90
11 86
19 11
24 97
25 23
4 12
9 24
18 2
30 6
10 39
17 67
5 4
27 59
14 11
24 61
16 47
23 30
10 72
23 28
23 38
25 16
21 7
27 36
3 42
29 38
17 98
10 93
24 65
24 26
27 31
30 43
6 61
21 33
20 58
8 28
25 58
25 62
2 46
1 29
27 42
27 11
29 80
4 17
13 62
28 95
3 52
21 60
26 24
26 25
6 9
14 13
14 6
9 13
7 60
12 87
4 18
7 64
14 67
16 36
11 52
15 29
8 14
10 43
1 24
13 58
4 40
25 42
0 6
17 36
6 89
25 7
7 6
28 54
16 73
21 75
26 3
12 91
8 22
8 39
21 53
18 21
30 35
0 54
15 78
26 45
25 35
30 22
30 10
1 25
3 5
23 42
15 31
5 12
6 23
28 25
21 59
9 56
21 36
5 18
26 4
5 61
17 59
30 26
7 74
10 91
19 4
14 72
17 84
4 43
12 93
26 55
28 71
0 94
7 47
27 12
30 43
14 78
18 18
30 23
16 42
14 14
28 47
18 87
27 67
21 7
18 40
7 42
27 11
16 84
18 26
11 50
13 45
18 59
0 96
26 39
26 37
6 70
2 20
20 64
4 31
14 18
12 88
6 71
18 67
30 52
17 37
19 81
27 14
17 39
28 38
25 73
3 46
22 23
1 91
10 1
17 19
5 1
3 29
13 38
4 80
19 19
15 66
29 93
8 95
8 69
10 100
24 69
3 55
14 35
10 49
7 36
11 16
2 90
23 21
27 43
4 68
20 52
3 25
5 82
7 20
20 19
10 13
2 97
3 65
14 67
18 65
5 3
16 70
17 78
9 24
21 27
12 94
7 28
22 61
5 87
16 55
14 47
17 72
29 88
19 70
10 15
26 89
10 17
19 93
18 74
24 30
22 74
27 72
28 23
1 65
28 24
4 22
12 47
8 87
16 91
26 29
12 16
5 13
26 39
17 7
20 97
3 17
27 80
23 96
13 84
24 34
18 6
25 23
2 54
13 36
17 22
9 100
28 89
23 17
1 47
0 74
6 65
29 60
11 28
6 81
16 1
13 96
23 56
18 91
16 88
1 29
0 24
4 52
7 61
8 13
8 24
12 50
16 20
15 69
7 69
18 15
14 71
2 52
5 48
28 53
21 71
22 47
23 95
5 15
16 53
26 38
16 17
23 14
18 57
16 32
27 96
16 73
12 92
5 66
7 23
28 87
23 65
4 32
13 60
16 23
21 40
2 77
24 94
4 12
8 27
26 54
1 27
30 1
19 70
7 20
14 98
28 8
19 73
19 97
18 91
28 11
20 60
12 13
16 57
1 5
2 27
14 46
25 1
13 29
13 29
6 21
14 72
0 48
3 99
24 79
21 65
20 32
10 58
25 72
18 20
27 5
21 69
24 2
14 76
12 56
4 78
21 38
12 72
7 6
3 69
21 43
8 27
20 29
0 70
26 45
24 32
22 95
25 98
25 99
12 18
16 37
11 28
4 98
17 99
16 32
14 74
12 25
21 51
21 54
25 24
30 2
9 91
11 96
17 97
18 37
2 86
11 38
14 31
13 78
29 71
13 15
2 34
12 35
10 14
26 16
30 14
4 97
25 66
17 26
10 98
13 18
0 88
29 67
8 81
17 26
4 83
8 88
2 2
23 86
7 99
17 69
2 85
19 36
9 32
17 30
19 11
14 68
13 87
3 16
27 24
30 11
5 16
16 21
25 87
15 47
21 7
18 63
6 62
4 67
28 55
15 37
15 87
26 57
13 8
18 55
24 36
19 49
7 54
17 88
22 77
14 91
10 30
19 48
3 16
13 72
16 34
10 73
21 12
24 33
23 37
9 15
27 14
28 58
14 85
3 61
18 2
21 82
26 56
27 40
17 94
27 90
30 57
20 18
13 41
30 72
20 21
1 57
22 98
1 82
19 79
30 90
9 9
19 89
6 90
16 60
25 27
12 67
29 6
13 57
16 36
15 64
1 83
13 27
30 58
26 82
15 45
12 33
23 72
28 43
26 40
11 1
29 73
6 54
5 61
16 76
16 68
13 83
0 60
27 67
15 93
29 34
20 97
26 54
24 32
1 44
26 56
23 34
24 5
13 22
14 65
29 68
14 82
8 14
2 80
1 9
24 40
8 5
11 96
23 61
29 37
5 11
9 86
24 87
15 92
27 27
11 16
18 61
16 45
0 2
12 67
11 31
28 90
1 38
28 79
25 52
21 40
10 60
11 18
5 90
12 98
25 61
6 28
3 55
21 53
23 7
23 34
7 58
1 73
16 43
16 16
1 92
16 75
8 14
3 32
19 53
26 64
6 1
19 100
22 46
21 95
11 29
4 95
29 48
28 63
22 30
8 97
26 32
29 88
11 72
7 5
25 49
30 76
1 4
9 46
28 12
25 91
22 74
27 44
9 33
21 72
8 91
12 47
2 87
17 19
20 90
17 57
8 4
2 27
0 23
1 86
18 30
27 82
30 46
4 45
22 47
18 91
2 69
3 93
12 36
16 61
18 25
0 80
26 47
10 40
25 8
0 34
24 2
19 77
26 49
3 55
6 15
0 37
9 95
26 38
8 7
30 91
14 70
13 15
2 16
0 63
27 99
16 66
22 9
28 97
25 24
26 17
19 55
20 86
13 53
30 28
21 29
25 7
25 21
19 5
18 100
5 84
25 52
10 33
22 80
16 24
4 94
11 12
7 58
27 47
28 78
2 83
8 79
28 71
18 5
21 45
1 59
19 41
10 69
25 70
4 41
5 58
15 15
1 76
4 2
7 74
15 69
4 97
13 43
13 57
13 3
2 77
1 100
18 65
2 94
27 59
6 3
25 64
1 28
15 7
21 77
3 26
11 80
10 84
28 5
14 59
5 79
19 56
0 41
19 28
1 23
3 10
1 79
24 2
12 45
9 73
18 17
13 14
8 81
22 80
14 7
26 63
21 18
18 34
13 1
7 48
14 65
24 31
16 33
2 69
0 83
14 96
19 38
11 83
5 43
11 37
18 62
18 83
5 34
27 43
6 68
1 2
2 66
27 16
1 16
6 89
17 84
27 1
27 37
25 58
13 95
9 66
4 28
16 19
8 39
10 64
22 7
26 17
10 23
11 58
9 41
13 21
15 24
30 51
8 13
16 61
29 33
6 3
24 75
6 51
11 61
10 30
7 52
7 4
6 61
23 21
3 93
15 18
6 29
25 46
25 33
1 91
26 69
6 60
7 57
3 43
19 22
0 77
17 95
16 56
21 5
3 95
5 24
18 1
15 93
19 72
25 3
2 12
2 11
8 85
14 86
24 33
26 53
2 31
26 81
26 14
17 93
25 89
13 70
30 38
19 76
19 68
1 88
19 29
30 36
25 15
19 62
17 96
6 23
20 84
14 31
23 42
16 75
5 58
20 44
21 31
2 91
14 13
16 3
4 2
12 37
9 56
2 78
24 73
23 1
26 8
7 71
28 38
9 33
24 50
14 100
29 79
26 90
18 7
27 27
7 17
3 26
28 90
8 84
0 33
18 77
14 27
10 33
8 42
18 79
4 76
27 71
19 91
6 44
13 48
27 23
20 65
21 88
15 21
13 95
21 98
30 31
13 47
12 86
12 48
13 75
11 74
10 85
0 3
16 42
4 8
20 15
1 26
29 56
26 93
7 58
11 45
15 33
20 38
14 35
21 88
2 54
7 33
18 87
2 35
7 11
9 94
23 26
8 88
0 79
24 83
17 15
8 90
20 23
6 30
24 33
15 83
14 61
7 48
20 24
30 10
23 4
14 6
2 50
21 36
15 9
9 66
22 66
9 40
3 27
12 84
26 5
8 86
28 24
13 88
21 26
15 52
28 47
27 64
28 59
21 35
20 70
8 17
6 74
5 86
11 79
10 45
29 66
18 42
2 90
1 63
12 85
9 28
19 65
17 70
25 94
27 84
9 88
27 99
12 68
4 35
28 23
8 45
7 56
18 69
25 85
5 5
9 82
0 95
26 68
25 81
1 99
21 23
16 99
23 27
6 15
0 52
26 22
20 88
22 36
27 31
29 87
21 58
10 68
23 50
19 4
20 29
10 38
6 76
29 33
8 93
21 78
11 10
4 95
12 26
24 93
18 30
10 40
29 7
22 67
4 65
27 70
6 61
9 92
21 81
9 1
27 33
6 55
29 62
14 78
29 1
21 60
12 68
12 37
9 66
2 58
17 24
20 48
21 16
20 30
25 37
10 13
4 96
14 88
20 13
1 49
24 98
27 63
4 92
18 57
21 48
15 62
21 29
30 11
11 77
7 42
11 77
17 94
23 76
22 76
23 24
25 2
25 70
0 9
10 94
11 44
30 40
17 71
3 14
4 65
14 44
21 60
24 80
17 59
24 48
28 58
10 28
30 15
4 89
22 7
17 50
18 21
10 11
20 60
10 18
3 46
19 20
16 29
8 98
19 43
19 10
27 67
14 46
19 25
24 69
29 88
16 48
4 2
2 39
25 98
14 3
10 42
2 50
10 65
23 43
24 24
22 55
4 88
5 1
17 42
0 65
3 89
1 46
19 10
7 91
16 72
29 86
13 17
18 6
16 15
30 54
8 39
3 50
18 20
26 38
2 79
21 99
20 5
21 57
13 30
23 95
0 64
14 34
14 82
28 60
1 12
4 57
1 45
17 31
24 30
9 69
10 18
25 95
9 58
30 91
27 8
30 85
5 2
4 88
16 93
7 77
11 76
28 40
16 48
2 45
23 92
21 38
13 78
16 67
15 66
16 50
1 9
15 40
15 95
23 3
9 36
9 49
18 58
1 66
18 48
17 20
15 73
26 98
19 47
20 9
28 86
27 67
16 69
24 77
0 23
20 32
17 72
11 5
12 85
25 63
0 31
13 55
12 57
3 34
27 80
18 59
8 60
12 60
22 83
6 22
11 24
0 78
6 83
21 84
2 16
5 92
18 57
9 89
15 72
11 82
7 35
11 19
7 86
30 30
15 57
7 7
12 91
19 89
23 93
18 56
9 7
1 9
20 17
3 50
27 98
28 86
14 91
14 22
5 31
1 9
29 21
24 91
23 64
24 26
25 5
27 50
4 60
0 41
4 91
22 51
7 64
1 100
4 68
16 55
2 13
15 34
6 50
19 1
15 48
9 12
24 42
4 44
5 49
29 46
20 72
8 98
23 78
14 26
22 44
23 95
23 5
27 92
30 4
23 17
26 97
30 95
0 13
2 22
17 9
20 99
7 71
22 38
12 71
4 87
5 64
12 65
9 6
8 17
12 92
23 15
5 32
4 95
15 33
17 82
18 29
4 77
13 76
6 61
0 26
1 67
7 91
3 3
10 6
26 1
28 3
7 30
24 8
17 9
18 52
12 24
29 16
6 82
9 12
11 11
4 65
28 32
1 95
28 67
7 41
25 50
17 16
23 71
6 11
11 6
2 75
29 13
18 42
1 98
16 89
22 80
29 70
0 42
25 8
5 91
26 24
2 39
19 46
22 72
15 72
4 18
24 5
1 94
0 16
28 52
23 72
21 1
19 22
8 67
18 49
4 72
2 74
10 84
9 9
16 71
30 14
20 49
24 60
3 99
1 59
29 53
26 61
6 79
5 21
0 30
5 22
25 87
17 76
22 84
27 96
11 44
4 72
24 3
10 77
8 3
25 58
9 60
8 50
12 55
3 69
14 81
22 22
13 71
0 35
7 6
19 83
19 72
17 28
29 22
21 83
7 14
7 86
5 17
27 98
16 29
11 38
15 77
4 66
14 89
21 94
16 67
28 13
19 13
14 82
25 62
2 20
22 61
16 2
2 54
9 68
16 99
27 17
3 91
0 35
22 85
24 35
10 42
13 22
17 69
12 42
17 27
8 78
3 44
28 90
17 5
2 100
22 78
13 68
10 24
0 13
24 18
23 13
9 45
3 3
13 66
28 45
27 16
10 2
7 90
30 80
28 95
27 92
12 93
27 27
23 94
30 4
20 41
23 96
4 81
19 54
16 52
25 38
24 94
18 99
4 50
16 94
6 91
16 28
8 28
29 52
29 62
14 24
27 96
20 88
14 38
16 27
4 33
4 76
17 88
23 43
20 47
19 22
26 30
16 84
7 90
27 29
18 6
19 69
11 25
16 9
2 3
8 58
8 3
14 32
12 73
7 84
8 44
7 76
0 99
0 84
3 64
24 11
17 18
21 44
4 2
25 66
24 84
4 93
21 16
12 72
6 3
5 65
5 93
23 28
23 65
24 87
0 84
25 25
1 96
7 80
27 94
15 69
1 21
5 68
28 44
7 79
9 94
26 14
11 29
12 60
6 4
27 58
14 22
5 83
13 54
19 100
11 81
30 78
2 12
2 66
19 59
10 58
5 4
19 36
3 34
8 29
16 51
2 88
20 64
30 92
15 41
7 33
15 65
26 79
6 3
15 86
0 62
18 96
25 51
29 54
6 65
24 78
19 88
19 40
0 47
26 16
21 68
23 19
22 81
2 82
25 81
30 39
29 73
18 87
1 65
1 74
30 4
10 79
17 90
4 61
3 32
2 41
28 4
13 26
17 63
7 64
15 2
25 12
15 65
28 49
21 45
0 59
11 54
17 71
17 80
22 47
26 100
19 15
18 68
19 38
30 52
4 22
21 58
1 46
7 19
5 60
4 67
1 99
26 79
6 77
11 69
29 51
25 63
9 66
19 68
0 73
9 59
3 4
15 38
26 48
26 42
2 80
19 60
0 53
4 68
7 98
5 27
26 58
8 38
5 69
15 94
17 72
17 99
4 22
27 63
14 86
0 33
23 55
23 64
9 93
2 37
12 82
26 55
6 62
12 32
9 1
27 65
1 31
10 31
28 96
6 24
12 36
25 1
8 36
24 53
2 15
18 86
7 72
16 91
27 83
10 78
22 8
27 25
4 23
18 80
5 41
15 12
12 100
4 21
22 6
19 33
26 48
20 10
13 68
11 74
10 11
5 88
0 28
14 52
28 54
27 90
22 5
19 73
0 79
8 45
9 34
4 20
5 54
9 98
16 94
11 18
30 91
10 99
27 27
30 99
29 56
24 98
17 76
16 71
2 34
18 5
28 81
0 8
15 56
27 48
27 43
1 88
5 82
15 11
7 44
29 89
22 84
25 16
29 3
15 49
21 38
26 71
27 71
21 99
1 93
20 17
2 86
25 76
21 63
15 61
17 61
29 9
19 68
7 48
6 77
26 97
18 66
29 64
30 27
17 36
25 61
1 11
23 84
8 91
25 27
23 3
29 38
25 83
0 85
20 45
6 48
23 98
15 75
26 49
27 51
19 27
24 89
17 39
7 23
5 93
26 53
22 90
9 46
30 37
11 45
4 19
12 47
9 8
29 9
28 27
22 48
25 30
27 28
20 10
4 9
27 47
27 47
2 9
7 82
1 6
26 96
24 97
1 59
26 50
7 42
28 92
0 100
29 21
8 63
28 26
25 75
0 4
19 77
5 66
1 4
7 12
21 68
29 54
21 100
2 75
10 80
9 12
14 43
22 100
18 24
24 96
14 78
7 8
18 67
12 15
17 66
12 90
3 81
4 45
23 36
8 23
28 22
9 25
18 31
25 68
13 85
26 90
8 91
19 39
22 32
27 39
27 49
15 70
7 100
16 2
15 39
4 15
13 1
18 42
24 14
26 96
4 75
0 51
21 93
8 60
18 9
11 94
11 22
2 77
27 16
16 7
4 71
16 31
3 98
26 55
23 74
2 22
30 42
25 86
17 42
9 24
30 16
0 4
0 86
21 75
14 28
5 63
5 90
25 86
1 18
4 49
11 33
8 11
28 88
25 2
10 27
10 25
23 7
4 76
16 81
25 19
26 29
5 10
7 93
2 99
19 21
30 20
17 2
3 47
15 67
24 12
27 92
13 90
20 41
19 73
28 32
12 49
2 8
0 32
17 69
8 63
6 73
11 95
21 68
24 93
8 61
15 9
3 84
2 63
26 81
16 46
29 26
20 50
7 37
6 1
10 53
3 99
0 68
0 87
16 50
29 67
7 99
17 6
2 17
24 56
7 46
11 96
20 86
21 13
11 84
28 24
19 26
12 89
30 34
13 71
19 1
29 45
8 9
18 8
22 66
14 42
7 2
23 19
22 77
17 43
17 80
23 17
12 29
22 11
8 99
12 40
21 82
19 17
7 80
8 54
0 84
17 26
12 22
23 7
5 62
8 40
20 84
20 89
24 64
12 94
21 74
3 63
1 84
24 41
0 47
17 55
9 62
22 87
4 48
3 40
18 96
20 52
20 61
24 97
12 17
21 35
16 59
11 76
26 99
16 97
1 60
22 93
6 81
1 24
15 80
6 19
15 93
4 95
26 63
11 62
17 31
9 59
28 24
0 53
27 26
18 27
24 16
16 50
18 83
26 70
12 17
6 87
0 46
19 31
18 32
15 63
6 41
7 100
5 28
5 84
9 37
12 8
12 33
5 7
21 18
20 67
23 40
10 9
0 56
20 24
22 8
4 85
24 82
4 80
14 17
5 52
10 52
5 71
8 72
15 57
9 58
9 57
14 24
13 95
13 57
12 74
1 68
10 56
5 51
28 8
8 35
17 1
17 35
8 85
21 18
9 15
13 34
19 66
20 87
29 37
2 14
15 32
21 62
4 35
22 67
22 16
28 13
4 68
8 39
29 96
30 9
12 80
9 8
9 57
18 19
17 31
26 7
26 99
26 42
11 39
30 30
0 80
1 59
21 60
15 59
0 5
28 72
17 52
11 53
22 19
4 98
24 7
22 40
24 87
22 80
23 32
23 43
3 87
16 55
1 34
18 73
17 90
23 66
6 89
18 15
23 21
8 48
0 30
0 46
11 29
7 74
5 44
30 38
19 89
14 83
15 85
24 23
21 35
29 2
19 43
30 30
8 24
8 85
30 27
2 45
27 9
5 98
9 20
8 52
29 76
9 55
26 14
0 52
21 49
0 64
19 35
10 84
13 96
3 50
24 85
8 75
1 38
28 5
11 75
19 25
24 86
3 78
25 97
29 57
8 85
3 55
0 59
25 3
8 80
24 2
5 12
29 71
3 23
30 79
14 18
21 46
0 86
21 13
3 100
16 27
24 92
12 1
1 73
29 61
16 2
12 18
21 33
13 68
21 63
14 94
29 97
6 59
9 76
26 5
5 19
18 4
18 13
30 51
13 52
14 41
11 89
1 52
26 81
23 69
13 77
5 39
30 7
27 45
2 82
11 76
12 82
24 34
1 79
0 31
13 62
8 73
2 89
3 32
26 24
14 13
3 36
6 25
20 35
7 46
20 8
4 43
30 1
17 74
3 39
9 92
7 2
14 5
6 75
12 62
5 84
25 55
3 18
13 34
19 41
22 78
11 96
17 30
17 70
28 91
28 52
24 100
29 48
6 60
9 77
13 53
29 17
26 49
30 97
10 83
7 23
27 31
16 24
3 25
13 73
8 98
4 54
5 33
3 10
13 41
0 63
1 5
24 60
2 10
24 81
26 10
7 24
1 83
27 71
15 47
7 45
21 28
19 81
15 1
23 96
5 45
17 59
8 7
9 89
2 61
26 37
0 35
2 71
2 19
28 52
0 50
8 11
14 34
30 29
11 86
7 17
30 5
24 71
8 47
11 26
12 26
25 27
17 54
25 87
3 83
26 37
22 87
9 47
28 94
26 10
27 10
27 75
7 44
3 19
10 26
4 96
13 4
11 18
10 1
14 45
5 15
1 61
7 52
16 45
29 59
19 94
12 82
30 24
28 100
24 88
14 57
24 78
22 93
9 7
3 22
8 33
3 41
7 47
3 41
4 16
29 30
2 71
26 94
2 42
27 6
0 54
13 65
7 65
4 75
6 76
1 65
25 75
30 15
12 30
25 76
30 67
26 1
9 95
27 47
0 61
12 4
28 96
14 100
15 94
13 34
30 96
15 31
27 90
6 44
12 69
16 70
0 82
30 41
8 40
14 84
30 69
0 30
15 35
0 79
7 12
26 91
27 85
12 85
25 62
8 54
22 75
13 91
30 62
25 15
11 4
15 29
11 20
2 20
24 37
27 76
7 26
21 30
26 19
8 57
12 65
30 57
3 43
15 91
25 75
29 80
6 55
2 54
18 67
11 51
1 64
1 43
5 82
29 75
24 72
11 97
4 40
28 7
14 50
5 26
19 33
10 51
30 69
11 60
25 57
8 84
15 85
18 94
0 15
8 47
11 91
3 24
4 68
24 62
24 96
27 27
0 54
9 78
22 79
28 9
9 62
21 59
30 90
6 36
8 60
5 28
15 86
2 40
11 53
7 95
24 72
9 68
28 47
21 41
21 90
5 62
17 91
13 24
13 65
2 97
30 54
3 90
28 20
23 24
7 40
9 19
8 17
26 63
4 85
2 11
12 72
15 15
28 62
30 95
26 75
20 54
27 81
27 74
1 76
7 15
1 13
11 40
18 37
12 23
7 38
14 64
7 36
10 86
16 48
8 14
16 32
23 45
0 40
7 57
2 31
29 2
15 14
21 72
16 22
20 51
8 83
10 8
12 59
25 98
14 31
24 80
26 87
19 57
26 77
21 95
5 17
21 73
19 66
15 75
20 32
17 40
1 32
19 7
8 33
16 58
10 86
23 40
0 10
6 48
21 71
5 66
12 70
9 68
6 45
1 15
29 45
20 67
17 52
6 87
9 19
15 16
8 86
14 63
3 71
21 42
0 81
6 52
24 26
5 81
10 91
23 63
26 18
29 59
17 51
23 20
16 70
9 35
23 92
11 12
21 66
10 75
25 80
10 58
19 69
26 45
4 4
5 89
1 36
3 21
25 11
27 2
0 78
7 45
6 4
13 7
19 60
2 50
28 92
3 23
17 31
24 39
4 46
27 73
11 42
22 98
24 7
10 55
0 28
11 5
23 71
18 21
16 66
13 97
30 93
19 83
23 63
29 15
15 81
2 9
12 82
4 87
17 45
14 25
15 61
10 55
4 75
0 90
27 89
17 26
18 26
10 9
8 30
0 73
20 25
4 72
29 20
27 5
30 92
28 80
26 5
5 62
15 10
29 19
15 93
18 15
17 92
20 15
0 65
24 79
12 2
18 99
9 53
15 96
17 4
12 92
16 53
2 82
18 92
18 69
29 96
17 97
26 86
19 60
5 21
19 36
27 67
2 30
17 14
26 83
1 75
28 61
24 29
5 56
30 45
1 59
18 17
22 51
27 1
6 35
15 61
24 42
0 74
23 73
13 70
29 32
4 58
12 81
29 18
27 69
8 97
1 92
9 86
21 90
8 59
18 68
29 77
1 72
21 18
11 72
0 94
6 74
22 5
29 22
20 50
15 100
13 80
21 27
12 85
13 5
28 91
14 39
28 84
17 61
21 24
21 71
0 83
1 50
9 87
16 77
28 61
11 41
10 100
27 80
19 1
27 29
15 26
25 84
10 94
24 39
2 24
25 74
17 83
17 74
14 85
17 93
23 98
17 73
20 76
27 37
21 71
27 67
15 19
25 72
18 37
23 98
26 41
5 22
14 90
1 11
1 12
0 91
11 8
5 38
6 66
5 2
24 15
16 43
17 15
7 62
9 13
14 33
30 58
9 28
11 66
10 83
9 33
25 89
25 83
28 73
29 20
18 9
16 29
29 6
20 7
28 91
23 73
20 37
5 53
13 96
2 1
14 54
13 22
1 88
7 45
17 62
3 84
14 22
28 59
5 99
14 71
23 49
17 58
16 69
8 73
30 60
12 53
19 95
22 48
26 27
8 91
10 44
13 74
17 82
9 4
13 81
2 83
3 99
21 17
10 33
2 1
4 61
28 49
2 41
7 45
18 10
21 31
23 66
26 43
22 27
23 57
14 52
16 74
13 74
11 90
7 74
28 60
4 72
23 39
3 6
26 33
15 75
30 50
20 26
27 68
23 90
14 8
10 66
7 27
3 47
21 73
4 24
24 48
0 76
13 29
19 5
19 75
19 20
28 69
27 72
2 84
16 59
20 71
15 18
2 23
29 84
24 70
24 11
14 3
13 78
1 45
21 71
22 13
3 23
20 19
30 92
14 68
8 59
16 36
8 20
16 22
14 89
6 5
15 70
24 11
26 71
16 11
23 56
8 9
21 40
7 11
23 35
14 72
18 72
2 57
10 60
21 79
4 28
13 36
11 28
3 75
25 90
22 90
16 11
30 63
5 57
11 57
25 98
1 26
7 88
24 58
8 29
2 21
3 11
22 97
23 26
20 70
18 79
19 85
22 64
18 82
14 6
1 54
24 57
11 92
1 36
15 64
15 84
1 86
12 100
15 45
4 49
1 70
24 69
28 3
21 33
9 16
4 92
7 71
9 47
17 25
18 88
6 6
11 96
3 39
24 38
8 97
22 72
2 50
17 61
15 17
11 32
20 5
28 28
4 90
6 94
23 32
2 80
25 34
19 91
8 3
19 99
10 24
12 12
28 1
20 80
10 92
18 25
18 88
4 19
20 1
25 98
13 37
16 93
5 97
26 90
0 17
7 93
1 7
25 21
14 67
22 80
30 5
22 100
22 89
27 44
3 98
10 87
29 9
0 90
24 81
14 72
17 60
15 9
19 36
11 8
19 15
27 24
10 8
0 66
0 55
0 37
7 22
30 89
6 67
23 71
27 95
0 54
25 92
13 50
26 66
10 79
11 42
0 21
2 14
29 42
14 13
23 26
9 77
9 85
20 46
16 82
7 6
24 35
1 78
9 60
9 63
25 46
6 62
16 39
24 26
22 38
19 43
20 71
20 100
15 18
8 92
8 99
29 57
1 13
17 47
1 98
1 79
4 38
14 27
11 34
5 84
30 58
6 92
9 82
24 25
9 92
10 81
9 37
27 77
18 59
15 64
20 91
29 31
25 56
2 38
16 5
26 83
17 66
24 52
7 44
27 34
11 15
22 87
11 68
14 100
23 36
20 62
8 54
18 50
25 97
18 7
14 94
11 78
17 98
14 80
6 24
2 29
2 71
10 6
11 56
2 1
24 60
21 34
8 48
9 26
27 67
4 43
22 42
30 11
1 51
0 29
26 56
28 59
10 90
10 57
26 33
16 56
4 1
8 65
25 18
30 97
25 46
6 79
17 69
26 53
26 52
15 63
21 74
28 55
16 25
10 70
23 9
7 39
8 42
1 51
17 71
17 51
15 94
1 49
30 91
19 88
9 36
7 33
8 31
20 43
16 80
4 65
29 77
27 18
15 34
17 100
3 53
21 36
21 59
10 42
14 14
1 93
29 79
4 29
27 19
13 81
17 28
3 16
24 7
12 48
3 37
17 78
16 72
29 98
16 82
1 49
27 1
15 37
0 16
16 91
18 26
25 21
3 54
3 60
7 28
27 26
19 30
21 7
25 32
0 89
6 80
18 12
