100
25 75
29 52
16 64
16 2
14 6
2 2
18 45
10 100
3 45
6 16
24 1
30 57
11 12
0 42
21 22
2 52
29 39
22 59
30 25
19 81
30 95
7 75
30 9
20 89
3 78
26 53
7 25
29 67
11 6
26 85
4 81
9 65
16 86
17 29
8 78
28 94
3 42
18 98
14 2
28 52
14 13
25 52
30 76
20 96
25 35
29 65
21 71
16 3
16 70
27 28
3 8
14 83
6 43
0 32
12 60
14 96
1 53
14 89
7 19
20 76
4 30
20 66
25 39
4 3
26 78
8 36
16 59
15 89
12 8
19 7
7 8
13 63
28 21
29 46
13 38
19 76
17 81
16 69
0 52
15 53
22 50
19 80
26 55
10 52
5 72
27 62
7 25
0 92
29 99
22 90
16 88
11 28
13 96
12 6
23 35
24 33
23 94
6 52
7 48
17 11
26 33
6 43
2 99
14 44
25 49
1 65
4 11
19 30
2 38
13 44
29 51
19 24
2 2
19 8
3 96
24 36
24 16
24 19
14 9
6 83
27 66
6 25
1 91
9 77
6 23
0 27
12 10
0 23
28 16
1 100
4 73
29 56
29 99
18 50
20 12
19 30
4 13
26 94
26 24
12 3
8 100
27 3
11 89
16 46
6 63
21 97
25 48
9 85
7 8
27 7
10 53
27 30
23 2
22 40
19 8
6 52
10 70
25 59
9 71
21 91
11 24
28 22
29 99
2 76
26 74
25 73
26 39
22 76
4 83
16 82
27 60
14 65
3 34
16 60
22 13
18 94
29 76
9 23
20 80
1 31
0 61
23 66
0 36
26 54
20 95
10 85
2 54
19 80
13 21
15 81
20 53
9 72
9 55
20 64
28 66
17 75
30 46
15 57
7 75
5 58
28 17
15 68
19 52
20 75
29 22
30 93
22 22
15 98
25 73
26 19
16 78
7 71
24 75
1 65
5 15
12 25
19 3
6 32
6 64
22 89
8 1
9 48
7 32
30 84
2 12
4 97
8 42
26 27
27 96
3 43
19 93
22 96
18 68
2 25
16 42
30 78
19 23
7 50
28 82
4 13
10 84
26 44
28 19
17 60
21 97
17 15
21 22
28 47
26 65
21 76
21 30
26 85
30 59
30 20
25 86
24 28
24 77
30 32
20 34
24 77
6 65
26 95
24 83
25 98
12 77
27 31
30 30
4 99
29 59
4 78
1 56
24 82
27 82
29 45
21 89
10 80
23 65
7 28
19 15
21 75
28 89
21 77
5 72
6 10
10 36
2 73
20 99
24 27
5 15
24 47
21 95
26 61
23 19
23 99
8 73
23 86
14 59
15 95
28 34
13 11
20 44
6 2
19 46
24 88
26 55
14 35
22 78
13 63
17 90
27 91
7 79
21 79
15 80
8 51
0 73
7 55
17 27
15 58
21 13
23 37
19 26
10 24
21 96
16 7
30 61
18 58
11 37
5 18
8 56
3 80
7 94
13 54
22 64
30 50
20 70
19 84
1 92
7 51
14 28
6 69
18 77
9 74
6 7
28 2
29 97
30 39
0 2
3 45
22 5
27 3
14 91
4 13
17 4
9 99
7 87
9 71
3 99
23 36
14 3
20 27
0 48
18 9
5 90
6 85
12 31
20 28
30 62
0 26
2 49
17 35
9 16
18 59
11 60
3 94
13 40
21 14
1 57
0 45
3 45
23 19
8 98
15 58
16 97
25 64
5 79
24 4
9 7
26 99
17 36
2 44
12 84
4 43
25 3
5 8
7 95
18 33
3 43
12 55
25 57
4 98
5 78
11 85
17 52
15 16
11 45
21 10
23 67
16 68
24 56
5 33
0 63
23 4
6 50
27 56
0 92
8 15
5 2
2 31
14 54
14 45
17 7
1 93
27 15
14 60
28 56
24 67
6 72
11 50
1 58
16 6
12 34
30 73
15 93
16 23
27 70
2 54
27 51
12 53
21 45
12 85
25 81
29 69
5 97
5 87
10 32
1 90
26 81
14 34
0 24
27 43
29 74
3 28
6 38
27 75
18 56
0 50
14 24
21 93
5 95
11 2
8 11
22 37
18 22
7 40
6 76
14 66
16 49
3 68
4 62
17 11
8 49
10 23
19 21
10 4
13 97
14 1
29 79
14 45
12 61
15 80
1 53
2 88
1 69
13 78
18 54
8 60
11 44
2 13
25 21
0 5
28 24
23 5
30 88
6 98
28 33
7 25
2 75
16 55
30 6
0 23
9 29
28 97
11 87
0 14
1 5
0 52
1 8
4 2
22 47
15 32
0 40
7 92
13 75
11 57
7 66
14 90
22 89
19 11
30 82
19 8
22 89
21 15
16 20
17 16
3 52
3 33
23 92
18 36
9 52
12 68
28 26
27 95
16 23
15 22
20 64
20 53
15 6
6 81
10 22
27 44
28 72
11 84
29 50
6 57
20 91
24 36
24 71
18 41
13 83
20 88
2 14
7 45
9 73
23 54
30 57
27 14
16 36
7 21
11 77
1 15
25 88
26 82
8 81
8 78
25 41
30 15
0 17
26 91
1 46
0 55
1 73
6 26
30 42
7 35
19 34
19 6
12 31
0 30
20 72
3 85
7 52
12 14
19 32
30 69
4 90
19 20
15 37
0 3
26 47
28 74
21 17
18 92
16 21
24 11
13 64
8 15
30 38
28 30
14 44
27 35
17 47
12 4
11 33
19 59
16 6
26 2
4 15
18 34
17 44
26 64
5 29
30 46
22 33
5 7
15 30
15 22
30 55
12 3
10 84
7 28
10 27
4 15
4 41
22 47
13 73
27 94
6 6
24 29
4 89
14 44
27 58
25 90
2 93
20 90
9 91
19 72
3 30
16 69
22 46
25 16
9 75
0 93
1 100
0 95
16 59
13 16
9 77
5 48
16 89
10 8
10 55
23 57
6 34
24 86
7 5
30 33
22 50
17 61
13 40
29 83
16 58
5 99
19 53
26 20
2 60
20 98
23 40
23 99
8 42
7 50
26 59
12 7
28 3
5 22
21 8
3 34
11 49
27 73
30 15
7 62
10 27
21 46
19 68
21 97
24 90
24 92
4 53
14 46
3 65
29 52
10 62
9 33
3 56
15 67
26 72
16 51
5 41
7 81
15 97
20 26
6 74
10 52
29 41
17 5
6 92
19 65
20 41
26 74
26 34
10 33
7 3
2 18
17 72
16 54
10 33
20 10
19 10
23 68
22 99
19 77
8 39
18 71
3 39
18 29
4 46
25 53
5 10
16 64
2 7
17 8
23 5
10 52
12 2
0 17
11 68
30 63
21 59
4 70
19 92
9 43
26 17
4 14
6 20
3 47
0 95
16 68
7 74
4 16
7 53
18 21
3 51
5 68
7 76
20 20
26 1
5 57
16 31
25 9
19 40
0 48
1 69
0 65
9 93
24 73
4 86
14 27
28 76
10 1
14 84
19 76
26 59
22 64
2 18
13 12
30 41
12 93
12 23
11 89
26 36
23 33
29 37
5 84
30 50
15 35
24 6
28 87
4 26
28 53
15 98
29 44
17 36
6 64
21 91
15 79
17 78
3 78
5 65
6 93
24 27
30 60
29 24
17 71
29 14
28 90
5 39
20 76
25 14
12 57
29 84
5 89
23 14
22 56
12 52
1 3
22 56
27 23
19 38
5 44
7 2
11 82
2 65
13 73
6 2
26 8
26 68
12 66
11 57
5 64
26 20
0 46
10 28
13 80
5 33
28 81
3 88
12 38
29 57
8 31
10 59
7 91
13 74
0 12
16 55
10 30
25 12
13 75
14 29
7 13
27 63
12 100
24 55
1 36
28 46
29 11
16 26
13 80
23 76
6 90
24 95
16 44
7 66
9 20
16 11
23 84
17 35
4 56
20 62
0 79
23 96
0 64
0 71
30 97
21 44
3 99
28 6
16 10
24 22
14 65
16 97
1 47
4 89
11 83
17 17
20 18
3 29
1 82
9 19
3 8
17 21
1 39
14 73
21 10
25 67
16 25
16 90
29 79
22 100
12 68
9 34
24 49
21 43
7 80
24 32
30 8
0 4
5 47
5 98
19 15
25 74
29 87
19 19
17 43
17 77
28 48
17 9
11 88
15 56
8 75
27 18
6 66
23 9
17 20
15 91
4 17
20 30
27 72
7 29
15 42
5 76
23 70
11 30
19 12
0 2
15 96
15 50
18 22
13 50
4 8
11 71
15 78
14 60
18 19
22 97
19 99
9 59
2 66
20 71
6 58
17 52
6 69
27 94
8 60
9 67
2 21
9 12
13 83
20 55
13 28
6 63
14 70
3 96
30 23
1 42
5 24
21 25
25 91
8 4
29 86
7 75
16 57
29 82
30 34
29 30
10 17
9 59
29 57
30 71
23 61
27 77
19 85
13 86
19 91
9 54
26 30
0 76
6 39
1 14
6 4
0 51
8 78
21 71
29 46
8 77
22 44
18 68
18 56
10 5
13 99
7 72
18 59
15 46
2 4
23 27
28 10
10 94
16 40
23 22
1 3
28 16
19 58
2 65
21 5
15 47
1 42
12 3
14 79
11 78
17 9
1 28
23 6
27 88
3 83
22 49
12 37
15 62
14 73
18 55
25 4
19 14
13 54
25 76
4 46
10 25
4 36
8 68
25 29
25 64
12 39
29 70
14 26
20 88
10 43
15 87
27 1
22 51
28 62
26 31
20 8
23 72
5 13
4 48
18 57
19 29
26 56
1 90
7 69
5 15
10 58
19 13
23 19
29 83
2 52
1 2
21 20
8 53
14 6
24 50
23 28
14 51
6 77
9 53
25 25
9 1
23 80
16 89
21 55
4 4
7 2
22 94
28 74
30 93
1 49
20 55
30 96
26 78
11 1
14 93
29 16
18 49
1 29
30 76
27 77
21 82
26 43
4 74
29 32
19 9
24 25
1 16
6 64
3 96
10 62
13 19
20 6
15 28
1 85
17 68
17 95
1 82
9 80
16 91
22 75
25 96
24 25
30 36
23 78
30 50
17 50
23 9
4 69
29 96
1 8
10 9
13 63
17 56
0 97
5 32
21 88
2 63
30 96
1 16
26 47
2 65
0 76
9 29
11 30
13 68
0 67
10 69
15 71
27 64
9 65
21 1
0 79
20 12
27 9
1 58
3 85
30 78
25 82
13 71
17 43
4 12
11 64
27 100
16 43
23 81
25 26
26 58
17 37
21 23
30 36
3 48
7 97
5 11
20 81
0 91
5 47
3 71
6 76
10 67
0 4
30 5
8 52
6 36
22 13
15 18
25 29
3 7
27 36
12 20
24 49
27 1
13 51
3 72
27 90
27 15
5 86
30 57
5 98
10 79
27 98
18 42
27 10
4 62
14 35
23 2
8 3
2 35
14 33
25 95
25 92
21 54
22 24
9 87
3 26
6 83
0 63
15 88
27 3
21 76
26 44
24 13
21 83
26 72
26 93
27 7
13 78
30 9
21 31
3 58
9 61
21 55
23 26
14 61
23 95
11 76
1 75
14 42
11 90
20 79
22 90
15 56
19 56
7 93
11 57
14 76
14 2
28 28
30 31
26 50
6 89
9 11
15 3
10 23
19 85
23 10
13 71
21 23
27 19
8 56
17 86
17 88
25 97
22 93
10 9
12 33
0 60
9 34
8 60
16 83
19 59
21 24
22 44
23 81
15 66
23 79
16 81
27 63
17 39
3 5
15 42
10 36
9 71
19 84
13 50
18 71
7 43
23 20
1 68
15 31
15 23
11 9
15 56
17 32
14 93
15 67
27 52
30 62
20 37
19 47
24 72
9 25
30 64
26 53
29 73
4 53
29 66
23 50
0 29
19 54
24 14
1 97
25 49
30 27
8 24
0 71
13 95
7 58
23 53
28 8
5 55
10 5
26 40
8 9
18 25
6 68
13 5
5 11
25 31
1 31
16 49
15 51
26 64
15 63
30 61
8 23
15 64
4 89
15 58
29 77
2 88
28 11
9 46
29 42
27 98
20 4
20 27
15 100
17 39
24 82
24 44
6 72
8 4
4 97
9 68
8 88
17 48
10 14
12 54
3 71
0 21
12 8
24 95
21 88
6 45
2 11
12 95
22 52
19 84
11 28
18 39
20 44
2 92
0 72
0 48
18 40
30 89
5 3
4 16
2 95
9 58
28 4
15 11
17 85
7 18
12 25
19 21
12 88
1 4
22 76
8 29
3 32
17 77
11 74
19 51
17 9
23 14
14 35
27 8
24 16
8 58
17 19
20 93
22 73
8 41
5 96
15 77
26 95
16 27
10 80
10 66
28 80
9 81
9 6
12 12
29 91
11 38
9 40
17 70
3 76
18 45
30 20
18 9
30 7
8 100
12 83
29 61
1 61
17 6
28 88
5 88
8 35
29 14
16 2
17 61
1 51
24 99
30 88
19 84
30 68
25 96
17 85
12 88
17 53
23 16
27 32
8 86
4 41
19 4
1 31
13 18
0 85
10 97
22 83
3 84
5 53
20 8
1 2
2 11
26 21
3 88
28 49
10 53
14 87
10 29
14 72
4 45
27 37
23 47
18 51
7 89
21 21
19 15
15 49
5 59
26 47
9 58
27 59
18 31
10 84
15 52
22 14
29 14
4 20
23 61
12 91
27 29
0 16
15 22
23 88
16 84
13 73
12 22
11 39
5 47
2 99
18 99
29 62
3 65
23 51
3 82
17 2
4 70
23 95
26 61
15 71
11 53
22 1
15 67
8 84
1 42
30 60
27 64
27 16
28 26
13 92
22 34
28 81
25 26
18 71
16 93
24 9
10 14
28 64
11 79
27 22
10 78
30 52
10 65
7 53
17 77
4 60
3 27
2 10
20 90
21 3
2 22
6 83
27 9
8 66
7 2
20 53
19 56
4 44
0 57
5 96
20 83
4 92
0 40
4 35
0 34
7 88
20 32
21 51
10 71
21 50
16 70
10 6
4 12
22 95
27 69
25 34
13 34
12 86
10 76
30 3
13 74
1 99
29 46
25 60
27 3
18 86
24 11
14 76
15 17
5 45
25 68
18 2
15 35
10 38
29 20
20 26
18 6
24 10
3 26
5 89
27 22
20 25
27 89
10 2
15 99
13 76
16 4
23 45
4 94
5 49
12 2
18 91
28 73
2 93
14 12
25 55
19 54
22 99
3 1
11 6
5 33
19 76
10 72
6 46
5 14
11 98
23 41
15 7
18 83
1 25
20 97
29 97
20 8
30 85
22 43
5 73
17 51
15 73
5 87
5 49
4 19
18 61
23 61
24 16
20 72
26 58
24 99
17 40
23 19
1 34
9 62
1 34
20 9
22 56
6 44
0 77
18 60
12 49
21 88
29 85
23 72
13 19
0 40
18 67
9 98
3 29
7 69
1 69
28 71
3 2
29 88
5 5
6 53
16 81
24 73
6 63
26 41
30 26
15 16
22 58
17 46
29 42
19 63
9 28
4 53
25 38
10 65
28 24
7 71
30 52
11 35
20 64
30 78
12 15
10 45
14 90
13 2
5 2
29 74
3 21
14 42
11 87
27 16
13 63
19 34
23 61
2 7
16 83
17 15
27 93
24 52
17 48
15 83
17 26
6 56
22 64
5 95
6 7
3 43
21 35
21 79
22 57
25 66
16 82
5 8
26 75
6 71
4 86
19 38
30 37
5 48
8 93
24 96
3 13
13 74
17 87
10 69
25 46
20 18
9 11
5 62
3 15
30 97
2 63
9 38
22 50
0 79
3 4
4 22
30 73
11 9
14 14
6 51
5 48
2 89
3 50
9 100
18 42
12 8
12 7
14 8
9 90
0 38
1 70
21 2
3 33
7 45
4 82
20 60
19 63
9 100
15 41
13 43
20 61
2 19
25 15
5 82
23 62
8 35
8 72
20 30
29 18
2 92
19 72
1 41
18 100
20 74
22 84
14 1
13 57
4 14
16 100
25 33
7 50
17 38
16 63
8 39
27 2
10 18
9 54
18 56
29 69
17 91
9 57
8 96
21 11
12 24
21 75
4 90
26 98
29 57
2 40
28 68
28 70
18 5
8 23
6 18
20 63
4 9
1 100
28 97
10 22
30 88
22 32
12 53
26 4
25 29
24 1
30 96
18 1
10 29
30 54
30 67
25 64
1 100
30 58
4 55
8 15
27 96
6 87
13 91
10 22
26 56
1 37
21 28
15 33
14 77
23 80
25 18
29 60
13 54
9 74
11 19
23 56
13 2
20 3
20 2
5 73
17 85
15 59
13 60
16 28
10 99
14 45
16 9
16 98
6 4
30 80
10 48
24 25
0 99
19 12
25 47
22 46
14 89
13 76
16 68
22 89
9 80
27 83
17 3
10 83
20 47
30 91
16 5
15 61
8 41
11 87
10 31
25 28
11 83
22 37
19 46
20 29
26 4
17 45
11 33
9 75
11 86
17 3
17 4
18 26
19 52
1 69
27 26
1 59
18 58
23 96
10 57
11 7
10 23
24 39
25 1
27 30
14 89
15 28
16 14
10 59
3 54
17 53
28 17
12 12
17 85
6 31
14 47
29 48
22 33
19 46
13 22
5 75
15 45
17 77
24 45
8 76
2 81
14 85
30 47
19 10
7 76
10 9
17 94
28 52
13 42
13 7
20 59
12 31
4 5
9 52
20 34
11 62
4 61
0 18
16 96
27 98
7 36
4 15
23 12
29 58
17 39
9 35
23 86
18 73
0 47
29 67
27 4
5 6
18 42
28 92
1 99
5 54
27 59
28 76
10 63
13 86
10 16
18 3
23 86
4 21
17 51
4 21
26 17
23 45
30 5
6 92
10 99
26 4
10 46
22 69
19 10
8 87
6 82
17 25
3 50
29 48
12 34
6 1
21 58
1 78
29 2
1 75
29 18
22 4
22 46
29 74
7 32
23 48
11 39
21 6
30 76
6 23
20 34
12 81
19 95
22 46
15 20
29 51
16 54
14 13
22 14
9 35
3 56
30 35
25 66
10 71
14 14
16 58
30 97
17 18
24 63
10 60
1 89
17 46
6 99
19 16
3 63
1 57
26 61
12 91
23 81
18 33
19 100
13 23
30 55
1 14
7 94
5 65
0 67
27 82
12 86
4 21
23 62
20 64
8 34
27 24
26 31
25 65
25 48
5 70
6 42
26 4
16 83
2 34
16 62
15 95
7 59
25 60
1 34
5 57
5 54
3 32
23 97
0 80
21 43
25 90
17 26
26 85
18 84
27 96
24 67
2 35
3 60
28 58
7 65
30 10
18 17
12 76
7 44
22 45
4 92
9 49
16 72
23 91
16 90
0 47
6 47
17 47
8 42
9 30
20 61
12 20
9 7
8 58
20 56
24 45
2 46
29 31
8 57
21 13
2 72
21 78
0 43
26 86
19 69
8 87
0 60
1 47
25 49
27 66
27 14
9 47
6 62
18 79
24 44
5 19
28 56
22 95
24 21
9 73
1 35
9 94
9 59
19 38
0 66
5 40
1 24
22 66
9 58
4 36
15 41
10 63
3 81
7 28
26 48
28 57
28 6
6 98
18 20
29 99
25 35
2 24
21 35
25 26
15 82
7 55
1 67
23 53
14 88
1 31
28 31
19 14
16 53
23 22
16 85
18 66
19 80
8 98
13 24
21 52
19 94
18 4
17 84
9 97
7 87
23 61
2 55
22 96
12 83
4 10
16 14
11 56
21 7
30 50
25 90
24 98
20 77
17 64
13 32
26 2
6 32
11 100
4 30
23 10
14 77
12 25
14 40
15 67
25 85
11 85
4 92
24 79
7 45
27 24
15 68
8 93
25 6
13 16
15 71
8 79
16 89
0 89
5 37
21 13
26 91
15 76
27 44
5 67
7 24
16 41
30 3
29 5
28 10
5 24
1 25
9 86
12 44
4 50
16 22
24 84
4 51
0 58
4 82
16 37
10 53
30 57
26 37
24 59
15 76
13 18
16 54
20 15
26 49
16 12
18 34
27 33
15 73
2 76
6 72
8 5
22 8
24 75
8 78
24 84
2 26
21 41
7 82
13 36
11 92
10 91
11 1
14 50
13 48
16 64
1 24
4 83
10 41
21 61
7 54
24 92
21 69
12 12
27 18
11 18
14 98
20 59
29 80
9 6
18 96
26 18
1 22
25 78
8 58
7 64
22 70
0 2
19 63
13 50
17 87
24 95
17 82
4 96
9 77
7 18
29 9
21 66
8 7
8 10
8 59
25 48
19 19
26 99
0 5
15 83
11 88
13 47
11 22
8 34
10 42
7 83
24 82
25 40
29 85
3 24
9 55
20 83
9 98
20 46
15 20
15 38
8 84
28 59
30 70
20 97
17 83
25 77
16 4
5 42
0 55
21 61
18 23
24 72
29 80
14 56
0 85
19 57
4 64
28 73
19 12
20 100
24 98
18 26
6 22
3 59
6 93
2 64
10 25
4 17
23 16
17 69
29 37
19 62
1 25
19 59
25 66
7 23
4 12
28 7
0 21
16 7
21 100
21 67
1 86
15 21
22 39
17 7
1 92
25 51
27 1
15 32
27 91
0 71
23 48
16 60
20 45
6 40
30 36
30 34
10 91
10 6
16 60
28 70
18 85
15 14
1 94
23 100
13 39
4 99
13 19
19 95
23 17
29 92
7 17
15 32
23 78
4 16
7 12
7 23
3 77
11 90
10 49
16 64
10 56
24 2
22 82
12 88
2 42
9 64
6 39
30 17
18 93
10 28
10 82
26 78
19 33
0 44
8 25
12 12
10 75
9 81
16 19
11 7
2 60
20 10
2 19
1 62
25 26
9 59
10 61
26 18
11 98
20 85
27 65
12 53
1 78
30 26
18 35
3 56
28 46
9 38
24 46
17 60
0 71
3 23
20 73
7 90
18 87
8 2
11 34
13 39
11 50
2 23
28 53
28 34
0 81
0 70
2 75
0 37
20 64
16 80
7 78
25 84
30 52
5 16
18 27
19 73
13 15
14 43
13 71
11 31
17 85
12 47
6 49
4 77
0 8
8 45
8 52
10 7
8 41
16 73
5 56
17 79
7 95
17 72
8 80
7 88
27 38
20 44
16 21
30 24
13 91
11 66
29 14
5 79
26 32
24 23
1 31
28 98
26 93
25 23
13 40
22 100
27 82
30 71
17 15
25 57
4 68
9 37
3 3
12 82
29 62
27 99
20 73
24 46
23 35
1 65
8 36
23 67
8 78
5 87
17 7
2 43
17 9
16 97
1 18
6 64
12 64
8 26
23 48
0 13
12 5
4 35
19 34
1 79
30 41
10 87
24 27
13 57
6 67
8 61
15 52
23 12
7 43
20 5
27 54
30 57
27 49
8 94
23 67
6 37
14 65
18 86
0 65
5 34
21 95
24 34
18 99
19 52
26 11
20 11
14 81
9 44
29 29
3 89
4 37
20 82
20 7
1 40
22 55
19 32
10 77
12 24
19 60
9 16
7 3
6 8
13 15
28 25
5 70
8 75
28 49
10 18
26 92
14 96
15 2
17 1
26 66
11 100
18 91
15 98
14 29
15 98
25 24
7 99
30 6
25 79
0 3
20 8
3 97
2 27
7 71
16 7
9 70
25 61
16 58
10 15
2 77
22 22
20 13
3 29
24 35
19 99
9 28
2 89
11 9
7 60
25 25
29 46
13 16
28 54
23 96
14 86
2 93
11 99
30 45
25 26
27 34
16 49
18 32
24 89
14 1
7 82
5 68
8 48
24 57
28 90
8 27
8 44
7 69
29 98
16 50
11 23
15 59
16 77
15 5
1 26
23 76
30 72
0 71
29 25
30 68
4 8
7 44
22 28
9 53
3 81
20 19
13 41
9 62
14 85
28 39
12 79
23 39
29 46
8 88
27 63
25 14
10 53
20 84
14 53
12 58
29 66
10 43
10 38
12 75
0 100
2 79
11 17
11 12
15 55
2 84
21 31
9 22
30 22
3 31
22 93
28 30
30 14
3 80
11 25
15 23
24 67
17 27
11 1
17 52
7 90
10 39
26 56
15 60
1 67
6 23
26 56
0 38
10 20
1 55
14 27
10 68
6 100
11 66
16 6
22 59
8 25
23 83
18 40
12 9
9 4
20 11
22 6
24 7
5 33
5 76
5 68
4 69
14 7
30 43
9 57
9 55
6 91
14 14
30 86
17 46
18 31
18 100
11 54
17 55
26 64
3 78
16 20
27 59
7 29
28 27
26 65
17 24
13 14
7 98
20 72
17 2
24 51
9 68
7 23
16 55
29 23
18 77
27 74
23 55
8 71
4 33
6 50
11 43
24 21
5 46
14 47
10 77
25 70
28 46
30 4
17 33
20 73
18 68
28 19
29 41
5 19
12 22
17 45
13 8
16 63
11 48
17 60
14 100
20 81
14 95
5 59
16 52
24 13
19 48
23 73
7 33
21 31
25 54
5 4
6 41
22 83
14 62
4 3
6 31
15 75
25 97
3 61
4 17
25 54
0 25
3 71
7 51
15 11
17 26
13 25
12 34
4 50
12 6
21 27
20 33
12 30
18 26
23 21
27 95
10 76
7 77
10 69
28 3
18 45
20 26
29 64
12 34
7 62
26 70
14 7
26 95
25 90
29 76
22 14
14 4
2 25
10 56
14 67
8 29
5 55
11 99
0 16
28 83
19 41
29 62
25 91
3 50
3 84
8 89
11 41
5 95
14 33
25 21
23 22
26 81
23 41
14 6
25 66
16 99
27 58
4 97
6 1
4 2
9 51
26 51
20 27
20 72
8 20
3 94
12 91
0 63
10 75
27 18
19 31
14 75
6 9
3 81
3 13
28 90
3 72
16 70
16 95
10 92
12 68
19 33
11 59
22 53
11 23
10 46
14 36
29 76
6 19
20 49
3 30
7 54
19 62
12 1
16 95
21 40
2 51
17 80
4 12
14 35
2 72
15 39
11 5
11 1
1 60
2 30
9 67
7 28
24 18
23 49
25 67
9 68
11 58
7 73
0 20
16 52
7 100
17 92
3 83
22 90
15 44
14 17
24 46
26 36
18 35
0 3
26 15
13 17
25 95
4 94
12 9
29 23
3 98
6 19
27 81
22 38
23 98
30 65
2 30
2 29
25 22
8 41
25 57
8 55
12 92
11 88
1 22
17 18
11 36
19 24
6 79
22 35
20 4
11 97
16 84
9 5
1 15
25 89
18 91
0 50
29 97
7 10
30 9
28 27
19 6
6 86
12 83
26 80
20 87
13 58
11 86
29 92
6 17
7 9
17 55
6 38
29 39
3 36
2 61
24 7
25 65
23 97
6 24
20 52
16 59
8 97
30 12
0 30
21 6
25 16
11 37
16 55
8 92
12 100
11 100
5 54
8 33
22 38
11 31
10 56
22 40
11 76
27 6
18 95
29 64
17 84
15 100
26 22
5 25
14 78
18 12
28 90
17 59
15 61
10 32
18 4
27 2
25 83
14 46
24 33
3 16
13 55
13 96
18 76
6 91
3 7
8 41
15 6
5 84
11 30
22 5
11 54
14 39
23 57
30 63
12 38
3 88
10 95
27 24
6 37
23 67
3 90
22 5
30 85
19 16
1 98
28 12
23 38
26 85
26 1
18 45
9 94
24 43
9 18
1 9
23 21
14 25
17 90
0 40
17 58
28 32
8 33
11 29
13 48
1 59
8 33
18 10
26 56
10 82
20 40
3 15
11 91
3 49
14 2
7 90
6 92
8 42
20 36
21 14
27 20
3 51
15 5
20 46
1 85
15 31
14 97
21 41
29 90
3 46
28 70
10 28
14 74
19 46
21 96
19 99
5 70
12 19
14 37
21 74
3 88
29 29
29 99
7 9
0 27
23 52
27 50
29 28
26 62
0 90
19 88
8 16
16 65
10 73
2 18
9 25
4 95
29 52
2 32
7 48
4 92
5 36
15 13
14 13
28 76
17 48
3 87
19 13
2 12
21 53
19 2
13 39
3 98
10 22
24 72
24 72
0 45
3 6
9 84
24 53
24 23
24 46
13 25
27 57
9 51
4 73
16 39
23 43
24 93
15 73
8 27
1 67
19 14
2 77
17 84
27 3
27 8
26 68
6 70
25 70
14 55
13 38
15 70
30 79
14 35
0 17
6 37
28 38
26 28
22 64
13 93
14 11
13 52
12 82
17 94
8 95
26 67
12 71
13 74
8 43
15 58
24 35
4 3
0 88
20 94
13 87
9 10
12 8
29 9
13 35
13 77
8 63
27 74
17 34
3 96
23 29
6 98
16 31
25 21
0 52
5 98
24 41
5 63
27 66
10 31
30 69
17 48
14 64
4 76
24 91
12 6
13 84
27 69
10 76
11 85
8 65
28 6
23 84
18 50
14 24
6 73
16 17
21 8
0 78
28 73
21 36
8 98
