100
13 56
24 27
24 6
23 87
27 6
24 71
10 12
18 1
11 92
12 42
15 72
30 57
3 81
10 40
8 55
20 98
23 71
7 43
9 2
27 41
19 6
9 12
25 43
4 93
27 60
28 42
13 78
27 63
10 2
5 58
7 92
14 50
1 62
8 54
21 45
18 16
4 41
1 17
6 85
10 15
15 18
1 40
4 47
9 70
0 43
1 22
5 63
30 2
0 4
19 9
22 88
24 24
17 84
24 86
15 7
20 53
22 12
6 27
1 55
24 20
1 11
3 48
2 46
30 40
5 18
2 53
14 79
24 17
25 89
16 45
6 83
16 89
2 34
1 70
18 81
17 61
5 7
12 37
28 85
7 55
19 47
27 100
28 76
14 53
22 42
15 61
16 84
29 75
16 83
2 13
16 31
10 12
25 55
23 42
12 50
25 44
23 41
27 68
1 61
28 16
11 94
19 33
7 93
20 66
6 24
24 3
8 64
8 39
17 35
5 57
25 13
17 34
30 66
23 49
4 3
3 73
26 80
21 91
12 3
9 72
0 91
21 44
28 21
14 23
1 31
1 44
11 45
13 99
15 11
5 65
3 87
2 92
27 100
23 69
2 28
11 80
18 50
13 89
10 82
19 40
9 49
30 67
23 95
24 95
22 96
30 98
28 51
18 13
22 80
25 72
7 38
28 69
22 12
28 32
3 90
5 95
19 72
21 42
2 98
4 53
30 47
11 18
25 97
16 75
25 13
27 63
22 17
1 80
17 15
11 63
27 98
9 59
14 60
30 35
14 58
1 88
7 100
30 34
21 80
16 31
30 7
20 28
11 61
10 10
3 50
5 52
6 98
21 96
13 86
8 16
4 58
13 21
23 95
23 86
30 98
11 57
23 93
18 25
12 9
3 21
22 18
8 14
8 41
9 42
16 31
4 59
18 30
6 52
26 25
17 56
23 71
14 97
23 7
4 45
21 89
6 34
14 26
30 37
8 57
27 44
25 28
17 94
11 90
4 92
2 96
15 10
17 85
27 11
17 11
14 77
15 32
3 30
6 96
20 100
8 47
11 4
30 16
0 89
22 32
30 92
0 27
19 60
6 6
20 19
17 80
23 96
22 44
22 46
12 73
26 60
30 31
29 15
12 49
23 21
18 80
21 93
0 6
18 32
16 35
25 73
16 44
30 38
5 97
12 20
22 69
3 76
26 71
13 50
24 52
25 58
20 75
18 63
21 17
23 41
23 13
20 21
5 6
10 49
9 58
10 56
21 81
30 76
22 88
15 16
25 35
0 9
29 11
3 99
27 66
24 87
27 16
26 80
1 73
29 51
30 15
29 66
9 85
5 16
3 32
23 20
13 80
9 82
28 79
18 15
2 50
29 30
8 78
5 74
16 69
18 25
18 65
30 2
10 11
11 49
17 81
0 16
21 65
20 76
2 45
13 84
27 61
17 33
0 80
14 57
16 81
0 88
12 65
7 98
11 6
12 83
26 33
17 35
18 83
13 43
16 20
15 60
3 6
11 21
22 96
19 48
28 53
30 76
8 94
14 82
8 90
11 88
16 80
11 13
17 58
21 44
25 97
23 25
23 87
6 69
10 69
10 71
15 81
10 58
22 19
22 22
25 46
4 33
29 67
15 21
6 80
3 60
14 39
23 7
6 36
14 93
28 3
22 64
8 81
7 28
17 50
30 29
30 13
3 48
26 70
12 66
17 47
18 6
14 56
22 5
2 52
28 79
6 41
13 87
25 52
2 77
5 63
1 3
15 45
11 54
3 20
7 58
24 39
3 67
8 70
24 58
0 37
20 81
21 12
24 50
6 68
23 77
22 78
2 12
11 53
14 25
24 81
3 50
2 28
20 80
26 11
21 6
14 83
6 64
8 86
23 24
0 81
22 99
28 4
14 40
9 79
26 37
23 55
2 85
12 98
19 80
12 60
19 77
16 53
27 6
13 47
10 88
0 80
23 75
19 31
23 62
24 21
5 15
9 19
16 19
30 53
27 57
21 79
14 30
30 36
5 57
3 55
0 27
20 3
20 42
19 61
28 33
20 9
4 28
11 71
27 72
8 26
29 61
14 100
15 46
19 8
4 37
6 94
17 87
5 45
24 99
26 14
2 27
10 54
9 21
15 72
8 54
10 58
2 74
21 69
27 9
28 92
28 42
16 87
30 52
0 90
5 62
23 78
17 12
19 6
21 29
20 2
1 9
26 84
8 80
2 94
23 97
3 52
22 7
15 72
28 87
19 30
3 86
27 10
21 94
1 17
14 81
17 20
6 66
27 61
8 7
15 92
8 73
6 66
9 44
18 79
1 14
1 100
12 54
0 92
29 76
19 77
24 97
24 48
16 49
16 13
14 36
16 68
7 26
9 24
6 52
26 1
25 90
26 55
16 68
4 49
4 36
0 31
28 7
5 24
13 64
11 95
10 22
5 52
8 66
13 60
0 5
26 83
11 47
5 35
30 35
13 67
25 68
11 89
9 35
22 100
1 11
29 34
14 1
19 60
27 10
15 52
4 13
20 87
14 70
23 32
9 85
9 75
20 65
5 67
24 48
23 92
8 54
9 51
29 86
9 77
15 72
26 40
3 77
14 59
4 39
0 29
13 52
25 93
4 30
10 60
1 80
30 78
30 29
15 92
17 1
6 41
9 42
12 78
7 45
26 42
20 95
27 74
27 94
13 47
17 24
7 37
8 43
8 71
25 53
29 65
24 16
11 22
17 16
21 31
10 29
11 49
9 52
25 90
7 61
17 38
11 53
20 96
15 79
13 37
17 8
21 29
10 54
22 74
12 5
24 48
17 12
25 12
22 21
19 69
10 54
28 47
0 5
1 68
21 54
29 32
1 37
1 94
20 83
16 94
21 9
24 23
11 93
18 38
19 9
24 87
18 68
25 33
14 24
4 69
19 98
3 99
13 51
30 69
15 4
17 19
24 8
17 3
24 68
21 61
2 71
24 36
20 80
5 50
10 59
29 22
3 92
4 75
6 47
24 64
26 68
25 26
22 71
9 44
17 5
23 30
30 52
28 62
0 76
30 73
19 17
6 44
23 8
30 45
28 92
16 39
12 17
22 29
15 89
6 99
25 7
19 24
2 89
21 90
16 68
29 37
11 25
28 70
21 83
26 26
14 64
9 4
17 74
1 94
6 73
21 70
21 61
22 99
12 96
17 35
5 32
25 63
9 3
1 73
0 37
1 57
24 72
20 34
18 44
30 27
25 85
18 7
19 53
20 57
26 80
28 100
5 80
8 35
1 28
27 54
12 53
2 78
6 38
14 22
22 30
10 30
5 40
3 89
27 27
14 71
12 65
24 46
7 94
8 57
23 77
13 59
0 59
29 97
8 84
22 53
8 78
3 47
22 29
1 12
11 10
9 19
5 2
18 54
3 95
28 63
26 95
10 97
15 51
5 98
12 45
2 83
4 96
14 14
6 40
30 82
23 48
0 69
13 62
20 21
24 86
14 84
17 93
21 45
1 34
5 71
6 100
20 52
19 43
27 94
25 70
5 97
3 81
7 53
10 16
25 19
15 84
30 10
28 17
27 1
4 78
15 12
30 91
7 16
0 75
10 46
10 1
6 30
8 44
10 86
28 16
16 98
2 27
26 46
19 21
25 90
29 54
16 38
25 97
11 62
22 47
27 36
8 44
4 67
28 85
6 63
8 34
19 71
16 30
22 55
25 23
13 94
21 38
27 28
19 29
20 93
11 12
26 97
13 19
14 41
14 64
5 29
8 59
30 76
26 36
30 88
21 84
24 53
12 78
3 75
19 78
30 99
10 2
25 40
16 74
26 5
22 85
17 15
3 3
9 81
15 4
26 36
22 96
2 24
28 25
30 97
16 33
21 48
29 19
17 61
15 66
27 72
25 42
14 44
16 99
25 29
3 35
11 39
22 6
13 70
6 16
8 27
27 63
8 9
10 6
11 6
27 81
3 24
11 61
24 47
6 28
20 37
21 8
3 38
28 20
7 58
6 10
6 97
5 58
8 96
17 35
2 37
16 30
26 5
30 7
9 15
5 76
1 64
25 16
4 6
29 78
27 37
13 65
10 69
24 53
18 78
9 12
17 45
3 43
26 22
30 78
21 85
25 15
3 22
7 42
27 23
6 16
5 59
6 44
30 89
17 55
4 54
0 11
28 87
0 36
30 32
11 81
30 42
3 22
20 15
17 57
3 8
21 49
11 9
28 46
6 16
30 30
21 76
14 40
15 73
23 89
14 54
13 52
29 2
17 47
23 78
2 93
13 66
17 86
23 74
14 47
11 11
8 43
28 25
29 75
20 42
12 69
7 49
6 16
23 94
11 6
15 3
28 64
4 67
28 6
15 50
23 66
22 90
0 23
20 52
0 2
6 8
8 68
11 52
28 14
30 64
18 38
22 40
9 96
14 22
21 16
18 83
26 95
7 96
14 19
7 1
4 49
20 20
27 87
13 18
27 88
21 96
1 78
22 94
23 98
22 22
18 37
1 50
26 54
19 2
24 100
1 32
2 46
1 20
12 94
29 88
27 55
16 84
30 69
22 8
21 34
11 76
6 55
2 95
20 16
15 47
27 59
19 49
25 76
9 30
30 53
30 30
0 71
22 28
1 31
27 63
1 15
19 83
20 10
16 99
26 87
30 61
4 88
23 31
27 15
17 77
9 22
6 34
21 14
7 21
11 18
2 80
24 33
25 6
2 67
2 44
21 5
2 78
13 68
24 70
8 62
5 32
8 2
15 90
20 49
8 39
7 47
14 37
5 47
13 85
2 34
8 12
25 20
26 69
30 52
22 80
9 29
13 52
11 41
7 59
12 40
23 12
9 4
11 100
28 50
19 30
10 28
0 39
5 12
25 83
16 29
7 11
6 46
4 9
23 82
23 49
8 47
13 70
28 78
20 29
14 62
23 39
7 41
18 43
4 59
21 66
24 94
21 8
11 84
27 39
27 37
16 33
0 71
5 98
3 14
10 93
22 60
14 28
29 82
10 53
23 25
14 48
20 12
9 24
22 99
21 42
0 46
7 43
26 10
10 93
13 48
29 75
14 22
1 24
1 100
7 5
1 85
20 39
12 70
7 67
23 58
0 65
17 71
28 19
29 73
2 24
16 37
11 57
23 64
22 46
5 5
13 96
19 77
2 63
29 82
23 2
22 27
5 11
17 12
15 98
20 60
17 58
6 53
3 82
29 32
10 90
16 98
23 80
3 6
20 96
8 52
17 9
17 18
17 4
1 80
17 42
5 45
13 83
7 59
1 58
14 86
1 38
9 6
12 34
30 95
7 80
21 75
21 45
29 57
19 1
18 24
4 68
20 19
0 46
3 30
12 13
30 67
23 13
6 33
26 20
7 40
29 92
26 96
3 6
18 37
15 31
22 89
14 60
5 25
9 49
24 37
14 43
23 9
14 2
11 5
23 54
8 90
10 18
9 85
19 65
29 40
25 52
21 55
20 25
2 6
10 42
11 2
9 68
6 50
22 74
9 53
10 5
20 91
17 93
4 80
6 93
16 87
21 87
0 8
21 99
23 26
14 32
30 23
14 83
9 7
3 84
14 78
13 20
8 41
27 37
11 57
19 69
16 38
7 35
9 18
9 42
27 14
4 97
0 84
3 54
27 36
2 26
11 16
10 91
8 83
8 59
28 26
9 92
29 85
18 46
16 57
23 6
0 86
30 69
16 98
3 71
28 42
22 62
1 83
3 29
4 75
13 65
2 36
16 7
7 84
20 7
4 4
18 78
11 59
8 36
3 4
15 15
5 78
30 27
27 11
28 11
21 55
26 9
17 40
15 28
15 65
9 28
28 91
15 49
23 49
3 82
9 90
0 27
1 100
22 28
11 74
30 85
22 86
12 30
18 48
8 3
30 70
9 86
16 95
26 5
15 80
30 65
1 14
25 51
7 65
29 6
25 70
30 51
19 2
6 99
7 46
17 51
7 42
27 81
10 44
5 27
15 71
19 43
19 4
22 78
7 17
19 51
10 32
28 33
24 44
18 84
6 18
7 43
27 58
21 47
17 59
19 67
27 54
24 24
2 68
27 83
11 9
10 18
18 93
28 37
9 77
27 99
25 68
27 69
5 18
11 81
5 72
28 3
17 50
0 2
8 30
0 90
23 69
28 24
22 52
20 4
13 65
23 57
12 39
7 63
11 94
27 82
5 74
0 20
2 59
2 49
11 53
17 24
24 74
5 70
22 12
17 66
19 98
1 4
25 68
24 61
1 99
9 2
13 62
9 1
28 10
18 82
7 29
0 63
27 2
25 33
11 71
24 58
4 52
12 18
28 91
30 54
13 29
20 48
4 77
6 92
16 73
8 69
2 5
23 2
29 89
5 33
22 97
7 28
0 8
22 73
28 98
7 65
19 74
11 52
8 48
0 4
29 98
6 31
21 19
20 98
16 66
2 58
3 79
21 80
15 83
10 99
12 16
2 76
29 53
16 78
5 22
5 86
29 60
13 38
4 63
12 79
28 69
6 75
1 74
2 50
6 66
25 34
26 1
6 25
24 29
9 33
30 38
26 79
17 38
17 67
24 52
14 16
23 76
11 58
6 27
0 30
26 90
30 59
5 16
11 92
17 48
12 20
27 40
27 40
8 25
13 59
21 78
1 55
27 86
21 21
25 90
13 83
8 74
30 34
25 39
9 31
8 32
14 64
16 90
19 27
3 83
8 51
17 14
29 88
7 100
16 37
27 12
24 4
29 39
19 96
28 21
0 3
0 61
5 26
21 79
17 33
4 20
11 90
20 28
2 41
15 60
15 72
20 41
9 39
25 72
0 71
3 88
25 47
29 32
1 70
26 92
4 28
14 72
7 38
21 32
16 1
5 71
14 40
13 1
19 29
14 89
29 14
14 7
30 54
13 66
7 95
2 75
23 87
13 14
27 31
22 4
0 54
19 47
8 98
7 35
16 43
1 23
1 88
2 14
28 59
30 6
27 100
22 61
27 1
8 44
16 83
8 67
14 8
3 63
2 33
30 98
4 91
2 21
1 17
20 46
22 7
19 41
9 41
25 61
15 64
2 69
11 38
1 88
30 68
27 31
9 31
25 36
1 89
2 61
16 36
22 2
15 20
25 10
8 49
4 99
5 97
20 10
11 71
17 25
16 45
17 31
5 27
10 28
16 19
11 27
8 70
15 55
7 64
0 87
27 42
16 58
24 38
3 42
21 35
6 3
1 4
17 97
6 21
30 35
21 37
15 5
16 92
14 44
25 70
16 49
2 29
2 76
17 79
3 86
10 21
29 14
29 87
10 53
29 89
15 72
20 85
28 9
10 55
18 89
18 97
20 61
13 49
26 24
3 7
17 26
9 69
17 66
17 93
15 85
17 83
8 9
10 88
11 65
10 21
10 28
19 67
6 20
22 37
21 41
6 66
12 28
3 71
16 14
30 27
30 11
12 67
27 9
20 87
27 96
22 22
15 82
2 37
13 50
0 39
26 57
0 30
9 21
13 29
14 9
4 42
14 34
9 15
2 93
27 91
19 85
26 85
3 28
5 49
0 4
13 42
24 55
3 54
20 58
4 23
21 96
25 89
14 7
11 63
25 52
17 59
25 7
26 7
28 89
1 32
21 40
30 38
25 56
30 100
22 80
3 41
6 77
27 13
15 71
17 69
12 73
22 32
29 35
15 55
6 7
16 24
2 56
14 56
20 16
7 53
7 84
2 34
2 59
30 98
22 52
1 5
27 99
14 18
28 69
26 100
3 89
11 68
5 52
30 37
0 62
0 79
7 94
2 13
16 53
27 98
9 28
28 14
18 20
7 4
12 23
22 57
0 75
25 40
18 23
3 38
9 48
28 76
15 55
1 41
0 23
9 82
6 66
5 27
13 73
15 40
9 85
26 57
26 74
0 67
27 58
9 15
21 9
1 83
4 87
23 59
26 63
28 75
20 95
23 92
3 90
23 89
3 22
5 16
12 95
13 100
19 42
28 24
22 80
14 88
19 26
19 33
27 78
23 52
30 80
17 98
21 35
30 45
27 67
14 48
30 90
7 67
12 86
10 20
4 3
15 54
23 11
12 47
12 18
22 3
3 82
18 73
8 57
14 78
20 69
22 69
27 6
23 41
5 44
15 76
20 78
27 86
7 76
15 64
15 87
0 55
15 3
13 11
13 5
7 90
21 4
10 38
30 44
9 21
25 64
24 78
29 5
12 85
8 53
26 51
23 19
15 76
22 45
8 39
12 75
27 67
9 2
6 2
27 86
18 29
7 53
8 67
18 38
15 90
26 40
25 20
27 35
24 75
6 35
23 46
23 80
12 70
28 38
29 47
24 95
19 27
3 59
7 80
3 90
18 97
0 88
13 62
9 70
21 51
17 34
27 12
22 9
19 70
15 30
12 8
2 83
24 6
25 53
30 26
22 70
12 84
18 43
19 33
10 90
28 73
28 33
4 1
16 66
26 17
28 26
9 49
5 11
26 34
2 99
7 76
14 28
26 16
30 91
28 31
29 85
5 48
29 18
27 77
6 8
19 85
0 33
21 87
6 5
14 56
8 95
28 38
29 26
23 45
19 16
18 14
18 81
8 91
13 100
11 44
23 77
14 61
15 61
1 35
24 47
28 34
22 22
2 6
29 24
6 54
24 87
30 25
3 79
13 28
25 5
1 70
16 30
24 97
14 62
15 18
2 40
16 51
0 48
23 83
4 16
12 33
9 36
0 30
9 86
22 73
28 66
8 97
26 77
28 51
9 19
14 71
3 73
29 32
19 60
11 72
7 74
3 58
20 78
28 96
27 24
9 91
7 39
9 40
7 36
19 59
28 58
7 69
7 27
19 30
13 64
13 9
13 89
13 53
18 43
5 24
16 14
2 81
12 2
20 8
23 82
2 66
25 47
29 18
27 78
17 77
19 42
28 33
5 24
12 76
1 75
25 21
25 73
5 82
8 18
22 63
22 48
1 51
8 27
3 3
10 22
0 84
27 32
27 93
27 82
27 92
9 52
29 87
24 97
2 67
15 4
0 96
24 42
0 90
23 96
6 45
18 95
19 72
11 72
27 34
30 34
7 91
0 45
7 47
2 39
23 16
15 66
10 26
23 54
29 78
15 30
24 79
18 56
16 82
5 57
9 80
7 37
4 34
28 6
28 6
29 55
15 8
13 74
9 74
3 65
26 13
15 53
9 46
30 84
4 56
10 65
19 85
1 31
9 76
0 79
30 16
13 49
22 82
8 68
8 66
20 97
18 23
17 15
4 92
3 49
13 42
6 36
0 49
5 51
20 75
25 86
26 90
28 11
30 44
24 1
10 22
20 36
9 60
30 60
17 90
30 21
8 29
23 85
16 80
24 55
7 49
18 93
10 11
20 52
7 28
0 10
22 89
1 12
19 99
0 76
20 29
8 12
13 3
17 47
24 93
29 48
6 98
17 62
11 99
21 20
18 2
25 7
9 77
24 24
23 87
11 6
5 49
1 85
16 64
16 65
26 11
30 97
14 51
14 31
16 63
7 91
3 6
18 39
24 38
28 78
12 11
12 8
16 38
29 77
18 51
3 58
19 93
5 61
21 47
6 24
27 100
29 67
9 82
30 20
9 78
1 77
3 50
3 93
29 28
18 46
2 10
6 78
22 45
4 29
1 46
4 77
2 60
20 13
16 54
21 58
25 43
14 85
21 87
12 47
10 84
2 4
16 85
13 24
23 33
7 63
24 6
12 32
18 2
3 23
6 48
12 79
14 36
6 87
21 71
3 54
17 35
18 48
0 74
10 17
0 5
22 52
4 95
15 67
23 67
16 11
14 76
4 93
11 33
7 57
8 74
27 48
10 15
4 18
7 24
10 36
12 73
26 27
1 37
15 20
8 31
15 48
1 54
10 57
16 70
19 57
17 14
25 53
7 88
15 78
8 54
20 100
6 94
28 99
27 49
30 78
29 3
13 81
26 13
2 73
15 57
6 88
9 7
5 85
30 78
11 100
6 98
17 77
21 38
16 16
1 43
2 38
21 56
10 43
25 4
22 93
22 68
28 98
15 42
2 69
5 82
30 3
17 39
22 79
9 7
17 88
29 71
4 34
27 37
16 6
5 59
26 76
30 80
29 100
4 98
25 53
4 81
24 76
19 32
14 92
11 57
11 48
26 47
14 70
24 46
10 25
8 53
12 76
27 18
26 50
1 98
24 66
3 53
6 45
11 74
27 39
26 89
13 1
26 26
19 17
9 55
1 65
9 91
5 6
4 5
23 19
19 89
29 45
8 15
9 54
13 79
6 100
28 43
4 97
24 9
15 38
15 60
18 44
9 80
10 26
21 29
5 18
25 42
14 77
26 40
8 49
0 36
30 63
16 2
11 1
10 87
25 12
14 67
14 25
0 23
24 31
25 77
3 66
29 60
30 61
9 7
6 3
19 31
2 60
1 39
5 44
3 60
5 68
0 93
22 27
19 84
6 25
9 94
21 83
2 100
24 96
13 83
29 85
22 23
7 64
13 59
4 94
16 46
24 39
1 25
2 60
1 34
14 74
20 8
18 83
23 97
15 49
3 38
8 15
14 90
5 77
0 38
12 99
14 6
23 76
12 78
13 84
25 85
24 25
11 32
26 42
6 50
28 79
28 13
14 56
25 49
21 45
27 82
4 55
2 69
13 53
25 94
3 64
22 37
12 1
29 30
8 100
7 85
30 66
14 41
11 11
12 24
21 17
15 44
26 31
14 45
30 17
20 25
2 41
12 28
12 76
20 37
20 65
7 5
16 10
18 79
15 84
20 82
1 9
13 51
22 42
27 11
21 43
19 93
0 7
20 1
21 4
24 82
12 74
21 87
20 53
5 62
28 27
1 37
28 18
29 4
1 34
15 62
27 9
2 89
1 29
19 48
10 10
13 18
19 36
11 25
3 11
21 95
25 36
14 85
5 95
10 59
23 66
1 25
19 69
30 99
13 16
4 70
14 61
5 27
22 1
4 26
4 90
0 51
7 2
15 84
16 97
10 84
10 100
22 68
3 38
16 10
15 32
23 95
9 9
24 68
15 60
29 32
14 85
26 53
4 43
0 45
6 43
16 50
1 33
28 6
24 47
4 86
22 60
29 31
9 6
28 50
19 36
29 42
16 79
1 10
6 83
26 93
9 28
22 10
7 30
28 37
19 4
30 68
16 52
23 78
17 59
8 35
24 8
5 50
1 73
3 73
22 59
27 79
26 34
18 99
17 75
27 39
28 5
0 12
18 89
20 63
25 18
17 56
16 41
30 87
28 9
4 36
5 97
10 45
8 88
15 23
20 17
17 66
25 48
26 2
10 90
0 92
10 21
5 76
20 85
26 49
14 56
18 8
26 46
5 83
19 95
15 45
2 57
19 49
28 20
27 69
18 20
13 68
11 52
11 92
8 60
5 97
1 40
5 45
3 97
10 53
6 68
25 55
18 100
11 90
27 82
10 56
27 97
14 89
10 83
23 32
21 9
25 25
12 78
5 82
18 64
5 38
10 46
26 45
7 2
17 25
21 3
0 13
9 70
28 64
0 11
8 89
27 16
14 3
13 75
29 99
20 66
7 61
30 82
16 69
20 81
8 91
5 53
27 62
25 98
21 15
12 24
30 60
29 34
3 25
30 40
30 79
9 90
20 34
27 47
14 63
16 28
17 22
25 85
25 61
10 15
21 53
30 70
11 52
7 84
29 7
16 72
21 91
5 44
18 14
17 4
29 43
25 72
26 59
16 28
7 89
0 19
23 39
21 30
7 78
8 29
14 100
30 84
18 33
10 74
2 56
27 23
28 64
18 70
12 37
20 81
18 81
29 59
28 51
0 67
12 100
11 51
9 46
15 2
13 31
1 84
28 88
24 38
20 10
15 52
23 31
0 59
5 68
12 70
9 61
4 81
19 66
6 81
30 44
8 36
12 51
6 82
21 90
17 65
26 39
24 4
0 82
1 50
1 45
28 15
1 60
1 98
13 8
12 34
26 54
11 32
19 24
3 52
25 80
22 96
1 58
28 27
26 12
16 68
17 81
18 47
22 41
4 98
20 33
23 17
15 73
23 71
18 29
17 47
15 80
12 42
22 100
13 62
7 16
9 100
7 48
11 1
24 58
29 67
1 8
7 43
16 95
18 33
9 26
20 69
21 89
1 86
15 26
13 6
10 14
5 72
20 63
3 2
2 93
7 72
9 96
8 99
21 10
20 28
6 9
27 70
23 25
9 87
2 99
5 96
17 53
24 89
28 74
11 43
14 64
18 44
15 81
30 51
10 6
19 14
3 66
25 77
5 93
4 10
13 13
3 52
4 51
5 85
10 91
17 18
13 38
7 69
3 31
5 32
15 51
3 63
9 67
25 91
5 78
10 99
0 37
19 43
8 2
9 85
6 5
21 82
26 81
4 61
0 22
2 20
1 83
6 31
15 68
28 20
2 8
29 97
22 76
4 44
1 53
8 33
16 70
4 13
23 65
19 42
21 22
8 63
27 66
20 56
1 25
30 50
13 84
16 76
19 43
25 38
13 60
0 67
23 47
13 52
23 99
10 60
12 68
5 42
15 72
8 87
27 69
14 82
9 54
3 65
0 94
25 98
15 63
2 19
28 60
17 55
8 56
26 22
16 30
20 43
23 7
9 86
22 6
25 28
8 13
1 62
4 5
21 61
26 67
21 20
19 13
22 76
23 39
6 73
20 27
14 92
8 64
28 81
1 96
25 43
21 28
25 31
23 94
25 49
3 12
7 29
4 84
24 55
11 80
22 63
29 56
11 14
12 27
25 45
8 50
0 89
29 10
16 4
8 28
20 85
12 92
8 26
12 25
26 17
8 87
29 98
15 35
29 30
28 36
19 99
8 82
17 1
11 83
30 11
0 80
4 26
5 29
12 56
20 9
2 33
3 24
22 34
1 98
21 8
14 80
11 58
10 20
4 99
30 89
11 65
1 16
2 32
2 38
9 85
17 58
21 34
21 10
12 81
26 38
23 96
0 28
0 42
5 25
5 87
17 11
6 22
9 13
23 5
17 44
21 12
22 32
25 83
18 72
11 62
3 71
5 71
17 31
26 100
21 19
1 98
22 25
3 70
7 63
22 67
22 28
17 89
9 65
20 15
26 25
14 84
14 56
24 1
28 84
19 77
25 12
3 9
20 38
20 49
5 33
14 88
29 18
27 64
30 42
1 54
22 4
2 69
17 40
0 43
21 32
8 94
6 96
26 47
5 49
21 71
15 58
21 17
16 88
16 4
10 70
3 60
14 71
13 31
23 14
11 75
28 4
10 64
24 72
25 27
21 40
16 21
13 64
15 89
16 25
2 77
8 93
10 12
21 3
28 64
0 16
15 89
0 79
5 24
29 20
11 35
1 11
24 39
1 100
16 7
21 85
6 73
10 38
13 100
23 8
23 95
2 37
12 98
11 88
3 9
6 4
17 72
8 97
0 31
8 25
23 1
8 7
13 67
14 90
17 58
14 7
1 45
16 46
19 59
5 23
20 76
20 82
4 60
20 18
0 53
15 2
11 20
6 72
26 40
30 39
25 3
14 8
2 95
17 2
24 78
25 17
12 57
8 18
6 32
26 75
27 26
14 70
20 63
9 56
14 38
23 57
1 68
23 95
30 74
27 38
0 16
21 37
22 85
18 40
13 51
21 54
7 60
28 81
7 58
10 27
10 99
17 79
6 50
25 47
9 48
1 78
12 74
17 37
8 3
28 29
26 23
15 95
19 32
23 62
17 75
3 52
13 59
30 5
8 81
20 2
14 80
18 86
29 93
6 76
30 53
20 65
17 27
25 75
7 47
26 85
5 85
15 49
10 30
26 29
20 92
17 92
17 7
1 76
19 82
12 90
20 26
29 56
2 21
11 6
15 40
8 64
19 25
11 48
22 47
14 48
5 100
17 67
11 21
3 27
2 95
15 93
29 87
24 10
9 90
19 78
27 67
9 82
10 35
9 94
27 42
26 36
20 68
1 8
29 56
4 53
5 13
27 30
12 13
22 12
22 5
21 43
7 71
7 14
11 82
14 82
7 10
13 7
27 97
11 1
2 88
27 83
30 86
21 93
10 27
24 84
22 21
0 54
21 89
20 96
13 77
1 67
19 6
12 84
26 6
26 65
14 43
18 90
5 61
3 57
2 81
11 47
6 92
26 78
23 16
6 33
3 35
24 41
1 80
19 20
28 59
13 27
5 2
24 9
20 9
0 47
25 99
10 75
7 51
12 19
22 57
26 74
12 75
9 18
19 69
24 86
7 32
29 72
27 14
8 23
19 60
7 77
28 14
17 25
25 4
9 32
3 5
0 43
18 47
6 99
27 53
7 91
11 22
10 59
20 4
23 57
4 2
25 6
28 86
1 93
13 100
22 4
14 60
17 36
15 68
