100
21 98
3 71
4 86
10 93
11 12
11 18
10 93
19 37
28 39
24 16
6 43
4 89
4 47
27 48
9 81
2 38
27 100
11 45
4 16
12 86
22 70
14 53
14 78
18 36
19 48
14 63
6 32
2 91
17 28
18 63
21 29
15 25
10 33
20 96
29 49
28 48
4 54
5 99
11 78
30 47
1 63
14 30
30 79
11 11
1 49
24 91
0 67
17 37
1 73
1 6
8 77
18 95
10 79
19 52
0 12
7 10
2 90
26 35
17 27
19 96
18 87
24 17
14 69
24 78
1 83
3 97
10 65
11 61
4 91
24 82
2 55
18 89
30 45
11 46
23 54
10 94
11 50
18 61
20 30
10 6
29 74
6 40
7 54
17 13
0 74
14 15
4 30
2 97
18 77
2 77
3 70
30 93
19 48
9 8
20 71
16 38
29 40
3 93
20 47
13 76
3 71
3 87
28 12
2 64
17 50
7 93
4 6
18 88
14 71
9 31
18 63
28 56
0 4
2 65
22 61
26 18
9 3
3 85
6 90
7 26
27 20
9 82
26 15
16 48
26 16
6 13
1 61
2 24
18 4
7 94
3 52
18 49
7 44
10 86
16 83
7 80
6 53
14 74
15 17
8 73
14 33
0 46
27 87
30 23
16 100
17 75
2 12
30 87
30 45
9 39
19 94
18 41
22 55
21 23
7 24
19 73
1 73
6 18
10 4
16 41
29 82
18 53
10 29
30 91
1 22
10 50
23 64
26 88
9 78
22 5
1 33
19 48
26 37
23 69
5 78
19 27
8 28
19 9
25 89
10 57
11 78
13 73
10 27
5 99
3 81
20 15
0 94
8 48
3 91
9 46
10 17
7 3
11 62
1 40
4 2
26 67
19 3
16 20
22 86
21 95
5 6
2 89
11 36
3 45
13 35
21 74
25 59
5 73
4 90
19 96
16 36
15 75
28 50
14 8
13 94
2 6
22 4
0 9
29 96
22 57
16 92
19 61
21 22
26 23
8 67
12 55
8 21
8 31
7 90
0 98
28 2
29 98
18 21
5 63
11 28
17 39
11 95
19 82
30 25
13 94
10 31
18 52
15 99
15 93
6 66
8 28
19 20
29 3
24 1
19 85
19 55
21 73
5 48
14 46
30 23
7 28
25 1
20 100
27 86
14 30
9 14
17 21
25 93
5 78
26 81
19 76
24 25
12 56
30 94
8 23
29 7
7 56
6 18
8 97
14 9
19 15
4 6
23 100
14 41
18 23
2 18
2 57
5 78
30 4
25 73
28 35
17 41
18 39
20 6
7 38
1 29
18 84
26 77
15 33
30 37
3 55
27 44
7 2
20 80
24 39
27 18
28 29
16 69
23 43
15 23
0 8
18 11
15 52
1 91
20 79
1 69
7 85
12 44
15 55
19 59
21 25
6 82
10 34
14 49
0 50
29 16
5 46
1 2
4 74
7 4
11 90
30 66
30 48
5 86
28 70
28 94
8 13
26 29
19 49
25 11
6 89
4 3
19 56
25 37
27 12
21 59
3 9
27 69
0 78
8 53
30 51
29 80
10 36
23 96
28 33
1 23
15 65
26 53
9 10
18 8
4 57
16 37
30 67
2 39
19 57
26 58
27 53
19 94
0 74
2 8
4 34
25 44
29 49
28 93
14 1
1 94
11 97
3 94
18 82
5 8
30 13
27 68
15 12
30 34
5 98
26 4
26 74
12 28
7 17
9 100
19 45
27 63
15 14
16 43
14 39
12 11
13 87
20 59
20 21
27 85
9 84
24 98
23 72
6 56
15 38
30 19
26 67
4 21
20 91
0 86
12 73
5 61
25 26
25 25
28 45
29 12
10 31
7 3
9 86
11 46
12 51
30 72
15 15
1 43
17 31
15 60
13 22
14 42
11 49
30 87
5 56
23 94
20 21
7 93
26 86
9 46
19 84
1 51
5 20
15 97
23 88
5 87
28 11
6 56
18 99
21 28
5 83
7 39
3 17
29 27
18 6
30 76
11 47
25 36
5 77
21 80
16 38
10 94
29 55
27 72
4 6
7 55
6 42
8 52
2 55
23 73
24 52
20 61
4 65
18 12
28 71
22 67
27 43
11 11
21 33
3 22
16 5
15 54
1 5
17 24
14 22
16 29
10 100
17 96
11 27
15 66
23 23
10 41
30 90
11 18
5 48
30 62
18 85
21 74
18 44
7 88
8 78
9 49
7 45
16 82
26 47
30 99
27 5
9 41
29 30
2 14
20 51
2 14
0 29
29 18
14 96
19 63
7 71
15 70
15 47
22 30
17 72
13 14
23 78
25 23
3 15
30 34
10 52
26 92
10 53
22 17
5 48
0 44
0 12
17 56
0 64
13 3
19 72
10 23
9 20
14 71
5 17
6 39
7 47
17 19
24 5
19 96
24 95
19 59
18 49
15 58
8 50
24 15
15 81
13 22
5 5
15 71
20 50
26 67
26 97
8 30
0 45
19 85
2 19
3 49
0 67
17 96
20 74
20 84
26 27
23 61
1 36
18 15
5 41
3 68
27 17
22 29
24 65
2 28
21 89
12 15
2 60
25 77
5 44
1 42
11 23
22 82
12 49
21 85
24 50
18 20
26 5
15 16
14 81
29 11
20 5
10 85
10 74
25 62
27 63
1 5
1 7
2 27
0 93
8 17
1 40
29 45
6 41
15 100
5 12
12 51
13 64
15 28
25 9
27 93
5 81
12 30
5 7
23 71
5 52
27 1
12 69
29 49
12 80
18 97
23 31
27 82
10 84
14 38
17 96
2 89
2 26
23 87
19 98
30 45
14 95
13 76
21 46
29 23
6 54
21 90
7 98
30 17
14 57
2 31
18 93
8 78
1 45
0 88
21 42
0 79
11 73
15 25
11 86
14 8
15 36
6 70
3 70
20 26
16 58
3 7
6 58
26 55
19 35
28 50
7 89
27 47
17 32
12 52
9 90
20 89
9 98
15 80
20 26
20 36
8 36
19 65
1 3
4 72
1 33
13 33
29 64
13 40
12 73
28 10
24 27
13 39
14 17
11 51
0 76
16 96
23 55
17 40
10 10
27 70
13 47
12 66
30 41
27 21
2 55
8 39
2 31
10 65
24 61
24 43
13 50
1 99
12 36
9 25
21 79
19 93
21 6
7 34
4 49
13 33
16 3
2 55
30 5
11 82
1 63
27 52
19 13
11 93
8 56
25 57
7 66
27 28
15 85
21 89
1 77
16 40
2 93
10 42
26 74
22 16
2 99
12 68
17 88
24 89
29 20
21 66
9 94
19 19
0 100
4 37
17 90
10 50
15 20
13 3
6 83
30 23
22 70
22 12
13 81
30 56
8 28
20 14
4 86
15 20
25 8
10 61
4 15
8 41
23 20
16 25
25 96
12 48
28 15
19 57
12 12
8 98
3 4
16 25
21 67
10 37
0 71
29 17
10 11
15 49
4 26
15 28
26 5
27 20
13 81
10 89
19 29
17 83
10 45
23 73
17 22
25 63
18 22
9 91
21 36
25 8
20 87
0 17
0 17
16 41
7 37
9 34
15 54
17 27
4 11
27 81
23 70
15 4
16 52
9 70
26 33
16 38
14 55
0 16
15 93
20 91
3 91
24 44
9 15
1 21
27 71
18 78
22 24
24 48
7 78
26 69
18 56
24 6
20 72
28 77
16 11
10 100
5 42
26 58
24 56
25 59
23 36
19 54
25 2
1 18
16 70
21 7
16 40
23 11
30 22
8 36
17 95
19 20
10 100
28 42
10 57
15 85
30 4
23 30
12 1
26 66
3 71
20 16
22 98
0 50
24 90
28 70
13 64
14 97
13 41
6 37
25 38
15 65
9 43
27 59
14 82
3 57
2 51
24 65
18 89
23 43
2 18
22 34
26 96
17 38
23 7
1 71
14 84
28 97
30 42
7 17
24 66
0 34
25 83
28 60
19 61
30 14
8 75
6 95
9 97
16 42
0 67
18 20
29 64
29 59
19 2
19 29
4 70
20 23
8 7
23 87
17 2
19 38
22 63
7 87
18 80
10 92
19 83
13 54
2 66
21 53
23 89
0 3
24 84
20 5
8 81
0 72
12 97
11 56
28 16
17 48
2 72
8 13
2 17
7 98
26 93
16 75
27 83
13 2
2 24
27 77
14 1
16 13
28 2
8 58
17 23
27 63
5 29
0 37
5 94
29 100
3 100
27 63
12 75
1 32
22 5
5 50
30 70
15 90
13 15
26 7
21 28
30 3
6 33
2 31
30 57
27 13
4 90
14 66
30 74
28 44
3 29
3 8
15 29
12 80
18 30
26 86
29 3
15 57
8 18
12 38
11 93
11 12
18 51
14 86
8 55
8 28
0 16
25 53
8 61
18 46
29 62
9 80
12 55
17 67
8 11
7 84
21 63
22 17
30 30
0 87
2 57
25 73
0 29
29 37
22 63
28 85
26 21
10 29
27 28
9 89
3 4
15 74
26 67
4 6
0 38
20 100
17 9
6 35
5 77
4 65
22 41
2 58
4 16
13 49
29 31
25 4
17 72
30 68
9 54
11 2
24 30
27 16
19 33
30 16
13 69
0 74
5 67
30 96
20 6
13 91
13 2
27 66
12 32
11 77
3 90
29 92
14 56
13 3
1 9
7 20
27 71
15 64
20 49
15 26
9 82
22 60
13 44
9 74
19 73
17 35
9 51
3 47
20 68
3 71
14 76
29 59
2 81
11 21
29 44
14 53
8 27
17 58
1 64
26 22
30 67
4 4
11 20
15 97
17 55
18 84
10 70
24 59
3 55
12 47
14 15
3 55
26 83
6 92
24 58
3 34
18 45
27 40
8 92
18 72
0 78
5 43
29 91
26 77
13 37
22 59
30 14
0 15
3 65
29 18
2 50
1 2
29 49
23 59
2 16
1 30
1 79
24 60
11 60
1 13
20 41
14 41
15 42
2 52
30 66
29 46
13 64
8 46
5 4
7 80
19 94
24 95
1 65
10 62
5 90
27 4
17 28
27 9
28 6
26 66
2 78
24 5
28 43
12 57
30 13
5 92
13 73
13 39
18 14
18 16
1 52
22 95
7 48
4 30
15 90
29 27
18 62
8 17
5 70
16 42
11 89
15 54
29 66
25 51
1 79
9 91
28 45
6 37
9 91
7 48
27 68
26 97
18 8
12 34
15 58
27 66
24 34
7 76
22 43
19 5
10 18
22 55
22 7
12 44
12 1
23 89
24 22
15 25
0 2
24 55
4 70
19 80
8 60
19 1
25 17
29 11
28 5
20 4
9 24
11 16
9 69
15 29
7 85
7 25
21 13
3 33
15 17
18 86
20 58
10 28
7 42
5 88
13 7
26 13
21 98
2 87
13 8
4 54
8 3
24 18
16 84
6 48
3 46
9 84
13 35
8 70
17 100
7 8
23 26
8 48
9 56
10 76
5 60
28 78
3 29
30 79
20 81
19 43
17 93
1 8
11 95
30 70
12 37
24 100
18 68
29 65
22 41
20 49
5 85
9 55
24 19
29 22
4 67
17 42
13 82
21 67
4 43
10 41
24 63
26 27
0 90
26 44
22 2
30 99
1 28
29 90
5 32
11 52
25 38
6 81
30 2
10 31
3 8
3 14
17 75
28 21
21 79
1 64
19 68
20 11
14 55
21 19
27 49
4 60
5 52
19 44
15 26
14 33
3 90
0 97
3 55
23 96
8 43
25 34
7 47
1 72
30 37
22 5
6 34
20 69
6 43
24 1
13 20
10 89
17 6
5 3
18 44
15 6
15 99
10 9
22 58
28 32
7 19
17 63
17 54
21 17
20 35
3 14
14 73
21 81
18 28
11 30
12 11
1 9
22 67
23 80
15 55
9 89
9 82
2 1
4 54
9 32
15 88
16 25
6 1
7 58
4 6
8 54
13 92
15 48
27 10
21 54
18 43
4 48
14 65
15 8
19 95
19 53
4 25
15 86
22 22
8 92
15 21
1 56
9 42
30 63
13 89
15 61
2 37
8 38
26 24
11 80
2 86
17 87
11 92
9 13
28 2
20 100
24 81
21 83
19 82
5 18
19 42
21 48
11 60
25 21
17 40
6 5
30 10
13 28
14 50
19 11
3 46
15 80
18 54
5 75
26 44
23 65
20 6
25 2
5 21
11 53
12 44
0 48
15 16
17 27
19 9
1 73
27 15
2 48
5 7
0 59
12 49
14 27
28 14
13 32
8 79
6 8
26 33
5 92
24 2
10 77
13 55
21 32
16 41
9 36
9 33
1 25
30 94
11 29
18 25
11 52
1 64
27 82
14 47
16 4
28 64
23 54
1 57
14 1
1 50
6 10
7 93
3 29
11 71
1 17
17 13
10 23
9 55
25 24
18 90
28 10
25 19
6 38
14 33
4 39
11 5
16 81
17 37
18 6
19 47
8 79
26 99
13 49
3 6
11 66
21 8
27 88
24 89
21 13
7 19
16 65
19 83
9 54
14 96
27 5
24 66
19 27
22 98
15 57
0 49
9 37
10 31
4 17
14 3
21 31
27 20
14 94
8 73
4 29
19 75
0 94
17 23
27 80
2 82
13 13
21 12
29 29
1 34
23 64
14 18
6 46
5 82
27 86
8 74
26 87
27 76
10 21
16 25
18 14
3 59
15 21
11 30
11 18
17 60
24 86
26 31
19 55
30 83
26 50
10 17
10 19
10 29
22 12
9 60
8 59
18 92
12 46
21 83
27 8
14 89
4 31
21 72
1 96
23 22
10 81
5 91
25 58
2 33
6 20
30 73
18 22
7 100
10 69
17 96
1 67
7 95
9 14
11 80
30 39
16 86
9 2
8 83
26 5
24 12
7 51
15 89
22 25
27 42
9 90
21 72
17 1
9 60
8 88
19 28
10 94
11 99
29 9
21 40
23 47
22 43
11 13
23 61
8 54
10 50
17 11
6 87
27 39
29 2
2 64
3 63
8 95
6 47
26 9
29 35
18 47
26 91
22 56
21 78
5 37
12 12
27 6
16 70
11 37
13 49
7 2
8 39
27 97
26 31
21 55
27 30
20 77
24 82
16 87
27 25
17 39
10 86
22 34
29 46
1 60
16 58
28 61
25 71
19 52
20 99
9 80
4 80
22 49
10 94
20 79
23 23
8 13
24 79
26 93
13 39
5 40
25 33
17 50
1 97
11 32
3 3
19 89
21 98
19 4
15 84
13 33
12 56
19 78
30 99
0 59
10 29
2 49
1 43
27 33
25 88
20 12
1 3
0 15
5 5
7 20
16 100
30 63
9 81
25 39
11 53
20 43
25 8
22 84
11 34
20 3
3 5
20 52
12 47
2 63
15 7
14 50
1 59
16 37
9 29
14 22
20 89
8 83
19 73
24 73
1 67
24 88
3 20
16 95
27 7
27 71
18 25
18 34
11 59
20 22
26 7
6 69
10 78
30 17
25 36
6 54
12 81
14 27
13 7
14 15
21 85
0 47
16 48
4 67
5 76
1 40
27 24
3 88
23 69
22 53
29 56
28 65
2 77
4 59
21 85
11 32
21 32
23 63
2 99
12 68
15 8
13 9
3 43
26 26
6 5
27 75
6 75
23 30
22 89
1 8
26 16
8 60
30 23
20 3
30 97
11 9
29 40
5 94
6 81
19 87
28 77
2 11
17 42
17 9
14 15
14 19
18 43
23 63
29 91
7 66
8 9
7 98
8 9
0 66
17 96
20 12
1 88
7 88
2 22
30 25
24 20
11 7
14 72
23 46
27 32
25 8
25 62
14 91
1 36
14 66
5 35
8 54
6 56
3 3
6 70
2 72
6 1
25 4
13 42
6 27
12 58
0 79
21 14
11 45
7 60
29 35
17 16
25 72
28 82
24 10
16 56
7 58
2 31
16 12
3 43
17 46
3 15
3 91
30 21
17 46
20 4
8 100
5 97
16 18
5 6
16 95
0 51
22 56
10 91
7 29
13 92
30 13
11 53
27 47
13 68
24 74
19 83
5 49
3 36
20 16
14 20
28 21
2 73
22 98
15 37
29 94
19 58
28 16
19 32
5 45
25 29
28 14
23 64
11 14
2 13
17 56
22 82
27 39
1 61
1 70
4 85
4 86
29 56
7 19
17 61
8 91
7 73
1 69
17 14
6 56
7 95
2 1
23 92
26 15
30 13
12 68
11 71
13 81
26 12
5 93
18 25
8 16
21 15
30 53
28 17
8 64
1 14
18 42
10 94
12 48
6 22
2 10
21 16
7 6
21 2
9 8
9 96
25 36
26 61
4 6
28 34
7 53
2 52
28 96
27 27
10 56
27 63
29 81
15 44
21 39
12 55
18 38
24 92
9 55
26 48
19 22
28 54
15 96
9 47
19 97
9 53
23 90
1 17
25 32
7 88
30 75
16 19
28 97
18 10
5 32
18 43
11 6
21 21
24 4
15 11
10 39
3 71
27 34
13 74
2 57
1 96
25 31
1 23
29 11
9 21
2 1
7 57
21 64
13 80
21 90
10 59
17 28
17 57
22 51
11 24
11 43
21 74
2 6
12 93
23 39
15 6
10 54
0 58
23 58
16 52
3 62
17 56
8 70
11 13
4 56
20 73
20 38
19 54
17 61
11 5
15 82
29 88
5 95
18 15
28 58
13 59
3 70
6 85
8 39
6 44
22 48
19 56
4 75
18 96
0 59
5 52
29 9
28 64
5 3
8 46
12 66
7 62
12 21
28 38
17 56
2 81
19 17
7 76
0 76
15 84
11 8
26 15
6 66
4 62
3 16
24 60
11 67
2 20
7 55
2 33
7 100
9 16
19 14
8 33
12 9
9 24
9 82
11 50
14 51
3 44
9 83
13 77
23 78
3 82
25 84
21 21
26 95
30 1
16 44
18 100
3 10
27 20
22 70
16 93
11 61
9 51
7 82
24 73
22 68
14 75
20 68
23 33
21 56
23 12
24 86
8 63
21 39
27 20
10 23
24 21
18 8
24 2
8 79
25 71
8 44
10 94
0 96
24 52
11 7
18 64
20 67
8 95
0 98
18 26
14 45
24 35
2 46
12 51
6 54
21 77
22 24
11 48
25 25
3 26
28 84
17 93
22 61
26 56
25 22
9 3
21 70
5 59
27 60
0 36
11 52
6 60
1 1
20 11
12 65
4 99
10 44
6 43
13 23
11 40
7 54
21 36
29 75
27 15
21 84
21 49
9 14
13 6
0 18
13 43
20 11
24 51
14 80
23 40
29 41
26 74
4 54
15 95
1 10
11 47
14 39
0 30
28 52
20 100
4 13
23 81
2 49
1 5
2 21
27 32
0 88
8 32
20 43
14 55
24 63
1 25
12 16
1 73
29 4
25 47
3 68
16 63
28 97
18 71
18 92
1 48
21 76
14 62
8 54
12 42
20 55
25 54
25 32
24 83
13 4
23 24
26 48
7 70
11 24
27 84
10 64
20 69
23 25
1 9
21 28
21 58
3 67
27 100
13 89
20 5
15 80
2 45
16 11
17 91
12 27
0 68
17 100
27 39
25 54
25 50
23 5
7 83
8 10
28 94
0 86
14 48
12 94
24 37
5 100
11 29
5 95
4 91
10 37
4 1
10 11
28 69
14 53
5 74
3 68
7 66
16 57
6 92
26 14
6 9
16 58
11 20
10 59
2 49
8 41
21 34
17 83
17 43
13 83
24 6
20 30
25 17
23 39
28 78
13 22
8 81
9 74
29 65
1 94
19 61
24 8
8 69
9 42
12 79
10 98
6 85
5 93
16 19
28 46
11 54
16 77
16 22
22 91
17 57
5 5
4 92
9 83
24 31
9 78
27 59
16 73
27 46
2 23
9 82
13 100
12 62
19 2
12 100
18 42
20 99
9 24
18 25
22 57
8 98
23 25
12 83
22 46
13 99
21 70
17 5
13 31
9 15
2 91
22 25
23 79
14 68
30 20
23 72
8 37
24 1
21 59
13 89
3 74
24 27
0 68
23 11
6 79
25 15
14 33
27 40
5 31
0 70
6 67
2 51
2 63
4 87
22 2
29 51
12 8
12 97
16 67
28 33
29 75
24 65
0 95
7 37
3 79
12 70
29 82
8 53
11 39
19 27
21 14
1 61
9 5
3 42
29 35
4 45
0 46
0 38
10 25
4 53
18 1
10 100
16 100
15 82
22 44
20 87
15 89
3 39
14 97
1 49
20 33
10 3
1 63
8 8
2 44
5 22
9 68
10 32
24 43
12 36
1 13
23 15
4 91
26 70
28 80
21 67
4 61
18 41
9 4
11 93
30 25
4 31
15 63
6 41
17 84
1 20
19 74
16 47
28 79
11 87
21 85
30 49
6 92
26 66
21 87
9 2
0 97
9 69
14 89
2 62
28 4
28 18
16 48
25 35
26 21
12 88
30 83
19 51
9 32
21 71
8 54
12 97
27 66
1 78
27 9
16 78
28 52
2 27
13 91
19 77
29 89
22 63
10 87
27 20
11 10
28 60
24 96
26 55
17 66
15 5
12 61
19 79
6 82
25 62
7 77
19 96
13 5
26 47
23 56
4 67
2 37
7 16
17 32
11 49
7 3
30 63
13 26
25 58
13 95
29 93
13 26
21 70
27 94
27 50
6 54
23 5
19 5
18 36
28 66
16 65
13 10
21 94
4 69
17 59
0 72
8 68
6 59
25 5
6 31
18 83
10 3
0 81
18 54
14 93
3 33
14 81
5 30
20 75
11 52
10 58
16 61
0 13
14 85
27 18
14 77
25 74
27 89
9 50
18 15
13 6
2 76
20 24
10 71
18 18
3 64
28 99
23 94
21 46
13 48
1 68
22 88
29 40
6 74
30 42
3 49
2 94
7 47
4 59
17 73
0 53
12 45
13 59
28 73
5 32
3 55
2 74
29 98
26 65
23 4
1 41
10 27
22 99
23 81
23 43
20 63
20 4
12 50
27 32
13 34
28 41
4 34
23 20
16 32
24 61
24 94
15 95
3 76
29 3
3 50
22 97
12 95
1 21
17 33
17 38
23 62
30 63
22 28
10 37
20 16
26 31
0 32
6 47
23 53
30 75
1 9
10 40
30 40
10 20
3 59
20 25
12 14
1 12
27 75
21 7
26 10
27 99
16 30
16 87
12 41
23 57
10 68
9 15
24 98
18 67
14 20
3 47
17 63
19 26
11 95
15 27
30 75
29 24
12 14
25 62
17 76
21 19
23 13
9 94
19 23
22 31
22 76
26 7
19 27
19 58
29 6
30 2
26 87
13 10
12 4
21 21
1 94
14 7
27 96
11 66
2 100
3 34
23 68
16 7
4 95
24 24
18 14
15 12
24 86
9 26
29 17
10 85
29 52
17 31
20 3
28 64
14 56
20 97
18 98
22 92
29 48
4 42
13 87
4 92
28 98
19 64
0 64
17 60
22 84
6 87
22 31
8 78
0 80
16 45
21 79
14 11
8 57
27 50
12 65
9 14
21 79
28 11
22 17
15 49
24 53
7 95
4 16
12 68
20 63
3 32
23 93
28 4
13 1
0 45
18 6
10 17
4 81
12 61
20 30
9 89
27 81
4 80
29 68
9 60
25 92
8 43
21 79
13 58
20 21
14 21
23 53
26 73
0 57
30 50
16 22
1 14
19 47
0 94
28 63
12 84
27 52
7 79
11 55
1 65
17 77
17 71
5 21
11 82
29 81
13 69
8 18
26 91
16 17
6 78
27 79
3 85
29 89
17 23
26 58
0 99
22 68
24 88
11 74
22 2
17 74
19 82
17 70
26 43
28 70
7 83
12 47
10 8
22 54
5 23
13 75
11 8
26 90
1 73
25 98
21 9
23 90
30 31
7 31
30 76
22 88
7 14
11 40
27 62
6 81
24 88
22 20
1 92
10 3
4 93
10 12
2 44
8 10
7 20
22 64
21 77
23 31
21 63
25 82
23 19
7 75
21 32
10 100
17 56
21 50
8 69
9 31
0 22
29 37
8 92
25 59
7 77
11 100
0 65
15 22
23 24
2 2
9 37
4 26
28 8
26 22
24 22
17 3
16 81
18 79
0 61
5 88
2 81
26 58
1 7
30 73
22 43
6 75
17 68
29 36
18 74
18 89
11 34
21 50
19 8
18 30
15 41
25 78
17 7
30 10
21 36
17 72
16 89
30 23
20 78
8 55
5 1
8 83
29 42
6 21
3 70
0 32
2 89
15 63
28 42
18 23
8 91
17 60
5 67
20 4
17 7
9 51
25 64
19 91
21 34
3 19
1 99
24 78
22 87
29 23
26 88
4 50
5 97
29 65
14 44
17 1
25 53
3 87
27 69
20 86
6 44
9 54
22 75
1 31
13 6
24 7
30 37
27 22
27 2
20 30
23 16
26 23
28 40
29 47
8 11
3 83
12 38
22 81
2 99
28 5
29 94
28 25
28 25
29 37
1 89
26 4
21 29
16 57
8 62
10 53
24 7
14 15
20 50
15 94
23 83
2 75
7 97
3 36
5 87
19 33
15 24
6 42
17 63
11 64
6 38
4 17
23 2
28 54
11 34
15 89
21 78
0 77
24 72
0 34
30 39
16 59
30 8
1 95
3 50
19 80
3 39
1 74
5 32
1 90
16 49
0 72
6 17
4 64
0 56
9 87
21 67
17 95
7 13
28 88
27 17
16 14
10 100
22 95
29 23
17 57
24 54
17 13
20 7
23 25
21 63
20 51
9 52
27 33
14 8
19 58
26 99
26 70
23 95
2 32
1 69
25 25
27 27
30 53
2 64
22 92
14 24
26 97
28 3
27 44
20 45
17 93
2 85
4 21
29 64
20 80
15 39
28 26
7 7
29 29
25 54
29 98
16 51
11 93
5 6
29 11
28 8
10 76
2 61
14 62
17 87
28 15
4 44
4 65
24 24
13 39
11 93
29 54
1 40
6 79
28 26
21 47
18 4
11 43
21 71
7 32
11 80
6 39
28 5
29 30
30 39
22 55
1 76
23 98
23 98
7 64
0 84
13 17
30 46
1 99
18 100
29 66
14 49
8 57
13 97
29 8
26 40
8 35
1 80
12 13
17 99
20 78
28 29
6 98
10 15
20 84
16 28
27 89
20 88
7 10
21 68
25 87
16 46
27 68
23 57
19 71
10 67
11 80
9 46
13 74
8 90
0 66
23 84
26 35
29 73
1 14
20 45
2 84
17 96
20 63
22 39
20 95
13 60
15 30
11 18
26 7
23 61
24 71
15 19
18 65
7 29
4 6
8 93
25 53
27 10
27 64
7 30
11 7
24 99
26 40
16 1
2 13
21 75
8 71
12 76
20 75
13 30
1 88
26 37
10 31
21 68
19 81
1 63
30 20
8 91
4 61
16 70
10 3
4 48
29 98
15 62
27 28
10 30
30 89
30 64
26 32
1 59
6 66
21 72
6 38
25 21
29 12
5 81
3 6
20 23
29 76
25 80
6 17
23 42
28 29
2 4
21 37
4 23
2 5
1 95
6 45
12 29
8 42
19 55
5 37
15 67
3 84
26 79
28 63
14 28
6 24
7 99
0 95
3 97
4 54
1 14
18 14
8 79
19 17
22 46
30 15
10 36
0 19
9 79
4 93
19 5
3 12
6 90
13 22
21 94
13 19
9 4
19 80
27 1
17 94
4 82
11 1
9 62
24 33
20 80
24 13
10 78
9 77
27 98
6 99
0 94
1 37
12 17
8 37
18 40
3 19
22 30
8 27
8 37
5 15
19 30
2 85
4 64
11 1
21 56
5 44
18 73
9 3
14 56
27 31
2 90
20 72
12 15
1 90
13 62
8 22
10 14
10 19
11 85
24 15
0 3
8 16
26 11
13 62
18 29
11 65
28 51
12 19
22 28
23 14
16 58
13 81
20 36
1 38
1 74
9 2
13 22
11 46
2 54
10 73
10 15
27 92
30 50
16 99
5 74
15 95
2 37
29 100
6 86
9 73
1 76
10 41
15 36
19 81
14 95
14 84
10 45
14 32
8 97
4 3
23 45
2 89
25 6
18 22
4 48
3 98
17 92
3 73
28 47
27 30
29 70
28 71
0 78
11 60
24 16
13 50
17 67
30 62
6 20
5 48
7 54
0 25
20 15
29 49
16 25
21 95
20 86
14 86
28 1
18 52
30 52
20 97
9 70
21 10
8 94
20 83
29 35
30 70
28 10
17 70
20 10
28 24
24 19
29 17
26 30
6 22
26 44
5 81
2 23
14 11
7 45
24 44
9 7
12 71
20 37
30 97
10 57
10 85
27 70
4 13
10 64
0 64
10 14
25 9
18 24
10 96
16 63
7 78
20 50
28 51
1 42
9 56
18 46
10 68
18 34
24 17
6 27
9 43
21 86
11 67
18 66
17 15
5 17
18 72
22 60
