100
25 13
30 5
10 25
7 50
23 16
27 56
13 74
19 5
30 96
8 100
4 38
27 74
30 89
4 44
5 89
0 49
20 96
14 42
22 7
19 61
15 85
22 36
7 96
7 68
23 50
25 4
28 10
19 52
29 42
27 93
30 89
28 47
25 17
16 27
20 37
17 81
25 29
18 5
9 77
11 13
21 68
11 90
1 24
30 20
24 79
12 41
12 4
11 12
5 56
24 42
18 78
21 96
27 88
1 35
1 66
11 29
12 77
10 27
1 96
23 20
12 10
29 97
18 60
17 95
25 46
19 95
5 65
11 49
15 11
19 63
13 10
23 52
19 56
25 60
19 65
19 9
19 83
12 28
17 92
20 66
30 95
24 79
24 70
10 23
8 40
28 52
12 34
25 3
26 78
24 19
24 74
0 96
29 34
12 92
8 47
0 72
28 62
9 39
2 37
2 59
16 68
4 2
11 7
28 26
1 36
15 8
13 20
2 69
20 52
14 96
9 4
19 8
14 49
30 47
24 83
4 70
22 19
3 67
22 81
21 19
10 89
18 24
27 52
17 45
3 34
20 18
24 45
17 76
8 38
24 59
20 99
10 78
23 94
13 45
11 62
1 40
30 65
23 19
28 10
8 74
23 16
2 48
15 32
26 67
29 48
16 5
28 3
5 64
23 30
14 86
0 64
14 77
24 80
13 13
3 45
27 76
29 47
15 17
17 16
8 33
29 10
30 75
9 75
0 37
20 94
23 74
7 16
18 92
4 59
17 32
18 39
16 81
2 52
17 96
13 34
27 21
10 18
15 95
0 18
4 38
9 59
30 42
23 39
5 6
9 51
25 13
3 53
19 93
5 45
6 74
23 49
13 67
24 24
9 42
24 35
18 47
30 47
9 47
30 98
30 44
19 59
0 97
11 68
8 35
2 99
22 95
24 38
12 14
9 8
12 77
6 79
28 99
21 30
9 91
14 22
28 30
16 36
23 61
27 65
29 78
2 98
27 37
30 72
9 1
13 39
19 46
27 86
27 5
6 60
21 3
9 31
1 39
21 51
17 82
27 56
25 23
25 85
26 89
10 72
11 8
7 34
13 86
13 3
15 23
10 93
13 8
16 60
8 21
8 15
24 43
11 95
24 4
1 37
7 2
21 94
22 99
7 77
20 1
7 4
10 93
25 69
17 71
1 93
15 91
6 56
18 26
2 19
0 75
26 7
1 41
13 12
14 6
6 16
5 56
21 17
12 89
26 73
23 70
0 91
24 14
23 16
12 56
22 30
2 44
10 86
18 21
24 13
22 91
1 68
15 68
13 74
21 65
10 89
15 69
15 49
28 8
6 89
16 75
1 12
15 44
30 45
18 74
16 42
26 70
27 58
23 60
16 68
11 60
12 69
15 45
17 38
6 19
6 99
25 22
0 25
11 39
29 23
15 88
27 84
14 64
3 51
29 82
12 21
20 3
14 39
17 48
8 62
23 97
1 52
3 8
9 93
29 80
15 31
12 83
29 88
17 93
6 81
23 55
22 16
28 10
17 47
28 34
21 27
16 72
12 26
20 82
3 7
30 92
20 72
21 50
23 77
3 36
25 15
15 34
10 77
8 64
21 41
3 38
13 29
4 88
15 64
17 53
12 83
11 1
30 35
9 22
21 29
26 34
28 30
13 10
3 20
8 99
21 12
7 11
20 68
23 37
15 2
23 71
4 43
0 58
22 89
21 94
10 72
5 55
27 14
13 97
9 94
7 40
3 34
19 76
1 17
4 53
13 56
12 62
3 90
7 73
7 24
23 89
26 98
14 34
10 63
9 82
23 87
0 14
3 81
14 8
15 56
19 94
4 55
2 50
29 43
22 87
18 53
8 24
28 45
0 3
23 44
13 79
17 81
23 61
10 23
27 35
2 40
26 3
19 50
5 82
26 23
15 30
0 2
13 88
12 13
13 30
21 52
30 14
17 94
14 80
2 42
29 34
24 55
19 14
12 73
23 65
12 75
29 65
9 82
27 59
5 90
23 61
21 12
27 48
15 26
29 46
12 65
20 86
25 36
22 80
22 96
25 57
3 64
3 10
12 72
24 80
16 65
7 16
3 90
24 56
8 1
23 29
5 38
10 3
3 51
26 14
9 18
5 66
12 64
3 33
30 22
17 12
3 77
4 64
11 90
10 33
16 43
22 41
20 43
29 34
6 61
2 78
4 28
17 51
3 41
18 71
15 2
28 71
12 95
10 68
22 75
26 100
28 99
5 28
17 50
30 87
10 53
21 81
18 47
17 82
3 10
16 25
6 8
22 53
4 30
21 87
13 81
16 18
12 56
8 75
13 47
30 44
27 64
5 15
29 70
19 56
5 90
28 35
9 30
9 37
16 1
12 49
18 3
8 87
21 81
27 24
12 61
7 17
30 25
9 41
2 100
27 27
2 11
30 92
27 5
10 43
29 13
6 7
16 72
6 79
22 97
27 65
0 54
1 71
4 51
5 52
11 54
5 29
19 67
29 76
30 27
10 43
8 63
17 54
19 53
14 40
3 35
7 3
21 83
16 94
1 3
27 15
27 55
10 94
0 54
14 55
11 15
22 22
16 23
13 82
11 39
14 23
6 35
2 1
6 45
14 42
1 15
18 23
2 20
28 67
15 22
25 97
6 31
3 63
15 41
2 11
21 60
28 65
30 55
14 78
2 9
3 47
18 61
4 57
19 25
26 54
6 99
12 86
3 64
28 12
25 58
22 56
19 55
29 7
28 82
20 55
8 37
1 64
15 50
5 64
0 1
30 50
23 8
17 50
24 47
5 43
4 2
12 57
9 63
2 53
23 83
1 44
2 12
19 25
2 1
28 93
17 23
13 25
26 92
22 77
18 71
5 50
9 54
27 51
25 73
26 29
20 45
22 57
13 11
13 2
9 19
13 77
9 85
7 7
9 70
16 56
12 64
22 2
29 88
21 90
17 75
10 73
12 61
22 49
11 41
18 49
5 62
26 74
26 73
2 32
20 30
3 89
7 13
16 52
11 82
10 26
20 26
29 43
16 2
26 50
28 55
24 47
4 65
27 63
5 99
24 5
29 92
15 19
10 10
3 58
14 3
3 16
22 15
6 20
2 11
27 83
24 29
28 96
27 20
3 14
23 28
26 54
6 58
23 56
16 9
18 36
3 29
12 2
13 8
10 44
2 6
27 62
27 18
2 61
10 82
22 1
27 1
26 71
11 60
1 62
2 80
2 26
17 89
29 15
22 51
18 57
16 91
19 50
6 43
28 56
9 86
29 97
5 53
6 73
7 22
12 62
7 2
1 73
12 45
28 11
6 98
28 94
8 28
30 9
21 51
14 36
4 43
26 77
28 12
14 96
11 35
20 55
11 81
20 9
0 62
25 4
7 16
28 49
23 16
4 39
25 24
24 60
2 16
16 34
25 13
21 65
2 83
15 39
24 94
27 30
13 64
16 35
8 13
18 36
28 93
3 94
4 35
16 16
4 94
28 65
23 3
10 25
17 66
28 7
11 67
15 44
14 31
3 80
15 57
8 20
10 17
5 97
6 80
18 32
11 26
23 35
18 25
25 68
29 31
24 61
1 25
15 99
21 47
26 39
24 93
23 64
8 87
3 4
20 97
13 99
24 66
13 82
29 89
5 69
7 81
22 81
12 41
12 60
2 74
26 39
28 80
15 51
22 31
4 13
23 41
23 54
9 23
9 63
11 65
1 61
25 11
12 21
0 96
2 81
19 71
2 5
13 23
24 18
1 97
20 27
26 37
6 32
28 57
9 49
13 95
29 46
15 69
1 97
12 29
28 65
20 56
19 13
6 9
22 92
16 56
14 96
27 39
10 9
22 94
19 4
13 21
19 84
11 66
8 58
13 51
3 66
4 94
21 34
4 39
29 38
30 93
23 69
22 51
20 50
0 76
19 21
7 29
27 68
2 53
12 38
11 86
2 9
5 45
13 51
27 54
23 27
5 23
28 37
4 23
10 27
13 5
11 90
10 98
27 55
19 8
21 89
26 23
17 56
14 66
18 45
23 42
0 14
18 92
14 45
3 8
18 34
28 8
7 100
6 22
22 51
5 33
13 88
4 37
21 44
25 8
12 55
23 43
30 7
7 69
22 47
11 92
12 80
12 63
22 87
1 81
1 48
6 12
6 99
25 66
18 22
1 73
9 74
2 60
11 27
1 85
23 6
14 75
15 33
29 7
30 18
29 44
19 60
9 38
18 23
22 53
1 63
17 27
7 23
2 64
22 92
26 81
24 34
19 28
23 30
12 82
9 75
22 58
14 42
11 34
5 75
12 62
10 85
24 44
15 89
13 11
18 50
8 9
27 83
29 44
16 29
5 52
6 13
0 20
20 30
18 19
10 79
2 77
2 55
9 21
0 46
21 19
19 76
2 62
16 97
1 41
9 6
28 41
27 60
12 20
23 19
21 24
11 6
9 6
20 58
6 11
30 31
22 10
4 6
23 25
9 84
22 15
4 62
4 45
15 4
29 23
25 64
8 64
2 40
1 7
23 96
25 97
23 69
16 44
19 2
11 87
3 48
2 33
7 53
24 78
16 75
3 20
12 89
14 58
26 60
24 88
29 83
26 26
3 64
17 19
28 89
9 23
17 60
21 31
22 66
15 82
15 54
27 90
20 75
9 41
17 67
22 64
28 51
13 89
4 69
0 97
8 24
7 89
0 98
8 40
15 75
1 63
23 17
0 90
9 62
15 63
14 23
9 20
15 5
13 23
6 76
12 48
17 9
25 26
3 91
14 2
5 17
1 21
19 46
16 64
19 15
7 60
6 73
28 43
29 24
25 27
6 48
16 62
1 51
13 92
20 11
7 29
5 31
5 91
1 11
15 91
2 57
10 64
2 80
19 46
6 65
17 76
24 38
15 60
7 55
13 23
26 87
24 59
14 58
8 38
30 36
24 14
12 67
29 79
8 6
25 90
11 37
24 60
10 7
24 46
24 93
4 51
22 90
24 62
27 13
26 16
17 52
0 11
15 5
28 30
23 37
0 51
21 59
23 84
7 19
8 74
21 13
29 89
13 1
11 43
17 68
8 13
23 6
21 85
1 17
21 100
26 74
12 21
26 4
13 41
14 39
29 15
1 49
22 76
21 41
11 48
30 63
5 75
12 63
28 49
10 68
27 16
2 25
1 68
6 35
0 97
10 20
19 34
22 88
8 61
0 73
24 21
28 89
10 96
28 61
15 33
21 17
8 77
16 64
1 76
24 24
13 6
25 87
24 74
0 82
8 61
16 79
26 41
1 39
15 70
16 100
11 96
0 2
6 60
10 71
13 20
8 42
25 34
6 71
10 55
14 10
11 43
29 67
21 15
6 67
27 56
30 31
1 93
28 99
15 87
12 86
25 79
14 60
16 92
16 29
8 91
13 66
10 10
20 88
7 44
0 66
24 91
4 33
26 84
17 54
24 69
8 59
19 44
5 62
6 83
1 20
20 51
5 29
4 51
13 98
2 53
19 27
21 79
19 27
0 63
1 52
22 33
24 10
30 43
3 73
27 65
2 1
30 88
14 92
3 26
21 71
12 96
27 45
3 65
27 66
6 98
25 89
9 14
4 17
10 85
17 72
21 18
10 62
1 1
1 95
4 79
1 73
24 14
25 14
20 39
18 18
29 75
13 20
24 74
2 11
4 75
7 56
25 23
5 50
27 79
0 25
23 68
13 30
9 85
14 55
17 19
3 27
3 49
17 75
22 34
22 39
20 75
9 73
4 61
29 91
20 85
11 64
4 16
26 39
14 73
17 76
11 96
12 90
5 60
30 100
27 7
6 71
8 3
13 75
0 54
19 81
20 40
27 87
11 53
1 57
14 93
2 24
15 25
15 42
6 46
21 18
3 49
9 94
14 69
7 22
7 42
15 1
7 84
15 42
10 10
29 90
15 89
4 57
27 96
15 6
0 71
20 87
19 80
12 72
1 72
10 6
14 10
27 22
25 31
8 57
30 40
11 5
27 11
16 60
25 65
24 45
21 23
20 92
9 29
21 69
23 66
13 78
26 8
14 7
7 47
27 21
13 80
0 36
7 47
8 35
7 40
29 92
19 14
27 13
11 55
9 50
1 49
8 83
17 32
18 87
5 47
29 70
10 88
28 45
24 33
17 68
19 58
11 62
2 79
22 8
14 61
20 76
10 4
5 82
24 81
20 3
15 93
26 14
2 26
9 97
24 56
19 29
23 10
19 14
3 43
15 19
30 76
27 98
23 78
10 20
6 58
9 59
10 44
1 35
17 11
14 100
4 99
24 93
30 18
29 26
19 91
14 78
6 3
23 71
21 25
18 40
16 87
1 1
3 19
26 98
15 41
8 6
14 83
19 96
6 4
8 66
4 39
20 83
18 60
23 13
29 76
30 79
24 76
15 10
30 92
18 79
3 47
14 9
8 83
7 6
15 100
17 81
3 56
4 98
11 45
16 82
16 91
28 19
3 84
9 37
17 20
17 94
28 53
6 33
29 61
10 62
28 1
15 71
19 46
15 32
17 38
13 95
1 24
17 6
1 100
14 98
24 82
19 84
23 22
2 21
28 83
12 23
22 72
27 45
12 60
20 79
11 11
18 10
28 41
16 54
19 88
28 60
19 56
30 36
25 65
10 16
6 73
13 38
10 41
7 11
5 75
9 45
10 22
3 92
22 5
15 95
21 11
6 85
29 25
1 36
19 17
1 100
25 71
14 31
1 93
7 72
29 43
5 75
18 90
0 73
3 9
24 85
12 81
5 63
7 77
10 60
14 19
16 85
30 43
1 76
22 25
6 66
27 74
13 65
16 38
2 41
19 76
25 79
28 57
24 88
4 41
30 73
6 18
8 44
10 47
4 21
11 9
16 3
29 60
23 45
13 23
26 20
3 72
29 19
5 39
17 1
14 51
19 89
28 68
3 19
20 75
27 63
4 48
5 27
29 92
30 65
25 83
1 10
15 12
29 99
13 80
25 57
14 1
30 22
18 41
28 47
15 89
1 14
7 37
7 37
2 35
11 73
19 1
18 32
8 20
25 21
4 23
3 12
10 91
3 32
30 53
0 21
28 34
22 44
9 92
14 15
22 61
25 6
23 56
0 98
20 90
1 15
19 18
24 9
10 73
5 73
10 15
0 42
11 61
20 3
19 96
6 28
25 83
24 71
23 29
20 28
26 32
26 9
27 9
1 18
9 86
11 95
24 38
19 4
20 55
16 31
8 57
11 66
15 33
8 33
21 44
16 81
28 14
6 91
12 40
23 15
17 72
19 32
8 28
28 1
10 75
17 45
24 42
17 56
18 13
22 30
18 55
2 88
10 90
11 97
11 32
4 14
10 100
7 93
22 17
13 38
14 7
22 86
17 52
13 69
17 26
28 38
19 73
4 36
22 57
5 31
9 5
0 37
4 65
8 38
26 96
14 21
22 69
20 54
25 21
22 75
1 62
19 79
25 9
1 90
23 78
28 79
0 81
7 46
11 25
5 57
11 86
12 12
15 72
11 45
17 10
11 53
28 60
12 10
8 80
18 27
17 77
24 49
10 27
13 4
19 27
4 51
2 57
0 5
12 46
3 12
30 62
8 87
15 83
13 43
5 74
13 12
5 30
18 13
19 35
14 55
13 27
10 11
30 76
15 26
24 77
3 56
12 68
25 36
7 22
16 81
19 2
2 46
16 91
22 48
20 46
2 81
22 24
11 77
15 83
26 99
13 72
9 37
10 90
22 39
13 53
13 98
30 35
14 14
26 78
19 72
13 85
26 40
21 2
8 84
28 29
5 68
20 43
2 33
27 26
2 3
1 66
24 1
8 73
17 30
17 100
15 22
5 73
11 45
24 69
4 78
24 53
15 75
28 45
10 13
14 97
6 73
0 60
29 100
29 36
1 79
5 9
19 87
8 45
21 29
6 1
13 81
14 1
15 27
4 30
21 38
16 61
17 50
16 98
21 54
4 68
18 27
20 23
9 2
21 35
17 71
28 11
21 66
5 31
13 91
18 19
29 49
16 30
11 93
16 14
22 67
26 21
1 27
8 10
4 42
3 60
13 10
29 25
9 10
4 37
13 96
11 4
12 28
21 18
4 89
9 49
22 79
9 35
17 14
4 5
8 95
15 28
18 11
0 20
11 99
28 33
19 57
26 31
23 13
7 54
14 72
4 27
26 9
16 46
7 94
28 18
11 91
20 71
10 43
4 20
4 100
27 19
20 68
9 38
19 82
22 75
1 50
21 57
17 99
11 27
1 69
22 70
21 68
24 92
27 69
28 48
3 10
22 92
2 74
3 32
5 46
7 80
13 87
2 24
22 85
9 6
24 99
10 54
20 100
14 49
24 96
30 54
1 39
15 87
10 15
0 65
20 20
9 2
27 53
22 52
3 43
5 96
10 19
1 44
2 71
19 35
3 31
20 33
2 81
16 13
11 11
23 97
6 86
7 1
15 45
11 70
27 88
1 11
27 48
7 56
1 58
10 36
24 67
29 53
7 62
4 70
8 80
21 83
11 19
11 17
0 49
28 71
16 37
9 78
8 56
9 92
30 64
10 6
12 48
2 2
10 49
30 6
4 44
2 66
23 3
16 38
24 82
0 48
26 8
18 25
21 16
11 97
0 81
2 89
16 2
24 17
27 13
27 4
9 52
22 82
0 79
8 15
29 71
25 96
7 36
0 21
17 42
20 92
2 76
15 79
15 93
3 1
22 92
30 55
17 4
22 89
14 61
28 60
25 74
12 32
8 8
23 48
26 21
30 19
8 36
1 19
27 36
6 74
14 1
24 63
16 35
20 99
23 4
19 73
18 76
27 93
7 74
7 23
13 68
0 46
1 32
24 29
14 31
23 76
11 73
2 49
30 50
1 87
23 41
25 52
17 82
16 93
21 40
7 82
0 44
28 71
9 52
27 60
1 15
23 63
23 80
3 37
29 98
24 67
20 62
5 84
4 34
5 75
10 17
7 81
11 91
3 10
27 80
9 17
15 26
24 44
13 72
13 22
12 94
9 46
6 43
4 38
21 16
6 38
4 31
11 20
1 60
21 22
15 40
4 92
10 52
27 70
29 82
17 46
11 37
7 50
2 69
15 67
20 66
5 36
24 59
3 63
9 11
1 7
26 85
10 17
8 44
25 80
21 58
22 16
27 33
4 39
20 96
20 97
23 18
26 66
11 64
23 43
29 46
12 59
17 39
7 53
11 91
22 44
18 41
2 31
7 36
28 89
29 17
16 100
23 99
9 59
22 23
29 96
5 49
19 3
6 35
21 65
17 17
12 59
11 74
1 98
9 62
3 81
15 17
3 9
4 48
29 89
17 78
1 13
22 5
27 8
4 63
15 50
5 12
6 96
18 79
14 58
18 93
24 19
11 86
23 86
6 5
15 12
26 81
9 15
13 64
24 63
6 44
0 1
15 21
29 88
4 4
25 71
8 97
24 5
7 87
13 53
18 26
2 58
13 28
10 95
22 17
0 7
19 34
5 61
4 14
10 83
5 61
3 26
7 79
12 24
1 25
14 5
22 9
10 86
4 52
30 59
2 47
16 57
26 86
12 15
17 46
21 62
15 26
2 71
22 50
29 100
12 79
30 58
8 39
20 82
23 28
6 86
16 43
19 66
25 10
11 68
29 90
12 73
7 100
0 96
14 93
5 89
10 58
25 87
3 29
28 25
25 49
9 26
28 11
3 24
18 22
23 70
5 23
11 30
9 96
3 18
18 78
2 30
26 61
17 76
6 85
20 32
12 46
20 43
5 93
11 2
7 81
9 88
9 64
24 35
13 10
16 69
13 25
1 61
22 30
16 93
29 67
0 40
18 18
3 4
30 43
10 97
29 79
26 71
26 87
16 58
11 15
11 97
26 7
27 22
0 16
2 92
8 15
13 84
3 51
30 90
4 20
3 89
25 45
21 54
8 58
16 50
8 63
12 77
22 51
4 9
18 10
15 33
18 96
1 78
20 87
3 16
25 59
21 71
23 67
21 25
24 47
15 95
22 37
10 58
12 13
27 93
14 79
17 6
12 40
29 83
24 94
15 53
25 74
19 20
7 17
23 48
8 16
14 26
22 87
13 97
6 16
7 31
24 47
0 94
12 99
10 91
17 71
14 88
5 88
27 39
26 18
24 100
2 39
12 32
21 72
22 78
2 71
23 25
29 50
15 89
5 53
20 61
1 68
1 81
18 96
14 33
2 100
17 28
0 48
25 82
21 54
23 56
29 57
20 25
22 69
11 67
26 37
10 84
7 85
23 65
23 96
10 54
14 5
2 53
13 65
0 78
30 66
22 54
17 80
30 55
3 66
13 65
0 44
2 45
22 29
5 60
21 18
19 10
30 34
25 77
13 34
19 49
26 13
9 83
14 65
0 96
15 37
11 13
5 28
5 75
25 68
20 62
5 16
1 2
22 84
25 90
0 25
29 100
2 19
3 86
23 41
14 28
4 17
18 80
26 67
22 85
2 12
28 50
14 34
17 17
28 94
20 29
20 67
14 43
9 82
28 72
20 50
9 31
1 78
3 96
8 78
25 79
15 54
26 16
6 11
30 67
1 95
19 82
7 71
14 16
30 53
20 39
1 54
28 82
0 34
1 53
11 92
1 11
23 34
23 18
9 49
11 53
7 78
5 39
0 31
6 21
8 56
2 51
30 75
13 84
26 25
17 45
28 58
20 59
17 39
19 13
20 21
23 62
23 89
22 100
26 85
20 25
16 30
11 88
29 42
12 95
26 16
19 84
30 70
6 46
5 46
17 78
27 42
11 89
19 21
25 96
22 20
14 13
24 82
1 94
24 37
6 86
6 68
4 76
29 79
17 76
11 90
13 32
25 73
28 2
27 57
18 22
27 48
3 60
19 44
29 2
19 36
26 94
24 1
25 32
14 38
16 18
15 94
27 71
28 95
17 20
2 57
15 88
30 55
24 48
17 67
20 89
20 17
25 1
14 5
10 92
24 52
5 84
29 4
12 71
11 58
11 88
26 84
7 20
8 56
5 63
1 26
14 67
16 31
21 79
26 60
21 33
25 77
15 18
25 93
12 70
29 80
0 55
1 58
30 49
19 94
11 98
1 55
11 47
20 44
1 96
17 34
3 36
22 19
1 12
11 39
0 93
3 79
17 67
14 95
2 12
11 97
4 43
16 40
26 49
15 68
23 64
25 66
0 14
11 54
3 75
2 10
20 29
0 84
13 16
27 11
22 59
26 42
24 82
29 77
30 23
17 10
15 6
5 2
14 77
25 18
2 93
26 30
4 79
12 94
26 63
16 63
22 60
29 60
4 31
25 98
25 32
7 71
9 42
6 99
24 63
26 16
0 67
24 65
30 28
8 7
10 79
8 64
26 100
13 27
19 77
20 36
25 91
23 2
24 26
11 83
7 24
29 56
4 1
19 33
27 75
26 95
2 45
1 38
2 95
2 68
22 47
20 58
11 78
10 46
0 64
26 76
0 36
27 25
9 85
1 7
21 90
27 33
18 22
0 57
19 49
8 45
7 90
23 48
18 100
10 9
18 79
10 69
22 16
15 82
24 63
4 5
25 10
24 88
13 78
5 43
0 55
14 70
24 57
28 14
30 42
25 50
22 93
12 91
26 10
27 74
16 96
2 86
10 96
7 58
27 29
6 81
23 26
15 44
22 98
28 24
28 18
26 9
9 45
22 89
7 2
14 73
10 10
23 41
19 57
10 46
6 58
3 5
9 73
1 6
0 98
22 66
18 65
16 3
30 82
25 43
26 88
23 41
18 6
11 19
22 67
0 81
30 100
14 87
15 57
0 11
24 61
7 7
21 37
0 16
3 32
28 42
24 65
7 16
25 66
11 19
6 17
7 86
26 92
12 24
7 56
18 4
6 13
26 5
23 14
25 28
4 56
18 31
12 11
26 1
2 19
11 76
26 75
15 21
9 97
21 12
29 9
30 29
13 6
15 55
11 94
22 57
2 93
13 70
5 53
7 4
3 53
30 55
2 98
29 61
2 6
19 70
8 36
0 100
16 37
27 87
17 56
20 49
4 67
29 22
24 36
13 8
3 17
5 35
15 53
3 31
1 70
18 94
20 41
21 24
8 64
9 56
22 68
8 85
22 71
30 3
11 46
0 5
25 55
19 85
5 39
23 71
9 100
9 27
30 33
22 65
19 27
21 98
5 57
15 39
16 2
15 72
14 92
19 98
3 3
3 81
1 17
10 38
9 82
19 44
28 17
2 48
18 59
2 12
14 6
19 5
16 43
24 31
24 33
8 24
11 82
28 4
4 66
17 23
1 77
15 45
2 21
4 48
23 87
0 92
9 59
13 10
30 81
3 70
26 43
11 90
27 21
1 86
16 51
11 70
11 69
11 68
3 66
25 26
11 95
1 72
8 74
6 100
29 65
9 56
16 71
30 18
27 84
14 39
12 12
6 53
29 87
30 82
16 10
1 41
17 57
1 61
25 74
26 68
9 44
3 11
21 91
17 41
5 24
30 22
0 97
18 16
18 89
16 56
13 45
10 53
23 7
26 5
20 99
10 89
30 29
28 90
14 18
8 38
25 80
4 69
26 78
23 85
23 51
29 19
4 45
2 98
30 58
6 41
28 46
20 77
23 22
26 18
26 5
14 35
15 19
5 57
9 12
12 49
29 49
23 17
18 54
21 14
18 85
30 31
21 36
9 83
2 58
16 49
19 91
9 49
5 50
21 49
10 47
1 95
24 45
12 21
14 56
16 65
4 16
26 14
14 88
16 87
12 67
16 100
19 96
24 98
8 44
6 45
19 34
26 41
7 86
18 29
4 42
13 29
20 81
15 83
15 69
3 8
4 73
28 33
10 62
27 40
16 26
16 19
26 28
9 69
14 2
14 82
26 41
18 89
9 49
20 88
23 66
10 55
16 79
4 28
8 73
19 3
15 36
28 13
6 12
7 21
13 96
28 69
15 59
5 75
12 38
18 36
21 55
14 97
7 28
5 17
6 12
16 14
23 74
20 35
22 37
3 90
22 52
26 17
12 48
11 51
7 48
17 98
6 100
6 56
7 61
24 48
2 40
4 91
19 42
10 92
4 53
3 77
19 93
15 74
16 17
7 65
27 58
11 90
0 61
5 43
23 67
17 19
26 43
28 100
25 95
14 18
30 66
15 38
21 54
2 85
18 54
24 20
24 90
14 88
22 81
10 46
8 51
23 79
15 69
17 78
9 8
4 90
7 57
21 60
12 95
11 64
16 39
13 13
11 97
27 94
20 100
27 18
15 43
26 75
6 15
0 74
17 35
13 86
19 50
30 11
27 79
23 84
11 75
23 35
16 88
29 64
2 34
20 79
8 90
24 27
6 10
22 24
1 21
22 5
10 67
20 71
24 75
9 42
15 22
19 43
9 35
17 19
30 81
13 91
30 85
13 44
6 33
24 56
30 50
24 24
9 59
24 33
15 94
11 92
20 86
18 2
7 23
17 30
27 80
25 17
22 80
12 64
10 31
2 82
25 25
0 7
22 41
0 21
26 63
13 60
22 99
13 28
30 29
15 22
2 89
11 73
11 7
15 14
15 94
20 47
20 91
9 40
10 86
28 3
2 61
20 14
2 87
22 62
19 81
10 89
8 58
5 91
22 21
28 21
26 6
15 92
5 38
4 38
16 40
22 41
2 24
6 3
8 77
20 89
26 28
21 71
13 11
10 33
23 46
14 1
2 26
2 33
17 47
4 64
15 85
16 54
8 78
22 75
22 93
1 45
23 42
19 82
3 3
10 30
11 4
22 92
15 37
1 45
3 64
7 50
12 94
30 5
12 43
25 55
24 50
4 73
8 69
18 30
1 5
14 30
1 99
10 29
13 58
18 70
5 2
13 54
23 74
19 34
17 24
16 84
17 56
25 9
15 74
26 22
28 40
13 28
8 60
3 56
6 68
26 80
3 70
18 5
4 49
28 97
10 4
14 80
25 70
16 65
1 63
22 61
20 39
7 17
18 92
18 66
1 20
0 11
14 28
24 59
19 70
25 94
19 30
0 66
0 70
2 3
21 3
23 22
16 19
12 88
24 63
21 39
14 66
9 65
8 52
8 78
27 72
9 24
19 42
18 99
27 20
4 30
15 8
5 90
23 7
23 73
23 6
9 94
19 81
24 65
27 53
20 61
4 72
16 73
19 24
5 7
8 27
2 57
8 15
7 75
8 15
29 84
2 91
10 7
9 39
29 19
19 1
12 87
23 13
27 18
9 83
4 93
11 22
19 28
5 98
21 37
2 89
6 95
14 100
21 12
18 73
19 43
27 12
12 45
28 28
11 2
1 30
16 95
0 36
1 63
4 72
4 45
14 54
1 96
18 1
22 39
26 37
2 60
0 22
8 21
25 58
9 25
3 9
1 57
9 21
22 73
