100
20 45
17 21
24 6
10 27
21 77
13 12
22 26
8 56
1 39
28 93
27 73
25 68
9 73
29 50
4 46
2 84
30 46
25 11
28 73
5 45
15 7
22 30
0 2
26 100
21 61
24 78
11 90
5 96
2 99
7 86
6 88
11 41
2 30
4 19
2 99
22 2
21 97
1 55
27 93
17 71
1 1
16 11
23 81
1 83
23 78
4 63
9 47
3 16
2 97
7 40
8 62
15 53
29 17
25 80
8 95
1 11
20 76
10 32
27 51
28 40
29 81
4 29
14 100
1 10
23 83
21 97
1 57
15 30
12 80
15 99
0 42
2 18
22 41
24 23
21 3
9 30
29 100
18 54
6 48
28 57
7 72
10 37
19 91
2 58
23 21
14 64
0 26
8 15
19 98
22 67
26 15
12 36
11 91
22 4
22 62
2 2
5 35
8 5
11 44
9 58
15 12
14 85
15 88
27 40
10 53
1 69
17 9
12 49
26 45
25 98
1 35
25 61
8 23
23 83
30 86
15 17
9 45
27 53
16 99
18 34
6 26
20 10
24 96
22 93
27 75
10 23
5 48
29 43
22 2
0 38
25 93
17 29
26 37
12 7
24 15
19 91
17 36
9 20
2 84
11 21
3 34
5 81
26 60
8 21
8 97
29 23
1 64
29 60
3 58
7 97
12 82
14 40
18 64
11 28
21 83
11 33
14 37
18 66
0 89
5 90
3 15
4 34
27 21
30 12
8 51
10 87
12 19
21 1
8 73
23 45
4 7
18 15
17 33
26 79
27 84
4 49
8 69
18 46
7 71
28 37
26 56
19 77
11 90
13 94
6 85
22 56
4 6
1 70
18 20
30 97
23 55
14 75
15 22
6 89
25 100
30 9
19 64
25 34
16 71
25 19
23 74
22 42
14 91
1 10
29 76
0 17
13 47
1 18
5 94
18 66
25 87
12 89
26 54
28 65
6 43
25 63
3 41
15 60
6 23
1 24
1 33
12 35
0 64
17 25
13 10
28 28
16 88
24 81
14 14
16 1
8 55
7 51
28 76
18 80
29 96
0 56
13 3
14 98
20 99
14 88
8 65
0 73
25 57
17 18
3 92
23 80
14 40
8 88
14 25
17 73
10 52
3 74
28 93
15 63
20 58
0 45
3 82
19 51
11 61
27 83
23 33
30 10
10 30
24 77
28 42
9 10
4 29
9 10
12 30
16 79
0 77
23 73
18 2
17 58
5 83
21 53
21 83
21 28
16 86
29 50
21 55
1 9
21 26
23 30
3 80
10 23
14 37
26 29
8 75
5 76
16 26
27 38
15 23
9 4
29 20
2 6
6 19
29 2
30 15
6 52
3 14
21 17
17 95
14 16
7 49
3 78
29 11
2 7
29 55
24 76
11 70
16 37
25 31
8 16
22 46
22 75
10 52
27 67
10 45
9 55
10 81
4 64
1 25
16 36
7 31
1 79
26 21
16 29
22 45
28 18
16 61
20 31
6 43
12 94
15 28
2 77
15 58
28 54
22 71
5 12
11 48
21 56
24 3
8 96
1 9
9 91
12 8
17 100
7 78
10 57
22 36
15 1
4 97
5 61
1 72
1 33
23 52
2 63
16 36
16 82
2 58
21 87
7 42
25 56
5 23
10 57
8 34
9 6
10 18
16 78
4 12
6 6
7 63
11 32
30 6
21 74
15 18
9 49
15 72
26 89
25 64
20 54
11 57
4 80
1 20
21 1
4 57
21 64
8 83
13 9
9 12
8 9
21 61
24 79
1 92
28 31
10 20
30 85
13 18
22 38
28 67
17 85
16 70
3 61
25 49
5 94
2 21
15 91
11 30
4 35
14 81
11 32
0 16
5 29
27 22
8 50
26 82
13 32
21 39
8 55
26 50
11 68
23 73
15 63
22 38
14 15
22 54
12 90
6 42
5 87
24 47
24 51
21 64
25 21
10 25
28 94
0 80
11 29
17 58
29 68
11 7
14 70
4 27
1 28
17 1
4 84
12 77
17 78
8 66
1 22
9 10
3 47
23 98
8 56
15 84
5 65
22 63
12 86
0 30
29 1
30 87
16 41
27 65
10 89
4 78
15 49
7 83
6 25
25 39
14 3
30 84
13 56
11 26
16 29
14 78
12 53
29 60
16 57
6 6
26 57
17 86
30 25
23 6
29 85
0 100
7 24
14 41
19 42
2 92
20 12
6 77
10 45
6 42
22 77
6 83
24 74
4 91
1 19
30 72
24 7
27 7
20 68
28 68
5 6
29 77
21 60
0 3
13 17
3 92
18 81
14 87
5 20
5 46
13 53
18 48
2 5
10 71
1 34
28 46
25 71
16 74
9 86
19 5
27 33
25 2
23 79
13 95
25 45
12 45
24 21
11 34
24 13
3 87
19 45
19 53
2 94
12 10
24 78
20 85
21 13
11 9
27 49
8 1
18 51
14 70
21 93
0 17
6 38
8 4
16 42
28 52
18 37
3 66
30 55
24 100
20 2
13 67
3 4
13 82
22 31
24 14
8 89
4 91
25 62
25 24
2 86
10 17
9 25
29 12
9 70
24 8
8 61
13 46
4 47
27 51
28 27
19 19
20 47
30 43
11 68
8 92
18 60
24 65
10 49
7 95
19 35
7 86
26 23
24 93
11 94
10 40
29 63
26 24
26 47
30 35
16 86
22 4
16 39
14 81
18 64
1 76
25 3
29 79
2 71
10 19
1 72
27 32
28 39
19 77
12 31
8 67
16 95
25 11
10 16
26 25
3 78
18 92
13 3
25 16
19 50
27 70
23 14
6 70
21 13
27 13
11 16
7 4
18 45
3 44
24 12
22 61
7 42
19 39
5 30
7 29
5 36
2 55
1 18
0 5
17 14
18 29
2 35
6 56
28 87
26 59
27 16
18 60
3 29
25 19
10 55
30 89
11 83
12 68
12 42
24 22
20 29
30 92
23 83
29 61
26 83
5 52
12 85
23 62
27 26
25 75
23 39
6 8
15 24
28 50
24 11
13 51
4 51
2 49
18 33
8 65
13 4
5 46
20 27
10 18
28 64
30 43
12 49
18 67
13 45
1 64
26 11
10 77
30 19
16 49
15 28
28 34
7 30
0 27
17 83
20 32
20 5
4 20
24 3
1 13
13 20
10 91
17 14
21 12
5 83
7 73
20 38
29 43
30 2
29 14
19 89
24 89
30 26
1 17
27 49
28 75
17 98
15 9
23 50
12 13
6 84
2 34
11 96
0 76
26 15
22 83
24 34
3 85
21 49
26 94
7 4
14 54
15 90
8 26
2 8
16 1
29 57
28 35
5 60
17 46
5 23
19 73
13 18
21 4
18 7
6 44
13 86
26 87
16 30
1 75
1 90
8 51
5 71
1 97
25 88
27 100
5 44
19 48
2 63
20 46
15 19
29 53
3 74
4 3
24 34
17 33
11 75
11 84
27 100
5 28
26 85
3 12
6 1
3 69
16 41
0 91
10 23
9 55
28 36
21 87
21 44
14 30
6 1
23 17
16 11
26 83
2 56
24 36
5 23
1 2
25 36
16 86
10 12
3 62
24 51
26 88
27 12
8 76
12 90
17 77
17 94
13 84
18 29
7 72
24 39
8 82
16 92
0 86
21 83
16 51
24 24
0 60
1 54
6 92
15 23
13 36
18 88
16 58
13 79
7 38
8 40
1 30
18 45
6 91
25 96
18 42
27 89
10 25
17 52
21 77
11 4
21 69
29 44
1 55
4 96
10 16
27 89
15 46
5 98
30 48
19 4
23 36
25 40
7 87
20 9
27 26
25 30
9 52
10 59
25 20
16 97
12 2
28 88
9 93
26 69
2 51
10 66
26 4
7 88
13 94
22 22
14 87
12 94
14 2
18 56
12 49
20 53
13 7
17 12
22 2
16 88
3 62
3 39
25 83
9 56
9 86
30 90
17 83
15 9
27 32
29 12
29 59
27 37
17 75
26 62
17 2
3 15
21 5
30 89
3 26
26 18
1 100
21 96
6 9
23 35
17 45
13 58
4 78
16 66
20 14
23 10
25 95
27 90
0 82
30 50
2 53
0 9
28 18
21 79
0 13
9 63
20 88
11 89
7 19
1 25
7 54
8 24
5 38
22 4
26 40
9 5
0 22
3 34
26 20
27 94
18 40
8 50
24 22
30 81
27 50
28 17
19 65
16 7
26 62
30 6
12 16
27 34
10 97
27 71
26 4
19 52
3 6
1 42
14 83
20 25
19 28
12 100
12 30
20 36
7 55
6 74
3 35
1 7
15 62
12 9
4 92
15 26
7 9
3 94
4 50
27 80
11 40
20 12
24 100
0 31
10 8
8 56
20 6
11 44
7 29
16 73
24 89
27 72
24 84
25 19
8 54
26 69
22 30
20 85
27 64
7 36
3 74
15 89
29 15
21 35
2 61
28 55
10 78
7 66
15 63
11 13
20 88
11 39
2 97
25 16
27 42
27 16
25 98
24 95
14 2
21 18
0 46
6 3
2 70
13 23
9 9
24 34
19 92
21 70
0 38
17 56
28 66
29 25
3 49
9 24
24 67
0 6
27 3
18 19
21 40
28 11
24 82
11 42
21 17
24 32
27 95
27 71
23 69
12 93
11 83
4 64
18 53
3 36
5 65
12 73
15 91
23 31
8 53
23 17
16 26
15 7
24 13
26 27
3 29
8 8
25 37
27 35
19 38
16 45
26 23
12 14
2 13
0 44
16 51
3 31
7 18
13 69
3 51
16 68
4 56
19 26
22 83
20 75
30 99
6 76
21 26
0 44
22 44
11 68
18 37
18 61
21 45
7 4
17 46
11 24
9 4
6 97
22 14
28 90
12 3
6 18
11 51
13 16
24 11
12 72
11 96
6 77
11 97
16 44
21 88
12 85
11 67
14 74
15 93
0 68
16 75
10 17
21 15
23 51
14 94
0 81
15 91
22 66
19 61
5 94
7 58
15 32
21 11
17 67
17 67
12 75
14 42
25 66
18 10
23 9
24 51
28 43
10 71
13 82
6 15
26 78
6 48
26 32
11 40
19 69
16 57
21 56
21 30
28 95
0 16
18 30
17 67
28 11
17 61
14 8
25 71
4 99
15 64
5 11
9 41
17 50
14 92
23 33
26 18
20 100
16 2
8 42
8 82
11 93
6 96
7 27
7 14
3 25
13 46
19 26
12 81
6 30
7 46
8 36
16 91
10 29
8 59
14 90
29 93
29 27
17 61
6 62
8 53
20 68
26 23
24 42
11 62
15 96
11 77
25 29
3 92
28 50
24 24
27 78
12 10
0 21
5 92
4 57
0 64
25 73
5 36
12 81
9 37
15 31
13 81
18 76
15 96
1 57
1 99
6 10
18 50
16 52
26 50
5 62
27 11
26 2
11 48
1 100
28 19
25 80
11 52
24 83
1 20
8 76
25 30
12 19
27 13
18 80
26 90
20 36
9 77
1 24
7 56
24 29
25 70
13 82
29 31
23 69
4 24
22 41
20 52
0 12
20 15
18 40
0 37
9 33
4 16
18 76
21 87
3 40
16 63
12 10
13 31
18 53
14 1
27 68
5 45
10 64
9 78
9 78
10 47
10 76
4 58
7 83
12 48
4 2
10 82
17 29
12 42
28 76
16 45
2 8
8 32
19 82
9 73
23 63
9 1
2 50
7 88
24 12
16 59
4 60
5 11
23 31
21 41
17 40
17 2
6 34
14 36
22 46
17 79
30 91
16 97
26 30
8 42
28 11
12 46
8 94
19 71
28 59
21 27
30 8
13 46
21 70
28 23
26 78
29 2
11 22
2 46
29 50
29 23
2 73
16 69
24 87
0 50
1 26
26 42
28 6
14 63
0 35
19 71
18 27
6 5
1 30
5 48
24 50
20 28
17 61
28 74
1 89
6 28
15 58
11 82
14 66
28 82
0 6
12 51
6 77
11 80
21 12
19 5
23 56
30 53
17 57
8 22
19 37
6 89
16 9
24 98
8 59
3 16
21 94
24 88
2 4
26 45
27 9
0 1
5 46
8 27
20 37
0 7
16 6
4 94
27 7
15 86
20 100
6 39
13 33
14 59
26 92
13 98
17 81
8 61
25 84
12 57
20 92
14 98
22 40
6 44
18 34
12 28
8 17
4 45
29 21
0 14
23 53
21 41
28 70
5 24
29 13
29 35
29 49
7 51
8 30
7 19
18 36
9 60
20 35
28 74
3 87
17 100
20 65
24 81
29 40
21 46
22 61
26 21
10 57
13 71
21 20
10 21
16 5
22 9
26 83
22 74
11 29
5 52
12 5
20 27
10 65
8 50
25 30
10 6
24 39
5 90
29 97
15 19
19 49
29 54
0 53
24 81
4 25
2 38
17 33
4 64
6 15
9 39
29 83
14 97
21 35
23 50
11 33
30 29
8 21
23 67
14 99
16 23
8 79
10 10
29 74
0 72
18 96
25 41
24 36
27 24
8 41
17 90
29 67
25 16
16 27
0 42
29 96
25 74
24 64
16 30
22 29
15 54
16 88
23 76
16 64
1 9
11 53
11 12
27 59
9 7
4 58
21 30
4 62
26 73
8 3
13 50
21 96
30 5
28 51
23 46
1 52
11 9
1 99
26 61
13 17
23 6
27 41
7 51
7 49
28 59
13 27
9 32
10 12
10 16
0 64
9 4
22 15
28 40
21 7
19 23
5 33
29 100
5 97
0 63
22 14
22 98
5 64
14 52
22 9
1 31
23 24
30 42
27 27
7 65
30 16
11 1
18 90
8 57
7 22
5 97
24 84
11 39
21 97
0 48
6 46
15 9
24 23
20 35
2 68
25 76
19 83
21 67
26 62
17 94
1 67
3 47
28 42
2 9
28 42
7 3
0 49
15 56
30 48
8 60
24 5
30 57
24 5
23 57
2 88
27 24
28 43
24 10
5 81
22 55
15 75
25 88
19 17
28 11
15 60
29 55
28 11
14 85
24 95
17 72
12 86
17 22
28 58
1 82
1 79
19 82
21 27
3 95
23 7
4 53
8 56
20 43
21 17
16 79
28 73
17 24
13 56
1 59
1 43
13 9
24 33
26 5
1 28
25 8
21 69
25 61
27 96
4 35
20 65
21 39
19 2
4 89
25 27
5 93
7 88
2 49
4 78
25 20
9 28
12 32
19 50
30 39
12 36
3 34
12 24
30 92
11 66
28 98
22 93
21 75
0 29
13 53
10 46
4 21
10 25
22 69
5 81
0 20
3 13
11 42
5 32
27 76
0 95
23 91
18 64
1 84
30 1
0 12
19 12
21 89
20 72
18 15
10 52
1 66
6 91
13 15
21 67
2 3
6 8
17 5
22 64
4 2
27 89
23 71
1 21
13 94
20 87
11 98
24 97
18 9
10 97
14 88
21 49
19 3
4 19
15 96
12 58
23 4
28 87
30 76
14 57
8 64
13 100
14 31
22 100
10 11
12 16
2 61
11 16
12 49
29 43
23 52
24 16
25 51
30 12
14 51
30 20
29 58
23 91
10 73
30 53
30 79
25 49
22 47
21 21
28 72
5 87
7 19
22 52
21 82
4 4
2 64
18 42
24 32
27 69
23 11
9 49
26 72
8 49
19 77
14 48
8 90
14 84
22 60
9 44
12 9
5 38
8 72
30 61
7 82
23 63
10 72
19 67
13 26
5 6
28 12
11 70
21 45
13 76
16 65
27 61
4 84
7 44
4 21
7 41
14 72
1 28
7 48
8 81
19 57
30 28
15 32
10 44
7 16
1 44
30 52
22 55
22 92
23 38
3 27
14 22
22 61
5 61
28 3
8 89
4 99
9 47
16 22
30 22
3 73
0 39
19 18
21 86
15 1
9 27
20 79
3 46
2 16
18 22
28 76
29 32
14 27
12 29
1 85
15 43
15 65
14 95
5 89
24 96
2 81
21 75
27 76
11 47
21 9
15 34
18 64
19 78
24 9
24 12
29 35
11 75
17 76
21 99
29 17
8 21
18 39
19 100
29 17
20 80
14 23
5 70
2 14
27 10
25 4
6 8
21 25
12 58
3 50
28 25
27 56
11 69
25 72
28 5
15 62
28 57
12 10
27 14
5 70
26 40
17 43
28 59
12 48
5 39
10 66
4 74
10 100
9 30
0 4
19 14
5 49
22 82
0 30
5 71
14 71
11 29
24 48
13 100
18 65
11 85
29 48
14 38
30 60
1 69
26 66
5 57
10 26
13 34
27 62
9 92
26 5
19 51
22 53
20 43
2 54
4 90
27 48
24 80
29 73
14 87
10 56
22 33
29 77
22 80
22 50
0 64
8 18
28 91
0 10
23 57
11 15
23 62
30 35
12 25
4 11
26 29
26 87
24 31
23 100
4 73
15 96
7 91
12 22
19 100
0 23
23 63
28 66
18 51
7 38
25 2
28 43
30 100
13 32
1 34
15 65
27 79
26 35
10 98
20 75
10 30
14 92
21 44
27 100
15 58
18 98
28 63
24 67
9 56
25 85
12 77
25 92
1 84
15 3
29 66
7 77
1 73
19 46
14 77
15 75
4 52
8 2
24 81
23 75
20 43
4 9
1 57
11 4
7 54
3 3
5 24
28 46
17 91
23 63
30 71
25 55
21 53
21 28
7 79
10 41
7 44
6 46
3 16
3 9
13 80
10 92
1 83
25 31
30 42
19 3
7 2
30 97
12 45
28 56
23 58
16 6
19 93
9 54
20 93
12 56
7 84
9 43
12 85
7 85
13 81
3 48
29 15
30 10
0 28
1 36
30 93
0 65
21 83
7 87
25 83
23 12
2 24
24 80
9 27
27 10
24 68
29 28
27 71
13 61
0 91
2 90
18 40
12 72
7 100
6 13
22 7
11 1
7 36
25 71
29 28
18 61
15 68
26 35
13 76
29 27
24 63
8 14
15 63
28 68
10 97
29 87
5 10
17 57
1 10
25 8
27 78
1 58
21 56
5 83
13 76
8 76
12 59
6 87
2 78
9 56
25 20
13 31
16 26
4 84
23 23
10 99
18 73
2 25
8 80
23 32
27 40
23 12
18 79
16 86
16 30
5 14
8 99
18 7
14 67
6 13
26 45
27 29
20 15
29 45
3 43
28 70
6 70
9 12
23 5
1 58
12 76
28 49
18 34
30 72
7 38
7 66
12 81
26 40
22 69
18 51
2 52
3 39
14 15
23 29
6 18
2 47
16 50
16 29
11 24
23 91
21 44
23 100
9 17
1 61
10 73
16 62
1 52
3 30
3 39
21 52
13 36
28 87
15 51
14 52
22 51
1 62
4 79
3 16
30 70
29 51
9 23
7 43
7 1
24 46
28 89
12 75
15 83
25 42
12 64
24 57
18 20
3 65
23 55
4 27
23 43
7 88
30 86
26 70
11 61
17 65
25 53
7 14
18 77
21 43
6 7
22 53
30 56
29 63
17 92
8 57
23 55
4 38
4 89
0 31
15 94
8 9
22 86
27 6
14 74
25 50
7 60
21 72
9 63
27 60
2 28
25 66
10 12
6 9
11 33
16 32
30 94
16 44
10 26
10 87
1 62
24 39
8 25
0 24
17 39
30 25
5 96
2 39
26 53
6 11
30 72
3 1
5 80
19 28
0 11
2 92
17 62
1 49
25 74
1 73
29 8
19 89
16 56
23 5
15 15
0 76
17 78
22 96
2 52
17 52
5 15
17 49
28 49
10 24
8 50
1 17
23 78
1 10
24 30
9 74
24 32
15 47
26 58
28 63
26 36
8 3
2 64
30 4
22 44
15 58
12 54
26 39
30 65
18 27
8 75
26 65
14 2
26 7
20 37
4 81
27 33
23 48
13 22
25 89
22 45
23 51
26 58
17 19
17 22
8 96
20 45
22 25
11 57
12 82
30 43
8 97
26 56
20 54
4 15
0 15
26 70
19 14
9 67
29 22
15 50
24 39
14 24
7 45
20 20
4 62
17 35
3 29
7 79
30 74
17 7
25 1
21 41
26 76
4 63
28 1
26 54
10 42
7 43
21 44
6 64
30 29
16 84
1 71
4 81
14 12
12 76
19 19
3 92
16 56
20 66
8 96
9 53
9 95
21 36
17 7
6 59
17 48
1 90
2 92
12 24
16 17
26 44
6 65
5 4
17 77
7 82
23 34
10 26
19 56
14 53
14 52
25 49
27 59
27 70
18 44
17 33
1 65
16 68
24 93
11 47
10 3
26 100
6 56
25 1
6 85
25 23
16 51
26 28
13 84
3 73
26 96
0 34
4 33
8 68
7 94
22 27
16 21
18 35
14 35
17 94
21 93
16 86
9 23
20 51
7 43
5 25
12 57
21 97
21 45
8 85
16 14
7 94
29 70
21 28
20 95
30 44
28 17
26 61
24 90
30 88
20 15
19 3
12 63
7 69
20 55
25 41
6 37
30 8
17 76
1 66
12 4
12 81
26 26
1 98
25 3
28 73
26 16
0 22
19 75
13 27
8 5
7 37
17 87
14 70
8 87
1 35
27 76
25 11
20 84
7 24
8 22
4 69
4 48
15 25
14 9
28 7
21 66
29 4
25 36
27 24
23 13
28 79
12 71
28 9
0 84
19 68
20 79
7 21
27 75
3 23
14 29
16 38
6 44
17 45
5 6
2 95
18 16
22 93
10 78
29 19
11 63
17 62
10 98
24 96
24 57
21 60
12 49
22 90
0 80
4 93
4 72
27 14
8 55
23 62
5 17
27 22
11 97
8 94
21 98
2 16
3 38
19 26
20 45
5 74
2 75
10 10
26 38
9 67
25 65
16 72
1 37
0 83
5 78
25 30
4 64
23 76
17 18
27 59
18 72
8 52
2 52
15 7
30 73
15 37
23 57
23 31
10 71
11 3
18 7
8 99
30 89
28 8
6 54
25 3
29 43
13 52
12 15
8 64
0 23
29 62
19 69
15 66
28 74
11 66
4 13
11 71
8 52
19 78
25 29
25 25
6 39
26 85
14 35
23 16
19 11
16 40
0 7
2 96
8 54
6 74
2 69
18 66
8 52
27 37
8 16
27 5
2 9
19 85
4 69
7 53
23 63
5 8
14 68
8 94
20 73
4 5
13 11
3 98
25 52
16 96
10 60
1 89
8 80
2 86
16 56
10 64
24 45
20 47
16 13
26 69
30 39
14 35
14 44
20 6
3 49
12 75
9 52
3 9
28 99
25 31
9 11
2 88
1 4
6 91
2 91
9 70
16 96
16 80
5 66
9 33
29 42
20 8
27 45
23 89
10 22
26 9
9 6
5 6
11 60
17 95
5 77
19 88
10 45
9 11
3 19
12 1
16 1
24 39
16 22
18 59
3 99
23 34
10 28
29 54
13 93
14 86
4 91
16 12
7 29
20 45
17 54
25 98
6 96
5 40
29 73
3 9
20 95
5 4
26 87
10 6
20 84
25 36
11 94
24 77
25 90
15 47
9 99
1 19
15 48
13 80
6 3
4 82
12 66
0 69
5 49
16 27
19 20
0 69
8 56
22 30
26 11
13 45
2 76
18 36
7 41
15 43
25 28
25 20
18 15
11 50
24 12
28 62
24 40
22 27
15 33
13 59
28 91
22 27
4 78
2 8
21 38
29 32
26 22
16 1
10 53
19 13
18 80
5 84
28 51
15 82
20 40
23 100
27 63
17 10
26 82
4 36
11 44
8 73
8 75
1 68
14 45
13 18
3 84
21 7
24 15
5 61
9 31
24 94
3 31
29 2
23 23
5 3
14 7
10 100
12 25
8 25
5 75
0 99
24 89
22 42
30 58
7 85
24 92
22 34
7 2
6 27
25 37
1 92
20 86
18 1
7 46
16 22
16 93
5 36
20 95
18 98
21 96
9 14
6 5
19 32
16 73
0 28
20 45
6 5
26 45
18 77
26 33
16 64
14 85
7 61
21 100
6 92
22 54
29 66
0 13
21 53
19 55
10 31
27 24
21 64
14 28
6 10
16 93
27 36
7 63
15 12
12 71
5 92
2 14
23 52
19 10
17 56
20 70
30 92
27 19
4 87
7 25
1 29
23 59
19 61
0 74
3 68
24 27
22 1
18 88
27 53
30 21
27 72
5 42
7 70
7 88
29 19
12 9
18 48
21 61
18 40
5 28
22 24
4 39
8 80
30 85
7 60
12 68
5 87
15 6
23 10
20 38
4 31
25 60
10 86
0 29
25 2
22 19
0 38
19 37
20 62
4 65
12 76
5 27
11 74
11 23
21 78
30 1
24 53
29 71
7 85
16 46
10 76
11 6
7 69
11 93
1 19
6 22
6 80
6 36
17 23
6 87
22 83
3 55
22 58
20 50
28 62
13 19
26 49
28 25
4 71
20 66
22 41
1 85
28 44
15 43
26 60
21 22
16 56
2 84
8 70
13 6
30 62
3 74
8 5
2 44
6 88
5 4
12 50
24 58
3 14
5 88
28 79
20 42
25 78
0 82
28 36
25 10
12 91
19 37
14 88
2 1
20 50
11 79
12 89
18 58
11 32
26 67
10 22
5 12
29 48
9 65
12 93
1 62
20 55
19 14
23 11
0 64
7 9
23 23
16 68
29 1
15 38
27 45
2 98
30 95
29 53
13 71
6 37
16 81
10 27
4 84
24 42
6 95
19 37
19 51
6 49
11 8
16 52
17 4
3 17
16 90
13 24
25 31
11 100
20 93
13 28
29 64
22 69
17 44
28 45
27 36
27 69
21 19
24 79
21 4
26 51
12 11
18 23
7 44
25 10
15 78
4 52
12 82
6 77
19 84
16 64
5 99
6 37
20 9
9 30
17 51
15 90
9 51
24 9
17 100
23 24
26 17
25 64
11 31
10 4
7 98
28 49
17 35
9 27
28 77
10 57
28 46
10 8
14 9
6 44
30 82
20 42
6 6
12 51
11 31
25 5
29 9
18 73
15 63
17 62
27 42
14 71
2 32
16 46
19 79
1 29
20 44
0 56
21 37
23 12
5 50
20 28
19 46
26 85
2 74
29 83
13 80
21 66
8 51
7 90
26 100
21 37
12 11
8 6
3 74
28 87
17 46
29 61
0 45
8 20
18 57
24 93
5 50
15 73
13 78
6 19
21 77
18 49
8 14
15 30
30 50
14 15
10 20
4 16
17 97
18 70
11 15
18 72
25 77
10 69
21 48
14 19
1 27
24 57
0 80
26 29
30 90
2 80
14 1
17 88
29 70
30 75
5 22
26 95
17 75
30 77
0 90
0 100
8 73
25 77
20 76
3 21
5 57
15 4
29 96
21 45
5 95
8 16
19 85
17 25
4 46
17 5
7 69
26 19
27 54
19 47
30 95
8 49
2 84
5 84
6 56
9 28
21 32
21 56
15 48
19 73
18 39
8 15
24 100
13 54
21 71
8 45
6 90
17 47
17 5
12 70
27 19
17 29
11 92
24 11
30 18
19 61
29 51
19 14
19 22
10 83
0 9
4 36
9 95
23 49
16 85
3 10
28 13
30 36
2 6
6 27
14 24
7 88
7 52
24 86
22 80
21 99
4 48
11 97
12 90
9 25
10 61
18 90
9 64
5 30
5 88
28 21
10 91
30 6
14 38
3 19
4 71
15 5
7 61
23 74
3 50
1 30
0 2
29 2
30 48
14 37
8 23
16 38
2 49
11 66
16 58
20 84
20 51
23 99
23 6
22 30
11 17
25 50
21 41
16 13
3 90
22 47
18 2
7 33
17 33
14 17
28 58
23 6
22 87
25 42
2 12
3 89
24 36
23 75
16 78
26 8
4 16
22 18
30 77
17 30
9 94
24 69
2 43
19 80
21 65
20 62
19 4
19 21
29 86
26 96
0 51
7 71
29 20
13 14
21 69
13 18
0 50
26 15
14 100
10 22
23 70
8 1
12 57
13 17
3 4
16 57
13 95
10 93
17 29
26 78
28 35
9 74
6 80
0 54
29 90
17 27
4 97
17 79
8 77
10 40
23 52
5 86
25 88
26 39
24 45
5 37
0 63
25 82
6 14
2 8
9 76
4 85
6 65
23 67
3 76
0 90
1 33
24 81
14 52
24 20
23 84
10 4
19 77
21 25
17 41
18 99
13 1
13 42
29 45
24 72
21 66
9 24
15 7
11 4
24 64
10 7
23 2
30 51
12 65
0 64
18 65
29 78
10 40
28 6
29 47
6 59
30 98
16 2
3 53
2 25
11 6
10 88
22 66
14 24
19 95
7 57
12 35
14 75
0 78
23 87
8 57
9 79
11 98
20 8
1 47
8 64
13 100
13 93
2 11
18 14
0 27
16 94
29 60
0 13
19 8
30 62
13 95
0 34
0 16
3 90
11 73
11 83
8 93
10 85
21 58
10 16
18 6
4 87
29 64
1 7
29 39
6 13
11 50
8 59
