100
24 99
30 18
5 81
3 11
7 62
22 95
13 11
11 52
4 12
8 82
25 61
25 80
30 87
26 65
23 49
8 16
2 66
24 85
21 59
29 33
6 1
11 29
5 74
28 80
25 25
24 71
21 83
29 12
8 23
4 69
0 88
1 86
20 91
5 78
27 10
21 76
8 47
14 93
7 100
6 79
23 6
13 62
17 50
29 73
19 58
24 89
21 77
21 18
19 98
22 32
26 17
17 77
0 47
1 46
18 66
10 81
11 28
27 50
1 96
23 65
15 7
19 62
17 11
1 18
5 13
29 86
5 54
10 23
11 21
9 77
0 54
5 2
7 14
27 13
12 90
13 9
15 17
20 17
9 40
2 92
28 64
17 66
7 96
21 53
27 91
22 98
20 16
16 35
18 94
5 4
8 41
28 90
1 22
9 69
0 33
11 66
13 87
12 87
27 49
18 100
30 81
19 18
17 40
13 68
13 43
21 82
3 1
22 9
5 38
20 70
5 62
27 30
29 76
6 95
15 97
3 88
6 19
24 13
8 26
18 57
20 84
6 13
15 79
19 10
12 84
13 53
24 42
10 15
9 33
13 69
23 63
6 93
28 80
20 29
3 53
9 38
7 9
2 88
10 67
29 79
8 59
21 73
29 22
8 6
29 40
5 71
14 63
5 77
2 3
23 21
5 86
0 74
7 56
27 70
17 96
26 66
28 98
12 3
12 58
20 71
1 46
25 27
28 76
27 69
13 68
7 80
0 42
9 9
7 57
22 3
11 17
25 97
27 74
3 78
9 96
21 99
18 45
18 21
20 64
20 84
10 49
28 74
2 82
8 65
0 84
19 72
20 92
17 77
6 50
15 29
30 50
19 5
24 49
23 78
7 19
6 29
5 70
21 71
9 17
6 91
18 68
22 2
29 21
7 65
12 45
30 91
25 36
8 33
23 11
26 5
29 75
23 49
30 88
11 6
27 20
12 90
12 27
14 45
19 25
2 10
1 49
8 92
26 50
2 87
28 28
14 98
10 74
16 95
1 40
9 53
19 51
22 5
16 56
27 46
15 48
11 76
19 94
4 13
3 92
13 27
27 68
27 21
21 73
28 46
29 28
4 36
11 16
11 29
7 6
2 88
29 56
5 97
14 12
29 62
6 33
26 75
15 18
16 94
24 54
4 46
19 45
6 100
30 45
12 22
21 1
1 12
28 58
18 86
0 36
30 80
15 80
23 53
19 56
2 80
19 40
8 7
14 98
0 30
20 49
20 35
18 94
10 89
28 47
23 11
24 28
18 46
27 37
30 73
5 25
7 8
26 79
7 85
16 55
5 90
9 46
24 3
4 54
15 97
23 43
7 84
10 26
22 52
21 93
2 75
22 16
6 95
6 93
3 58
21 12
0 83
8 67
20 96
22 11
2 67
26 57
28 35
20 16
27 54
27 17
8 52
30 91
18 70
19 86
21 93
26 68
17 98
4 7
1 14
4 94
1 18
1 31
1 28
4 73
2 27
16 12
11 9
14 67
1 34
15 57
14 72
9 15
4 94
27 53
1 39
17 10
23 12
20 87
25 70
16 64
16 34
23 11
0 43
16 97
26 64
19 67
26 77
6 68
4 21
4 87
18 64
5 70
6 24
14 53
21 77
12 51
22 11
0 10
7 13
22 38
16 39
29 56
8 48
6 52
9 91
9 10
7 51
2 68
16 73
17 59
5 24
3 72
4 32
28 63
20 23
19 7
13 20
18 17
13 75
24 89
23 64
29 40
13 15
14 57
11 76
8 9
24 77
23 7
22 89
4 81
8 75
6 93
21 83
18 5
8 97
29 23
18 87
18 24
8 60
21 59
22 25
24 38
1 73
12 84
24 77
5 84
29 87
9 92
8 58
23 65
1 91
27 14
15 67
0 61
17 34
12 54
17 81
11 37
27 70
5 88
8 84
11 45
21 62
19 35
9 80
17 41
15 49
7 69
29 70
27 92
16 41
29 5
28 7
12 19
19 48
22 67
3 81
20 44
2 2
28 2
0 3
21 66
1 82
13 64
25 55
4 69
30 78
4 39
11 35
13 88
29 71
0 14
11 51
25 69
10 25
18 33
1 73
17 23
8 74
6 53
19 22
17 12
26 19
16 18
12 70
4 70
6 43
21 6
30 9
15 22
18 26
25 66
11 48
14 1
11 96
22 47
0 65
10 39
13 94
7 48
9 82
18 22
2 79
6 65
23 66
30 27
23 60
11 26
10 37
25 76
19 41
5 6
30 64
27 99
10 62
1 16
10 82
14 86
28 28
9 11
29 43
16 19
15 9
4 74
14 40
19 59
30 56
1 91
12 18
27 11
24 10
22 71
18 100
21 70
24 1
11 50
12 75
7 56
11 65
12 76
27 42
30 93
26 16
4 85
4 4
19 53
13 71
24 64
27 77
25 63
10 80
2 85
15 21
15 59
30 43
27 18
17 49
9 88
22 37
13 47
19 21
25 24
23 16
16 34
23 56
21 45
11 68
4 53
16 24
25 48
4 83
16 9
22 13
14 62
19 70
11 44
16 75
30 98
18 95
10 38
30 92
29 25
1 61
15 89
22 80
13 23
25 13
15 100
30 72
19 72
28 14
0 58
21 83
29 31
27 41
7 16
14 5
26 87
18 86
10 51
6 30
22 15
8 98
12 58
9 12
14 46
14 65
9 28
25 8
15 78
3 28
30 2
3 82
4 83
17 37
21 5
27 16
26 88
3 99
8 57
11 78
7 17
20 42
29 19
16 83
24 35
0 37
8 69
2 57
29 41
14 29
19 78
26 62
8 11
18 97
20 100
24 65
13 57
29 46
18 8
10 55
19 11
25 76
1 50
10 26
16 60
13 13
23 10
30 74
15 76
18 25
11 97
11 81
26 2
21 57
3 86
14 91
23 44
2 14
10 33
12 97
29 2
14 87
27 78
25 42
8 7
10 37
22 93
8 64
2 79
17 57
25 87
11 63
2 45
7 88
1 2
11 76
27 91
2 33
0 41
9 37
1 96
13 52
0 74
8 84
27 55
3 87
10 94
11 51
2 96
3 84
25 87
14 73
17 97
19 87
14 49
10 90
9 95
17 18
28 51
8 88
24 35
30 84
5 58
9 95
20 61
23 69
12 53
30 68
3 85
19 96
30 76
19 82
16 56
30 11
27 45
10 9
20 46
12 5
1 100
27 28
3 18
17 86
6 85
24 54
29 36
14 77
9 57
22 72
16 2
2 81
28 22
21 53
16 38
29 50
16 47
21 44
23 72
30 4
9 62
12 61
16 84
5 3
22 88
22 69
18 32
2 100
17 85
17 36
9 1
20 71
20 85
7 98
30 95
5 41
2 22
4 61
27 35
4 89
2 26
13 73
10 41
29 63
24 10
0 45
7 78
13 90
28 100
1 14
25 82
0 4
1 43
8 15
18 15
28 44
0 13
13 85
1 41
17 58
11 99
27 98
18 50
20 25
17 92
22 40
18 93
30 55
0 11
29 72
11 18
24 11
27 13
20 97
12 99
24 37
2 51
22 10
20 24
20 85
30 75
4 23
18 15
8 30
21 63
29 43
14 46
26 74
23 22
9 40
15 4
4 88
24 43
8 26
27 96
28 25
5 100
8 95
16 88
8 6
19 53
2 28
29 31
26 62
18 63
0 96
11 5
30 73
12 13
15 57
3 79
21 68
1 97
15 15
10 73
14 69
19 66
26 9
29 85
19 51
18 37
13 39
24 72
4 91
13 52
5 32
28 68
3 43
29 21
19 88
28 94
23 87
13 59
27 49
20 22
23 46
29 76
29 71
29 77
28 56
28 20
8 83
12 21
20 60
17 97
18 27
27 94
14 27
15 21
22 37
8 98
23 14
17 16
23 62
10 58
11 97
6 21
9 70
24 37
25 99
7 7
13 68
5 3
27 8
9 82
12 54
16 68
27 93
3 2
23 59
15 33
13 64
3 30
0 68
29 46
11 86
17 85
18 12
29 87
0 57
7 27
13 94
10 57
5 10
8 21
24 50
8 70
16 67
28 82
7 62
3 24
19 77
16 38
1 31
15 56
12 69
9 84
29 93
13 6
10 94
26 55
1 32
7 36
4 35
6 57
18 57
9 21
3 66
26 72
23 41
30 83
8 17
13 9
14 83
21 89
22 9
29 33
12 84
5 100
28 8
30 4
15 58
16 91
1 63
19 8
22 44
20 17
30 59
5 90
30 45
11 92
26 65
6 14
13 96
8 71
23 14
4 56
17 69
1 72
24 94
7 87
20 87
25 7
17 74
27 56
1 72
4 37
28 30
6 87
22 10
10 33
19 29
8 5
24 82
20 91
18 25
4 59
17 5
21 27
18 79
16 4
17 47
11 1
23 23
6 84
10 39
28 65
14 40
13 61
23 56
25 32
17 35
8 34
8 10
25 69
11 32
28 53
28 48
18 78
10 87
24 60
26 11
29 37
9 40
15 37
10 87
19 68
29 37
28 81
2 22
1 18
28 42
6 77
27 66
13 77
6 14
2 62
19 49
1 16
7 35
17 63
27 56
1 95
18 6
16 57
7 71
22 14
10 67
9 10
0 91
8 36
28 93
5 16
28 81
5 47
25 6
3 98
4 95
10 54
10 88
16 70
23 49
9 81
0 66
0 52
20 40
24 15
17 20
24 63
23 90
29 71
1 71
7 84
0 97
28 25
2 7
23 43
6 41
5 98
21 27
3 41
26 21
24 26
27 67
10 60
6 9
12 70
19 94
16 16
16 62
8 82
26 67
20 85
24 58
25 33
20 41
28 29
7 66
16 29
10 66
27 8
21 82
29 7
8 70
19 15
4 81
16 15
2 76
6 92
8 85
2 35
13 51
13 49
25 28
27 44
4 61
24 35
19 43
20 39
26 62
26 46
18 31
17 4
2 59
29 35
25 70
21 75
14 50
27 82
10 20
18 81
9 3
24 60
15 94
25 44
5 61
15 5
5 89
9 53
13 89
26 3
18 35
26 70
28 37
26 14
26 14
30 75
8 25
17 98
9 30
28 86
8 45
14 34
17 34
21 23
25 59
16 75
20 33
6 9
7 80
3 89
16 43
24 52
9 46
30 88
15 64
9 37
26 7
13 38
18 100
29 9
23 25
11 4
7 32
5 4
3 38
9 16
3 87
5 6
7 54
23 65
23 55
16 100
30 83
3 85
2 47
9 1
4 91
1 95
20 17
28 61
0 40
24 14
21 50
13 77
1 53
22 1
21 90
17 21
13 12
17 87
27 30
11 8
20 13
5 31
6 77
4 76
14 86
15 86
10 19
27 47
3 7
14 35
1 52
9 93
7 91
24 45
12 32
15 71
0 52
2 49
2 38
10 53
15 3
6 1
21 98
21 30
9 80
19 20
9 22
25 75
24 56
19 34
20 41
19 1
14 84
5 10
27 19
5 78
29 7
12 68
0 84
13 38
6 88
4 51
12 54
14 40
16 48
25 6
12 56
16 97
27 90
8 47
4 75
8 49
25 30
27 48
24 30
9 23
1 55
30 1
26 4
16 46
25 31
5 50
9 35
29 34
9 58
4 93
21 22
14 90
5 19
27 82
2 78
11 35
11 12
19 87
22 80
15 89
29 14
8 39
25 64
4 41
18 97
11 30
23 66
12 73
6 24
16 26
26 38
20 53
30 45
28 90
5 70
29 66
11 92
18 50
11 64
20 28
11 70
1 37
9 56
27 97
7 97
22 57
12 23
23 87
7 26
3 93
3 51
20 18
24 20
28 2
15 43
2 64
26 17
18 90
18 84
20 69
24 57
14 56
3 80
21 76
2 97
19 41
0 38
15 74
11 27
25 9
24 93
22 37
27 85
14 79
0 25
7 7
28 80
29 85
14 51
20 57
1 86
0 17
11 55
25 2
24 75
20 48
10 30
22 24
27 25
13 66
18 87
19 100
17 90
6 42
3 11
28 8
24 52
22 92
17 82
20 73
13 70
21 47
6 45
22 17
7 99
9 56
17 81
23 94
25 93
16 35
6 37
14 11
19 42
28 29
22 64
18 75
12 79
24 79
15 60
25 100
28 37
12 30
15 13
10 62
10 14
12 68
24 94
9 95
8 67
7 4
7 58
9 42
21 3
12 66
1 82
21 24
13 57
16 80
18 85
28 11
9 82
3 67
20 47
0 70
16 18
13 57
6 87
2 27
9 54
7 28
17 63
26 3
29 7
19 23
2 1
12 19
1 68
19 27
30 4
16 68
21 9
1 61
22 72
22 67
21 56
11 2
7 90
11 55
8 38
14 79
4 63
5 39
9 72
30 69
13 72
0 66
8 93
21 24
28 11
16 13
7 19
8 64
30 77
10 77
22 29
24 94
9 48
4 94
15 100
25 46
13 63
1 13
14 94
29 26
7 69
24 91
21 1
14 16
28 100
10 34
13 62
6 69
9 71
29 3
20 94
4 60
6 33
10 13
18 91
11 63
25 7
20 85
18 70
19 62
19 57
16 17
4 71
10 42
3 70
30 42
12 82
27 91
28 5
2 72
14 74
26 20
30 6
13 46
5 83
11 47
18 69
22 56
5 33
5 75
27 94
28 58
9 8
5 28
7 81
3 50
0 34
9 66
23 63
4 62
27 8
25 100
27 46
4 3
27 22
16 98
7 28
12 58
19 78
22 91
2 89
3 90
26 19
16 33
14 31
4 37
10 70
15 60
12 22
6 90
2 89
7 7
26 79
26 41
14 32
19 84
28 9
22 28
5 48
8 99
16 74
24 55
25 6
18 85
25 42
26 42
29 29
28 44
28 56
16 21
16 66
7 40
15 90
27 47
25 63
7 64
16 81
20 33
3 87
18 10
15 79
4 70
24 82
14 54
26 88
6 65
12 22
30 63
13 16
17 50
22 69
23 29
13 9
9 69
4 6
2 2
27 74
26 38
13 18
6 90
23 19
8 40
27 12
30 38
2 51
5 31
24 20
7 15
9 78
14 52
17 84
21 40
11 53
23 17
27 70
15 49
22 81
14 4
16 98
30 78
22 51
8 42
7 40
6 44
22 2
10 70
9 29
21 49
19 12
11 76
13 92
18 57
28 94
25 89
4 62
10 10
23 1
1 2
7 3
23 24
17 65
5 44
13 93
30 17
4 71
26 77
16 72
6 55
20 17
2 96
27 84
8 24
17 51
13 96
17 93
8 54
19 92
8 39
19 88
15 72
2 92
27 93
6 89
0 53
7 39
20 34
2 24
10 12
4 60
20 58
16 25
6 74
14 95
15 7
17 76
9 62
23 30
14 47
20 65
6 26
21 85
24 69
22 12
29 90
27 28
8 84
6 17
4 62
28 23
26 59
10 8
22 7
4 39
16 45
8 47
4 82
8 76
4 81
14 2
21 1
1 99
20 95
23 72
20 71
22 76
13 21
28 82
25 52
30 73
24 20
7 60
3 19
19 44
25 84
2 82
10 59
1 20
1 66
25 7
0 20
24 42
12 8
27 86
2 6
19 47
2 6
14 13
3 16
10 76
30 11
6 49
30 54
26 3
19 69
9 45
5 13
8 87
16 2
7 56
23 57
4 94
12 24
26 12
15 62
15 43
8 22
3 66
6 64
24 69
17 65
26 39
9 8
1 86
8 51
5 79
6 60
2 57
9 80
0 5
23 45
18 21
6 92
0 46
16 36
1 70
25 98
13 50
26 35
9 51
25 78
13 56
7 26
28 72
5 78
25 60
1 72
30 41
5 71
12 58
9 22
16 50
11 34
11 9
25 4
12 22
13 70
25 56
0 9
4 79
30 58
8 84
13 80
22 21
9 24
7 49
24 39
4 50
18 85
0 90
15 53
26 28
25 38
19 32
25 93
25 1
1 89
8 23
20 79
11 51
15 40
20 88
6 47
0 77
2 88
10 6
16 42
25 97
8 47
6 57
24 60
4 58
20 12
23 97
6 73
27 77
21 70
26 47
6 24
2 5
26 40
1 48
5 30
5 73
27 21
17 31
24 92
27 61
9 58
3 44
27 36
15 66
30 49
4 84
15 91
28 87
17 92
9 78
11 4
13 61
15 11
11 22
26 49
5 78
19 13
12 99
30 92
18 83
30 27
25 22
18 3
12 49
9 52
13 3
22 69
29 4
5 73
8 27
6 83
20 88
13 95
30 57
4 67
21 5
7 36
9 93
2 80
10 93
9 51
15 26
3 54
28 24
29 71
27 58
12 90
6 82
25 50
12 65
28 89
12 43
8 5
30 44
11 24
2 92
20 65
1 31
23 58
16 13
6 57
19 71
28 92
13 93
17 40
4 54
6 15
26 35
11 55
27 66
19 99
25 31
28 16
13 27
27 46
12 41
28 12
30 70
24 48
10 93
0 42
7 84
3 70
7 60
19 93
4 21
0 65
12 80
3 6
19 52
7 79
20 3
25 4
15 14
11 66
14 34
12 99
18 53
28 58
21 55
24 2
9 94
24 61
25 18
4 75
1 90
5 3
21 44
15 5
18 98
17 16
19 97
24 86
27 73
0 61
2 28
25 94
14 15
2 35
4 36
14 63
22 88
15 32
29 85
1 77
18 3
17 40
29 21
25 78
5 22
2 3
6 3
8 92
12 75
10 33
7 77
21 34
29 39
30 67
28 23
20 31
23 54
22 69
18 12
2 91
17 50
29 74
26 19
8 88
1 53
27 23
21 85
0 34
16 59
11 41
9 100
16 94
18 42
8 41
28 60
16 62
29 25
7 33
13 47
19 2
0 73
8 21
14 27
23 7
25 92
5 31
9 76
15 19
23 92
28 100
20 28
29 91
0 36
27 10
29 62
8 33
14 36
20 75
17 87
28 30
20 87
5 91
13 97
11 5
22 64
7 80
17 1
4 34
7 11
2 3
14 81
21 58
17 27
0 3
4 27
7 20
7 77
17 65
28 22
7 60
28 91
17 86
19 75
7 90
15 83
20 24
1 43
26 12
18 80
4 60
19 85
23 26
18 75
18 66
25 89
24 78
15 52
15 29
2 19
14 97
3 72
22 24
18 63
2 26
8 92
26 69
13 63
18 4
15 56
8 28
22 62
26 1
6 70
8 6
16 29
2 75
26 80
30 5
20 42
12 49
23 20
23 7
26 95
17 16
22 11
21 99
29 28
30 64
25 25
29 16
3 75
3 24
26 13
19 3
22 52
12 75
19 32
18 81
26 11
8 94
0 34
24 15
17 86
3 85
18 98
17 52
4 22
19 12
8 71
12 72
23 28
15 95
15 23
10 33
27 23
29 5
30 31
28 42
21 66
18 68
20 26
27 29
15 80
12 60
21 40
17 20
20 31
22 73
28 12
5 19
22 3
27 61
28 48
14 64
30 35
2 81
21 34
19 25
15 37
6 75
20 35
18 44
26 19
4 21
19 92
11 1
24 65
6 18
23 49
28 46
5 5
8 44
21 6
7 14
6 50
6 43
23 6
25 83
9 55
12 73
21 33
30 77
16 74
9 67
25 98
25 57
22 78
13 45
2 36
5 87
12 94
1 4
8 8
15 79
23 48
22 60
19 15
30 73
18 83
2 82
0 34
25 17
30 24
13 12
15 96
7 90
29 94
25 19
10 80
6 82
23 59
13 20
18 75
26 7
4 20
23 72
17 26
16 68
18 63
0 90
12 70
15 60
8 76
26 91
17 76
12 24
15 1
15 64
16 10
6 58
8 8
10 87
0 59
20 68
0 33
14 81
9 90
13 3
4 89
18 80
5 36
15 82
22 76
24 52
20 98
15 65
3 85
20 95
27 4
25 3
9 15
10 2
9 49
21 33
30 29
6 94
0 17
18 22
3 30
10 62
19 97
11 2
17 31
3 41
19 77
30 62
25 15
26 7
5 67
27 55
26 25
10 51
8 76
11 31
28 55
1 70
8 72
23 80
18 6
26 5
15 2
18 93
28 35
20 26
11 39
13 18
12 35
25 34
7 46
24 47
1 3
10 90
2 43
21 9
4 83
28 77
11 33
3 25
17 12
17 42
8 99
5 32
10 59
2 17
17 95
16 97
30 86
7 30
13 63
25 92
11 62
1 99
17 58
5 50
12 42
30 30
28 13
17 80
15 38
17 38
18 15
15 33
18 2
13 61
15 6
19 77
28 24
30 56
6 82
19 57
26 58
8 19
18 50
20 67
12 77
27 11
22 98
1 34
9 97
25 64
16 41
30 85
15 79
16 63
2 76
12 18
30 11
2 60
16 61
29 51
20 98
25 54
27 48
12 95
30 23
13 1
11 5
27 69
9 54
29 29
5 91
15 14
15 1
4 74
23 81
5 65
9 96
21 12
4 16
21 70
27 80
30 15
29 32
1 10
21 41
18 22
5 91
24 11
10 25
27 11
19 77
0 25
28 11
8 41
17 58
4 9
24 23
13 64
11 62
9 43
5 56
13 98
15 9
11 38
3 34
4 10
6 65
0 65
20 97
16 89
9 89
4 62
14 10
19 65
26 59
25 18
3 68
8 89
8 42
24 1
10 47
17 98
25 21
7 4
12 55
7 25
0 51
24 50
6 9
11 76
0 12
13 2
1 17
11 72
17 34
11 83
6 29
18 23
25 82
22 23
4 10
15 74
15 13
19 47
20 41
4 50
16 8
26 68
16 87
24 35
30 35
30 38
5 45
27 78
11 87
18 56
24 77
10 92
10 31
12 63
21 85
15 38
2 75
26 65
13 9
30 44
28 68
30 68
8 87
14 60
11 17
1 85
9 99
23 22
18 31
6 30
0 85
6 49
12 9
18 98
27 42
13 69
29 20
11 12
24 79
21 81
24 53
4 69
14 67
28 70
11 49
25 100
18 74
11 45
15 53
23 11
0 17
20 55
21 48
9 57
4 46
16 96
26 37
4 45
12 68
30 9
23 8
1 28
2 55
5 16
6 12
21 43
18 5
1 92
15 16
25 92
22 75
12 39
23 15
27 87
0 76
0 93
15 55
15 22
25 68
18 50
18 83
24 38
23 53
6 55
24 73
1 26
1 93
9 12
25 54
17 85
13 49
16 89
6 9
19 11
22 45
3 47
0 71
17 77
26 39
13 45
24 19
23 82
27 63
3 36
19 21
17 78
25 30
18 58
17 7
8 96
26 26
30 30
13 43
0 33
27 99
4 23
19 34
14 45
24 15
2 48
28 7
9 83
12 27
9 82
2 8
19 100
10 73
30 52
12 59
29 22
20 30
21 11
14 44
9 29
5 84
15 86
25 100
1 38
14 76
2 28
6 75
19 20
2 21
11 28
21 99
21 96
21 23
3 80
0 83
12 35
22 29
16 18
13 73
13 92
18 71
11 66
29 25
21 18
13 67
6 20
26 32
28 19
15 20
30 24
1 71
9 85
4 91
21 64
22 7
6 15
11 93
9 53
3 25
6 6
13 20
19 50
5 61
13 41
16 36
4 79
21 51
22 38
16 100
23 66
25 38
6 8
17 59
14 7
28 63
9 90
1 90
20 73
8 66
1 92
18 26
7 56
23 98
13 23
4 82
1 12
23 7
2 20
0 80
6 75
5 61
6 54
2 68
25 84
11 50
14 95
22 85
14 35
21 37
8 89
20 29
13 24
7 23
22 87
14 17
16 2
20 6
18 94
30 92
6 29
2 61
24 29
30 47
8 77
28 56
22 23
29 95
25 20
13 99
25 72
15 11
9 27
30 46
0 85
27 26
27 70
8 91
15 44
28 4
23 93
6 7
25 64
8 31
3 4
12 12
14 54
17 83
10 32
27 65
17 60
12 43
15 56
19 61
10 71
4 38
21 14
27 13
9 96
24 70
0 85
17 56
29 44
11 89
28 97
30 11
5 88
9 37
23 85
13 38
13 1
0 95
4 12
8 69
13 80
24 31
23 45
30 48
28 31
6 18
2 61
24 80
30 58
5 49
18 96
21 91
2 11
19 65
6 36
15 50
12 82
8 72
26 77
25 7
16 23
15 46
25 83
0 57
19 14
8 12
10 87
24 70
14 85
10 32
10 62
6 36
8 61
22 45
4 30
25 65
8 85
10 17
27 18
13 46
11 57
6 50
8 6
11 52
17 81
9 64
30 82
26 90
22 27
10 77
21 16
29 27
14 60
17 28
15 32
21 4
5 49
23 72
7 80
26 54
2 31
13 38
2 46
6 45
3 78
3 31
0 95
4 7
26 38
26 9
8 43
6 2
16 22
29 14
10 51
23 33
8 20
19 28
6 2
13 66
5 80
8 42
3 65
28 88
13 37
8 30
21 29
22 57
2 42
2 20
15 100
3 97
21 97
13 50
9 43
26 2
14 5
2 72
18 93
22 75
26 26
17 28
8 24
13 49
25 72
4 55
29 15
1 89
21 58
1 88
9 43
22 86
3 3
26 75
10 28
14 35
19 72
19 87
23 94
14 85
28 30
19 27
10 15
12 11
12 65
12 23
19 70
7 55
5 68
13 70
21 18
30 41
28 63
21 91
12 12
16 76
18 62
8 80
22 38
25 85
10 83
27 10
23 21
26 54
19 17
26 38
24 83
0 55
21 17
26 15
10 56
8 16
0 34
6 50
2 5
18 63
30 45
3 100
26 79
0 27
4 30
8 55
10 1
8 59
22 98
4 56
2 31
21 23
8 44
13 7
12 17
0 42
23 38
12 98
8 10
19 87
10 54
6 25
9 76
27 45
17 35
28 65
16 53
13 37
6 17
16 73
3 43
5 41
12 75
4 15
23 84
30 81
20 39
28 43
6 24
15 33
9 30
20 40
7 100
2 74
18 70
2 12
13 54
5 19
19 61
1 62
6 4
13 83
7 93
30 49
18 53
1 25
20 83
23 49
14 54
1 15
4 81
23 93
9 96
1 17
14 73
0 64
7 4
9 23
20 62
3 83
0 50
22 97
24 28
8 47
19 11
21 72
14 50
1 84
20 64
6 91
26 31
0 93
20 59
8 16
8 9
14 9
17 65
19 61
16 69
7 37
0 28
16 25
11 81
16 7
13 89
18 12
9 58
16 1
26 55
25 32
16 8
21 56
11 67
28 43
29 12
14 71
0 43
24 41
26 91
14 30
22 12
3 30
3 37
1 49
15 10
29 87
3 95
12 32
17 89
7 81
28 56
25 65
29 85
8 24
28 32
16 76
27 45
30 48
28 13
1 1
15 56
10 5
28 100
5 42
4 71
5 98
11 29
19 20
4 86
7 60
6 53
6 51
19 41
28 10
14 72
14 86
26 72
8 39
25 50
22 98
0 32
9 10
23 61
2 46
3 42
18 88
3 39
12 2
9 1
11 88
19 83
9 57
4 82
16 7
18 7
25 71
0 7
30 20
18 99
4 26
8 16
8 29
30 80
3 65
19 35
2 91
28 21
22 12
29 28
22 78
23 85
25 99
26 35
11 38
13 96
30 30
27 31
15 85
12 96
6 93
1 94
30 3
27 45
7 38
0 41
6 92
16 27
16 11
21 43
11 11
8 37
16 56
19 95
15 33
24 3
18 5
20 14
10 89
18 35
25 26
27 95
6 98
13 82
11 92
23 18
28 17
24 19
9 93
17 1
9 17
15 62
0 2
14 9
21 76
14 77
19 64
19 84
13 3
17 67
28 51
25 56
8 80
15 65
23 23
10 66
9 36
6 41
25 51
4 40
30 11
2 54
15 4
10 17
8 57
7 95
1 72
12 57
20 72
26 35
6 71
27 77
16 94
28 69
3 1
26 4
17 1
1 13
4 1
4 79
30 13
22 60
4 96
2 39
17 78
30 4
25 37
16 12
28 66
26 98
18 85
3 54
25 75
8 9
6 58
1 99
28 67
23 100
9 89
20 36
10 76
23 6
27 12
28 75
5 75
17 79
24 88
4 6
21 82
7 2
20 45
20 29
30 42
23 88
3 13
18 63
10 18
14 55
13 20
24 79
2 21
14 93
8 85
1 32
18 86
6 95
0 46
25 25
25 90
14 20
18 86
24 14
20 85
26 33
10 61
24 33
17 87
26 71
20 30
3 39
5 6
2 84
13 72
28 8
30 98
4 1
28 24
8 38
11 92
16 19
7 93
29 54
19 75
21 82
17 100
25 78
26 100
13 7
19 57
7 39
14 86
10 13
19 92
9 25
26 63
15 37
13 66
21 95
29 29
21 56
3 68
11 1
26 76
18 87
13 58
15 37
7 61
14 33
1 77
13 53
12 89
14 49
1 36
12 70
24 47
13 3
20 59
16 99
25 69
21 36
26 75
9 19
4 84
20 5
14 85
13 12
23 57
16 4
14 60
13 46
14 63
2 57
12 86
1 14
28 5
15 11
26 54
19 55
3 34
9 9
6 47
20 37
14 90
0 48
10 67
1 47
16 67
3 67
25 7
25 13
16 34
25 16
26 97
14 94
12 26
2 38
29 60
7 88
6 74
