100
10 34
2 23
29 29
12 78
11 49
3 5
11 31
8 7
25 80
25 57
2 81
10 76
23 41
12 7
9 74
12 72
13 15
0 7
14 45
13 78
17 76
11 17
24 9
12 58
22 77
24 76
4 53
4 42
17 79
29 91
15 80
21 11
15 14
4 40
22 27
8 19
13 43
10 88
0 96
13 59
27 46
12 7
1 21
5 64
4 53
11 42
23 38
2 81
3 10
13 6
2 85
30 57
4 9
9 48
0 30
28 89
23 70
30 45
30 7
6 40
13 57
21 95
26 77
9 87
1 24
18 83
19 66
29 51
27 76
7 5
17 6
12 39
30 13
10 42
11 35
14 41
10 72
29 34
23 31
7 29
7 34
28 72
2 42
26 4
21 86
27 71
5 56
3 3
18 34
18 52
22 64
17 8
16 60
1 72
20 41
28 94
21 1
20 28
1 62
6 3
25 44
0 40
5 42
16 22
29 54
29 80
9 39
0 64
15 41
13 80
4 52
8 42
9 51
15 79
28 23
22 39
22 34
29 70
14 59
11 77
24 35
11 72
8 19
3 10
22 5
12 77
23 68
20 81
22 82
28 10
0 73
15 75
18 60
29 14
29 53
4 33
14 27
18 63
13 81
21 33
23 8
29 31
23 49
2 42
18 1
22 12
30 14
28 67
20 69
21 33
5 54
20 74
13 20
13 20
21 57
9 68
21 89
22 98
9 59
13 36
1 76
26 99
3 28
19 9
29 25
12 14
25 2
20 67
8 37
29 79
23 36
29 84
23 78
9 45
28 6
0 33
7 79
24 30
28 70
29 75
23 53
1 54
2 54
14 67
21 56
22 5
23 26
10 58
18 46
8 96
16 1
1 39
8 3
12 36
0 12
26 42
9 82
25 11
4 26
20 55
7 69
25 87
14 80
17 71
8 9
11 70
6 30
22 84
18 7
18 36
19 72
3 29
21 81
3 12
15 42
9 85
8 73
28 73
22 8
27 39
2 83
16 58
13 56
5 25
8 59
21 43
13 24
18 66
8 11
22 75
10 79
13 92
6 12
8 20
21 29
4 22
24 86
18 27
24 48
2 29
20 9
8 34
24 40
21 87
4 74
4 72
4 70
13 24
26 12
26 25
24 29
26 3
29 36
14 50
24 48
15 27
24 25
16 77
12 96
20 81
6 95
6 5
20 54
4 23
28 49
20 50
4 78
21 24
17 39
9 28
3 82
23 56
20 73
5 87
2 66
15 98
5 58
22 48
27 80
21 76
24 28
30 88
6 75
20 30
11 95
12 86
4 3
20 86
18 73
21 81
10 96
21 72
16 95
13 4
17 24
22 31
30 8
7 42
30 50
25 2
14 23
18 42
12 45
30 30
7 57
14 4
22 14
2 57
23 60
0 94
24 1
27 38
3 1
19 32
19 65
20 52
18 18
5 90
10 12
17 74
26 67
17 24
14 14
1 86
13 79
25 37
13 83
15 12
15 40
6 38
1 35
6 16
14 86
10 33
28 84
15 59
23 5
14 5
28 95
17 5
26 42
9 40
3 64
13 37
29 54
0 30
20 2
22 82
1 51
27 50
10 68
0 65
9 59
7 3
17 40
2 72
25 27
28 12
17 51
10 19
14 42
27 75
9 44
22 88
9 18
12 87
18 32
7 11
27 47
18 34
27 75
15 91
25 74
20 42
16 54
7 50
20 94
17 35
9 2
0 29
9 2
26 59
21 44
7 19
17 42
2 44
21 9
15 65
21 71
8 47
29 25
5 78
20 82
30 73
28 10
29 27
2 21
26 27
27 10
12 79
2 83
21 83
22 51
21 42
7 45
17 26
24 57
1 76
14 81
23 26
6 24
12 35
11 41
7 45
4 5
14 19
20 35
13 83
22 28
21 67
0 43
5 89
3 32
22 34
23 95
9 97
16 47
12 59
21 82
10 12
22 39
13 100
3 76
1 97
25 58
7 82
10 58
17 4
11 73
22 56
18 95
29 35
25 28
12 81
3 32
26 38
27 16
14 6
21 13
13 51
21 58
8 86
16 43
20 57
17 29
10 76
1 87
7 59
20 81
1 83
11 63
6 70
10 34
18 80
12 9
13 51
13 23
30 87
6 96
28 99
16 96
24 89
29 75
18 43
7 21
4 80
2 2
20 5
1 63
16 49
1 50
24 49
23 1
25 86
25 88
12 15
25 6
26 50
13 19
24 37
22 38
8 21
11 9
20 76
26 51
26 27
13 79
20 54
17 63
29 29
15 5
11 38
8 35
1 70
9 35
27 92
7 89
15 55
0 82
6 12
25 86
9 96
17 47
23 41
0 12
22 99
2 22
20 26
28 45
4 84
10 43
20 57
11 5
4 3
14 48
6 32
27 57
4 6
24 25
15 16
8 1
10 37
29 17
26 3
19 49
22 16
28 99
4 73
8 77
13 55
8 12
19 100
5 56
2 5
14 32
30 21
16 81
1 71
16 72
3 14
14 11
12 60
1 59
15 61
17 84
27 28
6 34
25 48
23 90
24 91
30 77
0 26
16 11
24 48
13 74
7 46
21 9
7 52
28 61
17 8
21 87
17 55
8 5
26 25
26 97
10 58
23 85
13 55
13 93
20 96
22 43
12 45
21 10
6 80
11 93
29 35
12 26
26 44
2 87
8 31
4 15
21 94
14 62
1 2
2 49
26 55
21 87
14 4
21 80
30 8
21 40
8 44
27 80
25 12
19 60
2 22
15 52
5 33
13 82
21 82
30 24
23 1
21 64
5 56
20 58
18 4
5 38
20 28
23 59
11 52
25 23
5 25
6 9
7 66
24 46
3 78
17 69
14 2
19 12
18 91
18 66
5 32
27 44
24 93
11 33
19 95
13 8
17 26
17 74
3 52
4 94
0 20
30 51
17 92
21 82
21 93
18 81
15 80
8 29
20 67
3 63
10 65
30 33
10 3
9 90
10 56
30 55
22 16
18 75
28 76
18 11
17 39
22 92
24 34
30 36
16 81
20 96
1 83
20 45
26 25
4 18
30 99
6 7
4 14
5 69
30 96
21 14
14 23
27 87
13 100
5 51
26 90
11 10
25 66
7 18
6 93
6 46
29 54
21 93
2 82
28 84
16 86
25 28
3 82
27 51
11 58
6 88
27 84
17 87
3 6
22 67
15 59
24 42
17 12
17 50
27 92
26 92
1 48
4 78
3 21
27 26
10 46
6 34
17 87
17 85
6 39
11 86
8 85
7 68
28 74
12 82
18 4
19 53
2 35
3 15
17 49
19 73
1 5
20 3
12 76
23 88
10 17
30 12
29 26
24 11
9 56
15 50
18 7
29 13
4 76
22 9
21 83
29 70
8 3
23 48
6 70
30 90
18 17
5 76
0 70
8 23
7 4
1 37
26 60
24 46
2 18
18 17
25 1
13 15
8 14
17 72
12 39
9 74
9 44
22 99
7 35
27 4
2 26
6 3
23 73
17 97
24 74
25 98
28 59
17 23
1 41
4 39
15 47
7 60
17 19
23 61
17 45
6 94
23 10
4 61
17 27
10 6
26 66
28 6
25 50
12 26
18 15
17 65
28 48
5 98
8 50
0 5
11 87
20 24
15 25
7 36
7 17
5 77
17 15
8 36
18 79
8 58
26 39
27 57
23 66
4 80
13 23
30 58
22 36
20 22
26 69
16 11
11 73
30 44
30 31
8 93
7 20
18 15
27 35
8 20
8 30
28 88
3 58
12 17
13 96
16 4
22 87
16 61
2 76
6 42
12 55
19 46
18 47
0 23
19 99
7 96
9 54
24 100
5 67
23 19
26 62
6 40
0 76
14 47
28 35
30 21
24 89
2 74
27 61
20 100
9 76
16 34
21 74
13 8
10 45
17 18
29 44
6 21
11 99
4 65
15 78
29 70
4 17
3 87
24 59
1 24
22 28
17 15
11 82
0 68
5 9
18 36
29 69
9 48
16 21
18 34
10 49
29 82
20 50
8 38
18 95
21 3
24 84
10 85
5 40
8 82
13 95
21 24
1 30
11 20
1 34
14 76
30 25
3 34
21 78
4 63
22 41
16 39
22 62
5 87
6 75
3 56
13 27
24 67
22 50
23 11
30 47
22 43
14 48
15 41
3 41
8 7
18 36
20 84
20 72
18 88
14 22
19 92
1 16
8 80
7 53
11 27
5 44
8 22
13 13
14 34
17 12
0 28
10 32
14 51
8 15
22 69
22 28
13 15
21 79
17 3
11 46
11 100
28 60
15 68
19 33
5 12
2 84
17 96
2 58
17 29
14 40
15 76
26 26
23 94
0 63
16 17
22 18
21 49
5 46
0 46
25 23
28 44
4 92
1 70
21 8
24 21
24 83
20 3
18 73
15 60
25 12
5 45
26 23
21 27
18 79
6 74
30 13
28 71
18 9
6 16
12 47
21 47
29 87
10 61
10 23
24 27
25 69
24 3
23 84
7 47
0 50
16 31
24 32
12 20
8 8
29 26
19 39
2 78
15 31
21 83
18 63
30 22
19 6
1 65
7 14
24 24
23 25
28 26
15 84
29 63
6 75
5 66
8 48
18 59
0 59
0 73
12 33
15 51
18 63
27 95
0 52
18 6
3 90
0 56
2 79
19 6
12 53
21 22
18 14
23 27
29 80
10 48
16 94
23 72
15 87
6 9
21 57
18 78
14 68
15 82
9 84
9 60
27 88
11 1
8 86
28 29
5 78
12 88
3 79
12 15
30 12
14 58
19 32
12 61
19 82
9 25
22 74
19 69
24 80
25 5
24 100
30 69
14 82
6 13
2 41
10 45
17 16
21 40
20 81
27 20
0 26
28 66
21 53
0 48
21 24
11 29
16 20
12 36
24 85
0 55
5 46
10 72
16 44
30 17
25 53
23 39
7 32
3 74
12 86
24 59
19 76
1 10
7 31
17 90
2 87
18 96
15 63
11 64
14 21
28 60
30 90
2 67
15 6
23 56
24 82
1 68
7 36
2 51
13 23
22 63
2 49
16 37
16 49
4 26
26 85
11 42
21 3
3 95
4 89
8 51
11 65
23 56
1 4
20 33
17 66
12 61
21 76
22 73
15 99
7 73
5 15
25 65
6 31
2 11
25 12
24 67
13 85
0 64
16 83
27 30
30 100
30 31
6 12
19 58
8 48
12 75
8 60
23 17
17 59
18 58
3 23
1 32
9 47
13 10
20 65
9 38
18 74
19 3
4 9
10 6
15 99
7 28
28 95
7 44
11 84
17 61
24 8
24 61
20 78
2 87
4 82
30 25
21 99
11 55
11 27
26 91
14 48
9 46
0 21
30 92
19 15
24 14
2 79
6 28
20 87
13 60
10 10
29 67
20 4
12 80
16 74
3 85
30 100
17 67
6 26
2 19
30 8
26 1
14 7
20 43
26 19
9 1
21 36
6 78
8 53
28 82
26 69
15 67
24 21
3 99
15 75
24 68
5 31
0 44
10 55
6 33
29 58
2 36
14 18
9 91
13 93
22 77
15 53
7 68
11 25
21 4
26 57
28 7
25 4
23 42
0 5
6 75
27 28
26 15
11 40
30 6
5 89
11 8
8 71
28 45
23 97
5 71
4 92
25 40
20 21
21 50
0 42
10 90
21 88
3 100
27 12
30 50
24 54
6 40
21 23
11 14
9 32
23 19
13 92
8 29
28 55
7 17
10 51
7 96
19 39
15 2
3 33
23 3
10 18
6 91
21 46
16 49
24 73
5 6
4 40
4 20
2 51
26 85
4 15
20 3
23 13
6 81
25 18
12 54
15 87
25 95
20 3
30 42
4 13
7 40
26 22
7 36
26 24
24 10
14 29
19 26
1 42
30 26
19 98
4 57
13 57
12 52
9 6
24 18
23 58
16 96
2 32
2 35
3 15
27 50
23 90
5 76
0 35
4 87
19 25
12 39
2 70
14 41
7 99
10 55
20 81
4 1
28 70
2 80
16 11
8 13
25 36
12 89
27 54
8 33
0 82
3 62
7 11
26 44
16 8
2 52
3 9
19 32
20 92
17 41
21 96
8 37
10 79
11 86
25 47
9 51
18 92
20 76
14 84
9 95
18 68
26 32
20 58
11 83
30 35
21 63
20 54
13 89
1 91
26 60
5 69
0 53
24 75
25 32
1 69
24 20
28 48
6 100
16 5
28 5
8 18
8 44
10 52
4 87
29 89
24 18
28 65
10 57
13 98
18 37
8 38
10 23
19 39
21 18
29 24
20 68
0 4
14 15
7 53
16 9
29 7
21 8
16 88
0 40
9 85
20 78
26 83
8 62
14 61
12 68
18 6
5 94
6 65
14 51
4 24
26 91
16 8
26 91
21 67
22 8
23 92
14 36
14 74
6 13
9 78
9 20
13 39
22 6
13 62
23 47
25 69
8 65
17 17
19 34
3 41
29 68
16 12
17 21
14 20
18 2
17 68
25 4
23 92
5 54
3 19
21 63
21 49
10 58
11 94
1 17
15 51
26 9
7 9
23 8
26 84
10 17
3 62
22 4
26 31
27 16
28 25
2 3
9 54
2 77
17 93
1 47
22 23
8 62
11 8
9 95
14 12
26 55
20 66
29 96
22 17
4 38
23 47
3 48
10 71
23 31
16 48
12 27
25 90
12 63
4 5
16 93
15 24
29 68
14 36
20 52
22 6
29 91
30 13
29 48
5 79
28 25
19 46
18 29
3 85
3 31
9 91
30 81
22 53
21 19
6 39
8 31
19 70
21 22
15 26
22 43
4 26
16 7
3 88
14 5
29 83
23 63
24 66
19 98
5 55
24 2
19 58
17 54
4 95
9 28
24 2
6 67
26 26
11 13
12 11
29 52
13 33
12 68
9 27
13 41
23 55
12 88
19 79
19 84
11 32
20 90
16 16
21 15
21 20
14 66
5 31
15 23
11 71
26 33
7 36
26 49
6 19
10 56
28 28
29 22
15 67
27 57
6 53
17 52
20 61
6 17
25 86
30 48
12 4
16 1
0 69
25 26
8 58
3 62
21 91
30 51
8 96
7 94
20 72
29 10
24 40
19 85
10 26
2 86
1 91
11 72
22 55
24 18
25 59
3 23
8 13
22 31
1 77
5 10
17 71
22 98
29 43
3 5
23 74
1 68
0 87
29 73
16 72
18 68
18 20
17 98
18 77
0 23
4 24
23 95
2 8
0 39
21 30
6 5
1 59
18 56
5 81
11 32
9 71
13 19
6 78
30 52
28 97
16 35
19 42
19 35
21 79
8 80
20 26
29 10
28 58
20 39
11 55
12 70
17 50
20 62
6 98
29 9
23 78
2 86
3 80
21 91
17 60
16 39
25 21
22 49
16 82
9 89
3 35
19 33
23 31
4 27
7 26
9 92
0 37
25 25
28 88
8 92
26 54
8 96
12 68
27 37
25 64
28 36
25 51
23 25
17 67
17 59
30 95
6 58
13 24
5 81
4 76
17 55
1 76
3 7
25 77
14 75
2 88
12 25
11 7
0 51
18 46
23 83
27 63
10 56
21 96
30 39
12 65
3 90
5 72
26 49
11 18
3 53
18 30
23 3
14 79
4 90
1 6
0 42
21 47
14 13
29 49
0 44
16 42
23 5
5 36
30 67
3 96
1 48
22 6
28 50
18 40
25 32
2 20
22 53
14 13
12 53
14 11
10 15
15 6
14 37
0 56
26 67
14 38
17 52
15 88
14 9
22 33
0 64
29 47
25 30
1 26
0 85
27 4
10 61
12 59
10 99
1 85
30 65
28 17
24 24
2 96
10 62
12 50
8 8
2 85
3 38
17 74
25 83
26 56
8 40
0 26
22 14
11 37
25 66
21 60
6 6
11 55
13 76
29 5
6 98
29 18
25 47
13 90
0 36
17 88
20 18
13 84
0 31
2 66
27 44
8 79
14 91
27 17
15 68
1 63
6 55
25 26
5 19
29 26
3 36
25 39
23 28
4 57
8 81
7 53
13 22
14 15
12 27
8 73
20 21
15 3
3 23
23 70
19 98
16 48
24 58
10 22
26 28
3 91
0 68
3 79
9 34
30 10
1 70
20 6
24 56
4 96
23 42
12 77
13 63
7 3
19 57
21 65
7 55
2 41
8 56
5 44
20 84
26 4
25 88
5 18
9 36
8 6
14 31
23 42
15 85
11 16
4 76
21 50
11 61
0 60
20 80
19 87
30 45
0 52
29 93
7 89
21 93
21 1
29 50
6 30
14 41
26 86
26 31
15 70
20 37
17 2
16 38
11 47
7 24
18 39
19 25
4 35
2 95
19 72
10 87
17 61
8 26
2 95
12 67
11 22
18 84
18 76
5 23
27 52
16 13
23 32
25 14
20 89
15 89
0 45
18 74
22 1
6 80
11 26
5 80
20 57
3 73
24 14
5 34
13 65
10 28
26 73
28 38
7 92
4 4
28 33
9 20
24 42
15 24
2 36
17 24
12 75
1 76
9 1
21 76
8 44
15 90
19 18
22 42
3 91
4 68
19 99
16 30
6 71
20 81
6 97
10 44
7 57
2 39
6 27
13 55
28 32
11 22
3 31
10 16
1 95
5 26
12 78
6 61
12 15
28 84
21 52
21 40
10 22
29 59
7 10
7 69
30 79
25 92
7 52
17 89
28 46
16 19
17 86
3 73
17 14
21 74
14 72
20 38
19 17
19 82
21 70
16 37
20 28
14 76
6 60
16 96
27 9
10 56
21 3
24 92
13 69
24 90
6 100
19 5
10 44
19 95
4 80
23 48
27 81
11 82
6 45
20 89
11 23
0 16
28 85
27 72
13 91
5 71
6 2
8 17
1 34
19 98
14 88
22 32
27 94
29 76
27 3
18 90
22 33
0 54
5 83
26 34
11 57
22 78
13 43
24 49
26 43
12 60
28 8
3 74
21 55
21 17
6 39
14 82
26 22
10 71
21 99
23 99
15 48
27 74
26 87
25 11
3 7
4 50
13 72
20 61
8 86
19 45
19 46
2 50
3 70
6 38
10 8
12 82
18 25
23 41
10 41
15 60
21 21
10 97
16 33
24 79
2 80
20 14
14 62
23 36
26 70
5 4
6 51
14 22
12 11
18 27
28 49
5 3
19 61
20 2
28 29
14 13
16 72
6 52
12 70
25 61
18 48
12 31
20 60
1 46
24 16
5 82
25 74
9 53
25 60
18 23
11 53
0 42
21 14
6 80
1 45
30 78
3 86
10 45
19 14
25 82
9 86
29 41
0 93
5 70
8 23
29 12
20 51
0 81
12 5
23 89
6 77
17 78
7 80
1 100
9 7
4 13
22 93
21 51
12 13
4 65
4 59
21 82
4 5
8 54
27 18
8 29
9 48
29 16
5 55
6 52
11 67
10 87
2 59
0 79
2 87
22 56
10 62
22 13
9 7
25 87
24 48
13 34
23 54
22 19
29 11
12 4
5 25
8 26
21 54
24 18
30 39
26 13
28 4
3 63
22 32
20 21
25 79
9 3
3 16
11 34
26 87
1 1
11 8
13 68
13 93
8 75
14 18
29 41
1 65
17 36
11 62
2 61
25 84
30 42
10 62
6 67
22 26
0 43
24 74
21 7
11 43
0 49
4 8
11 75
2 14
25 51
4 36
27 99
24 95
22 34
11 45
8 50
0 4
17 30
19 61
21 72
6 96
16 69
7 92
23 30
12 45
0 93
27 68
21 74
11 16
4 85
3 87
12 68
14 48
7 75
24 47
8 17
12 17
9 67
9 81
18 82
24 38
15 43
23 44
22 6
1 83
6 13
7 28
15 25
14 84
22 79
2 71
25 23
24 51
6 55
20 90
23 80
20 12
14 1
28 24
7 45
19 7
18 21
0 9
28 16
30 46
12 77
17 88
30 8
24 70
19 92
20 100
30 87
6 82
3 30
11 56
20 13
12 94
20 71
27 11
22 71
7 22
28 28
28 64
8 20
26 62
16 66
15 75
17 47
22 64
22 94
21 43
13 86
15 42
15 71
19 100
19 5
20 52
1 30
20 48
3 6
19 53
2 19
7 39
27 25
23 31
7 88
27 25
5 8
0 54
15 33
24 14
11 93
9 4
24 62
17 44
29 92
26 72
5 62
23 14
9 60
3 40
12 16
18 4
0 69
16 5
0 80
5 20
10 49
13 22
6 11
22 5
16 57
24 81
4 69
20 59
14 38
10 44
22 86
1 3
9 82
5 77
19 41
4 67
20 52
28 89
29 42
2 5
5 78
3 47
29 33
2 92
24 14
12 51
20 57
19 1
6 36
11 71
15 42
7 69
7 68
19 83
22 14
21 88
2 25
14 30
18 83
3 61
21 60
16 20
25 62
27 72
19 4
13 95
9 4
3 34
12 63
15 74
30 79
21 27
8 13
10 43
3 40
25 99
8 99
29 82
26 54
14 52
6 87
24 61
30 23
4 71
10 4
1 66
18 56
18 53
3 17
0 98
12 95
19 85
27 1
17 12
13 46
1 27
11 17
27 34
9 38
3 56
24 1
14 39
6 65
11 80
3 31
7 4
11 73
20 78
17 8
24 88
18 80
21 48
29 79
1 37
17 36
1 50
21 5
11 89
19 16
18 65
7 18
7 48
27 89
1 87
4 29
23 6
16 26
30 79
9 17
0 59
0 77
15 71
0 95
17 38
24 54
5 92
12 65
7 75
10 31
24 7
21 90
20 14
29 61
8 18
18 20
30 9
1 1
2 80
25 13
17 9
0 56
28 25
22 13
17 68
7 63
6 10
26 8
26 47
15 47
2 87
13 3
2 84
1 24
27 94
20 45
28 67
12 54
6 66
16 93
5 1
14 2
27 43
18 42
30 53
4 37
23 82
16 91
7 94
8 99
5 25
13 64
3 19
14 100
14 57
16 79
16 9
11 47
29 38
8 51
19 14
16 35
7 39
21 77
13 27
5 22
5 88
9 96
5 78
3 46
12 82
22 86
18 79
5 76
14 25
20 32
24 82
17 21
18 55
19 95
29 48
3 64
20 81
26 24
29 36
6 94
5 88
26 61
30 66
16 3
18 92
12 95
20 33
7 55
6 7
14 53
27 13
5 23
0 67
15 74
10 87
22 98
14 83
28 64
20 6
2 83
17 18
14 82
13 17
18 15
28 23
12 73
22 69
24 24
0 33
10 26
18 38
23 83
7 26
11 46
23 15
1 99
15 48
30 67
12 42
8 49
4 54
22 90
6 56
27 1
7 80
25 98
2 53
13 32
8 6
13 79
19 25
10 42
5 63
7 15
28 50
16 2
13 55
1 64
3 22
20 39
20 17
21 91
7 34
25 9
14 22
28 88
18 10
28 28
30 86
27 3
2 27
30 24
19 79
4 16
2 90
14 74
11 7
19 30
8 16
23 59
20 83
1 33
23 56
11 31
22 11
28 100
4 68
13 35
29 70
24 38
24 96
23 1
30 5
23 3
24 69
18 61
23 25
12 67
29 28
22 51
30 82
17 10
22 45
21 93
1 31
17 67
14 84
28 82
20 60
20 22
16 25
12 37
11 39
4 60
26 72
2 26
10 14
19 4
4 4
24 92
29 2
8 3
7 64
11 8
7 71
0 13
0 4
5 19
26 84
22 88
0 45
28 28
19 40
24 85
1 39
1 14
4 20
17 13
14 92
20 62
3 100
18 69
10 90
6 17
10 43
17 79
12 24
11 34
24 29
26 40
16 50
15 62
6 28
7 89
27 21
22 55
11 6
23 80
28 45
10 16
0 39
15 32
16 69
26 15
8 35
2 36
25 59
24 17
18 64
7 5
3 29
20 98
1 64
0 40
27 8
8 77
5 86
27 30
19 89
0 61
4 67
24 78
4 81
24 11
13 29
19 48
6 79
25 75
12 23
17 56
11 45
19 53
24 44
19 8
7 46
17 29
23 27
5 14
28 92
12 1
12 8
14 26
29 100
6 89
1 97
26 37
14 40
6 90
4 83
29 47
12 92
27 7
7 48
21 10
20 23
14 41
18 90
22 27
16 52
22 5
10 93
21 77
2 84
23 92
12 81
29 4
27 100
17 67
23 10
14 51
5 20
16 2
5 11
24 16
21 80
22 99
6 1
16 19
30 44
4 59
14 66
17 46
24 52
18 70
3 20
14 16
26 99
3 20
16 49
1 18
2 7
7 50
27 7
11 80
5 2
17 92
12 91
22 98
11 84
19 76
10 65
28 2
18 9
6 84
2 89
2 8
23 25
3 97
4 100
21 41
8 30
20 11
3 56
4 80
2 43
27 21
3 97
17 99
20 48
0 10
21 75
23 71
1 24
15 30
17 33
18 21
2 84
18 70
19 22
21 45
28 65
2 31
1 10
27 86
7 88
3 88
18 100
26 77
26 77
22 40
14 93
16 75
9 69
4 100
13 86
6 67
28 69
30 51
29 93
30 43
22 12
10 23
18 90
13 45
17 100
14 95
4 89
13 65
14 89
2 43
0 40
18 49
12 6
18 26
20 44
1 78
23 47
14 55
0 66
30 14
20 33
10 32
22 26
22 90
10 54
3 10
30 17
18 8
13 7
26 63
25 74
19 34
27 54
4 44
19 32
26 87
1 86
15 86
21 71
4 5
23 39
4 68
14 3
4 31
8 72
29 73
7 8
9 56
6 76
8 92
16 3
16 75
2 70
17 19
25 28
7 40
24 51
26 51
26 87
20 65
16 42
14 70
4 98
26 54
21 11
15 56
14 16
10 53
16 23
15 87
19 38
1 34
29 38
25 51
29 25
14 56
30 51
18 77
20 24
30 53
17 68
15 12
29 25
24 60
9 70
29 39
5 34
24 87
3 46
6 77
3 77
12 97
13 64
8 19
17 63
8 92
10 59
21 97
26 55
7 77
10 27
29 9
7 25
10 99
24 74
15 78
4 1
8 97
15 52
8 45
29 98
22 26
10 70
30 10
19 63
3 28
26 19
28 8
11 9
23 64
8 82
14 99
24 36
29 65
1 95
11 4
26 81
10 51
3 95
15 56
14 25
0 97
16 58
26 7
0 18
30 42
30 62
28 100
19 86
14 95
1 33
10 56
12 22
28 45
15 28
9 1
29 91
12 55
7 29
26 55
15 59
4 94
15 71
25 87
0 61
14 49
5 44
25 98
2 35
9 62
22 3
28 66
19 13
0 92
27 95
12 88
0 46
5 95
6 25
7 41
23 48
1 83
28 43
21 33
30 83
17 71
4 24
8 76
29 47
30 72
16 49
3 72
2 68
14 16
6 13
7 76
1 18
22 44
22 85
3 77
4 84
6 94
0 16
27 30
28 17
20 63
4 13
23 15
26 46
18 8
6 30
27 22
0 97
19 61
26 28
5 67
30 40
10 72
26 75
25 15
19 68
11 6
19 70
23 80
12 84
18 25
15 43
29 70
2 60
13 85
28 50
6 1
15 13
2 36
25 60
0 38
28 90
25 34
16 3
0 90
25 31
8 45
28 30
9 92
9 72
7 82
21 76
18 34
23 24
1 44
4 66
21 90
29 96
19 94
25 36
4 37
0 70
20 49
16 51
8 15
12 21
1 84
21 53
0 6
6 17
13 37
4 98
15 72
20 43
29 43
15 62
24 5
5 76
20 78
20 99
27 81
8 41
3 93
11 97
12 15
0 96
21 33
30 16
3 61
9 56
28 100
4 35
26 33
11 31
23 75
5 64
29 66
12 56
16 50
1 17
8 78
25 87
19 31
6 3
4 79
4 20
3 3
11 49
1 52
28 86
14 47
19 65
16 69
20 32
0 75
0 38
17 43
8 41
30 92
22 52
24 37
27 92
25 85
13 51
14 75
11 68
30 3
24 73
14 89
7 27
28 76
7 82
2 14
28 58
18 31
4 45
12 54
22 69
8 2
17 48
9 60
12 8
26 52
19 54
17 42
21 71
15 73
9 12
18 35
13 36
18 41
5 72
3 71
18 28
8 16
10 88
11 2
30 84
9 1
12 94
16 97
5 88
17 40
0 42
11 4
22 26
16 90
17 39
30 24
9 4
19 81
14 54
5 71
29 8
29 86
24 98
20 1
15 18
19 87
9 63
8 71
8 1
1 17
26 78
7 51
14 60
27 65
30 20
27 36
28 97
13 98
24 16
23 66
21 99
1 32
9 73
1 34
28 33
15 50
13 1
3 2
14 9
5 22
22 53
19 29
14 52
29 100
2 3
11 42
16 99
24 10
10 34
6 19
4 56
5 50
18 78
17 46
14 33
15 49
18 64
6 28
14 55
27 4
14 29
30 63
26 46
9 76
14 50
9 63
4 75
26 63
28 65
4 54
17 31
28 78
1 100
15 90
3 76
3 4
6 32
28 13
24 45
7 76
30 31
26 79
30 47
29 83
19 22
25 4
29 48
30 21
3 82
7 76
28 65
13 92
3 34
