100
20 55
2 77
19 14
24 56
12 18
25 90
18 58
28 91
5 6
12 19
15 96
26 28
0 60
21 95
0 82
15 87
24 56
16 65
13 8
3 96
21 92
19 33
10 72
16 79
15 14
19 35
10 41
25 51
0 92
4 39
26 91
8 76
17 98
28 84
27 81
13 72
22 36
16 17
9 7
14 96
7 17
20 91
3 68
24 74
30 1
21 23
5 32
7 93
23 2
0 15
5 74
2 91
24 75
25 77
21 88
13 95
24 43
24 2
22 2
22 76
21 39
11 54
9 3
28 6
27 15
26 49
25 81
21 52
30 19
22 81
9 21
10 75
1 39
15 99
2 66
11 44
7 76
20 99
20 2
16 27
28 82
2 3
4 28
16 87
23 68
14 28
25 80
10 70
22 83
26 53
11 79
7 84
2 5
20 35
2 4
6 86
14 57
29 100
26 79
21 59
25 21
20 28
21 5
22 56
21 95
15 77
30 99
3 60
10 6
28 45
29 13
13 22
19 78
4 60
8 93
22 75
12 2
0 57
17 64
28 27
8 55
29 59
5 86
22 30
29 47
11 10
18 28
25 42
4 56
17 1
16 70
15 97
19 8
7 99
1 85
11 27
1 94
2 71
0 57
29 18
18 80
30 6
26 82
22 82
13 91
21 8
30 18
25 70
1 51
0 27
9 9
0 33
28 5
13 64
16 71
22 23
30 99
7 21
8 46
4 8
11 33
11 87
16 94
26 97
23 11
5 97
9 2
14 51
21 11
11 17
19 51
22 44
12 36
21 18
9 57
26 6
8 49
18 12
13 14
22 39
11 57
4 60
15 98
8 14
16 54
7 61
13 81
23 91
24 50
3 64
1 1
28 5
18 83
1 33
15 59
10 10
16 94
29 16
24 78
1 49
2 85
19 61
13 84
0 13
14 51
19 12
16 22
9 71
5 57
18 52
14 5
14 10
15 52
3 91
17 79
0 12
14 98
14 96
6 95
3 52
21 22
30 33
0 13
30 20
20 76
1 53
10 93
28 40
29 82
14 45
15 19
3 24
21 22
29 5
9 92
0 6
17 93
2 86
26 29
14 100
26 41
22 36
7 93
15 100
8 17
14 100
8 55
3 52
15 21
3 59
30 75
8 10
9 9
16 51
14 64
11 56
4 76
8 91
23 19
12 14
29 96
11 25
7 97
16 7
24 25
23 70
9 49
24 16
2 43
18 57
15 9
14 82
1 13
14 48
10 58
29 21
7 44
26 84
25 22
26 12
7 56
23 74
13 49
21 87
11 70
28 98
21 96
18 31
22 79
3 55
25 84
13 64
6 100
27 56
20 78
9 42
25 20
27 86
1 95
26 37
13 51
14 62
12 31
10 15
16 33
27 92
23 50
13 37
13 19
18 54
18 5
21 25
4 61
12 59
10 58
9 75
15 34
18 54
21 56
19 70
28 9
22 33
8 29
19 46
5 40
30 99
13 6
11 49
8 20
13 93
18 65
6 58
11 55
26 33
18 71
21 80
2 87
16 66
15 31
4 54
13 30
6 62
20 21
0 38
15 39
25 33
17 54
11 13
30 48
27 92
26 88
25 86
25 67
21 50
22 33
18 50
6 80
26 89
2 19
30 96
14 100
27 4
6 98
10 30
27 3
18 47
24 17
26 91
19 2
15 9
5 77
20 34
21 57
6 45
16 71
7 20
18 54
25 34
28 57
16 79
18 19
12 97
26 12
0 79
12 21
30 8
22 83
18 19
11 99
11 34
4 83
5 88
13 99
10 45
17 57
0 71
11 60
19 92
29 50
28 9
25 79
5 24
9 51
19 88
12 58
23 94
1 50
9 8
13 49
27 30
30 49
0 43
3 1
10 92
5 19
1 14
14 21
19 28
9 75
6 75
30 75
26 25
29 29
1 78
20 30
24 92
18 88
7 22
9 51
15 4
18 54
26 74
11 20
13 39
18 80
11 7
25 1
20 46
22 50
4 76
8 10
28 7
30 71
1 64
14 36
11 67
6 6
27 52
19 1
16 45
10 61
17 36
11 74
4 38
10 10
9 13
25 83
20 39
3 80
22 31
17 4
27 30
10 81
1 27
19 22
19 81
4 96
24 45
9 40
29 35
4 28
17 64
14 13
29 91
29 37
13 49
19 75
10 95
29 39
0 33
13 47
19 100
9 73
15 40
21 20
13 17
0 22
2 56
27 57
12 68
27 53
30 11
13 63
23 44
21 51
17 62
4 91
29 62
30 100
16 30
5 100
30 14
18 15
26 90
20 79
7 16
26 86
21 6
8 82
9 43
9 31
6 57
2 49
12 68
11 17
4 64
6 53
2 4
11 28
6 73
15 28
1 59
10 35
21 62
20 10
6 77
3 14
23 35
2 87
8 29
25 45
30 52
12 21
29 84
13 17
19 25
30 81
21 5
18 29
18 2
15 55
4 47
17 77
1 73
29 49
0 21
8 79
1 3
0 78
9 78
14 61
15 50
0 76
27 18
16 95
9 46
2 88
1 19
21 39
26 4
3 99
24 27
2 49
24 37
11 48
20 49
9 63
27 100
6 5
10 23
9 85
7 71
11 58
8 5
8 53
16 81
30 35
19 63
13 42
7 55
13 66
22 36
22 11
13 54
9 32
14 23
13 47
22 87
0 55
13 33
26 24
30 6
20 69
2 85
30 29
23 6
12 82
28 95
1 15
10 88
4 99
15 60
3 23
9 24
0 30
19 4
23 10
17 18
20 100
9 84
26 4
29 76
24 83
25 46
23 74
26 37
7 12
21 72
6 6
17 24
15 53
11 3
4 74
27 72
28 24
13 99
1 29
20 33
26 20
28 71
29 60
12 30
3 81
26 93
19 78
29 12
17 2
17 65
20 80
14 22
5 18
28 33
12 16
30 52
14 79
21 67
9 76
20 37
26 57
20 49
18 49
28 49
26 35
9 90
12 3
25 10
5 74
16 2
0 1
21 75
26 66
13 19
3 77
11 59
12 56
27 91
3 51
21 48
22 73
22 4
8 61
11 62
2 54
24 16
16 67
6 17
27 35
8 69
9 28
23 6
21 69
24 67
4 53
16 76
7 64
27 73
30 69
29 63
25 53
24 53
20 85
7 65
3 39
8 36
20 88
24 28
12 40
12 13
4 36
25 6
24 34
1 69
15 78
25 56
3 69
7 24
9 13
26 53
4 64
30 61
15 44
1 73
2 9
10 72
18 63
18 95
2 27
0 40
23 82
29 39
15 90
18 95
21 62
16 30
5 15
20 72
25 41
26 99
12 68
13 42
3 56
11 100
13 12
7 65
5 34
16 29
26 42
26 59
10 12
24 78
14 71
1 6
20 30
7 63
17 79
28 15
9 22
23 73
21 19
21 38
21 75
24 41
12 64
4 34
14 52
12 95
10 92
21 67
12 38
19 60
0 16
30 57
13 43
10 33
16 75
16 48
20 85
10 42
30 2
29 24
5 90
12 83
0 42
13 96
27 70
8 31
16 48
23 59
2 60
19 96
18 5
15 6
13 22
29 16
11 39
3 54
15 26
25 73
6 7
7 89
27 80
10 92
3 6
14 20
22 10
22 48
24 84
6 44
27 25
0 64
7 28
22 12
24 93
22 8
23 45
30 87
23 9
17 66
26 18
5 85
3 26
27 59
18 30
16 22
1 23
6 35
10 8
25 6
19 35
30 80
18 81
9 87
3 42
0 36
18 76
25 5
25 90
21 37
29 23
30 19
18 38
11 68
23 89
12 30
26 24
14 8
21 57
12 32
20 13
1 98
30 16
18 47
9 15
23 10
19 92
24 25
1 27
27 87
16 30
25 66
30 9
20 21
27 93
26 55
8 42
16 93
4 23
8 2
25 82
25 15
8 88
11 39
30 19
26 51
5 84
25 52
25 1
25 28
28 35
30 41
28 43
4 70
29 58
23 14
5 49
30 97
1 83
25 73
3 82
4 93
14 53
19 14
23 74
26 58
0 3
25 88
12 59
26 24
2 47
25 19
25 54
5 68
21 18
0 50
27 75
4 83
5 79
14 16
15 55
10 37
24 96
15 4
26 1
0 22
29 91
29 61
15 49
15 51
21 80
29 4
1 2
10 27
8 2
5 35
27 42
17 47
5 99
24 79
23 85
28 64
0 72
19 19
24 87
3 78
10 16
24 59
9 37
19 7
10 52
2 86
11 69
26 48
4 52
16 60
14 70
20 30
5 54
18 55
13 1
26 87
1 80
29 97
4 78
6 22
14 73
28 11
11 3
30 99
2 32
22 81
19 30
23 50
5 52
16 73
11 89
30 78
25 41
16 39
10 26
17 47
12 25
1 3
19 36
5 10
30 14
27 64
25 69
29 54
22 76
27 97
28 80
14 47
10 83
9 80
8 44
15 44
4 95
5 100
26 93
8 87
4 28
23 37
11 17
20 45
29 88
7 74
12 86
9 52
28 97
22 98
7 79
26 84
25 74
1 87
3 63
22 26
25 57
1 83
25 36
29 50
14 25
0 46
13 1
20 45
26 54
24 19
26 93
28 44
5 55
1 40
3 47
19 39
11 61
14 29
4 71
19 25
17 26
8 65
14 28
1 89
4 48
10 23
19 48
26 55
10 74
27 28
16 59
19 89
3 23
30 53
11 29
13 80
16 46
21 68
19 91
21 13
25 56
23 45
20 26
15 82
4 9
20 36
8 61
11 63
15 28
29 52
21 94
17 51
8 89
16 7
21 87
28 42
7 59
7 29
4 76
13 30
21 27
15 98
20 42
22 60
6 98
10 80
21 80
3 94
16 29
18 10
16 27
18 73
28 54
3 19
26 84
13 67
22 45
7 11
28 97
3 1
10 15
4 65
1 97
18 14
30 56
3 80
9 66
6 88
19 74
9 93
5 26
12 30
16 13
28 100
3 47
30 66
23 46
25 64
30 90
20 70
7 48
5 57
29 64
7 16
28 77
2 80
21 34
20 65
25 34
9 66
2 66
29 84
25 63
30 59
8 2
17 75
12 57
21 6
11 64
20 65
22 6
24 25
19 1
17 30
6 55
17 44
7 68
30 34
18 16
7 10
11 39
2 99
27 24
5 9
28 94
25 58
10 59
29 74
23 34
17 83
21 61
18 85
7 73
24 25
17 61
18 13
28 62
29 74
27 47
18 31
23 75
5 53
16 84
2 91
15 80
1 26
22 99
25 32
8 62
26 33
25 66
25 45
8 81
28 34
0 36
16 43
28 26
27 41
9 48
13 60
9 100
0 33
3 79
8 3
13 98
6 61
11 58
29 61
18 30
14 95
27 87
0 8
8 99
10 33
5 92
27 14
11 10
2 65
4 3
12 7
11 60
27 73
19 99
6 67
18 12
9 25
30 65
0 48
16 27
8 32
24 47
27 79
15 70
17 38
16 93
25 53
4 45
10 96
17 36
1 54
14 39
10 73
5 55
9 43
4 17
10 16
1 97
22 60
17 46
2 80
1 50
5 54
24 11
27 45
11 93
26 21
8 71
17 4
30 39
11 69
15 22
13 19
15 87
5 67
0 10
6 37
13 52
25 8
22 69
27 13
4 2
4 57
5 84
2 97
30 20
24 98
25 38
28 79
12 91
27 27
18 68
4 88
24 66
11 94
4 1
5 74
3 80
17 17
6 94
4 69
18 88
5 32
0 40
17 98
4 100
6 71
29 10
14 41
14 93
29 82
16 61
7 75
17 31
9 21
25 83
15 100
26 88
2 80
9 81
5 77
15 32
6 85
26 94
26 3
29 78
3 24
6 94
19 58
2 66
10 65
16 21
3 46
2 60
2 68
11 89
11 58
22 58
7 72
16 26
2 63
13 94
27 59
9 7
12 21
0 5
15 66
8 9
24 90
22 42
4 61
23 94
27 76
26 94
11 50
18 43
14 69
3 66
22 54
16 42
17 71
19 21
6 13
27 92
1 47
4 41
26 6
10 53
26 96
8 39
30 54
9 4
21 75
8 67
5 97
16 28
20 58
26 56
6 7
21 18
19 83
28 28
12 10
30 61
5 91
15 86
22 93
28 36
18 78
27 22
2 92
12 77
17 76
21 74
8 69
24 57
12 48
1 40
10 1
22 39
23 32
4 26
10 73
5 38
1 5
3 12
8 36
26 81
20 86
27 29
16 20
12 23
11 94
27 28
18 19
25 20
3 27
23 20
16 5
28 21
27 89
0 98
25 34
18 65
10 34
27 32
11 78
2 13
8 72
21 38
20 89
7 90
5 22
3 69
15 51
21 76
25 58
30 82
29 40
29 42
12 75
9 33
14 19
15 97
0 70
27 88
30 17
30 91
18 83
21 55
18 26
13 34
23 41
16 12
26 67
11 97
7 23
28 56
24 20
1 43
13 62
3 61
27 9
28 49
15 44
15 63
8 1
22 92
5 24
12 51
5 95
5 86
30 79
0 18
19 85
21 65
29 45
18 55
11 7
23 84
22 54
30 37
11 47
1 73
21 33
15 67
21 34
14 77
5 45
26 8
24 57
22 59
11 71
19 97
11 52
4 12
0 5
22 61
5 31
13 81
27 99
28 48
12 99
6 28
25 99
28 37
20 51
18 35
10 84
24 13
11 12
8 81
12 68
27 95
24 30
29 18
26 92
2 40
19 8
19 26
14 90
24 46
23 9
18 71
26 64
13 97
1 28
13 22
18 43
7 24
11 84
25 31
6 32
14 78
18 7
17 52
7 24
18 57
21 94
3 10
26 84
5 89
25 1
0 89
8 31
7 85
25 89
4 89
13 65
15 45
26 43
30 26
30 81
21 19
5 49
21 19
23 47
17 56
27 79
15 39
25 69
25 63
17 23
28 55
17 27
17 74
8 46
24 71
27 25
16 76
28 47
23 83
29 76
9 60
3 3
24 84
23 53
20 19
26 51
0 8
18 98
18 68
12 63
15 10
29 49
7 60
29 17
2 57
24 21
8 5
18 9
24 19
5 17
20 3
9 63
29 63
22 5
1 48
20 80
24 1
2 75
24 88
18 6
11 97
25 23
10 63
8 44
18 38
0 95
18 11
19 20
3 16
30 49
21 66
2 79
15 48
24 4
12 72
7 43
2 83
23 30
27 61
6 94
25 22
16 76
1 7
10 81
7 77
20 100
3 26
29 60
2 89
29 46
21 83
11 69
9 14
25 74
11 42
3 12
23 34
6 17
24 95
12 9
7 76
14 22
19 96
8 82
28 95
14 58
13 63
24 47
19 51
18 55
14 59
20 91
5 5
12 29
8 86
19 39
11 94
24 29
27 50
5 28
14 45
16 53
16 7
7 38
22 52
13 31
22 67
5 98
25 97
27 26
20 31
24 52
25 87
12 6
30 69
14 82
29 20
5 22
1 32
7 11
21 79
11 24
27 39
18 36
7 93
13 74
18 80
21 80
12 54
16 98
19 68
20 78
16 65
11 45
3 90
0 97
7 83
27 64
8 89
1 94
9 88
17 39
16 96
1 100
19 91
9 41
16 74
6 43
0 57
9 45
24 45
24 43
30 7
11 11
3 55
20 7
25 65
4 3
7 21
7 39
18 74
13 79
6 69
3 58
7 79
8 22
0 33
30 32
30 78
0 91
27 86
22 34
18 28
25 27
13 48
17 91
22 54
0 85
24 73
1 61
1 7
4 4
8 26
25 68
12 90
22 30
1 68
5 40
20 48
10 93
15 96
6 5
3 57
30 74
24 33
27 46
25 26
3 51
4 81
7 100
8 37
8 94
21 36
28 58
18 93
30 3
6 72
10 1
22 51
4 46
23 37
24 2
20 31
4 64
13 46
28 7
25 59
14 46
8 97
1 33
9 90
1 72
18 63
23 51
14 75
19 90
25 18
5 5
20 14
4 39
24 2
13 93
28 39
23 75
6 95
11 19
6 24
24 31
29 60
12 74
15 50
28 80
25 70
14 35
12 21
13 41
9 15
6 86
14 86
8 5
26 13
19 67
14 23
2 73
14 98
30 66
4 25
27 74
22 50
1 72
12 64
16 15
18 53
4 42
29 66
29 15
15 3
9 14
25 34
5 46
22 88
25 79
21 3
23 37
18 70
1 69
28 94
23 79
7 10
22 94
5 70
0 70
20 97
13 29
25 71
29 24
7 75
26 73
5 66
15 21
4 81
16 26
8 87
26 97
1 42
15 58
10 83
18 90
8 99
4 94
6 36
5 95
15 34
25 72
15 53
21 68
22 40
9 91
2 36
12 60
13 80
23 88
26 24
10 91
6 11
22 59
9 3
26 76
11 30
23 54
19 80
14 13
0 37
11 34
5 47
9 62
26 44
10 70
28 74
28 13
25 30
23 99
2 71
1 71
4 92
27 96
26 58
9 22
30 61
19 96
7 2
2 87
23 41
22 13
6 38
28 14
11 25
14 98
19 50
0 66
3 88
14 55
24 30
23 76
13 43
19 32
15 27
18 21
30 91
24 85
20 7
19 30
15 64
3 99
20 14
24 88
27 28
11 51
7 14
26 90
30 48
7 35
25 88
21 86
24 76
24 56
16 42
30 62
15 39
20 17
25 4
0 32
27 14
25 70
14 49
28 59
9 46
6 33
0 99
10 58
30 63
29 73
8 27
24 95
12 52
13 65
15 19
6 9
3 14
2 74
24 8
22 65
22 97
9 55
9 49
18 19
11 51
10 52
13 1
22 75
18 18
24 80
25 62
11 48
5 75
22 67
23 60
17 84
18 82
4 19
9 39
8 29
27 49
17 70
10 99
22 95
11 81
14 42
14 85
12 18
13 88
11 5
8 4
28 50
3 40
20 16
21 69
11 79
5 69
7 76
8 69
10 84
11 79
1 68
22 54
26 23
2 25
15 61
19 82
21 41
25 54
0 52
18 40
26 67
18 52
28 5
2 67
25 32
23 19
30 91
0 55
10 65
6 99
15 8
18 33
12 9
1 97
22 75
1 25
13 10
20 87
6 44
19 99
10 6
23 76
29 29
24 80
14 21
28 16
26 22
24 34
25 7
9 23
29 78
28 94
16 100
24 10
7 97
9 36
1 30
21 88
11 96
14 49
4 56
21 67
25 80
26 98
21 61
11 58
30 69
18 98
6 100
15 6
22 69
10 100
28 27
21 13
26 23
8 18
17 75
12 21
17 41
22 3
7 37
27 21
20 33
5 54
7 78
1 75
19 48
1 91
22 93
23 63
6 14
13 77
24 21
7 20
21 100
2 70
1 7
14 99
2 55
6 15
5 92
9 77
10 81
27 16
11 24
30 10
12 35
17 66
11 19
23 47
28 51
28 86
20 14
15 28
19 61
21 65
5 19
21 54
3 95
8 2
13 85
18 41
20 24
16 14
26 85
11 89
17 60
28 69
13 93
2 20
15 66
20 35
29 41
27 14
25 20
26 9
9 10
20 65
9 40
29 39
13 12
21 56
17 1
16 60
17 10
13 25
7 90
8 45
8 42
28 49
17 12
8 66
27 26
23 40
0 34
19 84
21 92
22 40
2 18
7 66
26 58
15 65
25 16
22 26
15 25
13 23
21 30
27 95
0 10
18 93
5 68
9 75
5 58
11 8
21 70
27 41
24 60
22 55
16 36
23 20
21 34
22 61
27 23
17 100
19 90
9 77
30 10
7 1
10 8
25 32
14 70
8 32
21 9
8 43
30 60
7 12
16 51
26 54
14 85
7 52
11 14
20 98
10 56
8 16
15 58
18 81
23 35
30 62
7 1
13 73
30 8
19 61
8 76
15 43
27 68
4 57
11 5
11 38
7 92
7 96
9 1
8 30
9 14
24 7
3 48
23 57
15 44
29 40
3 92
5 73
22 99
19 76
25 5
9 14
0 8
6 81
11 85
26 94
7 52
20 10
12 44
16 6
22 53
27 69
19 8
4 99
11 58
15 7
29 91
26 98
21 92
28 71
15 42
4 53
5 58
17 50
2 42
2 44
6 98
25 19
21 42
20 62
27 71
10 43
21 51
2 15
8 9
19 84
17 55
2 93
17 36
17 75
9 41
25 98
18 54
24 8
22 64
0 64
24 34
14 76
30 36
7 37
14 91
17 68
21 96
2 5
12 92
13 33
21 1
28 98
5 23
22 54
1 48
2 31
27 20
14 57
12 76
10 89
18 70
29 76
14 93
23 52
5 46
13 30
0 60
21 90
25 62
19 88
16 96
26 6
15 83
5 1
11 88
7 37
8 66
20 7
8 17
21 83
7 86
16 69
0 87
27 6
1 20
8 71
15 67
6 53
24 36
20 45
21 91
24 98
24 76
8 21
29 8
8 88
13 4
13 84
20 28
19 50
3 26
7 85
25 30
0 38
29 38
20 69
27 54
17 68
10 35
13 11
0 81
7 98
8 71
12 60
21 16
29 32
3 94
22 1
20 84
2 19
9 73
25 6
21 56
26 60
2 54
9 34
22 75
29 16
20 60
18 35
9 25
24 46
26 28
19 78
27 2
28 52
10 40
2 72
29 2
15 71
28 78
2 90
15 27
24 30
18 83
14 14
17 21
15 25
28 55
3 86
18 99
18 4
4 80
6 84
10 55
10 40
19 19
3 24
3 100
23 16
10 76
16 5
19 47
3 5
3 60
18 32
4 67
9 17
9 18
19 30
30 85
24 78
26 27
18 35
24 40
13 37
5 3
3 50
14 30
16 74
8 13
24 99
14 7
2 1
14 15
10 66
24 70
8 94
18 75
18 77
28 48
28 60
1 7
15 56
23 20
12 8
7 75
25 65
27 27
2 16
30 90
21 37
1 16
26 52
26 69
3 5
14 43
11 95
19 78
16 85
16 74
12 36
29 33
9 13
16 26
0 3
0 2
6 75
10 52
29 84
14 41
26 84
4 19
5 77
1 25
11 4
10 55
16 57
26 3
13 79
15 23
17 64
8 34
16 99
21 95
30 59
7 47
7 82
12 61
10 86
21 87
12 52
19 58
5 35
23 44
23 7
8 10
16 7
21 2
21 44
8 7
5 34
22 63
29 72
5 83
11 96
0 2
30 77
16 41
0 61
28 6
12 91
21 47
18 85
24 35
21 81
12 61
19 17
28 78
8 40
22 20
16 91
2 14
4 38
10 46
27 30
23 59
1 49
17 72
16 71
16 62
30 4
21 79
7 98
12 91
26 96
12 35
6 42
20 66
14 18
23 9
19 37
25 18
6 82
26 3
11 17
9 46
7 100
7 68
18 87
4 4
29 87
24 4
30 24
9 11
16 26
9 5
12 98
11 11
13 1
22 58
20 11
0 98
14 97
27 44
26 5
3 3
9 60
14 91
27 73
11 100
19 48
23 29
17 26
7 7
7 17
21 69
11 76
4 34
9 96
3 42
15 28
8 44
2 86
3 68
4 20
30 38
30 44
24 2
23 93
10 49
28 65
16 29
3 96
25 100
6 86
17 65
25 47
15 2
17 33
1 9
17 1
22 100
6 13
28 26
26 76
1 78
14 94
0 28
16 91
8 58
19 77
25 7
9 84
8 86
5 74
11 25
1 97
28 99
8 13
18 6
21 67
8 100
2 95
25 100
21 8
2 11
10 82
30 62
21 47
15 14
11 54
27 34
9 55
15 55
7 26
14 37
22 2
27 86
3 34
26 24
22 48
18 74
5 3
25 61
0 12
24 65
23 65
6 17
17 25
4 89
30 64
5 68
29 87
7 69
25 16
23 54
20 74
28 85
8 16
8 50
29 6
1 57
20 80
1 34
17 25
7 100
26 98
11 76
12 36
25 40
19 56
15 92
12 77
12 63
24 76
8 91
19 19
21 49
11 93
5 36
7 35
20 43
4 66
30 79
2 91
6 11
12 70
11 89
12 94
2 90
30 49
20 97
25 44
14 47
9 71
19 43
18 99
8 69
8 50
9 22
0 33
7 20
10 92
15 31
14 88
7 5
0 19
11 26
23 49
28 52
3 52
6 70
3 96
10 64
10 36
14 46
20 37
30 20
17 89
21 28
30 41
19 56
29 52
1 29
6 18
11 23
20 44
22 22
4 70
1 88
1 69
15 11
1 87
9 83
20 39
0 41
26 79
0 80
4 78
15 29
8 4
12 23
2 74
6 51
5 58
21 71
12 72
17 42
20 33
27 96
2 98
2 72
1 67
20 7
8 2
12 75
30 25
14 57
15 32
11 64
4 28
17 5
23 85
5 82
5 78
29 30
19 12
0 30
18 87
16 24
6 74
20 41
29 48
18 67
21 61
11 80
1 41
12 19
10 24
16 80
23 98
8 48
29 78
11 44
9 24
4 17
14 65
24 28
21 27
10 67
24 93
2 10
26 92
19 42
1 44
10 60
15 76
21 72
23 93
25 67
3 88
12 11
4 100
4 62
20 82
6 99
29 11
21 40
10 91
4 45
12 39
17 82
18 24
25 52
16 65
1 13
13 94
25 63
6 62
17 12
2 42
16 40
27 19
19 41
28 88
21 4
8 98
20 73
27 72
20 99
4 99
29 47
4 63
20 42
21 83
13 81
22 6
24 43
8 68
10 80
19 74
11 34
0 36
8 31
29 78
27 84
6 51
22 69
28 73
14 99
20 95
15 83
5 62
3 37
3 36
13 100
14 100
18 14
7 11
24 4
24 96
12 83
7 33
0 59
13 63
23 13
7 70
23 63
7 56
7 95
13 61
30 99
12 34
12 41
17 54
0 51
22 98
20 98
17 3
7 14
6 55
25 70
8 29
22 95
24 38
19 61
30 74
30 57
21 95
9 18
1 49
0 4
25 4
15 58
9 6
24 23
14 64
6 64
0 76
6 71
23 2
25 89
23 4
8 16
29 61
17 84
16 49
8 60
14 97
3 33
21 89
14 90
23 86
13 13
2 18
12 5
14 9
25 1
21 90
9 37
30 54
17 45
22 54
19 70
1 8
19 62
24 31
17 98
29 90
17 65
8 42
14 54
6 50
20 77
18 43
2 34
16 5
0 18
28 12
4 65
19 93
30 65
16 81
29 99
24 20
15 20
5 58
27 19
22 47
4 28
0 16
27 5
24 81
12 84
2 17
8 11
26 83
29 50
3 11
11 17
2 98
26 90
17 77
7 2
30 27
17 33
30 12
11 18
24 53
15 88
20 1
18 19
7 63
0 63
7 8
13 28
12 47
17 96
28 90
17 29
9 43
17 58
26 3
6 80
24 19
8 93
27 52
13 67
10 53
30 96
15 43
15 37
11 69
4 93
20 46
13 74
19 44
19 14
23 34
19 65
7 88
19 76
1 50
3 46
11 4
29 48
30 52
0 31
5 78
4 23
10 95
24 27
30 6
4 35
19 95
4 13
10 69
30 47
20 47
28 40
0 48
6 21
11 38
4 24
21 93
22 98
20 29
12 15
13 100
6 57
27 98
17 74
26 75
25 17
30 60
13 38
6 79
1 81
22 2
5 12
11 18
20 59
23 88
3 20
15 28
24 89
14 78
19 92
8 71
29 49
7 60
0 16
3 42
7 44
2 4
9 1
29 25
28 20
4 77
0 45
19 28
22 5
21 68
16 20
28 98
20 8
16 89
24 68
14 98
13 11
9 84
11 31
10 96
13 74
1 7
12 36
22 4
20 62
9 89
26 16
10 14
11 4
16 48
14 1
9 62
10 43
7 80
12 59
17 53
19 46
16 81
13 57
10 47
5 3
7 16
26 7
25 19
13 57
15 41
15 39
9 57
19 64
11 40
19 51
25 60
3 96
4 4
24 64
11 44
2 90
10 100
13 77
3 87
22 30
5 90
17 39
24 22
10 4
23 19
30 79
14 49
13 49
22 100
14 72
9 58
2 73
7 20
9 56
18 28
10 67
4 55
6 37
19 42
6 86
17 100
30 2
17 10
23 35
24 21
8 68
0 61
14 32
3 3
18 7
0 62
26 63
24 95
29 87
13 26
5 33
17 34
27 53
23 11
19 54
30 29
3 92
27 19
17 44
0 61
0 57
17 95
14 94
19 47
26 25
1 39
23 7
12 55
13 97
18 88
2 88
15 88
1 15
24 5
4 68
15 88
24 61
6 92
25 25
13 20
9 73
19 7
28 79
15 29
5 89
21 14
5 37
1 4
28 93
8 32
9 67
2 2
14 16
30 46
20 88
10 61
26 77
16 76
0 63
0 26
22 43
24 12
23 12
5 77
29 22
4 58
21 13
26 75
2 40
16 70
28 44
7 87
10 79
18 31
22 93
26 81
5 54
4 67
29 33
3 12
29 39
4 5
15 8
8 91
0 64
24 49
26 88
30 82
29 59
3 56
21 23
4 11
15 14
12 10
4 26
24 37
26 27
22 33
30 58
5 7
14 62
26 33
23 1
5 87
21 89
10 68
2 29
4 50
3 100
5 13
4 74
26 12
24 59
22 47
24 90
16 52
16 39
9 100
5 44
5 74
4 72
