100
28 36
6 18
3 15
13 96
13 71
5 47
13 33
29 41
23 10
11 33
14 46
9 96
15 91
7 20
26 48
20 64
15 62
8 57
7 8
20 46
19 46
4 18
20 45
4 11
29 49
13 86
22 39
12 72
10 80
14 88
24 8
9 98
11 1
8 15
2 64
23 55
5 55
17 74
2 29
23 9
8 24
3 94
25 18
29 74
6 62
27 97
1 94
15 80
15 35
27 79
11 39
19 11
0 26
1 21
10 82
9 17
3 74
25 39
23 53
15 97
5 89
26 18
11 45
10 59
30 87
8 29
5 23
15 73
0 7
16 49
28 97
27 99
22 56
3 22
8 23
26 10
5 8
5 89
29 94
19 92
23 32
22 26
30 10
5 44
1 71
17 80
5 38
0 24
9 59
10 47
28 28
0 82
2 85
27 84
4 80
2 10
16 72
7 52
27 72
8 71
5 21
7 51
2 71
13 27
27 48
30 70
16 50
13 100
15 61
27 34
16 31
29 35
26 18
1 39
15 82
26 17
9 49
12 52
19 20
13 24
15 28
24 73
11 32
4 30
14 70
16 89
2 73
27 37
5 33
26 26
3 16
13 61
8 57
23 34
5 13
16 14
7 47
21 69
12 73
15 67
2 32
25 29
10 42
22 78
30 58
28 17
3 37
12 99
15 91
2 50
21 48
19 80
14 89
15 2
15 31
0 95
3 37
8 85
8 61
12 98
22 48
28 16
20 10
26 78
11 45
5 48
23 85
0 65
7 43
15 44
10 14
2 29
4 14
14 83
3 43
22 71
5 27
4 11
6 47
26 44
6 23
10 31
20 89
28 31
9 99
26 71
25 61
9 18
17 53
3 54
26 78
18 33
3 41
8 33
15 68
15 80
9 50
24 26
10 4
25 88
21 55
26 71
4 81
20 94
9 33
8 10
6 83
0 14
7 94
7 36
4 16
11 76
5 83
24 50
30 6
8 37
15 56
11 46
23 12
16 86
18 3
0 57
30 100
11 2
20 67
18 6
6 43
6 30
2 35
30 23
1 49
17 83
19 62
15 83
27 60
10 13
18 37
27 99
17 23
12 76
17 33
26 24
24 47
17 11
15 14
4 2
23 38
13 59
17 63
5 46
20 69
16 30
25 10
16 66
23 90
27 31
9 75
26 100
5 52
16 31
29 2
13 81
7 82
16 22
29 60
6 68
20 92
27 38
6 41
29 6
13 72
1 41
2 70
2 2
22 35
26 98
9 69
27 62
23 80
23 43
22 7
19 91
6 28
13 42
10 74
24 69
25 78
11 41
22 32
1 49
30 3
23 98
4 50
28 57
4 69
13 35
18 74
13 39
1 70
30 6
16 51
12 20
10 55
1 24
1 84
26 29
29 96
23 39
7 36
4 68
24 3
20 38
25 54
21 30
29 56
8 96
19 98
27 52
30 39
25 99
12 84
19 27
18 24
30 31
26 27
9 36
3 74
2 58
28 46
20 40
24 33
20 91
20 94
0 36
23 79
5 36
0 93
14 63
3 23
20 6
25 86
30 93
4 38
8 67
22 21
27 34
17 45
8 49
27 42
1 31
17 93
21 28
1 34
14 78
9 60
13 38
26 6
0 3
23 62
27 54
29 60
20 90
15 69
15 85
6 95
3 2
21 88
15 12
6 72
14 91
30 60
14 99
1 27
28 6
17 42
20 61
17 35
4 66
14 68
28 67
19 49
29 81
0 29
13 88
16 69
28 21
4 10
15 46
17 24
11 8
5 47
14 59
12 54
8 92
10 64
11 57
17 100
11 87
14 79
28 95
15 44
4 28
11 27
4 52
17 50
6 10
13 20
14 44
7 91
3 47
8 90
28 35
3 19
3 46
28 35
15 81
25 73
7 42
11 79
5 54
4 45
19 24
12 37
5 36
22 45
29 34
22 100
5 72
19 79
13 13
4 85
16 29
5 95
14 47
20 92
30 55
28 37
5 58
2 48
21 100
17 11
4 90
3 59
11 33
21 72
18 47
18 36
13 19
15 28
0 82
4 39
2 70
23 13
10 55
24 83
8 19
10 13
21 9
29 63
6 4
7 53
12 58
27 32
12 57
23 42
27 90
25 2
9 52
23 70
14 53
10 85
22 8
28 18
9 79
1 1
3 8
25 79
30 29
9 51
19 89
23 36
3 17
22 10
2 75
26 96
24 72
0 14
5 19
18 2
10 41
9 30
8 90
8 45
7 61
24 96
19 65
21 52
14 24
11 65
9 90
8 72
24 77
7 52
4 76
5 49
19 89
30 8
1 34
28 56
22 18
16 7
11 48
10 61
19 23
5 47
22 97
2 10
16 28
25 92
9 77
8 89
1 89
20 83
4 88
14 79
8 61
5 89
1 87
18 44
29 29
29 91
13 15
0 10
5 59
5 60
6 51
15 10
21 71
7 49
24 57
17 10
21 53
21 11
8 37
15 94
4 38
23 35
28 84
24 68
24 4
0 73
28 75
18 33
3 92
1 12
25 9
1 9
0 94
26 71
20 55
7 48
25 93
28 64
25 75
4 70
16 77
22 41
9 100
14 26
24 72
15 2
9 65
8 79
16 87
0 3
29 23
17 76
9 3
16 97
21 7
13 50
25 33
27 43
7 94
12 37
29 22
7 42
17 16
4 96
2 98
25 34
27 11
6 96
13 80
17 17
20 90
24 97
21 72
21 2
28 61
4 40
1 63
9 11
11 4
14 62
13 79
2 16
21 90
30 56
3 12
13 58
12 88
0 42
27 71
25 22
14 95
14 27
0 10
28 63
6 85
30 80
10 41
5 21
24 5
10 63
8 95
7 57
14 61
12 46
19 59
24 51
8 9
20 38
21 14
23 6
15 35
18 91
16 23
0 61
22 57
29 8
28 67
19 40
9 64
4 94
28 72
16 99
29 90
18 92
30 28
12 71
28 80
28 76
7 51
26 8
28 76
1 28
27 60
22 62
25 70
29 73
11 42
25 11
28 42
4 83
14 46
13 14
14 92
29 42
13 19
7 84
12 68
16 13
28 88
5 61
12 82
11 93
19 11
11 95
1 23
3 46
23 58
3 88
24 87
2 29
6 82
6 79
11 94
0 49
4 25
9 62
29 15
15 68
5 11
21 59
26 68
24 83
9 64
22 76
27 37
29 53
18 51
22 50
10 62
22 1
11 85
9 56
29 43
14 94
2 65
13 49
23 59
22 48
15 36
11 22
25 65
26 61
30 67
11 32
5 76
8 23
15 36
7 43
6 79
3 19
3 62
0 37
4 36
12 87
11 9
6 58
0 43
19 100
21 10
10 92
3 87
20 59
16 36
20 91
27 63
4 85
30 54
16 48
29 77
7 16
10 26
4 53
7 20
2 51
15 38
15 32
7 98
22 66
27 75
15 97
14 31
21 87
25 48
9 3
0 62
22 18
19 74
22 45
7 56
6 63
12 64
5 92
2 41
12 63
15 83
20 97
14 65
9 95
28 45
22 17
1 34
4 64
18 70
14 55
10 42
20 74
3 57
12 51
16 47
22 36
22 38
12 4
14 54
16 89
7 70
25 25
28 48
23 37
2 24
7 38
13 67
10 77
17 43
28 68
3 20
5 39
3 69
25 63
2 1
24 98
23 6
16 74
10 24
7 28
19 55
12 47
16 68
6 87
27 67
6 54
4 14
17 58
23 57
11 20
21 67
22 97
20 75
5 41
17 86
13 87
30 14
13 31
29 13
28 14
11 26
15 54
16 10
3 30
13 67
28 67
10 37
11 45
11 95
12 74
28 92
0 81
12 18
17 84
25 22
26 84
7 20
21 88
4 38
6 64
2 73
9 77
2 25
10 48
26 31
8 22
22 45
15 15
15 66
20 23
9 54
13 91
2 88
14 2
24 57
16 79
28 55
2 35
17 70
26 16
29 94
10 47
0 3
23 51
0 20
30 46
11 37
7 64
20 57
16 11
4 66
16 15
27 75
10 7
8 68
1 66
12 12
6 14
8 8
18 20
27 73
15 28
5 3
11 19
19 76
30 92
21 54
18 14
27 37
5 37
18 41
19 25
22 52
5 13
30 5
24 90
27 46
15 65
10 90
9 62
18 36
3 46
20 10
8 69
16 58
2 19
0 35
13 15
4 87
8 47
1 49
29 5
29 11
25 6
10 63
23 34
14 61
25 40
14 42
21 33
27 11
15 55
12 14
15 99
27 50
26 11
11 41
23 48
16 38
22 89
20 51
0 88
8 15
3 72
15 84
19 60
1 53
0 67
12 53
21 48
1 67
12 17
25 84
25 77
9 70
0 63
13 89
3 41
8 74
27 53
23 26
6 67
20 79
16 4
16 5
10 63
2 54
6 53
26 14
21 48
25 58
15 32
23 62
6 70
1 8
24 82
8 37
24 24
16 43
2 14
2 26
20 14
1 96
0 29
12 10
18 6
4 21
24 43
20 97
27 78
2 75
11 71
6 38
30 13
20 97
3 82
30 16
15 68
8 51
26 77
12 71
24 92
18 90
28 4
4 48
15 83
19 77
19 67
4 77
16 33
11 85
2 2
8 11
20 28
18 64
24 58
28 25
9 66
18 13
4 59
20 90
7 74
8 25
7 88
24 95
26 76
19 69
23 26
0 61
13 93
8 18
4 92
8 37
15 50
1 80
7 7
21 58
7 75
27 20
24 78
3 38
7 28
22 16
10 67
27 18
15 18
20 66
2 31
10 30
0 82
29 34
12 22
20 33
7 47
13 22
18 47
3 52
19 75
6 72
26 8
24 18
15 41
7 1
20 96
23 72
27 91
29 90
5 95
18 97
13 78
25 51
17 52
27 55
29 82
9 98
29 68
19 100
18 58
8 74
19 72
23 40
29 96
8 12
16 71
17 76
13 57
17 71
11 96
24 85
14 48
27 74
2 31
15 31
21 5
10 1
14 65
30 77
0 15
25 91
5 27
17 23
20 86
0 88
29 7
17 9
12 12
12 67
18 58
16 26
7 78
5 65
13 35
6 91
25 19
30 9
4 43
7 39
18 41
10 10
19 86
0 39
30 34
24 69
10 56
7 54
23 62
11 86
23 37
30 45
0 72
26 86
5 17
8 31
0 93
3 69
24 15
22 24
14 55
10 18
8 48
8 8
2 99
16 69
12 52
5 70
5 50
29 86
28 11
26 20
5 43
5 67
11 1
25 96
20 66
20 79
14 46
24 28
14 15
7 10
11 83
1 7
24 8
14 22
17 39
11 57
5 13
28 70
22 80
23 63
15 27
12 26
9 21
15 7
13 61
3 76
18 22
18 8
6 91
15 99
4 47
11 24
20 20
24 30
2 29
13 90
17 25
10 15
8 75
29 49
22 15
3 78
1 64
0 63
9 83
0 99
15 55
18 99
1 40
22 34
11 50
23 72
15 2
7 12
3 38
22 84
17 83
1 73
18 39
21 51
29 69
26 10
15 3
18 31
28 9
1 27
26 67
11 14
3 37
6 92
9 16
21 28
25 33
18 3
24 58
28 75
30 99
19 48
0 85
25 87
4 70
2 3
11 19
25 67
24 20
11 26
14 58
27 56
4 35
24 30
30 47
25 85
2 80
29 20
28 21
12 20
26 63
14 2
20 61
6 55
10 16
26 62
18 73
6 87
4 10
10 67
28 34
9 87
5 7
7 71
29 66
12 43
13 60
11 55
16 34
3 89
23 27
4 48
28 47
11 16
26 47
20 37
18 69
5 61
6 4
16 51
3 38
18 76
9 36
28 15
4 39
22 51
25 34
8 85
22 13
6 7
24 6
20 56
0 73
28 70
8 89
15 39
6 61
30 42
9 77
4 61
17 73
0 70
19 89
6 39
15 91
4 87
17 50
28 62
28 61
17 18
16 93
23 58
1 76
9 63
2 50
5 64
16 8
10 40
22 67
6 95
25 54
28 53
11 86
20 2
17 91
24 77
28 6
21 34
14 13
10 44
9 19
18 49
11 48
3 52
23 13
4 78
12 91
29 9
4 83
24 79
27 71
0 19
25 56
27 85
0 1
25 75
19 55
13 75
24 15
9 41
11 89
3 15
19 10
11 25
17 12
19 6
11 73
17 55
12 30
4 65
22 1
26 50
6 60
27 33
19 75
2 82
26 99
18 100
4 81
22 3
28 53
14 87
16 5
30 34
30 9
6 60
15 73
28 97
27 87
30 47
11 1
20 87
29 48
27 47
20 25
12 15
8 19
22 42
30 2
3 13
21 8
18 46
1 74
8 40
15 36
13 52
26 79
5 19
28 97
12 58
4 16
8 83
4 1
7 16
16 61
28 29
10 15
15 58
23 71
28 83
29 87
27 69
22 57
12 86
9 4
3 67
26 57
13 85
5 5
12 75
25 8
1 76
17 85
27 75
20 10
11 55
12 46
5 41
14 29
28 78
15 19
28 42
29 99
27 91
25 34
27 21
26 48
2 41
5 64
21 13
9 89
1 10
29 80
4 71
5 33
30 87
8 91
20 61
7 82
24 22
16 83
8 4
8 96
17 55
22 56
15 33
3 100
27 56
10 52
23 23
11 67
6 42
25 16
13 15
6 13
9 64
30 85
29 66
3 51
28 19
0 32
11 50
6 44
9 93
17 82
18 95
21 52
18 19
23 69
11 66
20 98
26 7
5 38
16 63
14 5
27 8
7 2
16 80
24 67
5 2
24 87
24 16
7 77
24 70
29 44
21 83
4 7
9 6
4 69
27 73
24 74
16 71
23 52
11 47
10 31
10 24
4 67
1 93
3 50
14 9
16 80
2 69
14 90
19 81
19 64
24 34
30 86
4 22
20 22
11 82
22 6
26 69
23 63
27 87
4 37
18 2
11 78
1 43
18 29
27 1
19 34
7 37
12 93
22 86
29 5
27 60
24 42
9 7
4 12
2 53
0 62
21 76
29 53
13 25
0 41
12 69
0 20
10 16
14 13
25 68
21 40
30 98
4 13
11 23
21 78
6 39
12 76
13 54
0 96
15 67
29 66
20 61
28 29
12 3
1 76
12 56
28 81
11 82
14 32
28 60
3 40
28 24
25 76
1 34
5 59
14 22
11 65
14 49
16 43
25 58
9 75
1 88
17 49
26 41
9 95
21 43
27 95
14 6
19 4
19 90
9 70
18 39
17 39
15 51
5 83
14 29
1 49
8 82
6 58
18 52
30 28
17 46
2 50
16 92
3 19
6 94
21 100
21 14
11 54
21 3
14 42
9 25
14 89
28 91
20 10
1 74
14 90
16 32
25 53
8 23
28 3
21 43
16 32
4 46
27 92
21 15
1 4
5 88
22 41
12 46
2 79
26 25
13 53
21 20
11 72
17 6
7 91
27 99
10 72
21 71
23 5
20 58
22 51
8 97
29 69
10 74
0 97
7 100
15 39
0 20
9 63
28 51
29 32
6 50
28 94
12 52
5 42
2 13
19 60
0 16
0 82
17 74
19 27
18 86
3 46
1 84
20 88
7 23
8 96
26 91
7 33
10 20
18 10
18 84
20 61
25 13
17 75
13 20
9 75
28 96
11 18
18 65
5 29
1 51
23 50
27 96
15 16
6 76
14 100
14 10
29 96
14 40
4 71
14 84
23 43
16 53
21 58
7 96
17 61
18 45
20 72
30 5
7 24
22 52
21 13
3 56
13 24
13 41
28 69
23 24
3 81
23 17
16 52
9 86
16 64
5 22
12 86
11 40
30 60
17 80
10 71
9 41
24 66
4 6
18 26
27 83
13 42
1 41
30 98
15 53
2 73
18 95
7 13
10 39
18 68
20 67
14 87
3 86
14 2
28 18
10 69
27 35
4 96
17 79
5 56
1 67
4 62
5 31
24 16
2 32
2 32
11 88
2 47
19 13
25 79
8 15
27 86
29 89
4 16
11 13
24 25
6 24
25 44
12 24
1 96
21 83
6 77
29 22
14 35
13 53
26 73
9 3
14 78
6 50
27 96
27 13
8 87
20 25
29 5
19 94
6 42
15 72
10 43
5 8
20 85
15 77
15 93
9 18
26 90
15 99
27 72
14 84
11 7
18 99
28 79
26 1
0 11
9 63
12 32
10 6
29 14
26 26
24 71
10 18
20 65
9 87
11 46
14 73
5 83
22 94
6 2
25 32
26 100
24 29
7 36
14 36
24 26
1 68
26 99
28 64
28 42
12 49
27 75
15 15
11 96
22 53
19 44
10 3
17 96
11 60
4 96
12 3
14 16
17 92
14 19
10 88
19 29
4 11
26 83
19 95
26 4
6 32
15 21
12 3
3 66
4 50
29 36
1 49
1 86
22 99
24 92
28 13
12 99
7 73
9 1
5 11
2 15
28 91
26 54
26 35
1 19
18 20
13 5
3 21
1 87
18 71
23 45
12 27
27 82
3 90
15 4
27 78
11 6
21 66
17 13
17 82
24 43
0 9
9 11
7 91
23 50
28 100
22 40
5 76
8 81
19 22
29 77
29 81
27 70
28 25
15 44
4 17
5 71
5 25
18 82
2 82
18 55
8 43
3 24
28 34
24 62
16 7
25 75
0 15
29 49
28 19
8 34
8 84
1 9
18 13
20 44
22 14
19 53
19 34
11 95
19 44
28 75
24 60
7 19
25 29
28 26
30 53
21 79
21 23
19 53
14 77
20 37
20 43
1 42
1 13
22 91
15 23
23 96
0 47
6 72
4 52
18 16
28 54
9 24
28 34
12 34
23 27
4 44
30 55
25 74
23 49
22 20
9 26
13 66
16 93
11 78
25 45
25 14
11 48
28 22
14 33
1 11
7 25
28 80
13 98
30 91
6 91
21 97
28 44
18 92
18 23
30 67
5 72
14 67
25 98
28 75
26 36
8 77
8 52
7 49
7 86
13 8
5 71
5 45
6 20
29 89
11 13
22 61
8 23
9 96
26 32
7 14
6 64
8 93
4 18
28 5
2 17
7 77
26 55
5 67
2 24
29 87
20 8
0 26
10 69
30 71
13 67
6 62
16 78
6 65
16 85
16 8
9 35
2 13
5 57
13 26
11 18
18 68
16 64
23 90
15 35
11 82
10 34
25 18
15 37
15 18
8 29
12 100
9 10
20 20
4 16
15 35
25 48
15 85
0 75
12 66
12 23
5 95
19 23
12 58
10 36
22 56
7 32
16 3
2 77
23 84
10 75
5 2
24 64
12 70
12 91
0 23
16 59
22 75
15 95
4 16
20 71
19 7
30 95
4 39
10 58
24 8
0 40
12 21
29 21
5 12
27 10
24 95
27 9
7 12
19 86
0 19
7 86
2 24
18 20
5 41
29 11
9 26
10 48
28 16
11 47
11 41
9 48
5 28
21 21
9 48
1 94
12 90
13 4
18 1
15 62
8 71
8 12
21 89
1 74
19 93
1 61
28 60
27 68
3 44
6 57
3 69
14 21
25 97
1 39
12 75
2 48
6 57
26 21
14 27
30 32
4 94
23 40
14 95
26 87
6 65
9 25
22 75
1 77
18 19
20 4
28 26
30 71
19 66
30 37
25 95
24 71
18 68
6 39
6 72
0 79
10 51
11 80
7 75
23 82
27 82
11 37
18 46
0 69
6 86
6 6
25 54
24 18
27 27
24 2
5 53
19 65
2 45
7 71
17 4
27 100
9 75
7 1
1 53
27 73
20 87
9 61
11 30
22 83
24 68
9 71
11 5
28 79
17 26
18 58
23 19
6 77
14 64
17 84
24 34
12 24
2 6
4 11
28 45
8 56
4 48
26 19
23 68
22 52
12 86
11 30
10 69
24 74
26 86
23 70
3 92
14 53
11 57
8 13
12 100
8 71
28 100
10 6
3 59
13 88
29 34
30 99
17 86
16 55
16 82
9 68
14 59
4 24
26 40
17 38
27 27
9 54
9 49
0 90
21 17
6 34
6 71
13 74
6 25
27 51
7 20
7 46
24 61
20 62
12 62
22 16
17 91
28 62
30 76
13 59
12 32
30 11
1 80
18 57
11 80
4 62
1 20
12 99
22 20
3 64
16 96
24 59
29 88
30 69
3 29
1 16
15 74
23 32
22 99
10 71
28 53
24 84
4 32
20 36
7 62
19 54
30 99
3 86
23 28
28 43
24 56
24 66
11 22
9 68
30 35
4 3
29 10
14 41
17 15
24 83
2 64
6 62
22 95
18 9
24 74
28 60
9 4
12 45
23 93
17 72
13 1
30 27
22 59
11 48
1 13
0 6
25 6
27 65
19 99
15 73
27 87
21 76
8 79
10 24
5 17
17 42
7 64
20 44
29 1
30 67
20 80
13 5
21 4
2 90
14 80
0 92
18 69
20 46
22 86
12 48
11 62
16 60
4 33
23 16
26 57
26 79
3 83
29 69
22 75
6 71
5 97
8 83
23 30
6 55
20 16
9 66
8 76
23 38
30 9
22 55
28 86
30 1
2 54
8 31
23 63
10 88
1 31
6 59
22 41
11 21
13 87
27 66
11 77
28 72
28 14
6 87
1 98
16 30
30 97
8 49
30 27
18 40
13 82
3 39
26 5
0 68
4 64
17 87
4 78
9 91
27 11
25 3
15 2
15 62
24 85
28 71
20 46
22 13
26 79
15 51
21 70
26 24
25 59
9 58
18 23
16 78
17 16
1 84
5 66
8 96
9 58
26 39
8 85
10 32
13 98
17 29
14 90
13 38
11 13
7 100
22 96
21 37
17 15
22 25
7 15
21 92
21 41
29 27
3 100
6 82
10 76
8 59
0 48
22 52
2 64
25 49
29 73
21 76
25 2
28 24
17 44
5 6
10 71
22 37
15 18
6 20
16 83
2 21
16 5
8 46
23 47
5 50
1 40
13 81
26 87
27 72
2 32
14 81
7 19
19 18
22 82
12 25
5 52
9 82
15 84
7 30
4 16
1 17
12 86
29 60
3 50
2 78
4 15
27 79
7 28
15 69
13 87
1 83
17 15
10 3
14 40
15 66
3 60
25 71
26 30
21 98
26 32
23 70
20 72
1 17
28 22
23 76
9 83
5 87
27 47
2 26
10 96
30 54
15 65
23 6
14 52
16 93
22 61
26 41
0 65
20 34
3 70
10 57
11 68
1 34
14 73
24 61
6 46
18 2
22 2
1 28
8 97
8 88
28 85
19 51
22 85
10 53
29 65
1 9
12 17
28 47
24 12
19 21
26 43
27 53
3 69
22 70
1 28
12 85
30 91
29 46
3 14
1 74
9 1
10 71
5 90
21 56
21 45
17 61
5 10
11 36
7 36
1 15
30 60
11 74
14 45
16 56
16 80
17 47
1 86
7 53
5 85
4 93
24 29
22 78
2 53
21 6
5 12
29 79
5 46
13 34
17 64
12 8
10 19
23 50
4 23
29 86
25 55
4 32
19 10
27 90
18 79
27 98
23 8
9 66
21 9
0 62
8 76
28 21
7 87
14 3
14 63
4 25
14 93
15 78
2 90
29 63
14 13
30 79
4 87
4 97
21 8
28 45
16 71
30 39
13 87
3 41
9 72
11 89
7 48
21 13
13 16
0 86
2 66
16 47
11 86
16 81
26 71
11 34
24 10
0 43
26 24
4 33
7 74
24 27
18 5
2 94
5 27
4 98
16 85
4 98
1 65
24 79
25 14
18 16
3 42
24 64
29 87
0 3
8 50
23 24
10 65
8 52
14 33
21 18
8 99
6 75
1 11
27 54
29 55
16 87
29 29
28 16
30 38
17 54
9 8
22 38
11 100
14 51
30 80
16 1
13 55
13 18
4 27
16 49
6 20
18 78
30 10
3 53
27 46
25 93
20 91
20 16
7 69
29 20
20 71
20 98
29 89
29 97
14 91
22 84
13 36
9 53
30 65
20 49
19 17
29 41
21 28
4 22
14 75
5 30
23 74
16 56
30 43
7 71
7 8
17 90
18 46
20 87
12 37
23 15
7 25
30 54
8 57
2 77
24 35
4 62
3 54
6 94
17 34
23 100
4 36
9 49
24 93
27 48
23 89
5 82
3 16
19 23
21 39
13 32
1 43
30 59
18 10
29 30
0 28
6 36
8 78
27 37
18 40
30 86
12 61
16 90
15 66
30 48
22 56
19 54
14 73
23 83
29 97
22 34
10 40
9 3
26 95
11 13
2 97
8 74
23 15
11 48
4 98
25 93
14 97
13 90
19 75
27 95
12 3
4 46
21 50
1 4
13 87
15 32
21 96
23 33
20 21
5 12
12 72
11 11
11 68
29 72
30 19
14 65
26 82
5 40
14 93
13 12
4 94
25 21
19 95
4 90
15 26
6 7
30 61
1 49
6 92
0 90
17 42
25 21
13 16
19 61
10 56
6 36
17 81
23 76
21 55
18 47
0 66
15 10
30 75
23 53
17 15
25 87
5 41
12 92
0 52
16 97
30 94
0 27
18 32
20 75
10 99
22 68
5 46
4 5
18 49
19 36
21 9
4 75
3 34
11 79
10 12
30 95
28 53
19 42
6 44
10 78
6 40
14 42
22 29
17 82
13 10
17 19
19 93
6 75
14 26
24 90
25 87
9 82
8 20
3 49
16 39
0 72
26 95
8 21
20 26
7 57
22 70
10 89
23 96
13 91
8 74
9 94
14 98
29 32
16 4
0 11
0 88
4 13
27 63
1 92
22 99
1 76
26 10
4 46
23 24
9 45
27 90
20 27
19 3
24 69
15 31
0 67
20 74
23 47
8 30
2 65
18 99
26 65
16 40
19 19
6 90
14 1
13 72
23 96
11 72
23 39
3 35
1 69
21 56
30 56
17 58
22 99
22 99
19 69
27 19
1 92
21 93
22 13
21 25
16 85
9 17
22 11
29 41
25 76
9 39
6 55
16 92
27 4
16 69
25 96
21 93
1 64
7 81
28 41
22 93
14 91
24 99
14 91
28 16
12 73
20 70
10 42
3 27
13 56
20 76
8 87
10 97
0 75
18 68
24 59
18 83
4 64
23 73
19 18
6 1
29 6
5 46
16 3
14 74
13 93
29 91
0 43
28 23
25 95
9 13
6 8
26 5
13 34
2 56
2 59
21 43
2 53
9 60
14 75
7 79
23 18
7 34
7 86
1 77
13 51
27 11
19 27
29 13
24 65
10 19
19 97
22 41
8 72
26 55
19 78
19 44
7 13
9 58
26 39
30 57
10 63
28 46
3 31
26 61
23 100
0 26
0 57
5 41
6 60
11 73
30 81
8 22
16 43
25 27
15 12
2 56
17 11
14 87
0 17
16 26
9 40
14 51
21 53
19 89
3 55
11 22
9 99
4 5
1 89
18 16
0 42
26 46
26 97
26 9
2 54
6 61
10 29
2 82
30 75
16 99
13 91
16 17
6 90
10 85
10 64
17 14
9 65
3 44
25 43
1 7
18 50
12 85
16 31
2 39
2 88
3 38
9 60
28 6
15 24
6 63
28 78
24 3
13 14
28 41
2 7
29 39
5 88
16 84
26 78
14 6
5 45
13 61
8 40
1 11
20 11
1 48
30 88
30 61
6 25
28 84
22 46
16 77
29 30
18 8
25 7
22 39
0 11
4 92
10 95
29 42
1 12
16 33
25 52
23 3
10 68
30 41
19 95
28 6
18 44
20 32
6 81
11 46
2 86
23 29
14 86
2 75
14 49
21 53
19 90
29 57
14 92
5 72
24 57
11 55
13 5
13 23
12 59
2 93
10 98
11 65
3 61
10 92
1 96
1 46
4 50
17 3
21 92
27 84
2 65
23 88
4 55
5 57
7 5
23 88
12 71
22 83
29 52
25 49
0 13
25 64
16 47
21 45
17 12
10 84
1 55
27 23
23 35
21 73
6 12
1 20
29 4
29 55
25 96
8 13
15 12
10 83
21 89
6 69
23 54
3 49
19 62
23 19
3 20
25 21
22 66
20 38
1 2
29 23
8 43
5 10
0 2
11 91
20 26
23 67
1 75
3 87
8 49
2 33
30 74
29 83
29 84
19 36
18 85
8 53
4 43
0 1
21 93
18 50
4 46
22 52
16 84
7 11
22 80
1 90
26 78
27 93
10 14
2 37
27 55
19 75
22 43
8 47
22 99
10 40
2 20
14 63
0 89
1 22
0 64
7 39
22 5
24 63
17 97
12 43
11 32
2 12
14 46
23 82
8 8
26 12
10 92
22 44
20 49
16 2
19 33
4 55
27 11
22 47
9 85
17 31
22 50
27 64
29 8
12 38
12 9
11 86
8 79
2 34
10 19
27 33
3 49
13 81
5 93
18 54
9 92
11 40
18 66
18 16
28 58
26 3
11 30
17 30
22 90
13 20
7 69
23 55
27 46
15 50
25 27
0 89
25 28
12 20
9 18
3 4
10 58
7 18
6 77
14 50
8 4
1 46
28 92
2 53
20 44
10 8
15 100
3 96
10 22
